572.541629
557.803278
547.937322
542.530725
535.374964
530.839596
528.404275
525.845902
525.866556
525.551741
522.291751
515.606712
512.995238
512.008726
512.020832
510.469713
509.404877
509.249871
507.447662
505.624564
504.554352
503.385441
501.160756
500.313759
498.314188
498.512265
496.474202
494.492406
493.197278
489.560274
488.315318
488.315318
486.764525
483.962651
482.562919
482.578079
480.732524
478.785813
478.785813
478.562778
478.562778
478.288084
478.288084
476.300939
475.079277
473.052629
473.052629
473.383042
472.797592
472.634881
471.685822
470.580014
470.580014
468.921784
468.606772
469.272424
468.878818
468.878818
468.878818
467.065194
467.931806
467.239417
467.239417
465.903035
464.956320
464.984631
464.574296
464.574296
464.574296
464.574296
463.851004
463.851004
463.851004
465.343456
465.006672
464.564944
464.607605
464.607605
464.660944
464.660944
464.660944
463.058970
462.274183
461.370291
461.370291
459.796699
458.666419
458.900887
457.810987
458.077671
458.124196
458.124196
458.124196
458.124196
458.124196
457.754991
457.754991
457.754991
457.754991
457.754991
457.754991
456.855069
456.855069
457.697148
457.681194
457.681194
457.681194
457.305688
458.175570
458.175570
455.874700
455.187326
455.187326
455.187326
455.164148
455.164148
455.453655
455.453655
455.149921
454.471153
454.471153
454.471153
454.471153
454.471153
454.471153
453.231581
453.231581
453.231581
453.231581
453.231581
453.231581
453.231581
453.231581
452.308160
452.308160
452.308160
451.195206
450.573654
450.573654
450.573654
450.330300
450.330300
450.330300
450.330300
450.330300
450.330300
450.959055
450.959055
450.959055
450.940839
450.800952
450.800952
450.885803
450.885803
451.210227
450.186202
450.186202
450.186202
450.186202
450.186202
450.186202
450.186202
449.242248
449.242248
449.242248
449.242248
448.961095
448.961095
448.961095
448.905738
448.905738
448.905738
448.905738
448.637146
448.637146
448.637146
448.442021
448.442021
448.442021
448.442021
448.442021
448.442021
448.442021
447.651805
447.651805
447.651805
448.566139
448.356626
448.356626
448.356626
448.356626
448.356626
448.356626
448.356626
448.356626
448.356626
448.708373
448.708373
448.708373
448.708373
447.220849
447.737253
447.737253
447.737253
447.737253
447.737253
447.737253
447.331542
447.331542
447.331542
446.710361
446.710361
446.710361
446.710361
446.710361
446.710361
446.710361
445.423142
445.423142
445.423142
445.423142
445.273926
445.053305
445.053305
445.053305
444.089264
443.836095
443.836095
443.836095
443.836095
443.836095
443.836095
443.836095
443.085026
442.168611
442.168611
442.168611
442.168611
442.201664
442.201664
442.201664
440.487071
440.487071
440.487071
440.487071
440.487071
440.487071
440.487071
440.487071
440.487071
440.132899
440.132899
439.468205
439.468205
439.468205
439.468205
439.468205
439.468205
439.082555
438.532042
438.532042
438.532042
438.532042
438.532042
438.532042
438.532042
438.532042
437.943473
437.042922
437.042922
437.042922
435.708709
435.708709
435.708709
435.738670
435.738670
435.738670
434.982348
434.982348
434.982348
434.982348
433.857132
433.857132
433.857132
433.857132
433.857132
433.857132
433.857132
433.857132
433.857132
433.857132
433.857132
433.857132
433.469828
433.469828
433.469828
433.469828
433.469828
433.469828
433.469828
433.469828
433.469828
433.469828
433.469828
432.198999
432.198999
431.347700
431.120196
431.120196
430.232172
430.232172
430.232172
430.232172
430.232172
429.674123
429.674123
429.674123
429.674123
429.674123
429.674123
429.674123
429.674123
429.674123
429.707940
429.170826
429.170826
429.070201
427.787256
427.787256
427.858793
427.858793
427.858793
427.858793
427.858793
427.858793
427.858793
427.858793
427.858793
427.858793
427.858793
427.858793
427.858793
427.858793
427.858793
427.858793
427.858793
427.349703
427.349703
427.349703
427.929067
427.929067
427.929067
427.929067
427.929067
427.929067
428.064265
427.571418
426.559406
426.559406
426.559406
426.559406
425.560408
425.699291
425.699291
425.434846
423.971939
423.971939
423.971939
423.971939
422.965108
422.965108
422.965108
422.425037
421.028809
421.028809
421.028809
421.028809
421.028809
421.028809
421.028809
421.028809
421.028809
421.028809
421.028809
421.028809
421.028809
421.028809
421.028809
421.224836
421.224836
421.224836
421.224836
421.224836
421.224836
420.396609
420.396609
420.396609
420.396609
420.396609
420.396609
420.396609
420.396609
420.396609
420.396609
420.396609
420.396609
420.396609
420.396609
420.396609
420.396609
420.396609
420.396609
420.396609
420.396609
420.396609
420.396609
420.396609
420.396609
420.396609
420.396609
420.396609
420.396609
420.396609
420.396609
420.396609
420.396609
420.396609
419.646342
419.646342
419.646342
419.646342
419.646342
419.646342
419.892594
419.892594
419.892594
419.892594
419.892594
419.892594
419.892594
419.892594
419.892594
419.892594
419.892594
419.892594
419.892594
420.288062
420.288062
420.288062
420.288062
420.288062
420.288062
419.912419
419.912419
419.912419
419.075905
419.075905
419.146353
419.146353
419.146353
419.146353
419.146353
419.146353
419.146353
418.716214
418.716214
418.716214
418.716214
418.716214
418.716214
418.716214
418.012734
418.012734
418.012734
417.924090
417.924090
417.924090
417.924090
417.924090
417.924090
417.924090
417.924090
417.924090
417.924090
417.924090
417.924090
417.924090
417.924090
417.924090
417.924090
417.924090
417.924090
417.924090
417.924090
417.578333
417.578333
417.578333
417.578333
417.274547
417.274547
417.274547
417.274547
417.274547
417.274547
417.274547
417.274547
417.274547
417.274547
417.274547
417.274547
417.274547
417.274547
417.274547
417.274547
417.274547
417.274547
416.912376
416.912376
415.673176
415.673176
415.673176
415.673176
416.427258
416.427258
416.980201
416.980201
416.980201
416.980201
416.980201
416.980201
416.980201
416.980201
416.980201
416.980201
416.003400
416.003400
415.060271
414.153927
414.171578
414.171578
414.171578
414.171578
414.171578
414.397200
414.397200
414.397200
414.397200
413.892283
413.892283
413.892283
413.892283
413.892283
413.892283
413.892283
413.892283
413.892283
413.892283
413.892283
413.892283
413.892283
413.892283
413.892283
413.892283
413.892283
413.892283
413.892283
413.892283
413.071055
412.130717
412.130717
412.130717
411.179385
411.179385
411.179385
411.179385
411.179385
411.179385
411.179385
411.179385
411.179385
411.030875
411.030875
411.030875
411.030875
411.030875
411.030875
411.030875
411.030875
411.030875
410.110215
410.110215
410.110215
410.110215
410.110215
410.110215
410.110215
410.110215
410.110215
410.279899
410.279899
409.717544
409.717544
409.717544
409.717544
409.717544
409.717544
409.717544
409.717544
409.717544
409.717544
409.717544
409.717544
409.717544
409.717544
409.717544
409.717544
409.717544
409.717544
409.717544
409.717544
409.717544
409.717544
409.717544
409.717544
409.717544
409.717544
409.717544
409.717544
409.717544
410.038260
410.038260
410.038260
410.038260
410.038260
410.038260
410.038260
410.038260
410.038260
410.038260
410.038260
410.038260
410.135542
408.870984
408.870984
408.870984
408.870984
408.870984
408.870984
408.870984
408.870984
408.870984
408.870984
408.110036
408.110036
408.110036
408.110036
408.110036
408.110036
407.886348
407.886348
407.886348
407.886348
407.886348
407.886348
407.886348
407.886348
407.886348
407.886348
407.886348
407.886348
407.886348
407.886348
407.886348
407.886348
407.886348
407.886348
407.886348
407.886348
407.886348
407.886348
407.886348
407.886348
406.983288
406.983288
406.983288
406.983288
406.983288
406.983288
406.983288
406.983288
406.983288
406.983288
406.983288
406.983288
406.983288
406.983288
406.983288
406.983288
406.608162
406.608162
406.900633
406.900633
406.900633
406.900633
406.900633
406.900633
406.814001
406.814001
406.814001
406.814001
406.814001
406.814001
406.814001
406.814001
406.814001
406.814001
406.814001
406.814001
406.814001
406.814001
406.814001
406.814001
406.814001
406.814001
406.814001
406.814001
406.814001
406.814001
406.814001
406.814001
406.814001
406.814001
406.814001
406.141929
406.141929
406.141929
406.141929
406.141929
406.141929
406.141929
406.141929
406.141929
406.141929
406.141929
406.141929
406.141929
406.141929
406.141929
406.141929
406.141929
406.004844
406.004844
406.004844
406.004844
406.004844
406.004844
406.004844
406.004844
406.004844
406.004844
406.004844
406.004844
406.004844
406.004844
406.004844
406.004844
406.004844
406.004844
406.004844
406.004844
406.004844
406.004844
406.004844
406.004844
406.004844
406.004844
406.004844
406.004844
406.004844
406.004844
406.004844
406.004844
406.004844
406.004844
406.004844
406.004844
406.004844
406.004844
406.004844
406.004844
406.004844
406.004844
406.004844
406.004844
406.004844
406.004844
406.004844
406.004844
406.004844
406.004844
406.004844
406.004844
406.004844
406.004844
406.004844
406.004844
406.004844
406.004844
406.004844
406.004844
406.004844
406.004844
406.004844
406.004844
406.004844
406.004844
406.004844
406.004844
406.004844
406.004844
406.004844
406.004844
406.004844
406.004844
406.004844
406.004844
406.004844
406.004844
406.004844
406.004844
406.004844
405.826223
405.826223
405.826223
405.826223
405.068978
405.068978
405.068978
405.068978
405.068978
405.068978
405.068978
405.068978
405.068978
405.068978
405.068978
405.068978
405.068978
405.068978
405.068978
405.068978
405.068978
405.068978
405.068978
405.068978
405.068978
405.068978
405.068978
405.068978
405.068978
405.068978
405.196187
404.447596
404.447596
404.447596
404.447596
404.447596
404.447596
404.447596
404.447596
404.447596
404.447596
404.447596
404.447596
404.447596
404.447596
404.447596
404.447596
404.447596
404.447596
404.447596
404.447596
404.447596
404.447596
404.447596
404.447596
404.447596
404.447596
404.447596
404.447596
404.447596
404.447596
404.447596
404.447596
403.673600
403.673600
403.673600
403.673600
403.673600
403.673600
403.673600
403.673600
403.673600
403.673600
403.673600
403.673600
403.673600
403.673600
403.673600
403.673600
403.673600
403.673600
403.673600
403.673600
403.673600
402.361972
402.361972
402.361972
402.361972
402.361972
400.564763
399.940892
399.940892
399.940892
399.940892
399.940892
399.940892
399.940892
399.940892
399.940892
399.940892
399.940892
399.940892
399.940892
399.940892
399.940892
399.940892
399.940892
399.940892
399.940892
399.940892
399.940892
399.940892
399.940892
399.940892
399.940892
399.150175
399.150175
399.150175
399.150175
399.150175
399.150175
399.150175
399.150175
399.150175
399.150175
399.502433
399.502433
399.502433
399.502433
399.502433
399.502433
399.502433
399.754512
399.754512
399.754512
399.754512
399.754512
399.754512
399.754512
399.754512
399.754512
399.754512
399.614100
399.614100
399.614100
399.614100
399.614100
399.614100
398.399540
398.399540
398.399540
398.399540
398.399540
398.399540
398.399540
398.399540
398.399540
398.399540
398.399540
398.399540
398.399540
398.399540
398.399540
398.399540
398.399540
398.399540
398.399540
398.455741
398.455741
398.455741
398.455741
398.455741
398.455741
398.455741
398.455741
398.455741
398.455741
398.238120
398.238120
398.238120
398.238120
398.238120
398.238120
398.238120
398.238120
397.862693
397.862693
397.862693
397.862693
397.862693
397.862693
397.862693
397.862693
396.597573
396.597573
396.597573
396.597573
396.597573
396.597573
396.597573
396.597573
396.597573
396.597573
396.597573
396.597573
396.597573
396.597573
396.597573
396.597573
396.597573
396.597573
396.597573
395.149252
395.149252
395.149252
395.149252
395.149252
395.149252
395.149252
395.149252
395.149252
394.788634
394.788634
394.788634
394.788634
394.788634
394.788634
394.788634
394.788634
394.788634
394.788634
394.198374
394.198374
394.198374
394.198374
394.198374
394.198374
394.198374
394.198374
394.198374
394.198374
394.198374
393.036201
393.036201
393.036201
393.036201
393.036201
392.981586
392.981586
392.981586
392.981586
392.981586
392.981586
392.981586
392.981586
392.642914
392.642914
392.642914
392.642914
392.642914
392.642914
392.642914
392.642914
392.642914
392.642914
392.642914
392.642914
392.642914
392.642914
393.426954
393.426954
393.426954
393.426954
393.426954
393.426954
393.426954
393.426954
393.426954
393.426954
393.426954
393.426954
393.426954
393.426954
393.426954
393.426954
393.426954
393.426954
393.426954
393.426954
393.426954
393.426954
393.426954
393.426954
393.426954
393.426954
393.426954
393.426954
393.426954
393.426954
393.426954
393.426954
393.426954
393.426954
393.426954
393.426954
393.426954
393.426954
393.426954
393.426954
393.426954
393.426954
393.426954
393.426954
393.426954
393.426954
393.426954
393.426954
393.426954
393.426954
393.426954
393.426954
393.426954
392.683728
392.683728
392.683728
392.683728
392.683728
392.683728
392.683728
392.683728
392.683728
392.683728
392.683728
392.683728
392.683728
392.441085
392.441085
392.441085
392.441085
392.441085
392.441085
392.441085
392.441085
392.441085
392.441085
392.441085
392.441085
392.441085
392.441085
392.441085
392.441085
392.441085
392.441085
392.441085
392.441085
392.441085
392.441085
392.441085
392.441085
392.441085
392.441085
392.441085
392.441085
392.441085
392.441085
392.441085
392.441085
392.441085
392.441085
392.441085
392.441085
392.441085
392.441085
392.441085
392.441085
392.441085
392.441085
392.441085
392.441085
392.441085
392.441085
392.212575
392.212575
392.212575
392.212575
392.212575
392.212575
392.212575
392.212575
392.212575
392.212575
392.212575
392.212575
392.212575
392.212575
392.212575
392.212575
392.212575
392.212575
392.212575
391.232377
391.232377
391.232377
391.232377
391.232377
391.232377
391.232377
391.232377
391.232377
391.232377
391.232377
391.232377
391.232377
391.232377
391.232377
391.232377
391.232377
391.232377
391.232377
391.232377
391.232377
391.232377
391.232377
391.232377
391.232377
391.232377
391.232377
391.232377
391.232377
391.232377
391.232377
391.232377
391.232377
391.232377
390.310195
390.310195
390.310195
390.310195
390.310195
390.310195
390.310195
390.310195
390.310195
390.310195
390.310195
390.310195
390.310195
390.310195
390.310195
390.310195
390.310195
390.310195
390.310195
390.310195
390.310195
390.310195
390.310195
390.310195
390.310195
390.310195
390.310195
390.310195
390.310195
390.310195
390.310195
390.310195
390.310195
390.310195
390.310195
390.310195
390.310195
390.310195
390.310195
390.310195
390.310195
390.310195
390.310195
390.310195
390.310195
390.310195
390.310195
390.310195
390.310195
390.310195
390.310195
390.310195
390.310195
390.310195
390.310195
390.310195
389.907174
389.907174
389.907174
389.907174
389.907174
389.907174
389.907174
389.907174
389.907174
389.907174
389.907174
389.907174
389.030393
389.030393
388.764871
388.764871
388.764871
388.764871
388.764871
388.764871
388.764871
388.764871
388.764871
388.764871
388.764871
388.764871
388.764871
388.764871
388.764871
388.764871
388.764871
388.764871
388.764871
388.764871
388.764871
388.764871
388.764871
388.764871
388.764871
388.764871
388.764871
388.764871
388.764871
388.764871
388.764871
388.764871
388.764871
388.764871
388.764871
388.764871
388.764871
388.764871
388.764871
388.764871
388.764871
388.764871
388.764871
388.764871
388.764871
388.764871
388.764871
388.764871
388.764871
388.764871
388.764871
388.764871
388.764871
388.764871
388.764871
388.764871
388.764871
388.764871
388.764871
388.764871
388.764871
388.764871
388.764871
388.764871
388.764871
388.764871
388.764871
388.764871
388.764871
388.764871
388.764871
388.764871
388.764871
388.764871
388.764871
388.764871
388.764871
388.764871
388.764871
388.355621
388.355621
388.355621
388.355621
388.355621
388.355621
388.355621
388.355621
388.106461
388.106461
388.106461
388.106461
388.106461
388.106461
388.106461
388.106461
388.106461
388.106461
388.106461
388.106461
388.106461
388.106461
388.106461
388.106461
388.106461
388.106461
388.106461
388.106461
388.106461
388.106461
388.106461
388.106461
388.106461
388.106461
388.106461
388.106461
388.106461
386.717964
386.717964
386.717964
386.717964
386.717964
386.717964
386.717964
386.717964
386.717964
386.717964
386.717964
386.285686
386.285686
386.285686
386.285686
386.285686
386.285686
386.285686
386.285686
386.285686
386.285686
386.285686
386.285686
385.541233
385.541233
385.541233
385.541233
385.541233
385.541233
385.541233
385.541233
385.541233
385.541233
385.541233
385.541233
385.541233
385.541233
385.541233
385.541233
385.541233
385.541233
385.541233
385.541233
385.541233
385.541233
385.541233
385.541233
385.541233
385.541233
385.541233
385.541233
385.541233
385.541233
385.541233
385.541233
385.541233
385.541233
385.541233
385.541233
385.541233
385.541233
385.541233
385.541233
385.541233
385.541233
385.541233
385.541233
385.541233
385.541233
385.541233
385.541233
384.724408
384.724408
384.724408
384.724408
384.724408
385.012899
385.012899
385.012899
385.012899
385.012899
385.012899
385.012899
385.012899
385.012899
385.012899
385.012899
385.012899
385.012899
385.012899
385.012899
385.012899
385.012899
385.012899
385.012899
385.012899
385.012899
385.012899
385.012899
385.012899
385.012899
385.012899
385.012899
385.012899
385.012899
385.012899
385.012899
385.012899
385.012899
385.012899
385.012899
385.012899
385.012899
385.012899
385.012899
385.012899
385.012899
385.012899
385.012899
385.012899
385.012899
385.012899
385.012899
385.012899
385.012899
385.012899
385.012899
385.012899
385.012899
385.012899
385.012899
385.012899
385.012899
385.012899
385.012899
385.012899
385.012899
385.012899
385.012899
385.012899
385.012899
385.012899
385.012899
385.012899
385.012899
385.012899
385.012899
385.012899
385.012899
385.012899
385.012899
385.012899
385.012899
385.012899
385.012899
385.012899
385.012899
385.012899
385.012899
385.012899
385.012899
385.012899
385.012899
385.012899
385.012899
385.012899
385.012899
385.012899
385.012899
385.012899
385.012899
385.012899
385.012899
385.012899
385.012899
385.012899
385.012899
385.012899
385.012899
385.012899
385.012899
384.663495
384.663495
384.663495
384.663495
384.663495
384.663495
384.663495
384.663495
384.663495
384.663495
384.663495
384.663495
384.663495
384.663495
384.663495
384.663495
384.663495
384.663495
384.663495
384.663495
384.663495
384.663495
384.663495
384.663495
384.663495
384.663495
384.663495
384.663495
384.663495
384.663495
384.155535
384.155535
384.155535
384.155535
384.155535
384.155535
384.155535
384.155535
384.155535
384.155535
384.155535
384.155535
384.155535
384.155535
384.155535
384.155535
384.155535
384.155535
384.155535
384.155535
384.155535
384.155535
384.155535
384.155535
384.155535
384.155535
384.155535
384.177110
384.177110
384.177110
384.177110
384.177110
384.177110
384.177110
384.177110
384.177110
384.177110
384.177110
384.177110
384.177110
384.177110
383.196231
383.196231
383.196231
383.196231
383.196231
383.196231
383.196231
383.196231
383.267389
383.267389
383.267389
383.267389
383.267389
383.267389
383.267389
383.267389
383.267389
383.267389
383.267389
383.267389
383.267389
383.267389
383.267389
383.267389
383.267389
383.267389
383.267389
383.267389
383.267389
383.267389
383.267389
383.267389
383.267389
383.267389
383.267389
383.267389
383.267389
383.267389
383.267389
383.267389
383.267389
383.267389
383.267389
383.267389
383.267389
382.957653
382.957653
382.957653
382.957653
382.957653
382.957653
382.957653
382.957653
382.957653
382.957653
382.957653
382.957653
382.957653
382.957653
382.957653
382.957653
382.957653
382.957653
382.957653
382.957653
382.957653
382.957653
382.957653
382.957653
382.957653
382.957653
382.957653
382.957653
382.957653
382.957653
382.957653
382.957653
382.957653
382.957653
382.957653
382.957653
382.957653
382.957653
382.957653
382.957653
382.957653
382.957653
382.957653
382.957653
382.957653
382.957653
382.957653
382.957653
382.957653
382.957653
382.957653
382.957653
382.957653
382.957653
382.957653
382.957653
382.957653
382.957653
382.957653
382.957653
382.957653
382.957653
382.957653
382.957653
382.957653
382.957653
382.957653
382.957653
382.957653
382.957653
382.957653
382.957653
382.957653
382.957653
382.957653
382.957653
382.957653
382.957653
382.957653
382.957653
382.957653
382.957653
382.957653
382.957653
382.957653
382.957653
382.957653
382.957653
382.957653
382.957653
382.957653
382.957653
382.957653
382.957653
382.957653
382.323670
382.323670
382.323670
382.323670
382.323670
382.323670
382.323670
382.323670
382.323670
381.771275
381.771275
381.771275
381.771275
381.771275
381.771275
381.771275
381.771275
381.771275
381.771275
381.771275
381.771275
381.771275
381.771275
381.771275
381.771275
381.771275
381.771275
381.771275
381.771275
381.771275
381.771275
381.771275
381.771275
381.771275
382.007646
382.007646
382.007646
382.007646
382.007646
382.007646
382.007646
382.007646
382.007646
382.007646
382.007646
382.007646
382.007646
382.007646
382.007646
382.007646
382.007646
382.007646
382.007646
382.007646
382.007646
382.007646
382.007646
382.007646
382.007646
382.007646
382.007646
382.007646
382.007646
382.007646
382.007646
382.007646
382.007646
382.007646
382.007646
382.007646
382.007646
382.170563
382.170563
382.170563
382.170563
382.170563
382.170563
382.170563
381.742419
381.742419
381.742419
381.742419
381.742419
381.742419
381.742419
381.742419
381.742419
381.742419
381.296639
381.296639
381.296639
380.914088
380.914088
380.914088
380.914088
380.914088
380.914088
380.914088
380.914088
380.914088
380.914088
380.914088
380.914088
380.914088
380.914088
380.914088
380.914088
380.914088
380.914088
380.914088
380.914088
380.914088
380.914088
380.914088
380.914088
380.914088
380.914088
380.914088
380.914088
380.914088
380.914088
380.914088
380.914088
380.914088
380.914088
380.914088
380.914088
380.914088
380.914088
380.914088
380.914088
380.914088
380.914088
380.914088
380.914088
380.914088
380.914088
380.914088
380.914088
380.914088
380.914088
380.914088
380.914088
381.359258
381.359258
381.359258
381.359258
381.359258
381.359258
381.359258
381.359258
381.359258
381.359258
381.359258
380.290746
380.290746
380.290746
380.290746
380.290746
380.290746
380.290746
380.290746
380.290746
380.290746
380.290746
380.290746
380.290746
380.290746
380.290746
380.290746
380.290746
380.290746
380.290746
380.290746
380.290746
380.290746
380.290746
380.290746
380.290746
380.290746
380.290746
380.290746
380.290746
380.290746
380.290746
380.290746
380.290746
380.290746
380.290746
380.290746
380.422355
380.422355
380.422355
380.422355
380.422355
380.422355
380.422355
380.422355
380.422355
380.422355
380.422355
380.422355
380.422355
380.422355
380.422355
380.422355
380.422355
380.422355
380.422355
380.422355
380.422355
380.422355
380.422355
380.422355
380.422355
380.422355
380.422355
380.422355
380.422355
380.422355
380.422355
380.422355
380.422355
380.422355
380.422355
380.422355
380.422355
380.422355
380.422355
380.422355
380.422355
379.613316
379.613316
379.613316
379.041156
379.041156
378.881966
378.881966
378.881966
378.881966
378.881966
378.881966
378.881966
378.881966
378.881966
378.881966
378.881966
378.881966
378.881966
378.881966
378.881966
378.881966
378.881966
378.881966
378.881966
378.881966
378.300367
378.300367
378.300367
378.300367
378.300367
378.300367
378.300367
378.300367
378.300367
378.300367
378.300367
378.300367
378.300367
378.300367
378.473294
378.473294
378.473294
378.473294
378.473294
378.473294
378.473294
378.473294
378.473294
378.473294
378.473294
378.473294
378.473294
378.473294
378.473294
378.473294
378.473294
378.473294
378.473294
378.473294
378.473294
378.473294
378.473294
378.473294
378.473294
378.473294
378.473294
378.473294
378.473294
378.473294
378.473294
378.473294
378.473294
378.473294
378.473294
378.473294
378.473294
378.473294
378.473294
378.473294
378.473294
378.473294
378.473294
378.473294
378.473294
378.473294
378.473294
378.473294
378.473294
378.473294
378.473294
378.473294
378.473294
378.473294
378.473294
378.473294
378.473294
378.473294
378.473294
378.473294
378.473294
378.473294
378.473294
378.473294
378.473294
378.473294
378.473294
378.473294
378.473294
378.473294
378.473294
378.473294
378.473294
378.473294
378.473294
378.473294
378.473294
378.473294
378.676731
378.676731
378.676731
378.676731
378.676731
378.676731
378.676731
378.676731
378.676731
378.676731
378.676731
378.676731
378.676731
378.676731
378.676731
378.676731
378.676731
378.676731
378.676731
378.676731
378.676731
378.676731
378.676731
378.831597
378.831597
378.831597
378.831597
378.831597
378.831597
378.831597
378.831597
378.831597
378.831597
378.831597
378.831597
378.831597
378.831597
378.831597
378.831597
378.831597
378.831597
378.831597
378.831597
378.831597
378.831597
378.831597
378.831597
378.831597
378.831597
378.831597
378.831597
378.831597
378.831597
378.831597
378.831597
378.831597
378.831597
378.831597
378.831597
378.831597
378.831597
378.831597
378.831597
378.831597
378.831597
378.831597
378.831597
378.831597
378.831597
378.831597
378.915803
378.915803
378.915803
378.915803
378.915803
378.915803
378.915803
378.915803
378.915803
378.915803
378.915803
378.915803
378.915803
378.915803
378.915803
378.915803
378.915803
378.915803
378.915803
378.915803
378.915803
378.915803
378.915803
378.915803
378.915803
378.915803
378.915803
378.915803
378.915803
378.915803
378.915803
378.915803
378.915803
378.915803
378.915803
378.915803
378.915803
378.915803
379.398876
379.398876
379.398876
379.398876
379.398876
379.398876
379.398876
379.398876
379.398876
379.398876
379.398876
379.398876
379.398876
379.398876
379.398876
379.398876
379.398876
379.398876
379.398876
379.398876
379.398876
379.398876
379.398876
379.398876
379.398876
379.398876
379.398876
379.398876
379.398876
379.398876
379.398876
379.398876
379.398876
379.398876
379.398876
379.398876
379.398876
379.398876
379.398876
379.398876
379.398876
379.398876
379.398876
379.398876
379.398876
379.398876
379.398876
379.398876
379.033328
379.033328
379.033328
379.033328
379.033328
379.033328
379.033328
379.033328
379.033328
379.033328
379.033328
379.033328
379.033328
379.033328
379.033328
379.033328
377.081104
377.081104
377.081104
377.081104
377.081104
377.081104
377.081104
377.081104
377.081104
377.081104
377.081104
377.081104
377.081104
377.081104
377.081104
377.081104
377.081104
377.081104
377.081104
377.081104
377.081104
377.081104
377.081104
377.081104
377.081104
377.081104
377.081104
377.635796
377.635796
377.635796
377.635796
377.635796
377.635796
377.635796
377.298943
377.298943
377.298943
377.298943
377.298943
377.298943
377.298943
377.298943
377.298943
377.298943
377.298943
377.298943
377.298943
377.298943
377.298943
377.298943
377.298943
377.298943
377.298943
377.298943
377.298943
377.298943
377.298943
377.298943
377.298943
377.298943
377.298943
377.298943
377.298943
377.298943
377.298943
377.298943
377.298943
377.298943
377.298943
377.298943
377.298943
377.298943
377.298943
377.298943
377.298943
377.298943
377.298943
377.298943
377.298943
377.298943
377.298943
377.298943
377.298943
377.298943
377.298943
377.298943
377.298943
377.298943
377.298943
377.298943
377.298943
377.298943
377.298943
377.298943
377.298943
377.298943
377.298943
377.298943
377.298943
377.298943
377.298943
377.298943
377.298943
377.298943
377.298943
377.298943
377.298943
377.298943
377.298943
377.298943
376.011146
376.011146
376.011146
376.011146
376.011146
376.011146
376.011146
376.011146
376.011146
376.011146
376.011146
376.011146
376.011146
376.011146
376.011146
376.011146
376.011146
376.011146
376.011146
376.011146
376.011146
376.011146
376.011146
376.011146
376.011146
376.011146
376.040985
376.040985
376.040985
374.560702
374.560702
374.560702
374.560702
374.560702
374.560702
374.560702
374.560702
374.560702
374.560702
374.560702
374.560702
374.560702
374.560702
374.560702
374.560702
374.560702
375.130699
375.130699
375.130699
375.130699
375.130699
375.130699
375.130699
375.130699
375.130699
375.277950
375.277950
375.277950
375.277950
375.277950
375.277950
375.277950
375.277950
375.277950
375.277950
375.277950
375.277950
375.277950
375.277950
375.277950
375.277950
375.277950
375.277950
375.277950
375.277950
375.277950
375.277950
375.277950
375.277950
375.277950
375.277950
375.277950
375.277950
374.664547
374.664547
374.664547
374.664547
374.664547
374.664547
374.664547
374.664547
374.664547
374.664547
374.664547
374.664547
374.664547
374.664547
374.664547
374.664547
374.664547
374.664547
374.664547
374.664547
374.664547
374.664547
374.664547
374.664547
374.664547
374.664547
374.297072
374.297072
374.297072
374.297072
374.297072
374.297072
374.297072
374.297072
374.297072
374.297072
374.297072
374.297072
374.297072
374.297072
374.297072
374.297072
374.297072
374.297072
374.297072
374.297072
374.297072
374.297072
374.297072
374.297072
374.297072
374.297072
374.297072
374.297072
374.297072
374.297072
374.297072
374.297072
374.297072
374.297072
374.297072
374.297072
374.297072
374.297072
374.297072
374.297072
374.297072
374.297072
374.297072
374.297072
374.297072
374.297072
374.297072
374.297072
374.297072
374.297072
374.297072
373.935651
373.935651
373.935651
373.935651
373.935651
373.935651
373.935651
373.935651
373.935651
373.935651
373.935651
373.935651
373.935651
373.935651
373.935651
373.935651
373.935651
373.935651
373.935651
373.935651
373.935651
373.935651
373.935651
373.935651
373.935651
372.222947
372.222947
372.222947
372.222947
372.222947
372.453731
372.453731
372.453731
372.453731
372.453731
372.453731
372.453731
372.453731
372.453731
372.453731
372.453731
372.453731
372.453731
372.453731
372.453731
372.453731
372.453731
372.453731
372.453731
372.453731
372.453731
372.453731
372.453731
372.453731
372.453731
372.453731
372.453731
372.453731
372.453731
372.144923
372.144923
372.144923
372.144923
372.144923
372.144923
372.144923
372.144923
372.144923
372.144923
372.144923
372.144923
372.144923
372.144923
372.144923
372.144923
372.144923
372.144923
372.144923
372.144923
372.144923
372.144923
372.144923
372.144923
372.144923
372.144923
372.144923
372.144923
372.144923
372.144923
372.144923
372.144923
372.144923
372.144923
372.144923
372.144923
372.144923
372.144923
372.144923
372.144923
372.144923
372.144923
372.144923
372.144923
372.144923
372.144923
372.144923
372.144923
372.144923
372.144923
372.144923
372.144923
372.144923
372.144923
372.144923
372.144923
372.144923
372.144923
372.144923
372.144923
372.144923
372.144923
372.144923
372.144923
372.144923
372.144923
372.144923
372.144923
372.144923
372.144923
372.144923
372.144923
372.144923
372.144923
372.144923
372.144923
372.144923
372.144923
372.144923
372.144923
372.144923
372.144923
372.144923
372.144923
372.144923
372.144923
372.144923
372.144923
372.144923
372.144923
372.144923
372.144923
372.144923
372.144923
372.144923
372.144923
372.144923
372.144923
372.144923
372.263914
372.263914
372.263914
372.263914
372.263914
372.263914
372.263914
372.263914
372.263914
372.263914
372.263914
372.263914
372.263914
372.263914
372.263914
372.263914
372.263914
372.263914
372.263914
372.263914
372.263914
372.263914
372.263914
372.263914
372.263914
372.263914
372.263914
372.263914
372.263914
372.263914
372.263914
372.263914
372.263914
372.263914
372.263914
372.263914
372.263914
372.263914
372.263914
372.263914
372.263914
372.263914
372.263914
372.263914
372.263914
372.263914
372.263914
372.263914
372.263914
371.480160
371.480160
371.567071
371.567071
371.567071
370.831059
370.831059
370.831059
370.831059
370.831059
370.831059
370.612344
370.612344
370.612344
370.612344
370.612344
370.612344
370.612344
370.612344
370.612344
370.612344
370.612344
370.612344
370.612344
370.612344
370.612344
370.612344
370.612344
370.612344
370.612344
370.612344
370.612344
370.612344
370.612344
370.612344
370.612344
370.612344
370.612344
370.612344
370.612344
370.612344
370.612344
370.612344
370.612344
370.612344
370.612344
370.612344
370.612344
370.612344
370.216074
370.216074
370.216074
370.216074
370.216074
370.216074
370.216074
370.216074
370.216074
370.216074
370.216074
370.216074
370.216074
370.216074
370.216074
370.216074
370.216074
370.216074
370.216074
370.216074
370.216074
370.216074
370.216074
370.216074
370.126808
370.126808
370.126808
370.126808
370.126808
370.126808
370.126808
370.126808
370.126808
370.126808
370.126808
370.126808
370.126808
370.126808
370.126808
370.126808
370.126808
370.126808
370.126808
370.126808
370.126808
370.126808
370.126808
370.126808
370.126808
370.126808
370.126808
370.126808
370.126808
370.126808
370.126808
370.126808
370.126808
370.126808
370.126808
370.126808
370.126808
370.126808
370.126808
370.126808
370.126808
370.126808
370.126808
370.126808
370.126808
370.126808
370.126808
370.126808
370.126808
370.126808
370.126808
370.126808
370.126808
370.126808
370.126808
370.126808
370.126808
370.126808
370.126808
370.126808
370.126808
370.126808
370.126808
370.126808
370.126808
370.126808
370.126808
370.126808
370.126808
370.126808
370.126808
370.126808
370.126808
370.126808
370.126808
370.126808
370.126808
370.126808
370.126808
370.126808
370.126808
370.126808
370.126808
370.126808
370.126808
370.126808
370.126808
370.126808
370.126808
370.126808
370.126808
370.126808
370.126808
370.126808
370.126808
370.126808
370.126808
370.624575
370.624575
370.624575
370.624575
370.624575
369.917696
369.917696
369.917696
369.917696
369.917696
369.917696
369.917696
369.917696
370.360435
370.360435
370.360435
370.360435
370.360435
370.360435
370.360435
370.360435
370.240551
370.240551
370.240551
370.240551
370.240551
370.240551
370.240551
370.240551
370.240551
370.240551
370.240551
370.240551
370.240551
370.240551
370.240551
370.240551
370.240551
370.240551
370.240551
369.293397
369.293397
369.293397
369.293397
369.293397
369.293397
369.293397
369.293397
369.293397
369.293397
369.293397
369.293397
369.293397
369.293397
369.293397
369.293397
369.293397
369.293397
369.293397
369.293397
369.293397
369.293397
369.293397
369.293397
369.293397
369.293397
369.293397
369.293397
369.330416
369.330416
369.330416
369.330416
369.330416
369.330416
369.330416
369.330416
369.330416
369.330416
369.330416
369.330416
369.330416
369.330416
369.330416
369.330416
369.330416
369.330416
369.330416
369.330416
369.330416
369.330416
369.330416
369.330416
369.330416
369.330416
369.330416
369.330416
369.330416
369.330416
369.231148
369.231148
369.231148
369.231148
369.231148
369.231148
369.231148
369.231148
369.231148
369.231148
369.231148
369.231148
369.231148
369.231148
369.231148
369.231148
369.231148
369.231148
369.231148
369.231148
369.231148
369.231148
369.231148
369.231148
369.231148
369.231148
369.231148
369.231148
369.231148
369.231148
369.231148
369.231148
369.231148
369.231148
369.231148
369.231148
369.231148
369.231148
369.231148
369.231148
369.231148
369.231148
369.231148
369.231148
369.231148
369.231148
369.231148
369.231148
369.231148
369.231148
369.231148
369.231148
369.231148
369.231148
369.231148
369.231148
369.231148
369.231148
369.231148
369.231148
369.231148
369.231148
369.231148
369.231148
369.231148
369.231148
369.231148
369.231148
369.231148
369.231148
369.231148
369.231148
369.363584
369.363584
369.363584
369.363584
369.363584
369.363584
369.363584
369.363584
369.363584
369.238514
369.238514
369.238514
369.238514
369.238514
369.238514
369.238514
369.238514
369.238514
369.238514
369.238514
369.238514
369.238514
369.238514
369.238514
369.238514
368.773740
368.773740
368.773740
368.773740
368.773740
368.773740
368.773740
368.773740
368.773740
368.773740
368.773740
368.773740
368.773740
368.773740
368.773740
368.773740
368.773740
368.773740
368.773740
368.773740
368.773740
368.773740
368.773740
368.773740
368.773740
368.773740
368.773740
368.773740
368.773740
368.773740
368.773740
368.773740
368.773740
368.773740
368.773740
368.773740
368.773740
368.773740
368.773740
368.773740
368.773740
368.220018
368.220018
368.220018
368.220018
368.220018
368.220018
368.220018
368.220018
368.220018
368.220018
368.220018
368.220018
368.220018
368.220018
368.220018
368.220018
368.220018
368.220018
368.220018
368.220018
368.220018
368.318175
368.318175
368.318175
368.318175
368.318175
368.318175
368.318175
368.318175
368.318175
368.318175
368.318175
368.318175
368.318175
368.318175
368.318175
368.318175
368.318175
368.318175
368.318175
368.318175
368.318175
368.647308
368.647308
368.647308
368.647308
368.647308
368.647308
368.647308
368.647308
367.678352
367.678352
367.678352
367.678352
367.678352
367.678352
367.678352
367.678352
367.678352
367.678352
367.678352
367.678352
367.678352
367.678352
367.678352
367.678352
367.678352
367.678352
367.678352
367.678352
367.678352
367.678352
367.678352
367.678352
367.678352
367.678352
367.678352
367.678352
367.678352
367.678352
367.678352
367.678352
367.678352
367.678352
367.678352
367.678352
367.678352
367.678352
367.678352
367.678352
367.678352
367.678352
367.678352
367.678352
367.678352
367.678352
367.678352
367.678352
367.678352
367.678352
367.678352
367.678352
367.678352
367.678352
367.678352
367.678352
367.678352
367.678352
367.678352
367.678352
367.678352
367.678352
367.678352
367.678352
367.678352
367.678352
367.678352
367.678352
367.678352
367.678352
367.678352
367.678352
367.678352
367.678352
367.678352
367.678352
367.678352
367.678352
367.678352
367.678352
367.678352
367.678352
367.678352
367.678352
367.678352
367.678352
367.678352
367.678352
367.678352
367.678352
367.678352
367.678352
367.678352
367.678352
367.678352
367.678352
367.678352
367.678352
367.678352
367.678352
367.678352
367.678352
367.678352
367.678352
367.678352
367.678352
367.678352
367.678352
367.678352
367.678352
367.678352
367.507134
367.507134
367.507134
367.507134
367.507134
367.507134
367.507134
367.507134
367.507134
367.507134
367.507134
367.507134
367.507134
367.507134
367.507134
367.507134
367.507134
367.507134
367.507134
367.507134
367.507134
367.507134
367.507134
367.507134
367.507134
367.507134
367.507134
367.507134
367.507134
367.507134
367.507134
367.507134
367.507134
367.507134
367.507134
367.507134
367.507134
367.507134
367.507134
367.507134
367.507134
367.507134
367.507134
367.507134
367.507134
367.507134
367.507134
367.507134
367.507134
367.507134
367.507134
367.507134
367.507134
367.507134
367.507134
367.507134
367.507134
367.507134
367.507134
367.507134
367.507134
367.507134
367.507134
367.507134
367.507134
367.507134
367.507134
367.507134
367.507134
367.507134
367.507134
367.507134
367.507134
367.507134
367.507134
367.507134
367.507134
367.507134
367.507134
367.507134
367.507134
367.507134
367.507134
367.507134
367.507134
367.507134
367.507134
367.507134
367.507134
367.507134
367.507134
367.507134
367.507134
367.507134
367.507134
367.507134
367.507134
367.507134
367.507134
367.507134
367.507134
367.507134
367.507134
367.507134
367.507134
367.507134
367.507134
367.507134
367.507134
367.507134
367.507134
367.507134
367.507134
367.507134
367.764095
367.764095
367.764095
367.764095
367.764095
367.764095
367.764095
367.764095
367.764095
367.764095
367.764095
367.764095
367.764095
367.764095
367.764095
367.764095
367.764095
367.764095
367.764095
367.764095
367.764095
367.764095
367.764095
367.764095
367.764095
367.764095
367.764095
367.764095
367.764095
367.764095
367.764095
367.764095
367.764095
367.764095
367.764095
367.764095
367.764095
366.017282
366.017282
366.017282
366.017282
366.017282
366.017282
366.017282
366.017282
366.017282
366.017282
366.017282
366.017282
366.017282
366.017282
366.017282
366.017282
366.017282
366.017282
366.017282
366.017282
366.017282
366.017282
366.017282
366.017282
366.017282
366.017282
366.017282
366.017282
366.017282
366.017282
366.017282
366.017282
366.017282
366.017282
365.265494
365.265494
365.265494
365.265494
365.265494
365.265494
365.265494
365.265494
365.265494
365.265494
365.265494
365.265494
365.265494
365.265494
365.265494
365.265494
365.265494
365.265494
365.265494
365.265494
365.265494
365.265494
365.265494
365.265494
365.265494
365.265494
365.265494
365.265494
365.265494
365.265494
365.265494
365.265494
365.265494
365.265494
365.265494
365.265494
365.265494
365.265494
365.265494
365.265494
365.265494
365.265494
365.265494
365.265494
365.265494
365.265494
365.265494
365.265494
365.265494
365.265494
365.265494
365.265494
365.265494
365.265494
365.265494
365.265494
365.265494
365.265494
365.265494
365.265494
365.265494
365.265494
365.265494
365.265494
365.265494
365.265494
365.265494
365.265494
365.265494
365.265494
365.265494
365.265494
365.265494
365.265494
365.265494
365.265494
365.596717
365.596717
365.695977
365.695977
365.695977
365.695977
365.695977
365.695977
365.695977
365.695977
365.695977
365.695977
365.695977
365.695977
365.695977
365.695977
365.695977
365.695977
365.695977
365.695977
365.695977
365.695977
365.695977
365.695977
365.695977
365.695977
365.695977
365.695977
365.695977
365.695977
365.695977
365.695977
365.695977
365.695977
365.695977
365.695977
365.695977
365.695977
365.695977
365.695977
365.695977
365.695977
365.695977
365.695977
365.695977
365.695977
365.695977
365.695977
365.695977
365.695977
365.695977
365.695977
365.695977
365.695977
365.695977
365.695977
365.695977
365.695977
365.695977
365.695977
365.695977
365.695977
365.695977
365.695977
365.695977
365.695977
365.695977
365.695977
365.695977
365.695977
365.695977
365.695977
365.695977
365.695977
365.695977
365.695977
365.695977
365.695977
365.695977
365.695977
365.695977
365.695977
365.695977
365.695977
365.695977
365.695977
365.695977
365.695977
365.695977
365.695977
365.695977
365.695977
365.695977
365.695977
365.695977
365.695977
365.695977
365.695977
365.695977
365.695977
365.695977
365.695977
365.695977
365.695977
365.695977
365.695977
365.695977
365.695977
365.695977
365.695977
365.695977
365.695977
365.695977
365.695977
365.695977
365.695977
365.695977
365.695977
365.695977
365.695977
365.695977
365.695977
365.695977
365.695977
365.695977
365.695977
365.695977
365.695977
365.695977
365.147292
365.147292
365.147292
365.147292
365.147292
365.147292
365.147292
365.147292
365.147292
365.147292
365.147292
365.147292
365.147292
365.147292
365.147292
365.147292
364.294623
364.294623
364.294623
364.294623
364.294623
364.294623
364.294623
364.294623
364.294623
364.294623
364.294623
364.294623
363.375500
363.375500
363.375500
363.375500
363.375500
363.375500
363.375500
363.375500
363.375500
363.375500
363.375500
363.375500
363.375500
363.375500
363.375500
363.375500
363.375500
363.375500
363.375500
363.375500
363.375500
363.375500
363.375500
363.375500
363.375500
363.375500
363.375500
363.375500
363.375500
363.375500
363.375500
363.375500
363.375500
363.375500
363.375500
363.375500
363.375500
363.375500
363.375500
363.375500
363.375500
363.375500
363.375500
363.375500
363.375500
363.375500
363.375500
363.375500
363.375500
363.375500
363.375500
363.375500
363.375500
363.375500
363.375500
363.375500
363.375500
363.375500
363.375500
363.375500
363.375500
363.375500
363.375500
363.375500
363.524427
363.524427
363.246910
363.246910
363.246910
363.246910
363.246910
363.246910
363.246910
363.246910
363.246910
363.246910
363.246910
363.246910
363.246910
363.246910
363.246910
363.246910
363.246910
363.246910
363.246910
363.246910
363.246910
363.246910
363.366956
363.366956
363.366956
363.366956
363.366956
363.366956
363.366956
363.366956
363.366956
363.366956
363.366956
363.366956
363.366956
363.366956
363.366956
363.366956
363.366956
363.366956
363.366956
363.366956
363.366956
363.366956
363.366956
363.366956
363.366956
363.366956
363.366956
363.366956
363.366956
363.366956
363.366956
363.366956
363.366956
363.366956
363.366956
363.366956
363.366956
363.366956
363.366956
363.366956
363.366956
363.366956
363.366956
363.366956
363.366956
363.813235
363.813235
363.813235
363.813235
363.813235
363.813235
363.813235
363.813235
363.813235
363.813235
363.813235
363.813235
363.813235
363.813235
363.813235
363.813235
363.813235
363.813235
363.813235
363.813235
363.813235
363.813235
363.813235
363.813235
363.813235
363.813235
363.813235
363.813235
363.813235
363.813235
363.813235
363.813235
363.813235
363.813235
363.813235
363.813235
363.813235
363.813235
363.813235
363.813235
363.813235
363.813235
363.813235
363.813235
363.813235
363.813235
363.813235
363.813235
363.813235
363.813235
363.813235
363.813235
363.813235
363.813235
363.813235
363.813235
363.813235
363.813235
363.813235
363.813235
363.813235
363.813235
363.813235
363.813235
363.813235
363.813235
363.813235
363.813235
363.813235
363.813235
363.813235
363.813235
363.813235
363.813235
363.813235
363.813235
363.813235
363.813235
363.813235
363.813235
363.813235
363.813235
363.813235
363.813235
363.813235
363.813235
363.813235
363.813235
363.813235
363.813235
363.813235
363.813235
363.813235
363.813235
363.813235
363.813235
363.813235
363.813235
363.813235
363.813235
363.813235
363.813235
363.813235
363.813235
363.813235
363.813235
363.813235
363.813235
363.813235
363.813235
363.813235
363.813235
363.813235
363.813235
363.813235
363.813235
363.813235
363.813235
363.813235
363.813235
363.813235
363.813235
363.813235
363.813235
363.813235
363.813235
363.813235
363.813235
363.813235
363.813235
363.813235
363.813235
363.813235
363.813235
363.813235
363.813235
363.813235
363.813235
363.813235
363.813235
363.813235
363.813235
363.813235
363.813235
363.813235
363.813235
363.813235
363.813235
363.813235
363.813235
363.813235
363.813235
363.813235
363.813235
363.813235
363.813235
363.813235
363.813235
363.813235
363.813235
363.813235
363.813235
363.813235
363.813235
363.813235
363.813235
363.813235
363.813235
363.813235
363.813235
363.813235
363.813235
363.813235
363.813235
363.813235
363.813235
363.813235
363.813235
363.813235
363.813235
363.813235
363.813235
363.813235
363.813235
363.813235
363.813235
363.813235
363.813235
363.813235
363.813235
363.813235
363.813235
363.813235
363.813235
363.813235
363.813235
363.813235
363.813235
363.813235
363.813235
363.813235
363.813235
363.813235
363.813235
363.813235
363.813235
363.813235
363.813235
363.813235
363.813235
363.813235
363.813235
363.813235
363.813235
363.813235
363.813235
363.813235
363.813235
363.813235
363.813235
363.813235
363.813235
363.813235
363.813235
363.813235
363.813235
363.813235
363.922125
363.922125
363.922125
363.922125
363.922125
363.922125
363.922125
363.922125
362.786667
362.786667
362.786667
362.786667
362.786667
362.786667
362.786667
362.786667
362.786667
362.786667
362.786667
362.786667
362.786667
362.786667
362.786667
362.786667
362.786667
362.786667
362.786667
362.786667
362.786667
362.786667
362.786667
362.786667
362.786667
362.786667
362.786667
362.786667
362.786667
362.786667
362.786667
362.786667
362.786667
362.786667
362.786667
362.786667
362.786667
362.786667
362.786667
362.786667
362.786667
362.786667
362.786667
362.786667
362.786667
362.786667
362.786667
362.786667
362.786667
362.786667
362.786667
362.786667
362.786667
362.786667
362.786667
362.786667
362.786667
362.786667
362.786667
362.786667
362.786667
362.786667
362.786667
362.786667
362.786667
362.786667
362.786667
362.786667
362.786667
362.786667
362.786667
362.786667
362.786667
362.786667
362.786667
362.786667
362.786667
362.786667
362.786667
362.786667
362.786667
362.786667
362.786667
362.786667
362.786667
362.786667
362.786667
362.786667
362.786667
362.786667
362.786667
362.786667
362.786667
362.786667
362.786667
362.786667
362.786667
362.786667
362.786667
362.786667
362.786667
362.786667
362.786667
362.786667
362.786667
362.786667
362.786667
362.786667
362.786667
362.786667
362.786667
362.786667
362.786667
362.786667
362.786667
362.786667
362.786667
362.786667
362.786667
362.786667
362.786667
362.786667
362.786667
362.786667
362.786667
362.786667
362.786667
362.786667
362.786667
362.786667
362.786667
362.786667
362.786667
362.786667
362.786667
362.786667
362.786667
362.786667
362.786667
362.786667
362.786667
362.786667
362.786667
362.786667
362.786667
362.786667
362.786667
362.786667
362.786667
362.786667
362.786667
362.786667
362.786667
362.786667
362.786667
362.786667
362.786667
362.786667
362.786667
362.786667
362.786667
362.786667
362.786667
362.786667
362.786667
362.786667
362.786667
362.786667
362.786667
362.786667
362.786667
362.786667
362.786667
362.786667
362.786667
362.786667
362.786667
362.786667
362.786667
362.786667
362.786667
362.772854
362.772854
362.772854
362.772854
362.772854
362.772854
362.772854
362.772854
362.772854
362.772854
362.772854
362.772854
362.772854
362.772854
362.772854
362.772854
362.772854
362.772854
362.772854
362.772854
362.772854
362.772854
362.772854
362.772854
362.772854
362.772854
362.772854
362.772854
362.772854
362.772854
362.772854
362.772854
362.772854
362.772854
362.772854
362.772854
362.772854
362.772854
362.772854
362.772854
362.772854
362.772854
362.772854
362.772854
362.772854
362.772854
362.772854
362.772854
362.772854
362.772854
362.772854
362.772854
362.772854
362.772854
362.772854
362.772854
362.772854
362.772854
362.772854
362.772854
362.772854
362.772854
362.772854
362.772854
362.772854
362.772854
362.772854
362.772854
362.772854
362.772854
362.772854
362.772854
362.772854
362.772854
362.772854
362.772854
362.772854
361.997558
361.997558
361.997558
361.997558
361.997558
361.997558
361.997558
361.997558
361.997558
361.997558
361.997558
361.997558
361.997558
361.997558
361.997558
361.997558
361.997558
361.997558
361.997558
361.997558
361.997558
361.997558
361.997558
361.997558
361.997558
361.997558
361.997558
361.997558
361.997558
361.997558
361.997558
361.997558
361.997558
361.997558
361.997558
361.997558
361.997558
361.997558
361.997558
361.997558
361.997558
361.997558
361.997558
361.997558
361.997558
361.997558
361.997558
361.997558
361.997558
361.997558
361.997558
361.997558
361.997558
361.997558
361.997558
361.997558
361.997558
361.997558
361.997558
361.997558
361.997558
361.997558
361.997558
361.997558
361.997558
361.997558
361.997558
361.997558
361.997558
361.997558
361.997558
361.997558
361.997558
361.997558
361.997558
361.997558
361.997558
361.997558
361.997558
361.997558
361.997558
361.997558
361.997558
361.997558
361.997558
361.997558
361.997558
361.997558
361.997558
361.997558
361.997558
361.997558
361.997558
361.997558
361.997558
361.997558
361.997558
361.997558
361.997558
361.997558
361.997558
361.997558
361.997558
361.997558
361.997558
361.997558
361.997558
361.997558
361.997558
361.997558
361.997558
361.997558
361.997558
361.997558
361.997558
361.997558
361.997558
361.997558
361.997558
361.997558
361.997558
361.997558
361.997558
361.997558
361.997558
361.997558
361.997558
361.997558
361.997558
361.997558
361.997558
361.997558
361.997558
361.997558
361.997558
361.997558
361.997558
361.997558
361.997558
361.997558
361.997558
361.997558
361.997558
361.997558
361.997558
361.997558
361.997558
361.997558
361.997558
361.997558
361.997558
361.997558
361.997558
361.997558
361.997558
361.997558
361.997558
361.997558
361.997558
361.997558
361.997558
361.997558
361.997558
361.997558
361.997558
361.997558
361.997558
361.997558
361.997558
361.997558
361.997558
361.997558
361.997558
361.997558
361.997558
361.997558
361.997558
361.997558
361.997558
361.997558
361.997558
361.997558
361.997558
361.997558
361.997558
361.997558
361.997558
361.997558
361.997558
361.997558
361.997558
361.997558
361.997558
361.997558
361.997558
361.997558
361.997558
361.997558
361.997558
361.997558
361.997558
361.997558
361.997558
361.997558
361.997558
361.997558
361.997558
361.997558
361.997558
361.997558
361.997558
361.997558
361.997558
361.997558
361.381904
361.381904
361.381904
361.381904
361.381904
361.381904
361.381904
361.381904
361.381904
361.381904
361.381904
361.381904
361.381904
361.381904
361.381904
361.381904
361.381904
361.381904
361.381904
361.381904
361.381904
361.381904
361.381904
361.381904
361.381904
361.381904
361.381904
361.381904
361.381904
361.381904
361.381904
361.381904
361.381904
361.381904
361.381904
361.381904
361.381904
361.381904
361.381904
361.381904
361.381904
361.381904
361.381904
361.381904
361.381904
361.381904
361.381904
361.381904
361.381904
361.381904
361.381904
361.381904
361.381904
361.381904
361.381904
361.381904
361.381904
361.381904
361.381904
361.381904
361.381904
361.381904
361.381904
361.381904
361.381904
361.381904
361.381904
361.381904
361.381904
361.381904
361.381904
361.381904
361.381904
361.381904
361.381904
361.381904
361.381904
361.381904
361.381904
361.381904
361.381904
361.381904
361.381904
361.381904
361.381904
361.381904
361.381904
361.381904
361.381904
361.381904
361.381904
361.381904
361.381904
361.381904
361.381904
361.381904
361.381904
361.381904
361.381904
361.381904
361.381904
361.381904
361.381904
361.288271
361.288271
361.288271
361.288271
361.288271
361.288271
361.288271
361.288271
361.288271
361.288271
361.288271
361.288271
361.288271
361.288271
361.288271
361.288271
361.288271
361.288271
361.288271
361.288271
361.288271
361.288271
361.288271
361.288271
361.288271
361.288271
361.288271
361.288271
361.288271
361.288271
361.288271
361.288271
361.288271
361.288271
361.288271
361.288271
361.288271
361.288271
361.288271
361.288271
361.288271
361.288271
361.288271
361.288271
361.288271
361.108275
361.108275
361.108275
361.108275
361.108275
361.108275
361.108275
361.108275
361.108275
361.108275
361.108275
361.108275
361.108275
361.108275
361.108275
361.108275
361.108275
361.108275
361.108275
361.108275
361.108275
361.108275
361.108275
361.108275
361.108275
361.108275
361.108275
361.108275
361.108275
360.037103
360.037103
360.037103
360.037103
360.037103
360.037103
360.037103
360.037103
360.037103
360.037103
360.037103
360.037103
360.037103
360.037103
360.037103
360.037103
360.037103
360.037103
360.037103
360.037103
360.037103
360.037103
360.037103
360.037103
360.037103
360.037103
360.037103
360.037103
360.037103
360.037103
360.037103
360.037103
360.037103
360.037103
360.037103
360.037103
360.037103
360.037103
360.037103
360.037103
360.037103
360.037103
360.037103
360.037103
360.088297
360.088297
360.088297
360.088297
360.088297
360.088297
360.088297
360.088297
360.088297
360.088297
360.088297
360.088297
360.088297
360.088297
360.088297
360.088297
360.088297
360.088297
360.088297
360.088297
360.088297
360.088297
360.088297
360.088297
360.088297
360.088297
360.088297
360.088297
360.088297
360.088297
360.088297
360.088297
360.088297
360.088297
360.088297
360.088297
360.088297
360.088297
360.088297
360.088297
360.088297
360.088297
360.088297
360.088297
360.088297
360.088297
359.548803
359.548803
359.548803
359.548803
359.548803
359.548803
359.548803
359.548803
359.548803
359.548803
359.548803
359.548803
359.548803
359.548803
359.548803
359.548803
359.548803
359.548803
359.548803
359.548803
359.548803
359.548803
359.548803
359.548803
359.548803
359.548803
359.548803
359.548803
359.548803
359.548803
359.548803
359.548803
359.548803
359.548803
359.548803
359.548803
359.548803
359.548803
359.548803
359.548803
359.548803
359.548803
359.548803
359.548803
359.548803
359.548803
359.548803
359.548803
359.548803
359.548803
359.548803
359.548803
359.548803
359.548803
359.548803
359.548803
359.548803
359.548803
359.548803
359.548803
359.548803
359.548803
359.548803
359.548803
359.548803
359.548803
359.548803
359.548803
359.548803
359.548803
359.548803
359.548803
359.548803
359.548803
359.548803
359.548803
359.548803
359.548803
359.548803
359.548803
359.548803
359.548803
359.548803
359.548803
359.548803
359.548803
359.548803
359.548803
359.548803
359.548803
359.548803
359.548803
359.548803
359.548803
359.548803
359.548803
359.548803
359.548803
359.548803
359.548803
359.268618
359.268618
359.268618
359.268618
359.268618
359.268618
359.268618
359.268618
359.268618
359.268618
359.268618
359.268618
359.268618
359.268618
359.268618
359.268618
359.268618
359.268618
359.268618
359.268618
359.268618
359.268618
359.268618
359.268618
359.268618
359.268618
359.268618
359.268618
359.268618
359.268618
359.268618
359.268618
359.268618
359.268618
359.268618
359.268618
359.268618
359.268618
359.268618
359.268618
359.268618
359.268618
359.268618
359.268618
359.268618
359.268618
359.268618
359.268618
359.268618
359.268618
359.268618
359.268618
359.268618
359.268618
359.268618
359.268618
359.268618
359.268618
359.268618
359.268618
359.268618
359.268618
359.268618
359.268618
359.268618
359.268618
359.268618
359.268618
359.268618
359.268618
359.268618
359.268618
359.268618
359.268618
359.268618
359.268618
359.268618
359.268618
359.268618
359.268618
359.268618
359.268618
359.268618
359.268618
359.268618
359.268618
359.268618
359.268618
359.268618
359.268618
359.268618
359.268618
359.268618
359.268618
359.268618
359.268618
359.268618
359.268618
359.268618
359.268618
359.268618
359.268618
359.268618
359.268618
359.268618
359.268618
359.268618
359.268618
359.268618
359.268618
359.268618
359.268618
358.106086
358.106086
358.106086
358.106086
358.106086
358.106086
358.106086
358.106086
358.106086
358.106086
358.106086
358.106086
358.106086
358.106086
358.106086
358.106086
358.106086
358.106086
358.106086
358.106086
358.106086
358.106086
358.106086
358.106086
358.106086
358.106086
358.106086
358.106086
358.106086
358.106086
358.106086
358.106086
358.106086
358.106086
358.106086
358.106086
358.106086
358.106086
358.106086
358.106086
358.106086
358.106086
358.106086
358.106086
358.106086
358.106086
358.106086
358.106086
358.106086
358.106086
358.106086
358.106086
358.106086
358.106086
358.106086
358.106086
358.106086
358.106086
358.106086
358.106086
358.106086
358.106086
358.106086
358.106086
358.106086
358.106086
358.106086
358.106086
358.106086
358.106086
358.106086
358.106086
358.106086
358.106086
358.106086
358.106086
358.106086
358.106086
358.106086
358.106086
358.106086
358.106086
358.106086
358.106086
358.106086
358.106086
358.106086
358.106086
358.106086
358.106086
358.106086
358.106086
358.106086
358.106086
358.106086
358.106086
358.106086
358.106086
358.106086
358.106086
358.106086
358.106086
358.106086
358.106086
358.106086
358.106086
358.106086
358.106086
358.106086
358.106086
358.106086
358.106086
358.106086
358.106086
358.106086
358.106086
358.106086
358.106086
358.106086
358.106086
358.106086
358.106086
358.106086
358.106086
358.106086
358.106086
358.106086
358.106086
358.106086
358.106086
358.106086
358.106086
358.106086
358.106086
358.106086
358.106086
358.106086
358.106086
358.106086
358.106086
358.106086
358.106086
358.106086
358.106086
358.106086
358.106086
357.406941
357.406941
357.406941
357.406941
357.406941
357.406941
357.406941
357.406941
357.406941
357.406941
357.406941
357.406941
357.406941
357.406941
357.406941
357.406941
357.406941
357.406941
357.406941
357.406941
357.406941
357.406941
357.406941
357.406941
357.406941
357.406941
357.406941
357.406941
357.406941
357.406941
357.406941
357.406941
357.406941
357.406941
357.406941
357.406941
357.406941
357.406941
357.406941
357.406941
357.406941
357.406941
357.406941
357.406941
357.406941
357.406941
357.406941
357.406941
357.406941
357.406941
357.406941
357.406941
357.406941
357.406941
357.406941
357.406941
357.406941
357.406941
357.406941
357.406941
357.406941
357.406941
357.406941
357.406941
357.406941
357.406941
357.406941
357.406941
357.406941
357.406941
357.406941
357.406941
357.251424
357.251424
357.251424
357.251424
357.251424
357.251424
357.251424
357.251424
357.251424
357.251424
357.251424
357.251424
357.251424
357.251424
357.251424
357.251424
357.251424
356.752834
356.752834
356.752834
356.752834
356.752834
356.752834
356.752834
356.752834
356.752834
356.944941
356.944941
356.944941
356.944941
356.944941
356.944941
356.944941
356.944941
356.944941
356.944941
356.944941
356.944941
356.944941
356.944941
356.944941
356.944941
356.944941
356.944941
356.944941
356.944941
357.068902
357.068902
357.068902
357.068902
357.068902
357.068902
357.068902
357.068902
357.068902
357.068902
357.068902
357.068902
357.068902
357.068902
357.068902
357.068902
357.068902
357.068902
357.068902
357.068902
357.068902
357.068902
357.068902
357.068902
357.068902
357.068902
357.068902
357.068902
357.068902
357.068902
357.068902
357.068902
357.068902
357.068902
357.068902
357.068902
357.068902
357.068902
357.068902
357.068902
357.068902
357.068902
357.068902
357.068902
357.068902
357.068902
357.068902
357.068902
357.068902
357.068902
357.068902
357.068902
357.068902
357.068902
357.068902
357.068902
357.068902
357.068902
357.068902
357.068902
357.068902
357.068902
357.068902
357.068902
357.068902
357.068902
357.068902
357.068902
357.068902
357.068902
357.068902
357.068902
357.068902
357.068902
357.068902
357.068902
357.068902
357.068902
357.068902
357.068902
357.068902
357.068902
357.068902
357.068902
357.068902
357.068902
357.068902
357.068902
357.068902
357.068902
357.068902
357.068902
357.068902
357.068902
357.100019
357.100019
357.100019
357.100019
357.100019
357.100019
357.100019
357.100019
357.100019
357.100019
357.100019
357.100019
357.100019
357.100019
357.100019
357.100019
357.100019
357.100019
357.100019
357.100019
357.100019
357.100019
357.100019
357.100019
357.100019
357.100019
357.100019
357.100019
357.100019
357.100019
357.100019
357.100019
357.100019
357.100019
357.100019
357.178417
357.178417
357.178417
357.178417
357.178417
357.178417
357.178417
357.178417
357.178417
357.178417
357.376340
357.376340
357.376340
357.376340
357.376340
357.376340
357.376340
357.376340
357.376340
357.376340
357.376340
357.376340
357.376340
357.376340
357.376340
357.376340
357.376340
357.376340
357.376340
357.376340
357.376340
357.376340
357.376340
357.376340
357.376340
357.376340
357.376340
357.376340
357.376340
357.376340
357.376340
357.376340
357.376340
357.376340
357.376340
357.376340
357.376340
358.111867
358.111867
358.111867
358.111867
358.111867
358.111867
358.111867
358.111867
358.111867
358.111867
358.111867
358.111867
358.111867
358.111867
358.111867
358.111867
358.111867
358.111867
358.111867
358.111867
358.111867
358.111867
358.111867
358.111867
358.111867
358.111867
358.111867
358.111867
358.111867
358.111867
358.111867
358.111867
358.111867
358.111867
358.111867
358.111867
358.111867
358.111867
358.111867
358.111867
358.111867
358.111867
358.111867
358.111867
358.111867
358.111867
358.111867
358.111867
358.111867
358.111867
358.111867
358.111867
358.111867
358.111867
358.111867
358.111867
358.111867
358.111867
358.111867
358.111867
358.111867
358.111867
358.111867
358.111867
358.111867
358.111867
358.111867
358.111867
358.111867
358.111867
358.111867
358.111867
358.111867
358.111867
358.111867
358.111867
358.111867
358.111867
358.111867
358.111867
358.133412
358.133412
358.133412
358.133412
358.133412
358.133412
358.133412
358.133412
358.133412
358.133412
358.133412
358.133412
358.133412
358.133412
358.133412
358.133412
358.133412
358.133412
358.133412
358.133412
358.133412
358.133412
358.133412
358.133412
358.133412
358.133412
358.133412
358.133412
358.133412
358.133412
358.133412
358.133412
358.133412
358.133412
358.133412
358.133412
358.133412
358.133412
358.133412
358.133412
358.133412
358.133412
358.133412
358.133412
358.133412
358.133412
358.133412
358.133412
358.133412
358.133412
358.133412
358.133412
358.133412
358.133412
358.133412
358.133412
358.133412
358.133412
358.133412
358.133412
358.133412
358.133412
358.133412
358.133412
358.133412
358.133412
358.133412
358.133412
358.133412
358.133412
358.133412
358.133412
358.133412
358.133412
358.133412
358.133412
358.133412
358.133412
358.133412
358.133412
358.133412
358.133412
358.133412
358.133412
358.133412
358.133412
358.133412
358.133412
358.133412
358.133412
358.133412
358.133412
358.133412
358.133412
358.133412
358.133412
358.133412
358.133412
358.133412
358.133412
358.133412
358.133412
358.133412
358.133412
358.133412
358.133412
358.133412
358.133412
358.133412
358.133412
358.133412
358.133412
357.084613
357.084613
357.084613
357.084613
357.084613
357.084613
357.084613
357.084613
357.084613
357.084613
357.084613
357.084613
357.084613
357.084613
357.084613
357.084613
357.084613
357.084613
357.084613
357.084613
357.084613
357.084613
357.084613
357.084613
357.084613
357.084613
357.084613
357.084613
357.084613
357.084613
357.084613
357.084613
357.084613
357.084613
357.084613
357.084613
357.084613
357.084613
357.084613
357.084613
357.084613
357.084613
357.084613
357.084613
357.084613
357.084613
357.084613
357.084613
357.084613
357.084613
357.084613
357.084613
357.084613
357.084613
357.084613
357.084613
357.084613
357.084613
357.084613
357.084613
357.084613
357.084613
357.084613
357.084613
357.084613
357.084613
357.084613
357.084613
357.084613
357.084613
357.084613
357.084613
357.084613
357.084613
357.084613
357.084613
357.084613
357.084613
357.084613
357.084613
357.084613
357.084613
357.084613
357.084613
357.084613
357.084613
357.084613
357.084613
357.084613
357.084613
357.084613
357.084613
357.084613
357.084613
357.084613
357.084613
357.084613
357.084613
357.084613
357.084613
357.084613
357.084613
357.084613
357.084613
357.084613
357.084613
357.084613
357.084613
357.084613
357.084613
357.084613
357.084613
357.084613
357.084613
357.084613
357.084613
357.084613
357.084613
357.084613
357.084613
357.084613
357.084613
357.084613
357.084613
357.084613
357.084613
357.084613
357.084613
357.084613
357.084613
357.084613
357.084613
357.084613
357.084613
357.084613
357.084613
357.084613
357.084613
357.084613
357.084613
357.084613
357.084613
357.084613
357.084613
357.084613
357.084613
357.084613
357.084613
357.084613
357.084613
357.084613
357.084613
357.084613
357.084613
357.084613
357.084613
357.084613
357.084613
357.084613
357.084613
357.084613
357.084613
357.084613
357.084613
357.084613
357.084613
357.084613
357.084613
357.084613
357.084613
357.084613
357.084613
357.084613
357.084613
357.084613
357.084613
357.084613
357.084613
357.084613
357.084613
357.084613
357.084613
357.084613
357.084613
357.084613
357.084613
357.084613
357.084613
357.084613
357.084613
357.084613
357.084613
357.084613
357.084613
357.084613
355.624455
355.624455
355.624455
355.624455
355.624455
355.624455
355.624455
355.624455
355.624455
355.624455
355.624455
355.624455
355.624455
355.624455
355.624455
355.624455
355.624455
355.624455
355.624455
355.624455
355.624455
355.624455
355.624455
355.624455
355.624455
355.624455
355.624455
355.624455
355.624455
355.624455
355.624455
355.624455
355.624455
355.624455
355.624455
355.624455
355.624455
355.624455
355.624455
355.624455
355.624455
355.624455
355.624455
355.624455
355.624455
355.624455
355.624455
355.624455
355.624455
355.624455
355.624455
355.624455
355.624455
355.624455
355.624455
355.624455
355.624455
355.624455
355.624455
355.624455
355.624455
355.624455
355.624455
355.624455
355.624455
355.624455
355.624455
355.624455
355.624455
355.624455
355.624455
355.624455
355.624455
355.624455
355.624455
355.624455
355.624455
355.624455
355.624455
355.624455
355.624455
355.624455
355.624455
355.624455
355.624455
355.624455
355.624455
355.624455
355.624455
355.624455
355.624455
355.624455
355.624455
355.624455
355.624455
355.624455
355.624455
355.624455
355.624455
355.624455
355.624455
355.624455
355.624455
355.624455
355.624455
355.624455
355.624455
355.624455
355.624455
355.624455
355.624455
355.624455
355.624455
355.624455
355.624455
355.624455
355.624455
355.624455
355.624455
355.624455
355.624455
355.624455
355.624455
355.624455
355.624455
355.624455
355.624455
355.624455
355.624455
355.624455
355.624455
355.624455
355.624455
355.624455
355.624455
355.624455
355.624455
355.624455
355.624455
355.624455
355.624455
355.624455
355.624455
355.624455
355.624455
355.624455
355.624455
355.624455
355.624455
355.624455
355.624455
355.624455
355.624455
355.624455
355.624455
355.624455
355.624455
355.624455
355.624455
355.624455
355.624455
355.624455
355.624455
355.624455
355.624455
355.624455
355.624455
355.624455
355.624455
355.624455
355.624455
355.624455
355.624455
355.624455
355.624455
355.624455
355.624455
355.624455
355.624455
355.624455
355.624455
355.624455
355.624455
355.624455
355.624455
355.624455
355.624455
355.624455
355.624455
355.624455
355.624455
355.624455
355.624455
355.624455
355.624455
355.624455
355.624455
355.624455
355.624455
355.624455
355.624455
355.624455
355.624455
355.624455
355.624455
355.624455
355.624455
355.624455
355.624455
355.624455
355.831677
355.831677
355.831677
355.831677
355.831677
355.831677
355.831677
355.831677
355.831677
355.831677
355.831677
355.831677
355.831677
355.831677
355.831677
355.831677
355.831677
355.831677
355.831677
355.831677
355.831677
355.831677
355.831677
355.831677
355.831677
355.831677
355.831677
355.831677
355.831677
355.831677
355.831677
355.831677
355.831677
355.831677
355.831677
355.533641
355.533641
355.533641
355.533641
355.533641
355.533641
355.533641
355.533641
355.533641
355.533641
355.533641
355.533641
355.533641
355.533641
355.533641
355.533641
355.533641
355.533641
355.533641
355.533641
355.533641
355.533641
355.533641
355.533641
355.533641
355.533641
355.533641
355.533641
355.533641
355.533641
355.533641
355.533641
355.533641
355.533641
355.533641
355.533641
355.533641
355.533641
355.533641
355.533641
355.533641
355.533641
355.533641
355.533641
355.533641
355.533641
355.533641
355.533641
355.533641
355.533641
355.533641
355.533641
355.533641
355.318451
355.318451
355.318451
355.318451
355.318451
355.318451
355.318451
355.318451
355.318451
355.318451
355.318451
355.318451
355.318451
355.318451
355.318451
355.318451
355.318451
355.318451
355.318451
355.318451
355.318451
355.318451
355.318451
355.318451
355.318451
355.318451
355.318451
355.318451
355.318451
355.318451
355.318451
355.318451
355.318451
355.318451
355.318451
355.318451
355.318451
355.318451
355.318451
355.318451
355.318451
355.318451
355.318451
355.318451
355.318451
355.318451
355.318451
355.318451
355.318451
355.318451
355.318451
355.318451
355.318451
355.318451
355.318451
355.318451
355.318451
355.318451
355.318451
355.318451
355.318451
355.318451
355.318451
355.318451
355.318451
355.318451
355.318451
355.318451
355.318451
355.318451
355.318451
355.318451
355.318451
355.318451
355.318451
355.318451
355.318451
355.318451
355.318451
355.318451
355.318451
355.318451
355.318451
355.318451
355.318451
355.318451
355.318451
355.318451
355.318451
355.318451
355.318451
355.318451
355.318451
355.318451
355.318451
355.318451
355.318451
355.318451
355.318451
355.318451
354.862017
354.862017
354.862017
354.862017
354.862017
354.862017
354.862017
354.862017
354.862017
355.172778
355.172778
355.172778
355.172778
355.172778
355.172778
355.172778
355.172778
355.172778
355.172778
355.172778
355.172778
355.172778
355.172778
355.172778
355.172778
355.172778
355.172778
355.172778
355.172778
355.172778
355.172778
355.172778
355.172778
355.172778
355.172778
355.172778
355.172778
355.172778
355.172778
355.172778
355.172778
355.172778
355.172778
355.172778
355.172778
355.172778
355.172778
355.172778
355.172778
355.172778
355.172778
355.172778
355.172778
355.172778
355.172778
355.172778
355.172778
355.172778
355.172778
355.172778
355.172778
355.172778
355.172778
355.172778
355.172778
355.172778
355.172778
355.172778
355.172778
355.172778
355.172778
355.172778
355.172778
355.172778
355.172778
355.172778
355.172778
355.172778
355.172778
355.172778
355.172778
355.172778
355.172778
355.172778
355.172778
355.172778
355.172778
355.172778
355.172778
355.172778
355.172778
355.172778
355.172778
355.172778
355.172778
355.172778
355.172778
355.172778
355.172778
355.172778
355.172778
355.172778
355.172778
355.172778
355.172778
355.172778
355.172778
355.172778
355.172778
355.172778
355.172778
355.172778
355.172778
355.172778
355.172778
355.172778
355.172778
355.172778
355.172778
355.172778
355.172778
355.172778
355.172778
355.172778
355.172778
355.172778
355.172778
355.172778
355.172778
355.172778
355.172778
355.172778
355.172778
355.172778
355.172778
355.172778
355.172778
355.172778
355.172778
355.172778
355.172778
355.172778
355.172778
355.172778
355.172778
355.172778
355.172778
355.172778
355.172778
355.172778
355.172778
355.172778
355.172778
355.172778
355.172778
355.172778
355.172778
355.172778
355.172778
355.172778
355.172778
355.172778
355.172778
355.172778
355.172778
355.172778
355.172778
355.172778
355.172778
355.172778
355.172778
355.172778
355.172778
355.172778
354.942938
354.942938
354.942938
354.942938
354.942938
354.942938
354.942938
354.942938
354.942938
354.942938
354.942938
354.942938
354.942938
354.942938
354.942938
354.942938
354.942938
354.942938
354.942938
354.942938
354.942938
354.942938
354.942938
354.942938
354.942938
354.942938
354.942938
354.942938
354.942938
354.942938
354.942938
354.942938
354.942938
354.942938
354.942938
354.942938
354.942938
354.942938
354.942938
354.942938
354.942938
354.942938
354.942938
354.942938
353.684688
353.684688
353.684688
353.684688
353.684688
353.684688
353.684688
353.684688
353.684688
353.684688
353.684688
353.684688
353.684688
353.684688
353.684688
353.684688
353.684688
353.684688
353.684688
353.684688
353.684688
353.684688
353.684688
353.684688
353.684688
353.684688
353.684688
353.684688
353.684688
353.684688
353.684688
353.684688
353.684688
353.684688
353.684688
353.684688
353.684688
353.684688
353.684688
353.684688
353.684688
353.684688
353.684688
353.684688
353.684688
353.684688
353.684688
353.684688
353.684688
353.684688
353.684688
353.684688
353.684688
353.684688
353.684688
353.684688
353.684688
353.684688
353.684688
353.684688
353.615033
353.615033
353.615033
353.615033
353.615033
353.615033
353.615033
353.615033
353.615033
353.615033
353.615033
353.615033
353.615033
353.615033
353.615033
353.615033
352.535028
352.535028
352.535028
352.535028
352.535028
352.535028
352.535028
352.535028
352.535028
352.535028
352.535028
352.535028
352.535028
352.535028
352.535028
352.535028
352.535028
352.535028
352.535028
352.535028
352.535028
352.535028
352.535028
352.535028
352.535028
352.535028
352.535028
352.535028
352.535028
352.535028
352.535028
352.535028
352.535028
352.535028
352.535028
352.535028
352.535028
352.535028
352.535028
352.535028
352.535028
352.535028
352.535028
352.535028
352.535028
352.454936
352.454936
352.454936
352.454936
352.384788
352.384788
352.384788
352.384788
352.384788
352.384788
352.384788
352.384788
352.384788
352.384788
352.384788
352.384788
352.384788
352.384788
352.384788
352.384788
352.384788
352.384788
352.384788
352.384788
352.384788
352.384788
352.384788
352.384788
352.384788
352.384788
352.384788
352.384788
352.384788
352.384788
352.384788
352.222288
352.222288
352.222288
352.222288
352.222288
352.222288
352.222288
352.222288
352.222288
352.222288
352.222288
352.222288
352.222288
352.222288
352.222288
352.222288
352.222288
352.222288
352.222288
352.222288
352.222288
352.222288
352.222288
352.222288
352.222288
352.222288
352.222288
352.222288
352.222288
352.222288
352.222288
352.222288
352.222288
352.222288
352.222288
352.222288
352.222288
352.222288
352.222288
352.222288
352.222288
352.222288
352.222288
352.222288
352.222288
352.222288
352.222288
352.222288
352.222288
352.222288
352.222288
352.222288
352.222288
352.222288
352.222288
352.222288
352.222288
352.222288
352.222288
352.222288
352.222288
352.222288
352.222288
352.222288
352.222288
352.222288
352.222288
352.222288
352.222288
352.222288
352.222288
352.222288
352.222288
352.222288
352.222288
352.222288
352.222288
352.222288
352.222288
352.222288
352.222288
352.222288
352.222288
352.222288
352.222288
352.222288
352.222288
352.222288
352.222288
352.222288
352.222288
352.222288
352.222288
352.222288
352.222288
352.222288
352.222288
352.222288
352.222288
352.222288
352.222288
352.222288
352.222288
352.222288
352.222288
352.222288
352.222288
352.222288
352.222288
352.222288
352.222288
352.222288
352.222288
352.222288
352.222288
352.222288
352.222288
352.222288
352.222288
352.222288
352.222288
352.222288
352.222288
352.222288
352.222288
352.222288
352.222288
352.222288
352.222288
352.222288
352.222288
352.222288
352.222288
352.222288
352.222288
352.222288
352.222288
352.222288
352.222288
352.222288
352.222288
352.222288
352.222288
352.222288
352.222288
352.222288
352.222288
352.222288
352.222288
352.222288
352.222288
352.222288
352.222288
352.222288
352.222288
352.222288
352.222288
352.222288
352.222288
352.222288
352.222288
352.222288
352.222288
352.222288
352.222288
352.222288
352.222288
352.222288
352.222288
352.222288
352.222288
352.222288
352.222288
352.222288
352.222288
352.222288
352.222288
352.222288
352.222288
352.222288
352.222288
352.222288
352.222288
352.222288
352.222288
352.222288
352.222288
352.222288
352.222288
352.222288
352.222288
352.222288
352.222288
352.222288
352.222288
352.222288
352.222288
352.222288
352.222288
352.222288
352.222288
352.222288
352.222288
352.222288
352.222288
352.222288
352.222288
352.222288
352.222288
352.222288
352.222288
352.222288
352.222288
352.222288
352.222288
352.222288
352.222288
352.222288
352.222288
352.222288
352.222288
352.222288
352.222288
352.222288
352.222288
352.222288
352.222288
352.222288
352.222288
352.222288
352.222288
352.222288
352.222288
352.222288
352.222288
352.222288
352.222288
352.222288
352.222288
352.222288
352.222288
352.222288
352.222288
352.222288
352.222288
352.222288
352.222288
352.222288
352.222288
352.222288
352.222288
352.222288
352.222288
352.222288
352.222288
352.222288
352.222288
352.222288
352.222288
352.222288
352.222288
352.222288
352.222288
352.222288
352.222288
352.222288
352.222288
352.222288
352.222288
352.222288
352.222288
352.222288
352.222288
352.222288
352.222288
352.222288
352.222288
352.222288
352.222288
352.222288
352.222288
352.222288
352.222288
352.222288
352.222288
352.222288
352.222288
352.222288
352.222288
352.222288
352.222288
352.222288
352.222288
352.222288
352.222288
352.222288
352.222288
352.222288
352.222288
352.222288
352.222288
352.222288
352.222288
352.222288
352.222288
352.222288
352.222288
352.222288
352.222288
352.222288
352.222288
352.222288
352.222288
351.609625
351.609625
351.609625
351.609625
351.609625
351.609625
351.609625
351.609625
351.609625
351.609625
351.609625
351.609625
351.609625
351.609625
351.609625
351.609625
351.609625
351.609625
351.609625
351.609625
351.609625
352.124504
352.124504
352.124504
352.124504
352.124504
352.124504
352.124504
352.124504
352.124504
352.124504
352.124504
352.124504
352.124504
352.124504
352.124504
352.124504
352.124504
352.124504
352.124504
352.124504
352.124504
352.124504
352.124504
352.124504
352.124504
352.124504
352.124504
352.124504
352.124504
352.124504
352.124504
352.124504
352.124504
352.124504
352.124504
352.124504
352.124504
352.124504
352.124504
352.124504
352.124504
352.124504
352.124504
352.124504
352.124504
352.124504
352.124504
352.124504
352.124504
352.124504
352.124504
352.124504
352.124504
352.124504
352.124504
352.124504
352.124504
352.124504
352.124504
352.124504
352.124504
352.124504
352.124504
352.124504
352.124504
352.124504
352.124504
352.124504
352.124504
352.124504
352.124504
352.124504
352.124504
352.124504
352.124504
352.124504
352.124504
352.124504
352.124504
352.124504
352.124504
352.124504
352.124504
352.124504
352.124504
352.124504
352.124504
352.124504
352.124504
352.124504
352.124504
352.124504
352.124504
352.124504
352.124504
352.124504
352.124504
352.124504
352.124504
352.124504
352.124504
352.124504
352.124504
352.124504
352.124504
352.124504
352.124504
352.124504
352.124504
352.124504
352.124504
352.124504
352.124504
352.124504
352.124504
352.124504
352.124504
352.124504
352.124504
352.124504
352.124504
352.124504
352.124504
352.124504
352.124504
352.124504
352.124504
352.124504
352.124504
352.124504
352.124504
352.124504
352.124504
352.124504
352.124504
352.124504
352.124504
352.124504
352.124504
352.124504
352.124504
352.124504
352.124504
352.124504
352.124504
352.124504
352.124504
352.124504
352.124504
352.124504
352.124504
352.124504
352.124504
352.124504
352.124504
352.124504
352.124504
352.124504
352.124504
352.124504
352.124504
352.124504
352.124504
352.124504
352.124504
352.124504
352.124504
352.124504
352.124504
352.124504
352.124504
352.124504
352.124504
352.124504
352.124504
352.124504
352.124504
352.124504
352.124504
352.124504
352.124504
352.124504
352.124504
352.124504
352.124504
352.124504
352.124504
352.124504
352.124504
352.124504
352.124504
352.124504
352.124504
352.124504
352.124504
352.124504
352.124504
352.124504
352.124504
352.124504
352.124504
352.124504
352.124504
352.124504
352.124504
352.124504
352.124504
352.124504
352.124504
352.124504
352.124504
352.124504
352.124504
352.124504
352.124504
352.124504
352.124504
352.124504
352.124504
352.124504
352.124504
352.124504
352.124504
352.124504
352.124504
352.124504
352.124504
352.124504
352.124504
352.124504
352.124504
352.124504
352.124504
352.124504
352.124504
352.124504
352.124504
352.124504
352.124504
352.124504
352.124504
352.124504
352.124504
352.124504
352.124504
352.124504
352.124504
352.124504
352.124504
352.124504
352.124504
352.124504
352.124504
352.124504
352.124504
352.124504
352.124504
352.124504
352.124504
352.124504
352.124504
352.124504
352.124504
352.124504
352.124504
352.124504
352.124504
352.124504
352.124504
352.124504
352.124504
352.124504
352.124504
352.124504
352.124504
352.124504
352.124504
352.124504
352.124504
352.124504
352.124504
352.124504
352.124504
352.124504
352.124504
352.124504
352.124504
352.124504
352.124504
352.124504
352.124504
352.124504
352.124504
352.124504
352.124504
352.124504
352.124504
352.124504
352.124504
352.124504
352.124504
352.124504
352.124504
352.124504
352.124504
352.124504
352.124504
352.124504
352.124504
352.124504
352.124504
352.124504
352.124504
352.124504
352.124504
352.124504
352.124504
352.124504
352.124504
352.124504
352.124504
352.124504
352.124504
352.124504
352.124504
352.124504
352.124504
352.124504
352.124504
352.124504
352.124504
352.124504
352.124504
352.124504
352.124504
352.124504
352.124504
352.124504
352.124504
352.124504
352.124504
352.124504
352.124504
352.124504
352.124504
352.124504
352.124504
352.124504
352.124504
352.124504
352.124504
352.124504
352.124504
352.124504
352.124504
352.124504
352.124504
352.124504
352.124504
352.124504
352.124504
352.124504
352.124504
352.124504
352.010837
352.010837
352.010837
352.010837
352.010837
352.010837
352.010837
352.010837
352.010837
352.010837
352.010837
352.010837
352.010837
352.010837
352.010837
352.010837
352.010837
352.010837
352.010837
352.010837
352.010837
352.010837
352.010837
352.010837
352.010837
352.010837
352.010837
352.010837
352.010837
352.010837
352.010837
352.010837
352.010837
352.010837
352.010837
352.010837
352.010837
352.010837
352.010837
352.010837
352.010837
352.010837
352.010837
352.010837
352.010837
352.010837
352.010837
352.010837
352.010837
352.010837
352.010837
352.010837
352.010837
352.010837
352.010837
352.010837
352.010837
352.010837
352.010837
352.010837
352.010837
352.010837
352.010837
352.010837
352.010837
352.010837
352.010837
352.010837
352.010837
352.010837
352.010837
352.010837
352.010837
352.010837
352.010837
352.010837
351.601863
351.601863
351.601863
351.601863
351.601863
351.601863
351.601863
351.601863
351.601863
351.601863
351.601863
351.601863
351.601863
351.601863
351.601863
351.601863
351.601863
351.601863
351.601863
351.601863
351.601863
351.601863
351.601863
351.601863
351.601863
351.601863
351.601863
351.601863
351.601863
351.601863
351.601863
351.601863
351.601863
351.601863
351.601863
351.601863
351.601863
351.601863
351.601863
351.601863
351.601863
351.601863
351.601863
351.601863
351.601863
351.601863
351.601863
351.601863
351.601863
351.601863
351.601863
351.601863
351.601863
351.601863
351.601863
351.601863
351.601863
351.601863
351.601863
351.601863
351.601863
351.601863
351.601863
351.601863
351.601863
351.601863
351.601863
351.601863
351.601863
351.601863
351.601863
351.601863
351.601863
351.601863
351.601863
351.601863
351.601863
351.601863
351.601863
351.601863
351.601863
351.601863
351.601863
351.601863
351.601863
351.601863
351.601863
351.601863
351.601863
351.601863
351.601863
351.601863
351.601863
351.601863
351.601863
351.601863
351.601863
351.601863
351.601863
351.601863
351.601863
351.601863
351.601863
351.601863
351.601863
351.601863
351.601863
351.601863
351.601863
351.601863
351.601863
351.601863
351.601863
351.601863
351.601863
351.601863
351.601863
351.601863
351.601863
351.601863
351.601863
351.601863
351.601863
351.601863
351.601863
351.601863
351.601863
351.601863
351.601863
351.601863
351.601863
351.601863
351.601863
351.601863
351.601863
351.601863
351.601863
351.601863
351.601863
351.601863
351.601863
351.601863
351.601863
351.601863
351.601863
351.601863
351.601863
351.601863
351.601863
351.601863
351.601863
351.601863
351.601863
351.601863
351.601863
351.601863
351.601863
351.601863
351.601863
351.601863
351.601863
351.601863
351.601863
351.601863
351.601863
351.601863
351.601863
351.601863
351.601863
351.601863
351.601863
351.601863
351.601863
351.601863
351.601863
351.601863
351.601863
351.601863
351.601863
351.601863
351.601863
351.601863
351.601863
351.601863
351.601863
351.601863
351.601863
351.601863
351.601863
351.601863
351.601863
351.601863
351.601863
351.601863
351.601863
351.601863
351.601863
351.601863
351.601863
351.601863
351.601863
351.601863
351.601863
351.601863
351.601863
351.601863
351.601863
351.601863
351.601863
351.601863
351.601863
351.601863
351.601863
351.601863
351.601863
351.601863
351.601863
351.601863
351.601863
351.601863
351.601863
351.601863
351.601863
351.601863
351.601863
351.601863
351.601863
351.601863
351.601863
351.601863
351.601863
351.601863
351.601863
351.601863
351.601863
351.601863
351.601863
351.601863
351.601863
351.601863
351.601863
351.601863
351.601863
351.601863
351.601863
351.601863
351.601863
351.601863
351.601863
351.601863
351.601863
351.601863
351.601863
351.601863
351.601863
351.601863
351.601863
351.601863
351.601863
351.601863
351.601863
351.601863
351.601863
351.601863
351.601863
351.601863
351.601863
351.601863
351.601863
351.601863
351.601863
351.601863
351.601863
351.601863
351.601863
351.601863
351.601863
351.601863
351.601863
351.601863
351.601863
351.601863
351.601863
351.601863
351.601863
351.601863
351.601863
351.601863
351.601863
351.601863
351.601863
351.722341
351.722341
351.722341
351.722341
351.722341
351.722341
351.722341
351.722341
351.722341
351.722341
351.722341
351.722341
351.722341
351.722341
351.722341
351.722341
351.722341
351.722341
351.722341
351.722341
351.722341
351.722341
351.722341
351.722341
351.722341
351.722341
351.722341
351.722341
351.722341
351.722341
351.722341
351.722341
351.722341
351.722341
351.722341
351.722341
351.722341
351.722341
351.347221
351.347221
351.347221
351.347221
351.347221
351.347221
351.347221
351.347221
351.347221
351.347221
351.347221
351.347221
351.347221
351.347221
351.347221
351.347221
351.347221
351.347221
351.347221
351.347221
351.347221
351.347221
351.347221
351.347221
351.347221
351.347221
351.347221
351.347221
351.347221
351.347221
351.347221
351.347221
351.347221
351.347221
351.347221
351.347221
351.347221
351.347221
351.347221
351.347221
351.347221
351.347221
351.347221
351.347221
351.347221
351.347221
351.347221
351.347221
351.347221
351.347221
351.347221
351.347221
351.347221
351.347221
351.347221
351.347221
351.347221
351.347221
351.347221
351.347221
351.347221
351.347221
351.347221
351.347221
351.347221
351.347221
351.347221
351.347221
351.347221
351.347221
351.347221
351.347221
351.347221
351.347221
351.347221
351.347221
351.347221
351.347221
351.347221
351.347221
351.347221
351.347221
351.347221
351.347221
351.347221
351.347221
351.347221
351.347221
351.347221
351.347221
351.347221
351.347221
351.347221
351.347221
351.347221
351.347221
351.347221
351.347221
351.347221
351.347221
351.347221
351.347221
351.347221
351.347221
351.347221
351.347221
351.347221
351.347221
351.347221
351.347221
351.347221
351.347221
351.347221
351.347221
351.347221
351.347221
351.347221
351.347221
351.347221
351.347221
351.347221
351.347221
351.347221
351.347221
351.347221
350.729623
350.729623
350.729623
350.729623
350.729623
350.729623
350.729623
350.729623
350.729623
350.729623
350.729623
350.729623
350.729623
350.729623
350.729623
350.729623
350.729623
350.729623
350.729623
350.729623
350.729623
350.729623
350.729623
350.729623
350.729623
350.729623
350.729623
350.729623
350.729623
350.729623
350.729623
350.729623
350.729623
350.729623
350.729623
350.729623
350.729623
350.729623
350.729623
350.729623
350.729623
350.729623
350.729623
350.729623
350.729623
350.729623
350.729623
350.729623
350.729623
350.729623
350.729623
350.729623
350.729623
350.729623
350.729623
350.729623
350.729623
350.729623
350.729623
350.729623
350.729623
350.729623
350.729623
350.729623
350.729623
350.729623
350.729623
350.729623
350.729623
350.729623
350.729623
350.729623
350.729623
350.729623
350.729623
350.729623
350.729623
350.729623
350.729623
350.729623
350.729623
350.729623
350.729623
350.729623
350.729623
350.729623
350.729623
350.729623
350.729623
350.729623
350.729623
350.729623
350.729623
350.729623
350.729623
350.729623
350.729623
350.729623
350.729623
350.729623
350.729623
350.729623
350.729623
350.729623
350.729623
350.729623
350.729623
350.729623
350.729623
350.729623
350.729623
350.729623
350.729623
350.729623
350.729623
350.729623
350.729623
350.729623
350.729623
350.729623
350.729623
350.729623
350.729623
350.729623
350.729623
350.729623
350.729623
350.729623
350.729623
350.729623
350.729623
350.729623
350.729623
350.729623
350.729623
350.729623
350.729623
350.729623
350.729623
350.729623
350.729623
350.729623
350.729623
350.729623
350.729623
350.729623
350.729623
350.729623
350.729623
350.729623
350.729623
350.729623
350.729623
350.729623
350.729623
350.729623
350.729623
350.729623
350.729623
350.729623
350.729623
350.729623
350.729623
350.729623
350.729623
350.729623
350.729623
350.729623
350.729623
350.729623
350.729623
350.729623
350.729623
350.729623
350.729623
350.729623
350.729623
350.729623
350.729623
350.729623
350.729623
350.729623
350.729623
350.729623
350.729623
350.729623
350.729623
350.729623
350.729623
350.729623
350.729623
350.729623
350.729623
350.729623
350.729623
350.729623
350.729623
350.729623
350.729623
350.729623
350.729623
350.729623
350.729623
350.729623
350.729623
350.729623
350.729623
350.729623
350.729623
350.729623
350.729623
350.729623
350.729623
350.466333
350.466333
350.466333
350.466333
350.466333
350.466333
350.466333
350.466333
350.466333
350.466333
350.466333
350.466333
350.466333
350.466333
350.466333
350.466333
350.466333
350.466333
350.466333
350.466333
350.466333
350.466333
350.466333
350.466333
350.466333
350.466333
350.466333
350.466333
350.466333
350.466333
350.466333
350.466333
350.466333
350.466333
350.466333
350.466333
350.466333
350.466333
350.466333
350.466333
350.466333
350.466333
350.466333
350.466333
350.466333
350.466333
350.466333
350.466333
350.466333
350.466333
350.466333
350.466333
350.466333
350.466333
350.466333
350.466333
350.466333
350.466333
350.466333
350.466333
350.466333
350.466333
350.466333
350.466333
350.466333
350.466333
350.466333
350.466333
350.466333
350.466333
350.466333
350.466333
350.466333
350.466333
350.466333
350.466333
350.466333
350.466333
350.466333
350.466333
350.466333
350.466333
350.466333
350.466333
350.466333
350.466333
350.466333
350.466333
350.466333
350.466333
350.466333
350.466333
350.466333
350.466333
350.466333
350.466333
350.466333
350.466333
350.466333
350.466333
350.466333
350.466333
350.466333
350.466333
350.466333
350.466333
350.466333
350.466333
350.466333
350.466333
350.466333
350.466333
350.466333
350.466333
350.466333
350.466333
350.466333
350.466333
350.466333
350.466333
350.466333
350.466333
350.466333
350.466333
350.466333
350.466333
350.466333
350.466333
350.466333
350.466333
350.466333
350.466333
350.466333
350.466333
350.466333
350.466333
350.466333
350.466333
350.466333
350.466333
350.466333
350.466333
350.466333
350.466333
350.466333
350.466333
350.466333
350.466333
350.466333
350.466333
350.466333
350.466333
350.466333
350.466333
350.466333
350.466333
350.466333
350.466333
350.466333
350.466333
350.466333
350.466333
350.466333
350.466333
350.466333
350.466333
350.466333
350.466333
350.466333
350.466333
350.466333
350.466333
350.466333
350.466333
350.466333
350.466333
350.466333
350.466333
350.466333
350.466333
350.466333
350.466333
350.466333
350.466333
350.466333
350.466333
350.466333
350.466333
350.466333
350.466333
350.466333
350.466333
350.466333
350.466333
350.466333
350.466333
350.466333
350.466333
350.466333
350.466333
350.466333
350.466333
350.466333
350.466333
350.466333
350.466333
350.466333
350.466333
350.466333
350.466333
350.466333
350.466333
350.466333
350.466333
350.466333
350.466333
350.466333
350.466333
350.466333
350.466333
350.466333
350.466333
350.466333
350.466333
350.466333
350.466333
350.466333
350.466333
350.466333
350.466333
350.466333
350.466333
350.466333
350.466333
350.466333
350.466333
350.466333
350.466333
350.466333
350.466333
350.466333
350.466333
350.466333
350.466333
350.466333
350.466333
350.466333
350.466333
350.466333
350.466333
350.466333
350.466333
350.466333
350.466333
350.466333
350.466333
350.466333
350.466333
350.466333
350.466333
350.466333
350.466333
350.466333
350.466333
350.466333
350.466333
350.466333
350.466333
350.466333
350.466333
350.466333
350.466333
350.466333
350.466333
350.466333
350.466333
350.466333
350.466333
350.466333
350.466333
350.466333
350.466333
350.466333
350.466333
350.466333
350.466333
350.466333
350.466333
350.466333
350.466333
350.466333
350.466333
350.466333
350.466333
350.466333
350.466333
350.466333
350.466333
350.466333
350.466333
350.466333
350.466333
350.466333
350.466333
350.466333
350.466333
350.466333
350.466333
350.466333
350.466333
350.466333
350.466333
350.466333
350.466333
350.466333
350.466333
350.466333
350.466333
350.466333
350.466333
350.466333
350.466333
350.466333
350.466333
350.466333
350.466333
350.466333
350.466333
350.466333
350.466333
350.466333
350.466333
350.466333
350.466333
350.466333
350.466333
350.466333
350.466333
350.466333
350.466333
350.466333
350.466333
350.466333
350.466333
350.466333
350.466333
350.466333
350.010431
350.010431
350.010431
350.010431
350.010431
350.010431
350.010431
350.010431
350.010431
350.739638
350.739638
350.739638
350.739638
350.739638
350.739638
350.739638
350.739638
350.739638
350.739638
350.739638
350.739638
350.739638
350.739638
350.739638
350.739638
350.739638
350.739638
350.739638
350.739638
350.739638
350.739638
350.739638
350.739638
350.739638
350.739638
350.739638
350.739638
350.739638
350.739638
350.739638
350.739638
350.739638
350.739638
350.739638
350.739638
350.739638
350.739638
350.739638
350.739638
350.739638
350.739638
350.739638
350.739638
350.739638
350.739638
350.739638
350.739638
350.739638
350.739638
350.739638
350.739638
350.739638
350.739638
350.739638
350.739638
350.739638
350.739638
350.739638
350.739638
350.739638
350.739638
350.739638
350.739638
350.739638
350.739638
350.739638
350.739638
350.739638
350.739638
350.739638
350.739638
350.739638
350.739638
350.739638
350.739638
350.739638
350.739638
350.739638
350.739638
350.739638
350.739638
350.739638
350.739638
350.739638
350.739638
350.739638
350.739638
350.739638
350.739638
350.739638
350.739638
350.739638
350.739638
350.739638
350.739638
350.739638
350.739638
350.739638
350.739638
350.739638
350.739638
350.739638
350.739638
350.739638
350.739638
350.739638
350.739638
350.739638
350.739638
350.739638
350.739638
350.739638
350.739638
350.739638
350.739638
350.739638
350.739638
350.739638
350.739638
350.739638
350.739638
350.739638
350.739638
350.739638
350.739638
350.739638
350.739638
350.739638
350.739638
350.929896
350.929896
350.929896
350.929896
350.929896
350.929896
350.929896
350.929896
350.929896
350.929896
350.929896
350.929896
350.929896
350.929896
350.929896
350.929896
350.929896
350.929896
350.929896
350.929896
350.929896
350.929896
350.929896
350.929896
350.929896
350.929896
350.929896
350.929896
350.929896
350.929896
350.929896
350.929896
350.929896
350.929896
350.929896
350.929896
350.929896
350.929896
350.929896
350.929896
350.929896
350.929896
350.929896
350.929896
350.929896
350.929896
350.929896
350.929896
350.929896
350.929896
350.929896
350.929896
350.929896
350.929896
350.929896
350.929896
350.929896
350.929896
350.929896
350.929896
350.929896
350.929896
350.929896
350.929896
350.929896
350.929896
350.929896
350.929896
350.929896
350.929896
350.929896
350.929896
350.929896
350.929896
350.929896
350.929896
350.929896
350.929896
350.929896
350.929896
350.929896
350.929896
350.929896
350.929896
350.929896
350.929896
350.929896
350.929896
350.929896
350.929896
350.929896
350.929896
350.929896
350.929896
350.929896
350.929896
350.929896
350.929896
350.929896
350.929896
350.929896
350.929896
350.929896
350.929896
350.929896
350.929896
350.929896
350.929896
350.929896
350.929896
350.929896
350.929896
350.929896
350.929896
350.929896
350.929896
350.929896
350.929896
350.929896
350.929896
350.929896
350.929896
350.929896
350.929896
350.929896
350.929896
350.929896
350.929896
350.929896
350.929896
350.929896
350.929896
350.929896
350.929896
350.929896
350.929896
350.929896
350.929896
350.929896
350.929896
350.929896
350.929896
350.929896
350.929896
350.929896
350.929896
350.929896
350.929896
350.929896
350.929896
350.929896
350.929896
350.929896
350.929896
350.929896
350.929896
350.929896
350.929896
350.929896
350.929896
350.929896
350.929896
350.929896
350.929896
350.929896
350.929896
350.929896
350.929896
350.929896
350.929896
350.929896
350.929896
350.929896
350.929896
350.929896
350.929896
350.929896
350.929896
350.929896
350.929896
350.929896
350.929896
350.929896
350.929896
350.929896
350.929896
350.929896
350.929896
350.929896
350.929896
350.929896
350.929896
350.929896
350.929896
350.929896
350.929896
350.929896
350.929896
350.929896
350.929896
350.929896
350.929896
350.929896
350.929896
350.929896
350.929896
350.929896
350.929896
350.929896
350.929896
350.929896
350.929896
350.929896
350.929896
350.929896
350.929896
350.929896
350.929896
350.929896
350.929896
350.929896
350.929896
350.929896
350.929896
350.929896
350.929896
350.929896
350.929896
350.929896
350.929896
350.929896
350.929896
350.929896
350.929896
350.929896
350.929896
350.929896
350.929896
350.929896
350.929896
350.929896
350.929896
350.929896
350.929896
350.929896
350.929896
350.929896
350.929896
350.929896
350.929896
350.929896
350.929896
350.929896
350.929896
350.929896
350.929896
350.929896
350.929896
350.929896
350.929896
350.929896
350.929896
350.929896
350.929896
350.929896
350.929896
350.929896
350.929896
350.929896
350.929896
350.929896
350.929896
350.929896
350.929896
350.929896
350.929896
350.929896
350.929896
350.929896
350.929896
350.929896
350.929896
350.929896
350.929896
350.929896
350.929896
350.929896
350.929896
350.929896
350.929896
350.929896
350.929896
350.929896
350.929896
350.929896
350.929896
350.929896
350.929896
350.929896
350.929896
351.148334
351.148334
351.148334
351.148334
350.978995
350.978995
350.978995
350.978995
350.978995
350.978995
350.978995
350.978995
350.978995
350.978995
350.978995
350.978995
350.978995
350.978995
350.978995
350.978995
350.978995
350.978995
350.978995
350.978995
350.978995
350.978995
349.709949
349.709949
349.709949
349.709949
349.709949
349.709949
349.709949
349.709949
349.709949
349.709949
349.709949
349.709949
349.709949
349.709949
349.709949
349.709949
349.709949
349.709949
349.709949
349.709949
349.709949
349.709949
349.709949
349.709949
349.709949
349.709949
349.709949
349.709949
349.709949
349.709949
349.709949
349.709949
349.709949
349.709949
349.709949
349.709949
349.709949
349.709949
349.709949
349.709949
349.709949
349.709949
349.709949
349.709949
349.709949
349.709949
349.709949
349.709949
349.709949
349.709949
349.709949
349.709949
349.709949
349.709949
349.709949
349.709949
349.709949
349.709949
349.709949
349.709949
349.709949
349.709949
349.709949
349.095323
349.095323
349.095323
349.095323
349.095323
349.095323
349.095323
349.095323
349.095323
349.095323
349.095323
349.095323
349.095323
349.095323
349.095323
349.095323
349.095323
349.095323
349.095323
349.095323
349.095323
349.095323
349.095323
349.095323
349.095323
349.095323
349.095323
349.095323
349.095323
349.095323
349.095323
349.095323
349.095323
349.095323
349.095323
349.095323
349.095323
349.095323
349.095323
349.095323
349.095323
349.095323
349.095323
349.095323
349.095323
349.095323
349.095323
349.095323
349.095323
349.095323
349.095323
349.095323
349.095323
349.095323
349.095323
349.095323
349.095323
349.095323
348.391108
348.391108
348.391108
348.391108
348.391108
348.391108
348.391108
348.391108
348.391108
348.391108
348.391108
348.391108
348.391108
348.391108
348.391108
348.391108
348.391108
348.391108
348.391108
348.391108
348.391108
348.391108
348.391108
348.391108
348.391108
348.391108
348.391108
348.391108
348.391108
348.391108
348.391108
348.391108
348.391108
348.391108
348.391108
348.391108
348.391108
348.391108
348.391108
348.391108
348.391108
348.391108
348.391108
348.391108
348.391108
348.391108
348.391108
348.391108
348.391108
348.391108
348.391108
348.391108
348.391108
348.391108
348.391108
348.391108
348.391108
348.391108
348.391108
348.391108
348.391108
348.391108
348.391108
348.391108
348.391108
348.391108
348.391108
348.391108
348.391108
348.391108
348.391108
348.391108
348.391108
348.391108
348.391108
348.391108
348.391108
348.391108
348.391108
348.391108
348.391108
348.391108
348.391108
348.391108
348.391108
348.391108
348.391108
348.391108
348.391108
348.391108
348.391108
348.391108
348.391108
348.391108
348.391108
348.391108
348.391108
348.391108
348.391108
348.391108
348.391108
348.391108
348.391108
348.391108
348.391108
348.391108
348.391108
348.391108
348.391108
348.391108
348.391108
348.391108
348.391108
348.391108
348.391108
348.391108
348.391108
348.391108
348.391108
348.391108
348.391108
348.391108
348.391108
348.391108
348.391108
348.391108
348.391108
348.391108
348.391108
348.391108
348.391108
348.391108
348.391108
348.391108
348.391108
348.391108
348.391108
348.391108
348.391108
348.391108
348.391108
348.391108
348.391108
348.391108
348.391108
348.391108
348.391108
348.391108
348.391108
348.391108
348.391108
348.391108
348.391108
348.391108
348.391108
348.391108
348.391108
348.391108
348.391108
348.391108
348.391108
348.391108
348.391108
348.391108
348.391108
348.391108
348.391108
348.391108
348.391108
348.391108
348.391108
348.391108
348.391108
348.391108
348.391108
348.391108
348.391108
348.391108
348.391108
348.391108
348.391108
348.391108
348.391108
348.391108
348.391108
348.391108
348.391108
348.391108
348.391108
348.391108
348.391108
348.391108
348.391108
348.391108
348.391108
348.391108
348.391108
348.391108
348.391108
348.391108
348.391108
348.391108
348.391108
348.391108
348.391108
348.391108
348.391108
348.391108
348.391108
348.391108
348.391108
348.391108
348.391108
348.391108
348.391108
348.391108
348.391108
348.391108
348.391108
348.391108
348.391108
348.391108
348.391108
348.391108
348.391108
348.391108
348.391108
348.391108
348.391108
348.391108
348.391108
348.391108
348.391108
348.391108
348.391108
348.391108
348.391108
348.391108
348.391108
348.391108
348.391108
348.391108
348.391108
348.391108
348.391108
348.391108
348.391108
348.391108
348.391108
348.391108
348.391108
348.391108
348.391108
348.391108
348.391108
348.391108
348.391108
348.391108
348.391108
348.391108
348.391108
348.391108
348.391108
348.391108
348.391108
348.391108
348.391108
348.391108
348.391108
348.391108
348.391108
348.391108
348.391108
348.391108
348.391108
348.391108
348.391108
348.391108
348.391108
348.391108
348.391108
348.391108
348.391108
348.391108
348.391108
348.391108
348.391108
348.391108
348.391108
348.391108
348.391108
348.391108
348.391108
348.391108
348.391108
348.391108
348.391108
348.391108
348.391108
348.391108
348.391108
348.391108
348.391108
348.391108
348.391108
348.391108
348.391108
348.391108
348.391108
348.391108
348.391108
348.391108
348.391108
348.391108
348.391108
348.391108
348.391108
348.391108
348.391108
348.391108
348.391108
348.391108
347.462191
347.462191
347.462191
347.462191
347.462191
347.462191
347.462191
347.462191
347.462191
347.462191
347.462191
347.462191
347.462191
347.462191
347.462191
347.462191
347.462191
347.462191
347.462191
347.462191
347.462191
347.462191
347.462191
347.462191
347.462191
347.462191
347.462191
347.462191
347.462191
347.462191
347.462191
347.462191
347.462191
347.462191
347.462191
347.462191
347.462191
347.462191
347.462191
347.462191
347.462191
347.323713
347.323713
347.323713
347.323713
347.323713
347.323713
347.323713
347.323713
347.323713
347.323713
347.323713
347.323713
347.323713
347.323713
347.323713
347.323713
347.323713
347.323713
347.323713
347.323713
347.323713
347.323713
347.323713
347.323713
347.323713
347.323713
347.323713
347.323713
347.323713
347.323713
347.323713
347.323713
347.323713
347.323713
347.323713
347.323713
347.323713
347.323713
347.323713
347.323713
347.323713
347.323713
347.323713
347.323713
347.323713
347.323713
347.323713
347.323713
347.323713
347.323713
347.323713
347.323713
347.323713
347.323713
347.323713
347.323713
347.323713
347.323713
347.323713
347.323713
347.323713
347.323713
347.323713
347.323713
347.323713
347.323713
347.323713
347.323713
347.323713
347.323713
347.323713
347.323713
347.323713
347.323713
347.323713
347.323713
347.323713
347.323713
347.323713
347.323713
347.323713
347.323713
347.323713
347.323713
347.323713
347.323713
347.323713
347.323713
347.323713
347.323713
347.323713
347.323713
347.323713
347.323713
347.323713
347.323713
347.323713
347.323713
347.323713
347.323713
347.323713
347.323713
347.323713
347.323713
347.323713
347.323713
347.323713
347.323713
347.323713
347.323713
347.323713
347.323713
347.323713
347.323713
347.323713
347.323713
347.323713
347.323713
346.999281
346.999281
346.999281
346.999281
346.999281
346.999281
346.999281
346.999281
346.999281
346.999281
346.999281
346.999281
346.999281
346.999281
346.999281
346.999281
346.999281
346.999281
346.999281
346.999281
346.999281
346.999281
346.999281
346.999281
346.999281
346.999281
346.999281
346.999281
346.999281
346.999281
346.999281
346.999281
346.999281
346.999281
346.999281
346.999281
346.999281
346.999281
346.999281
346.999281
346.999281
346.999281
346.999281
346.999281
346.999281
346.999281
346.999281
346.999281
346.999281
346.999281
346.999281
346.999281
346.999281
346.999281
346.999281
346.999281
346.999281
346.999281
346.999281
346.999281
346.999281
346.999281
346.999281
346.999281
346.999281
346.999281
346.999281
346.999281
346.999281
346.999281
346.999281
346.999281
346.999281
346.999281
346.999281
346.999281
346.999281
346.999281
346.999281
346.999281
346.999281
346.999281
346.999281
346.999281
346.999281
346.999281
346.999281
346.999281
346.999281
346.999281
346.999281
346.999281
346.999281
346.999281
346.999281
346.999281
346.999281
346.999281
346.999281
346.999281
346.999281
346.999281
346.999281
346.999281
346.999281
346.999281
346.999281
346.999281
346.999281
346.999281
346.999281
346.999281
346.999281
346.999281
346.999281
346.999281
346.999281
346.999281
346.999281
346.999281
346.999281
346.999281
346.999281
346.999281
346.999281
346.999281
346.999281
346.999281
346.999281
347.464839
347.464839
347.464839
347.464839
347.464839
347.464839
347.464839
347.464839
347.464839
347.464839
347.464839
347.464839
347.464839
347.464839
347.464839
347.464839
347.464839
347.464839
347.464839
347.464839
347.464839
347.464839
347.464839
347.464839
347.464839
347.464839
347.464839
347.464839
347.464839
347.464839
347.464839
347.464839
347.464839
347.464839
347.464839
347.464839
347.464839
347.464839
347.464839
347.464839
347.464839
347.464839
347.464839
347.464839
347.464839
347.464839
347.464839
347.464839
347.464839
347.464839
347.464839
347.464839
347.464839
347.464839
347.464839
347.464839
347.464839
347.464839
347.464839
347.464839
347.464839
347.464839
347.464839
347.464839
347.464839
347.464839
347.464839
347.464839
347.464839
347.464839
347.464839
347.464839
347.464839
347.464839
347.464839
347.464839
347.464839
347.464839
347.464839
347.464839
347.464839
347.464839
347.464839
347.464839
347.464839
347.464839
347.464839
347.464839
347.464839
347.464839
347.464839
347.464839
347.464839
347.464839
347.464839
347.464839
347.464839
347.464839
347.464839
347.464839
347.464839
347.464839
347.464839
347.464839
347.464839
347.464839
347.464839
347.464839
347.464839
347.464839
347.464839
347.464839
347.464839
347.464839
347.464839
347.464839
347.464839
347.464839
347.464839
347.464839
347.464839
347.464839
347.464839
347.464839
347.464839
347.464839
347.464839
347.464839
347.464839
347.464839
347.464839
347.464839
347.464839
347.464839
347.464839
347.464839
347.464839
347.464839
347.464839
347.464839
347.464839
347.464839
347.464839
347.464839
347.464839
347.464839
347.464839
347.464839
347.464839
347.464839
347.464839
347.464839
347.464839
347.464839
347.464839
347.464839
347.464839
347.464839
347.464839
347.464839
347.464839
347.464839
347.464839
347.464839
347.464839
347.464839
347.464839
347.464839
347.464839
347.464839
347.464839
347.464839
347.464839
347.464839
347.464839
347.464839
347.464839
347.464839
347.464839
347.464839
347.464839
347.464839
347.464839
347.464839
347.464839
347.464839
347.464839
347.464839
347.464839
347.464839
347.464839
347.464839
347.464839
347.464839
347.464839
347.464839
347.464839
347.464839
347.464839
347.464839
347.464839
347.464839
347.464839
347.464839
347.464839
347.464839
347.464839
347.464839
347.464839
347.464839
347.464839
347.464839
347.464839
347.464839
347.464839
347.464839
347.464839
347.464839
347.464839
347.464839
347.464839
347.464839
347.464839
347.464839
347.464839
347.464839
347.464839
347.464839
347.464839
347.464839
347.464839
347.464839
347.464839
347.464839
347.464839
347.464839
347.464839
347.464839
347.464839
347.464839
347.464839
347.464839
347.464839
347.464839
347.464839
347.464839
347.464839
347.464839
347.464839
347.464839
347.464839
347.464839
347.464839
347.464839
347.464839
347.464839
347.464839
347.464839
347.464839
347.464839
347.464839
347.464839
347.464839
347.464839
347.464839
347.464839
347.464839
347.464839
347.464839
347.464839
347.464839
347.464839
347.464839
347.464839
347.464839
347.464839
347.464839
347.464839
347.464839
347.464839
347.464839
347.464839
347.464839
347.464839
347.464839
347.464839
347.464839
347.464839
347.464839
347.464839
347.464839
347.464839
347.464839
347.464839
347.464839
347.464839
347.464839
347.464839
347.464839
347.464839
347.464839
347.464839
347.464839
347.464839
347.464839
347.464839
347.464839
347.464839
347.464839
347.464839
347.464839
347.464839
347.464839
347.464839
347.464839
347.464839
347.464839
347.464839
347.464839
347.464839
347.464839
347.464839
347.464839
347.464839
347.464839
347.464839
347.464839
347.464839
347.464839
347.464839
347.464839
347.464839
347.464839
347.464839
347.464839
347.464839
347.464839
347.464839
347.464839
347.464839
347.464839
347.464839
347.464839
347.464839
347.464839
347.464839
347.464839
347.464839
347.464839
347.464839
347.464839
347.464839
347.464839
347.464839
347.464839
347.464839
347.464839
347.464839
347.464839
347.464839
347.462430
347.462430
347.462430
347.462430
347.462430
347.462430
347.462430
347.462430
347.462430
347.462430
347.462430
347.462430
347.462430
347.462430
347.462430
347.462430
347.462430
347.462430
347.462430
347.462430
347.462430
347.462430
347.462430
347.462430
347.462430
347.462430
347.462430
347.462430
347.462430
347.462430
347.462430
347.462430
347.462430
347.462430
347.462430
347.462430
347.462430
347.462430
347.462430
347.462430
347.462430
347.462430
347.462430
347.462430
347.462430
347.462430
347.462430
347.462430
347.462430
347.462430
347.462430
347.462430
347.462430
347.462430
347.462430
347.462430
347.462430
347.462430
347.462430
347.462430
347.462430
347.462430
347.462430
347.462430
347.462430
347.462430
347.462430
347.097243
347.097243
347.097243
347.097243
347.097243
347.097243
347.097243
347.097243
347.097243
347.097243
347.097243
347.097243
347.097243
347.097243
347.097243
347.097243
347.097243
347.097243
347.097243
347.097243
347.097243
347.097243
347.097243
347.097243
347.097243
347.097243
347.097243
347.097243
347.097243
347.097243
347.097243
347.097243
347.097243
347.097243
347.097243
347.097243
347.097243
347.097243
347.097243
347.097243
347.097243
347.097243
347.097243
347.097243
347.097243
347.097243
347.097243
347.097243
347.097243
347.097243
347.097243
347.097243
347.097243
347.097243
347.097243
347.097243
347.097243
347.097243
347.097243
347.097243
347.097243
347.097243
347.097243
347.097243
347.097243
347.097243
347.097243
347.097243
347.097243
347.097243
347.097243
347.097243
347.097243
347.097243
347.097243
347.097243
347.097243
347.097243
347.097243
347.097243
347.097243
347.097243
347.097243
347.097243
347.097243
347.097243
347.097243
347.097243
347.097243
347.097243
347.097243
347.097243
347.097243
347.097243
347.097243
347.097243
347.097243
347.097243
347.097243
347.097243
347.097243
347.097243
347.097243
347.097243
347.097243
347.097243
347.097243
347.097243
347.097243
347.097243
347.097243
347.097243
347.097243
347.097243
347.097243
347.097243
347.097243
347.097243
347.097243
347.097243
347.097243
347.097243
347.097243
347.097243
347.097243
347.097243
347.097243
347.097243
347.097243
347.097243
347.097243
347.097243
347.097243
347.097243
347.097243
347.097243
347.097243
347.097243
347.097243
347.097243
347.097243
347.097243
347.097243
347.097243
347.097243
347.097243
347.097243
347.097243
347.097243
347.097243
347.097243
347.097243
347.097243
347.097243
347.097243
347.097243
347.097243
347.097243
347.097243
347.097243
347.097243
347.097243
347.097243
347.097243
347.097243
347.097243
347.097243
347.097243
347.097243
347.097243
347.097243
347.097243
347.097243
347.097243
347.097243
347.097243
347.097243
347.097243
347.097243
347.097243
347.097243
347.097243
347.097243
347.097243
347.097243
347.097243
347.097243
347.097243
347.097243
347.097243
347.097243
347.097243
347.097243
347.097243
347.097243
347.097243
347.097243
347.097243
347.097243
347.097243
347.097243
347.097243
347.097243
347.097243
347.097243
347.097243
347.097243
347.097243
347.097243
347.097243
346.631345
346.631345
346.631345
346.631345
346.631345
346.631345
346.631345
346.631345
346.631345
346.631345
346.631345
346.631345
346.631345
346.631345
346.631345
346.631345
346.631345
346.631345
346.631345
346.631345
346.631345
346.631345
346.631345
346.631345
346.631345
346.631345
346.631345
346.631345
346.631345
346.631345
346.631345
346.631345
346.631345
346.631345
346.631345
346.631345
346.631345
346.631345
346.631345
346.631345
346.631345
346.631345
346.631345
346.631345
346.631345
346.631345
346.631345
346.631345
346.631345
346.631345
346.631345
346.631345
346.631345
346.631345
346.631345
346.631345
346.631345
346.631345
346.631345
346.631345
346.631345
346.631345
346.631345
346.631345
346.631345
346.631345
346.631345
346.631345
346.631345
346.631345
346.631345
346.631345
346.631345
346.631345
346.631345
346.631345
346.631345
346.631345
346.631345
346.631345
346.631345
346.631345
346.631345
346.631345
346.631345
346.631345
346.631345
346.631345
346.631345
346.631345
346.631345
346.631345
346.631345
346.631345
346.631345
346.631345
346.631345
346.631345
346.631345
346.631345
346.631345
346.631345
346.631345
346.631345
346.631345
346.631345
346.631345
346.631345
346.631345
346.631345
346.631345
346.631345
346.631345
346.631345
346.631345
346.631345
346.631345
346.631345
346.631345
346.631345
346.631345
346.631345
346.631345
346.631345
346.631345
346.631345
346.631345
346.631345
346.631345
346.631345
346.631345
346.631345
346.631345
346.631345
346.631345
346.631345
346.631345
346.631345
346.631345
346.631345
346.631345
346.631345
346.631345
346.631345
346.631345
346.631345
346.631345
346.631345
346.631345
346.631345
346.631345
346.631345
346.631345
346.631345
346.631345
346.631345
346.631345
346.631345
346.631345
346.631345
346.631345
346.631345
346.631345
346.631345
346.631345
346.631345
346.631345
346.631345
346.631345
346.631345
346.631345
346.631345
346.631345
346.631345
346.631345
346.631345
346.631345
346.631345
346.631345
346.631345
346.631345
346.631345
346.631345
346.631345
346.631345
346.631345
346.631345
346.631345
346.631345
346.631345
346.631345
346.631345
346.631345
346.631345
346.631345
346.631345
346.631345
346.631345
346.631345
346.631345
346.631345
346.631345
346.631345
346.631345
346.631345
346.631345
346.631345
346.631345
346.631345
346.631345
346.631345
346.631345
346.631345
346.631345
346.631345
346.631345
346.631345
346.631345
346.631345
346.631345
346.631345
346.631345
346.631345
346.631345
346.631345
346.631345
346.631345
346.631345
346.631345
346.631345
346.631345
346.631345
346.631345
346.631345
346.631345
346.631345
346.631345
346.631345
346.631345
346.631345
346.631345
346.631345
346.631345
346.631345
346.631345
346.631345
346.631345
346.631345
346.631345
346.631345
346.631345
346.631345
346.631345
346.631345
346.631345
346.631345
346.631345
346.631345
346.631345
346.631345
346.631345
346.631345
346.631345
346.631345
346.631345
346.631345
346.631345
346.631345
346.631345
346.631345
346.631345
346.631345
346.631345
346.631345
346.631345
346.631345
346.631345
346.631345
346.631345
346.631345
346.631345
346.631345
346.631345
346.631345
346.631345
346.631345
346.631345
346.631345
346.631345
346.631345
346.631345
346.631345
346.631345
346.631345
346.631345
346.631345
346.631345
346.631345
346.631345
346.631345
346.631345
346.631345
346.631345
346.631345
346.631345
346.631345
346.631345
346.631345
346.631345
346.631345
346.631345
346.631345
346.631345
346.631345
346.631345
346.631345
346.631345
346.631345
346.631345
346.631345
346.631345
346.631345
346.631345
346.631345
346.631345
346.631345
346.631345
346.631345
346.631345
346.631345
346.631345
346.631345
346.631345
346.631345
346.631345
346.631345
346.631345
346.631345
346.631345
346.631345
346.631345
346.631345
346.631345
346.631345
346.631345
346.631345
346.631345
346.631345
346.631345
346.631345
346.631345
346.631345
346.631345
346.631345
346.631345
346.631345
346.631345
346.631345
346.631345
346.631345
346.631345
346.631345
346.631345
346.631345
346.631345
346.631345
346.631345
346.631345
346.631345
346.631345
346.631345
346.631345
346.631345
346.631345
346.631345
346.631345
346.631345
346.631345
346.631345
346.631345
346.631345
346.631345
346.631345
346.631345
346.631345
346.631345
346.631345
346.631345
346.631345
346.631345
346.631345
346.631345
346.816253
346.816253
346.816253
346.816253
346.816253
346.816253
346.816253
346.816253
346.816253
346.816253
346.816253
346.816253
346.816253
346.816253
346.816253
346.816253
346.816253
346.816253
346.816253
346.816253
346.816253
346.816253
346.816253
346.816253
346.816253
346.816253
346.816253
346.816253
346.816253
346.816253
346.816253
346.816253
346.816253
346.816253
346.816253
346.816253
346.816253
346.816253
346.816253
346.816253
346.816253
346.816253
346.816253
346.816253
346.816253
346.816253
346.816253
346.816253
346.816253
346.816253
346.816253
346.816253
346.816253
346.816253
346.816253
346.816253
346.816253
346.816253
346.816253
346.816253
346.816253
346.816253
346.816253
346.816253
346.816253
346.816253
346.816253
346.816253
346.816253
346.816253
346.816253
346.816253
346.816253
346.816253
346.816253
346.816253
346.816253
346.816253
346.816253
346.816253
346.816253
346.816253
346.816253
346.816253
346.816253
346.816253
346.816253
346.816253
346.816253
346.816253
346.816253
346.816253
346.816253
346.816253
346.816253
346.816253
346.816253
346.816253
346.816253
346.816253
346.816253
346.816253
346.816253
346.816253
346.816253
346.816253
346.816253
346.816253
346.816253
346.816253
346.816253
346.816253
346.816253
346.816253
346.816253
346.816253
346.816253
346.816253
346.816253
346.816253
346.816253
346.816253
346.816253
346.816253
346.816253
346.816253
346.816253
346.816253
346.816253
346.816253
346.816253
346.816253
346.816253
346.816253
346.816253
346.816253
346.816253
346.816253
346.816253
346.816253
346.816253
346.816253
346.816253
346.816253
346.816253
346.816253
346.816253
346.816253
346.816253
346.816253
346.816253
346.816253
346.816253
346.816253
346.816253
346.816253
346.816253
346.816253
346.816253
346.816253
346.816253
346.816253
346.816253
346.816253
346.816253
346.816253
346.816253
346.816253
346.816253
346.816253
346.816253
346.816253
346.816253
346.816253
346.816253
346.816253
346.816253
346.816253
346.816253
346.816253
346.816253
346.816253
346.816253
346.816253
346.816253
346.816253
346.816253
346.816253
346.816253
346.816253
346.816253
346.816253
346.816253
346.816253
346.816253
346.816253
346.816253
346.816253
346.816253
346.816253
346.816253
346.816253
346.816253
346.816253
346.816253
346.816253
346.816253
346.816253
346.816253
346.816253
346.816253
346.816253
346.816253
346.816253
346.816253
346.816253
346.816253
346.816253
346.816253
346.816253
346.816253
346.816253
346.816253
346.816253
346.816253
346.816253
346.816253
346.816253
346.816253
346.816253
346.816253
346.816253
346.816253
346.816253
346.816253
346.816253
346.816253
346.816253
346.816253
346.816253
346.816253
346.816253
346.816253
346.816253
346.816253
346.816253
346.816253
346.816253
346.816253
346.816253
346.816253
346.816253
346.816253
346.816253
346.816253
346.816253
346.816253
346.816253
346.816253
346.816253
346.816253
346.816253
346.816253
346.816253
346.816253
346.816253
346.816253
346.816253
346.816253
346.816253
346.816253
346.816253
346.816253
346.816253
346.816253
346.816253
346.816253
346.816253
346.816253
346.816253
346.816253
346.816253
346.816253
346.816253
346.816253
346.816253
346.816253
346.816253
346.816253
346.816253
346.816253
346.816253
346.816253
346.816253
346.816253
346.816253
346.816253
346.816253
346.816253
346.816253
346.816253
346.816253
346.816253
346.816253
346.816253
346.816253
346.816253
346.816253
346.816253
346.816253
346.816253
346.816253
346.816253
346.816253
346.816253
346.816253
346.816253
346.816253
346.816253
346.816253
346.816253
346.816253
346.816253
346.816253
346.816253
346.816253
346.816253
346.816253
346.816253
346.816253
346.816253
346.816253
346.816253
346.816253
346.816253
346.816253
346.816253
346.816253
346.816253
346.816253
346.816253
346.816253
346.816253
346.816253
346.816253
346.816253
346.816253
346.816253
346.816253
346.816253
346.404505
346.404505
346.404505
346.404505
346.404505
346.404505
346.404505
346.404505
346.404505
346.404505
346.404505
346.404505
346.404505
346.404505
346.404505
346.404505
346.404505
346.404505
346.404505
346.404505
346.404505
346.404505
346.404505
346.404505
346.404505
346.404505
346.404505
346.404505
346.404505
346.404505
346.404505
346.404505
346.404505
346.404505
346.404505
346.404505
346.404505
346.404505
346.404505
346.404505
346.404505
346.404505
346.404505
346.404505
346.404505
346.404505
346.404505
346.404505
346.404505
346.404505
346.404505
346.404505
346.404505
346.404505
346.404505
346.404505
346.404505
346.404505
346.404505
346.404505
346.404505
346.404505
346.404505
346.404505
346.404505
346.404505
346.404505
346.404505
346.404505
346.404505
346.404505
346.404505
346.404505
346.404505
346.404505
346.404505
346.404505
346.404505
346.404505
346.404505
346.404505
346.404505
346.404505
346.404505
346.404505
346.404505
346.404505
346.404505
346.404505
346.404505
346.404505
346.404505
346.404505
346.404505
346.404505
346.404505
346.404505
346.404505
346.404505
346.404505
346.404505
346.404505
346.404505
346.404505
346.404505
346.404505
346.404505
346.404505
346.404505
346.404505
346.404505
346.404505
346.404505
346.404505
346.404505
346.404505
346.404505
346.404505
346.404505
346.404505
346.404505
346.404505
346.404505
346.404505
346.404505
346.404505
346.404505
346.404505
346.404505
346.404505
346.404505
346.404505
346.404505
346.404505
346.404505
346.404505
346.404505
346.404505
346.404505
346.404505
346.404505
346.404505
346.404505
346.404505
346.404505
346.404505
346.404505
346.404505
346.404505
346.404505
346.404505
346.404505
346.404505
346.404505
346.404505
346.404505
346.404505
346.404505
346.404505
346.404505
346.404505
346.404505
346.404505
346.404505
346.404505
346.404505
346.404505
346.404505
346.404505
346.404505
346.404505
346.404505
346.404505
346.404505
346.404505
346.404505
346.404505
346.404505
346.404505
346.404505
346.404505
346.404505
346.404505
346.404505
346.404505
346.404505
346.404505
346.404505
346.404505
346.404505
346.404505
346.404505
346.404505
346.404505
346.404505
346.404505
346.404505
346.404505
346.404505
346.404505
346.404505
346.404505
346.404505
346.404505
346.404505
346.404505
346.404505
346.404505
346.404505
346.404505
346.404505
346.404505
346.404505
346.404505
346.404505
346.404505
346.404505
346.404505
346.404505
346.404505
346.404505
346.404505
346.404505
346.404505
346.404505
346.404505
346.404505
346.404505
346.404505
346.404505
346.404505
346.404505
346.404505
346.404505
346.404505
346.404505
346.404505
346.404505
346.404505
346.404505
346.404505
346.404505
346.404505
346.404505
346.404505
346.404505
346.404505
346.404505
346.363613
346.363613
346.363613
346.363613
346.363613
346.363613
346.363613
346.363613
346.363613
346.363613
346.363613
346.363613
346.363613
346.363613
346.363613
346.363613
346.363613
346.363613
346.363613
346.363613
346.363613
346.363613
346.363613
346.363613
346.363613
346.363613
346.363613
346.363613
346.363613
346.363613
346.363613
346.363613
346.363613
346.363613
346.363613
346.363613
346.363613
346.363613
346.363613
346.363613
346.363613
346.363613
346.363613
346.363613
346.363613
346.363613
346.363613
346.363613
346.363613
346.363613
346.363613
346.363613
346.363613
346.363613
346.363613
346.363613
346.363613
346.363613
346.363613
346.363613
346.363613
346.363613
346.363613
346.363613
346.363613
346.363613
346.363613
346.363613
346.363613
346.363613
346.363613
346.363613
346.363613
346.363613
346.363613
346.363613
346.363613
346.363613
346.363613
346.363613
346.363613
346.363613
346.363613
346.363613
346.363613
346.363613
346.363613
346.363613
346.363613
346.363613
346.363613
346.363613
346.363613
346.363613
346.363613
346.363613
346.363613
346.363613
346.363613
346.363613
346.363613
346.363613
346.363613
346.363613
346.363613
346.363613
346.363613
346.363613
346.363613
346.363613
346.363613
346.363613
346.363613
346.363613
346.363613
346.363613
346.363613
346.363613
346.363613
346.363613
346.363613
346.363613
346.363613
346.363613
346.363613
346.363613
346.363613
346.363613
346.363613
346.363613
346.363613
346.363613
346.363613
346.363613
346.363613
346.363613
346.363613
346.363613
346.363613
346.363613
346.363613
346.363613
346.363613
346.363613
346.363613
346.363613
346.363613
346.363613
346.363613
346.363613
346.363613
346.363613
346.363613
346.363613
346.363613
346.363613
346.363613
346.363613
346.363613
346.363613
346.363613
346.363613
346.363613
346.363613
346.363613
346.363613
346.363613
346.363613
346.363613
346.363613
346.363613
346.363613
346.363613
346.363613
346.363613
346.363613
346.363613
346.363613
346.363613
346.363613
346.363613
346.363613
346.363613
346.363613
346.363613
346.363613
346.363613
346.363613
346.363613
346.363613
346.363613
346.363613
346.363613
346.363613
346.363613
346.363613
346.363613
346.363613
346.363613
346.363613
346.363613
346.363613
346.363613
346.363613
346.363613
346.363613
346.363613
346.363613
346.363613
346.363613
346.363613
346.363613
346.363613
346.363613
346.363613
346.363613
346.363613
346.363613
346.363613
346.363613
346.363613
346.363613
346.363613
346.363613
346.363613
346.363613
346.363613
346.363613
346.363613
346.363613
346.363613
346.363613
346.363613
346.363613
346.363613
346.363613
346.363613
346.363613
346.363613
346.363613
346.363613
346.363613
346.363613
346.363613
346.363613
346.363613
346.363613
346.363613
346.363613
346.363613
346.363613
346.363613
346.363613
346.363613
346.363613
346.363613
346.363613
346.363613
346.363613
346.363613
346.363613
346.363613
346.363613
346.363613
346.363613
346.363613
346.363613
346.363613
346.363613
346.363613
346.363613
346.363613
346.363613
346.363613
346.363613
346.363613
346.363613
346.363613
346.363613
346.363613
346.363613
346.363613
346.363613
346.363613
346.363613
346.363613
346.363613
346.363613
346.363613
346.363613
346.363613
346.363613
346.363613
346.363613
346.363613
346.363613
346.363613
346.363613
346.363613
346.363613
346.363613
346.363613
346.363613
346.363613
346.363613
346.363613
346.363613
346.363613
346.363613
346.363613
346.363613
346.363613
346.363613
346.363613
346.363613
346.363613
346.363613
346.363613
346.363613
346.363613
346.363613
346.363613
346.363613
346.363613
346.363613
346.363613
346.363613
346.363613
346.363613
346.363613
346.363613
346.363613
346.363613
346.363613
346.363613
346.363613
346.363613
346.363613
346.363613
346.363613
346.363613
346.363613
346.363613
346.363613
346.363613
346.363613
346.363613
346.363613
346.363613
346.363613
346.363613
346.363613
346.363613
346.363613
346.363613
346.363613
346.363613
346.363613
346.363613
346.363613
346.363613
346.363613
346.363613
346.363613
346.363613
346.363613
346.363613
346.363613
346.363613
346.363613
346.363613
346.363613
346.363613
346.363613
346.363613
346.363613
346.363613
346.363613
346.363613
346.363613
346.363613
346.363613
346.363613
346.363613
346.363613
346.363613
346.363613
346.363613
346.363613
346.363613
346.363613
346.363613
346.363613
346.363613
346.363613
346.363613
346.363613
346.363613
346.363613
346.363613
346.363613
346.363613
346.363613
346.363613
346.363613
346.363613
346.363613
346.363613
346.363613
346.363613
346.363613
346.363613
346.363613
346.363613
346.363613
346.363613
346.363613
346.363613
346.363613
346.363613
346.363613
346.363613
346.363613
346.363613
346.363613
346.363613
346.363613
346.363613
346.363613
346.363613
346.363613
346.363613
346.363613
346.363613
346.363613
346.363613
346.363613
346.363613
346.363613
346.363613
346.363613
346.363613
346.363613
346.363613
346.363613
346.363613
346.363613
346.363613
346.363613
346.363613
346.363613
346.363613
346.747282
346.747282
346.747282
346.747282
346.747282
346.747282
346.747282
346.747282
346.747282
346.747282
346.747282
346.747282
346.747282
346.747282
346.747282
346.747282
346.747282
346.747282
346.747282
346.747282
346.747282
346.747282
346.747282
346.747282
346.747282
346.747282
346.747282
346.747282
346.747282
346.747282
346.747282
346.747282
346.747282
346.747282
346.747282
346.747282
346.747282
346.747282
346.747282
346.747282
346.747282
346.747282
346.747282
346.747282
346.747282
346.747282
346.747282
346.747282
346.747282
346.747282
346.551502
346.551502
346.551502
346.551502
346.551502
346.551502
346.551502
346.551502
346.551502
346.551502
346.551502
346.551502
346.551502
346.551502
346.551502
346.551502
346.551502
346.551502
346.551502
346.551502
346.551502
346.551502
346.551502
346.551502
346.551502
346.551502
346.551502
346.551502
346.551502
346.551502
346.551502
346.551502
346.551502
346.551502
346.551502
346.551502
346.551502
346.551502
346.551502
346.551502
346.551502
346.551502
346.551502
346.551502
346.551502
346.551502
346.551502
346.551502
346.551502
346.551502
346.551502
346.551502
346.551502
346.551502
346.551502
346.551502
346.551502
346.551502
346.551502
346.551502
346.551502
346.551502
346.551502
346.551502
346.551502
346.551502
346.551502
346.551502
346.551502
346.551502
346.551502
346.551502
346.551502
346.551502
346.551502
346.551502
346.551502
346.551502
346.551502
346.551502
346.551502
346.551502
346.551502
346.551502
346.551502
346.551502
346.551502
346.551502
346.551502
346.551502
346.551502
346.551502
346.551502
346.551502
346.551502
346.551502
346.551502
346.551502
346.551502
346.551502
346.551502
346.551502
346.551502
346.551502
346.551502
346.551502
346.551502
346.551502
346.551502
346.551502
346.551502
346.551502
346.551502
346.551502
346.551502
346.551502
346.551502
346.551502
346.551502
346.551502
346.551502
346.551502
346.551502
346.551502
346.551502
346.551502
346.551502
346.551502
346.551502
346.551502
346.551502
346.551502
346.551502
346.551502
346.551502
346.551502
346.551502
346.551502
346.551502
346.551502
346.551502
346.551502
346.551502
346.551502
346.551502
346.551502
346.551502
346.551502
346.551502
346.551502
346.551502
346.551502
346.551502
346.551502
346.551502
346.551502
346.551502
346.551502
346.551502
346.551502
346.551502
346.551502
346.551502
346.551502
346.551502
346.551502
346.551502
346.551502
346.551502
346.551502
346.551502
346.551502
346.551502
346.551502
346.551502
346.551502
346.551502
346.551502
346.551502
346.551502
346.551502
346.551502
346.551502
346.551502
346.551502
346.551502
346.551502
346.551502
346.551502
346.551502
346.551502
346.551502
346.551502
346.551502
346.551502
346.551502
346.551502
346.551502
346.551502
346.551502
346.551502
346.551502
346.551502
346.551502
346.551502
346.551502
346.551502
346.551502
346.551502
346.551502
346.551502
346.551502
346.551502
346.551502
346.551502
346.551502
346.551502
346.551502
346.551502
346.551502
346.551502
346.551502
346.551502
346.551502
346.551502
346.551502
346.551502
346.551502
346.551502
346.551502
346.551502
346.551502
346.551502
346.551502
346.551502
346.551502
346.551502
346.551502
346.551502
346.551502
346.551502
346.551502
346.551502
346.551502
346.551502
346.551502
346.551502
346.551502
346.551502
346.551502
346.551502
346.551502
346.551502
346.551502
346.551502
346.551502
346.551502
346.551502
346.551502
346.551502
346.551502
346.551502
346.551502
346.551502
346.551502
346.551502
346.551502
346.551502
346.551502
346.551502
346.551502
346.551502
346.551502
346.551502
346.551502
346.551502
346.551502
346.551502
346.551502
346.551502
346.551502
346.551502
346.551502
346.551502
346.663443
346.663443
346.663443
346.663443
346.663443
346.663443
346.663443
346.663443
346.663443
346.663443
346.663443
346.663443
346.663443
346.663443
346.663443
346.663443
346.663443
346.663443
346.663443
346.663443
346.663443
346.663443
346.663443
346.663443
346.663443
346.663443
346.663443
346.663443
346.663443
346.663443
346.663443
346.663443
346.663443
346.663443
346.663443
346.663443
346.663443
346.663443
346.663443
346.663443
346.663443
346.663443
346.663443
346.663443
346.663443
346.663443
346.663443
346.663443
346.663443
346.663443
346.663443
346.663443
346.663443
346.663443
346.663443
346.663443
346.663443
346.663443
346.663443
346.663443
346.663443
346.663443
346.663443
346.663443
346.663443
346.663443
346.663443
346.663443
346.663443
346.663443
346.663443
346.663443
346.663443
346.663443
346.663443
346.663443
346.663443
346.663443
346.663443
346.663443
346.663443
346.663443
346.663443
346.663443
346.663443
346.663443
346.663443
346.663443
346.663443
346.663443
346.663443
346.663443
346.663443
346.663443
346.663443
346.663443
346.663443
346.663443
346.663443
346.663443
346.663443
346.663443
346.663443
346.663443
346.663443
346.663443
346.663443
346.663443
346.663443
346.663443
346.663443
346.663443
346.663443
346.663443
346.663443
346.663443
346.663443
346.663443
346.663443
346.663443
346.663443
346.663443
346.663443
346.663443
346.663443
346.663443
346.663443
346.663443
346.663443
346.663443
346.663443
346.663443
346.663443
346.663443
346.663443
346.663443
346.663443
346.663443
346.663443
346.663443
346.663443
346.663443
346.663443
346.663443
346.663443
346.663443
346.663443
346.663443
346.663443
346.663443
346.663443
346.663443
346.663443
346.663443
346.663443
346.663443
346.663443
346.663443
346.663443
346.663443
346.663443
346.414024
346.414024
346.414024
346.414024
346.414024
346.414024
346.414024
346.414024
346.414024
346.414024
346.414024
346.414024
346.414024
346.414024
346.414024
346.414024
346.414024
346.414024
346.414024
346.414024
346.414024
346.414024
346.414024
346.414024
346.414024
346.414024
346.414024
346.414024
346.414024
346.414024
346.414024
346.414024
346.414024
346.414024
346.414024
346.414024
346.414024
346.414024
346.414024
346.414024
346.414024
346.414024
346.414024
346.414024
346.414024
346.414024
346.414024
346.414024
346.414024
346.414024
346.414024
346.414024
346.414024
346.414024
346.414024
346.414024
346.414024
346.414024
346.414024
346.414024
346.414024
346.414024
346.414024
346.414024
346.414024
346.414024
346.414024
346.414024
346.414024
346.414024
346.414024
346.414024
346.414024
346.414024
346.414024
346.414024
346.414024
346.414024
346.414024
346.414024
346.414024
346.414024
346.414024
346.414024
346.414024
346.414024
346.414024
346.414024
346.414024
346.414024
346.414024
346.414024
346.414024
346.414024
346.414024
346.414024
346.414024
346.414024
346.414024
346.414024
346.414024
346.414024
346.414024
346.414024
346.414024
346.414024
346.414024
346.414024
346.414024
346.414024
346.414024
346.414024
346.414024
346.414024
346.414024
346.414024
346.414024
346.414024
346.414024
346.414024
346.414024
346.414024
346.414024
346.414024
346.414024
346.414024
346.414024
346.414024
346.414024
346.414024
346.414024
346.414024
346.414024
346.414024
346.414024
346.414024
346.414024
346.414024
346.414024
346.414024
346.414024
346.414024
346.414024
346.414024
346.414024
346.414024
346.414024
346.414024
346.414024
346.414024
346.414024
346.414024
346.414024
346.414024
346.414024
346.414024
346.414024
346.414024
346.414024
346.414024
346.414024
346.414024
346.414024
346.414024
346.414024
346.414024
346.414024
346.414024
346.414024
346.414024
346.414024
346.414024
346.414024
346.414024
346.414024
346.414024
346.414024
346.414024
346.414024
346.414024
346.414024
346.414024
346.414024
346.414024
346.414024
346.414024
346.414024
346.414024
346.414024
346.414024
346.414024
346.414024
346.414024
346.414024
346.414024
346.414024
346.414024
346.414024
346.414024
346.414024
346.414024
346.414024
346.414024
346.414024
346.414024
346.414024
346.414024
346.414024
346.414024
346.414024
346.414024
346.414024
346.414024
346.414024
346.414024
346.414024
346.414024
346.414024
346.414024
346.414024
346.414024
346.414024
346.414024
346.414024
346.414024
346.414024
346.414024
346.414024
346.414024
346.414024
346.414024
346.414024
346.414024
346.414024
346.414024
346.414024
346.414024
346.414024
346.414024
346.414024
346.414024
346.414024
346.414024
346.414024
346.414024
346.414024
346.414024
346.414024
346.414024
346.414024
346.414024
346.414024
346.414024
346.414024
346.414024
346.414024
346.414024
346.414024
346.414024
346.414024
346.414024
346.414024
346.414024
346.414024
346.414024
346.414024
346.414024
346.414024
346.414024
346.414024
346.414024
346.414024
346.414024
346.414024
346.414024
346.414024
346.414024
346.414024
346.414024
346.414024
346.414024
346.414024
346.414024
346.414024
346.414024
346.414024
346.414024
346.414024
346.414024
346.414024
346.414024
346.414024
346.414024
346.414024
346.414024
346.414024
346.414024
346.414024
346.414024
346.414024
346.414024
346.414024
346.414024
346.414024
346.414024
346.414024
346.414024
346.414024
346.414024
346.414024
346.414024
346.414024
346.414024
346.414024
346.414024
346.414024
346.414024
346.414024
346.414024
346.414024
346.414024
346.414024
346.414024
346.414024
346.414024
346.414024
346.414024
346.414024
346.414024
346.414024
346.414024
346.414024
346.414024
346.414024
346.414024
346.414024
346.414024
346.414024
346.414024
346.414024
346.414024
346.414024
346.414024
346.414024
346.414024
346.414024
346.830957
346.830957
346.830957
346.830957
346.830957
346.830957
346.830957
346.830957
346.830957
346.830957
346.830957
346.830957
346.830957
346.830957
346.830957
346.830957
346.830957
346.830957
346.830957
346.830957
346.830957
346.830957
346.830957
346.830957
346.830957
346.830957
346.830957
346.830957
346.830957
346.830957
346.830957
346.830957
346.830957
346.830957
346.830957
346.830957
346.830957
346.830957
346.830957
346.830957
346.830957
346.830957
346.830957
346.830957
346.830957
346.830957
346.830957
346.830957
346.830957
346.830957
346.830957
346.830957
346.830957
346.830957
346.830957
346.830957
346.830957
346.830957
346.830957
346.830957
346.830957
346.830957
346.830957
346.830957
346.830957
346.830957
346.830957
346.830957
346.830957
346.830957
346.830957
346.830957
346.830957
346.830957
346.830957
346.830957
346.830957
346.830957
346.830957
346.830957
346.830957
346.830957
346.830957
346.830957
346.830957
346.830957
346.830957
346.830957
346.830957
346.830957
346.830957
346.830957
346.830957
346.830957
346.830957
346.830957
346.830957
346.830957
346.830957
346.830957
346.830957
346.830957
346.830957
346.830957
346.830957
346.830957
346.830957
346.830957
346.830957
346.830957
346.830957
346.830957
346.830957
346.830957
346.830957
346.830957
346.830957
346.830957
346.830957
346.830957
346.830957
346.830957
346.830957
346.830957
346.830957
346.830957
346.830957
346.830957
346.830957
346.830957
346.830957
346.830957
346.830957
346.830957
346.830957
346.830957
346.830957
346.830957
346.830957
346.830957
346.830957
346.830957
346.830957
346.830957
346.830957
346.830957
346.830957
346.830957
346.830957
346.830957
346.830957
346.830957
346.830957
346.830957
346.830957
346.830957
346.830957
346.830957
346.830957
346.830957
346.830957
346.830957
346.830957
346.830957
346.830957
346.830957
346.830957
346.830957
346.830957
346.830957
346.830957
346.830957
346.830957
346.830957
346.830957
346.830957
346.830957
346.830957
346.830957
346.830957
346.830957
346.830957
346.830957
346.830957
346.830957
346.830957
346.830957
346.830957
346.830957
346.830957
346.830957
346.830957
346.830957
346.830957
346.830957
346.830957
346.830957
346.830957
346.830957
346.830957
346.830957
346.830957
346.830957
346.830957
346.830957
346.830957
346.830957
346.830957
346.830957
346.230449
346.230449
346.230449
346.230449
346.230449
346.230449
346.230449
346.230449
346.230449
346.230449
346.230449
346.230449
346.230449
346.230449
346.230449
346.230449
346.230449
346.230449
346.230449
346.230449
346.230449
346.230449
346.230449
346.230449
346.230449
346.230449
346.230449
346.230449
346.230449
346.230449
346.230449
346.230449
346.230449
346.230449
346.230449
346.230449
346.230449
346.230449
346.230449
346.230449
346.230449
346.230449
346.230449
346.230449
346.230449
346.230449
346.230449
346.230449
346.230449
346.230449
346.230449
346.230449
346.230449
346.230449
346.230449
346.230449
346.230449
346.230449
346.230449
346.230449
346.230449
346.230449
346.230449
346.230449
346.230449
346.230449
346.230449
346.230449
346.230449
346.230449
346.230449
346.230449
346.230449
346.230449
346.230449
346.230449
346.230449
346.230449
346.230449
346.230449
346.230449
346.230449
346.230449
346.230449
346.230449
346.230449
346.230449
346.230449
346.230449
346.230449
346.230449
346.230449
346.230449
346.230449
346.230449
346.230449
346.230449
346.230449
346.230449
346.230449
346.230449
346.230449
346.230449
346.230449
346.230449
346.230449
346.230449
346.230449
346.230449
346.230449
346.230449
346.230449
346.230449
346.230449
346.230449
346.230449
346.230449
346.230449
346.230449
346.230449
346.230449
346.230449
346.230449
346.230449
346.230449
346.230449
346.230449
346.230449
346.230449
346.230449
346.230449
346.230449
346.230449
346.230449
346.230449
346.230449
346.230449
346.230449
346.230449
346.230449
346.230449
346.230449
346.230449
346.230449
346.230449
346.230449
346.230449
346.230449
346.230449
346.230449
346.230449
346.230449
346.230449
346.230449
346.230449
346.230449
346.230449
346.230449
346.230449
346.230449
346.230449
346.230449
346.230449
346.230449
346.230449
346.230449
346.230449
346.230449
346.230449
346.230449
346.230449
346.230449
346.230449
346.230449
346.230449
346.230449
346.230449
346.230449
346.230449
346.230449
346.230449
346.230449
346.230449
345.299858
345.299858
345.299858
345.299858
345.299858
345.299858
345.299858
345.299858
345.299858
345.299858
345.299858
345.299858
345.299858
345.299858
345.299858
345.299858
345.299858
345.299858
345.299858
345.299858
345.299858
345.299858
345.299858
345.299858
345.299858
345.299858
345.299858
345.299858
345.299858
345.299858
345.299858
345.299858
345.299858
345.299858
345.299858
345.299858
345.299858
345.299858
345.299858
345.299858
345.299858
345.299858
345.299858
345.299858
345.299858
345.299858
345.299858
345.299858
345.299858
345.299858
345.299858
345.299858
345.299858
345.299858
345.299858
345.299858
345.299858
345.299858
345.299858
345.299858
345.299858
345.299858
345.299858
345.299858
345.299858
345.299858
345.299858
345.299858
345.299858
345.299858
345.299858
345.299858
345.299858
345.299858
345.299858
345.299858
345.299858
345.299858
345.299858
345.299858
345.299858
345.299858
345.299858
345.299858
345.299858
345.299858
345.299858
345.299858
345.299858
345.299858
345.299858
345.299858
345.299858
345.299858
345.299858
345.299858
345.299858
345.299858
345.299858
345.299858
345.299858
345.299858
345.299858
345.299858
345.299858
345.299858
345.299858
345.299858
345.299858
345.299858
345.299858
345.299858
345.299858
345.299858
345.299858
345.299858
345.299858
345.299858
345.299858
345.299858
345.299858
345.299858
345.299858
345.299858
345.299858
345.299858
345.299858
345.299858
345.299858
345.299858
345.299858
345.299858
345.299858
345.299858
345.299858
345.299858
345.299858
345.299858
345.299858
345.299858
345.299858
345.299858
345.299858
345.299858
345.299858
345.299858
345.299858
345.299858
345.299858
345.299858
345.299858
345.299858
345.299858
345.299858
345.299858
345.299858
345.299858
345.299858
345.299858
345.299858
345.299858
345.299858
345.299858
345.299858
345.299858
345.299858
345.299858
345.299858
345.299858
345.299858
345.299858
345.299858
345.299858
345.299858
345.299858
345.299858
345.299858
345.299858
345.299858
345.299858
345.299858
345.299858
345.299858
345.299858
345.299858
345.299858
345.299858
345.299858
345.299858
345.299858
345.299858
345.299858
345.299858
345.299858
345.299858
345.299858
345.299858
345.299858
345.299858
345.299858
345.299858
345.299858
345.299858
345.299858
345.299858
345.299858
345.299858
345.299858
345.299858
345.299858
345.299858
344.076432
344.076432
344.076432
344.076432
344.076432
344.076432
344.076432
344.076432
344.076432
344.076432
344.076432
344.076432
344.076432
344.076432
344.076432
344.076432
344.076432
344.076432
344.076432
344.076432
344.076432
344.076432
344.076432
344.076432
344.076432
344.076432
344.076432
344.076432
344.076432
344.076432
344.076432
344.076432
344.076432
344.076432
344.076432
344.076432
344.076432
344.076432
344.076432
344.076432
344.076432
344.076432
344.076432
344.076432
344.076432
344.076432
344.076432
344.076432
344.076432
344.076432
344.076432
344.076432
344.076432
344.076432
344.076432
344.076432
344.076432
344.076432
344.076432
344.076432
344.076432
344.076432
344.076432
344.076432
344.076432
344.076432
344.076432
344.076432
344.076432
344.076432
344.076432
344.076432
344.076432
344.076432
344.076432
344.076432
344.076432
344.076432
344.076432
344.076432
344.076432
344.076432
344.076432
344.076432
344.076432
344.076432
344.076432
344.076432
344.076432
344.076432
344.076432
344.076432
344.076432
344.076432
344.076432
344.076432
344.076432
344.076432
344.076432
344.076432
344.076432
344.076432
344.076432
344.076432
344.076432
344.076432
344.076432
344.076432
344.076432
344.076432
344.076432
344.076432
344.076432
344.076432
344.076432
344.076432
344.076432
344.076432
344.076432
344.076432
344.076432
344.076432
344.076432
344.076432
344.076432
344.076432
344.076432
344.076432
344.076432
344.076432
344.076432
344.076432
344.076432
344.076432
344.076432
344.076432
344.076432
344.076432
344.076432
344.076432
344.076432
344.076432
344.076432
344.076432
344.076432
344.076432
344.076432
344.076432
344.076432
344.076432
344.076432
344.076432
344.076432
344.076432
344.076432
344.076432
344.076432
344.076432
344.076432
344.076432
344.076432
344.076432
344.076432
344.076432
344.076432
344.076432
344.076432
344.076432
344.076432
344.076432
344.076432
344.076432
344.076432
344.076432
344.076432
344.076432
344.076432
344.076432
344.076432
344.076432
344.076432
344.076432
344.076432
344.076432
344.076432
344.076432
344.076432
344.076432
344.076432
344.076432
344.076432
344.076432
344.076432
344.076432
344.076432
344.076432
344.076432
344.076432
344.076432
344.076432
344.076432
344.076432
344.076432
344.076432
344.076432
344.076432
344.076432
344.076432
344.076432
344.076432
344.076432
344.076432
344.076432
344.076432
344.076432
344.076432
344.076432
344.076432
344.076432
344.076432
344.076432
344.076432
344.076432
344.076432
344.076432
344.076432
344.076432
344.076432
344.076432
344.076432
344.076432
344.076432
344.076432
344.076432
344.076432
344.076432
344.076432
344.076432
344.076432
344.076432
344.076432
344.076432
344.076432
344.076432
344.076432
344.076432
344.076432
344.076432
344.106720
344.106720
344.106720
344.106720
344.106720
344.106720
344.106720
344.106720
344.106720
344.106720
344.106720
344.106720
344.106720
344.106720
344.106720
344.106720
344.106720
344.106720
344.106720
344.106720
344.106720
344.106720
344.106720
344.106720
344.106720
344.106720
344.106720
344.106720
344.106720
344.106720
344.106720
344.106720
344.106720
344.106720
344.106720
344.106720
344.106720
343.776834
343.776834
343.776834
343.776834
343.776834
343.776834
343.776834
343.776834
343.776834
343.776834
343.776834
343.776834
343.776834
343.776834
343.776834
343.776834
343.776834
343.776834
343.776834
343.776834
343.776834
343.776834
343.776834
343.776834
343.776834
343.776834
343.776834
343.776834
343.776834
343.776834
343.776834
343.776834
343.776834
343.776834
343.776834
343.776834
343.776834
343.776834
343.776834
343.776834
343.776834
343.776834
343.776834
343.776834
343.776834
343.776834
343.776834
343.776834
343.776834
343.776834
343.776834
343.776834
343.776834
343.776834
343.776834
343.776834
343.776834
343.776834
343.776834
343.776834
343.776834
343.776834
343.776834
343.776834
343.776834
343.776834
343.776834
343.776834
343.776834
343.776834
343.776834
343.776834
343.776834
343.776834
343.776834
343.776834
343.776834
343.776834
343.776834
343.776834
343.776834
343.776834
343.776834
343.776834
343.776834
343.776834
343.776834
343.776834
343.776834
343.776834
343.776834
343.776834
343.776834
343.776834
343.776834
343.776834
343.776834
343.776834
343.776834
343.776834
343.776834
343.776834
343.776834
343.776834
343.776834
343.776834
343.776834
343.776834
343.776834
343.776834
343.776834
343.776834
343.776834
343.776834
343.776834
343.776834
343.776834
343.776834
343.776834
343.776834
343.776834
343.776834
343.776834
343.776834
343.776834
343.776834
343.776834
343.776834
343.776834
343.776834
343.776834
343.776834
343.776834
343.776834
343.776834
343.776834
343.776834
343.776834
343.776834
343.776834
343.776834
343.776834
343.776834
343.776834
343.776834
343.776834
343.776834
343.776834
343.776834
343.776834
343.776834
343.776834
343.776834
343.776834
343.776834
343.776834
343.776834
343.776834
343.776834
343.776834
343.776834
343.776834
343.776834
343.776834
343.776834
343.776834
343.776834
343.776834
343.776834
343.776834
343.776834
343.776834
343.776834
343.776834
343.776834
343.776834
343.776834
343.776834
343.776834
343.776834
343.776834
343.776834
343.776834
343.776834
343.776834
343.776834
343.776834
343.776834
343.776834
343.776834
343.776834
343.776834
343.776834
343.776834
343.776834
343.776834
343.776834
343.776834
343.776834
343.776834
343.776834
343.776834
343.776834
343.776834
343.776834
343.776834
343.776834
343.776834
343.776834
343.776834
343.776834
343.776834
343.776834
343.776834
343.776834
343.776834
343.776834
343.776834
343.776834
343.776834
343.776834
343.776834
343.776834
343.776834
343.776834
343.776834
343.776834
343.776834
343.776834
343.776834
343.776834
343.776834
343.776834
343.776834
343.776834
343.776834
343.776834
343.776834
343.776834
343.776834
343.776834
343.776834
343.776834
343.776834
343.776834
343.776834
343.776834
343.776834
343.776834
343.776834
343.776834
343.776834
343.776834
343.776834
343.776834
343.776834
343.776834
343.776834
343.776834
343.776834
343.776834
343.776834
343.776834
343.776834
343.776834
343.776834
343.776834
343.776834
343.776834
343.776834
343.776834
343.776834
343.776834
343.776834
343.776834
343.776834
343.776834
343.776834
343.776834
343.776834
343.776834
343.776834
343.776834
343.776834
343.776834
343.776834
343.776834
343.776834
343.776834
343.776834
343.776834
343.776834
343.776834
343.776834
343.776834
343.776834
343.776834
343.776834
343.776834
343.776834
343.776834
343.776834
343.776834
343.776834
343.776834
343.776834
343.776834
343.776834
343.776834
343.776834
343.776834
343.776834
343.776834
343.776834
343.776834
343.776834
343.776834
343.776834
343.776834
343.776834
343.776834
343.776834
343.776834
343.776834
343.776834
343.776834
343.776834
343.776834
343.776834
343.776834
343.776834
343.776834
343.776834
343.776834
343.776834
343.776834
343.776834
343.776834
343.776834
343.776834
343.776834
343.776834
343.776834
343.776834
343.776834
343.776834
343.776834
343.776834
343.776834
343.776834
343.776834
343.776834
343.776834
343.776834
343.776834
343.776834
343.776834
343.776834
343.776834
343.776834
343.776834
343.776834
343.776834
343.776834
343.776834
343.776834
343.776834
343.776834
343.776834
343.776834
343.776834
343.776834
343.776834
343.776834
343.776834
343.776834
343.776834
343.776834
343.776834
343.776834
343.776834
343.776834
343.776834
343.776834
343.776834
343.776834
343.776834
343.776834
343.776834
343.776834
343.776834
343.776834
343.776834
343.776834
343.776834
343.776834
343.776834
343.776834
343.776834
343.776834
343.776834
343.776834
343.776834
343.776834
343.776834
343.776834
343.776834
343.776834
343.776834
343.776834
343.776834
343.776834
343.776834
343.776834
343.776834
343.776834
343.776834
343.776834
343.776834
343.776834
343.776834
343.776834
343.776834
343.776834
343.776834
343.776834
343.776834
343.776834
343.776834
343.776834
343.776834
343.776834
343.776834
343.776834
343.776834
343.776834
343.776834
343.776834
343.776834
343.776834
343.776834
343.776834
343.776834
343.776834
343.776834
343.776834
343.776834
343.776834
343.776834
343.776834
343.776834
343.776834
343.776834
343.776834
343.776834
343.776834
343.776834
343.776834
343.776834
343.776834
343.776834
343.776834
343.776834
343.776834
343.776834
343.776834
343.776834
343.776834
343.776834
343.776834
343.776834
343.776834
343.776834
343.776834
343.776834
343.776834
343.776834
343.776834
343.776834
343.776834
343.776834
343.776834
343.776834
343.776834
343.776834
343.776834
343.776834
343.776834
343.776834
343.776834
343.776834
343.776834
343.776834
343.776834
343.776834
343.776834
343.776834
343.776834
343.776834
343.776834
343.776834
343.776834
343.776834
343.776834
343.776834
343.776834
343.776834
343.776834
343.776834
343.776834
343.776834
343.776834
343.776834
343.776834
343.776834
343.776834
343.776834
343.776834
343.776834
343.776834
343.776834
343.776834
343.776834
343.776834
343.776834
343.776834
343.776834
343.776834
343.776834
343.776834
343.776834
343.776834
343.776834
343.776834
343.776834
343.776834
343.776834
343.776834
343.776834
343.776834
343.776834
343.776834
343.776834
343.776834
343.776834
343.776834
343.776834
343.776834
343.776834
343.776834
343.776834
343.776834
343.776834
343.776834
343.776834
343.776834
343.776834
343.776834
343.776834
343.776834
343.776834
343.776834
343.776834
343.776834
343.776834
343.776834
343.776834
343.776834
343.776834
343.776834
343.776834
343.776834
343.776834
343.776834
343.776834
343.776834
343.776834
343.776834
343.776834
343.776834
343.776834
343.776834
343.776834
343.776834
343.776834
343.776834
343.776834
343.776834
343.776834
343.776834
343.776834
343.776834
343.776834
343.776834
343.776834
343.776834
343.776834
343.776834
343.776834
343.776834
343.776834
343.776834
343.776834
343.776834
343.776834
343.776834
343.776834
343.776834
343.776834
343.776834
343.776834
343.776834
343.776834
343.776834
343.776834
343.776834
343.776834
343.776834
343.776834
343.776834
343.776834
343.776834
343.776834
343.776834
343.776834
343.776834
343.776834
343.776834
343.776834
343.776834
343.776834
343.776834
343.776834
343.776834
343.776834
343.776834
343.776834
343.776834
343.776834
343.776834
343.776834
343.776834
343.776834
343.776834
343.776834
343.776834
343.776834
343.776834
343.776834
343.776834
343.776834
343.776834
343.776834
343.776834
343.776834
343.776834
343.776834
343.776834
343.776834
343.776834
343.776834
343.776834
343.776834
343.776834
343.776834
343.776834
343.776834
343.776834
343.776834
343.776834
343.776834
343.776834
343.776834
343.776834
343.776834
343.776834
343.776834
343.776834
343.776834
343.776834
343.776834
343.776834
343.776834
343.776834
343.776834
343.776834
343.776834
343.776834
343.776834
343.776834
343.776834
343.776834
343.776834
343.776834
343.776834
343.776834
343.776834
343.776834
343.776834
343.776834
343.776834
343.776834
343.776834
343.776834
343.776834
343.776834
343.776834
343.776834
343.776834
343.776834
343.776834
343.776834
343.776834
343.776834
343.776834
343.776834
343.776834
343.776834
343.776834
343.776834
343.776834
343.776834
343.776834
343.776834
343.776834
343.776834
343.776834
343.776834
343.776834
343.776834
343.776834
343.776834
343.776834
343.776834
343.776834
343.776834
343.776834
343.776834
343.776834
343.776834
343.776834
343.776834
343.776834
343.776834
343.776834
343.776834
343.776834
343.776834
343.776834
343.776834
343.776834
343.776834
343.776834
343.776834
343.776834
343.776834
343.776834
343.776834
343.776834
343.776834
343.776834
343.776834
343.776834
343.776834
343.776834
343.776834
343.776834
343.776834
343.776834
343.776834
343.776834
343.776834
343.776834
343.776834
343.776834
343.776834
343.776834
343.776834
343.776834
343.776834
343.776834
343.776834
343.776834
343.776834
343.776834
343.776834
343.776834
343.776834
343.776834
343.776834
343.776834
343.776834
343.776834
343.776834
343.776834
343.776834
343.776834
343.776834
343.776834
343.776834
343.776834
343.776834
343.776834
343.776834
343.776834
343.776834
343.776834
343.776834
343.776834
343.776834
343.776834
343.776834
343.776834
343.776834
343.776834
343.776834
343.776834
343.776834
343.776834
343.776834
343.776834
343.776834
343.776834
343.776834
343.776834
343.776834
343.776834
343.776834
343.776834
343.776834
343.776834
343.776834
343.776834
343.776834
343.776834
343.776834
343.776834
343.776834
343.776834
343.776834
343.776834
343.776834
343.776834
343.776834
343.776834
343.776834
343.776834
343.776834
343.776834
343.776834
343.776834
343.776834
343.776834
343.776834
343.776834
343.776834
343.776834
343.776834
343.776834
343.776834
343.776834
343.776834
343.776834
343.776834
343.776834
343.776834
343.776834
343.776834
343.776834
343.776834
343.776834
343.776834
343.776834
343.776834
343.776834
343.776834
343.776834
343.776834
343.776834
343.776834
343.776834
343.776834
343.776834
343.776834
343.776834
343.776834
343.776834
343.776834
343.776834
343.776834
343.776834
343.776834
343.776834
343.776834
343.776834
343.776834
343.776834
343.776834
343.776834
343.776834
343.776834
343.776834
343.776834
343.776834
343.776834
343.776834
343.776834
343.776834
343.776834
343.776834
343.776834
343.776834
343.776834
343.776834
343.776834
343.776834
343.776834
343.776834
343.776834
343.776834
343.776834
343.776834
343.776834
343.776834
343.776834
343.776834
343.776834
343.776834
343.776834
343.776834
343.776834
343.776834
343.776834
343.776834
343.776834
343.776834
343.776834
343.776834
343.776834
343.776834
343.776834
343.776834
343.776834
343.776834
343.776834
343.776834
343.776834
343.776834
343.776834
343.776834
343.776834
343.776834
343.776834
343.776834
343.776834
343.776834
343.776834
343.776834
343.776834
343.776834
343.776834
343.776834
343.776834
343.776834
343.776834
343.776834
343.776834
343.776834
343.776834
343.776834
343.776834
343.776834
343.776834
343.776834
343.776834
343.776834
343.776834
343.776834
343.776834
343.776834
343.776834
343.776834
343.776834
343.776834
343.776834
343.776834
343.776834
343.776834
343.776834
343.776834
343.776834
343.776834
343.776834
343.776834
343.776834
343.776834
343.776834
343.776834
343.776834
343.776834
343.776834
343.776834
343.776834
343.776834
343.776834
343.776834
343.776834
343.776834
343.776834
343.776834
343.776834
343.776834
343.776834
343.776834
343.776834
343.776834
343.776834
343.776834
343.776834
343.776834
343.776834
343.776834
343.776834
343.776834
343.776834
343.776834
343.776834
343.776834
343.776834
343.776834
343.776834
343.776834
343.776834
343.776834
343.776834
343.776834
343.776834
343.776834
343.776834
343.776834
343.776834
343.776834
343.776834
343.776834
343.776834
343.776834
343.776834
343.776834
343.776834
343.776834
343.776834
343.776834
343.776834
343.776834
343.776834
343.776834
343.776834
343.776834
343.776834
343.776834
343.776834
343.776834
343.776834
343.776834
343.776834
343.776834
343.776834
343.776834
343.776834
343.776834
343.776834
343.776834
343.776834
343.776834
343.776834
343.776834
343.776834
343.776834
343.776834
343.776834
343.776834
343.776834
343.776834
343.776834
343.776834
343.776834
343.776834
343.776834
343.776834
343.776834
343.776834
343.776834
343.776834
343.776834
343.776834
343.776834
343.776834
343.776834
343.776834
343.776834
343.776834
343.776834
343.776834
343.776834
343.776834
343.776834
343.776834
343.776834
343.776834
343.776834
343.776834
343.776834
343.776834
343.776834
343.776834
343.776834
343.776834
343.776834
343.776834
343.776834
343.776834
343.776834
343.776834
343.776834
343.776834
343.776834
343.776834
343.776834
343.776834
343.776834
343.776834
343.776834
343.776834
343.776834
343.776834
343.776834
343.776834
343.776834
343.776834
343.776834
343.776834
343.776834
343.776834
343.776834
343.776834
343.776834
343.776834
343.776834
343.776834
343.776834
343.776834
343.776834
343.776834
343.776834
343.776834
343.776834
343.776834
343.776834
343.776834
343.776834
343.776834
343.776834
343.776834
343.776834
343.776834
343.776834
343.776834
343.776834
343.776834
343.776834
343.776834
343.776834
343.776834
343.776834
343.776834
343.776834
343.776834
343.776834
343.776834
343.776834
343.776834
343.776834
343.776834
344.503702
344.503702
344.503702
344.503702
344.503702
344.503702
344.503702
344.503702
344.503702
344.503702
344.503702
344.503702
344.503702
344.503702
344.503702
344.503702
344.503702
344.503702
344.503702
344.503702
344.503702
344.503702
344.503702
344.503702
344.503702
344.503702
344.503702
344.503702
344.503702
344.503702
344.503702
344.503702
344.503702
344.503702
344.503702
344.503702
344.503702
344.503702
344.503702
344.503702
344.503702
344.503702
344.503702
344.503702
344.503702
344.503702
344.503702
344.503702
344.503702
344.503702
344.503702
344.503702
344.503702
344.503702
344.503702
344.503702
344.503702
344.503702
344.503702
344.503702
344.503702
344.503702
344.503702
344.503702
344.503702
344.503702
344.503702
344.503702
344.503702
344.503702
344.503702
344.503702
344.503702
344.503702
344.503702
344.503702
344.503702
344.503702
344.503702
344.503702
344.503702
344.503702
344.503702
344.503702
344.503702
344.503702
344.503702
344.503702
344.503702
344.503702
344.503702
344.503702
344.503702
344.503702
344.503702
344.503702
344.503702
344.503702
344.503702
344.503702
344.503702
344.503702
344.503702
344.503702
344.503702
344.503702
344.503702
344.503702
344.503702
344.503702
344.503702
344.503702
344.503702
344.503702
344.503702
344.503702
344.503702
344.503702
344.503702
344.503702
344.503702
344.503702
344.503702
344.503702
344.503702
344.503702
344.503702
344.503702
344.503702
344.503702
344.503702
344.503702
344.503702
344.503702
344.503702
344.503702
344.503702
344.503702
344.503702
344.503702
344.503702
344.503702
344.503702
344.503702
344.503702
344.503702
344.503702
344.503702
344.503702
344.503702
344.503702
344.503702
344.503702
344.503702
344.503702
344.503702
344.503702
344.503702
344.503702
344.503702
344.503702
344.503702
344.503702
344.503702
344.503702
344.503702
344.503702
344.503702
344.503702
344.503702
344.503702
344.503702
344.503702
344.503702
344.503702
344.503702
344.503702
344.503702
344.503702
344.503702
344.503702
344.503702
344.503702
344.503702
344.503702
344.503702
344.503702
344.503702
344.503702
344.503702
344.503702
344.503702
344.503702
344.503702
344.503702
344.503702
344.503702
344.503702
344.503702
344.503702
344.503702
344.503702
344.503702
344.503702
344.503702
344.503702
344.503702
344.503702
344.503702
344.503702
344.503702
344.503702
344.503702
344.503702
344.503702
344.503702
344.503702
344.503702
344.503702
344.503702
344.503702
344.503702
344.503702
344.503702
344.503702
344.503702
344.503702
344.503702
344.503702
344.503702
344.503702
344.503702
344.503702
344.503702
344.503702
344.503702
344.503702
344.503702
344.503702
344.503702
344.503702
344.503702
344.503702
344.503702
344.503702
344.503702
344.503702
344.503702
344.503702
344.503702
344.503702
344.503702
344.503702
344.503702
344.503702
344.503702
344.503702
344.503702
344.503702
344.503702
344.503702
344.503702
344.503702
344.503702
344.503702
344.503702
344.503702
344.503702
344.503702
344.503702
344.503702
344.503702
344.503702
344.503702
344.503702
344.503702
344.503702
344.503702
344.503702
344.503702
344.503702
344.503702
344.503702
344.503702
344.503702
344.251813
344.251813
344.251813
344.251813
344.251813
344.251813
344.251813
344.251813
344.251813
344.251813
344.251813
344.251813
344.251813
344.251813
344.251813
344.251813
344.251813
344.251813
344.251813
344.251813
344.251813
344.251813
344.734096
344.734096
344.734096
344.734096
344.734096
344.734096
344.734096
344.734096
344.734096
344.734096
344.734096
344.734096
344.734096
344.734096
344.734096
344.734096
344.734096
344.734096
344.734096
344.734096
344.734096
344.734096
344.734096
344.734096
344.734096
344.734096
344.734096
344.734096
344.734096
344.734096
344.734096
344.734096
344.734096
344.734096
344.734096
344.734096
344.734096
344.734096
344.734096
344.734096
344.734096
344.734096
344.734096
344.734096
344.734096
344.734096
344.734096
344.734096
344.734096
344.734096
344.734096
344.734096
344.734096
344.734096
344.734096
344.734096
344.734096
344.734096
344.734096
344.734096
344.734096
344.734096
344.734096
344.734096
344.734096
344.734096
344.734096
344.734096
344.734096
344.734096
344.734096
344.734096
344.734096
344.734096
344.734096
344.734096
344.734096
344.734096
344.734096
344.734096
344.734096
344.734096
344.734096
344.734096
344.734096
344.734096
344.734096
344.734096
344.734096
343.546169
343.546169
343.546169
343.546169
343.546169
343.546169
343.546169
343.546169
343.546169
343.546169
343.546169
343.546169
343.546169
343.546169
343.546169
343.546169
343.546169
343.546169
343.546169
343.546169
343.546169
343.546169
343.546169
343.546169
343.546169
343.546169
343.546169
343.546169
343.546169
343.546169
343.546169
343.546169
343.546169
343.546169
343.546169
343.546169
343.546169
343.546169
343.546169
343.546169
343.546169
343.546169
343.546169
343.546169
343.546169
343.546169
343.546169
343.546169
343.546169
343.546169
343.546169
343.546169
343.546169
343.546169
343.546169
343.546169
343.546169
343.546169
343.546169
343.546169
343.546169
343.546169
343.546169
343.546169
343.546169
343.546169
343.546169
343.546169
343.546169
343.546169
343.546169
343.546169
343.546169
343.546169
343.546169
343.546169
343.546169
343.546169
343.546169
343.546169
343.546169
343.546169
343.546169
343.546169
343.546169
343.546169
343.546169
343.546169
343.546169
343.546169
343.546169
343.546169
343.546169
343.546169
343.546169
343.546169
343.546169
343.546169
343.546169
343.546169
343.546169
343.546169
343.546169
343.546169
343.546169
343.546169
343.546169
343.546169
343.546169
343.546169
343.546169
343.546169
343.546169
343.546169
343.546169
343.546169
343.546169
343.546169
343.546169
343.546169
343.546169
343.546169
343.546169
343.546169
343.546169
343.546169
343.546169
343.546169
343.546169
343.546169
343.546169
343.546169
343.546169
343.546169
343.546169
343.546169
343.546169
343.546169
343.546169
343.546169
343.546169
343.546169
343.546169
343.546169
343.546169
343.546169
343.546169
343.546169
343.546169
344.210073
344.210073
344.210073
344.210073
344.210073
344.210073
344.210073
344.210073
344.210073
344.210073
344.210073
344.210073
344.210073
344.210073
344.210073
344.210073
344.210073
344.210073
344.210073
344.210073
344.210073
344.210073
344.210073
344.210073
344.210073
344.210073
344.210073
344.210073
344.210073
344.210073
344.210073
344.210073
344.210073
344.210073
344.210073
344.210073
344.210073
344.210073
344.210073
344.210073
344.210073
344.210073
344.210073
344.210073
344.210073
344.210073
344.210073
344.210073
344.210073
344.210073
344.210073
344.210073
344.210073
344.210073
344.210073
344.210073
344.210073
344.210073
344.210073
344.210073
344.210073
344.210073
344.210073
344.210073
344.210073
344.210073
344.210073
344.210073
344.210073
344.210073
344.210073
344.210073
344.210073
344.210073
344.210073
344.210073
344.210073
344.210073
344.210073
344.210073
344.210073
344.210073
344.210073
344.210073
344.210073
344.210073
344.210073
344.210073
344.210073
344.210073
344.210073
344.210073
344.210073
344.210073
344.210073
344.210073
344.210073
344.210073
344.210073
344.210073
344.210073
344.210073
344.210073
344.210073
344.210073
344.210073
344.210073
344.210073
344.210073
344.210073
344.210073
344.210073
344.210073
344.210073
344.210073
344.210073
344.210073
344.210073
344.210073
344.210073
344.210073
344.210073
344.210073
344.210073
344.210073
344.210073
344.210073
344.210073
344.210073
344.210073
344.210073
344.210073
344.210073
344.210073
344.210073
344.210073
344.210073
344.210073
344.210073
344.210073
344.210073
344.210073
344.210073
344.210073
344.210073
344.210073
344.210073
344.210073
344.210073
344.210073
344.210073
344.210073
344.210073
344.210073
344.210073
344.210073
344.210073
344.210073
344.210073
344.210073
344.210073
344.210073
344.210073
344.210073
344.210073
344.210073
344.210073
344.210073
344.210073
344.210073
344.210073
344.210073
344.210073
344.210073
344.210073
344.210073
344.210073
344.210073
344.210073
344.210073
344.210073
344.210073
344.210073
344.210073
344.210073
344.210073
344.210073
344.210073
344.210073
344.210073
344.210073
344.210073
344.210073
344.210073
344.210073
344.210073
344.210073
344.210073
344.210073
344.210073
344.210073
344.210073
344.210073
344.210073
344.210073
344.210073
344.210073
344.210073
344.210073
344.210073
344.210073
344.210073
344.210073
344.210073
344.210073
344.210073
344.210073
344.210073
344.210073
344.210073
344.210073
344.210073
344.210073
344.210073
344.210073
344.210073
344.210073
344.210073
344.210073
344.210073
344.210073
344.210073
344.210073
344.210073
344.210073
344.210073
344.210073
344.210073
344.210073
344.210073
344.210073
344.210073
344.210073
344.210073
344.210073
344.210073
344.210073
344.210073
344.210073
344.210073
344.210073
344.210073
344.210073
344.210073
344.210073
344.210073
344.210073
344.210073
344.210073
344.210073
344.210073
344.210073
344.210073
344.210073
344.210073
344.210073
344.210073
344.210073
344.210073
344.210073
344.210073
344.210073
344.210073
344.210073
344.210073
344.210073
344.210073
344.210073
344.210073
344.210073
344.210073
344.210073
344.210073
344.210073
344.210073
344.210073
344.210073
344.210073
344.210073
344.210073
344.210073
344.210073
344.210073
344.210073
344.210073
344.210073
344.210073
344.210073
344.210073
344.210073
344.210073
344.210073
344.210073
344.210073
344.210073
344.210073
344.210073
344.210073
344.210073
344.210073
344.210073
344.210073
344.210073
344.210073
344.210073
344.210073
344.210073
344.210073
344.210073
344.210073
344.210073
344.210073
344.210073
344.210073
344.210073
344.210073
344.210073
344.210073
344.210073
344.210073
344.210073
344.210073
344.210073
344.210073
344.210073
344.210073
344.210073
344.210073
344.210073
344.210073
344.210073
344.210073
344.210073
344.210073
344.210073
344.210073
344.210073
344.210073
344.210073
344.210073
344.210073
344.210073
344.210073
344.210073
344.210073
344.210073
344.210073
344.210073
344.210073
344.210073
344.210073
344.210073
344.210073
344.210073
344.210073
344.210073
344.210073
344.210073
344.210073
344.210073
344.210073
344.210073
344.210073
344.210073
344.210073
344.210073
344.210073
344.210073
344.210073
344.210073
344.210073
344.210073
344.210073
344.210073
344.210073
344.210073
344.456905
344.456905
344.456905
344.456905
344.456905
344.456905
344.456905
344.456905
344.456905
344.456905
344.456905
344.456905
344.456905
344.456905
344.456905
344.456905
344.456905
344.456905
344.456905
344.456905
344.456905
344.456905
344.456905
344.456905
344.456905
344.456905
344.456905
344.456905
344.456905
344.456905
344.456905
344.456905
344.456905
344.456905
344.456905
344.456905
344.456905
344.456905
344.456905
344.456905
344.456905
344.456905
344.456905
344.456905
344.456905
344.456905
344.456905
344.456905
344.456905
344.456905
344.456905
344.456905
344.456905
344.456905
344.456905
344.456905
344.456905
344.456905
344.456905
344.456905
344.456905
344.456905
344.456905
344.456905
344.456905
344.456905
344.456905
344.456905
344.456905
344.456905
344.456905
344.456905
344.456905
344.456905
344.456905
344.456905
344.456905
344.456905
344.456905
344.456905
344.456905
344.456905
344.456905
344.456905
344.456905
344.456905
344.456905
344.456905
344.456905
344.456905
344.456905
344.456905
344.456905
344.456905
344.456905
344.456905
344.456905
344.456905
344.456905
344.456905
344.456905
344.456905
344.456905
344.456905
344.456905
344.456905
344.456905
344.456905
344.456905
344.456905
344.456905
344.456905
344.456905
344.456905
344.456905
344.456905
344.456905
344.456905
344.456905
344.456905
344.456905
344.456905
344.456905
344.456905
344.456905
344.456905
344.456905
344.456905
344.456905
344.456905
344.456905
344.456905
344.456905
344.456905
344.456905
344.456905
344.456905
344.456905
344.456905
344.456905
344.456905
344.456905
344.456905
344.456905
344.456905
344.456905
344.456905
344.456905
344.456905
344.456905
344.456905
344.456905
344.456905
344.456905
344.456905
344.456905
344.456905
344.456905
344.456905
344.456905
344.456905
344.456905
344.456905
344.456905
344.456905
344.456905
344.456905
344.456905
344.456905
344.456905
344.456905
344.456905
344.456905
344.456905
344.456905
344.456905
344.456905
344.456905
344.456905
344.456905
344.456905
344.456905
344.456905
344.456905
344.456905
344.456905
344.456905
344.456905
344.456905
344.456905
344.456905
344.456905
344.456905
344.456905
344.456905
344.456905
344.456905
344.456905
344.456905
344.456905
344.456905
344.456905
344.456905
344.456905
344.456905
344.456905
344.456905
344.456905
344.456905
344.456905
344.456905
344.456905
344.456905
344.456905
344.456905
344.456905
344.456905
344.456905
344.456905
344.456905
344.456905
344.456905
344.456905
344.456905
344.456905
344.456905
344.456905
344.456905
344.456905
344.456905
344.456905
344.456905
344.456905
344.456905
344.456905
344.456905
344.456905
344.456905
344.456905
344.456905
344.456905
344.456905
344.456905
344.456905
344.456905
344.456905
344.456905
344.456905
344.456905
344.456905
344.456905
344.456905
344.456905
344.456905
344.456905
344.456905
344.456905
344.456905
344.456905
344.456905
344.456905
344.456905
344.456905
344.456905
344.456905
344.456905
344.456905
344.456905
344.456905
344.456905
344.456905
344.456905
344.456905
344.456905
344.456905
344.456905
344.456905
344.456905
344.456905
344.456905
344.456905
344.456905
344.456905
344.456905
344.456905
344.456905
344.456905
344.456905
344.456905
344.456905
344.456905
344.456905
344.456905
344.456905
344.456905
344.456905
344.456905
344.456905
344.456905
344.456905
344.456905
344.456905
344.456905
344.456905
344.456905
344.456905
344.456905
344.456905
344.456905
344.456905
344.456905
344.456905
344.456905
344.456905
344.456905
344.456905
344.456905
344.456905
344.456905
344.456905
344.456905
344.456905
344.456905
344.456905
344.456905
344.456905
344.456905
344.456905
344.456905
344.456905
344.456905
344.456905
344.456905
344.456905
344.456905
344.456905
344.456905
344.456905
344.456905
344.456905
344.456905
344.456905
344.456905
344.456905
344.456905
344.456905
344.456905
344.456905
344.456905
344.456905
344.456905
344.456905
344.456905
344.456905
344.456905
344.456905
344.456905
344.456905
344.456905
344.456905
344.456905
344.456905
344.456905
344.456905
344.456905
344.456905
344.456905
344.456905
344.456905
344.456905
344.456905
344.456905
344.456905
344.456905
344.456905
344.456905
344.456905
344.456905
344.456905
344.456905
344.456905
344.456905
344.456905
344.456905
344.456905
344.456905
344.456905
344.456905
344.456905
344.456905
344.456905
344.456905
344.456905
344.456905
344.456905
344.456905
344.456905
344.456905
344.456905
344.456905
344.456905
344.456905
344.456905
344.456905
344.456905
344.456905
344.456905
344.456905
344.456905
344.456905
344.456905
344.456905
344.456905
344.456905
344.456905
344.456905
344.456905
344.456905
344.456905
344.456905
344.456905
344.456905
344.456905
344.456905
344.456905
344.456905
344.456905
344.456905
344.456905
344.456905
344.456905
344.456905
344.456905
344.456905
344.456905
344.456905
344.456905
344.456905
344.456905
344.456905
344.456905
344.456905
344.456905
344.456905
344.456905
344.456905
344.456905
344.456905
344.456905
343.671547
343.671547
343.671547
343.671547
343.671547
343.671547
343.671547
343.671547
343.671547
343.671547
343.671547
343.671547
343.671547
343.671547
343.671547
343.671547
343.671547
343.671547
343.671547
343.671547
343.671547
343.671547
343.671547
343.671547
343.671547
343.671547
343.671547
343.671547
343.671547
343.671547
343.671547
343.671547
343.671547
343.671547
343.671547
343.671547
343.671547
343.671547
343.671547
343.671547
343.671547
343.671547
343.671547
343.671547
343.671547
343.671547
343.671547
343.671547
343.671547
343.671547
343.671547
343.671547
343.671547
343.671547
343.671547
343.671547
343.671547
343.671547
343.671547
343.671547
343.671547
343.671547
343.671547
343.671547
343.671547
343.671547
343.671547
343.671547
343.671547
343.671547
343.671547
343.671547
343.671547
343.671547
343.671547
343.671547
343.671547
343.671547
343.671547
343.671547
343.671547
343.671547
343.671547
343.671547
343.671547
343.671547
343.671547
343.671547
343.671547
343.671547
343.671547
343.671547
343.671547
343.671547
343.671547
343.671547
343.671547
343.671547
343.671547
343.671547
343.671547
343.671547
343.671547
343.671547
343.671547
343.671547
343.671547
343.671547
343.671547
343.671547
343.671547
343.671547
343.671547
343.671547
343.671547
343.671547
343.671547
343.671547
343.671547
343.671547
343.671547
343.671547
343.671547
343.671547
343.671547
343.671547
343.671547
343.671547
343.671547
343.671547
343.671547
343.671547
343.671547
343.671547
343.671547
343.671547
343.671547
343.671547
343.671547
343.671547
343.671547
343.671547
343.671547
343.671547
343.671547
343.671547
343.671547
343.671547
343.671547
343.671547
343.671547
343.671547
343.671547
343.671547
343.671547
343.671547
343.671547
343.671547
343.671547
343.671547
343.671547
343.671547
343.671547
343.671547
343.671547
343.671547
343.671547
343.671547
343.671547
343.671547
343.671547
343.671547
343.671547
343.671547
343.671547
343.671547
343.671547
343.671547
343.671547
343.671547
343.671547
343.671547
343.671547
343.671547
343.671547
343.671547
343.671547
343.671547
343.671547
343.671547
343.671547
343.671547
343.671547
343.671547
343.671547
343.671547
343.671547
343.671547
343.671547
343.671547
343.671547
343.671547
343.671547
343.671547
343.671547
343.671547
343.671547
343.671547
343.671547
343.671547
343.671547
343.671547
343.671547
343.671547
343.671547
343.671547
343.671547
343.671547
343.671547
343.671547
343.671547
343.671547
343.671547
343.671547
343.671547
343.671547
343.671547
343.671547
343.671547
343.671547
343.671547
343.671547
343.671547
343.671547
343.671547
343.671547
343.671547
343.671547
343.671547
343.671547
343.671547
343.671547
343.671547
343.671547
343.671547
343.671547
343.671547
343.671547
343.671547
343.671547
343.671547
343.671547
343.671547
343.671547
343.671547
343.671547
343.671547
343.671547
343.671547
343.671547
343.671547
343.671547
343.671547
343.671547
343.671547
343.671547
343.671547
343.671547
343.671547
343.671547
343.671547
343.671547
343.671547
343.671547
343.671547
343.671547
343.671547
343.671547
343.671547
343.671547
343.671547
343.671547
343.671547
343.671547
343.671547
343.671547
343.671547
343.671547
343.671547
343.671547
343.671547
343.671547
343.671547
343.671547
343.671547
343.671547
343.671547
343.671547
343.671547
343.671547
343.671547
343.671547
343.671547
343.671547
343.671547
343.671547
343.671547
343.671547
343.671547
343.671547
343.671547
343.671547
343.671547
343.671547
343.671547
343.671547
343.671547
343.671547
343.671547
343.671547
343.671547
343.671547
343.671547
343.671547
343.671547
343.671547
343.671547
343.671547
343.671547
343.671547
343.671547
343.671547
343.671547
343.671547
343.671547
343.671547
343.671547
343.671547
343.671547
343.671547
343.671547
343.671547
343.671547
343.671547
343.671547
343.671547
343.671547
343.671547
343.671547
343.671547
343.671547
343.671547
343.671547
343.671547
343.671547
343.671547
343.671547
343.671547
343.671547
343.671547
343.671547
343.671547
343.671547
343.671547
343.671547
343.671547
343.671547
343.671547
343.671547
343.671547
343.671547
343.671547
343.671547
343.671547
343.671547
343.671547
343.671547
343.671547
343.671547
343.671547
343.671547
343.671547
343.671547
343.671547
343.671547
343.671547
343.671547
343.671547
343.671547
343.671547
343.671547
343.671547
343.671547
343.671547
343.671547
343.671547
343.671547
343.671547
343.671547
343.671547
343.671547
343.671547
343.671547
343.671547
343.671547
343.671547
343.671547
343.671547
343.671547
343.671547
343.671547
343.671547
343.671547
343.671547
343.671547
343.671547
343.671547
343.671547
343.671547
343.671547
343.671547
343.671547
343.671547
343.671547
343.671547
343.671547
343.671547
343.671547
343.671547
343.671547
343.671547
343.671547
343.671547
343.671547
343.671547
343.671547
343.671547
343.671547
343.671547
343.671547
343.671547
343.671547
343.671547
343.671547
343.671547
343.671547
343.671547
343.671547
343.671547
343.671547
343.671547
343.671547
343.671547
343.671547
343.671547
343.671547
343.671547
343.671547
343.671547
343.671547
343.671547
343.671547
343.671547
343.671547
343.671547
343.671547
343.671547
343.671547
343.671547
343.671547
343.671547
343.671547
343.671547
343.671547
343.671547
343.671547
343.671547
343.671547
343.671547
343.671547
343.671547
343.671547
343.671547
343.671547
343.671547
343.671547
343.671547
343.671547
343.671547
343.671547
343.671547
343.671547
343.671547
343.671547
343.671547
343.671547
343.671547
343.671547
343.671547
343.671547
343.671547
343.671547
343.671547
343.671547
343.671547
343.671547
343.671547
343.671547
343.671547
343.671547
343.671547
343.671547
343.671547
343.671547
343.671547
343.671547
343.671547
343.671547
343.671547
343.671547
343.671547
343.671547
343.671547
343.671547
343.671547
343.671547
343.671547
343.671547
343.671547
343.671547
343.671547
343.671547
343.671547
343.671547
343.671547
343.671547
343.671547
343.671547
343.671547
343.671547
343.671547
343.671547
343.671547
343.671547
343.671547
343.671547
343.671547
343.671547
343.671547
343.671547
343.671547
343.671547
343.671547
343.671547
343.671547
343.671547
343.671547
343.671547
343.671547
343.671547
343.671547
343.671547
343.671547
343.671547
343.671547
343.671547
343.671547
343.671547
343.671547
343.671547
343.671547
343.671547
343.671547
343.671547
343.671547
343.671547
343.671547
343.671547
343.671547
343.671547
343.671547
343.671547
343.671547
343.671547
343.671547
343.671547
343.671547
343.671547
343.671547
343.671547
343.671547
343.671547
343.671547
343.671547
343.671547
343.671547
343.671547
343.671547
343.671547
343.671547
343.671547
343.671547
343.671547
343.671547
343.671547
343.671547
343.671547
343.671547
343.671547
343.671547
343.671547
343.671547
343.671547
343.671547
343.671547
343.671547
343.671547
343.671547
343.671547
343.671547
343.671547
343.671547
343.671547
343.671547
343.671547
343.671547
343.671547
343.671547
343.671547
343.671547
343.671547
343.671547
343.671547
343.671547
343.671547
343.671547
343.671547
343.671547
343.671547
343.671547
343.671547
343.671547
343.671547
343.671547
343.671547
343.671547
343.671547
343.671547
343.671547
343.671547
343.671547
343.671547
343.671547
343.671547
343.671547
343.671547
343.671547
343.671547
343.671547
343.671547
343.671547
343.671547
343.671547
343.671547
343.671547
343.671547
343.671547
343.671547
343.671547
343.671547
343.671547
343.671547
343.671547
343.671547
343.671547
343.671547
343.671547
343.671547
343.671547
343.671547
343.671547
343.671547
343.671547
343.671547
343.671547
343.671547
343.671547
343.671547
343.671547
343.671547
343.671547
343.671547
343.671547
343.671547
343.671547
343.671547
343.671547
343.671547
343.671547
343.671547
343.671547
343.671547
343.671547
343.671547
343.671547
343.671547
343.671547
343.671547
343.671547
343.671547
343.671547
343.671547
343.671547
343.671547
343.671547
343.671547
343.671547
343.671547
343.671547
343.671547
343.671547
343.671547
343.671547
343.671547
343.671547
343.671547
343.671547
343.671547
343.671547
343.671547
343.671547
343.671547
343.671547
343.671547
343.671547
343.671547
343.671547
343.671547
343.671547
343.671547
343.671547
343.671547
343.671547
343.671547
343.671547
343.671547
343.671547
343.671547
343.671547
343.671547
343.671547
343.671547
343.671547
343.671547
343.671547
343.671547
343.671547
343.671547
343.671547
343.671547
343.671547
343.671547
343.671547
343.671547
343.671547
343.671547
343.671547
343.671547
343.671547
343.671547
343.671547
343.671547
343.671547
343.671547
343.671547
343.671547
343.671547
343.671547
343.671547
343.671547
343.671547
343.671547
343.671547
343.671547
343.671547
343.671547
343.671547
343.671547
343.671547
343.671547
343.671547
343.671547
343.671547
343.671547
343.671547
343.671547
343.671547
343.671547
343.671547
343.671547
343.671547
343.671547
343.671547
343.671547
343.671547
343.671547
343.671547
343.671547
343.671547
343.671547
343.671547
343.671547
343.671547
343.671547
343.671547
343.671547
343.671547
343.671547
343.671547
343.671547
343.671547
343.671547
343.671547
343.671547
343.671547
343.671547
343.671547
343.671547
343.671547
343.671547
343.671547
343.671547
343.671547
343.671547
343.671547
343.671547
343.671547
343.671547
343.671547
343.671547
343.671547
343.671547
343.671547
343.671547
343.671547
343.671547
343.671547
343.671547
343.671547
343.671547
343.671547
343.671547
343.671547
343.671547
343.671547
343.671547
343.671547
343.671547
343.671547
343.671547
343.671547
343.671547
343.671547
343.671547
343.671547
343.671547
343.671547
343.671547
343.671547
343.671547
343.671547
343.671547
343.671547
343.671547
343.671547
343.671547
343.671547
343.671547
343.671547
343.671547
343.671547
343.671547
343.671547
343.671547
342.908732
342.908732
342.908732
342.908732
342.908732
342.908732
342.908732
342.908732
342.908732
342.908732
342.908732
342.908732
342.908732
342.908732
342.908732
342.908732
342.908732
342.908732
342.908732
342.908732
342.908732
342.908732
342.908732
342.908732
342.908732
342.908732
342.908732
342.908732
342.908732
342.908732
342.908732
342.908732
342.908732
342.908732
342.908732
342.908732
342.908732
342.908732
342.908732
342.908732
342.908732
342.908732
342.908732
342.908732
342.908732
342.908732
342.908732
342.908732
342.908732
342.908732
342.908732
342.908732
342.908732
342.908732
342.908732
342.908732
342.908732
342.908732
342.908732
342.908732
342.908732
342.908732
342.908732
342.908732
342.908732
342.908732
342.908732
342.908732
342.908732
342.908732
342.908732
342.908732
342.908732
342.908732
342.908732
342.908732
342.908732
342.908732
342.908732
342.908732
342.908732
342.908732
342.908732
342.908732
342.908732
342.908732
342.908732
342.908732
342.908732
342.908732
342.908732
342.908732
342.908732
342.908732
342.908732
342.908732
342.908732
342.908732
342.908732
342.908732
342.908732
342.908732
342.908732
342.908732
342.908732
342.908732
342.908732
342.908732
342.908732
342.908732
342.908732
342.908732
342.908732
342.908732
342.908732
342.908732
342.908732
342.908732
342.908732
342.908732
342.908732
342.908732
342.908732
342.908732
342.908732
342.908732
342.908732
342.908732
342.908732
342.908732
342.908732
342.908732
342.908732
342.908732
342.908732
342.908732
342.908732
342.908732
342.908732
342.908732
342.908732
342.908732
342.908732
342.908732
342.908732
342.908732
342.908732
342.908732
342.908732
342.908732
342.908732
342.908732
342.908732
342.908732
342.908732
342.908732
342.908732
342.908732
342.908732
342.908732
342.908732
342.908732
342.908732
342.908732
342.908732
342.908732
342.908732
342.908732
342.908732
342.908732
342.908732
342.908732
342.908732
342.908732
342.908732
342.908732
342.908732
342.908732
342.908732
342.908732
342.908732
342.908732
342.908732
342.908732
342.908732
342.908732
342.908732
342.908732
342.908732
342.908732
342.908732
342.908732
342.908732
342.908732
342.908732
342.908732
342.908732
342.908732
342.908732
342.908732
342.908732
342.908732
342.908732
342.908732
342.908732
342.908732
342.908732
342.908732
342.908732
342.908732
342.908732
342.908732
342.908732
342.908732
342.908732
342.908732
342.908732
342.908732
342.908732
342.908732
342.908732
342.908732
342.908732
342.908732
342.908732
342.908732
342.908732
342.908732
342.908732
342.908732
342.908732
342.908732
342.908732
342.908732
342.908732
342.908732
342.908732
342.908732
342.908732
342.908732
342.908732
342.908732
342.908732
342.908732
342.908732
342.908732
342.908732
342.908732
342.908732
342.908732
342.908732
342.908732
342.908732
342.908732
342.908732
342.908732
342.908732
342.908732
342.908732
342.908732
342.908732
342.908732
342.908732
342.908732
342.908732
342.908732
342.908732
342.908732
342.908732
342.908732
342.908732
342.908732
342.908732
342.908732
342.908732
342.908732
342.908732
342.908732
342.908732
342.908732
342.908732
342.908732
342.908732
342.908732
342.908732
342.908732
342.908732
342.908732
342.908732
342.908732
342.908732
342.908732
342.908732
342.908732
342.908732
342.908732
342.908732
342.908732
342.908732
342.908732
342.908732
342.908732
342.908732
342.908732
342.908732
342.908732
342.908732
342.908732
342.908732
342.908732
342.908732
342.908732
342.908732
342.908732
342.908732
342.908732
342.908732
342.908732
342.908732
342.908732
342.908732
342.908732
342.908732
342.908732
342.908732
342.908732
342.908732
342.908732
342.908732
342.908732
342.908732
342.908732
342.908732
342.908732
342.908732
342.908732
342.908732
342.908732
342.908732
342.908732
342.908732
342.908732
342.908732
342.908732
342.908732
342.908732
342.908732
342.908732
342.908732
342.908732
342.908732
342.908732
342.908732
342.908732
342.908732
342.908732
342.908732
342.908732
342.908732
342.908732
342.908732
342.908732
342.908732
342.908732
342.908732
342.908732
342.908732
342.908732
342.908732
342.908732
342.908732
342.908732
342.908732
342.908732
342.908732
342.908732
342.908732
342.908732
342.908732
342.908732
342.908732
342.908732
342.908732
342.908732
342.908732
342.908732
342.908732
342.908732
342.908732
342.908732
342.908732
342.908732
342.908732
342.908732
342.908732
342.908732
342.908732
342.908732
342.908732
342.908732
342.908732
342.908732
342.908732
342.908732
342.908732
342.908732
342.908732
342.908732
342.908732
342.908732
342.908732
342.908732
342.908732
342.908732
342.908732
342.908732
342.908732
342.908732
342.908732
342.908732
342.908732
342.908732
342.908732
342.908732
342.908732
342.908732
342.908732
342.908732
342.908732
342.908732
342.908732
342.908732
342.908732
342.908732
342.908732
342.908732
342.908732
342.908732
342.908732
342.908732
342.908732
342.908732
342.908732
342.908732
342.908732
342.908732
342.908732
342.908732
342.908732
342.908732
342.908732
342.908732
342.908732
342.908732
342.908732
342.908732
342.908732
342.908732
342.908732
342.908732
342.783395
342.783395
342.783395
342.783395
342.783395
342.783395
342.783395
342.783395
342.783395
342.783395
342.783395
342.783395
342.783395
342.783395
342.783395
342.783395
342.783395
342.783395
342.783395
342.783395
342.783395
342.783395
342.783395
342.783395
342.783395
342.783395
342.783395
342.783395
342.783395
342.783395
342.783395
342.783395
342.783395
342.783395
342.783395
342.783395
342.783395
342.783395
342.783395
342.783395
342.783395
342.783395
342.783395
342.783395
342.783395
342.783395
342.783395
342.783395
342.783395
342.783395
342.783395
342.783395
342.783395
342.783395
342.783395
342.783395
342.783395
342.783395
342.783395
342.783395
342.783395
342.783395
342.783395
342.783395
342.783395
342.783395
342.783395
342.783395
342.783395
342.783395
342.783395
342.783395
342.783395
342.783395
342.783395
342.783395
342.783395
342.783395
342.783395
342.783395
342.783395
342.783395
342.783395
342.783395
342.783395
342.783395
342.783395
342.783395
342.783395
342.783395
342.783395
342.783395
342.783395
342.783395
342.783395
342.783395
342.783395
342.783395
342.783395
342.783395
342.783395
342.783395
342.783395
342.783395
342.783395
342.783395
342.783395
342.783395
342.783395
342.783395
342.783395
342.783395
342.783395
342.783395
342.783395
342.783395
342.783395
342.783395
342.783395
342.783395
342.783395
342.783395
342.783395
342.783395
342.783395
342.783395
342.783395
342.783395
342.783395
342.783395
342.783395
342.783395
342.783395
342.783395
342.783395
342.783395
342.293303
342.293303
342.293303
342.293303
342.293303
342.293303
342.293303
342.293303
342.293303
342.293303
342.293303
342.293303
342.293303
342.293303
342.293303
342.293303
342.293303
342.293303
342.293303
342.293303
342.293303
342.293303
342.293303
342.293303
342.293303
342.293303
342.293303
342.293303
342.293303
342.293303
342.293303
342.293303
342.293303
342.293303
342.293303
342.293303
342.293303
342.293303
342.293303
342.293303
342.293303
342.293303
342.293303
342.293303
342.293303
342.293303
342.293303
342.293303
342.293303
342.293303
342.293303
342.293303
342.293303
342.293303
342.293303
342.293303
342.293303
342.293303
342.293303
342.293303
342.293303
342.293303
342.293303
342.293303
342.293303
342.293303
342.293303
342.293303
342.293303
342.293303
342.293303
342.293303
342.293303
342.293303
342.293303
342.293303
342.293303
342.293303
342.293303
342.293303
342.293303
342.293303
342.293303
342.293303
342.293303
342.293303
342.293303
342.293303
342.293303
342.293303
342.293303
342.293303
342.293303
342.293303
342.293303
342.293303
342.293303
342.293303
342.293303
342.293303
342.293303
342.293303
342.293303
342.293303
342.293303
342.293303
342.293303
342.293303
342.293303
342.293303
342.293303
342.293303
342.293303
342.293303
342.293303
342.293303
342.293303
342.293303
342.293303
342.293303
342.293303
342.293303
342.293303
342.293303
342.293303
342.293303
342.293303
342.293303
342.293303
342.293303
342.293303
342.293303
342.293303
342.293303
342.293303
342.293303
342.293303
342.293303
342.293303
342.293303
342.293303
342.293303
342.293303
342.293303
342.293303
342.293303
342.293303
342.293303
342.293303
342.293303
342.293303
342.293303
342.293303
342.293303
342.293303
342.293303
342.293303
342.293303
342.293303
342.293303
342.293303
342.293303
342.293303
342.293303
342.293303
342.293303
342.293303
342.293303
342.293303
342.293303
342.293303
342.293303
342.293303
342.293303
342.293303
342.293303
342.293303
342.293303
342.293303
342.293303
342.293303
342.293303
342.293303
342.293303
342.293303
342.293303
342.293303
342.293303
342.293303
342.293303
342.293303
342.293303
342.293303
342.293303
342.293303
342.293303
342.293303
342.293303
342.293303
342.293303
342.293303
342.293303
342.293303
342.293303
342.293303
342.293303
342.293303
342.293303
342.293303
342.293303
342.293303
342.293303
342.293303
342.293303
342.293303
342.293303
342.293303
342.293303
342.293303
342.293303
342.293303
342.293303
342.293303
342.293303
342.293303
342.293303
342.293303
342.293303
342.293303
342.293303
342.293303
342.293303
342.293303
342.293303
342.293303
342.293303
342.293303
342.293303
342.293303
342.293303
342.293303
342.293303
342.293303
342.293303
342.293303
342.293303
342.293303
342.293303
342.293303
342.293303
342.293303
342.293303
342.293303
342.293303
342.293303
342.293303
342.293303
342.293303
342.293303
342.293303
342.293303
342.293303
342.293303
342.293303
342.293303
342.293303
342.293303
342.293303
342.293303
342.293303
342.293303
342.293303
342.293303
342.293303
342.293303
342.293303
342.293303
342.293303
342.293303
342.293303
342.293303
342.293303
342.293303
342.293303
342.293303
342.293303
342.293303
342.293303
342.293303
342.293303
342.293303
342.293303
342.293303
342.293303
342.293303
342.293303
342.293303
342.293303
342.293303
342.293303
342.293303
342.293303
342.293303
342.293303
342.293303
342.293303
342.293303
342.293303
342.293303
342.293303
342.293303
342.293303
342.293303
342.293303
342.293303
342.293303
342.293303
342.293303
342.293303
342.293303
342.293303
342.293303
342.293303
342.293303
342.293303
342.293303
342.293303
342.293303
342.293303
342.293303
342.293303
342.293303
342.293303
342.293303
342.293303
342.293303
342.293303
342.293303
342.293303
342.293303
342.293303
342.293303
342.293303
342.293303
342.293303
342.293303
342.293303
342.293303
342.293303
342.293303
342.293303
342.293303
342.293303
342.293303
342.293303
342.293303
342.293303
342.293303
342.293303
342.293303
342.293303
342.293303
342.093649
342.093649
342.093649
342.093649
342.093649
342.093649
342.093649
342.093649
342.093649
342.093649
342.093649
342.093649
342.093649
342.093649
342.093649
342.093649
342.093649
342.093649
342.093649
342.093649
342.093649
342.093649
342.093649
342.093649
342.093649
342.093649
342.093649
342.093649
342.093649
342.093649
342.093649
342.093649
342.093649
342.093649
342.093649
342.093649
342.093649
342.093649
342.093649
342.093649
342.093649
342.093649
342.093649
342.093649
342.093649
342.093649
342.093649
342.093649
342.093649
342.093649
342.093649
342.093649
342.093649
342.093649
342.093649
342.093649
342.093649
342.093649
342.093649
342.093649
342.093649
342.093649
342.093649
342.093649
342.093649
342.093649
342.093649
342.093649
342.093649
342.093649
342.093649
342.093649
342.093649
342.093649
342.093649
342.093649
342.093649
342.093649
342.093649
342.093649
342.093649
342.093649
342.093649
342.093649
342.093649
342.093649
342.093649
342.093649
342.093649
342.093649
342.093649
342.093649
342.093649
342.093649
342.093649
342.093649
342.093649
342.093649
342.093649
342.093649
342.093649
342.093649
342.093649
342.093649
342.093649
342.093649
342.093649
342.093649
342.093649
342.093649
342.093649
342.093649
342.093649
342.093649
342.093649
342.093649
342.093649
342.093649
342.093649
342.093649
342.093649
342.093649
342.093649
342.093649
342.093649
342.093649
342.093649
342.093649
342.093649
342.093649
342.093649
342.093649
342.093649
342.093649
342.093649
342.093649
342.093649
342.093649
342.093649
342.093649
342.093649
342.093649
342.093649
342.093649
342.093649
342.093649
342.093649
342.093649
342.093649
342.093649
342.093649
342.093649
342.093649
342.093649
342.093649
342.093649
342.093649
342.093649
342.093649
342.093649
342.093649
342.093649
342.093649
342.093649
342.093649
342.093649
342.093649
342.093649
341.478128
341.478128
341.478128
341.478128
341.478128
341.478128
341.478128
341.478128
341.478128
341.478128
341.478128
341.478128
341.478128
341.478128
341.478128
341.478128
341.478128
341.478128
341.478128
341.478128
341.478128
341.478128
341.478128
341.478128
341.478128
341.478128
341.478128
341.478128
341.478128
341.478128
341.478128
341.478128
341.478128
341.478128
341.478128
341.478128
341.478128
341.478128
341.478128
341.478128
341.478128
341.478128
341.478128
341.478128
341.478128
341.478128
341.478128
341.478128
341.478128
341.478128
341.478128
341.478128
341.478128
341.478128
341.478128
341.478128
341.478128
341.478128
341.478128
341.478128
341.478128
341.478128
341.478128
341.478128
341.478128
341.478128
341.478128
341.478128
341.478128
341.478128
341.478128
341.478128
341.478128
341.478128
341.478128
341.478128
341.478128
341.478128
341.478128
341.478128
341.478128
341.478128
341.478128
341.478128
341.478128
341.478128
341.478128
341.478128
341.478128
341.478128
341.478128
341.478128
341.478128
341.478128
341.478128
341.478128
341.478128
341.478128
341.478128
341.478128
341.478128
341.478128
341.478128
341.478128
341.478128
341.478128
341.478128
341.478128
341.478128
341.478128
341.478128
341.478128
341.478128
341.478128
341.478128
341.478128
341.478128
341.478128
341.478128
341.478128
341.478128
341.478128
341.478128
341.478128
341.478128
341.478128
341.478128
341.478128
341.478128
341.478128
341.478128
341.478128
341.478128
341.478128
341.478128
341.478128
341.478128
341.478128
341.478128
341.478128
341.478128
341.478128
341.478128
341.478128
341.478128
341.478128
341.478128
341.478128
341.478128
341.478128
341.478128
341.478128
341.478128
341.478128
341.478128
341.478128
341.478128
341.478128
341.478128
341.478128
341.478128
341.478128
341.478128
341.478128
341.478128
341.478128
341.478128
341.478128
341.478128
341.478128
341.478128
341.478128
341.478128
341.478128
341.478128
341.478128
341.478128
341.478128
341.478128
341.478128
341.478128
341.478128
341.478128
341.478128
341.478128
341.478128
341.478128
341.478128
341.478128
341.478128
341.478128
341.478128
341.478128
341.478128
341.478128
341.478128
341.478128
341.478128
341.478128
341.478128
341.478128
341.478128
341.478128
341.478128
341.478128
341.478128
341.478128
341.478128
341.478128
341.478128
341.478128
341.478128
341.478128
341.478128
341.478128
341.478128
341.478128
341.478128
341.478128
341.478128
341.478128
341.478128
341.478128
341.478128
341.478128
341.478128
341.478128
341.478128
341.478128
341.478128
341.478128
341.478128
341.478128
341.478128
341.478128
341.478128
341.478128
341.478128
341.478128
341.478128
341.478128
341.478128
341.478128
341.478128
341.478128
341.478128
341.478128
341.478128
341.478128
341.478128
341.478128
341.478128
341.478128
341.478128
341.478128
341.478128
341.478128
341.478128
341.478128
341.478128
341.478128
341.478128
341.478128
341.478128
341.478128
341.478128
341.478128
341.478128
341.478128
341.478128
341.478128
341.478128
341.478128
341.478128
341.478128
341.478128
341.478128
341.478128
341.478128
341.478128
341.478128
341.478128
341.478128
341.478128
341.478128
341.478128
341.478128
341.478128
340.469494
340.469494
340.469494
340.469494
340.469494
340.469494
340.469494
340.469494
340.469494
340.469494
340.469494
340.469494
340.469494
340.469494
340.469494
340.469494
340.469494
340.469494
340.469494
340.469494
340.469494
340.469494
340.469494
340.469494
340.469494
340.469494
340.469494
340.469494
340.469494
340.469494
340.469494
340.469494
340.469494
340.469494
340.469494
340.469494
340.469494
340.469494
340.469494
340.469494
340.469494
340.469494
340.469494
340.469494
340.469494
340.469494
340.469494
340.469494
340.469494
340.469494
340.469494
340.469494
340.469494
340.469494
340.469494
340.469494
340.469494
340.469494
340.469494
340.469494
340.469494
340.469494
340.469494
340.469494
340.469494
340.469494
340.469494
340.469494
340.469494
340.469494
340.469494
340.469494
340.469494
340.469494
340.469494
340.469494
340.469494
340.469494
340.469494
340.469494
340.469494
340.469494
340.469494
340.469494
340.469494
340.469494
340.469494
340.469494
340.469494
340.469494
340.469494
340.469494
340.469494
340.469494
340.469494
340.469494
340.469494
340.469494
340.469494
340.469494
340.469494
340.469494
340.469494
340.469494
340.469494
340.469494
340.469494
340.469494
340.469494
340.469494
340.469494
340.469494
340.469494
340.469494
340.469494
340.469494
340.469494
340.469494
340.469494
340.469494
340.469494
340.469494
340.469494
340.469494
340.469494
340.469494
340.469494
340.469494
340.469494
340.469494
340.469494
340.469494
340.469494
340.469494
340.469494
340.469494
340.469494
340.469494
340.469494
340.469494
340.469494
340.469494
340.469494
340.469494
340.469494
340.469494
340.469494
340.469494
340.469494
340.469494
340.469494
340.469494
340.469494
340.469494
340.469494
340.469494
340.469494
340.469494
340.469494
340.469494
340.469494
340.469494
340.469494
340.469494
340.469494
340.469494
340.469494
340.469494
340.469494
340.469494
340.469494
340.469494
340.469494
340.469494
340.469494
340.469494
340.469494
340.469494
340.469494
340.469494
340.469494
340.469494
340.469494
340.469494
340.469494
340.469494
340.469494
340.469494
340.469494
340.469494
340.469494
340.469494
340.469494
340.469494
340.469494
340.469494
340.469494
340.469494
340.469494
340.469494
340.469494
340.469494
340.469494
340.469494
340.469494
340.469494
340.469494
340.469494
340.469494
340.469494
340.469494
340.469494
340.469494
340.469494
340.469494
340.469494
340.469494
340.469494
340.469494
340.469494
340.469494
340.469494
340.469494
340.469494
340.469494
340.469494
340.469494
340.469494
340.469494
340.469494
340.469494
340.469494
340.469494
340.469494
340.469494
340.469494
340.469494
340.469494
340.469494
340.469494
340.469494
340.469494
340.469494
340.469494
340.469494
340.469494
340.469494
340.469494
340.469494
340.469494
340.469494
340.469494
340.469494
340.469494
340.469494
340.469494
340.469494
340.469494
340.469494
340.469494
340.469494
340.469494
340.469494
340.469494
340.469494
340.469494
340.469494
340.469494
340.469494
340.469494
340.469494
340.469494
340.469494
340.469494
340.469494
340.469494
340.469494
340.469494
340.469494
340.469494
340.469494
340.469494
340.469494
340.469494
340.548792
340.548792
340.548792
340.548792
340.548792
340.548792
340.548792
340.548792
340.548792
340.548792
340.548792
340.548792
340.548792
340.548792
340.548792
340.548792
340.548792
340.548792
340.548792
340.548792
340.548792
340.548792
340.548792
340.548792
340.548792
340.548792
340.548792
340.548792
340.548792
340.548792
340.548792
340.548792
340.548792
340.548792
340.548792
340.548792
340.548792
340.548792
340.548792
340.548792
340.548792
340.548792
340.548792
340.548792
340.548792
340.548792
340.548792
340.548792
340.548792
340.548792
340.548792
340.548792
340.685996
340.685996
340.685996
340.685996
340.685996
340.685996
340.685996
340.685996
340.685996
340.685996
340.685996
340.685996
340.685996
340.685996
340.685996
340.685996
340.685996
340.685996
340.685996
340.685996
340.685996
340.685996
340.685996
340.685996
340.685996
340.685996
340.685996
340.685996
340.685996
340.685996
340.685996
340.685996
340.685996
340.685996
340.685996
340.685996
340.685996
340.685996
340.685996
340.685996
340.685996
340.685996
340.685996
340.685996
340.685996
340.685996
340.685996
340.685996
340.685996
340.685996
340.685996
340.685996
340.685996
340.685996
340.685996
340.685996
340.685996
340.685996
340.685996
340.685996
340.685996
340.685996
340.685996
340.685996
340.685996
340.685996
340.685996
340.685996
340.685996
340.685996
340.685996
340.685996
340.685996
340.685996
340.685996
340.685996
340.685996
340.685996
340.685996
340.685996
340.685996
340.685996
340.685996
340.685996
340.685996
340.685996
340.685996
340.685996
340.685996
340.685996
340.685996
340.685996
340.685996
340.685996
340.685996
340.685996
340.685996
340.685996
340.685996
340.685996
340.685996
340.685996
340.685996
340.685996
340.685996
340.685996
340.685996
340.685996
340.685996
340.685996
340.685996
340.685996
340.685996
340.685996
340.685996
340.685996
340.685996
340.685996
340.685996
340.685996
340.685996
340.685996
340.685996
340.685996
340.685996
340.685996
340.685996
340.685996
340.685996
340.685996
340.685996
340.685996
340.685996
340.685996
340.685996
340.685996
340.685996
340.685996
340.685996
340.685996
340.685996
340.685996
340.685996
340.685996
340.685996
340.685996
340.685996
340.685996
340.685996
340.685996
340.685996
340.685996
340.685996
340.685996
340.685996
340.685996
340.685996
340.685996
340.685996
340.685996
340.685996
340.685996
340.685996
340.685996
340.685996
340.685996
340.685996
340.685996
340.685996
340.685996
340.685996
340.685996
340.685996
340.685996
340.685996
340.685996
340.685996
340.685996
340.685996
340.685996
340.685996
340.685996
340.685996
340.685996
340.685996
340.685996
340.685996
340.685996
340.685996
340.685996
340.685996
340.685996
340.685996
340.685996
340.685996
340.685996
340.685996
340.685996
340.685996
340.685996
340.685996
340.685996
340.685996
340.685996
340.685996
340.685996
340.685996
340.685996
340.685996
340.685996
340.685996
340.685996
340.685996
340.685996
340.685996
340.685996
340.685996
340.685996
340.685996
340.685996
340.685996
340.685996
340.685996
340.685996
340.685996
340.685996
340.685996
340.685996
340.685996
340.685996
340.685996
340.685996
340.685996
340.685996
340.685996
340.685996
340.685996
340.685996
341.233325
341.233325
341.233325
341.233325
341.233325
341.233325
341.233325
341.233325
341.233325
341.233325
341.233325
341.233325
341.233325
341.233325
341.233325
341.233325
341.233325
341.233325
341.233325
341.233325
341.233325
341.233325
341.233325
341.233325
341.233325
341.233325
341.233325
341.233325
341.233325
341.233325
341.233325
341.233325
341.233325
341.233325
341.233325
341.233325
341.233325
341.233325
341.233325
341.233325
341.233325
341.233325
341.233325
341.233325
341.233325
341.233325
341.233325
341.233325
341.233325
341.233325
341.233325
341.233325
341.233325
341.233325
341.233325
341.233325
341.233325
341.233325
341.233325
341.113941
341.113941
341.113941
341.113941
341.113941
341.113941
341.113941
341.113941
341.113941
341.113941
341.113941
341.113941
341.113941
341.113941
341.113941
341.113941
341.113941
341.113941
341.113941
341.113941
341.113941
341.113941
341.113941
341.113941
341.113941
341.113941
341.113941
341.113941
341.113941
341.113941
341.113941
341.113941
341.113941
341.113941
341.113941
341.113941
341.113941
341.113941
341.113941
341.113941
341.113941
341.113941
341.113941
341.113941
341.113941
341.113941
341.113941
341.113941
341.113941
341.113941
341.113941
341.113941
341.113941
341.113941
341.113941
341.113941
341.113941
341.113941
341.113941
341.113941
341.113941
341.113941
341.113941
341.113941
341.113941
341.113941
341.113941
341.113941
341.113941
341.113941
341.113941
341.113941
341.113941
341.113941
341.113941
341.113941
341.113941
341.113941
341.113941
341.113941
341.113941
341.113941
341.113941
341.113941
341.113941
341.113941
341.113941
341.113941
341.113941
341.113941
341.113941
341.113941
341.113941
341.113941
341.113941
341.113941
341.113941
341.113941
341.113941
341.113941
341.113941
341.113941
341.113941
341.113941
341.113941
341.113941
341.113941
341.113941
341.113941
341.113941
341.113941
341.113941
341.113941
341.113941
341.113941
341.113941
341.113941
341.113941
341.113941
341.113941
341.113941
341.113941
341.113941
341.113941
341.113941
341.113941
341.113941
341.113941
341.113941
341.113941
341.113941
341.113941
341.113941
341.113941
341.113941
341.113941
341.113941
341.113941
341.113941
341.113941
341.113941
341.113941
341.113941
341.113941
341.113941
341.113941
341.113941
341.113941
341.113941
341.113941
341.113941
341.113941
341.113941
341.113941
341.113941
341.113941
341.113941
341.113941
341.113941
341.113941
341.113941
341.113941
341.113941
341.113941
341.113941
341.113941
341.113941
341.113941
341.113941
341.113941
341.113941
341.113941
341.113941
341.113941
341.113941
341.113941
341.113941
341.113941
341.113941
341.113941
341.113941
341.113941
341.113941
341.113941
341.113941
341.113941
341.113941
341.113941
341.113941
341.113941
341.113941
341.113941
341.113941
341.113941
341.113941
341.113941
341.113941
341.113941
341.113941
341.113941
341.113941
341.113941
341.113941
341.113941
341.113941
341.113941
341.113941
341.113941
341.113941
341.113941
341.113941
341.113941
341.113941
341.113941
341.113941
341.113941
341.113941
341.113941
341.113941
341.113941
341.113941
341.113941
341.113941
341.113941
341.113941
341.113941
341.113941
341.113941
341.113941
341.113941
341.113941
341.113941
341.113941
341.113941
341.113941
341.113941
341.113941
341.113941
341.113941
341.113941
341.113941
341.113941
341.113941
341.113941
341.113941
341.113941
341.113941
341.113941
341.113941
341.113941
341.113941
341.113941
341.113941
341.113941
341.113941
341.113941
341.113941
341.113941
341.113941
341.113941
341.113941
341.113941
341.113941
341.113941
341.113941
341.113941
341.113941
341.113941
341.113941
341.113941
341.113941
341.113941
341.113941
341.113941
341.113941
341.113941
341.113941
341.113941
341.113941
341.113941
341.113941
341.113941
341.113941
341.113941
341.113941
341.113941
341.113941
341.113941
341.113941
341.113941
341.113941
341.113941
341.113941
341.113941
341.113941
341.113941
341.113941
341.113941
341.113941
341.113941
341.113941
341.113941
341.113941
341.113941
341.113941
341.113941
341.113941
341.113941
341.113941
341.113941
341.113941
341.113941
341.113941
341.113941
341.113941
341.113941
341.113941
341.113941
341.113941
341.113941
341.113941
341.113941
341.113941
341.113941
341.113941
341.113941
341.113941
341.113941
341.113941
341.113941
341.113941
341.113941
341.113941
341.113941
341.113941
341.113941
341.113941
341.113941
341.113941
341.113941
341.113941
341.113941
341.113941
341.113941
341.113941
341.113941
341.113941
341.113941
341.113941
341.113941
341.113941
341.113941
341.113941
341.113941
341.113941
341.113941
341.113941
341.113941
341.113941
341.113941
341.113941
341.113941
341.113941
341.113941
341.113941
341.113941
341.113941
341.113941
341.113941
341.113941
341.113941
341.113941
341.113941
341.113941
341.113941
341.113941
341.113941
341.113941
341.113941
341.113941
341.113941
341.113941
341.113941
341.113941
341.113941
341.113941
341.113941
341.113941
341.113941
341.113941
341.113941
341.113941
341.113941
341.113941
341.113941
341.113941
341.113941
341.113941
341.113941
341.113941
341.113941
341.113941
341.113941
341.113941
341.113941
341.113941
341.113941
341.113941
341.113941
341.113941
341.113941
341.113941
341.113941
341.113941
341.113941
341.113941
341.113941
341.113941
341.113941
341.113941
341.113941
341.113941
341.113941
341.113941
341.113941
341.113941
341.113941
341.113941
341.113941
341.113941
341.113941
341.113941
341.113941
341.113941
341.113941
341.113941
341.113941
341.113941
341.113941
341.113941
341.113941
341.113941
341.113941
341.113941
341.113941
341.113941
341.113941
341.113941
341.113941
341.113941
341.113941
341.113941
341.113941
341.113941
341.113941
341.113941
341.113941
341.113941
341.113941
341.113941
341.113941
341.113941
341.113941
341.113941
341.113941
341.113941
341.113941
341.113941
341.113941
341.113941
341.113941
341.113941
341.113941
341.113941
341.113941
341.113941
341.113941
341.113941
341.113941
341.113941
341.113941
341.113941
341.113941
341.113941
341.113941
341.113941
341.113941
341.113941
341.113941
341.113941
341.113941
341.113941
341.113941
341.113941
341.113941
341.113941
341.113941
341.113941
341.113941
341.113941
341.113941
341.113941
341.113941
341.113941
341.113941
341.113941
341.113941
341.113941
341.113941
341.113941
341.113941
340.546161
340.546161
340.546161
340.546161
340.546161
340.546161
340.546161
340.546161
340.546161
340.546161
340.546161
340.546161
340.546161
340.546161
340.546161
340.546161
340.546161
340.546161
340.546161
340.546161
340.546161
340.546161
340.546161
340.546161
340.546161
340.546161
340.546161
340.546161
340.546161
340.546161
340.546161
340.546161
340.546161
340.546161
340.546161
340.546161
340.546161
340.546161
340.546161
340.546161
340.546161
340.546161
340.546161
340.546161
340.546161
340.546161
340.546161
340.546161
340.546161
340.546161
340.546161
340.546161
340.546161
340.546161
340.546161
340.546161
340.546161
340.546161
340.546161
340.546161
340.546161
340.546161
340.546161
340.546161
340.546161
340.546161
340.546161
340.546161
340.546161
340.546161
340.546161
340.546161
340.546161
340.546161
340.546161
340.546161
340.546161
340.546161
340.546161
340.546161
340.546161
340.546161
340.546161
340.546161
340.546161
340.546161
340.546161
340.546161
340.546161
340.546161
340.546161
340.546161
340.546161
340.546161
340.546161
340.546161
340.546161
340.546161
340.546161
340.546161
340.546161
340.546161
340.546161
340.546161
340.546161
340.546161
340.546161
340.546161
340.546161
340.546161
340.546161
340.546161
340.546161
340.546161
340.546161
340.546161
340.546161
340.546161
340.546161
340.546161
340.546161
340.546161
340.546161
340.546161
340.546161
340.546161
340.546161
340.546161
340.546161
340.546161
340.546161
340.546161
340.546161
340.546161
340.546161
340.546161
340.546161
340.546161
340.546161
340.546161
340.546161
340.546161
340.546161
340.546161
340.546161
340.546161
340.546161
340.546161
340.546161
340.546161
340.546161
340.546161
340.546161
340.546161
340.546161
340.546161
340.546161
340.546161
340.546161
340.546161
340.546161
340.546161
340.546161
340.546161
340.546161
340.546161
340.546161
340.546161
340.546161
340.546161
340.546161
340.546161
340.546161
340.546161
340.546161
340.546161
340.546161
340.546161
340.546161
340.546161
340.546161
340.546161
340.546161
340.546161
340.546161
340.676368
340.676368
340.676368
340.676368
340.676368
340.676368
340.676368
340.676368
340.676368
340.676368
340.676368
340.676368
340.676368
340.676368
340.676368
340.676368
340.676368
340.676368
340.676368
340.676368
340.676368
340.676368
340.676368
340.676368
340.676368
340.676368
340.676368
340.676368
340.676368
340.676368
340.676368
340.676368
340.676368
340.676368
340.676368
340.676368
340.676368
340.676368
340.676368
340.676368
340.676368
340.676368
340.676368
340.676368
340.676368
340.676368
340.676368
340.676368
340.676368
340.676368
340.676368
340.676368
340.676368
340.676368
340.676368
340.676368
340.676368
340.676368
340.676368
340.676368
340.676368
340.676368
340.676368
340.676368
340.676368
340.676368
340.676368
340.676368
340.676368
340.676368
340.676368
340.676368
340.676368
340.676368
340.676368
340.676368
340.676368
340.676368
340.676368
340.676368
340.676368
340.676368
340.676368
340.676368
340.676368
340.676368
340.676368
340.676368
340.676368
340.676368
340.676368
340.676368
340.676368
340.676368
340.676368
340.676368
340.676368
340.676368
340.676368
340.676368
340.676368
340.676368
340.676368
340.676368
340.676368
340.676368
340.676368
340.676368
340.676368
340.676368
340.676368
340.676368
340.676368
340.676368
340.676368
340.676368
340.676368
340.676368
340.676368
340.676368
340.676368
340.676368
340.676368
340.676368
340.676368
340.676368
340.676368
340.676368
340.676368
340.676368
340.676368
340.676368
340.676368
340.676368
340.676368
340.676368
340.676368
340.676368
340.676368
340.676368
340.676368
340.676368
340.676368
340.676368
340.676368
340.676368
340.676368
340.676368
340.676368
340.676368
340.676368
340.676368
340.676368
340.676368
340.676368
340.676368
340.676368
340.676368
340.676368
340.676368
340.676368
340.676368
340.676368
340.676368
340.676368
340.676368
340.676368
340.676368
340.676368
340.676368
340.676368
340.676368
340.676368
340.676368
340.676368
340.676368
340.676368
340.676368
340.676368
340.676368
340.676368
340.676368
340.676368
340.676368
340.676368
340.676368
340.676368
340.676368
340.676368
340.676368
340.676368
340.676368
340.676368
340.676368
340.676368
340.676368
340.676368
340.676368
340.676368
340.676368
340.676368
340.676368
340.676368
340.676368
340.676368
340.676368
340.676368
340.676368
340.676368
340.676368
340.676368
340.676368
340.676368
340.676368
340.676368
340.676368
340.676368
340.676368
340.676368
340.676368
340.676368
340.676368
340.676368
340.676368
340.676368
340.676368
340.676368
340.676368
340.676368
340.676368
340.676368
340.676368
340.676368
340.676368
340.676368
340.676368
340.676368
340.676368
340.676368
340.676368
340.676368
340.676368
340.676368
340.676368
340.676368
340.676368
340.676368
340.676368
340.676368
340.676368
340.676368
340.676368
340.676368
340.676368
340.676368
340.676368
340.676368
340.676368
340.676368
340.676368
340.676368
340.676368
340.676368
340.676368
340.676368
340.676368
340.676368
340.676368
340.676368
340.676368
340.676368
340.676368
340.676368
340.676368
