407.007991
389.035323
377.927523
364.383614
347.610458
335.104542
320.207771
308.101649
301.154654
293.753115
285.696460
276.413078
264.383103
251.786670
242.965943
234.048575
223.578602
216.583378
208.002668
200.999245
197.286542
192.089119
185.268157
181.850662
175.092425
172.001882
171.813143
168.429914
164.587800
161.775230
160.148764
157.631281
154.404068
153.858693
153.238076
151.989309
147.668887
147.175280
146.475569
145.772258
145.245242
144.762702
144.551105
143.303949
143.245702
141.288145
141.151120
141.296426
141.200968
139.845427
138.884921
138.978349
138.558045
137.844690
137.646892
137.061827
136.242770
136.687347
135.390644
135.552168
135.552168
135.258577
134.132631
134.533590
134.652727
134.083241
133.975288
133.403484
133.024804
132.942895
133.274781
133.837762
133.015646
132.647712
132.603917
131.575372
131.418060
131.418060
131.199281
131.679936
131.698016
131.508908
131.150162
131.440855
131.733202
130.834173
130.815396
130.310449
130.138480
129.928773
129.928773
129.173247
129.073310
129.073310
129.042939
129.042939
129.042939
129.633360
129.529998
129.624513
129.624513
129.048236
129.048236
128.898448
128.898448
129.605303
129.065346
129.065346
129.065346
128.826077
128.826077
128.681522
128.942520
128.739051
128.859729
128.859729
129.117171
129.049613
128.451443
128.607783
128.607783
128.082618
128.082618
128.082618
128.368243
127.839257
127.839257
127.634452
125.337818
125.323483
124.133205
124.019285
124.229783
124.229783
124.229783
124.229783
124.398090
124.268694
124.443216
124.443216
124.599522
124.608968
124.608968
124.229169
124.229169
124.547458
124.223287
124.223287
123.925990
123.925990
123.925990
124.053950
123.654138
123.854173
123.369660
123.284487
122.474772
122.474772
122.474772
122.474772
122.447762
122.043448
122.043448
122.417166
121.912462
121.912462
121.912462
121.912462
121.726956
121.372479
121.024424
120.914538
120.970448
120.970448
120.970448
121.116460
120.390403
120.125296
120.125296
119.974554
120.297960
120.297960
120.865876
120.865876
120.865876
120.865876
121.234918
121.228734
121.228734
120.969766
120.969766
120.860863
120.860863
120.860863
120.903575
120.603955
120.255108
120.255108
120.216253
120.216253
120.216253
120.216253
120.216253
119.925636
120.376432
120.376432
120.376432
120.376432
120.376432
121.254812
121.254812
121.254812
121.254812
120.262739
120.262739
120.205431
119.878729
119.878729
119.878729
119.878729
119.878729
119.878729
119.878729
119.878729
119.739157
119.739157
119.739157
119.739157
119.739157
119.739157
120.173488
120.173488
120.173488
120.173488
120.173488
120.173488
121.373059
121.213017
121.213017
120.890157
120.890157
120.890157
120.890157
120.890157
121.098295
121.098295
121.009334
121.021885
121.536120
121.536120
121.185166
121.185166
121.185166
121.765081
121.765081
121.765081
121.765081
121.314115
120.619659
120.619659
120.619659
120.619659
120.619659
120.619659
120.619659
120.278722
120.278722
120.278722
120.138434
120.138434
120.138434
120.138434
120.138434
120.138434
120.138434
119.791775
119.791775
119.791775
119.791775
119.803270
119.803270
119.803270
119.803270
119.803270
119.803270
119.803270
120.026158
120.026158
120.026158
120.026158
120.286511
120.665879
120.665879
120.665879
120.665879
120.665879
120.665879
120.665879
120.665879
120.665879
120.918137
120.639435
120.568686
120.568686
120.702149
120.510588
120.510588
120.024461
119.940369
119.940369
119.940369
119.940369
119.919085
119.919085
119.919085
119.919085
119.919085
119.919085
119.919085
119.919085
119.919085
119.919085
119.919085
119.919085
119.919085
120.044039
119.890119
119.890119
119.400611
119.400611
119.127925
118.932489
118.932489
118.932489
118.932489
118.663060
118.663060
118.438133
118.438133
118.438133
118.438133
118.622246
118.331147
118.608603
118.608603
118.352486
118.352486
118.352486
118.352486
118.352486
118.352486
118.352486
118.352486
118.352486
118.352486
118.352486
118.284299
118.284299
118.284299
118.284299
118.284299
118.396990
118.715494
118.715494
118.715494
118.453394
118.216825
118.018948
117.802869
117.802869
117.998095
117.119123
117.119123
117.119123
117.119123
117.119123
117.672102
117.672102
117.672102
117.672102
117.553230
117.553230
117.553230
117.553230
117.421724
117.421724
117.421724
117.421724
117.421724
117.783605
117.783605
117.783605
117.783605
117.783605
117.783605
117.783605
117.769200
117.769200
117.769200
117.769200
117.769200
117.769200
117.769200
117.769200
117.769200
117.769200
117.769200
117.909370
117.506130
117.698410
117.698410
117.867948
117.981370
117.981370
117.981370
117.981370
117.945110
117.945110
117.945110
117.945110
117.945110
117.945110
117.815399
117.815399
117.588379
117.588379
117.588379
117.556106
117.445487
117.445487
117.345344
117.345344
117.345344
117.345344
117.345344
117.345344
117.345344
117.345344
117.742141
117.742141
117.742141
117.742141
117.084809
117.084809
117.084809
117.084809
117.084809
117.084809
117.284255
117.284255
117.284255
117.284255
117.284255
117.284255
117.284255
117.492289
117.492289
117.492289
117.473726
117.473726
117.221323
117.221323
116.993765
116.993765
116.989524
116.989524
117.407532
117.407532
117.407532
117.407532
117.479335
117.479335
117.479335
116.612547
116.612547
116.612547
116.612547
116.612547
116.612547
116.612547
116.612547
116.743147
116.743147
116.743147
116.743147
116.743147
116.743147
117.050951
117.050951
117.050951
117.050951
117.050951
117.050951
117.039656
117.039656
116.848189
116.785958
116.785958
116.785958
116.785958
116.785958
116.785958
116.785958
116.785958
116.785958
116.606434
116.678743
116.678743
116.678743
116.678743
116.678743
116.678743
116.321241
116.321241
116.321241
116.321241
116.556697
116.556697
116.556697
116.556697
116.556697
116.556697
116.556697
116.556697
116.556697
116.556697
116.556697
116.556697
116.556697
116.556697
116.556697
116.342979
116.342979
115.771057
115.352220
115.352220
115.352220
115.352220
115.352220
115.352220
115.352220
115.352220
115.352220
115.352220
115.352220
115.352220
114.946826
114.477741
114.477741
114.477741
114.477741
114.477741
114.477741
114.477741
114.477741
114.477741
114.477741
114.477741
115.120684
115.120684
115.120684
115.120684
115.120684
115.120684
115.120684
114.736154
114.736154
114.736154
114.736154
114.736154
114.825626
114.825626
115.070597
115.070597
115.070597
115.311563
115.311563
115.311563
115.311563
115.311563
115.311563
115.311563
115.311563
115.311563
115.311563
115.311563
115.225974
115.225974
115.225974
115.225974
115.225974
115.225974
115.225974
115.225974
114.937531
114.955044
114.955044
114.955044
114.955044
114.955044
114.955044
114.955044
114.955044
114.955044
114.955044
114.955044
114.955044
114.955044
114.955044
114.955044
114.955044
114.955044
114.525100
114.525100
114.525100
114.525100
114.525100
114.525100
114.525100
114.525100
114.525100
114.525100
114.525100
114.525100
114.525100
114.525100
114.525100
114.525100
114.525100
114.525100
114.525100
114.525100
114.525100
114.525100
114.525100
114.525100
114.525100
114.525100
114.525100
114.525100
114.525100
114.525100
114.525100
114.525100
114.525100
114.525100
114.525100
114.525100
114.525100
114.525100
114.525100
114.059095
113.926965
113.926965
113.926965
113.891089
113.953615
113.953615
113.953615
113.953615
113.730197
113.730197
113.730197
113.730197
113.730197
113.730197
113.730197
113.730197
113.730197
113.730197
113.075643
112.790891
112.790891
112.668834
112.701047
112.701047
112.898931
112.898931
112.426514
112.426514
112.426514
112.426514
112.426514
112.426514
112.426514
112.426514
112.426514
112.426514
112.426514
111.885657
111.885657
111.885657
111.885657
111.885657
111.885657
111.885657
111.885657
112.271312
112.271312
112.271312
112.342648
112.342648
112.342648
112.342648
112.342648
112.342648
112.342648
112.342648
112.342648
112.342648
112.342648
112.342648
112.342648
112.342648
112.342648
112.095694
112.095694
112.095694
112.095694
112.095694
112.146316
112.146316
112.625961
112.625961
112.625961
112.625961
112.625961
112.612199
112.612199
112.612199
112.612199
112.612199
112.612199
112.612199
112.612199
112.612199
112.612199
112.612199
112.582862
112.582862
112.582862
112.582862
112.582862
112.582862
112.582862
112.420157
112.420157
112.420157
112.420157
112.418514
112.418514
112.418514
112.418514
112.418514
112.418514
112.418514
112.418514
112.418514
112.418514
112.418514
112.418514
112.418514
112.418514
112.418514
112.040416
112.040416
112.040416
112.051782
112.051782
112.051782
112.051782
111.875283
111.791456
111.791456
111.791456
111.419879
111.419879
111.419879
111.419879
111.419879
111.419879
111.419879
111.419879
111.419879
111.419879
111.419879
111.419879
111.419879
111.419879
111.080014
111.080014
111.080014
111.080014
111.080014
111.080014
111.080014
111.080014
111.080014
110.405033
110.405033
110.405033
110.405033
110.405033
110.405033
110.405033
110.405033
110.405033
110.405033
110.405033
110.405033
110.405033
110.405033
110.405033
110.405033
110.405033
110.405033
110.289886
110.289886
110.289886
110.289886
110.289886
110.289886
110.289886
110.289886
110.289886
110.289886
110.289886
110.289886
110.289886
110.289886
110.289886
110.289886
110.289886
110.289886
110.289886
110.289886
109.945215
109.945215
109.945215
109.945215
109.945215
109.945215
109.945215
109.945215
109.860335
109.860335
109.949934
109.949934
109.949934
109.949934
109.949934
109.525072
109.525072
109.525072
109.525072
109.525072
109.525072
109.525072
109.525072
109.525072
109.525072
109.525072
109.525072
109.525072
109.525072
109.525072
109.525072
109.525072
109.525072
109.525072
109.525072
109.525072
109.525072
109.525072
109.525072
109.525072
109.525072
109.525072
109.525072
109.525072
109.525072
109.525072
109.525072
109.013222
109.013222
109.013222
109.013222
109.013222
109.013222
109.013222
109.013222
109.013222
109.013222
108.180902
108.180902
108.302749
108.302749
108.302749
108.302749
108.302749
108.302749
108.302749
108.302749
108.302749
108.581513
108.421908
108.421908
108.421908
108.421908
108.421908
108.377931
108.419285
108.419285
108.419285
108.419285
108.419285
108.419285
108.419285
108.419285
108.419285
108.419285
108.258705
108.258705
108.258705
108.258705
108.258705
108.258705
108.258705
108.258705
108.258705
108.258705
108.510942
108.510942
108.510942
108.510942
108.510942
108.510942
108.510942
108.510942
108.510942
108.510942
108.510942
108.510942
108.510942
108.510942
108.510942
108.510942
108.510942
108.510942
108.510942
108.510942
108.763901
108.763901
108.763901
108.763901
108.763901
108.763901
108.763901
108.763901
108.542191
108.542191
108.542191
108.542191
108.191964
108.191964
108.191964
108.191964
108.191964
107.907533
107.907533
107.907533
107.907533
107.907533
107.907533
107.907533
107.907533
107.907533
107.907533
107.907533
107.907533
107.907533
107.907533
107.800114
107.800114
107.800114
107.800114
107.800114
107.800114
107.800114
107.800114
107.800114
107.800114
107.800114
107.800114
107.800114
107.800114
107.800114
107.800114
107.800114
107.800114
107.800114
107.800114
107.800114
107.800114
107.800114
107.526424
107.526424
107.526424
107.526424
107.526424
107.526424
107.538685
107.538685
107.538685
107.538685
107.538685
107.538685
107.538685
107.538685
107.538685
107.538685
107.538685
107.538685
107.538685
107.538685
107.538685
107.538685
107.431409
107.431409
107.431409
107.431409
107.431409
107.431409
107.431409
107.431409
107.431409
107.431409
107.431409
107.431409
107.431409
107.431409
107.431409
107.431409
107.431409
107.431409
107.431409
107.431409
107.431409
107.262166
107.262166
107.262166
107.262166
107.262166
107.262166
107.262166
107.262166
107.262166
107.262166
107.262166
107.262166
107.262166
107.262166
107.262166
106.793454
106.793454
106.793454
106.793454
106.793454
106.793454
106.793454
106.793454
106.793454
106.793454
106.793454
106.793454
106.793454
106.793454
106.793454
106.744358
106.951106
106.951106
106.960628
106.772458
106.772458
106.772458
106.772458
106.772458
106.772458
106.772458
106.772458
106.772458
106.772458
106.772458
106.772458
106.772458
106.772458
106.772458
106.772458
106.772458
106.772458
106.772458
106.772458
106.772458
106.772458
106.772458
106.772458
106.772458
106.772458
106.772458
106.772458
106.772458
106.296320
106.296320
106.296320
106.296320
106.296320
106.296320
106.296320
106.296320
106.296320
106.296320
106.296320
106.296320
106.296320
106.296320
106.296320
106.296320
106.296320
106.296320
106.296320
106.296320
106.296320
106.296320
106.296320
106.296320
106.296320
106.296320
106.296320
106.296320
106.296320
106.296320
106.296320
106.296320
106.296320
106.296320
106.296320
106.296320
106.296320
106.296320
106.296320
105.537051
105.537051
105.537051
105.537051
105.537051
105.537051
105.537051
105.537051
105.537051
105.537051
105.537051
105.537051
105.537051
105.537051
105.537051
105.537051
105.537051
105.537051
105.537051
105.537051
105.537051
105.537051
105.537051
105.537051
105.537051
105.537051
105.537051
105.537051
105.731374
105.731374
105.731374
105.731374
105.704837
105.704837
105.704837
105.704837
105.704837
105.540426
105.540426
105.540426
105.540426
105.540426
105.540426
105.540426
105.540426
105.540426
105.540426
105.540426
105.540426
105.540426
105.540426
105.540426
105.386918
105.386918
105.386918
105.386918
105.386918
105.386918
105.386918
105.386918
105.386918
105.386918
104.975124
104.975124
104.975124
104.975124
104.975124
104.975124
104.975124
104.975124
104.975124
104.975124
104.975124
104.975124
104.975124
104.975124
104.975124
104.975124
104.975124
104.975124
104.975124
104.975124
104.975124
105.021100
105.021100
105.021100
105.021100
104.425604
104.425604
104.425604
104.425604
104.425604
104.425604
104.425604
104.425604
104.425604
104.425604
104.425604
104.425604
104.425604
104.425604
104.425604
104.425604
104.425604
104.425604
104.425604
104.425604
104.425604
104.425604
104.425604
104.425604
104.425604
104.425604
104.425604
104.425604
104.425604
104.425604
104.425604
104.425604
104.425604
104.425604
104.425604
104.425604
104.425604
104.425604
104.425604
104.425604
104.425604
104.256028
104.256028
104.256028
104.256028
104.256028
104.256028
104.256028
104.256028
104.256028
104.256028
104.256028
104.256028
104.256028
104.256028
104.256028
104.256028
104.256028
104.256028
104.256028
104.256028
104.256028
104.256028
104.256028
104.256028
104.256028
104.256028
104.256028
104.256028
104.256028
104.256028
104.256028
104.256028
104.256028
104.256028
104.256028
104.256028
104.256028
104.256028
104.256028
104.256028
104.256028
104.256028
104.256028
104.256028
104.256028
104.256028
104.256028
104.269089
104.228085
104.228085
104.228085
104.228085
104.228085
104.228085
104.228085
104.228085
104.228085
104.107446
104.107446
103.658348
103.658348
103.658348
103.658348
103.658348
103.658348
103.658348
103.658348
103.658348
103.658348
103.658348
103.658348
103.658348
103.658348
103.646025
103.646025
103.646025
103.646025
103.646025
103.441126
103.441126
103.441126
103.441126
103.441126
103.441126
103.441126
103.441126
103.441126
103.441126
103.441126
103.441126
103.441126
103.441126
103.441126
103.441126
103.441126
102.702027
102.702027
102.702027
102.768063
102.768063
102.768063
102.768063
102.443494
102.443494
102.443494
102.443494
102.443494
102.443494
102.443494
102.443494
102.443494
102.443494
102.563538
102.563538
102.563538
102.563538
102.563538
102.670237
102.670237
102.670237
102.670237
102.670237
102.670237
102.670237
102.670237
102.670237
102.670237
102.670237
102.670237
102.670237
102.670237
102.670237
102.670237
102.670237
102.670237
102.670237
102.670237
102.670237
102.670237
102.670237
102.418373
102.422334
102.422334
102.422334
102.422334
102.422334
102.422334
102.422334
102.422334
102.422334
102.422334
102.422334
102.422334
102.422334
102.422334
102.422334
102.422334
102.422334
102.422334
102.422334
102.422334
102.365256
102.365256
102.365256
102.365256
102.365256
102.365256
101.960778
101.960778
101.960778
101.960778
101.960778
101.960778
101.960778
101.960778
101.960778
101.960778
101.960778
101.960778
101.960778
101.960778
101.960778
101.960778
101.960778
101.960778
101.960778
101.960778
101.960778
101.960778
101.960778
101.960778
101.960778
101.960778
101.960778
101.960778
101.960778
101.960778
101.960778
101.960778
101.960778
101.960778
101.960778
101.960778
101.960778
101.960778
101.960778
101.960778
101.960778
101.960778
101.960778
101.960778
101.902986
101.902986
101.902986
101.902986
101.902986
101.902986
101.902986
101.902986
101.902986
101.902986
101.902986
101.902986
101.512754
101.512754
100.905536
100.905536
100.905536
100.905536
100.905536
100.905536
100.905536
100.905536
100.905536
100.905536
100.905536
100.905536
100.905536
100.435045
100.435045
100.435045
100.262562
99.514904
99.514904
99.514904
99.514904
99.514904
99.514904
99.514904
99.514904
99.514904
99.514904
99.514904
99.514904
99.514904
99.514904
99.514904
99.514904
99.514904
99.514904
99.514904
99.514904
99.514904
99.514904
99.514904
99.514904
99.389265
99.389265
99.651707
99.651707
99.651707
99.651707
99.651707
99.651707
99.651707
99.651707
99.651707
99.651707
99.651707
99.651707
99.651707
99.651707
99.651707
99.651707
99.651707
99.651707
99.651707
99.651707
99.651707
99.651707
99.651707
99.651707
99.651707
99.651707
99.651707
99.651707
99.651707
99.170407
99.170407
99.170407
99.170407
99.170407
99.013474
99.323552
99.323552
99.323552
99.323552
99.323552
99.323552
99.323552
99.323552
99.323552
99.323552
99.323552
99.323552
99.323552
99.323552
99.323552
99.323552
99.323552
99.323552
99.323552
99.323552
99.323552
99.323552
99.323552
99.323552
99.323552
99.030076
99.030076
99.030076
99.030076
99.030076
99.030076
99.030076
99.030076
99.030076
99.030076
99.030076
99.030076
99.030076
99.030076
99.030076
99.030076
99.030076
99.030076
99.030076
99.030076
99.030076
99.030076
99.030076
99.030076
99.030076
99.030076
99.030076
99.030076
99.030076
99.192084
99.192084
99.192084
99.192084
99.192084
99.192084
99.192084
99.192084
99.192084
99.192084
99.192084
99.192084
99.192084
99.192084
99.192084
99.192084
99.192084
99.192084
99.192084
99.192084
99.192084
99.192084
99.192084
99.192084
99.192084
99.192084
99.192084
99.192084
99.192084
99.192084
99.532925
99.532925
99.532925
99.532925
99.532925
99.532925
99.532925
99.532925
99.383473
99.383473
99.383473
99.383473
99.383473
99.383473
99.383473
99.383473
99.383473
99.802695
99.802695
99.802695
99.802695
99.802695
99.802695
99.802695
99.802695
99.802695
99.802695
99.802695
99.802695
99.802695
99.802695
99.802695
99.802695
99.802695
99.802695
99.802695
99.802695
99.802695
99.802695
99.802695
99.802695
99.802695
99.802695
99.802695
99.802695
99.802695
99.802695
99.802695
99.802695
99.802695
99.802695
99.965307
99.797713
99.797713
99.797713
99.797713
99.797713
99.797713
99.797713
99.797713
99.797713
99.797713
99.797713
99.797713
99.797713
99.797713
99.797713
99.766143
99.766143
99.766143
99.766143
99.766143
99.766143
99.766143
99.766143
99.766143
99.766143
99.766143
99.766143
99.766143
99.829214
100.393230
100.393230
100.393230
100.393230
100.393230
100.393230
100.393230
100.393230
100.393230
100.393230
100.297979
100.297979
100.297979
100.297979
100.297979
100.297979
100.472988
100.472988
100.142154
100.142154
100.142154
100.142154
100.142154
100.142154
100.142154
100.142154
100.142154
100.142154
100.142154
100.142154
100.142154
100.142154
100.142154
100.142154
100.248004
100.248004
100.248004
100.248004
100.248004
100.248004
100.248004
100.248004
100.248004
100.248004
100.248004
100.248004
100.248004
100.248004
100.248004
100.248004
100.248004
100.248004
100.248004
100.248004
100.248004
100.248004
100.248004
100.248004
100.248004
100.248004
100.248004
100.248004
100.248004
100.248004
100.248004
100.781256
100.781256
100.781256
100.781256
100.781256
100.781256
100.781256
100.781256
100.781256
100.781256
100.781256
100.781256
100.781256
100.781256
100.781256
100.781256
100.781256
100.781256
100.781256
100.781256
100.781256
100.781256
100.781256
100.781256
100.781256
100.781256
100.781256
100.770846
100.723703
100.723703
100.723703
100.723703
100.495811
100.495811
100.495811
100.495811
100.495811
100.495811
100.495811
100.495811
100.495811
100.495811
100.495811
100.495811
100.495811
100.495811
100.474632
100.474632
100.474632
100.474632
100.474632
100.474632
100.474632
100.474632
100.474632
100.474632
100.474632
100.474632
100.474632
100.474632
100.474632
100.474632
100.474632
100.474632
100.474632
100.474632
100.474632
100.474632
100.263926
100.263926
100.263926
100.263926
100.263926
100.263926
100.263926
100.263926
100.263926
100.263926
100.263926
100.263926
100.263926
100.263926
100.263926
100.263926
100.263926
100.263926
100.263926
99.890788
99.890788
99.890788
99.890788
99.890788
99.890788
99.890788
99.890788
99.890788
99.890788
99.890788
99.890788
99.890788
99.890788
99.890788
99.890788
99.890788
99.890788
99.890788
99.890788
99.890788
99.890788
99.890788
99.890788
99.890788
99.890788
99.890788
99.890788
99.890788
99.890788
99.890788
99.890788
100.006337
99.950265
99.950265
99.950265
99.950265
99.950265
99.950265
99.950265
99.950265
99.950265
100.105152
100.105152
100.105152
100.166654
100.166654
100.166654
100.166654
100.166654
100.166654
100.166654
100.166654
99.465823
99.465823
99.465823
99.465823
99.465823
99.465823
99.465823
99.089170
99.089170
99.089170
99.089170
98.865982
98.865982
98.865982
98.865982
98.865982
98.865982
98.865982
98.865982
98.865982
98.865982
98.865982
98.865982
98.865982
98.865982
98.865982
98.865982
98.865982
98.865982
98.865982
98.865982
98.865982
98.865982
98.865982
98.865982
98.865982
98.865982
98.865982
98.865982
98.865982
98.865982
98.801572
98.801572
98.801572
98.801572
98.801572
98.801572
98.801572
98.801572
98.801572
98.801572
98.801572
98.801572
98.801572
98.801572
98.801572
98.801572
98.801572
98.801572
98.801572
98.801572
98.801572
98.801572
98.801572
98.801572
98.801572
98.801572
98.801572
98.801572
98.801572
98.801572
98.754438
98.754438
98.754438
98.754438
98.754438
98.754438
98.754438
98.754438
98.754438
98.754438
98.592461
98.592461
98.592461
98.592461
98.592461
98.592461
98.592461
98.592461
98.592461
98.592461
98.592461
98.592461
98.592461
98.592461
98.592461
98.592461
98.592461
98.592461
98.829609
98.829609
98.829609
98.829609
98.829609
98.829609
98.829609
98.829609
99.276271
99.276271
99.276271
99.276271
99.276271
99.276271
99.276271
99.276271
99.276271
99.276271
99.276271
99.276271
99.103691
99.103691
99.103691
99.103691
99.103691
99.103691
99.103691
99.103691
99.103691
99.103691
99.103691
99.103691
99.103691
99.103691
99.103691
99.103691
99.103691
99.103691
99.103691
99.103691
99.103691
99.103691
98.362012
98.362012
98.362012
98.362012
98.362012
98.362012
98.362012
98.362012
98.362012
98.362012
98.362012
98.418278
98.418278
98.418278
98.418278
98.418278
98.418278
98.418278
98.418278
98.418278
98.418278
98.418278
98.418278
98.418278
98.418278
98.418278
98.418278
98.812987
98.812987
98.812987
98.812987
98.812987
99.346132
99.346132
99.346132
98.941380
98.941380
98.941380
98.941380
98.941380
98.941380
98.941380
98.941380
98.941380
98.941380
98.941380
98.941380
98.941380
98.941380
98.941380
98.941380
98.941380
98.941380
98.941380
98.941380
98.941380
98.941380
98.941380
98.941380
98.941380
98.941380
98.941380
98.941380
98.941380
98.941380
98.941380
98.919719
98.919719
98.919719
98.919719
98.919719
98.919719
98.919719
98.919719
98.919719
98.919719
98.919719
98.919719
98.919719
98.919719
98.919719
98.919719
98.919719
98.919719
98.919719
98.919719
98.919719
98.919719
98.919719
98.919719
98.919719
98.919719
98.919719
98.919719
98.919719
98.919719
98.919719
98.919719
98.919719
98.919719
98.919719
98.919719
98.919719
98.919719
98.919719
98.919719
98.919719
98.919719
98.919719
98.919719
98.919719
98.919719
98.919719
98.919719
98.919719
98.919719
98.919719
98.919719
98.919719
98.919719
98.623338
98.623338
98.623338
98.623338
98.623338
98.623338
98.623338
98.623338
98.623338
98.623338
98.623338
98.623338
98.623338
98.623338
98.623338
98.623338
98.623338
98.623338
98.623338
98.623338
98.623338
98.601086
98.601086
98.601086
98.601086
98.601086
98.601086
98.601086
98.601086
98.601086
98.601086
98.449891
98.449891
98.449891
98.449891
98.449891
98.449891
98.449891
98.449891
98.449891
98.449891
98.449891
98.449891
98.449891
98.449891
98.449891
98.449891
98.449891
98.449891
98.449891
98.449891
98.449891
98.449891
98.449891
98.449891
98.449891
98.449891
98.128396
98.128396
98.128396
98.128396
98.128396
98.128396
98.128396
98.128396
98.128396
98.128396
98.128396
98.128396
98.128396
98.128396
98.128396
98.128396
98.128396
98.128396
98.128396
98.128396
98.128396
98.128396
98.128396
98.128396
98.128396
98.128396
98.128396
98.128396
98.128396
98.128396
98.128396
98.128396
98.128396
98.128396
98.128396
98.128396
98.128396
98.128396
98.128396
98.128396
98.128396
98.128396
98.128396
98.128396
98.128396
98.128396
98.128396
98.128396
98.128396
98.128396
98.128396
98.128396
98.128396
98.128396
98.128396
98.049074
98.049074
98.049074
98.049074
98.049074
98.049074
98.049074
98.049074
98.049074
98.049074
98.049074
98.049074
98.049074
98.049074
98.049074
98.049074
98.049074
98.049074
98.114320
98.114320
98.114320
98.114320
98.114320
98.114320
98.114320
98.114320
98.114320
98.114320
98.114320
98.114320
98.114320
98.114320
98.114320
98.114320
98.114320
98.114320
98.114320
98.114320
98.114320
98.114320
98.114320
98.114320
98.114320
98.114320
98.114320
98.114320
98.114320
98.114320
98.114320
98.114320
98.114320
98.114320
98.114320
98.114320
98.114320
98.114320
98.114320
98.114320
98.114320
98.114320
98.114320
98.114320
98.114320
98.114320
98.114320
98.114320
98.114320
98.114320
98.114320
98.114320
98.114320
98.114320
98.114320
98.114320
98.114320
98.114320
98.114320
98.114320
98.114320
98.114320
98.114320
98.114320
97.928312
97.928312
97.928312
97.928312
97.928312
97.928312
97.928312
97.928312
97.928312
97.928312
97.928312
97.928312
97.928312
97.928312
97.928312
97.928312
97.928312
97.438773
97.438773
97.507576
97.507576
97.507576
97.507576
97.507576
97.507576
97.507576
97.507576
97.507576
97.507576
97.507576
97.507576
97.507576
97.507576
97.507576
97.507576
97.507576
97.507576
97.507576
97.507576
97.507576
97.507576
97.507576
97.507576
97.507576
97.507576
97.507576
97.507576
97.302904
97.302904
97.302904
97.302904
97.302904
97.302904
97.302904
97.302904
97.302904
97.302904
97.302904
97.302904
97.302904
97.302904
97.296833
97.296833
97.296833
97.296833
97.296833
97.296833
97.296833
97.296833
97.296833
97.296833
97.296833
97.296833
97.296833
97.296833
97.296833
97.296833
97.296833
97.296833
97.296833
97.296833
97.296833
97.296833
97.296833
97.296833
97.296833
97.296833
97.296833
97.296833
97.296833
97.296833
97.296833
97.296833
97.296833
97.296833
97.296833
97.296833
97.296833
97.296833
97.296833
97.296833
97.296833
97.296833
97.296833
97.296833
97.296833
97.296833
97.296833
97.296833
97.296833
97.296833
97.296833
97.296833
97.296833
97.296833
97.296833
97.296833
97.672799
97.672799
97.672799
97.672799
97.672799
97.672799
97.672799
97.672799
97.672799
97.672799
97.672799
97.672799
97.672799
97.672799
97.672799
97.672799
97.672799
97.672799
97.429539
97.429539
97.429539
97.429539
97.429539
97.429539
97.429539
97.429539
97.429539
97.429539
97.429539
97.429539
97.429539
97.429539
97.429539
97.429539
97.429539
97.429539
97.429539
97.429539
97.429539
97.429539
97.429539
97.429539
97.429539
97.429539
97.429539
97.429539
96.682277
96.714828
96.714828
96.714828
96.714828
96.714828
96.714828
96.714828
96.714828
96.773242
96.773242
96.773242
96.773242
96.773242
96.773242
96.773242
96.773242
96.773242
96.773242
96.773242
96.773242
96.773242
96.773242
96.773242
96.773242
96.352417
96.352417
96.352417
96.352417
96.352417
96.352417
96.352417
96.352417
96.352417
96.352417
96.352417
96.352417
96.352417
96.352417
96.352417
96.352417
96.352417
96.352417
96.352417
96.352417
96.352417
96.352417
96.352417
96.352417
96.284424
96.284424
96.284424
96.284424
96.284424
96.284424
96.284424
96.284424
96.284424
96.284424
96.284424
96.284424
96.284424
96.284424
96.284424
96.284424
96.284424
96.284424
96.284424
96.284424
96.284424
96.284424
96.284424
96.284424
96.284424
96.284424
96.284424
96.284424
96.284424
96.284424
96.284424
96.284424
96.284424
96.284424
96.284424
96.284424
96.284424
96.284424
96.284424
96.284424
96.284424
96.284424
96.284424
96.284424
96.284424
96.284424
96.284424
96.284424
96.284424
96.284424
96.284424
96.284424
96.284424
96.284424
96.284424
96.284424
96.284424
96.284424
96.284424
96.284424
96.284424
96.284424
96.284424
96.284424
96.284424
96.284424
96.284424
96.284424
96.284424
96.284424
96.284424
96.284424
96.284424
96.284424
96.284424
96.284424
96.284424
96.284424
96.284424
96.284424
96.284424
96.284424
96.284424
96.284424
96.213667
96.213667
96.213667
96.213667
96.213667
96.184791
96.184791
96.184791
96.184791
96.184791
96.184791
96.184791
96.184791
96.184791
96.184791
96.184791
96.474410
96.474410
96.474410
96.474410
96.474410
96.474410
96.474410
96.474410
96.474410
96.914084
96.914084
96.914084
96.914084
96.914084
96.914084
96.914084
96.914084
96.573044
96.573044
96.573044
96.573044
96.573044
96.573044
96.573044
96.573044
96.573044
96.573044
96.573044
96.573044
96.573044
96.573044
96.573044
96.573044
96.573044
96.573044
96.573044
96.573044
96.573044
96.573044
96.573044
96.573044
96.573044
96.573044
96.573044
96.573044
96.573044
96.573044
96.573044
96.573044
96.573044
96.573044
96.573044
96.573044
96.573044
96.573044
96.573044
96.573044
96.573044
96.573044
96.573044
96.573044
96.573044
96.573044
96.573044
96.573044
96.573044
96.414474
96.414474
96.414474
96.414474
96.414474
96.414474
96.414474
96.414474
96.414474
96.414474
96.414474
96.414474
96.414474
96.414474
96.414474
96.414474
96.414474
96.414474
96.414474
96.414474
96.414474
96.414474
96.414474
96.414474
96.414474
96.414474
96.414474
96.414474
96.414474
96.414474
96.414474
96.414474
96.414474
96.414474
96.414474
96.414474
96.414474
96.414474
96.414474
96.414474
96.414474
96.414474
96.414474
96.414474
96.414474
96.414474
96.414474
96.414474
96.414474
96.414474
96.414474
96.414474
96.414474
96.414474
96.414474
96.414474
96.414474
96.414474
96.414474
96.414474
96.414474
96.414474
96.414474
96.414474
96.414474
96.414474
96.414474
96.414474
96.414474
96.414474
96.414474
96.414474
96.414474
96.414474
96.414474
95.950294
95.950294
95.950294
95.950294
95.950294
95.950294
95.950294
95.950294
95.950294
95.950294
95.950294
95.950294
95.950294
96.248748
96.248748
96.248748
96.267250
96.267250
96.267250
96.267250
96.267250
96.267250
96.267250
96.267250
96.267250
96.267250
96.267250
96.267250
96.267250
96.267250
96.267250
96.267250
96.267250
96.267250
96.267250
96.267250
96.267250
96.267250
96.267250
96.267250
95.947500
95.947500
95.947500
95.947500
95.947500
95.947500
95.947500
95.947500
95.947500
95.947500
95.947500
95.947500
95.947500
95.947500
96.232457
96.232457
96.232457
96.232457
96.232457
96.232457
96.232457
96.232457
96.232457
96.232457
96.232457
96.232457
96.232457
96.232457
96.232457
96.232457
96.232457
96.232457
96.232457
96.232457
96.232457
96.112069
96.112069
96.112069
96.112069
96.112069
96.112069
96.112069
96.112069
96.112069
96.112069
96.242144
96.242144
96.242144
96.242144
96.242144
96.242144
96.242144
96.242144
96.242144
96.242144
96.242144
96.242144
96.242144
96.242144
96.242144
96.242144
96.242144
96.242144
96.242144
96.242144
96.242144
96.242144
96.242144
96.242144
96.242144
96.242144
96.242144
96.242144
96.242144
96.242144
96.242144
96.242144
96.242144
96.242144
96.242144
96.242144
96.242144
96.242144
96.242144
96.242144
96.242144
96.242144
96.242144
96.242144
96.242144
96.242144
96.242144
96.242144
96.242144
96.242144
96.242144
96.242144
96.242144
96.242144
96.242144
96.242144
96.242144
96.242144
96.242144
96.242144
96.242144
96.242144
96.242144
96.242144
96.242144
96.242144
96.242144
96.242144
96.242144
96.242144
96.242144
96.242144
96.242144
96.242144
96.242144
96.242144
96.242144
96.242144
96.242144
96.242144
96.242144
96.242144
96.242144
96.242144
96.242144
96.242144
96.242144
96.242144
96.242144
96.242144
96.242144
96.242144
96.242144
96.242144
96.242144
96.242144
96.242144
96.242144
96.242144
96.242144
96.242144
96.242144
96.242144
96.242144
96.242144
96.242144
96.242144
96.242144
96.242144
96.242144
96.242144
96.242144
96.242144
96.616022
96.616022
96.616022
96.616022
96.616022
96.616022
96.616022
96.616022
96.616022
96.616022
96.616022
96.616022
96.616022
96.616022
96.616022
96.616022
96.616022
96.616022
96.622559
96.622559
96.622559
96.622559
96.622559
96.622559
96.622559
96.622559
96.622559
96.622559
96.622559
96.622559
96.622559
96.622559
96.622559
96.622559
96.622559
96.622559
96.622559
96.622559
96.622559
96.622559
96.622559
96.622559
96.622559
96.622559
96.622559
96.622559
96.622559
96.622559
96.622559
96.622559
96.622559
96.622559
96.622559
96.622559
96.622559
96.622559
96.622559
96.622559
96.373379
96.373379
96.373379
96.373379
96.373379
96.171221
96.171221
96.171221
96.171221
96.171221
96.171221
96.171221
96.171221
96.171221
96.171221
96.171221
96.171221
96.171221
96.171221
96.171221
96.171221
96.171221
96.171221
96.171221
96.171221
96.171221
96.171221
96.171221
96.171221
96.243047
96.243047
96.243047
96.243047
96.243047
96.243047
96.243047
96.243047
96.243047
96.243047
96.243047
96.243047
96.243047
96.243047
96.243047
96.243047
96.243047
96.243047
96.243047
96.243047
96.243047
96.243047
96.243047
96.243047
96.243047
96.243047
96.243047
95.357550
95.357550
95.357550
95.357550
95.357550
95.357550
95.357550
95.357550
95.357550
95.357550
95.357550
95.357550
95.357550
95.357550
95.357550
95.357550
95.357550
95.357550
95.357550
95.357550
95.357550
95.357550
95.357550
95.357550
95.357550
95.357550
95.357550
95.357550
95.357550
95.357550
95.357550
95.357550
95.357550
95.357550
95.357550
95.357550
95.357550
95.357550
95.357550
95.357550
95.231706
95.379839
95.379839
95.379839
95.320343
95.320343
95.204973
95.204973
95.204973
95.257930
95.257930
95.257930
95.257930
95.257930
95.257930
95.257930
95.257930
95.257930
95.257930
95.257930
95.257930
95.257930
95.257930
95.257930
95.257930
95.257930
95.257930
95.257930
95.257930
95.257930
95.257930
95.257930
95.257930
95.257930
95.257930
95.284089
95.284089
95.284089
95.284089
95.284089
95.284089
95.284089
95.284089
95.284089
95.284089
95.284089
95.284089
95.284089
95.284089
95.284089
95.284089
95.284089
95.284089
95.284089
95.284089
95.284089
95.284089
95.284089
95.284089
95.284089
95.284089
95.284089
95.284089
95.284089
95.284089
95.284089
95.284089
95.284089
95.284089
95.284089
95.284089
95.284089
95.284089
95.284089
95.284089
95.284089
95.284089
95.284089
95.284089
95.284089
95.067973
95.067973
95.067973
94.785086
94.785086
94.785086
94.785086
94.785086
94.785086
94.785086
94.785086
94.785086
94.785086
94.785086
94.785086
94.785086
94.785086
94.785086
94.785086
94.785086
94.785086
94.785086
94.785086
94.785086
94.785086
94.785086
94.785086
94.785086
94.785086
94.785086
94.785086
94.785086
94.785086
94.785086
94.785086
94.785086
94.785086
94.785086
94.785086
94.785086
94.785086
94.785086
94.785086
95.126228
95.126228
95.126228
95.126228
95.126228
95.126228
95.126228
95.126228
95.126228
95.126228
95.126228
95.126228
95.126228
95.126228
95.126228
95.126228
95.126228
95.126228
95.126228
95.126228
95.126228
95.126228
95.126228
95.126228
95.126228
95.126228
95.126228
95.126228
95.126228
95.126228
95.126228
95.126228
95.126228
95.126228
95.126228
95.126228
95.126228
95.126228
95.126228
95.126228
95.126228
95.126228
95.126228
95.126228
95.126228
95.126228
95.126228
95.126228
95.126228
95.126228
95.126228
95.126228
95.126228
95.126228
95.126228
95.126228
95.329481
95.329481
95.329481
95.329481
95.329481
95.329481
95.329481
95.329481
95.329481
95.329481
95.329481
95.329481
95.329481
95.329481
95.329481
95.329481
95.329481
95.329481
95.329481
95.329481
95.329481
95.329481
95.329481
95.329481
95.329481
95.329481
95.329481
95.329481
95.329481
95.329481
95.329481
95.329481
95.329481
95.329481
95.329481
95.329481
95.159335
95.159335
95.159335
95.159335
95.159335
95.159335
95.159335
95.159335
95.159335
95.159335
95.159335
95.159335
95.159335
95.159335
95.159335
95.159335
95.159335
95.159335
95.159335
95.159335
95.159335
95.159335
95.159335
95.159335
95.159335
95.159335
95.159335
95.159335
95.159335
95.159335
95.159335
95.159335
95.159335
95.159335
95.159335
95.159335
95.159335
95.159335
95.159335
95.159335
95.159335
95.159335
95.159335
95.159335
95.159335
95.159335
95.159335
95.159335
95.159335
94.174189
94.174189
94.174189
94.174189
94.174189
94.174189
94.174189
94.174189
94.174189
94.174189
94.174189
94.174189
94.174189
94.174189
94.174189
94.174189
94.174189
94.174189
94.174189
94.174189
94.174189
94.174189
94.174189
94.174189
94.174189
94.174189
94.174189
94.174189
94.174189
94.174189
94.174189
94.174189
94.174189
94.174189
94.174189
93.904824
93.904824
93.904824
93.904824
93.904824
93.904824
93.904824
93.904824
93.904824
93.904824
93.904824
93.904824
93.904824
93.904824
93.904824
93.904824
93.904824
93.904824
93.904824
93.904824
93.904824
93.904824
93.904824
93.904824
93.904824
93.904824
93.904824
93.904824
93.904824
93.904824
93.904824
93.904824
93.904824
93.904824
93.904824
93.904824
93.904824
93.904824
93.797663
93.797663
93.797663
93.797663
93.797663
93.797663
93.797663
93.797663
93.797663
93.797663
93.797663
93.797663
93.797663
93.797663
93.797663
93.797663
93.797663
93.797663
93.797663
93.797663
93.797663
93.797663
93.797663
93.797663
93.797663
93.797663
93.797663
93.797663
93.797663
93.797663
93.797663
93.797663
93.797663
93.797663
93.797663
93.797663
93.797663
93.797663
93.797663
93.797663
93.797663
93.797663
93.797663
93.797663
93.797663
93.797663
93.797663
93.797663
93.627203
93.627203
93.627203
93.627203
93.627203
93.627203
93.627203
93.627203
93.627203
93.627203
93.627203
93.627203
93.627203
93.627203
93.627203
93.627203
93.627203
93.627203
93.627203
93.627203
93.627203
93.627203
93.627203
93.627203
93.627203
93.627203
93.627203
93.627203
93.627203
93.627203
93.627203
93.627203
93.627203
93.627203
93.627203
93.627203
93.627203
93.627203
93.627203
93.627203
93.627203
93.627203
93.627203
93.627203
93.627203
93.627203
93.627203
93.627203
93.627203
93.253105
93.253105
93.253105
93.253105
93.253105
93.253105
93.253105
93.253105
93.253105
93.253105
93.253105
93.253105
93.253105
93.253105
93.097832
93.097832
93.097832
93.097832
93.097832
93.097832
93.097832
93.097832
93.097832
92.868844
92.868844
92.868844
92.868844
92.868844
92.868844
92.868844
92.868844
92.868844
92.868844
92.868844
92.868844
92.868844
92.868844
92.868844
92.868844
92.868844
92.868844
92.868844
93.298603
93.298603
93.298603
93.298603
93.298603
93.298603
93.298603
93.298603
93.298603
93.298603
93.298603
93.298603
93.298603
93.298603
93.298603
93.298603
93.298603
93.298603
93.298603
93.298603
93.298603
93.298603
93.298603
93.298603
93.298603
93.298603
93.298603
93.298603
93.298603
93.298603
93.298603
93.298603
93.298603
93.298603
93.298603
93.298603
93.298603
93.298603
93.298603
93.298603
93.298603
93.298603
93.298603
93.298603
93.298603
93.298603
93.298603
93.298603
93.298603
93.298603
93.298603
93.298603
93.298603
93.298603
93.298603
93.298603
93.298603
93.298603
93.298603
93.298603
93.298603
93.298603
93.298603
93.298603
92.917867
92.917867
92.917867
92.917867
92.917867
92.917867
92.917867
92.917867
92.917867
92.917867
92.917867
92.917867
92.917867
92.917867
92.917867
92.917867
92.917867
92.917867
92.917867
92.917867
92.917867
92.917867
92.658163
92.658163
92.658163
92.658163
92.658163
92.658163
92.658163
92.658163
92.658163
92.658163
92.658163
92.658163
92.658163
92.658163
92.658163
92.658163
92.658163
92.658163
92.658163
92.658163
92.658163
92.658163
92.658163
92.655829
92.655829
92.577752
92.577752
92.577752
92.577752
92.577752
92.577752
92.556978
92.556978
92.556978
92.556978
92.556978
92.556978
92.556978
92.556978
92.556978
92.556978
92.556978
92.556978
92.556978
92.556978
92.556978
92.556978
92.556978
92.556978
92.556978
92.556978
92.556978
92.556978
92.556978
92.556978
92.556978
92.556978
92.556978
92.556978
92.556978
92.556978
92.556978
92.556978
92.556978
92.556978
92.556978
92.405544
92.405544
92.405544
92.405544
92.405544
92.405544
92.405544
92.405544
92.405544
92.405544
92.405544
92.405544
92.405544
92.405544
92.405544
92.405544
92.405544
92.405544
92.405544
92.405544
92.405544
92.405544
92.405544
92.405544
92.405544
92.405544
92.405544
92.405544
92.405544
92.405544
92.405544
92.405544
92.405544
92.405544
92.405544
92.405544
92.405544
92.405544
92.405544
92.405544
92.405544
92.405544
92.405544
92.405544
92.405544
92.405544
92.405544
92.405544
92.405544
92.405544
92.563836
92.383132
92.383132
92.383132
92.383132
92.383132
92.383132
92.383132
92.383132
92.383132
92.383132
92.383132
92.383132
92.383132
92.383132
92.383132
92.490285
92.490285
92.490285
92.490285
92.490285
92.490285
92.490285
92.490285
92.356593
92.356593
92.356593
92.356593
92.356593
92.356593
92.356593
92.356593
92.356593
92.356593
92.356593
92.356593
92.356593
92.356593
92.356593
92.356593
92.356593
92.356593
92.356593
92.356593
92.356593
92.356593
92.356593
92.356593
92.356593
92.356593
92.356593
92.356593
92.356593
92.356593
92.356593
92.356593
92.356593
92.356593
92.356593
92.356593
92.417936
92.417936
92.417936
92.417936
92.417936
92.417936
92.417936
92.417936
92.417936
92.417936
92.417936
92.417936
92.417936
92.417936
92.417936
92.417936
92.417936
92.417936
92.417936
92.463211
92.463211
92.463211
92.463211
92.463211
92.463211
92.463211
92.463211
92.578544
92.578544
92.578544
92.578544
92.578544
92.578544
92.578544
92.578544
92.578544
92.578544
92.578544
92.578544
92.578544
92.578544
92.578544
92.578544
92.578544
92.578544
92.578544
92.578544
92.578544
92.578544
92.578544
92.578544
92.578544
92.578544
92.578544
92.578544
92.578544
92.578544
92.578544
92.578544
92.578544
92.578544
92.578544
92.578544
92.578544
92.578544
92.578544
92.578544
92.578544
92.578544
92.578544
92.578544
92.578544
92.578544
92.578544
92.578544
92.578544
92.578544
92.578544
92.578544
92.578544
92.578544
92.578544
92.578544
92.578544
92.578544
92.578544
92.578544
92.578544
92.578544
92.578544
92.578544
92.578544
92.578544
92.578544
92.578544
92.578544
92.578544
92.557642
92.557642
92.557642
92.557642
92.557642
92.557642
92.557642
92.557642
92.557642
92.557642
92.557642
92.557642
92.557642
92.557642
92.557642
92.557642
92.557642
92.557642
92.557642
92.557642
92.557642
92.557642
92.557642
92.557642
92.557642
92.557642
92.557642
92.557642
92.557642
92.557642
92.557642
92.557642
92.419617
92.419617
92.419617
92.419617
92.419617
92.419617
92.419617
92.419617
92.419617
92.419617
92.419617
92.419617
92.419617
92.419617
92.419617
92.419617
92.419617
92.419617
92.419617
92.419617
92.419617
92.419617
92.419617
92.419617
92.419617
92.419617
92.419617
92.419617
92.419617
92.419617
92.419617
92.419617
92.419617
92.419617
92.419617
92.419617
92.419617
92.419617
92.419617
92.419617
92.419617
92.419617
92.419617
92.419617
92.419617
92.419617
92.419617
92.419617
92.419617
92.419617
92.419617
92.419617
92.419617
92.419617
92.419617
92.419617
92.419617
92.419617
92.426164
92.426164
92.426164
92.426164
92.426164
92.426164
92.426164
92.426164
92.426164
92.426164
92.426164
92.426164
91.930249
91.930249
91.930249
91.930249
91.930249
91.930249
91.930249
91.930249
91.930249
91.930249
91.930249
91.850916
91.850916
91.850916
91.850916
91.850916
91.850916
91.850916
91.850916
91.850916
91.850916
91.850916
91.850916
91.850916
91.850916
91.850916
91.850916
91.850916
91.850916
91.850916
91.850916
91.850916
91.850916
91.850916
91.850916
91.850916
91.850916
91.850916
91.850916
91.850916
91.850916
91.850916
91.850916
91.850916
91.850916
91.850916
91.850916
91.850916
91.850916
91.850916
91.850916
91.850916
91.850916
91.850916
91.850916
91.850916
91.850916
91.850916
91.850916
91.850916
91.850916
91.850916
91.850916
91.850916
91.850916
91.850916
91.850916
91.850916
91.850916
91.850916
91.850916
91.850916
91.850916
91.850916
91.850916
91.850916
91.850916
91.850916
91.850916
91.850916
91.850916
91.850916
91.850916
91.850916
91.850916
91.850916
91.850916
91.850916
91.850916
91.850916
91.850916
91.850916
91.850916
91.850916
91.850916
91.850916
91.850916
91.850916
91.850916
91.850916
91.850916
91.850916
91.850916
91.850916
91.850916
91.850916
91.850916
91.748077
91.748077
91.748077
91.748077
91.748077
91.748077
91.748077
91.748077
91.748077
91.748077
91.748077
91.748077
91.748077
91.748077
91.748077
91.748077
91.748077
91.748077
91.748077
91.748077
91.929438
91.929438
91.929438
91.929438
91.929438
91.929438
91.929438
91.929438
91.929438
91.929438
91.929438
91.929438
91.929438
91.929438
91.929438
91.929438
91.929438
91.929438
91.929438
91.929438
92.096723
92.096723
92.096723
92.096723
92.096723
92.096723
92.096723
92.096723
92.096723
92.096723
92.096723
92.096723
92.096723
92.096723
91.996319
91.996319
91.996319
91.996319
91.996319
91.996319
91.996319
91.996319
91.996319
91.996319
91.996319
91.996319
91.996319
91.996319
91.996319
91.996319
91.996319
91.996319
91.996319
91.996319
91.996319
91.996319
91.996319
91.996319
91.996319
91.996319
91.996319
91.996319
91.996319
91.996319
91.996319
91.996319
91.996319
91.996319
91.996319
91.996319
91.996319
91.996319
91.996319
91.996319
91.996319
91.996319
91.996319
91.996319
91.996319
91.996319
91.996319
91.996319
91.996319
91.996319
91.996319
91.996319
91.996319
91.996319
91.996319
91.996319
91.996319
91.996319
91.996319
91.996319
91.996319
91.996319
91.996319
91.996319
91.996319
91.996319
91.996319
91.996319
91.996319
91.996319
91.996319
91.996319
91.996319
91.996319
91.996319
91.996319
91.996319
91.996319
91.996319
91.996319
91.996319
91.996319
91.996319
91.996319
91.996319
91.996319
91.996319
91.996319
91.996319
91.996319
91.996319
91.996319
91.996319
91.996319
91.996319
91.996319
91.996319
91.996319
91.996319
91.996319
91.996319
91.996319
91.996319
91.996319
91.996319
91.996319
91.996319
91.996319
91.996319
91.996319
91.996319
91.996319
91.996319
91.996319
91.996319
91.996319
91.996319
91.996319
91.996319
91.996319
91.996319
91.996319
91.996319
91.996319
91.996319
91.996319
91.996319
91.996319
91.996319
91.996319
91.996319
91.996319
91.996319
91.996319
91.996319
91.996319
91.996319
91.996319
91.996319
91.996319
91.996319
91.996319
91.996319
91.996319
91.996319
91.996319
91.996319
91.996319
91.996319
91.996319
91.996319
91.996319
91.996319
91.996319
91.996319
91.996319
91.996319
91.996319
91.996319
91.996319
91.996319
91.996319
91.996319
91.996319
91.996319
91.996319
91.996319
91.996319
91.996319
91.996319
91.996319
91.996319
91.996319
91.996319
91.996319
91.996319
91.996319
91.996319
91.996319
91.996319
91.996319
91.996319
91.996319
91.996319
91.996319
91.996319
91.996319
91.996319
91.996319
91.996319
91.996319
91.996319
91.996319
91.996319
91.996319
91.996319
91.996319
91.996319
91.996319
91.996319
91.996319
91.996319
91.996319
91.996319
91.996319
91.996319
91.996319
91.996319
91.996319
91.996319
91.996319
91.996319
91.996319
91.996319
91.996319
91.996319
91.996319
91.996319
91.996319
91.996319
91.996319
91.996319
91.996319
91.996319
91.996319
91.996319
91.996319
91.996319
91.996319
91.996319
91.996319
91.996319
91.996319
91.996319
91.996319
91.996319
91.996319
91.996319
91.996319
91.996319
91.996319
91.996319
91.996319
91.996319
91.996319
91.996319
91.996319
91.996319
91.996319
91.996319
91.996319
91.996319
91.996319
92.090327
92.090327
92.090327
92.090327
92.090327
91.686684
91.686684
91.686684
91.686684
91.686684
91.686684
91.686684
91.686684
91.686684
91.686684
91.686684
91.686684
91.686684
91.686684
91.254369
91.254369
91.254369
91.254369
91.254369
91.254369
91.254369
91.254369
91.254369
91.254369
91.254369
91.254369
91.254369
91.254369
91.254369
91.254369
91.254369
91.254369
91.254369
91.254369
91.254369
91.254369
91.254369
91.254369
91.254369
91.254369
91.254369
91.254369
91.254369
91.254369
91.254369
91.254369
91.254369
91.254369
91.254369
91.254369
91.254369
91.254369
91.254369
91.254369
91.254369
91.254369
91.254369
91.254369
91.254369
91.254369
91.254369
91.254369
91.254369
91.254369
91.254369
91.254369
91.254369
91.254369
91.254369
91.254369
91.551891
91.551891
91.551891
91.551891
91.551891
91.551891
91.551891
91.551891
91.551891
91.551891
91.551891
91.551891
91.551891
91.551891
91.551891
91.551891
91.551891
91.551891
91.551891
91.551891
90.974942
90.974942
90.974942
90.974942
90.974942
90.974942
90.974942
90.974942
90.974942
90.974942
90.974942
90.974942
90.974942
90.974942
90.974942
90.974942
90.974942
90.974942
90.974942
90.974942
90.974942
90.974942
90.974942
90.974942
90.974942
90.974942
90.974942
90.974942
90.974942
90.974942
90.974942
90.974942
90.974942
90.974942
90.974942
90.974942
90.974942
90.974942
90.974942
90.974942
90.974942
90.974942
90.974942
90.974942
90.974942
90.974942
90.974942
90.974942
90.974942
90.974942
90.974942
90.974942
90.974942
90.974942
90.974942
90.974942
90.653130
90.653130
90.653130
90.653130
90.653130
90.653130
90.653130
90.653130
90.653130
90.653130
90.653130
90.653130
90.653130
90.653130
90.653130
90.653130
90.653130
90.653130
90.653130
90.653130
90.653130
90.653130
90.653130
90.653130
90.653130
90.653130
90.653130
90.653130
90.653130
90.653130
90.653130
90.653130
90.653130
90.653130
90.653130
90.653130
90.653130
90.653130
90.653130
90.653130
90.653130
90.653130
90.653130
90.653130
90.653130
90.653130
90.653130
90.653130
90.653130
90.653130
90.653130
90.653130
90.653130
90.653130
90.653130
90.653130
90.653130
90.653130
90.653130
90.653130
90.653130
90.653130
90.653130
90.653130
90.653130
90.653130
90.653130
90.653130
90.653130
90.653130
90.653130
90.653130
90.653130
90.653130
90.653130
90.653130
90.653130
90.653130
90.653130
90.653130
90.653130
90.653130
90.653130
90.653130
90.653130
90.653130
90.653130
90.653130
90.653130
90.653130
90.653130
90.653130
90.653130
90.653130
90.653130
90.653130
90.672258
90.672258
90.672258
90.672258
90.672258
90.672258
90.672258
90.672258
90.672258
90.672258
90.672258
90.672258
90.672258
90.672258
90.672258
90.672258
90.672258
90.672258
90.672258
90.672258
90.672258
90.672258
90.672258
90.672258
90.672258
90.672258
90.672258
90.672258
90.672258
90.672258
90.672258
90.672258
90.672258
90.672258
90.672258
90.672258
90.672258
90.672258
90.672258
90.672258
90.672258
90.672258
90.672258
90.672258
90.672258
90.672258
90.672258
90.672258
90.672258
90.672258
90.672258
90.672258
90.672258
90.672258
90.672258
90.672258
90.672258
90.672258
90.672258
90.672258
90.672258
90.672258
90.672258
90.672258
90.672258
90.672258
90.672258
90.672258
90.672258
90.672258
90.672258
90.672258
90.672258
90.672258
90.672258
90.672258
90.672258
90.672258
90.672258
90.672258
90.672258
90.672258
90.672258
90.672258
90.672258
90.672258
90.672258
90.672258
90.672258
90.672258
90.672258
90.672258
90.672258
90.672258
90.672258
90.672258
90.672258
90.672258
90.672258
90.672258
90.672258
90.672258
90.672258
90.672258
90.672258
90.672258
90.672258
90.672258
90.672258
90.672258
90.672258
90.672258
90.672258
90.672258
90.672258
90.672258
90.672258
90.672258
90.672258
90.672258
90.672258
90.672258
90.672258
90.672258
90.672258
90.672258
90.672258
90.672258
90.672258
90.672258
90.509151
90.509151
90.509151
90.509151
90.509151
90.509151
90.509151
90.509151
90.509151
90.509151
90.509151
90.509151
90.509151
90.509151
90.509151
90.509151
90.509151
90.509151
90.509151
90.509151
90.509151
90.509151
90.509151
90.509151
90.509151
90.509151
90.509151
90.509151
90.509151
90.509151
90.509151
90.509151
90.509151
90.509151
90.509151
90.509151
90.509151
90.509151
90.509151
90.509151
90.509151
90.509151
90.509151
90.509151
90.509151
90.509151
90.509151
90.509151
90.509151
90.509151
90.509151
90.509151
90.509151
90.509151
90.509151
90.509151
90.509151
90.509151
90.509151
90.509151
90.509151
90.509151
90.509151
90.509151
90.509151
90.509151
90.509151
90.509151
90.509151
90.509151
90.509151
90.509151
90.509151
90.509151
90.509151
90.509151
90.509151
90.509151
90.509151
90.509151
90.605005
90.605005
90.605005
90.605005
90.605005
90.605005
90.605005
90.605005
90.605005
90.605005
90.605005
90.605005
90.605005
90.605005
90.605005
90.605005
90.605005
90.605005
90.605005
90.605005
90.605005
90.605005
90.605005
90.605005
90.605005
90.605005
90.605005
90.605005
90.605005
90.605005
90.605005
90.605005
90.605005
90.605005
90.605005
90.605005
90.605005
90.605005
90.605005
90.605005
90.605005
90.605005
90.469549
90.469549
90.469549
90.469549
90.469549
90.469549
90.469549
90.469549
90.469549
90.469549
90.469549
90.469549
90.469549
90.469549
90.469549
90.469549
90.469549
90.469549
90.469549
90.469549
90.469549
90.469549
90.469549
90.469549
90.469549
90.469549
90.469549
90.469549
90.469549
90.469549
90.469549
90.469549
90.469549
90.469549
90.469549
90.469549
90.469549
90.469549
90.085176
90.085176
90.085176
90.085176
90.085176
90.085176
90.085176
90.085176
90.085176
90.085176
90.085176
90.085176
90.085176
90.085176
90.085176
90.085176
90.085176
90.085176
90.085176
90.085176
90.085176
90.085176
90.085176
90.085176
90.085176
90.085176
90.085176
90.085176
90.085176
90.085176
90.085176
90.085176
90.085176
90.018118
90.018118
90.018118
90.018118
90.018118
90.018118
90.018118
90.018118
90.018118
90.018118
90.018118
90.018118
90.018118
90.018118
90.018118
90.018118
90.018118
90.018118
90.018118
90.018118
90.018118
90.018118
90.018118
90.018118
90.018118
90.018118
90.018118
90.018118
90.018118
90.018118
90.018118
90.018118
90.018118
90.018118
90.018118
90.018118
90.018118
90.018118
90.018118
90.018118
90.018118
90.018118
90.018118
89.977471
89.977471
89.977471
89.977471
89.977471
89.977471
89.977471
89.977471
89.977471
89.977471
90.043474
90.043474
90.043474
90.043474
90.043474
90.043474
90.043474
90.043474
90.043474
90.043474
90.043474
90.043474
90.043474
90.043474
90.043474
90.043474
90.043474
90.043474
90.043474
90.043474
90.043474
90.043474
90.043474
90.043474
90.043474
90.043474
90.043474
90.043474
90.043474
90.043474
90.043474
90.043474
90.043474
89.812729
89.812729
89.812729
90.003252
90.003252
90.003252
90.003252
90.003252
90.003252
90.003252
90.003252
90.003252
90.003252
90.003252
90.003252
90.003252
90.003252
90.003252
90.003252
90.003252
90.003252
90.003252
90.003252
90.003252
90.003252
90.003252
90.003252
90.003252
90.003252
90.003252
90.003252
90.003252
90.003252
90.003252
90.003252
90.003252
90.003252
90.003252
90.003252
90.003252
90.003252
90.003252
90.003252
90.003252
90.003252
90.003252
90.003252
90.003252
90.003252
90.003252
90.003252
90.003252
90.003252
90.003252
90.003252
90.003252
90.091373
90.091373
90.091373
90.091373
90.091373
90.091373
90.091373
90.091373
90.091373
90.091373
90.091373
90.091373
90.091373
90.091373
90.091373
90.091373
90.091373
90.091373
90.091373
90.091373
90.091373
90.091373
90.091373
90.091373
90.091373
90.091373
90.091373
90.091373
90.091373
90.091373
89.826215
89.826215
89.826215
89.826215
89.826215
89.777478
89.777478
89.777478
89.777478
89.777478
89.777478
89.777478
89.777478
89.777478
89.777478
89.777478
89.777478
89.777478
89.777478
89.777478
89.777478
89.777478
89.777478
89.777478
89.777478
89.777478
89.777478
89.777478
89.777478
89.777478
89.777478
89.777478
89.777478
89.777478
89.777478
89.777478
89.777478
89.777478
89.777478
89.777478
89.777478
89.777478
89.777478
89.777478
89.777478
89.777478
89.777478
89.777478
89.777478
89.777478
89.777478
89.777478
89.777478
89.777478
89.777478
89.777478
89.777478
89.777478
89.777478
89.777478
89.518603
88.691712
88.691712
88.691712
88.691712
88.691712
88.691712
88.691712
88.691712
88.691712
88.691712
88.691712
88.691712
88.691712
88.691712
88.691712
88.691712
88.691712
88.691712
88.691712
88.691712
88.691712
88.691712
88.691712
88.691712
88.742560
88.742560
88.742560
88.742560
88.742560
88.742560
88.742560
88.742560
88.742560
88.742560
88.742560
88.742560
88.742560
88.742560
88.742560
88.742560
88.742560
88.742560
88.742560
88.742560
88.742560
88.742560
88.742560
88.742560
88.742560
88.742560
88.742560
88.742560
88.742560
88.742560
88.742560
88.742560
88.742560
88.742560
88.742560
88.742560
88.742560
88.742560
88.742560
88.742560
88.742560
88.742560
88.742560
88.742560
88.742560
88.742560
88.742560
88.742560
88.742560
88.742560
88.742560
88.742560
88.742560
88.742560
88.742560
88.742560
88.742560
88.742560
88.742560
88.742560
88.742560
88.742560
88.742560
88.742560
88.742560
88.742560
88.742560
88.742560
88.742560
88.742560
88.742560
88.742560
88.742560
88.742560
88.742560
88.742560
88.742560
88.742560
88.742560
88.742560
88.742560
88.742560
88.742560
88.742560
88.742560
88.742560
88.742560
88.742560
88.742560
88.645180
88.645180
88.645180
88.645180
88.645180
88.645180
88.645180
88.645180
88.645180
88.645180
88.645180
88.645180
88.645180
88.645180
88.645180
88.645180
88.645180
88.645180
88.645180
88.645180
88.645180
88.645180
88.645180
88.645180
88.645180
88.645180
88.645180
88.645180
88.645180
88.645180
88.645180
88.645180
88.645180
88.645180
88.645180
88.645180
88.645180
88.645180
88.645180
88.645180
88.645180
88.645180
88.645180
88.645180
88.645180
88.645180
88.645180
88.645180
88.645180
88.645180
88.645180
88.645180
88.645180
88.645180
88.645180
88.645180
88.645180
88.645180
88.645180
88.645180
88.645180
89.089495
89.089495
89.089495
89.089495
89.089495
89.089495
89.089495
89.089495
89.089495
89.089495
89.089495
89.089495
89.089495
89.089495
89.089495
89.089495
88.757670
88.757670
88.757670
88.757670
88.757670
88.757670
88.757670
88.757670
88.757670
88.757670
88.757670
88.757670
88.757670
88.757670
88.757670
88.757670
88.757670
88.757670
88.757670
88.757670
88.757670
88.757670
88.757670
88.757670
88.757670
88.757670
88.757670
88.757670
88.757670
88.757670
88.757670
88.757670
88.757670
88.757670
88.757670
88.757670
88.757670
88.757670
88.757670
88.757670
88.757670
88.757670
88.757670
88.757670
88.757670
88.757670
88.757670
88.757670
88.757670
88.757670
88.757670
88.757670
88.757670
88.757670
88.757670
88.757670
88.757670
88.757670
88.757670
88.757670
88.757670
88.757670
88.757670
88.757670
88.757670
88.757670
88.757670
88.757670
88.757670
88.757670
88.757670
88.757670
88.757670
88.757670
88.757670
88.757670
88.757670
88.757670
88.757670
88.757670
88.818027
88.818027
88.818027
88.818027
88.818027
88.818027
88.818027
88.818027
88.818027
88.818027
88.818027
88.818027
88.818027
88.818027
88.818027
88.818027
88.818027
88.818027
88.818027
88.818027
88.818027
88.818027
88.818027
88.818027
88.818027
88.818027
88.818027
88.818027
88.818027
88.818027
88.818027
88.818027
88.818027
88.818027
88.818027
88.818027
88.818027
88.818027
88.818027
88.818027
88.861064
88.861064
88.861064
88.861064
88.861064
88.861064
88.861064
87.936596
87.936596
87.936596
87.936596
87.936596
87.936596
87.936596
87.936596
87.936596
87.936596
87.936596
87.936596
87.936596
87.936596
87.936596
87.936596
87.936596
87.936596
88.170495
88.170495
88.170495
88.170495
88.170495
88.170495
88.170495
88.170495
88.170495
88.170495
88.170495
88.170495
88.170495
88.170495
88.170495
88.170495
88.170495
88.170495
88.170495
88.170495
88.170495
88.170495
88.170495
88.170495
88.170495
88.170495
88.170495
88.170495
87.972599
87.972599
87.972599
87.972599
87.972599
87.972599
87.972599
87.972599
87.972599
87.972599
87.972599
87.972599
87.972599
87.972599
87.972599
87.972599
87.972599
87.972599
87.972599
87.972599
87.972599
87.972599
87.972599
87.972599
87.972599
87.972599
87.972599
87.972599
87.972599
87.972599
87.972599
87.972599
87.972599
87.972599
87.972599
87.972599
87.972599
87.972599
87.972599
87.972599
87.972599
87.972599
87.972599
87.972599
87.972599
87.972599
87.972599
87.972599
87.972599
87.972599
87.972599
87.972599
87.972599
87.972599
87.972599
87.972599
87.972599
87.972599
87.972599
87.972599
87.972599
87.972599
87.972599
87.972599
87.972599
87.956120
87.956120
87.956120
87.956120
87.956120
87.956120
87.956120
87.956120
87.956120
87.956120
87.956120
87.956120
87.956120
87.956120
87.956120
87.956120
87.956120
87.956120
87.956120
87.956120
87.956120
87.956120
87.956120
87.956120
87.956120
87.956120
87.956120
87.956120
87.956120
87.956120
87.956120
87.956120
87.956120
87.956120
87.956120
87.956120
87.956120
87.956120
87.956120
87.956120
87.956120
87.956120
87.956120
87.956120
87.956120
87.956120
87.956120
87.956120
87.956120
87.956120
87.956120
87.956120
87.956120
87.956120
87.956120
87.956120
87.956120
87.956120
87.956120
87.956120
87.956120
87.956120
87.956120
87.956120
87.956120
87.956120
87.956120
87.956120
87.956120
87.956120
87.956120
87.956120
87.956120
87.956120
87.956120
88.031480
88.031480
88.031480
88.031480
88.031480
88.031480
88.031480
88.031480
88.031480
88.031480
88.031480
88.031480
88.031480
88.031480
88.031480
88.031480
88.031480
88.031480
88.031480
88.031480
88.031480
88.031480
88.031480
88.031480
88.031480
88.031480
88.031480
88.031480
88.031480
88.031480
88.031480
87.443879
87.443879
87.443879
87.443879
87.443879
87.443879
87.443879
87.443879
87.443879
87.443879
87.443879
87.443879
87.443879
87.443879
87.443879
87.443879
87.443879
87.443879
87.443879
87.443879
87.443879
87.443879
87.443879
87.443879
87.443879
87.443879
87.443879
87.443879
87.443879
87.443879
87.443879
87.443879
87.443879
87.443879
87.443879
87.443879
87.443879
87.443879
87.238495
87.238495
87.238495
87.238495
87.238495
87.249893
87.249893
87.249893
87.249893
87.249893
87.249893
87.249893
87.249893
87.249893
87.249893
87.249893
87.249893
87.249893
87.249893
87.249893
87.249893
87.249893
87.249893
87.249893
87.249893
87.249893
87.249893
87.249893
87.249893
87.249893
87.249893
87.249893
87.249893
87.249893
87.249893
87.249893
87.249893
87.249893
87.249893
87.249893
87.249893
87.249893
87.249893
87.249893
87.249893
87.249893
87.249893
87.249893
87.249893
87.249893
87.249893
87.249893
87.249893
86.977125
86.977125
86.977125
86.977125
86.977125
86.977125
86.977125
86.977125
86.977125
87.225321
87.225321
87.225321
87.225321
87.225321
87.225321
87.225321
87.225321
87.225321
87.225321
87.225321
87.225321
87.225321
87.225321
87.225321
87.225321
87.225321
87.225321
87.225321
87.424121
87.424121
87.424121
87.424121
87.424121
87.424121
87.424121
87.424121
87.424121
87.424121
87.424121
87.424121
87.424121
87.424121
87.424121
87.424121
87.424121
87.424121
87.424121
87.424121
87.424121
87.424121
87.424121
87.424121
87.424121
87.424121
87.424121
87.205041
87.205041
87.205041
87.205041
87.205041
87.205041
87.205041
87.205041
87.205041
87.205041
87.205041
87.205041
87.205041
87.205041
87.205041
87.205041
87.205041
87.205041
87.205041
87.205041
87.205041
87.205041
87.205041
87.205041
87.205041
87.205041
87.205041
87.205041
87.205041
87.205041
87.205041
87.205041
87.205041
87.205041
87.205041
87.205041
87.205041
87.205041
87.205041
87.205041
87.205041
87.205041
87.205041
87.205041
87.205041
87.205041
87.205041
87.205041
87.205041
87.205041
87.205041
87.205041
87.205041
87.205041
87.205041
87.205041
87.205041
87.205041
87.205041
87.205041
87.205041
87.205041
87.205041
87.205041
87.205041
87.205041
87.205041
87.205041
87.205041
87.205041
87.205041
87.205041
87.205041
87.205041
87.205041
87.205041
87.205041
87.205041
87.205041
87.205041
87.205041
87.205041
87.205041
87.205041
87.205041
87.205041
87.205041
87.205041
87.205041
87.205041
87.205041
87.205041
87.205041
87.205041
87.205041
87.205041
87.205041
87.205041
87.205041
87.205041
87.205041
87.205041
87.205041
87.205041
87.205041
87.205041
87.205041
87.205041
87.205041
87.205041
87.205041
87.205041
87.205041
87.205041
87.205041
87.205041
87.205041
87.205041
87.205041
87.205041
87.205041
87.205041
87.205041
87.205041
87.205041
87.205041
87.205041
87.205041
87.205041
87.205041
87.205041
87.205041
87.205041
87.205041
87.205041
87.205041
87.205041
87.205041
87.205041
87.205041
87.205041
87.205041
87.205041
87.205041
87.205041
87.205041
87.205041
87.205041
87.205041
87.205041
87.205041
87.205041
87.205041
87.205041
87.205041
87.205041
87.205041
87.205041
87.205041
87.205041
87.205041
87.205041
87.205041
87.205041
87.205041
87.205041
87.205041
87.205041
87.205041
87.205041
87.205041
87.205041
86.852985
86.852985
86.852985
86.852985
86.852985
86.852985
86.852985
86.852985
86.852985
86.852985
86.852985
86.852985
86.852985
86.852985
86.852985
86.852985
86.852985
86.852985
86.852985
86.852985
86.852985
86.852985
86.852985
86.852985
86.852985
86.852985
86.852985
86.852985
86.852985
86.852985
86.852985
86.852985
86.852985
86.852985
86.852985
86.852985
86.852985
86.852985
86.852985
86.852985
86.852985
86.852985
86.852985
86.852985
86.852985
86.852985
86.852985
86.852985
86.852985
86.852985
86.852985
86.852985
86.852985
86.852985
86.852985
86.852985
86.852985
86.852985
86.852985
86.852985
86.852985
86.852985
86.852985
86.852985
86.852985
86.852985
86.852985
86.852985
86.852985
86.852985
86.852985
86.852985
86.852985
86.852985
86.852985
86.852985
86.852985
86.852985
86.852985
86.852985
86.852985
86.852985
86.852985
86.852985
86.852985
86.852985
86.852985
86.852985
86.852985
86.852985
86.852985
86.852985
86.852985
86.852985
86.852985
86.852985
86.852985
86.852985
86.852985
86.852985
86.852985
86.852985
86.852985
86.852985
86.852985
86.852985
86.852985
86.852985
86.852985
86.852985
86.852985
86.852985
86.852985
86.852985
86.852985
86.852985
86.852985
86.852985
86.852985
86.852985
86.852985
86.586017
86.586017
86.586017
86.586017
86.586017
86.586017
86.586017
86.586017
86.586017
86.586017
86.586017
86.586017
86.586017
86.586017
86.586017
86.586017
86.586017
86.586017
86.586017
86.586017
86.586017
86.586017
86.586017
86.586017
86.586017
86.586017
86.586017
86.586017
86.586017
86.586017
86.586017
86.586017
86.586017
86.586017
86.586017
86.586017
86.586017
86.586017
86.586017
86.586017
86.586017
86.586017
86.747142
86.747142
86.747142
86.747142
86.747142
86.747142
86.747142
86.747142
86.747142
86.747142
86.747142
86.747142
86.747142
86.747142
86.747142
86.747142
86.747142
86.747142
86.747142
86.747142
86.747142
86.747142
86.747142
86.747142
86.747142
86.747142
86.747142
86.747142
86.747142
86.747142
86.438534
86.438534
86.438534
86.438534
86.438534
86.438534
86.438534
86.438534
86.438534
86.438534
86.438534
86.438534
86.438534
86.438534
86.438534
86.438534
86.438534
86.438534
86.438534
86.438534
86.438534
86.438534
86.438534
86.438534
86.438534
86.438534
86.438534
86.438534
86.438534
86.438534
86.438534
86.438534
86.438534
86.438534
86.438534
86.438534
86.438534
86.438534
86.438534
86.438534
86.438534
86.438534
86.438534
86.438534
86.438534
86.503455
86.503455
86.503455
86.503455
86.503455
86.503455
86.503455
86.503455
86.503455
86.503455
86.503455
86.503455
86.503455
86.503455
86.503455
86.502830
86.502830
86.502830
86.502830
86.502830
86.502830
86.502830
86.502830
86.502830
86.502830
86.502830
86.502830
86.502830
86.502830
86.502830
86.502830
86.502830
86.502830
86.502830
86.502830
86.502830
86.502830
86.502830
86.502830
86.502830
86.502830
86.502830
86.502830
86.502830
86.502830
86.502830
86.502830
86.502830
86.502830
86.502830
86.502830
86.502830
86.502830
86.502830
86.502830
86.502830
86.502830
86.502830
86.502830
86.502830
86.502830
86.502830
86.502830
86.502830
86.502830
86.502830
86.502830
86.502830
86.502830
86.502830
86.502830
86.502830
86.502830
86.502830
86.502830
86.502830
86.502830
86.502830
86.502830
86.502830
86.502830
86.502830
86.502830
86.502830
86.502830
86.502830
86.502830
86.502830
86.502830
86.502830
86.502830
86.502830
86.502830
86.502830
86.502830
86.502830
86.502830
86.502830
86.502830
86.502830
86.502830
86.502830
86.502830
86.502830
86.502830
86.502830
86.502830
86.502830
86.502830
86.502830
86.502830
86.502830
86.502830
86.502830
86.502830
86.502830
86.502830
86.502830
86.502830
86.502830
86.502830
86.502830
86.502830
86.165668
86.165668
86.165668
86.165668
86.165668
86.165668
86.165668
86.165668
86.165668
86.165668
86.165668
86.165668
86.165668
86.165668
86.165668
86.165668
86.165668
86.165668
86.165668
86.165668
86.165668
86.165668
86.165668
86.165668
86.165668
86.165668
86.165668
86.165668
86.165668
86.165668
86.165668
86.165668
86.165668
86.165668
86.165668
86.165668
86.165668
86.165668
86.165668
86.165668
86.165668
86.165668
86.165668
86.165668
86.165668
86.165668
86.165668
86.165668
86.165668
86.165668
86.165668
86.165668
86.165668
86.165668
86.165668
86.165668
86.165668
86.165668
86.165668
86.165668
85.251525
85.251525
85.251525
85.251525
85.251525
85.251525
85.251525
85.251525
85.251525
85.251525
85.251525
85.251525
85.251525
85.251525
85.251525
85.251525
85.251525
85.251525
85.251525
85.251525
85.251525
85.251525
85.251525
85.251525
85.251525
85.251525
85.251525
85.251525
85.251525
85.251525
85.251525
85.251525
85.251525
85.251525
85.251525
85.251525
85.251525
85.251525
85.251525
85.251525
85.251525
85.251525
85.251525
85.251525
85.251525
85.251525
85.251525
85.251525
85.251525
85.251525
85.251525
85.251525
85.251525
85.251525
85.251525
85.251525
85.251525
85.251525
85.251525
85.251525
85.251525
85.251525
85.251525
85.251525
85.251525
85.251525
85.251525
85.251525
85.251525
85.291436
85.291436
85.291436
85.291436
85.291436
85.291436
85.291436
85.291436
85.291436
85.291436
85.291436
85.291436
85.291436
85.291436
85.291436
85.291436
85.291436
85.291436
85.291436
85.291436
85.291436
85.291436
85.291436
85.291436
85.291436
85.291436
85.291436
85.291436
85.291436
85.291436
85.291436
85.291436
85.291436
85.291436
85.291436
85.291436
85.291436
85.291436
85.291436
85.291436
85.291436
85.291436
85.291436
85.291436
85.291436
85.291436
85.291436
85.291436
85.291436
85.291436
85.291436
85.291436
85.291436
85.291436
85.291436
85.291436
85.291436
85.291436
85.291436
85.291436
85.291436
85.291436
85.291436
85.291436
85.291436
85.291436
85.291436
85.291436
85.291436
85.291436
85.291436
85.291436
85.291436
85.291436
85.291436
85.291436
85.291436
85.291436
85.291436
85.291436
85.291436
85.291436
85.291436
85.291436
85.291436
85.291436
85.291436
85.291436
85.291436
85.291436
85.291436
85.291436
85.291436
85.291436
85.291436
85.291436
85.291436
85.291436
85.291436
85.291436
85.291436
85.291436
85.291436
85.291436
85.291436
85.291436
85.291436
85.291436
85.291436
85.291436
85.291436
85.291436
85.291436
85.291436
85.291436
85.291436
85.291436
85.210252
85.210252
85.210252
85.210252
85.210252
85.210252
85.210252
85.210252
85.210252
85.210252
85.210252
85.210252
85.210252
85.210252
85.210252
85.210252
85.210252
85.210252
85.210252
85.210252
85.210252
85.210252
85.210252
85.210252
85.210252
85.210252
85.210252
85.210252
85.210252
85.210252
85.210252
85.210252
85.210252
85.210252
85.210252
85.210252
85.210252
85.210252
85.210252
85.210252
85.210252
85.210252
85.210252
85.210252
85.210252
85.210252
85.210252
85.210252
85.210252
85.210252
85.210252
85.210252
85.218275
85.218275
85.218275
85.218275
85.218275
85.218275
85.218275
85.218275
85.218275
85.218275
85.218275
85.218275
85.218275
85.218275
85.218275
85.218275
85.218275
85.218275
85.218275
85.218275
85.218275
85.218275
85.218275
85.218275
85.218275
85.218275
85.218275
85.218275
85.218275
85.218275
85.218275
85.218275
85.218275
85.218275
85.218275
85.218275
85.218275
85.218275
84.989950
84.989950
84.989950
84.989950
84.989950
84.989950
84.989950
84.989950
84.989950
84.989950
84.989950
84.989950
84.534167
84.534167
84.534167
84.534167
84.534167
84.552682
84.552682
84.552682
84.552682
84.552682
84.552682
84.552682
84.552682
84.552682
84.552682
84.552682
84.552682
84.552682
84.552682
84.552682
84.552682
84.552682
84.552682
84.552682
84.552682
84.552682
84.552682
84.552682
84.552682
84.552682
84.552682
84.552682
84.552682
84.552682
84.552682
84.552682
84.552682
84.552682
84.552682
84.552682
84.552682
84.552682
84.552682
84.552682
84.552682
84.552682
84.552682
84.552682
84.552682
84.552682
84.552682
84.552682
84.552682
84.552682
84.552682
84.552682
84.552682
84.552682
84.552682
84.552682
84.552682
84.552682
84.552682
84.552682
84.552682
84.552682
84.552682
84.552682
84.552682
84.552682
84.552682
84.552682
84.552682
84.552682
84.552682
84.552682
84.552682
84.552682
84.552682
84.552682
84.552682
84.552682
84.552682
84.552682
84.552682
84.552682
84.552682
84.887176
84.887176
84.887176
84.887176
84.887176
84.887176
84.887176
84.887176
84.887176
84.887176
84.887176
84.887176
84.887176
84.887176
84.887176
84.887176
84.887176
84.887176
84.887176
84.887176
84.887176
84.887176
84.887176
84.887176
84.887176
84.887176
84.887176
84.887176
84.887176
84.887176
84.887176
84.887176
84.887176
84.887176
84.887176
84.887176
84.887176
84.887176
84.887176
84.887176
84.887176
84.529884
84.529884
84.529884
84.529884
84.529884
84.529884
84.529884
84.529884
84.529884
84.529884
84.529884
84.529884
84.529884
84.529884
84.529884
84.529884
84.529884
84.529884
84.529884
84.529884
84.529884
84.529884
84.529884
84.529884
84.529884
84.529884
84.529884
85.009828
85.009828
85.009828
85.009828
85.009828
85.009828
85.009828
85.009828
85.009828
85.009828
85.009828
85.009828
85.009828
85.009828
85.009828
85.009828
85.009828
85.009828
85.009828
85.009828
85.009828
85.009828
85.009828
85.009828
85.009828
85.009828
85.009828
85.009828
85.009828
85.009828
85.009828
85.009828
85.009828
85.009828
85.009828
85.009828
85.009828
85.009828
85.009828
85.009828
85.009828
85.009828
85.009828
85.009828
85.009828
85.009828
85.009828
85.009828
85.009828
85.009828
85.009828
85.009828
85.009828
85.009828
85.009828
85.009828
85.009828
85.009828
85.009828
85.009828
85.009828
85.009828
85.009828
85.009828
85.009828
85.009828
85.009828
85.009828
85.009828
85.009828
85.009828
85.009828
85.009828
85.009828
85.009828
85.009828
85.009828
85.009828
85.009828
85.009828
85.009828
85.009828
85.009828
85.009828
85.009828
85.009828
85.009828
85.009828
85.009828
85.009828
85.009828
85.009828
85.009828
85.009828
85.009828
85.009828
85.009828
85.009828
85.009828
85.522891
85.522891
85.522891
85.522891
85.522891
85.522891
85.522891
85.522891
85.522891
85.522891
85.522891
85.522891
85.522891
85.522891
85.522891
85.522891
85.522891
85.522891
85.522891
85.522891
85.522891
85.522891
85.522891
85.522891
85.522891
85.522891
85.522891
85.522891
85.522891
85.522891
85.522891
85.522891
85.522891
85.522891
85.522891
85.522891
85.522891
85.522891
85.522891
85.522891
85.522891
85.522891
85.522891
85.522891
85.522891
85.522891
85.522891
85.522891
85.522891
85.522891
85.522891
85.522891
85.522891
85.522891
85.522891
85.522891
85.522891
85.522891
85.522891
85.522891
85.522891
85.522891
85.522891
85.522891
85.522891
85.522891
85.522891
85.522891
85.522891
85.522891
85.178607
85.178607
85.178607
85.178607
85.178607
85.178607
85.178607
85.178607
85.178607
85.178607
85.178607
85.178607
85.178607
85.178607
85.178607
85.178607
85.178607
85.178607
85.178607
85.178607
85.178607
85.178607
85.178607
85.178607
85.178607
85.178607
85.178607
85.178607
85.178607
85.178607
85.178607
85.178607
85.178607
85.178607
85.178607
85.178607
85.178607
85.178607
85.178607
85.178607
85.178607
85.178607
85.178607
85.178607
85.178607
85.178607
85.178607
85.178607
85.178607
85.178607
85.178607
85.178607
85.178607
85.178607
85.178607
85.178607
85.178607
85.178607
85.178607
85.178607
85.178607
85.178607
85.178607
85.178607
85.178607
85.178607
85.178607
85.178607
85.178607
85.178607
85.178607
85.178607
85.178607
85.178607
85.178607
85.178607
85.178607
85.178607
85.178607
85.178607
85.178607
85.178607
85.178607
85.178607
85.178607
85.178607
85.178607
85.178607
85.178607
85.178607
85.178607
85.178607
85.178607
85.178607
85.178607
85.178607
85.178607
85.178607
85.178607
85.178607
85.178607
85.178607
85.178607
85.178607
85.178607
85.178607
85.178607
85.178607
85.178607
85.178607
85.178607
85.178607
85.178607
85.178607
85.178607
85.178607
85.178607
85.178607
85.178607
85.178607
85.178607
85.178607
85.178607
85.178607
85.068744
85.068744
85.068744
85.068744
85.068744
85.068744
85.068744
85.068744
85.068744
85.068744
85.068744
85.068744
85.068744
85.068744
85.068744
85.068744
85.068744
85.068744
85.068744
85.068744
85.068744
85.068744
85.068744
85.068744
85.068744
85.068744
85.068744
85.068744
85.068744
85.068744
85.068744
85.068744
85.068744
85.068744
85.068744
85.068744
85.068744
85.068744
85.068744
85.068744
85.068744
85.068744
85.068744
85.068744
85.068744
85.068744
85.068744
85.068744
85.068744
85.068744
85.068744
85.068744
85.068744
85.068744
85.068744
85.232995
85.232995
85.232995
85.232995
85.232995
85.232995
85.232995
85.232995
85.232995
85.232995
85.232995
85.232995
85.232995
85.232995
85.232995
85.232995
85.232995
85.232995
85.232995
85.232995
85.232995
85.232995
85.232995
85.232995
85.232995
85.232995
85.232995
85.232995
85.232995
85.232995
85.232995
85.232995
85.232995
85.232995
85.232995
85.232995
85.232995
85.232995
85.232995
85.232995
85.232995
85.232995
85.232995
85.232995
85.232995
85.232995
85.232995
85.232995
85.232995
85.232995
85.232995
85.232995
85.232995
85.169889
85.169889
85.169889
85.169889
85.169889
85.169889
85.169889
85.169889
85.169889
85.169889
85.169889
85.169889
85.169889
85.169889
85.169889
85.169889
85.169889
85.169889
85.169889
85.169889
85.169889
85.169889
85.169889
85.169889
85.169889
85.169889
85.169889
85.169889
85.169889
85.169889
85.169889
85.169889
85.169889
85.169889
85.169889
85.169889
85.169889
85.169889
85.169889
85.169889
85.169889
85.169889
85.169889
85.169889
85.169889
85.169889
85.169889
85.169889
85.169889
85.169889
85.169889
85.169889
85.169889
85.169889
85.169889
85.169889
85.169889
85.169889
85.169889
85.169889
85.169889
85.169889
85.169889
85.169889
85.169889
85.169889
85.169889
85.169889
85.169889
85.169889
85.169889
85.169889
85.169889
85.169889
85.169889
85.169889
85.169889
85.169889
85.169889
85.169889
85.169889
85.169889
85.169889
85.169889
85.169889
85.169889
85.169889
85.169889
85.169889
85.169889
85.169889
85.169889
85.169889
85.169889
85.169889
85.169889
85.169889
85.169889
85.169889
85.169889
85.169889
85.169889
85.169889
85.169889
85.169889
85.169889
85.169889
85.169889
85.169889
85.169889
85.169889
85.169889
85.169889
85.169889
85.169889
85.011034
85.011034
85.011034
85.011034
85.011034
85.011034
85.011034
85.011034
85.011034
85.011034
85.011034
85.011034
85.011034
85.011034
85.011034
85.011034
85.011034
85.011034
85.011034
85.011034
85.011034
85.011034
85.011034
85.011034
85.011034
85.011034
85.011034
85.011034
85.011034
85.011034
85.011034
85.011034
85.011034
85.011034
85.011034
85.011034
85.011034
85.011034
85.011034
85.011034
85.011034
85.011034
85.011034
85.011034
85.011034
85.011034
85.011034
85.011034
85.011034
85.011034
85.011034
85.011034
85.011034
85.011034
85.011034
85.011034
85.011034
85.011034
85.011034
85.011034
85.149648
85.149648
85.149648
85.149648
85.149648
85.149648
85.149648
85.149648
85.149648
85.149648
85.149648
85.149648
85.149648
85.149648
85.149648
85.149648
85.149648
85.149648
85.149648
85.149648
85.149648
85.149648
85.149648
85.149648
85.149648
85.149648
85.149648
85.149648
85.149648
85.149648
85.149648
85.149648
85.149648
85.149648
85.149648
85.149648
85.149648
85.149648
85.149648
85.149648
85.149648
85.149648
85.149648
85.149648
85.149648
85.149648
85.149648
85.149648
85.149648
85.149648
85.149648
85.149648
85.149648
85.149648
85.149648
85.149648
85.149648
85.149648
85.149648
85.149648
85.149648
85.149648
85.149648
85.149648
85.149648
85.149648
85.149648
85.149648
85.149648
85.149648
85.149648
85.149648
85.149648
85.149648
85.149648
85.149648
85.149648
85.149648
85.149648
85.149648
85.149648
85.149648
85.149648
85.149648
85.149648
85.149648
85.149648
85.149648
85.149648
85.149648
85.149648
85.149648
85.149648
85.149648
85.149648
85.149648
85.149648
85.149648
85.149648
85.149648
85.149648
85.149648
85.149648
85.149648
85.149648
85.149648
85.149648
85.149648
85.149648
85.149648
85.149648
85.149648
85.149648
85.149648
85.149648
85.149648
85.149648
85.149648
85.149648
85.149648
85.149648
85.149648
85.149648
85.149648
85.149648
85.149648
85.341268
85.341268
85.341268
85.341268
85.341268
85.341268
85.341268
85.341268
85.341268
85.341268
85.341268
85.341268
85.341268
85.341268
85.341268
85.341268
85.341268
85.341268
85.341268
85.341268
85.341268
85.341268
85.341268
85.341268
85.341268
85.341268
85.341268
85.341268
85.341268
85.341268
85.341268
85.341268
85.341268
85.341268
85.341268
84.471190
84.471190
84.471190
84.471190
84.471190
84.471190
84.471190
84.471190
84.471190
84.471190
84.471190
84.471190
84.471190
84.471190
84.471190
84.471190
84.471190
84.471190
84.471190
84.471190
84.471190
84.471190
84.471190
84.471190
84.471190
84.471190
84.471190
84.471190
84.471190
84.471190
84.471190
84.471190
84.471190
84.557855
84.557855
84.557855
84.557855
84.557855
84.557855
84.557855
84.557855
84.557855
84.557855
84.557855
84.557855
84.557855
84.557855
84.557855
84.557855
84.557855
84.557855
84.557855
84.557855
84.557855
84.557855
84.557855
84.557855
84.557855
84.557855
84.557855
84.557855
84.557855
84.557855
84.557855
84.557855
84.557855
84.557855
84.557855
84.557855
84.557855
84.557855
84.557855
84.557855
84.557855
84.557855
84.557855
84.557855
84.557855
84.557855
84.557855
84.557855
84.557855
84.557855
84.557855
84.557855
84.557855
84.557855
84.557855
84.557855
84.557855
84.557855
84.557855
84.557855
84.557855
84.557855
84.557855
84.557855
84.557855
84.557855
84.557855
84.454392
84.454392
84.454392
84.454392
84.454392
84.454392
84.454392
84.454392
84.454392
84.454392
84.454392
84.454392
84.454392
84.454392
84.454392
84.454392
84.454392
84.454392
84.454392
84.454392
84.454392
84.454392
84.454392
84.454392
84.454392
84.454392
84.454392
84.454392
84.454392
84.454392
84.454392
84.454392
84.454392
84.454392
84.454392
84.454392
84.454392
84.454392
84.454392
84.454392
84.454392
84.454392
84.454392
84.454392
84.454392
84.454392
84.454392
84.454392
84.454392
84.454392
84.454392
84.454392
84.454392
84.454392
84.395638
84.395638
84.395638
84.395638
84.395638
84.395638
84.395638
84.395638
84.395638
84.395638
84.395638
84.395638
84.395638
84.395638
84.395638
84.395638
84.395638
84.395638
84.395638
84.395638
84.395638
84.395638
84.395638
84.395638
84.395638
84.395638
84.395638
84.395638
84.395638
84.395638
84.395638
84.395638
84.395638
84.395638
84.395638
84.395638
84.395638
84.395638
84.395638
84.395638
84.395638
84.395638
84.395638
84.395638
84.395638
84.395638
84.395638
84.395638
84.395638
84.395638
84.395638
84.395638
84.395638
84.395638
84.395638
84.395638
84.395638
84.395638
84.395638
84.395638
84.395638
84.395638
84.395638
84.395638
84.395638
84.395638
84.395638
84.395638
84.395638
84.395638
84.395638
84.395638
84.395638
84.395638
84.395638
84.395638
84.395638
84.395638
84.395638
84.395638
84.395638
84.395638
84.395638
84.395638
84.395638
84.395638
84.395638
84.395638
84.395638
84.395638
84.395638
84.395638
84.395638
84.395638
84.395638
84.395638
84.395638
84.395638
84.395638
84.395638
84.395638
84.395638
84.395638
84.395638
84.395638
84.395638
84.395638
84.395638
84.395638
84.395638
84.395638
84.395638
84.395638
84.395638
84.395638
84.395638
84.395638
84.395638
84.395638
84.395638
84.395638
84.395638
84.395638
84.395638
84.395638
84.395638
84.395638
84.395638
84.395638
84.395638
84.395638
84.395638
84.395638
84.395638
84.395638
84.395638
84.395638
84.395638
84.395638
84.395638
84.395638
84.395638
84.395638
84.395638
84.395638
84.395638
84.395638
84.395638
84.395638
84.395638
84.395638
84.395638
84.395638
84.395638
84.395638
84.395638
84.395638
84.395638
84.395638
84.395638
84.395638
84.395638
84.395638
84.395638
84.395638
84.395638
84.395638
84.395638
84.395638
84.395638
84.395638
84.395638
84.395638
84.395638
84.395638
84.395638
84.395638
84.395638
84.395638
84.395638
84.395638
84.395638
84.395638
84.395638
84.395638
84.395638
84.395638
84.395638
84.395638
84.395638
84.395638
84.395638
84.395638
84.395638
84.395638
84.395638
84.395638
84.395638
84.395638
84.395638
84.395638
84.395638
84.395638
84.395638
84.395638
84.395638
84.395638
84.395638
84.395638
84.395638
84.395638
84.395638
84.395638
84.395638
84.395638
84.395638
84.395638
84.395638
84.395638
84.395638
84.395638
84.395638
84.395638
84.395638
84.395638
84.395638
84.395638
84.395638
84.395638
84.395638
84.395638
84.395638
84.395638
84.395638
84.395638
84.395638
84.395638
84.395638
84.395638
84.395638
84.395638
84.395638
84.395638
84.395638
84.395638
84.395638
84.395638
84.395638
84.395638
84.395638
84.395638
84.395638
84.395638
84.395638
84.395638
84.395638
84.395638
84.395638
84.395638
84.395638
84.395638
84.395638
84.395638
84.395638
84.395638
84.395638
84.395638
84.395638
84.395638
84.395638
84.395638
84.395638
84.395638
84.395638
84.395638
84.395638
84.395638
84.395638
84.395638
84.395638
84.395638
84.395638
84.395638
84.395638
84.395638
84.395638
84.395638
84.395638
84.395638
84.395638
84.395638
84.395638
84.395638
84.395638
84.395638
84.395638
84.395638
84.395638
84.395638
84.395638
84.395638
84.395638
84.395638
84.395638
84.395638
84.395638
84.395638
84.395638
84.395638
84.395638
84.395638
84.395638
84.395638
84.395638
84.395638
84.395638
84.395638
84.395638
84.395638
84.395638
84.395638
84.395638
84.395638
83.890424
83.890424
83.890424
83.890424
83.890424
83.890424
83.890424
83.890424
83.890424
83.890424
83.890424
83.890424
83.890424
83.761130
83.761130
83.761130
83.761130
83.761130
83.761130
83.761130
83.761130
83.761130
83.761130
83.761130
83.761130
83.761130
83.761130
83.761130
83.761130
83.761130
83.761130
83.761130
83.761130
83.761130
83.761130
83.761130
83.761130
83.761130
83.761130
83.761130
83.761130
83.761130
83.667411
83.667411
83.667411
83.667411
83.667411
83.667411
83.667411
83.667411
83.667411
83.667411
83.667411
83.667411
83.667411
83.667411
83.667411
83.667411
83.667411
83.667411
83.667411
83.667411
83.667411
83.667411
83.667411
83.667411
83.667411
83.667411
83.667411
83.667411
83.667411
83.667411
83.667411
83.667411
83.667411
83.667411
83.667411
83.667411
83.667411
83.667411
83.667411
83.667411
83.667411
83.667411
83.667411
83.667411
83.667411
83.667411
83.667411
83.667411
83.667411
83.667411
83.438556
83.438556
83.438556
83.438556
83.438556
83.438556
83.438556
83.438556
83.438556
83.438556
83.438556
83.438556
83.438556
83.438556
83.438556
83.438556
83.438556
83.438556
83.438556
83.438556
83.438556
83.438556
83.438556
83.438556
83.438556
83.438556
83.438556
83.438556
83.438556
83.438556
83.438556
83.438556
83.438556
83.438556
83.438556
83.438556
83.438556
83.438556
83.438556
83.438556
83.438556
83.438556
83.438556
83.438556
83.438556
83.438556
83.438556
83.438556
83.438556
83.438556
83.438556
83.438556
83.438556
83.438556
83.232557
83.232557
83.232557
83.232557
83.232557
83.232557
83.232557
83.232557
83.232557
83.232557
83.232557
83.232557
83.232557
83.232557
83.232557
83.232557
83.232557
83.232557
83.232557
83.232557
83.232557
83.232557
83.232557
83.232557
83.232557
83.232557
83.232557
83.232557
83.232557
83.232557
83.232557
83.232557
83.232557
83.232557
83.232557
83.232557
83.232557
83.232557
83.232557
83.232557
83.232557
83.232557
83.232557
83.232557
83.232557
83.232557
83.232557
83.232557
83.232557
83.232557
83.232557
83.232557
83.232557
83.232557
83.232557
83.232557
83.232557
83.232557
83.232557
83.232557
83.232557
83.232557
83.232557
83.232557
83.232557
83.232557
83.232557
83.232557
83.232557
83.232557
83.232557
83.232557
83.232557
83.232557
83.232557
83.232557
83.232557
83.232557
83.232557
83.232557
83.232557
83.232557
83.232557
83.232557
83.232557
83.232557
83.232557
83.232557
83.232557
83.232557
83.232557
83.232557
83.232557
83.232557
83.232557
83.232557
83.232557
83.232557
83.232557
83.232557
83.232557
83.232557
83.232557
83.232557
83.232557
83.232557
83.232557
83.232557
83.232557
83.232557
83.232557
83.232557
83.232557
83.232557
83.232557
83.232557
83.232557
83.232557
83.232557
83.232557
83.232557
83.232557
83.232557
83.232557
83.232557
83.232557
83.232557
83.232557
83.232557
83.232557
83.232557
83.232557
83.232557
83.232557
83.232557
83.232557
83.232557
83.232557
83.232557
83.232557
83.232557
83.232557
83.232557
83.232557
83.232557
83.232557
83.232557
83.232557
83.232557
83.232557
83.232557
83.232557
83.232557
83.232557
83.232557
83.232557
83.232557
83.232557
83.232557
83.232557
83.232557
83.232557
83.232557
83.232557
83.232557
83.232557
83.232557
83.232557
83.232557
83.232557
83.232557
83.232557
83.232557
83.232557
83.232557
83.232557
83.232557
83.232557
83.232557
83.232557
83.232557
83.232557
83.232557
83.232557
83.232557
83.232557
83.232557
83.232557
83.232557
83.232557
83.232557
83.232557
83.232557
83.232557
83.232557
83.232557
83.232557
83.232557
83.232557
83.232557
83.232557
83.232557
83.232557
83.232557
83.232557
83.232557
83.232557
83.232557
83.232557
83.232557
83.232557
83.232557
83.232557
83.232557
83.232557
83.232557
83.232557
83.232557
83.232557
83.232557
83.232557
83.232557
83.232557
83.232557
83.232557
83.232557
83.232557
83.232557
83.232557
83.232557
83.232557
83.232557
83.232557
83.232557
83.232557
83.232557
83.232557
83.232557
83.232557
83.232557
83.232557
83.232557
83.232557
83.232557
83.232557
83.232557
83.232557
83.232557
83.232557
83.232557
83.232557
83.232557
83.232557
83.232557
83.232557
83.232557
83.232557
83.232557
83.232557
83.232557
83.232557
83.232557
83.232557
83.232557
83.232557
83.232557
83.232557
83.232557
83.232557
83.232557
83.232557
83.232557
83.232557
83.232557
83.232557
83.232557
83.232557
83.232557
83.232557
83.232557
83.232557
83.232557
83.232557
83.232557
83.232557
83.232557
83.232557
83.232557
83.232557
83.232557
83.232557
83.232557
83.232557
83.232557
83.232557
83.232557
83.232557
83.232557
83.232557
83.232557
83.232557
83.232557
83.232557
83.232557
83.232557
83.232557
83.232557
83.232557
83.232557
83.232557
83.232557
83.232557
83.232557
83.232557
83.232557
83.232557
83.232557
83.232557
83.232557
83.232557
83.232557
83.232557
83.232557
83.232557
83.232557
83.232557
83.232557
83.232557
83.232557
83.232557
83.232557
83.232557
83.232557
83.232557
83.232557
83.232557
83.232557
83.232557
83.232557
83.232557
83.232557
83.232557
83.232557
83.232557
83.232557
83.232557
83.232557
83.232557
83.232557
83.232557
83.232557
83.232557
83.232557
83.232557
83.232557
83.232557
83.232557
83.232557
83.232557
83.232557
83.232557
83.232557
83.232557
83.232557
83.232557
83.232557
83.232557
83.232557
83.232557
83.484691
83.484691
83.484691
83.484691
83.484691
83.484691
83.484691
83.484691
83.484691
83.484691
83.484691
83.484691
83.484691
83.484691
83.484691
83.484691
83.484691
83.484691
83.484691
83.484691
83.484691
83.484691
83.484691
83.484691
83.484691
83.484691
83.484691
83.484691
83.484691
83.484691
83.484691
83.484691
83.484691
83.484691
83.484691
83.484691
83.484691
83.484691
83.484691
83.484691
83.484691
83.484691
83.484691
83.484691
83.484691
83.484691
83.484691
83.484691
83.484691
83.484691
83.484691
83.484691
83.484691
83.484691
83.484691
83.484691
83.484691
83.484691
83.484691
83.484691
83.484691
83.484691
83.484691
83.484691
83.484691
83.484691
83.484691
83.484691
83.484691
83.484691
83.484691
83.484691
83.484691
83.484691
83.484691
83.484691
83.484691
83.484691
83.484691
83.484691
83.484691
83.484691
83.484691
83.484691
83.484691
83.484691
83.484691
83.484691
83.484691
83.484691
83.484691
83.484691
83.484691
83.484691
83.484691
83.484691
83.484691
83.484691
83.484691
83.484691
83.484691
83.484691
83.484691
83.484691
83.484691
83.484691
83.484691
83.484691
83.484691
83.484691
83.484691
83.484691
83.484691
83.484691
83.484691
83.484691
83.484691
83.484691
83.484691
83.484691
83.484691
83.484691
83.484691
83.484691
83.484691
83.484691
83.484691
83.484691
83.484691
83.484691
83.484691
83.484691
83.484691
83.484691
83.484691
83.484691
83.484691
83.484691
83.484691
83.484691
83.484691
83.484691
83.484691
83.484691
83.484691
83.484691
83.484691
83.484691
83.484691
83.484691
83.484691
83.484691
83.484691
83.484691
83.484691
83.484691
83.484691
83.484691
83.368032
83.368032
83.368032
83.368032
83.368032
83.368032
83.368032
83.368032
83.368032
83.368032
83.368032
83.368032
83.368032
83.368032
83.368032
83.368032
83.368032
83.368032
83.368032
83.368032
83.368032
83.368032
83.368032
83.368032
83.368032
83.368032
83.368032
83.368032
83.368032
83.368032
83.368032
83.368032
83.368032
83.368032
83.368032
83.368032
83.368032
83.368032
83.368032
83.368032
83.368032
83.368032
83.368032
83.368032
83.368032
83.368032
83.368032
83.368032
83.368032
83.368032
83.368032
83.368032
83.368032
83.368032
83.178642
83.178642
83.178642
83.178642
83.178642
83.178642
83.178642
83.178642
83.178642
83.178642
83.178642
83.178642
83.178642
83.178642
83.178642
83.178642
83.178642
83.178642
83.178642
83.178642
83.178642
83.178642
83.178642
83.178642
83.178642
83.178642
83.178642
83.178642
83.178642
83.178642
83.178642
83.178642
83.178642
83.178642
83.178642
83.178642
83.178642
83.178642
83.178642
83.178642
83.178642
83.178642
83.178642
83.178642
83.178642
83.178642
83.178642
83.178642
83.178642
83.178642
83.178642
83.178642
83.178642
83.178642
83.178642
83.178642
83.178642
83.178642
83.178642
83.178642
83.178642
83.178642
83.178642
83.178642
83.178642
83.178642
83.178642
83.178642
83.178642
83.178642
83.178642
83.178642
83.178642
83.178642
83.178642
83.178642
83.178642
83.178642
83.178642
83.112655
83.112655
83.112655
83.112655
83.112655
83.112655
83.112655
83.112655
83.112655
83.112655
83.112655
83.112655
83.112655
83.112655
83.112655
83.112655
83.112655
83.112655
83.112655
83.112655
83.112655
83.112655
83.112655
83.112655
83.112655
83.112655
83.112655
83.112655
83.112655
83.112655
83.112655
83.112655
83.112655
83.112655
83.112655
83.112655
83.112655
83.112655
83.112655
83.112655
83.112655
83.112655
83.112655
83.112655
83.112655
83.112655
83.112655
83.112655
83.112655
83.112655
83.112655
83.112655
82.536850
82.536850
82.536850
82.536850
82.536850
82.536850
82.536850
82.536850
82.536850
82.536850
82.536850
82.536850
82.536850
82.536850
82.536850
82.536850
82.536850
82.536850
82.536850
82.536850
82.536850
82.536850
82.536850
82.536850
82.536850
82.536850
82.536850
82.536850
82.536850
82.536850
82.536850
82.536850
82.536850
82.536850
82.536850
82.536850
82.536850
82.536850
82.536850
82.536850
82.536850
82.536850
82.536850
82.536850
82.536850
82.536850
82.536850
82.536850
82.536850
82.536850
82.536850
82.536850
82.536850
82.536850
82.536850
82.536850
82.536850
82.536850
82.536850
82.536850
82.536850
82.536850
82.536850
82.536850
82.536850
82.536850
82.536850
82.536850
82.536850
82.536850
82.536850
82.536850
82.536850
82.536850
82.536850
82.536850
82.536850
82.536850
82.536850
82.536850
82.536850
82.536850
82.536850
82.536850
82.536850
82.536850
82.536850
82.536850
82.536850
82.536850
82.536850
82.536850
82.536850
82.536850
82.536850
82.536850
82.536850
82.536850
82.536850
82.536850
82.536850
82.536850
82.536850
82.536850
82.536850
82.536850
82.536850
82.536850
82.536850
82.536850
82.536850
82.536850
82.536850
82.536850
82.536850
82.536850
82.536850
82.536850
82.536850
82.536850
82.536850
82.536850
82.536850
82.536850
82.536850
82.536850
82.536850
82.536850
82.536850
82.536850
82.536850
82.536850
82.536850
82.536850
82.536850
82.536850
82.536850
82.536850
82.536850
82.536850
82.536850
82.536850
82.536850
82.536850
82.536850
82.536850
82.536850
82.536850
82.536850
82.536850
82.536850
82.536850
82.536850
82.536850
82.536850
82.536850
82.536850
82.536850
82.536850
82.536850
82.536850
82.536850
82.536850
82.536850
82.536850
82.536850
82.536850
82.536850
82.536850
82.536850
82.536850
82.536850
82.536850
82.536850
82.536850
82.536850
82.536850
82.536850
82.536850
82.536850
82.536850
82.536850
82.536850
82.536850
82.536850
82.536850
82.536850
82.536850
82.536850
82.536850
82.536850
82.536850
82.536850
82.536850
82.536850
82.536850
82.536850
82.536850
82.536850
82.536850
82.536850
82.536850
82.536850
82.536850
82.536850
82.536850
82.536850
82.536850
82.536850
82.536850
82.536850
82.536850
82.536850
82.536850
82.536850
82.536850
82.536850
82.536850
82.536850
82.536850
82.536850
82.536850
82.536850
82.536850
82.536850
82.536850
82.536850
82.536850
82.536850
82.536850
82.536850
82.536850
82.536850
82.536850
82.536850
82.305317
82.305317
82.305317
82.305317
82.305317
82.305317
82.305317
82.305317
82.305317
82.305317
82.305317
82.305317
82.305317
82.305317
82.305317
82.305317
82.305317
82.305317
82.305317
82.305317
82.305317
82.305317
82.305317
82.305317
82.305317
82.305317
82.305317
82.305317
82.305317
82.305317
82.305317
82.305317
82.305317
82.305317
82.305317
82.305317
82.305317
82.305317
82.305317
82.305317
82.305317
82.305317
82.305317
82.305317
82.305317
82.305317
82.305317
82.305317
82.305317
82.305317
82.305317
82.305317
82.305317
82.305317
82.305317
82.305317
82.305317
82.305317
82.305317
82.305317
82.305317
82.305317
82.305317
82.305317
82.305317
82.305317
82.305317
82.305317
82.305317
82.305317
82.305317
82.305317
82.305317
82.305317
82.305317
82.305317
82.305317
82.305317
82.305317
82.305317
82.305317
82.305317
82.305317
82.305317
82.305317
82.305317
82.305317
82.305317
82.305317
82.305317
82.305317
82.305317
82.305317
82.305317
82.305317
82.305317
82.305317
82.305317
82.305317
82.305317
82.305317
82.305317
82.305317
82.305317
82.305317
82.305317
82.305317
82.305317
82.305317
82.305317
82.305317
82.305317
82.305317
82.305317
82.305317
82.305317
82.305317
82.305317
82.305317
82.290269
82.290269
82.290269
82.290269
82.290269
82.290269
82.290269
82.290269
82.290269
82.290269
82.290269
82.290269
82.290269
82.290269
82.290269
82.290269
82.290269
82.290269
82.290269
82.290269
82.290269
82.290269
82.290269
82.290269
82.290269
82.290269
82.290269
82.290269
82.290269
82.339851
82.339851
82.339851
82.339851
82.339851
82.339851
82.339851
82.339851
82.339851
82.339851
82.339851
82.339851
82.339851
82.339851
82.339851
82.589864
82.589864
82.589864
82.589864
82.589864
82.589864
82.589864
82.589864
82.589864
82.589864
82.589864
82.589864
82.589864
82.589864
82.589864
82.589864
82.589864
82.589864
82.589864
82.589864
82.589864
82.589864
82.589864
82.589864
82.589864
82.589864
82.589864
82.589864
82.589864
82.589864
82.589864
82.589864
82.589864
82.589864
82.589864
82.589864
82.589864
82.589864
82.589864
82.589864
82.589864
82.589864
82.589864
82.589864
82.589864
82.589864
82.557816
82.557816
82.557816
82.557816
82.557816
82.557816
82.557816
82.557816
82.557816
82.557816
82.557816
82.557816
82.557816
82.557816
82.557816
82.557816
82.557816
82.557816
82.557816
82.557816
82.557816
82.557816
82.557816
82.557816
82.557816
82.557816
82.557816
82.557816
82.557816
82.557816
82.557816
82.557816
82.557816
82.557816
82.557816
82.557816
82.557816
82.557816
82.557816
82.557816
82.557816
82.557816
82.557816
82.557816
82.557816
82.557816
82.557816
82.557816
82.557816
82.557816
82.557816
82.557816
82.557816
82.557816
82.557816
82.557816
82.557816
82.557816
82.557816
82.557816
82.557816
82.557816
82.557816
82.557816
82.557816
82.557816
82.557816
82.557816
82.557816
82.557816
82.557816
82.557816
82.557816
82.557816
82.557816
82.557816
82.557816
82.557816
82.557816
82.557816
82.557816
82.557816
82.557816
82.557816
82.557816
82.557816
82.557816
82.557816
82.557816
82.557816
82.557816
82.557816
82.557816
82.557816
82.557816
82.557816
82.136968
82.136968
82.136968
82.136968
82.136968
82.136968
82.136968
82.136968
82.136968
82.136968
82.136968
82.136968
82.136968
82.136968
82.136968
82.136968
82.136968
82.136968
82.136968
82.136968
82.136968
82.136968
82.136968
82.136968
82.136968
82.136968
82.136968
82.136968
82.136968
82.136968
82.136968
82.136968
82.136968
82.136968
82.136968
82.136968
82.136968
82.136968
82.136968
82.136968
82.136968
82.136968
82.062208
82.062208
82.062208
82.062208
82.062208
82.062208
82.062208
82.062208
82.062208
82.062208
82.062208
82.062208
82.062208
82.062208
82.062208
82.062208
82.062208
82.062208
82.062208
82.062208
82.062208
82.062208
82.062208
82.062208
82.062208
82.062208
82.062208
82.062208
82.062208
82.062208
82.062208
82.062208
82.062208
82.062208
82.062208
82.062208
82.062208
82.062208
82.062208
82.062208
82.062208
82.062208
82.062208
82.062208
82.062208
82.062208
82.062208
82.062208
82.062208
82.062208
82.062208
82.062208
82.062208
82.062208
82.062208
82.062208
82.062208
82.062208
82.062208
82.062208
82.062208
82.062208
82.062208
82.062208
82.062208
82.062208
82.062208
82.062208
82.062208
82.062208
82.062208
82.062208
82.062208
82.062208
82.062208
82.062208
82.062208
82.062208
82.062208
82.062208
82.062208
82.062208
82.062208
82.062208
82.062208
82.062208
82.062208
82.062208
82.062208
82.062208
82.062208
82.062208
82.062208
82.062208
82.062208
82.062208
82.062208
82.062208
82.062208
82.062208
82.062208
82.062208
82.062208
82.062208
82.062208
82.062208
82.062208
82.062208
82.062208
82.062208
82.062208
82.062208
82.062208
82.062208
82.062208
82.062208
82.062208
82.062208
82.062208
82.062208
82.062208
82.062208
82.062208
82.062208
82.062208
82.062208
82.062208
82.062208
82.062208
82.062208
82.062208
82.062208
82.062208
82.062208
82.062208
82.062208
82.062208
82.062208
82.062208
82.062208
82.062208
82.062208
82.062208
82.062208
82.062208
82.062208
82.062208
82.062208
82.062208
82.062208
82.062208
82.062208
82.062208
82.062208
82.062208
82.062208
82.062208
82.062208
82.062208
82.062208
82.062208
82.062208
82.062208
82.062208
82.062208
82.062208
82.062208
82.062208
82.062208
82.062208
82.062208
82.062208
82.062208
82.062208
82.062208
82.062208
82.062208
82.062208
82.062208
82.062208
82.062208
82.062208
82.062208
82.062208
82.062208
82.062208
82.062208
82.062208
82.062208
82.062208
82.062208
82.062208
82.062208
82.062208
82.062208
82.062208
82.062208
82.062208
82.062208
82.062208
82.062208
82.062208
82.062208
82.062208
82.062208
82.062208
82.062208
82.062208
82.062208
82.062208
82.062208
82.062208
82.062208
82.062208
82.062208
82.062208
82.062208
82.062208
82.062208
82.062208
82.062208
82.062208
82.062208
82.062208
82.062208
82.062208
82.062208
82.062208
82.062208
82.062208
82.062208
82.062208
82.062208
82.062208
82.062208
82.062208
82.062208
82.062208
82.062208
82.062208
82.062208
82.062208
82.062208
82.062208
82.062208
82.062208
82.062208
82.062208
82.062208
82.062208
82.062208
82.062208
82.062208
82.062208
82.062208
82.062208
82.062208
82.062208
82.062208
82.062208
82.062208
82.062208
82.062208
82.062208
