407.178852
381.301713
361.151478
347.108717
327.741645
309.928786
296.597241
284.478248
271.504943
259.570201
248.096531
239.798198
228.263609
219.308355
212.473815
204.750228
193.789957
187.474440
183.436753
175.508127
167.788741
162.955962
157.541339
149.424696
141.520120
136.939723
129.171256
124.760978
119.065539
112.718314
107.888146
104.140402
99.403580
95.686133
91.556579
87.722423
85.267851
80.843836
78.336604
76.493164
73.885366
70.492412
67.947688
65.035364
63.490620
60.563726
57.661958
55.315342
53.429347
51.958818
50.193656
48.700592
46.990161
44.964496
43.290273
41.456224
39.876025
38.059502
36.824689
35.053337
33.500277
32.025304
30.939433
29.656953
28.890230
27.356134
25.950006
24.985674
24.022395
23.108990
21.523944
20.446579
19.767055
18.987719
18.244319
17.679890
16.802438
16.175924
15.348716
14.665657
14.320775
14.033417
13.700605
13.221801
12.670042
12.242467
11.806693
11.375842
10.947544
10.474697
9.746849
9.714099
9.489285
9.302583
9.123359
8.861800
8.657181
8.326251
8.002531
7.779690
7.474336
7.075986
6.789656
6.408435
6.278190
6.040978
5.726911
5.526386
5.265178
5.190985
5.022776
4.951475
4.742206
4.668779
4.509104
4.442730
4.304256
4.133874
4.050439
3.987159
3.825150
3.637359
3.535816
3.373561
3.255573
3.221638
3.098432
3.004553
2.918009
2.855319
2.781259
2.680857
2.570523
2.521800
2.405904
2.359888
2.316797
2.263402
2.280288
2.158984
2.124165
2.074373
2.009899
1.930642
1.901862
1.838262
1.772679
1.752702
1.705335
1.708226
1.679400
1.609755
1.569142
1.534783
1.515748
1.494884
1.476800
1.410356
1.351128
1.316563
1.300060
1.271856
1.264429
1.256987
1.193133
1.181638
1.188817
1.166077
1.155457
1.133068
1.101622
1.093566
1.086390
1.074214
1.040913
1.015450
1.001352
0.971703
0.934521
0.907822
0.874150
0.881622
0.864596
0.870446
0.849735
0.853741
0.844002
0.846380
0.828410
0.815245
0.811420
0.776580
0.764975
0.761647
0.754698
0.742556
0.722153
0.738069
0.726475
0.728059
0.712122
0.704744
0.687138
0.685308
0.680274
0.660431
0.648125
0.642805
0.628771
0.620037
0.610147
0.589475
0.565135
0.544121
0.525752
0.516746
0.508329
0.491648
0.478377
0.471493
0.463139
0.440721
0.434098
0.429697
0.417006
0.410799
0.410474
0.398314
0.397162
0.381846
0.373119
0.371557
0.362425
0.357626
0.354399
0.351257
0.345274
0.338148
0.337962
0.339907
0.330674
0.330539
0.323574
0.324207
0.316644
0.314435
0.310239
0.306836
0.295017
0.293784
0.295180
0.286641
0.277039
0.273841
0.270029
0.271407
0.260625
0.256176
0.256012
0.254752
0.244605
0.244722
0.244977
0.241008
0.247958
0.249250
0.243857
0.237810
0.230827
0.226362
0.216364
0.212382
0.207863
0.203180
0.195657
0.196712
0.194561
0.191990
0.190552
0.186478
0.179781
0.177375
0.170065
0.163650
0.160582
0.157727
0.158680
0.157747
0.155867
0.153923
0.151196
0.149113
0.149886
0.150247
0.146486
0.141736
0.142265
0.135750
0.136747
0.135042
0.134343
0.134731
0.133102
0.132973
0.130789
0.126771
0.122486
0.118374
0.118254
0.115384
0.115476
0.117084
0.117189
0.119407
0.118772
0.121201
0.121761
0.121876
0.116246
0.119346
0.122264
0.122659
0.121141
0.113581
0.114082
0.111926
0.111750
0.110493
0.109229
0.109265
0.110520
0.106364
0.108481
0.111776
0.114455
0.108783
0.103185
0.102665
0.103156
0.096907
0.096804
0.094451
0.094764
0.094163
0.092302
0.089996
0.088917
0.084692
0.083695
0.085052
0.085086
0.083421
0.081983
0.082284
0.083154
0.080926
0.079536
0.080694
0.080555
0.081860
0.078372
0.080107
0.078772
0.080865
0.075747
0.074664
0.072596
0.070777
0.070528
0.070632
0.070085
0.069371
0.070682
0.071205
0.072378
0.070755
0.071614
0.073986
0.077370
0.074714
0.075449
0.076738
0.071794
0.068317
0.067502
0.063215
0.065327
0.064425
0.063970
0.064877
0.066283
0.067046
0.067709
0.066967
0.064539
0.063379
0.061771
0.062462
0.061829
0.060451
0.060764
0.064126
0.063025
0.067557
0.069351
0.065756
0.066351
0.068259
0.069814
0.073268
0.065112
0.063618
0.059546
0.057469
0.053223
0.052132
0.045335
0.043390
0.040969
0.039655
0.038906
0.037114
0.036366
0.035593
0.035539
0.034889
0.034448
0.034059
0.034423
0.036052
0.034559
0.033979
0.034262
0.033567
0.032776
0.031591
0.031751
0.032336
0.031691
0.032193
0.032322
0.031311
0.030758
0.030951
0.030231
0.030807
0.030673
0.028756
0.028664
0.029135
0.028988
0.028597
0.027807
0.027790
0.027221
0.027454
0.027817
0.028541
0.028014
0.027940
0.028137
0.027429
0.027184
0.027243
0.028031
0.027264
0.027800
0.027183
0.026375
0.025847
0.025548
0.024653
0.025671
0.026045
0.025171
0.025913
0.026428
0.026336
0.026342
0.026826
0.026659
0.026949
0.027566
0.028321
0.027302
0.026382
0.026608
0.026101
0.024530
0.023973
0.023894
0.024526
0.024767
0.024975
0.024744
0.024506
0.025418
0.025440
0.026474
0.026092
0.027285
0.029374
0.029497
0.029782
0.031109
0.032224
0.031551
0.029988
0.030580
0.032681
0.036783
0.038464
0.037336
0.034881
0.036572
0.036226
0.034561
0.037708
0.036863
0.042109
0.041246
0.035957
0.037321
0.036073
0.036977
0.036843
0.035234
0.036325
0.038678
0.039884
0.047449
0.043419
0.046478
0.045812
0.045504
0.044975
0.043688
0.037381
0.033329
0.033366
0.030208
0.028215
0.027765
0.025933
0.024135
0.023069
0.022042
0.020083
0.019589
0.018655
0.017753
0.016333
0.015640
0.015110
0.014257
0.013963
0.013268
0.013469
0.013169
0.012860
0.012832
0.012997
0.013227
0.012962
0.012067
0.011996
0.011813
0.011788
0.012171
0.011794
0.011716
0.011708
0.012252
0.012119
0.012088
0.011930
0.011592
0.011247
0.011243
0.011292
0.010796
0.010644
0.010647
0.011001
0.010384
0.010334
0.010087
0.009721
0.008812
0.008936
0.009054
0.008470
0.008297
0.008303
0.007863
0.007588
0.007478
0.006874
0.007146
0.007036
0.006985
0.006870
0.006933
0.007076
0.007151
0.006908
0.006995
0.006750
0.006522
0.006213
0.006022
0.006066
0.006096
0.005939
0.005918
0.005896
0.005563
0.005508
0.005328
0.005284
0.005181
0.004938
0.004837
0.004847
0.004596
0.004773
0.004775
0.004943
0.004988
0.004985
0.004973
0.004735
0.004693
0.004633
0.004472
0.004446
0.004477
0.004536
0.004584
0.004611
0.004741
0.004909
0.004868
0.004890
0.004812
0.004765
0.004599
0.004535
0.004529
0.004402
0.004205
0.004095
0.004127
0.004182
0.004196
0.004128
0.004122
0.003922
0.003769
0.003767
0.003739
0.003740
0.003684
0.003746
0.003722
0.003640
0.003683
0.003625
0.003847
0.003821
0.003832
0.004154
0.004257
0.004130
0.004206
0.004177
0.004176
0.004132
0.004126
0.004178
0.004426
0.004286
0.003975
0.003789
0.003630
0.003477
0.003541
0.003576
0.003792
0.003801
0.003872
0.003729
0.003589
0.003534
0.003467
0.003393
0.003578
0.003581
0.003407
0.003206
0.003336
0.003222
0.003077
0.003127
0.003113
0.003050
0.003082
0.003134
0.003160
0.003214
0.003142
0.003029
0.003029
0.003076
0.003009
0.002893
0.002826
0.002842
0.002911
0.002987
0.002945
0.003029
0.003000
0.003067
0.003106
0.003116
0.003109
0.002951
0.002959
0.003026
0.002930
0.002870
0.002873
0.002943
0.003019
0.003076
0.003077
0.003149
0.003186
0.003200
0.002946
0.003069
0.002931
0.002945
0.002938
0.002777
0.002811
0.002866
0.002791
0.002725
0.002688
0.002767
0.002688
0.002683
0.002785
0.002738
0.002773
0.002826
0.002797
0.002835
0.002606
0.002723
0.002743
0.002767
0.002685
0.002498
0.002386
0.002352
0.002331
0.002394
0.002288
0.002252
0.002261
0.002327
0.002236
0.002176
0.002264
0.002240
0.002122
0.002085
0.002125
0.002127
0.001981
0.002009
0.002037
0.002054
0.002160
0.002083
0.002132
0.002164
0.002182
0.002215
0.002306
0.002238
0.002320
0.002469
0.002501
0.002649
0.002699
0.002706
0.002558
0.002490
0.002480
0.002334
0.002322
0.002278
0.002375
0.002408
0.002575
0.002434
0.002750
0.002959
0.003162
0.003431
0.003080
0.003055
0.003217
0.003151
0.003348
0.003787
0.003757
0.003371
0.003252
0.003316
0.003489
0.003575
0.003506
0.003102
0.003016
0.003166
0.003143
0.002962
0.003129
0.003174
0.003284
0.003435
0.003533
0.004049
0.003432
0.002931
0.002839
0.002925
0.002964
0.002819
0.003124
0.003149
0.002930
0.002930
0.003276
0.003682
0.003797
0.003968
0.004387
0.004751
0.005546
0.004629
0.004924
0.005203
0.006515
0.006281
0.006403
0.007631
0.008270
0.009280
0.009307
0.009115
0.008608
0.007966
0.009305
0.010483
0.010550
0.011016
0.010903
0.010830
0.010176
0.012581
0.012258
0.012369
0.012033
0.012272
0.011950
0.010460
0.009747
0.010707
0.011475
0.012154
0.013340
0.013936
0.015680
0.014798
0.015848
0.018941
0.020939
0.022353
0.023568
0.024326
0.021540
0.023318
0.020893
0.021518
0.017363
0.018036
0.017810
0.018676
0.019122
0.022321
0.021961
0.022300
0.020361
0.024537
0.028389
0.026436
0.022359
0.020448
0.012696
0.011567
0.009083
0.008371
0.006035
0.004932
0.004932
0.003891
0.003499
0.003389
0.002818
0.002209
0.002344
0.002318
0.002139
0.002042
0.001885
0.001784
0.001768
0.001617
0.001628
0.001577
0.001578
0.001607
0.001558
0.001578
0.001630
0.001546
0.001442
0.001392
0.001419
0.001313
0.001354
0.001399
0.001271
0.001260
0.001299
0.001177
0.001183
0.001136
0.001035
0.001013
0.001042
0.001070
0.001025
0.000985
0.000957
0.000920
0.000917
0.000907
0.000909
0.000914
0.000812
0.000792
0.000804
0.000765
0.000778
0.000725
0.000718
0.000743
0.000736
0.000713
0.000719
0.000731
0.000677
0.000714
0.000745
0.000705
0.000670
0.000658
0.000662
0.000661
0.000706
0.000663
0.000622
0.000587
0.000567
0.000565
0.000574
0.000605
0.000584
0.000624
0.000636
0.000642
0.000598
0.000558
0.000521
0.000500
0.000500
0.000530
0.000553
0.000546
0.000504
0.000495
0.000477
0.000472
0.000463
0.000478
0.000486
0.000463
0.000497
0.000491
0.000476
0.000428
0.000435
0.000434
0.000427
0.000437
0.000416
0.000387
0.000388
0.000394
0.000382
0.000396
0.000412
0.000407
0.000412
0.000405
0.000426
0.000404
0.000380
0.000392
0.000387
0.000400
0.000419
0.000427
0.000418
0.000391
0.000395
0.000399
0.000390
0.000408
0.000393
0.000396
0.000400
0.000401
0.000416
0.000410
0.000400
0.000367
0.000342
0.000359
0.000362
0.000339
0.000315
0.000301
0.000323
0.000316
0.000280
0.000285
0.000291
0.000279
0.000274
0.000263
0.000269
0.000270
0.000264
0.000258
0.000242
0.000231
0.000224
0.000201
0.000194
0.000188
0.000187
0.000183
0.000178
0.000179
0.000185
0.000190
0.000195
0.000200
0.000203
0.000198
0.000183
0.000177
0.000181
0.000176
0.000170
0.000168
0.000166
0.000163
0.000155
0.000151
0.000153
0.000144
0.000141
0.000145
0.000144
0.000153
0.000153
0.000156
0.000154
0.000159
0.000172
0.000178
0.000180
0.000193
0.000193
0.000196
0.000190
0.000169
0.000190
0.000179
0.000175
0.000173
0.000167
0.000161
0.000153
0.000150
0.000143
0.000138
0.000147
0.000145
0.000145
0.000146
0.000148
0.000152
0.000151
0.000148
0.000148
0.000141
0.000134
0.000140
0.000144
0.000142
0.000136
0.000141
0.000139
0.000133
0.000136
0.000139
0.000127
0.000115
0.000108
0.000105
0.000099
0.000099
0.000101
0.000100
0.000103
0.000105
0.000113
0.000119
0.000120
0.000132
0.000133
0.000134
0.000142
0.000138
0.000137
0.000142
0.000136
0.000131
0.000130
0.000135
0.000149
0.000146
0.000131
0.000131
0.000133
0.000133
0.000132
0.000126
0.000114
0.000112
0.000110
0.000118
0.000125
0.000125
0.000115
0.000109
0.000098
0.000096
0.000095
0.000090
0.000092
0.000091
0.000090
0.000084
0.000087
0.000092
0.000089
0.000089
0.000094
0.000090
0.000089
0.000091
0.000094
0.000096
0.000094
0.000103
0.000106
0.000100
0.000093
0.000089
0.000080
0.000081
0.000086
0.000088
0.000084
0.000091
0.000091
0.000096
0.000090
0.000084
0.000079
0.000076
0.000075
0.000076
0.000083
0.000091
0.000093
0.000100
0.000102
0.000110
0.000103
0.000103
0.000097
0.000099
0.000103
0.000109
0.000103
0.000113
0.000109
0.000103
0.000094
0.000096
0.000100
0.000091
0.000084
0.000085
0.000080
0.000076
0.000077
0.000083
0.000084
0.000078
0.000077
0.000078
0.000078
0.000070
0.000073
0.000068
0.000065
0.000062
0.000062
0.000065
0.000060
0.000065
0.000060
0.000065
0.000073
0.000076
0.000076
0.000071
0.000072
0.000065
0.000074
0.000080
0.000080
0.000080
0.000076
0.000077
0.000075
0.000078
0.000083
0.000083
0.000089
0.000089
0.000089
0.000090
0.000097
0.000103
0.000112
0.000104
0.000100
0.000098
0.000097
0.000102
0.000118
0.000103
0.000116
0.000110
0.000102
0.000108
0.000100
0.000112
0.000108
0.000101
0.000092
0.000097
0.000100
0.000098
0.000105
0.000114
0.000107
0.000106
0.000115
0.000111
0.000100
0.000099
0.000093
0.000098
0.000102
0.000110
0.000107
0.000108
0.000122
0.000125
0.000142
0.000157
0.000159
0.000179
0.000213
0.000225
0.000255
0.000234
0.000228
0.000256
0.000239
0.000282
0.000266
0.000291
0.000272
0.000312
0.000297
0.000364
0.000362
0.000395
0.000413
0.000407
0.000469
0.000461
0.000534
0.000503
0.000502
0.000560
0.000576
0.000649
0.000529
0.000597
0.000733
0.000811
0.000772
0.000755
0.000689
0.000730
0.000696
0.000787
0.000806
0.000859
0.000699
0.000747
0.000771
0.000855
0.000807
0.000797
0.000728
0.000701
0.000601
0.000616
0.000686
0.000749
0.000765
0.000906
0.000728
0.000774
0.000681
0.000676
0.000848
0.000801
0.000885
0.000761
0.000809
0.000780
0.000837
0.000919
0.000760
0.000830
0.000774
0.000832
0.000847
0.000852
0.000911
0.000908
0.000765
0.000834
0.000817
0.000685
0.000793
0.000837
0.000832
0.000785
0.000870
0.000695
0.000643
0.000587
0.000615
0.000514
0.000574
0.000604
0.000613
0.000667
0.000780
0.000742
0.000985
0.000968
0.000899
0.000916
0.000950
0.000860
0.000879
0.001013
0.000882
0.000908
0.000904
0.001135
0.001112
0.001256
0.001268
0.001286
0.001299
0.001307
0.001369
0.001279
0.001167
0.001292
0.001385
0.001361
0.001431
0.001390
0.001304
0.001503
0.001642
0.001981
0.001907
0.001890
0.002111
0.002385
0.002171
0.002472
0.002451
0.002689
0.002837
0.002976
0.002739
0.003107
0.003367
0.004031
0.003553
0.003997
0.004629
0.005184
0.005469
0.006291
0.006036
0.005829
0.006025
0.006143
0.006375
0.005737
0.005723
0.005740
0.007051
0.007336
0.007505
0.008047
0.008574
0.010411
0.008906
0.010091
0.011835
0.015091
0.014915
0.018006
0.017792
0.016146
0.018750
0.019758
0.018918
0.016065
0.019824
0.019411
0.019137
0.018872
0.018494
0.016504
0.017773
0.018442
0.020827
0.024473
0.027776
0.024948
0.023545
0.021967
0.021042
0.021511
0.021582
0.022293
0.022615
0.023210
0.024905
0.027546
0.028625
0.026758
0.026712
0.027486
0.025552
0.028522
0.032176
0.036556
0.041719
0.035911
0.032977
0.024987
0.021574
0.017955
0.014806
0.011746
0.010886
0.009024
0.008167
0.006986
0.004909
0.003933
0.002472
0.001869
0.001312
0.001121
0.000891
0.000682
0.000599
0.000561
0.000494
0.000446
0.000354
0.000336
0.000316
0.000290
0.000275
0.000208
0.000173
0.000141
0.000138
0.000138
0.000129
0.000114
0.000105
0.000098
0.000107
0.000105
0.000103
0.000102
0.000099
0.000103
0.000111
0.000106
0.000104
0.000103
0.000091
0.000086
0.000090
0.000089
0.000090
0.000086
0.000077
0.000081
0.000064
0.000073
0.000072
0.000073
0.000065
0.000065
0.000064
0.000060
0.000062
0.000051
0.000045
0.000044
0.000046
0.000044
0.000040
0.000043
0.000043
0.000041
0.000039
0.000042
0.000041
0.000046
0.000045
0.000039
0.000036
0.000035
0.000034
0.000031
0.000032
0.000034
0.000035
0.000039
0.000039
0.000039
0.000040
0.000040
0.000036
0.000041
0.000043
0.000043
0.000049
0.000048
0.000043
0.000041
0.000043
0.000042
0.000044
0.000045
0.000047
0.000042
0.000037
0.000037
0.000040
0.000035
0.000031
0.000031
0.000029
0.000026
0.000026
0.000028
0.000027
0.000027
0.000025
0.000026
0.000026
0.000028
0.000028
0.000026
0.000027
0.000027
0.000024
0.000027
0.000029
0.000029
0.000029
0.000032
0.000035
0.000037
0.000035
0.000034
0.000032
0.000033
0.000029
0.000033
0.000036
0.000036
0.000032
0.000034
0.000032
0.000034
0.000034
0.000035
0.000040
0.000045
0.000044
0.000042
0.000042
0.000040
0.000037
0.000034
0.000032
0.000034
0.000035
0.000038
0.000037
0.000039
0.000043
0.000043
0.000041
0.000039
0.000036
0.000030
0.000028
0.000028
0.000029
0.000030
0.000029
0.000030
0.000027
0.000028
0.000029
0.000031
0.000032
0.000032
0.000034
0.000030
0.000032
0.000031
0.000031
0.000033
0.000033
0.000037
0.000039
0.000034
0.000034
0.000037
0.000037
0.000034
0.000032
0.000034
0.000038
0.000039
0.000036
0.000036
0.000035
0.000037
0.000041
0.000046
0.000045
0.000044
0.000045
0.000042
0.000045
0.000052
0.000060
0.000054
0.000058
0.000058
0.000060
0.000068
0.000076
0.000066
0.000062
0.000063
0.000059
0.000058
0.000065
0.000068
0.000071
0.000072
0.000065
0.000061
0.000069
0.000070
0.000070
0.000067
0.000068
0.000068
0.000076
0.000071
0.000085
0.000073
0.000087
0.000095
0.000089
0.000092
0.000084
0.000077
0.000072
0.000076
0.000081
0.000085
0.000086
0.000089
0.000092
0.000083
0.000095
0.000090
0.000095
0.000093
0.000090
0.000093
0.000100
0.000091
0.000101
0.000110
0.000087
0.000091
0.000099
0.000100
0.000110
0.000120
0.000135
0.000138
0.000150
0.000151
0.000150
0.000157
0.000174
0.000192
0.000233
0.000214
0.000217
0.000180
0.000164
0.000167
0.000154
0.000149
0.000169
0.000179
0.000183
0.000170
0.000171
0.000171
0.000183
0.000197
0.000192
0.000197
0.000207
0.000235
0.000249
0.000250
0.000195
0.000223
0.000268
0.000288
0.000332
0.000314
0.000312
0.000290
0.000291
0.000269
0.000292
0.000302
0.000305
0.000334
0.000388
0.000406
0.000429
0.000431
0.000441
0.000417
0.000372
0.000371
0.000457
0.000475
0.000574
0.000590
0.000625
0.000528
0.000508
0.000515
0.000537
0.000512
0.000596
0.000674
0.000718
0.000642
0.000655
0.000659
0.000659
0.000758
0.000825
0.000695
0.000730
0.000754
0.000705
0.000632
0.000725
0.000855
0.000925
0.000989
0.001059
0.001022
0.001128
0.001070
0.001123
0.001159
0.001060
0.001059
0.001097
0.001164
0.001272
0.001635
0.001605
0.001790
0.001730
0.001930
0.001751
0.001801
0.001821
0.002001
0.002141
0.002075
0.001985
0.001574
0.001542
0.001648
0.001556
0.001720
0.002116
0.001818
0.001769
0.001955
0.002198
0.002043
0.002174
0.002047
0.002354
0.002013
0.002149
0.002291
0.002546
0.002821
0.002580
0.002539
0.002795
0.002479
0.002384
0.002454
0.002866
0.003079
0.003039
0.002708
0.002970
0.003126
0.003381
0.003747
0.004334
0.004185
0.003986
0.003795
0.003900
0.003614
0.003992
0.004362
0.004419
0.004584
0.004352
0.005229
0.005250
0.004882
0.005343
0.005202
0.005014
0.005822
0.005727
0.005786
0.006231
0.005478
0.005724
0.005357
0.005152
0.005181
0.004874
0.004161
0.003323
0.002935
0.002499
0.002145
0.001798
0.001547
0.001307
0.001132
0.000923
0.000726
0.000572
0.000381
0.000354
0.000260
0.000259
0.000229
0.000192
0.000157
0.000141
0.000103
0.000101
0.000091
0.000083
0.000074
0.000070
0.000065
0.000056
0.000052
0.000044
0.000047
0.000044
0.000042
0.000037
0.000035
0.000033
0.000030
0.000029
0.000029
0.000031
0.000029
0.000031
0.000029
0.000031
0.000029
0.000027
0.000028
0.000025
0.000023
0.000022
0.000020
0.000021
0.000022
0.000021
0.000019
0.000017
0.000017
0.000017
0.000015
0.000014
0.000014
0.000015
0.000014
0.000015
0.000016
0.000017
0.000016
0.000017
0.000019
0.000017
0.000016
0.000016
0.000014
0.000014
0.000012
0.000011
0.000011
0.000011
0.000012
0.000012
0.000011
0.000009
0.000009
0.000010
0.000011
0.000010
0.000010
0.000010
0.000010
0.000010
0.000010
0.000010
0.000012
0.000011
0.000011
0.000010
0.000010
0.000010
0.000009
0.000009
0.000009
0.000010
0.000009
0.000009
0.000009
0.000010
0.000010
0.000011
0.000009
0.000010
0.000009
0.000010
0.000010
0.000010
0.000010
0.000009
0.000009
0.000009
0.000008
0.000008
0.000008
0.000008
0.000007
0.000007
0.000007
0.000006
0.000006
0.000006
0.000006
0.000006
0.000006
0.000006
0.000006
0.000006
0.000006
0.000007
0.000007
0.000007
0.000007
0.000007
0.000007
0.000007
0.000006
0.000006
0.000007
0.000006
0.000007
0.000007
0.000006
0.000006
0.000006
0.000006
0.000006
0.000007
0.000007
0.000008
0.000008
0.000008
0.000008
0.000008
0.000008
0.000010
0.000011
0.000010
0.000011
0.000012
0.000014
0.000015
0.000017
0.000017
0.000015
0.000019
0.000022
0.000021
0.000020
0.000022
0.000020
0.000019
0.000018
0.000016
0.000019
0.000022
0.000024
0.000026
0.000027
0.000029
0.000025
0.000023
0.000020
0.000019
0.000019
0.000019
0.000023
0.000024
0.000026
0.000025
0.000029
0.000032
0.000031
0.000034
0.000036
0.000037
0.000034
0.000040
0.000047
0.000048
0.000050
0.000055
0.000054
0.000045
0.000051
0.000053
0.000060
0.000061
0.000073
0.000078
0.000080
0.000084
0.000102
0.000087
0.000082
0.000105
0.000121
0.000120
0.000125
0.000125
0.000137
0.000136
0.000096
0.000096
0.000110
0.000124
0.000129
0.000143
0.000151
0.000161
0.000169
0.000158
0.000161
0.000163
0.000184
0.000186
0.000198
0.000218
0.000233
0.000249
0.000252
0.000243
0.000218
0.000267
0.000273
0.000260
0.000258
0.000290
0.000300
0.000286
0.000327
0.000324
0.000358
0.000378
0.000376
0.000332
0.000317
0.000344
0.000395
0.000450
0.000427
0.000387
0.000412
0.000429
0.000430
0.000409
0.000516
0.000435
0.000445
0.000455
0.000487
0.000463
0.000445
0.000497
0.000526
0.000488
0.000518
0.000549
0.000509
0.000524
0.000508
0.000524
0.000554
0.000589
0.000560
0.000585
0.000552
0.000509
0.000470
0.000437
0.000427
0.000387
0.000335
0.000332
0.000319
0.000249
0.000248
0.000271
0.000279
0.000287
0.000302
0.000291
0.000333
0.000308
0.000332
0.000289
0.000302
0.000268
0.000325
0.000344
0.000357
0.000381
0.000413
0.000409
0.000476
0.000574
0.000481
0.000425
0.000463
0.000507
0.000474
0.000469
0.000543
0.000529
0.000551
0.000573
0.000664
0.000718
0.000757
0.000809
0.000803
0.000796
0.000734
0.000738
0.000698
0.000700
0.000799
0.000851
0.000953
0.000991
0.001085
0.001024
0.001001
0.000771
0.000813
0.000918
0.000902
0.001120
0.001036
0.000947
0.000981
0.000990
0.000853
0.000704
0.000533
0.000348
0.000294
0.000262
0.000203
0.000194
0.000135
0.000104
0.000097
0.000086
0.000076
0.000059
0.000046
0.000034
0.000030
0.000026
0.000022
0.000020
0.000018
0.000014
0.000012
0.000012
0.000011
0.000010
0.000009
0.000009
0.000009
0.000008
0.000007
0.000006
0.000007
0.000007
0.000007
0.000007
0.000007
0.000006
0.000006
0.000006
0.000007
0.000006
0.000005
0.000006
0.000006
0.000007
0.000007
0.000007
0.000007
0.000007
0.000007
0.000007
0.000007
0.000007
0.000007
0.000008
0.000008
0.000009
0.000010
0.000010
0.000009
0.000008
0.000009
0.000009
0.000007
0.000007
0.000008
0.000007
0.000006
0.000006
0.000006
0.000006
0.000006
0.000006
0.000006
0.000006
0.000006
0.000006
0.000005
0.000006
0.000005
0.000006
0.000006
0.000007
0.000008
0.000008
0.000007
0.000007
0.000007
0.000007
0.000008
0.000007
0.000007
0.000007
0.000008
0.000008
0.000007
0.000007
0.000008
0.000008
0.000008
0.000007
0.000008
0.000008
0.000008
0.000008
0.000008
0.000008
0.000008
0.000008
0.000008
0.000008
0.000008
0.000009
0.000008
0.000008
0.000007
0.000008
0.000008
0.000007
0.000007
0.000008
0.000007
0.000007
0.000007
0.000006
0.000006
0.000006
0.000006
0.000006
0.000005
0.000005
0.000005
0.000005
0.000005
0.000005
0.000005
0.000005
0.000005
0.000005
0.000004
0.000005
0.000005
0.000005
0.000006
0.000008
0.000007
0.000007
0.000006
0.000006
0.000006
0.000006
0.000006
0.000006
0.000006
0.000006
0.000006
0.000006
0.000007
0.000006
0.000006
0.000006
0.000006
0.000007
0.000006
0.000006
0.000006
0.000006
0.000006
0.000006
0.000006
0.000006
0.000006
0.000007
0.000008
0.000008
0.000009
0.000010
0.000009
0.000009
0.000009
0.000009
0.000009
0.000011
0.000012
0.000010
0.000009
0.000009
0.000009
0.000010
0.000012
0.000012
0.000015
0.000014
0.000013
0.000013
0.000013
0.000012
0.000011
0.000012
0.000013
0.000013
0.000014
0.000016
0.000016
0.000015
0.000019
0.000017
0.000015
0.000015
0.000016
0.000014
0.000016
0.000016
0.000015
0.000015
0.000015
0.000013
0.000015
0.000016
0.000017
0.000019
0.000021
0.000020
0.000018
0.000019
0.000018
0.000017
0.000019
0.000018
0.000016
0.000019
0.000021
0.000020
0.000022
0.000020
0.000020
0.000021
0.000022
0.000025
0.000023
0.000027
0.000026
0.000031
0.000029
0.000029
0.000035
0.000034
0.000029
0.000036
0.000037
0.000044
0.000040
0.000038
0.000036
0.000040
0.000044
0.000048
0.000047
0.000051
0.000051
0.000057
0.000059
0.000063
0.000069
0.000073
0.000070
0.000065
0.000064
0.000056
0.000063
0.000054
0.000056
0.000057
0.000057
0.000059
0.000067
0.000063
0.000070
0.000070
0.000073
0.000074
0.000079
0.000089
0.000093
0.000101
0.000105
0.000103
0.000109
0.000129
0.000113
0.000132
0.000131
0.000120
0.000130
0.000123
0.000121
0.000138
0.000138
0.000151
0.000158
0.000147
0.000116
0.000123
0.000161
0.000186
0.000207
0.000227
0.000194
0.000216
0.000218
0.000227
0.000238
0.000236
0.000263
0.000241
0.000224
0.000236
0.000260
0.000273
0.000243
0.000268
0.000274
0.000270
0.000255
0.000163
0.000156
0.000191
0.000176
0.000188
0.000199
0.000190
0.000168
0.000170
0.000165
0.000148
0.000139
0.000121
0.000101
0.000095
0.000067
0.000058
0.000042
0.000032
0.000027
0.000024
0.000019
0.000016
0.000013
0.000012
0.000012
0.000012
0.000008
0.000006
0.000007
0.000006
0.000007
0.000006
0.000007
0.000007
0.000007
0.000006
0.000006
0.000006
0.000006
0.000006
0.000005
0.000005
0.000005
0.000004
0.000004
0.000004
0.000004
0.000003
0.000003
0.000003
0.000003
0.000002
0.000002
0.000002
0.000002
0.000002
0.000002
0.000002
0.000002
0.000002
0.000001
0.000001
0.000001
0.000001
0.000001
0.000001
0.000001
0.000001
0.000001
0.000001
0.000001
0.000001
0.000001
0.000001
0.000001
0.000001
0.000001
0.000001
0.000001
0.000001
0.000001
0.000001
0.000001
0.000001
0.000001
0.000001
0.000001
0.000001
0.000001
0.000001
0.000001
0.000001
0.000001
0.000001
0.000001
0.000001
0.000001
0.000001
0.000001
0.000001
0.000001
0.000001
0.000001
0.000001
0.000001
0.000001
0.000001
0.000001
0.000001
0.000001
0.000001
0.000001
0.000001
0.000001
0.000001
0.000001
0.000001
0.000001
0.000001
0.000001
0.000001
0.000001
0.000001
0.000001
0.000001
0.000001
0.000001
0.000001
0.000001
0.000001
0.000001
0.000001
0.000001
0.000001
0.000001
0.000001
0.000001
0.000001
0.000001
0.000001
0.000001
0.000001
0.000001
0.000001
0.000001
0.000001
0.000001
0.000001
0.000001
0.000001
0.000001
0.000002
0.000002
0.000001
0.000001
0.000001
0.000001
0.000001
0.000001
0.000001
0.000001
0.000001
0.000001
0.000001
0.000001
0.000001
0.000001
0.000001
0.000001
0.000001
0.000001
0.000001
0.000002
0.000002
0.000002
0.000002
0.000002
0.000002
0.000003
0.000002
0.000003
0.000002
0.000003
0.000003
0.000003
0.000003
0.000003
0.000003
0.000004
0.000004
0.000004
0.000004
0.000004
0.000004
0.000004
0.000005
0.000004
0.000004
0.000004
0.000004
0.000004
0.000004
0.000004
0.000004
0.000005
0.000005
0.000005
0.000006
0.000007
0.000006
0.000005
0.000006
0.000006
0.000007
0.000007
0.000007
0.000007
0.000006
0.000006
0.000006
0.000006
0.000006
0.000006
0.000007
0.000007
0.000007
0.000007
0.000007
0.000007
0.000007
0.000007
0.000007
0.000008
0.000007
0.000007
0.000006
0.000007
0.000007
0.000007
0.000008
0.000008
0.000009
0.000011
0.000012
0.000012
0.000011
0.000010
0.000010
0.000009
0.000009
0.000010
0.000011
0.000009
0.000008
0.000008
0.000008
0.000008
0.000008
0.000008
0.000009
0.000009
0.000010
0.000009
0.000010
0.000011
0.000011
0.000011
0.000011
0.000010
0.000010
0.000011
0.000010
0.000010
0.000011
0.000011
0.000011
0.000012
0.000011
0.000012
0.000014
0.000018
0.000015
0.000015
0.000013
0.000017
0.000016
0.000016
0.000015
0.000015
0.000016
0.000016
0.000014
0.000013
0.000014
0.000018
0.000018
0.000021
0.000023
0.000021
0.000023
0.000021
0.000024
0.000024
0.000023
0.000020
0.000021
0.000021
0.000023
0.000024
0.000023
0.000024
0.000028
0.000028
0.000030
0.000031
0.000034
0.000038
0.000040
0.000030
0.000025
0.000024
0.000022
0.000024
0.000028
0.000034
0.000034
0.000035
0.000039
0.000037
0.000036
0.000033
0.000038
0.000039
0.000045
0.000046
0.000043
0.000044
0.000048
0.000048
0.000049
0.000048
0.000054
0.000055
0.000053
0.000055
0.000059
0.000049
0.000037
0.000034
0.000028
0.000021
0.000015
0.000012
0.000008
0.000006
0.000005
0.000004
0.000004
0.000003
0.000002
0.000002
0.000002
0.000002
0.000002
0.000002
0.000002
0.000001
0.000001
0.000001
0.000001
0.000001
0.000001
0.000001
0.000001
0.000001
0.000001
0.000001
0.000001
0.000001
0.000001
0.000001
0.000001
0.000000
0.000000
0.000000
0.000000
0.000000
0.000000
0.000000
0.000000
0.000000
0.000000
0.000000
0.000000
0.000000
0.000000
0.000000
0.000000
0.000000
0.000000
0.000000
0.000000
0.000000
0.000000
0.000000
0.000000
0.000001
0.000001
0.000001
0.000001
0.000001
0.000001
0.000001
0.000001
0.000001
0.000001
0.000001
0.000001
0.000001
0.000001
0.000001
0.000001
0.000001
0.000001
0.000001
0.000001
0.000001
0.000001
0.000001
0.000001
0.000002
0.000002
0.000002
0.000002
0.000002
0.000003
0.000003
0.000003
0.000003
0.000004
0.000004
0.000004
0.000003
0.000004
0.000003
0.000003
0.000003
0.000004
0.000003
0.000004
0.000003
0.000003
0.000003
0.000003
0.000003
0.000004
0.000003
0.000003
0.000003
0.000003
0.000003
0.000003
0.000003
0.000004
0.000004
0.000004
0.000005
0.000004
0.000005
0.000005
0.000005
0.000006
0.000005
0.000005
0.000005
0.000005
0.000006
0.000006
0.000006
0.000006
0.000006
0.000007
0.000007
0.000006
0.000006
0.000005
0.000006
0.000006
0.000006
0.000006
0.000006
0.000006
0.000005
0.000005
0.000005
0.000006
0.000006
0.000005
0.000005
0.000005
0.000005
0.000006
0.000005
0.000006
0.000006
0.000006
0.000006
0.000006
0.000006
0.000005
0.000005
0.000005
0.000005
0.000005
0.000005
0.000005
0.000006
0.000006
0.000007
0.000007
0.000007
0.000007
0.000007
0.000007
0.000007
0.000008
0.000009
0.000008
0.000008
0.000008
0.000008
0.000010
0.000010
0.000012
0.000012
0.000016
0.000013
0.000013
0.000013
0.000010
0.000009
0.000008
0.000006
0.000006
0.000004
0.000004
0.000004
0.000003
0.000002
0.000002
0.000002
0.000001
0.000001
0.000001
0.000001
0.000001
0.000001
0.000001
0.000000
0.000000
0.000000
0.000000
0.000000
0.000000
0.000000
0.000000
0.000000
0.000000
0.000000
0.000000
0.000000
0.000000
0.000000
0.000000
0.000000
0.000000
0.000000
0.000000
0.000000
0.000000
0.000000
0.000000
0.000000
0.000000
0.000000
0.000000
0.000000
0.000000
0.000000
0.000000
0.000000
0.000000
0.000000
0.000000
0.000000
0.000000
0.000000
0.000000
0.000000
0.000000
0.000000
0.000000
0.000000
0.000000
0.000000
0.000000
0.000000
0.000000
0.000000
0.000000
0.000000
0.000000
0.000000
0.000000
0.000000
0.000000
0.000000
0.000000
0.000000
0.000000
0.000000
0.000000
0.000000
0.000000
0.000000
0.000000
0.000000
0.000000
0.000000
0.000000
0.000000
0.000000
0.000000
0.000000
0.000000
0.000000
0.000000
0.000000
0.000000
0.000000
0.000000
0.000000
0.000000
0.000000
0.000000
0.000000
0.000000
0.000001
0.000001
0.000001
0.000000
0.000000
0.000000
0.000000
0.000001
0.000001
0.000001
0.000000
0.000000
0.000001
0.000000
0.000000
0.000000
0.000000
0.000000
0.000000
0.000000
0.000000
0.000001
0.000001
0.000000
0.000000
0.000001
0.000001
0.000001
0.000001
0.000001
0.000001
0.000000
0.000001
0.000001
0.000001
0.000001
0.000001
0.000001
0.000001
0.000001
0.000001
0.000001
0.000001
0.000001
0.000001
0.000001
0.000001
0.000001
0.000001
0.000001
0.000001
0.000001
0.000001
0.000001
0.000001
0.000001
0.000001
0.000001
0.000001
0.000001
0.000001
0.000001
0.000001
0.000001
0.000001
0.000001
0.000001
0.000001
0.000001
0.000001
0.000001
0.000001
0.000001
0.000001
0.000001
0.000001
0.000001
0.000001
0.000001
0.000001
0.000001
0.000001
0.000001
0.000001
0.000001
0.000002
0.000002
0.000002
0.000002
0.000002
0.000002
0.000002
0.000002
0.000003
0.000003
0.000003
0.000003
0.000003
0.000003
0.000002
0.000003
0.000003
0.000003
0.000003
0.000004
0.000003
0.000003
0.000002
0.000002
0.000002
0.000002
0.000001
0.000001
0.000001
0.000001
0.000001
0.000000
0.000000
0.000000
0.000000
0.000000
0.000000
0.000000
0.000000
0.000000
0.000000
0.000000
0.000000
0.000000
0.000000
0.000000
0.000000
0.000000
0.000000
0.000000
0.000000
0.000000
0.000000
0.000000
0.000000
0.000000
0.000000
0.000000
0.000000
0.000000
0.000000
0.000000
0.000000
0.000000
0.000000
0.000000
0.000000
0.000000
0.000000
0.000000
0.000000
0.000000
0.000000
0.000000
0.000000
0.000000
0.000000
0.000000
0.000000
0.000000
0.000000
0.000000
0.000000
0.000000
0.000000
0.000000
0.000000
0.000000
0.000000
0.000000
0.000000
0.000000
0.000000
0.000000
0.000000
0.000000
0.000000
0.000000
0.000000
0.000000
0.000000
0.000000
0.000000
0.000000
0.000000
0.000000
0.000000
0.000000
0.000000
0.000000
0.000000
0.000000
0.000000
0.000000
0.000000
0.000000
0.000000
0.000000
0.000000
0.000000
0.000000
0.000000
0.000000
0.000000
0.000000
0.000000
0.000000
0.000000
0.000000
0.000000
0.000000
0.000000
0.000000
0.000000
0.000000
0.000001
0.000001
0.000001
0.000001
0.000001
0.000001
0.000001
0.000000
0.000000
0.000000
0.000000
0.000000
0.000000
0.000000
0.000000
0.000000
0.000000
0.000000
0.000000
0.000000
0.000000
0.000000
0.000000
0.000000
0.000000
0.000000
0.000000
0.000000
0.000000
0.000000
0.000000
0.000000
0.000000
0.000000
0.000000
0.000000
0.000000
0.000000
0.000000
0.000000
0.000000
0.000000
0.000000
0.000000
0.000000
0.000000
0.000000
0.000000
0.000000
0.000000
0.000000
0.000000
0.000000
0.000000
0.000000
0.000000
0.000000
0.000000
0.000000
0.000000
0.000000
0.000000
0.000000
0.000000
0.000000
0.000000
0.000000
0.000000
0.000000
0.000000
0.000000
0.000000
0.000000
0.000000
0.000000
0.000000
0.000000
0.000000
0.000000
0.000000
0.000000
0.000000
0.000000
0.000000
0.000000
0.000000
0.000000
0.000000
0.000000
0.000000
0.000000
0.000000
0.000000
0.000000
0.000000
0.000000
0.000000
0.000000
0.000000
0.000000
0.000000
0.000000
0.000000
0.000000
0.000000
0.000000
0.000000
0.000000
0.000000
0.000000
0.000000
0.000000
0.000000
0.000000
0.000000
0.000000
0.000000
0.000000
0.000000
0.000000
0.000000
0.000000
0.000000
0.000000
0.000000
0.000000
0.000000
0.000000
0.000000
0.000000
0.000000
0.000000
0.000000
0.000000
0.000000
0.000000
0.000000
0.000000
0.000000
0.000000
0.000000
0.000000
0.000000
0.000000
0.000000
0.000000
0.000000
0.000000
0.000000
0.000000
0.000000
0.000000
0.000000
0.000000
0.000000
0.000000
0.000000
0.000000
0.000000
0.000000
0.000000
0.000000
0.000000
0.000000
0.000000
0.000000
0.000000
0.000000
0.000000
0.000000
0.000000
0.000000
0.000000
0.000000
0.000000
0.000000
0.000000
0.000000
0.000000
0.000000
0.000000
0.000000
0.000000
0.000000
0.000000
0.000000
0.000000
0.000000
0.000000
0.000000
0.000000
0.000000
0.000000
0.000000
0.000000
0.000000
0.000000
0.000000
0.000000
0.000000
0.000000
0.000000
0.000000
0.000000
0.000000
0.000000
0.000000
0.000000
0.000000
0.000000
0.000000
0.000000
0.000000
0.000000
0.000000
0.000000
0.000000
0.000000
0.000000
0.000000
0.000000
0.000000
0.000000
0.000000
0.000000
0.000000
0.000000
0.000000
0.000000
0.000000
0.000000
0.000000
0.000000
0.000000
0.000000
0.000000
0.000000
0.000000
0.000000
0.000000
0.000000
0.000000
0.000000
0.000000
0.000000
0.000000
0.000000
0.000000
0.000000
0.000000
0.000000
0.000000
0.000000
0.000000
0.000000
0.000000
0.000000
0.000000
0.000000
0.000000
0.000000
0.000000
0.000000
0.000000
0.000000
0.000000
0.000000
0.000000
0.000000
0.000000
0.000000
0.000000
0.000000
0.000000
0.000000
0.000000
0.000000
0.000000
0.000000
0.000000
0.000000
0.000000
0.000000
0.000000
0.000000
0.000000
0.000000
0.000000
0.000000
0.000000
0.000000
0.000000
0.000000
0.000000
0.000000
0.000000
0.000000
0.000000
0.000000
0.000000
0.000000
0.000000
0.000000
0.000000
0.000000
0.000000
0.000000
0.000000
0.000000
0.000000
0.000000
0.000000
0.000000
0.000000
0.000000
0.000000
0.000000
0.000000
0.000000
0.000000
0.000000
0.000000
0.000000
0.000000
0.000000
0.000000
0.000000
0.000000
0.000000
0.000000
0.000000
0.000000
0.000000
0.000000
0.000000
0.000000
0.000000
0.000000
0.000000
0.000000
0.000000
0.000000
0.000000
0.000000
0.000000
0.000000
0.000000
0.000000
0.000000
0.000000
0.000000
0.000000
0.000000
0.000000
0.000000
0.000000
0.000000
0.000000
0.000000
0.000000
0.000000
0.000000
0.000000
0.000000
0.000000
0.000000
0.000000
0.000000
0.000000
0.000000
0.000000
0.000000
0.000000
0.000000
0.000000
0.000000
0.000000
0.000000
0.000000
0.000000
0.000000
0.000000
0.000000
0.000000
0.000000
0.000000
0.000000
0.000000
0.000000
0.000000
0.000000
0.000000
0.000000
0.000000
0.000000
0.000000
0.000000
0.000000
0.000000
0.000000
0.000000
0.000000
0.000000
0.000000
0.000000
0.000000
0.000000
0.000000
0.000000
0.000000
0.000000
0.000000
0.000000
0.000000
0.000000
0.000000
0.000000
0.000000
0.000000
0.000000
0.000000
0.000000
0.000000
0.000000
0.000000
0.000000
0.000000
0.000000
0.000000
0.000000
0.000000
0.000000
0.000000
0.000000
0.000000
0.000000
0.000000
0.000000
0.000000
0.000000
0.000000
0.000000
0.000000
0.000000
0.000000
0.000000
0.000000
0.000000
0.000000
0.000000
0.000000
0.000000
0.000000
0.000000
0.000000
0.000000
0.000000
0.000000
0.000000
0.000000
0.000000
0.000000
0.000000
0.000000
0.000000
0.000000
0.000000
0.000000
0.000000
0.000000
0.000000
0.000000
0.000000
0.000000
0.000000
0.000000
0.000000
0.000000
0.000000
0.000000
0.000000
0.000000
0.000000
0.000000
0.000000
0.000000
0.000000
0.000000
0.000000
0.000000
0.000000
0.000000
0.000000
0.000000
0.000000
0.000000
0.000000
0.000000
0.000000
0.000000
0.000000
0.000000
0.000000
0.000000
0.000000
0.000000
0.000000
0.000000
0.000000
0.000000
0.000000
0.000000
0.000000
0.000000
0.000000
0.000000
0.000000
0.000000
0.000000
0.000000
0.000000
0.000000
0.000000
0.000000
0.000000
0.000000
0.000000
0.000000
0.000000
0.000000
0.000000
0.000000
0.000000
0.000000
0.000000
0.000000
0.000000
0.000000
0.000000
0.000000
0.000000
0.000000
0.000000
0.000000
0.000000
0.000000
0.000000
0.000000
0.000000
0.000000
0.000000
0.000000
0.000000
0.000000
0.000000
0.000000
0.000000
0.000000
0.000000
0.000000
0.000000
0.000000
0.000000
0.000000
0.000000
0.000000
0.000000
0.000000
0.000000
0.000000
0.000000
0.000000
0.000000
0.000000
0.000000
0.000000
0.000000
0.000000
0.000000
0.000000
0.000000
0.000000
0.000000
0.000000
0.000000
0.000000
0.000000
0.000000
0.000000
0.000000
0.000000
0.000000
0.000000
0.000000
0.000000
0.000000
0.000000
0.000000
0.000000
0.000000
0.000000
0.000000
0.000000
0.000000
0.000000
0.000000
0.000000
0.000000
0.000000
0.000000
0.000000
0.000000
0.000000
0.000000
0.000000
0.000000
0.000000
0.000000
0.000000
0.000000
0.000000
0.000000
0.000000
0.000000
0.000000
0.000000
0.000000
0.000000
0.000000
0.000000
0.000000
0.000000
0.000000
0.000000
0.000000
0.000000
0.000000
0.000000
0.000000
0.000000
0.000000
0.000000
0.000000
0.000000
0.000000
0.000000
0.000000
0.000000
0.000000
0.000000
0.000000
0.000000
0.000000
0.000000
0.000000
0.000000
0.000000
0.000000
0.000000
0.000000
0.000000
0.000000
0.000000
0.000000
0.000000
0.000000
0.000000
0.000000
0.000000
0.000000
0.000000
0.000000
0.000000
0.000000
0.000000
0.000000
0.000000
0.000000
0.000000
0.000000
0.000000
0.000000
0.000000
0.000000
0.000000
0.000000
0.000000
0.000000
0.000000
0.000000
0.000000
0.000000
0.000000
0.000000
0.000000
0.000000
0.000000
0.000000
0.000000
0.000000
0.000000
0.000000
0.000000
0.000000
0.000000
0.000000
0.000000
0.000000
0.000000
0.000000
0.000000
0.000000
0.000000
0.000000
0.000000
0.000000
0.000000
0.000000
0.000000
0.000000
0.000000
0.000000
0.000000
0.000000
0.000000
0.000000
0.000000
0.000000
0.000000
0.000000
0.000000
0.000000
0.000000
0.000000
0.000000
0.000000
0.000000
0.000000
0.000000
0.000000
0.000000
0.000000
0.000000
0.000000
0.000000
0.000000
0.000000
0.000000
0.000000
0.000000
0.000000
0.000000
0.000000
0.000000
0.000000
0.000000
0.000000
0.000000
0.000000
0.000000
0.000000
0.000000
0.000000
0.000000
0.000000
0.000000
0.000000
0.000000
0.000000
0.000000
0.000000
0.000000
0.000000
0.000000
0.000000
0.000000
0.000000
0.000000
0.000000
0.000000
0.000000
0.000000
0.000000
0.000000
0.000000
0.000000
0.000000
0.000000
0.000000
0.000000
0.000000
0.000000
0.000000
0.000000
0.000000
0.000000
0.000000
0.000000
0.000000
0.000000
0.000000
0.000000
0.000000
0.000000
0.000000
0.000000
0.000000
0.000000
0.000000
0.000000
0.000000
0.000000
0.000000
0.000000
0.000000
0.000000
0.000000
0.000000
0.000000
0.000000
0.000000
0.000000
0.000000
0.000000
0.000000
0.000000
0.000000
0.000000
0.000000
0.000000
0.000000
0.000000
0.000000
0.000000
0.000000
0.000000
0.000000
0.000000
0.000000
0.000000
0.000000
0.000000
0.000000
0.000000
0.000000
0.000000
0.000000
0.000000
0.000000
0.000000
0.000000
0.000000
0.000000
0.000000
0.000000
0.000000
0.000000
0.000000
0.000000
0.000000
0.000000
0.000000
0.000000
0.000000
0.000000
0.000000
0.000000
0.000000
0.000000
0.000000
0.000000
0.000000
0.000000
0.000000
0.000000
0.000000
0.000000
0.000000
0.000000
0.000000
0.000000
0.000000
0.000000
0.000000
0.000000
0.000000
0.000000
0.000000
0.000000
0.000000
0.000000
0.000000
0.000000
0.000000
0.000000
0.000000
0.000000
0.000000
0.000000
0.000000
0.000000
0.000000
0.000000
0.000000
0.000000
0.000000
0.000000
0.000000
0.000000
0.000000
0.000000
0.000000
0.000000
0.000000
0.000000
0.000000
0.000000
0.000000
0.000000
0.000000
0.000000
0.000000
0.000000
0.000000
0.000000
0.000000
0.000000
0.000000
0.000000
0.000000
0.000000
0.000000
0.000000
0.000000
0.000000
0.000000
0.000000
0.000000
0.000000
0.000000
0.000000
0.000000
0.000000
0.000000
0.000000
0.000000
0.000000
0.000000
0.000000
0.000000
0.000000
0.000000
0.000000
0.000000
0.000000
0.000000
0.000000
0.000000
0.000000
0.000000
0.000000
0.000000
0.000000
0.000000
0.000000
0.000000
0.000000
0.000000
0.000000
0.000000
0.000000
0.000000
0.000000
0.000000
0.000000
0.000000
0.000000
0.000000
0.000000
0.000000
0.000000
0.000000
0.000000
0.000000
0.000000
0.000000
0.000000
0.000000
0.000000
0.000000
0.000000
0.000000
0.000000
0.000000
0.000000
0.000000
0.000000
0.000000
0.000000
0.000000
0.000000
0.000000
0.000000
0.000000
0.000000
0.000000
0.000000
0.000000
0.000000
0.000000
0.000000
0.000000
0.000000
0.000000
0.000000
0.000000
0.000000
0.000000
0.000000
0.000000
0.000000
0.000000
0.000000
0.000000
0.000000
0.000000
0.000000
0.000000
0.000000
0.000000
0.000000
0.000000
0.000000
0.000000
0.000000
0.000000
0.000000
0.000000
0.000000
0.000000
0.000000
0.000000
0.000000
0.000000
0.000000
0.000000
0.000000
0.000000
0.000000
0.000000
0.000000
0.000000
0.000000
0.000000
0.000000
0.000000
0.000000
0.000000
0.000000
0.000000
0.000000
0.000000
0.000000
0.000000
0.000000
0.000000
0.000000
0.000000
0.000000
0.000000
0.000000
0.000000
0.000000
0.000000
0.000000
0.000000
0.000000
0.000000
0.000000
0.000000
0.000000
0.000000
0.000000
0.000000
0.000000
0.000000
0.000000
0.000000
0.000000
0.000000
0.000000
0.000000
0.000000
0.000000
0.000000
0.000000
0.000000
0.000000
0.000000
0.000000
0.000000
0.000000
0.000000
0.000000
0.000000
0.000000
0.000000
0.000000
0.000000
0.000000
0.000000
0.000000
0.000000
0.000000
0.000000
0.000000
0.000000
0.000000
0.000000
0.000000
0.000000
0.000000
0.000000
0.000000
0.000000
0.000000
0.000000
0.000000
0.000000
0.000000
0.000000
0.000000
0.000000
0.000000
0.000000
0.000000
0.000000
0.000000
0.000000
0.000000
0.000000
0.000000
0.000000
0.000000
0.000000
0.000000
0.000000
0.000000
0.000000
0.000000
0.000000
0.000000
0.000000
0.000000
0.000000
0.000000
0.000000
0.000000
0.000000
0.000000
0.000000
0.000000
0.000000
0.000000
0.000000
0.000000
0.000000
0.000000
0.000000
0.000000
0.000000
0.000000
0.000000
0.000000
0.000000
0.000000
0.000000
0.000000
0.000000
0.000000
0.000000
0.000000
0.000000
0.000000
0.000000
0.000000
0.000000
0.000000
0.000000
0.000000
0.000000
0.000000
0.000000
0.000000
0.000000
0.000000
0.000000
0.000000
0.000000
0.000000
0.000000
0.000000
0.000000
0.000000
0.000000
0.000000
0.000000
0.000000
0.000000
0.000000
0.000000
0.000000
0.000000
0.000000
0.000000
0.000000
0.000000
0.000000
0.000000
0.000000
0.000000
0.000000
0.000000
0.000000
0.000000
0.000000
0.000000
0.000000
0.000000
0.000000
0.000000
0.000000
0.000000
0.000000
0.000000
0.000000
0.000000
0.000000
0.000000
0.000000
0.000000
0.000000
0.000000
0.000000
0.000000
0.000000
0.000000
0.000000
0.000000
0.000000
0.000000
0.000000
0.000000
0.000000
0.000000
0.000000
0.000000
0.000000
0.000000
0.000000
0.000000
0.000000
0.000000
0.000000
0.000000
0.000000
0.000000
0.000000
0.000000
0.000000
0.000000
0.000000
0.000000
0.000000
0.000000
0.000000
0.000000
0.000000
0.000000
0.000000
0.000000
0.000000
0.000000
0.000000
0.000000
0.000000
0.000000
0.000000
0.000000
0.000000
0.000000
0.000000
0.000000
0.000000
0.000000
0.000000
0.000000
0.000000
0.000000
0.000000
0.000000
0.000000
0.000000
0.000000
0.000000
0.000000
0.000000
0.000000
0.000000
0.000000
0.000000
0.000000
0.000000
0.000000
0.000000
0.000000
0.000000
0.000000
0.000000
0.000000
0.000000
0.000000
0.000000
0.000000
0.000000
0.000000
0.000000
0.000000
0.000000
0.000000
0.000000
0.000000
0.000000
0.000000
0.000000
0.000000
0.000000
0.000000
0.000000
0.000000
0.000000
0.000000
0.000000
0.000000
0.000000
0.000000
0.000000
0.000000
0.000000
0.000000
0.000000
0.000000
0.000000
0.000000
0.000000
0.000000
0.000000
0.000000
0.000000
0.000000
0.000000
0.000000
0.000000
0.000000
0.000000
0.000000
0.000000
0.000000
0.000000
0.000000
0.000000
0.000000
0.000000
0.000000
0.000000
0.000000
0.000000
0.000000
0.000000
0.000000
0.000000
0.000000
0.000000
0.000000
0.000000
0.000000
0.000000
0.000001
0.000001
0.000001
0.000001
0.000000
0.000001
0.000000
0.000000
0.000000
0.000000
0.000000
0.000000
0.000000
0.000000
0.000000
0.000000
0.000000
0.000000
0.000000
0.000000
0.000000
0.000000
0.000000
0.000001
0.000001
0.000001
0.000001
0.000001
0.000001
0.000001
0.000001
0.000001
0.000001
0.000001
0.000001
0.000001
0.000001
0.000001
0.000000
0.000001
0.000001
0.000001
0.000001
0.000001
0.000001
0.000000
0.000000
0.000000
0.000000
0.000000
0.000000
0.000000
0.000001
0.000000
0.000000
0.000000
0.000001
0.000001
0.000001
0.000001
0.000001
0.000001
0.000001
0.000001
0.000001
0.000001
0.000001
0.000001
0.000001
0.000001
0.000001
0.000001
0.000001
0.000001
0.000001
0.000001
0.000002
0.000002
0.000002
0.000002
0.000002
0.000002
0.000002
0.000002
0.000002
0.000002
0.000002
0.000002
0.000002
0.000002
0.000002
0.000002
0.000002
0.000002
0.000002
0.000002
0.000002
0.000002
0.000002
0.000002
0.000002
0.000002
0.000002
0.000002
0.000002
0.000002
0.000002
0.000002
0.000002
0.000002
0.000002
0.000002
0.000002
0.000002
0.000002
0.000002
0.000002
0.000002
0.000002
0.000002
0.000002
0.000002
0.000002
0.000002
0.000003
0.000003
0.000003
0.000003
0.000003
0.000003
0.000003
0.000003
0.000003
0.000003
0.000004
0.000004
0.000004
0.000004
0.000006
0.000006
0.000006
0.000006
0.000006
0.000007
0.000008
0.000006
0.000006
0.000006
0.000005
0.000006
0.000006
0.000006
0.000006
0.000006
0.000006
0.000007
0.000007
0.000007
0.000006
0.000006
0.000006
0.000006
0.000006
0.000005
0.000005
0.000005
0.000005
0.000005
0.000006
0.000006
0.000007
0.000006
0.000007
0.000007
0.000007
0.000008
0.000009
0.000009
0.000010
0.000010
0.000010
0.000010
0.000010
0.000010
0.000010
0.000011
0.000012
0.000015
0.000015
0.000014
0.000013
0.000014
0.000016
0.000018
0.000018
0.000018
0.000020
0.000022
0.000025
0.000027
0.000026
0.000024
0.000022
0.000021
0.000023
0.000024
0.000026
0.000028
0.000031
0.000031
0.000037
0.000038
0.000043
0.000046
0.000046
0.000052
0.000048
0.000047
0.000048
0.000048
0.000052
0.000046
0.000043
0.000043
0.000043
0.000046
0.000050
0.000049
0.000052
0.000054
0.000060
0.000049
0.000048
0.000053
0.000060
0.000072
0.000072
0.000060
0.000059
0.000067
0.000066
0.000070
0.000061
0.000061
0.000072
0.000077
0.000067
0.000067
0.000063
0.000062
0.000059
0.000051
0.000044
0.000041
0.000044
0.000042
0.000047
0.000059
0.000067
0.000063
0.000067
0.000076
0.000067
0.000068
0.000063
0.000059
0.000052
0.000051
0.000049
0.000052
0.000044
0.000043
0.000041
0.000038
0.000045
0.000042
0.000046
0.000045
0.000048
0.000060
0.000069
0.000068
0.000068
0.000060
0.000058
0.000060
0.000065
0.000075
0.000071
0.000078
0.000074
0.000076
0.000084
0.000093
0.000093
0.000098
0.000093
0.000102
0.000116
0.000115
0.000121
0.000127
0.000129
0.000151
0.000165
0.000167
0.000172
0.000178
0.000145
0.000150
0.000180
0.000186
0.000189
0.000191
0.000196
0.000202
0.000222
0.000250
0.000247
0.000274
0.000288
0.000260
0.000238
0.000242
0.000230
0.000189
0.000210
0.000210
0.000190
0.000202
0.000189
0.000195
0.000217
0.000254
0.000252
0.000280
0.000269
0.000338
0.000328
0.000309
0.000246
0.000270
0.000313
0.000317
0.000266
0.000295
0.000238
0.000268
0.000292
0.000327
0.000371
0.000351
0.000302
0.000295
0.000334
0.000374
0.000371
0.000342
0.000339
0.000333
0.000359
0.000366
0.000387
0.000392
0.000340
0.000348
0.000326
0.000313
0.000377
0.000361
0.000333
0.000298
0.000325
0.000329
0.000347
0.000338
0.000350
0.000425
0.000408
0.000391
0.000310
0.000319
0.000318
0.000310
0.000309
0.000352
0.000348
0.000389
0.000418
0.000408
0.000405
0.000434
0.000380
0.000356
0.000376
0.000301
0.000263
0.000279
0.000260
0.000211
0.000204
0.000171
0.000187
0.000174
0.000190
0.000212
0.000198
0.000234
0.000194
0.000200
0.000209
0.000223
0.000244
0.000247
0.000224
0.000236
0.000241
0.000276
0.000262
0.000269
0.000275
0.000282
0.000247
0.000279
0.000295
0.000273
0.000332
0.000327
0.000346
0.000349
0.000336
0.000405
0.000394
0.000430
0.000361
0.000382
0.000381
0.000370
0.000407
0.000439
0.000462
0.000444
0.000403
0.000446
0.000423
0.000511
0.000498
0.000481
0.000452
0.000450
0.000369
0.000321
0.000279
0.000258
0.000296
0.000305
0.000278
0.000257
0.000275
0.000269
0.000294
0.000308
0.000235
0.000270
0.000274
0.000309
0.000313
0.000332
0.000300
0.000318
0.000281
0.000325
0.000378
0.000342
0.000358
0.000387
0.000357
0.000382
0.000397
0.000384
0.000421
0.000427
0.000428
0.000463
0.000462
0.000527
0.000559
0.000670
0.000718
0.000754
0.000746
0.000826
0.000941
0.000976
0.001086
0.001067
0.001174
0.001095
0.001000
0.000890
0.000955
0.000855
0.000858
0.000901
0.000757
0.000861
0.000889
0.001000
0.001031
0.001073
0.001207
0.001250
0.001260
0.001036
0.000880
0.000939
0.000887
0.000852
0.000764
0.000782
0.000840
0.000862
0.000749
0.000764
0.000981
0.000988
0.001043
0.001092
0.000996
0.001104
0.001068
0.001081
0.001267
0.001353
0.001322
0.001267
0.001352
0.001495
0.001679
0.001699
0.001790
0.001598
0.001409
0.001491
0.001645
0.001648
0.001461
0.001304
0.001342
0.001382
0.001298
0.001341
0.001460
0.001468
0.001765
0.001668
0.001333
0.001177
0.001151
0.001214
0.001170
0.001218
0.001269
0.001437
0.001498
0.001463
0.001409
0.001416
0.001473
0.001820
0.001954
0.001711
0.001769
0.001771
0.001825
0.001929
0.001962
0.002064
0.002077
0.002124
0.002078
0.001987
0.002138
0.001786
0.001984
0.002138
0.002026
0.002400
0.002677
0.002863
0.003070
0.003280
0.002942
0.002975
0.002864
0.003361
0.003642
0.003565
0.003151
0.003357
0.003549
0.003420
0.003018
0.002825
0.003031
0.002703
0.002815
0.002891
0.002668
0.002351
0.002585
0.002425
0.002547
0.002600
0.002907
0.003264
0.002800
0.002385
0.002305
0.002445
0.002879
0.002967
0.002972
0.003095
0.002422
0.002569
0.002663
0.002550
0.002529
0.002353
0.002180
0.002554
0.002503
0.002650
0.002630
0.002551
0.002484
0.002614
0.002962
0.003177
0.003099
0.003085
0.003194
0.003669
0.003616
0.003444
0.003279
0.003774
0.004171
0.003864
0.003568
0.003421
0.003203
0.003510
0.003708
0.004066
0.003700
0.004108
0.004601
0.005272
0.005045
0.004234
0.004331
0.004097
0.003924
0.004016
0.004238
0.004243
0.004018
0.004581
0.005367
0.005608
0.005980
0.005710
0.006031
0.005411
0.005216
0.005306
0.005910
0.006447
0.005883
0.006106
0.005908
0.006914
0.006275
0.006282
0.006088
0.005993
0.005890
0.006862
0.006570
0.007092
0.007698
0.006834
0.006278
0.007240
0.007324
0.007216
0.008076
0.008540
0.009225
0.009060
0.008547
0.010414
0.010311
0.010520
0.010388
0.011115
0.011092
0.010207
0.011026
0.011393
0.012909
0.013155
0.013993
0.013290
0.013710
0.014535
0.013676
0.013811
0.014331
0.017505
0.019944
0.022729
0.021123
0.020225
0.023348
0.024645
0.028857
0.023845
0.020031
0.014773
0.012407
0.010563
0.008910
0.007375
0.005391
0.004622
0.003762
0.003434
0.002387
0.001995
0.001519
0.001121
0.000940
0.000756
0.000461
0.000342
0.000291
0.000221
0.000174
0.000139
0.000097
0.000077
0.000071
0.000063
0.000055
0.000043
0.000038
0.000034
0.000018
0.000017
0.000011
0.000010
0.000009
0.000008
0.000005
0.000003
0.000003
0.000002
0.000002
0.000001
0.000001
0.000001
0.000001
0.000001
0.000000
0.000000
0.000000
0.000000
0.000000
0.000000
0.000000
0.000000
0.000000
0.000000
0.000000
0.000000
0.000000
0.000000
0.000000
0.000000
0.000000
0.000000
0.000000
0.000000
0.000000
0.000000
0.000000
0.000000
0.000000
0.000000
0.000000
0.000000
0.000000
0.000000
0.000000
0.000000
0.000000
0.000000
0.000000
0.000000
0.000000
0.000000
0.000000
0.000000
0.000000
0.000000
0.000000
0.000000
0.000000
0.000000
0.000000
0.000000
0.000000
0.000000
0.000000
0.000000
0.000000
0.000000
0.000000
0.000000
0.000000
0.000000
0.000000
0.000000
0.000000
0.000000
0.000000
0.000000
0.000000
0.000000
0.000000
0.000000
0.000000
0.000000
0.000000
0.000000
0.000000
0.000000
0.000000
0.000000
0.000000
0.000000
0.000000
0.000000
0.000000
0.000000
0.000000
0.000000
0.000000
0.000000
0.000000
0.000000
0.000000
0.000000
0.000000
0.000000
0.000000
0.000000
0.000000
0.000000
0.000000
0.000000
0.000000
0.000000
0.000000
0.000000
0.000000
0.000000
0.000000
0.000000
0.000000
0.000000
0.000000
0.000000
0.000000
0.000000
0.000000
0.000000
0.000000
0.000000
0.000000
0.000000
0.000000
0.000000
0.000000
0.000000
0.000000
0.000000
0.000000
0.000000
0.000000
0.000000
0.000000
0.000000
0.000000
0.000000
0.000000
0.000000
0.000000
0.000000
0.000000
0.000000
0.000000
0.000000
0.000000
0.000000
0.000000
0.000000
0.000000
0.000000
0.000000
0.000000
0.000000
0.000000
0.000000
0.000000
0.000000
0.000000
0.000000
0.000000
0.000000
0.000000
0.000000
0.000000
0.000000
0.000000
0.000000
0.000000
0.000000
0.000000
0.000000
0.000000
0.000000
0.000000
0.000000
0.000000
0.000000
0.000000
0.000000
0.000000
0.000000
0.000000
0.000000
0.000000
0.000000
0.000000
0.000000
0.000000
0.000000
0.000000
0.000000
0.000000
0.000000
0.000000
0.000000
0.000000
0.000000
0.000000
0.000000
0.000000
0.000000
0.000000
0.000000
0.000000
0.000000
0.000000
0.000000
0.000000
0.000000
0.000000
0.000000
0.000000
0.000000
0.000000
0.000000
0.000000
0.000000
0.000000
0.000000
0.000000
0.000000
0.000000
0.000000
0.000000
0.000000
0.000000
0.000000
0.000000
0.000000
0.000000
0.000000
0.000000
0.000000
0.000000
0.000000
0.000000
0.000000
0.000000
0.000000
0.000000
0.000000
0.000000
0.000000
0.000000
0.000000
0.000000
0.000000
0.000000
0.000000
0.000000
0.000000
0.000000
0.000000
0.000000
0.000000
0.000000
0.000000
0.000000
0.000000
0.000000
0.000000
0.000000
0.000000
0.000000
0.000000
0.000000
0.000000
0.000000
0.000000
0.000000
0.000000
0.000000
0.000000
0.000000
0.000000
0.000000
0.000000
0.000000
0.000000
0.000000
0.000000
0.000000
0.000000
0.000000
0.000000
0.000000
0.000000
0.000000
0.000000
0.000000
0.000000
0.000000
0.000000
0.000000
0.000000
0.000000
0.000000
0.000000
0.000000
0.000000
0.000000
0.000000
0.000000
0.000000
0.000000
0.000000
0.000000
0.000000
0.000000
0.000000
0.000000
0.000000
0.000000
0.000000
0.000000
0.000000
0.000000
0.000000
0.000000
0.000000
0.000000
0.000000
0.000000
0.000000
0.000000
0.000000
0.000000
0.000000
0.000000
0.000000
0.000000
0.000000
0.000000
0.000000
0.000000
0.000000
0.000000
0.000000
0.000000
0.000000
0.000000
0.000000
0.000000
0.000000
0.000000
0.000000
0.000000
0.000000
0.000000
0.000000
0.000000
0.000000
0.000000
0.000000
0.000000
0.000000
0.000000
0.000000
0.000000
0.000000
0.000000
0.000000
0.000000
0.000000
0.000000
0.000000
0.000000
0.000000
0.000000
0.000000
0.000000
0.000000
0.000000
0.000000
0.000000
0.000000
0.000000
0.000000
0.000000
0.000000
0.000000
0.000000
0.000000
0.000000
0.000000
0.000000
0.000000
0.000000
0.000000
0.000000
0.000000
0.000000
0.000000
0.000000
0.000000
0.000000
0.000000
0.000000
0.000000
0.000000
0.000000
0.000000
0.000000
0.000000
0.000000
0.000000
0.000000
0.000000
0.000000
0.000000
0.000000
0.000000
0.000000
0.000000
0.000000
0.000000
0.000000
0.000000
0.000000
0.000000
0.000000
0.000000
0.000000
0.000000
0.000000
0.000000
0.000000
0.000000
0.000000
0.000000
0.000000
0.000000
0.000000
0.000000
0.000000
0.000000
0.000000
0.000000
0.000000
0.000000
0.000000
0.000000
0.000000
0.000000
0.000000
0.000000
0.000000
0.000000
0.000000
0.000000
0.000000
0.000000
0.000000
0.000000
0.000000
0.000000
0.000000
0.000000
0.000000
0.000000
0.000000
0.000000
0.000000
0.000000
0.000000
0.000000
0.000000
0.000000
0.000000
0.000000
0.000000
0.000000
0.000000
0.000000
0.000000
0.000000
0.000000
0.000000
0.000000
0.000000
0.000000
0.000000
0.000000
0.000000
0.000000
0.000000
0.000000
0.000000
0.000000
0.000000
0.000000
0.000000
0.000000
0.000000
0.000000
0.000000
0.000000
0.000000
0.000000
0.000000
0.000000
0.000000
0.000000
0.000000
0.000000
0.000000
0.000000
0.000000
0.000000
0.000000
0.000000
0.000000
0.000000
0.000000
0.000000
0.000000
0.000000
0.000000
0.000000
0.000000
0.000000
0.000000
0.000000
0.000000
0.000000
0.000000
0.000000
0.000000
0.000000
0.000000
0.000000
0.000000
0.000000
0.000000
0.000000
0.000000
0.000000
0.000000
0.000000
0.000000
0.000000
0.000000
0.000000
0.000000
0.000000
0.000000
0.000000
0.000000
0.000000
0.000000
0.000000
0.000000
0.000000
0.000000
0.000000
0.000000
0.000000
0.000000
0.000000
0.000000
0.000000
0.000000
0.000000
0.000000
0.000000
0.000000
0.000000
0.000000
0.000000
0.000000
0.000000
0.000000
0.000000
0.000000
0.000000
0.000000
0.000000
0.000000
0.000000
0.000000
0.000000
0.000000
0.000000
0.000000
0.000000
0.000000
0.000000
0.000000
0.000000
0.000000
0.000000
0.000000
0.000000
0.000000
0.000000
0.000000
0.000000
0.000000
0.000000
0.000000
0.000000
0.000000
0.000000
0.000000
0.000000
0.000000
0.000000
0.000000
0.000000
0.000000
0.000000
0.000000
0.000000
0.000000
0.000000
0.000000
0.000000
0.000000
0.000000
0.000000
0.000000
0.000000
0.000000
0.000000
0.000000
0.000000
0.000000
0.000000
0.000000
0.000000
0.000000
0.000000
0.000000
0.000000
0.000000
0.000000
0.000000
0.000000
0.000000
0.000000
0.000000
0.000000
0.000000
0.000000
0.000000
0.000000
0.000000
0.000000
0.000000
0.000000
0.000000
0.000000
0.000000
0.000000
0.000000
0.000000
0.000000
0.000000
0.000000
0.000000
0.000000
0.000000
0.000000
0.000000
0.000000
0.000000
0.000000
0.000000
0.000000
0.000000
0.000000
0.000000
0.000000
0.000000
0.000000
0.000000
0.000000
0.000000
0.000000
0.000000
0.000000
0.000000
0.000000
0.000000
0.000000
0.000000
0.000000
0.000000
0.000000
0.000000
0.000000
0.000000
0.000000
0.000000
0.000000
0.000000
0.000000
0.000000
0.000000
0.000000
0.000000
0.000000
0.000000
0.000000
0.000000
0.000000
0.000000
0.000000
0.000000
0.000000
0.000000
0.000000
0.000000
0.000000
0.000000
0.000000
0.000000
0.000000
0.000000
0.000000
0.000000
0.000000
0.000000
0.000000
0.000000
0.000000
0.000000
0.000000
0.000000
0.000000
0.000000
0.000000
0.000000
0.000000
0.000000
0.000000
0.000000
0.000000
0.000000
0.000000
0.000000
0.000000
0.000000
0.000000
0.000000
0.000000
0.000000
0.000000
0.000000
0.000000
0.000000
0.000000
0.000000
0.000000
0.000000
0.000000
0.000000
0.000000
0.000000
0.000000
0.000000
0.000000
0.000000
0.000000
0.000000
0.000000
0.000000
0.000000
0.000000
0.000000
0.000000
0.000000
0.000000
0.000000
0.000000
0.000000
0.000000
0.000000
0.000000
0.000000
0.000000
0.000000
0.000000
0.000000
0.000000
0.000000
0.000000
0.000000
0.000000
0.000000
0.000000
0.000000
0.000000
0.000000
0.000000
0.000000
0.000000
0.000000
0.000000
0.000000
0.000000
0.000000
0.000000
0.000000
0.000000
0.000000
0.000000
0.000000
0.000000
0.000000
0.000000
0.000000
0.000000
0.000000
0.000000
0.000000
0.000000
0.000000
0.000000
0.000000
0.000000
0.000000
0.000000
0.000000
0.000000
0.000000
0.000000
0.000000
0.000000
0.000000
0.000000
0.000000
0.000000
0.000000
0.000000
0.000000
0.000000
0.000000
0.000000
0.000000
0.000000
0.000000
0.000000
0.000000
0.000000
0.000000
0.000000
0.000000
0.000000
0.000000
0.000000
0.000000
0.000000
0.000000
0.000000
0.000000
0.000000
0.000000
0.000000
0.000000
0.000000
0.000000
0.000000
0.000000
0.000000
0.000000
0.000000
0.000000
0.000000
0.000000
0.000000
0.000000
0.000000
0.000000
0.000000
0.000000
0.000000
0.000000
0.000000
0.000000
0.000000
0.000000
0.000000
0.000000
0.000000
0.000000
0.000000
0.000000
0.000000
0.000000
0.000000
0.000000
0.000000
0.000000
0.000000
0.000000
0.000000
0.000000
0.000000
0.000000
0.000000
0.000000
0.000000
0.000000
0.000000
0.000000
0.000000
0.000000
0.000000
0.000000
0.000000
0.000000
0.000000
0.000000
0.000000
0.000000
0.000000
0.000000
0.000000
0.000000
0.000000
0.000000
0.000000
0.000000
0.000000
0.000000
0.000000
0.000000
0.000000
0.000000
0.000000
0.000000
0.000000
0.000000
0.000000
0.000000
0.000000
0.000000
0.000000
0.000000
0.000000
0.000000
0.000000
0.000000
0.000000
0.000000
0.000000
0.000000
0.000000
0.000000
0.000000
0.000000
0.000000
0.000000
0.000000
0.000000
0.000000
0.000000
0.000000
0.000000
0.000000
0.000000
0.000000
0.000000
0.000000
0.000000
0.000000
0.000000
0.000000
0.000000
0.000000
0.000000
0.000000
0.000000
0.000000
0.000000
0.000000
0.000000
0.000000
0.000000
0.000000
0.000000
0.000000
0.000000
0.000000
0.000000
0.000000
0.000000
0.000000
0.000000
0.000000
0.000000
0.000000
0.000000
0.000000
0.000000
0.000000
0.000000
0.000000
0.000000
0.000000
0.000000
0.000000
0.000000
0.000000
0.000000
0.000000
0.000000
0.000000
0.000000
0.000000
0.000000
0.000000
0.000000
0.000000
0.000000
0.000000
0.000000
0.000000
0.000000
0.000000
0.000000
0.000000
0.000000
0.000000
0.000000
0.000000
0.000000
0.000000
0.000000
0.000000
0.000000
0.000000
0.000000
0.000000
0.000000
0.000000
0.000000
0.000000
0.000000
0.000000
0.000000
0.000000
0.000000
0.000000
0.000000
0.000000
0.000000
0.000000
0.000000
0.000000
0.000000
0.000000
0.000000
0.000000
0.000000
0.000000
0.000000
0.000000
0.000000
0.000000
0.000000
0.000000
0.000000
0.000000
0.000000
0.000000
0.000000
0.000000
0.000000
0.000000
0.000000
0.000000
0.000000
0.000000
0.000000
0.000000
0.000000
0.000000
0.000000
0.000000
0.000000
0.000000
0.000000
0.000000
0.000000
0.000000
0.000000
0.000000
0.000000
0.000000
0.000000
0.000000
0.000000
0.000000
0.000000
0.000000
0.000000
0.000000
0.000000
0.000000
0.000000
0.000000
0.000000
0.000000
0.000000
0.000000
0.000000
0.000000
0.000000
0.000000
0.000000
0.000000
0.000001
0.000001
0.000001
0.000001
0.000001
0.000001
0.000001
0.000001
0.000001
0.000001
0.000001
0.000001
0.000001
0.000001
0.000001
0.000001
0.000001
0.000001
0.000001
0.000001
0.000001
0.000001
0.000001
0.000001
0.000001
0.000001
0.000001
0.000001
0.000001
0.000001
0.000001
0.000001
0.000001
0.000001
0.000001
0.000002
0.000002
0.000001
0.000002
0.000002
0.000002
0.000002
0.000002
0.000002
0.000003
0.000003
0.000002
0.000002
0.000002
0.000002
0.000002
0.000003
0.000003
0.000003
0.000003
0.000003
0.000004
0.000004
0.000004
0.000004
0.000004
0.000003
0.000002
0.000003
0.000003
0.000004
0.000004
0.000004
0.000004
0.000004
0.000004
0.000004
0.000004
0.000005
0.000005
0.000005
0.000005
0.000005
0.000005
0.000005
0.000005
0.000005
0.000005
0.000005
0.000005
0.000005
0.000006
0.000006
0.000005
0.000006
0.000007
0.000008
0.000007
0.000008
0.000008
0.000008
0.000010
0.000011
0.000011
0.000010
0.000010
0.000011
0.000011
0.000009
0.000009
0.000009
0.000010
0.000008
0.000008
0.000009
0.000009
0.000008
0.000007
0.000009
0.000010
0.000010
0.000010
0.000008
0.000008
0.000008
0.000009
0.000010
0.000011
0.000011
0.000011
0.000012
0.000012
0.000013
0.000011
0.000011
0.000012
0.000014
0.000015
0.000016
0.000014
0.000013
0.000012
0.000012
0.000009
0.000011
0.000012
0.000013
0.000012
0.000011
0.000011
0.000012
0.000010
0.000009
0.000010
0.000012
0.000012
0.000015
0.000014
0.000015
0.000017
0.000016
0.000019
0.000024
0.000025
0.000026
0.000025
0.000029
0.000027
0.000029
0.000027
0.000024
0.000029
0.000028
0.000029
0.000027
0.000024
0.000025
0.000024
0.000029
0.000028
0.000031
0.000031
0.000033
0.000034
0.000032
0.000026
0.000027
0.000024
0.000024
0.000027
0.000026
0.000026
0.000030
0.000035
0.000041
0.000042
0.000042
0.000040
0.000041
0.000055
0.000068
0.000060
0.000058
0.000059
0.000057
0.000056
0.000056
0.000048
0.000050
0.000060
0.000055
0.000055
0.000054
0.000060
0.000064
0.000075
0.000072
0.000068
0.000065
0.000069
0.000066
0.000068
0.000063
0.000087
0.000092
0.000086
0.000079
0.000087
0.000081
0.000091
0.000107
0.000110
0.000123
0.000123
0.000132
0.000128
0.000123
0.000146
0.000175
0.000174
0.000157
0.000174
0.000199
0.000189
0.000192
0.000198
0.000230
0.000232
0.000228
0.000255
0.000243
0.000278
0.000283
0.000279
0.000275
0.000302
0.000334
0.000300
0.000396
0.000409
0.000482
0.000511
0.000464
0.000498
0.000503
0.000515
0.000544
0.000485
0.000476
0.000532
0.000560
0.000494
0.000584
0.000545
0.000606
0.000594
0.000627
0.000570
0.000575
0.000542
0.000513
0.000480
0.000468
0.000521
0.000615
0.000666
0.000667
0.000724
0.000740
0.000737
0.000803
0.000712
0.000592
0.000510
0.000594
0.000564
0.000608
0.000657
0.000646
0.000650
0.000695
0.000639
0.000641
0.000578
0.000516
0.000513
0.000562
0.000566
0.000517
0.000513
0.000454
0.000477
0.000480
0.000501
0.000542
0.000597
0.000532
0.000549
0.000532
0.000538
0.000605
0.000564
0.000602
0.000557
0.000583
0.000614
0.000720
0.000698
0.000860
0.000877
0.000988
0.001086
0.000934
0.001077
0.001042
0.001126
0.001309
0.001435
0.001578
0.001621
0.001415
0.001510
0.001449
0.001481
0.001546
0.001650
0.001271
0.001289
0.001074
0.001104
0.001305
0.001342
0.001409
0.001516
0.001406
0.001682
0.001888
0.001835
0.001795
0.001919
0.002011
0.001703
0.001747
0.001674
0.001619
0.001460
0.001398
0.001179
0.001279
0.001294
0.001284
0.001356
0.001297
0.001379
0.001448
0.001546
0.001590
0.001478
0.001370
0.001652
0.001831
0.001363
0.001126
0.000957
0.000823
0.000723
0.000550
0.000473
0.000407
0.000314
0.000271
0.000248
0.000208
0.000168
0.000129
0.000116
0.000091
0.000066
0.000047
0.000039
0.000030
0.000023
0.000015
0.000013
0.000009
0.000007
0.000005
0.000005
0.000004
0.000003
0.000003
0.000002
0.000002
0.000001
0.000001
0.000001
0.000000
0.000000
0.000000
0.000000
0.000000
0.000000
0.000000
0.000000
0.000000
0.000000
0.000000
0.000000
0.000000
0.000000
0.000000
0.000000
0.000000
0.000000
0.000000
0.000000
0.000000
0.000000
0.000000
0.000000
0.000000
0.000000
0.000000
0.000000
0.000000
0.000000
0.000000
0.000000
0.000000
0.000000
0.000000
0.000000
0.000000
0.000000
0.000000
0.000000
0.000000
0.000000
0.000000
0.000000
0.000000
0.000000
0.000000
0.000000
0.000000
0.000000
0.000000
0.000000
0.000000
0.000000
0.000000
0.000000
0.000000
0.000000
0.000000
0.000000
0.000000
0.000000
0.000000
0.000000
0.000000
0.000000
0.000000
0.000000
0.000000
0.000000
0.000000
0.000000
0.000000
0.000000
0.000000
0.000000
0.000000
0.000000
0.000000
0.000000
0.000000
0.000000
0.000000
0.000000
0.000000
0.000000
0.000000
0.000000
0.000000
0.000000
0.000000
0.000000
0.000000
0.000000
0.000000
0.000000
0.000000
0.000000
0.000000
0.000000
0.000000
0.000000
0.000000
0.000000
0.000000
0.000000
0.000000
0.000000
0.000000
0.000000
0.000000
0.000000
0.000000
0.000000
0.000000
0.000000
0.000000
0.000000
0.000000
0.000000
0.000000
0.000000
0.000000
0.000000
0.000000
0.000000
0.000000
0.000000
0.000000
0.000000
0.000000
0.000000
0.000000
0.000000
0.000000
0.000000
0.000000
0.000000
0.000000
0.000000
0.000000
0.000000
0.000000
0.000000
0.000000
0.000000
0.000000
0.000000
0.000000
0.000000
0.000000
0.000000
0.000000
0.000000
0.000000
0.000000
0.000000
0.000000
0.000000
0.000000
0.000000
0.000000
0.000000
0.000000
0.000000
0.000000
0.000000
0.000000
0.000000
0.000000
0.000000
0.000000
0.000000
0.000000
0.000000
0.000000
0.000000
0.000000
0.000000
0.000000
0.000000
0.000000
0.000000
0.000000
0.000000
0.000000
0.000000
0.000000
0.000000
0.000000
0.000000
0.000000
0.000000
0.000000
0.000000
0.000000
0.000000
0.000000
0.000000
0.000000
0.000000
0.000000
0.000000
0.000000
0.000000
0.000000
0.000000
0.000000
0.000000
0.000000
0.000000
0.000000
0.000000
0.000000
0.000000
0.000000
0.000000
0.000000
0.000000
0.000000
0.000000
0.000000
0.000000
0.000000
0.000000
0.000000
0.000000
0.000000
0.000000
0.000000
0.000000
0.000000
0.000000
0.000000
0.000000
0.000000
0.000000
0.000000
0.000000
0.000000
0.000000
0.000000
0.000000
0.000000
0.000000
0.000000
0.000000
0.000000
0.000000
0.000000
0.000000
0.000000
0.000000
0.000000
0.000000
0.000000
0.000000
0.000000
0.000000
0.000000
0.000000
0.000000
0.000000
0.000000
0.000000
0.000000
0.000000
0.000000
0.000000
0.000000
0.000000
0.000000
0.000000
0.000000
0.000000
0.000000
0.000000
0.000000
0.000000
0.000000
0.000000
0.000000
0.000000
0.000000
0.000000
0.000000
0.000000
0.000000
0.000000
0.000000
0.000000
0.000000
0.000000
0.000000
0.000000
0.000000
0.000000
0.000000
0.000000
0.000000
0.000000
0.000000
0.000000
0.000000
0.000000
0.000000
0.000000
0.000000
0.000000
0.000000
0.000000
0.000000
0.000000
0.000000
0.000000
0.000000
0.000000
0.000000
0.000000
0.000000
0.000000
0.000000
0.000000
0.000000
0.000000
0.000000
0.000000
0.000000
0.000000
0.000000
0.000000
0.000000
0.000000
0.000000
0.000000
0.000000
0.000000
0.000000
0.000000
0.000000
0.000000
0.000000
0.000000
0.000000
0.000000
0.000000
0.000000
0.000000
0.000000
0.000000
0.000000
0.000000
0.000000
0.000000
0.000000
0.000000
0.000000
0.000000
0.000000
0.000000
0.000000
0.000000
0.000000
0.000000
0.000000
0.000000
0.000000
0.000000
0.000000
0.000000
0.000000
0.000000
0.000000
0.000000
0.000000
0.000000
0.000000
0.000000
0.000000
0.000000
0.000000
0.000000
0.000000
0.000000
0.000000
0.000000
0.000000
0.000000
0.000000
0.000000
0.000000
0.000000
0.000000
0.000000
0.000000
0.000000
0.000000
0.000000
0.000000
0.000000
0.000000
0.000000
0.000000
0.000000
0.000000
0.000000
0.000000
0.000000
0.000000
0.000000
0.000000
0.000000
0.000000
0.000000
0.000000
0.000000
0.000000
0.000000
0.000000
0.000000
0.000000
0.000000
0.000000
0.000000
0.000000
0.000000
0.000000
0.000000
0.000000
0.000000
0.000000
0.000000
0.000000
0.000000
0.000000
0.000000
0.000000
0.000000
0.000000
0.000000
0.000000
0.000000
0.000000
0.000000
0.000000
0.000000
0.000000
0.000000
0.000000
0.000000
0.000000
0.000000
0.000000
0.000000
0.000000
0.000000
0.000000
0.000000
0.000000
0.000000
0.000000
0.000000
0.000000
0.000000
0.000000
0.000000
0.000000
0.000000
0.000000
0.000000
0.000000
0.000000
0.000000
0.000000
0.000000
0.000000
0.000000
0.000000
0.000000
0.000000
0.000000
0.000000
0.000000
0.000000
0.000000
0.000000
0.000000
0.000000
0.000000
0.000000
0.000000
0.000000
0.000000
0.000000
0.000000
0.000000
0.000000
0.000000
0.000000
0.000000
0.000000
0.000000
0.000000
0.000000
0.000000
0.000000
0.000000
0.000000
0.000000
0.000000
0.000000
0.000000
0.000000
0.000000
0.000000
0.000000
0.000000
0.000000
0.000000
0.000000
0.000000
0.000000
0.000000
0.000000
0.000000
0.000000
0.000000
0.000000
0.000000
0.000000
0.000000
0.000000
0.000000
0.000000
0.000000
0.000000
0.000000
0.000000
0.000000
0.000000
0.000000
0.000000
0.000000
0.000000
0.000000
0.000000
0.000000
0.000000
0.000000
0.000000
0.000000
0.000000
0.000000
0.000000
0.000000
0.000000
0.000000
0.000000
0.000000
0.000000
0.000000
0.000000
0.000000
0.000000
0.000000
0.000000
0.000000
0.000000
0.000000
0.000000
0.000000
0.000000
0.000000
0.000000
0.000000
0.000000
0.000000
0.000000
0.000000
0.000000
0.000000
0.000000
0.000000
0.000000
0.000000
0.000000
0.000000
0.000000
0.000000
0.000000
0.000000
0.000000
0.000000
0.000000
0.000000
0.000000
0.000000
0.000000
0.000000
0.000000
0.000000
0.000000
0.000000
0.000000
0.000000
0.000000
0.000000
0.000000
0.000000
0.000000
0.000000
0.000000
0.000000
0.000000
0.000000
0.000000
0.000000
0.000000
0.000000
0.000000
0.000000
0.000000
0.000000
0.000000
0.000000
0.000000
0.000000
0.000000
0.000000
0.000000
0.000000
0.000000
0.000000
0.000000
0.000000
0.000000
0.000000
0.000000
0.000000
0.000000
0.000000
0.000000
0.000000
0.000000
0.000000
0.000000
0.000000
0.000000
0.000000
0.000000
0.000000
0.000000
0.000000
0.000000
0.000000
0.000000
0.000000
0.000000
0.000000
0.000000
0.000000
0.000000
0.000000
0.000000
0.000000
0.000000
0.000000
0.000000
0.000000
0.000000
0.000000
0.000000
0.000000
0.000000
0.000000
0.000000
0.000000
0.000000
0.000000
0.000000
0.000000
0.000000
0.000000
0.000000
0.000000
0.000000
0.000000
0.000000
0.000000
0.000000
0.000000
0.000000
0.000000
0.000000
0.000000
0.000000
0.000000
0.000000
0.000000
0.000000
0.000000
0.000000
0.000000
0.000000
0.000000
0.000000
0.000000
0.000000
0.000000
0.000000
0.000000
0.000000
0.000000
0.000000
0.000000
0.000000
0.000000
0.000000
0.000000
0.000000
0.000000
0.000000
0.000000
0.000000
0.000000
0.000000
0.000000
0.000000
0.000000
0.000000
0.000000
0.000000
0.000000
0.000000
0.000000
0.000000
0.000000
0.000000
0.000000
0.000000
0.000000
0.000000
0.000000
0.000000
0.000000
0.000000
0.000000
0.000000
0.000000
0.000000
0.000000
0.000000
0.000000
0.000000
0.000000
0.000000
0.000000
0.000000
0.000000
0.000000
0.000000
0.000000
0.000000
0.000000
0.000000
0.000000
0.000000
0.000000
0.000000
0.000000
0.000000
0.000000
0.000000
0.000000
0.000000
0.000000
0.000000
0.000000
0.000000
0.000000
0.000000
0.000000
0.000000
0.000000
0.000000
0.000000
0.000000
0.000000
0.000000
0.000000
0.000000
0.000000
0.000000
0.000000
0.000000
0.000000
0.000000
0.000000
0.000000
0.000000
0.000000
0.000000
0.000000
0.000000
0.000000
0.000000
0.000000
0.000000
0.000000
0.000000
0.000000
0.000000
0.000000
0.000000
0.000000
0.000000
0.000000
0.000000
0.000000
0.000000
0.000000
0.000000
0.000000
0.000000
0.000000
0.000000
0.000000
0.000000
0.000000
0.000000
0.000000
0.000000
0.000000
0.000000
0.000000
0.000000
0.000000
0.000000
0.000000
0.000000
0.000000
0.000000
0.000000
0.000000
0.000000
0.000000
0.000000
0.000000
0.000000
0.000000
0.000000
0.000000
0.000000
0.000000
0.000000
0.000000
0.000000
0.000000
0.000000
0.000000
0.000000
0.000000
0.000000
0.000000
0.000000
0.000000
0.000000
0.000000
0.000000
0.000000
0.000000
0.000000
0.000000
0.000000
0.000000
0.000000
0.000000
0.000000
0.000000
0.000000
0.000000
0.000000
0.000000
0.000000
0.000000
0.000000
0.000000
0.000000
0.000000
0.000000
0.000000
0.000000
0.000000
0.000000
0.000000
0.000000
0.000000
0.000000
0.000000
0.000000
0.000000
0.000000
0.000000
0.000000
0.000000
0.000000
0.000000
0.000000
0.000000
0.000000
0.000000
0.000000
0.000000
0.000000
0.000000
0.000000
0.000000
0.000000
0.000000
0.000000
0.000000
0.000000
0.000000
0.000000
0.000000
0.000000
0.000000
0.000000
0.000000
0.000000
0.000000
0.000000
0.000000
0.000000
0.000000
0.000000
0.000000
0.000000
0.000000
0.000000
0.000000
0.000000
0.000000
0.000000
0.000000
0.000000
0.000000
0.000000
0.000000
0.000000
0.000000
0.000000
0.000000
0.000000
0.000000
0.000000
0.000000
0.000000
0.000000
0.000000
0.000000
0.000000
0.000000
0.000000
0.000000
0.000000
0.000000
0.000000
0.000000
0.000000
0.000000
0.000000
0.000000
0.000000
0.000000
0.000000
0.000000
0.000000
0.000000
0.000000
0.000000
0.000000
0.000000
0.000000
0.000000
0.000000
0.000000
0.000000
0.000000
0.000000
0.000000
0.000000
0.000000
0.000000
0.000000
0.000000
0.000000
0.000000
0.000000
0.000000
0.000000
0.000000
0.000000
0.000000
0.000000
0.000000
0.000000
0.000000
0.000000
0.000000
0.000000
0.000000
0.000000
0.000000
0.000000
0.000000
0.000000
0.000000
0.000000
0.000000
0.000000
0.000000
0.000000
0.000000
0.000000
0.000000
0.000000
0.000000
0.000000
0.000000
0.000000
0.000000
0.000000
0.000000
0.000000
0.000000
0.000000
0.000000
0.000000
0.000000
0.000000
0.000000
0.000000
0.000000
0.000000
0.000000
0.000000
0.000000
0.000000
0.000000
0.000000
0.000000
0.000000
0.000000
0.000000
0.000000
0.000000
0.000000
0.000000
0.000000
0.000000
0.000000
0.000000
0.000000
0.000000
0.000000
0.000000
0.000000
0.000000
0.000000
0.000000
0.000000
0.000000
0.000000
0.000000
0.000000
0.000000
0.000000
0.000000
0.000000
0.000000
0.000000
0.000000
0.000000
0.000000
0.000000
0.000000
0.000000
0.000000
0.000000
0.000000
0.000000
0.000000
0.000000
0.000001
0.000001
0.000001
0.000001
0.000001
0.000001
0.000001
0.000001
0.000001
0.000001
0.000001
0.000001
0.000001
0.000001
0.000001
0.000001
0.000001
0.000001
0.000001
0.000001
0.000001
0.000001
0.000001
0.000001
0.000001
0.000001
0.000001
0.000001
0.000001
0.000001
0.000001
0.000001
0.000001
0.000001
0.000001
0.000001
0.000001
0.000001
0.000001
0.000001
0.000001
0.000001
0.000001
0.000001
0.000001
0.000001
0.000001
0.000001
0.000001
0.000002
0.000002
0.000002
0.000002
0.000002
0.000002
0.000002
0.000002
0.000002
0.000002
0.000002
0.000002
0.000002
0.000002
0.000002
0.000003
0.000003
0.000003
0.000003
0.000003
0.000003
0.000003
0.000003
0.000004
0.000004
0.000003
0.000003
0.000004
0.000004
0.000003
0.000003
0.000003
0.000003
0.000003
0.000003
0.000003
0.000003
0.000004
0.000003
0.000004
0.000004
0.000005
0.000005
0.000005
0.000005
0.000004
0.000005
0.000005
0.000005
0.000005
0.000004
0.000004
0.000003
0.000004
0.000004
0.000005
0.000006
0.000007
0.000007
0.000007
0.000008
0.000007
0.000008
0.000007
0.000007
0.000007
0.000007
0.000007
0.000008
0.000009
0.000010
0.000010
0.000012
0.000010
0.000010
0.000008
0.000007
0.000008
0.000009
0.000009
0.000008
0.000010
0.000011
0.000011
0.000011
0.000010
0.000009
0.000009
0.000009
0.000010
0.000009
0.000008
0.000009
0.000009
0.000009
0.000008
0.000009
0.000008
0.000009
0.000009
0.000009
0.000010
0.000011
0.000009
0.000009
0.000009
0.000010
0.000009
0.000010
0.000010
0.000010
0.000011
0.000012
0.000012
0.000014
0.000012
0.000014
0.000015
0.000016
0.000018
0.000019
0.000019
0.000020
0.000022
0.000024
0.000026
0.000024
0.000024
0.000025
0.000024
0.000021
0.000018
0.000018
0.000020
0.000022
0.000019
0.000023
0.000022
0.000021
0.000022
0.000022
0.000019
0.000020
0.000021
0.000020
0.000026
0.000030
0.000034
0.000033
0.000037
0.000041
0.000042
0.000044
0.000049
0.000048
0.000048
0.000046
0.000059
0.000063
0.000074
0.000080
0.000083
0.000083
0.000091
0.000093
0.000109
0.000106
0.000093
0.000083
0.000085
0.000092
0.000113
0.000118
0.000124
0.000123
0.000144
0.000152
0.000134
0.000127
0.000143
0.000144
0.000165
0.000156
0.000168
0.000169
0.000199
0.000221
0.000209
0.000231
0.000177
0.000190
0.000187
0.000205
0.000205
0.000240
0.000211
0.000204
0.000165
0.000170
0.000176
0.000188
0.000172
0.000232
0.000216
0.000194
0.000174
0.000210
0.000220
0.000241
0.000237
0.000272
0.000307
0.000309
0.000352
0.000387
0.000426
0.000393
0.000417
0.000435
0.000444
0.000314
0.000309
0.000256
0.000187
0.000168
0.000165
0.000128
0.000093
0.000073
0.000056
0.000044
0.000035
0.000030
0.000024
0.000018
0.000015
0.000011
0.000008
0.000006
0.000006
0.000005
0.000004
0.000003
0.000003
0.000002
0.000002
0.000001
0.000001
0.000001
0.000001
0.000001
0.000000
0.000000
0.000000
0.000000
0.000000
0.000000
0.000000
0.000000
0.000000
0.000000
0.000000
0.000000
0.000000
0.000000
0.000000
0.000000
0.000000
0.000000
0.000000
0.000000
0.000000
0.000000
0.000000
0.000000
0.000000
0.000000
0.000000
0.000000
0.000000
0.000000
0.000000
0.000000
0.000000
0.000000
0.000000
0.000000
0.000000
0.000000
0.000000
0.000000
0.000000
0.000000
0.000000
0.000000
0.000000
0.000000
0.000000
0.000000
0.000000
0.000000
0.000000
0.000000
0.000000
0.000000
0.000000
0.000000
0.000000
0.000000
0.000000
0.000000
0.000000
0.000000
0.000000
0.000000
0.000000
0.000000
0.000000
0.000000
0.000000
0.000000
0.000000
0.000000
0.000000
0.000000
0.000000
0.000000
0.000000
0.000000
0.000000
0.000000
0.000000
0.000000
0.000000
0.000000
0.000000
0.000000
0.000000
0.000000
0.000000
0.000000
0.000000
0.000000
0.000000
0.000000
0.000000
0.000000
0.000000
0.000000
0.000000
0.000000
0.000000
0.000000
0.000000
0.000000
0.000000
0.000000
0.000000
0.000000
0.000000
0.000000
0.000000
0.000000
0.000000
0.000000
0.000000
0.000000
0.000000
0.000000
0.000000
0.000000
0.000000
0.000000
0.000000
0.000000
0.000000
0.000000
0.000000
0.000000
0.000000
0.000000
0.000000
0.000000
0.000000
0.000000
0.000000
0.000000
0.000000
0.000000
0.000000
0.000000
0.000000
0.000000
0.000000
0.000000
0.000000
0.000000
0.000000
0.000000
0.000000
0.000000
0.000000
0.000000
0.000000
0.000000
0.000000
0.000000
0.000000
0.000000
0.000000
0.000000
0.000000
0.000000
0.000000
0.000000
0.000000
0.000000
0.000000
0.000000
0.000000
0.000000
0.000000
0.000000
0.000000
0.000000
0.000000
0.000000
0.000000
0.000000
0.000000
0.000000
0.000000
0.000000
0.000000
0.000000
0.000000
0.000000
0.000000
0.000000
0.000000
0.000000
0.000000
0.000000
0.000000
0.000000
0.000000
0.000000
0.000000
0.000000
0.000000
0.000000
0.000000
0.000000
0.000000
0.000000
0.000000
0.000000
0.000000
0.000000
0.000000
0.000000
0.000000
0.000000
0.000000
0.000000
0.000000
0.000000
0.000000
0.000000
0.000000
0.000000
0.000000
0.000000
0.000000
0.000000
0.000000
0.000000
0.000000
0.000000
0.000000
0.000000
0.000000
0.000000
0.000000
0.000000
0.000000
0.000000
0.000000
0.000000
0.000000
0.000000
0.000000
0.000000
0.000000
0.000000
0.000000
0.000000
0.000000
0.000000
0.000000
0.000000
0.000000
0.000000
0.000000
0.000000
0.000000
0.000000
0.000000
0.000000
0.000000
0.000000
0.000000
0.000000
0.000000
0.000000
0.000000
0.000000
0.000000
0.000000
0.000000
0.000000
0.000000
0.000000
0.000000
0.000000
0.000000
0.000000
0.000000
0.000000
0.000000
0.000000
0.000000
0.000000
0.000000
0.000000
0.000000
0.000000
0.000000
0.000000
0.000000
0.000000
0.000000
0.000000
0.000000
0.000000
0.000000
0.000000
0.000000
0.000000
0.000000
0.000000
0.000000
0.000000
0.000000
0.000000
0.000000
0.000000
0.000000
0.000000
0.000000
0.000000
0.000000
0.000000
0.000000
0.000000
0.000000
0.000000
0.000000
0.000000
0.000000
0.000000
0.000000
0.000000
0.000000
0.000000
0.000000
0.000000
0.000000
0.000000
0.000000
0.000000
0.000000
0.000000
0.000000
0.000000
0.000000
0.000000
0.000000
0.000000
0.000000
0.000000
0.000000
0.000000
0.000000
0.000000
0.000000
0.000000
0.000000
0.000000
0.000000
0.000000
0.000000
0.000000
0.000000
0.000000
0.000000
0.000000
0.000000
0.000000
0.000000
0.000000
0.000000
0.000000
0.000000
0.000000
0.000000
0.000000
0.000000
0.000000
0.000000
0.000000
0.000000
0.000000
0.000000
0.000000
0.000000
0.000000
0.000000
0.000000
0.000000
0.000000
0.000000
0.000000
0.000000
0.000000
0.000000
0.000000
0.000000
0.000000
0.000000
0.000000
0.000000
0.000000
0.000000
0.000000
0.000000
0.000000
0.000000
0.000000
0.000000
0.000000
0.000000
0.000000
0.000000
0.000000
0.000000
0.000000
0.000000
0.000000
0.000000
0.000000
0.000000
0.000000
0.000000
0.000000
0.000000
0.000000
0.000000
0.000000
0.000000
0.000000
0.000000
0.000000
0.000000
0.000000
0.000000
0.000000
0.000000
0.000000
0.000000
0.000000
0.000000
0.000000
0.000000
0.000000
0.000000
0.000000
0.000000
0.000000
0.000000
0.000000
0.000000
0.000000
0.000000
0.000000
0.000000
0.000000
0.000000
0.000000
0.000000
0.000000
0.000000
0.000000
0.000000
0.000000
0.000000
0.000000
0.000000
0.000000
0.000000
0.000000
0.000000
0.000000
0.000000
0.000000
0.000000
0.000000
0.000000
0.000000
0.000000
0.000000
0.000000
0.000000
0.000000
0.000000
0.000000
0.000000
0.000000
0.000000
0.000000
0.000000
0.000000
0.000000
0.000000
0.000000
0.000000
0.000000
0.000000
0.000000
0.000000
0.000000
0.000000
0.000000
0.000000
0.000000
0.000000
0.000000
0.000000
0.000000
0.000000
0.000000
0.000000
0.000000
0.000000
0.000000
0.000000
0.000000
0.000000
0.000000
0.000000
0.000000
0.000000
0.000000
0.000000
0.000000
0.000000
0.000000
0.000000
0.000000
0.000000
0.000000
0.000000
0.000000
0.000000
0.000000
0.000000
0.000000
0.000000
0.000000
0.000000
0.000000
0.000000
0.000000
0.000000
0.000000
0.000000
0.000000
0.000000
0.000000
0.000000
0.000000
0.000000
0.000000
0.000000
0.000000
0.000000
0.000000
0.000000
0.000000
0.000000
0.000000
0.000000
0.000000
0.000000
0.000000
0.000000
0.000000
0.000000
0.000000
0.000000
0.000000
0.000000
0.000000
0.000000
0.000000
0.000000
0.000000
0.000000
0.000000
0.000000
0.000000
0.000000
0.000000
0.000000
0.000000
0.000000
0.000000
0.000000
0.000000
0.000000
0.000000
0.000000
0.000000
0.000000
0.000000
0.000000
0.000000
0.000000
0.000000
0.000000
0.000000
0.000000
0.000000
0.000000
0.000000
0.000000
0.000000
0.000000
0.000000
0.000000
0.000000
0.000000
0.000000
0.000000
0.000000
0.000000
0.000000
0.000000
0.000000
0.000000
0.000000
0.000000
0.000000
0.000000
0.000000
0.000000
0.000000
0.000000
0.000000
0.000000
0.000000
0.000000
0.000000
0.000000
0.000000
0.000000
0.000000
0.000000
0.000000
0.000000
0.000000
0.000000
0.000000
0.000000
0.000000
0.000000
0.000000
0.000000
0.000000
0.000000
0.000000
0.000000
0.000000
0.000000
0.000000
0.000000
0.000000
0.000000
0.000000
0.000000
0.000000
0.000000
0.000000
0.000000
0.000000
0.000000
0.000000
0.000000
0.000000
0.000000
0.000000
0.000000
0.000000
0.000000
0.000000
0.000000
0.000000
0.000000
0.000000
0.000000
0.000000
0.000000
0.000000
0.000000
0.000000
0.000000
0.000000
0.000000
0.000000
0.000000
0.000000
0.000000
0.000000
0.000000
0.000000
0.000000
0.000000
0.000000
0.000000
0.000000
0.000000
0.000000
0.000000
0.000000
0.000000
0.000000
0.000000
0.000000
0.000000
0.000000
0.000000
0.000000
0.000000
0.000000
0.000000
0.000000
0.000000
0.000000
0.000000
0.000000
0.000000
0.000000
0.000000
0.000000
0.000000
0.000000
0.000000
0.000000
0.000000
0.000000
0.000000
0.000000
0.000000
0.000000
0.000000
0.000000
0.000000
0.000000
0.000000
0.000000
0.000000
0.000000
0.000000
0.000000
0.000000
0.000000
0.000000
0.000000
0.000000
0.000000
0.000000
0.000000
0.000000
0.000000
0.000000
0.000000
0.000000
0.000000
0.000000
0.000000
0.000000
0.000000
0.000000
0.000000
0.000000
0.000000
0.000000
0.000000
0.000000
0.000000
0.000000
0.000000
0.000000
0.000000
0.000000
0.000000
0.000000
0.000000
0.000000
0.000000
0.000000
0.000000
0.000000
0.000000
0.000000
0.000000
0.000000
0.000000
0.000000
0.000000
0.000000
0.000000
0.000000
0.000000
0.000000
0.000000
0.000000
0.000000
0.000000
0.000000
0.000000
0.000000
0.000000
0.000000
0.000000
0.000000
0.000000
0.000000
0.000000
0.000000
0.000000
0.000000
0.000000
0.000000
0.000000
0.000000
0.000000
0.000000
0.000000
0.000000
0.000000
0.000000
0.000000
0.000000
0.000000
0.000000
0.000000
0.000000
0.000000
0.000000
0.000000
0.000000
0.000000
0.000000
0.000000
0.000000
0.000000
0.000000
0.000000
0.000000
0.000000
0.000000
0.000000
0.000000
0.000000
0.000000
0.000000
0.000000
0.000000
0.000000
0.000000
0.000000
0.000000
0.000000
0.000000
0.000000
0.000000
0.000000
0.000000
0.000000
0.000000
0.000000
0.000000
0.000000
0.000000
0.000000
0.000000
0.000000
0.000000
0.000000
0.000000
0.000000
0.000000
0.000000
0.000000
0.000000
0.000000
0.000000
0.000000
0.000000
0.000000
0.000000
0.000000
0.000000
0.000000
0.000000
0.000000
0.000000
0.000000
0.000000
0.000000
0.000000
0.000000
0.000000
0.000000
0.000000
0.000000
0.000000
0.000000
0.000000
0.000000
0.000000
0.000000
0.000000
0.000000
0.000000
0.000000
0.000000
0.000000
0.000000
0.000000
0.000000
0.000000
0.000000
0.000000
0.000000
0.000000
0.000000
0.000000
0.000000
0.000000
0.000000
0.000000
0.000000
0.000000
0.000000
0.000000
0.000000
0.000000
0.000000
0.000000
0.000000
0.000000
0.000000
0.000000
0.000000
0.000000
0.000000
0.000000
0.000000
0.000000
0.000000
0.000000
0.000000
0.000000
0.000000
0.000000
0.000000
0.000000
0.000000
0.000000
0.000000
0.000000
0.000000
0.000000
0.000000
0.000000
0.000000
0.000000
0.000000
0.000000
0.000000
0.000000
0.000000
0.000000
0.000000
0.000000
0.000000
0.000000
0.000000
0.000000
0.000000
0.000000
0.000000
0.000000
0.000000
0.000000
0.000000
0.000000
0.000000
0.000000
0.000000
0.000000
0.000000
0.000000
0.000000
0.000000
0.000000
0.000000
0.000000
0.000000
0.000000
0.000000
0.000000
0.000000
0.000000
0.000000
0.000000
0.000000
0.000000
0.000000
0.000000
0.000000
0.000000
0.000000
0.000000
0.000000
0.000000
0.000000
0.000000
0.000000
0.000000
0.000000
0.000000
0.000000
0.000000
0.000000
0.000000
0.000000
0.000000
0.000000
0.000000
0.000000
0.000000
0.000000
0.000000
0.000000
0.000000
0.000000
0.000000
0.000000
0.000000
0.000000
0.000000
0.000000
0.000000
0.000000
0.000000
0.000000
0.000000
0.000000
0.000000
0.000000
0.000000
0.000000
0.000000
0.000000
0.000000
0.000000
0.000000
0.000000
0.000000
0.000000
0.000000
0.000000
0.000000
0.000000
0.000000
0.000000
0.000000
0.000000
0.000000
0.000000
0.000000
0.000000
0.000000
0.000000
0.000000
0.000000
0.000000
0.000000
0.000000
0.000000
0.000000
0.000000
0.000000
0.000000
0.000000
0.000000
0.000000
0.000000
0.000000
0.000000
0.000000
0.000000
0.000000
0.000000
0.000000
0.000000
0.000000
0.000000
0.000000
0.000000
0.000000
0.000000
0.000000
0.000000
0.000000
0.000000
0.000000
0.000000
0.000000
0.000000
0.000000
0.000000
0.000000
0.000000
0.000000
0.000000
0.000000
0.000000
0.000000
0.000000
0.000000
0.000000
0.000000
0.000000
0.000000
0.000000
0.000000
0.000000
0.000000
0.000000
0.000000
0.000000
0.000000
0.000000
0.000000
0.000000
0.000000
0.000000
0.000000
0.000000
0.000000
0.000000
0.000000
0.000000
0.000000
0.000000
0.000000
0.000000
0.000000
0.000000
0.000000
0.000000
0.000000
0.000000
0.000000
0.000000
0.000000
0.000000
0.000000
0.000000
0.000000
0.000000
0.000000
0.000000
0.000000
0.000000
0.000000
0.000000
0.000000
0.000000
0.000000
0.000000
0.000000
0.000000
0.000000
0.000000
0.000000
0.000000
0.000000
0.000000
0.000000
0.000000
0.000000
0.000000
0.000000
0.000000
0.000000
0.000000
0.000000
0.000000
0.000000
0.000000
0.000000
0.000000
0.000000
0.000000
0.000000
0.000000
0.000000
0.000000
0.000000
0.000000
0.000000
0.000000
0.000000
0.000000
0.000000
0.000000
0.000000
0.000000
0.000000
0.000000
0.000000
0.000000
0.000000
0.000000
0.000000
0.000000
0.000000
0.000000
0.000000
0.000000
0.000000
0.000000
0.000000
0.000000
0.000000
0.000000
0.000000
0.000000
0.000000
0.000000
0.000000
0.000000
0.000000
0.000000
0.000000
0.000000
0.000000
0.000000
0.000000
0.000000
0.000000
0.000000
0.000000
0.000000
0.000000
0.000000
0.000000
0.000000
0.000000
0.000000
0.000000
0.000000
0.000000
0.000000
0.000000
0.000000
0.000000
0.000000
0.000000
0.000000
0.000000
0.000000
0.000000
0.000000
0.000000
0.000000
0.000000
0.000000
0.000000
0.000000
0.000000
0.000000
0.000000
0.000000
0.000000
0.000000
0.000000
0.000000
0.000000
0.000000
0.000000
0.000000
0.000000
0.000000
0.000000
0.000000
0.000000
0.000000
0.000000
0.000000
0.000000
0.000000
0.000000
0.000000
0.000000
0.000000
0.000000
0.000000
0.000000
0.000000
0.000000
0.000000
0.000000
0.000000
0.000000
0.000000
0.000000
0.000000
0.000000
0.000000
0.000000
0.000000
0.000000
0.000000
0.000000
0.000000
0.000000
0.000000
0.000000
0.000000
0.000000
0.000000
0.000000
0.000000
0.000000
0.000000
0.000000
0.000000
0.000000
0.000000
0.000000
0.000000
0.000000
0.000000
0.000000
0.000000
0.000000
0.000000
0.000000
0.000000
0.000000
0.000000
0.000000
0.000000
0.000000
0.000000
0.000000
0.000000
0.000000
0.000000
0.000000
0.000000
0.000000
0.000000
0.000000
0.000000
0.000000
0.000000
0.000000
0.000000
0.000000
0.000000
0.000000
0.000000
0.000000
0.000000
0.000000
0.000000
0.000000
0.000000
0.000000
0.000000
0.000000
0.000000
0.000000
0.000000
0.000000
0.000000
0.000000
0.000000
0.000000
0.000000
0.000000
0.000000
0.000000
0.000000
0.000000
0.000000
0.000000
0.000000
0.000000
0.000000
0.000000
0.000000
0.000000
0.000000
0.000000
0.000000
0.000000
0.000000
0.000000
0.000000
0.000000
0.000000
0.000000
0.000000
0.000000
0.000000
0.000000
0.000000
0.000000
0.000000
0.000000
0.000000
0.000000
0.000000
0.000000
0.000000
0.000000
0.000000
0.000000
0.000000
0.000000
0.000000
0.000000
0.000000
0.000000
0.000000
0.000000
0.000000
