788.934901
398.808384
235.611776
166.732044
87.253729
65.039639
54.019550
55.627527
36.013712
39.039537
41.824908
35.773177
27.442297
26.686192
26.452021
21.057350
21.155589
19.578211
19.725715
19.117196
19.355712
19.355712
19.641490
19.294216
18.201662
18.201662
17.239653
22.086913
22.086913
17.359550
17.294331
17.294331
16.308933
16.308933
16.137062
16.003962
15.333733
15.333733
15.333733
15.314144
12.601056
12.619854
10.004469
10.004469
9.559080
9.559080
9.423582
8.649430
8.649430
8.649430
8.649430
8.649430
8.633841
8.633841
8.489396
8.489396
8.299943
8.299943
7.336665
7.336665
7.336665
7.336665
7.336665
7.336665
7.336665
7.336665
6.514863
6.514863
6.514863
6.393757
6.947594
6.947594
6.947594
6.947594
6.947594
6.947594
6.947594
6.947594
6.947594
6.947594
6.877021
6.877021
7.113027
7.113027
7.113027
7.113027
7.177164
7.177164
7.177164
7.098827
7.098827
6.917664
6.917664
6.475599
7.116437
7.116437
7.116437
7.116437
7.116437
7.116437
7.116437
7.116437
7.116437
7.116437
7.116437
7.116437
7.116437
7.116437
6.855823
6.929805
6.929805
7.433397
7.433397
7.433397
6.780541
8.335688
8.335688
8.335688
8.335688
8.335688
8.335688
8.335688
8.335688
8.335688
7.839967
7.295772
7.707447
7.707447
7.200587
7.200587
7.200587
7.200587
7.240604
7.240604
10.623027
10.623027
10.623027
10.623027
10.623027
10.471123
10.471123
10.471123
10.471123
10.471123
10.471123
10.471123
10.471123
10.471123
10.471123
10.471123
10.471123
10.471123
10.471123
10.031636
10.031636
10.031636
10.031636
10.031636
10.031636
10.031636
10.031636
10.447122
10.447122
11.108648
11.108648
11.108648
11.108648
11.108648
11.091564
11.091564
11.091564
11.091564
11.461104
11.461104
11.461104
11.461104
11.461104
11.461104
11.588636
11.265672
11.265672
11.265672
11.265672
11.265672
11.265672
11.265672
11.265672
11.265672
11.265672
11.265672
11.265672
11.265672
11.265672
11.021410
11.021410
11.021410
11.021410
11.021410
11.021410
11.021410
11.021410
11.021410
11.021410
11.021410
11.021410
11.021410
11.021410
11.021410
12.382756
12.382756
12.382756
12.382756
12.382756
12.382756
12.382756
12.382756
11.027617
11.027617
11.027617
11.027617
11.027617
11.027617
11.027617
11.027617
11.027617
11.027617
11.027617
11.027617
11.027617
11.027617
11.027617
11.027617
11.027617
11.027617
11.027617
11.027617
11.027617
11.027617
11.027617
11.027617
11.027617
11.027617
11.027617
11.027617
11.027617
10.415165
10.415165
10.415165
10.415165
10.415165
9.982419
9.982419
9.982419
9.808748
9.808748
9.808748
9.808748
9.808748
10.147050
10.147050
10.147050
10.147050
10.147050
10.147050
10.147050
9.707569
9.707569
9.707569
9.707569
9.707569
9.122110
9.122110
9.122110
9.122110
9.122110
9.122110
9.122110
9.122110
9.122110
9.122110
9.122110
9.122110
9.122110
9.122110
9.122110
9.071913
8.168190
8.168190
8.168190
8.168190
8.168190
8.168190
8.168190
8.168190
8.168190
8.168190
8.168190
7.930477
7.930477
7.930477
8.143111
8.143111
8.143111
8.143111
8.143111
8.143111
8.143111
8.143111
8.143111
8.143111
8.143111
7.891776
7.891776
7.891776
7.891776
7.891776
7.891776
7.891776
7.785927
7.785927
7.785927
7.785927
8.331359
8.331359
8.331359
8.331359
8.331359
8.331359
8.331359
8.331359
8.331359
8.331359
8.331359
8.331359
8.331359
8.331359
8.331359
8.331359
8.331359
8.331359
8.331359
8.331359
8.331359
8.331359
8.331359
8.331359
7.587823
7.587823
7.587823
7.587823
7.587823
7.587823
7.587823
7.587823
7.587823
7.587823
8.572478
8.572478
8.572478
8.572478
8.572478
8.572478
8.572478
8.572478
8.207274
8.207274
8.207274
8.207274
8.207274
8.207274
8.207274
8.207274
8.207274
8.207274
8.207274
8.207274
8.207274
8.207274
8.207274
8.207274
8.207274
8.207274
8.207274
8.360978
8.270632
8.270632
8.270632
8.270632
8.270632
8.373472
8.373472
8.373472
8.373472
8.373472
8.373472
8.373472
8.373472
8.373472
8.373472
8.373472
8.373472
8.373472
8.373472
8.373472
8.373472
8.373472
8.373472
8.030089
8.030089
8.030089
8.030089
8.030089
8.030089
8.030089
8.030089
7.799190
7.379920
7.379920
7.379920
7.379920
7.379920
7.379920
7.379920
7.379920
7.379920
7.379920
7.379920
7.379920
7.379920
7.379920
7.379920
7.379920
7.379920
7.379920
7.379920
7.379920
7.379920
7.379920
7.379920
7.379920
7.379920
7.379920
7.379920
7.379920
7.379920
7.379920
7.379920
7.379920
7.379920
7.379920
7.379920
7.379920
7.379920
7.379920
7.379920
7.379920
7.379920
7.379920
7.379920
7.379920
7.379920
7.379920
7.379920
7.379920
7.379920
8.053224
8.053224
8.053224
8.053224
8.053224
8.053224
8.053224
8.053224
8.053224
8.053224
8.053224
8.053224
8.053224
8.053224
7.972320
7.972320
7.972320
7.972320
7.972320
7.972320
7.972320
7.972320
7.972320
7.972320
7.972320
7.972320
7.972320
7.972320
7.972320
7.972320
7.972320
7.972320
7.972320
7.972320
7.972320
7.972320
7.972320
7.972320
7.972320
7.972320
7.972320
7.972320
7.972320
7.972320
7.972320
7.972320
7.972320
7.972320
7.972320
7.972320
7.972320
7.972320
7.972320
7.972320
7.972320
7.972320
7.972320
8.746708
8.746708
8.746708
8.746708
8.746708
8.746708
8.746708
8.746708
8.746708
8.746708
8.746708
8.746708
8.746708
8.746708
8.746708
9.504045
9.504045
9.504045
9.504045
9.504045
9.504045
9.504045
9.504045
9.504045
9.504045
9.504045
9.504045
9.504045
9.504045
9.504045
9.504045
9.504045
9.504045
9.504045
9.504045
9.504045
9.504045
9.504045
9.504045
9.504045
9.504045
9.504045
9.504045
9.504045
9.504045
9.504045
9.504045
9.504045
9.504045
9.504045
9.504045
9.504045
9.504045
9.504045
9.504045
9.504045
9.504045
9.504045
9.504045
9.504045
9.504045
9.504045
9.504045
9.504045
9.504045
9.504045
9.504045
9.504045
9.504045
9.504045
9.504045
9.504045
9.504045
9.504045
9.504045
9.504045
9.504045
9.504045
9.504045
9.504045
9.504045
9.504045
9.504045
9.504045
9.504045
9.504045
9.504045
9.504045
9.504045
9.504045
9.504045
9.504045
9.504045
9.504045
9.504045
9.504045
9.504045
9.504045
9.504045
9.504045
9.504045
9.504045
9.504045
9.504045
9.504045
9.504045
9.504045
9.504045
9.504045
9.504045
9.504045
9.504045
9.504045
9.504045
9.504045
9.504045
9.504045
9.504045
9.504045
9.504045
9.504045
9.504045
9.504045
9.504045
9.504045
9.504045
9.504045
9.504045
9.504045
9.504045
9.504045
9.504045
9.504045
9.504045
9.504045
9.504045
9.504045
9.504045
9.504045
9.483238
9.620499
9.620499
9.620499
9.620499
9.620499
9.620499
9.620499
9.620499
9.620499
9.620499
9.620499
9.620499
9.620499
9.620499
9.620499
9.620499
9.620499
9.768289
9.768289
9.768289
9.768289
9.768289
9.768289
9.768289
9.768289
9.768289
9.768289
9.082513
9.082513
9.082513
9.082513
9.082513
9.082513
9.082513
9.082513
9.082513
9.082513
9.082513
9.082513
9.082513
9.667622
9.667622
9.667622
9.667622
9.667622
9.667622
9.667622
9.667622
9.667622
9.667622
9.667622
9.667622
9.667622
9.667622
9.667622
9.667622
9.667622
9.667622
9.667622
9.667622
9.667622
9.667622
9.667622
9.667622
9.667622
9.667622
9.667622
9.667622
9.667622
9.667622
9.667622
9.667622
9.667622
9.667622
9.667622
9.667622
9.667622
9.667622
9.667622
9.667622
9.667622
9.667622
9.667622
9.667622
9.667622
9.667622
9.667622
9.667622
9.667622
9.667622
9.667622
9.667622
9.667622
9.667622
9.667622
9.667514
9.667514
9.667514
9.667514
9.667514
9.667514
9.667514
9.667514
9.667514
9.667514
9.667514
9.667514
9.667514
9.667514
9.667514
9.667514
9.667514
9.667514
9.667514
9.667514
9.667514
9.667514
9.667514
9.667514
9.667514
9.667514
9.667514
9.667514
9.667514
9.667514
9.667514
9.667514
9.667514
9.667514
9.667514
9.667514
9.667514
9.667514
9.667514
9.667514
9.667514
9.667514
9.667514
9.667514
9.667514
9.667514
9.667514
9.667514
9.667514
9.321968
9.321968
9.321968
9.321968
9.321968
9.321968
9.321968
9.321968
9.321968
9.321968
9.321968
9.321968
9.321968
9.321968
9.321968
9.321968
9.321968
9.321968
9.321968
9.321968
9.321968
9.321968
9.321968
9.321968
9.321968
9.321968
9.321968
9.321968
9.321968
9.321968
9.321968
9.321968
9.321968
9.321968
9.321968
9.321968
9.321968
9.321968
9.321968
9.321968
9.321968
9.268392
9.268392
9.268392
9.268392
9.268392
9.268392
9.268392
9.268392
9.268392
9.268392
9.268392
9.268392
9.268392
9.268392
9.268392
9.268392
9.268392
9.268392
9.268392
9.268392
8.952209
8.952209
8.952209
8.952209
8.952209
8.952209
8.952209
8.952209
8.952209
8.952209
8.952209
8.952209
8.952209
8.952209
8.952209
8.952209
8.952209
8.952209
8.952209
8.952209
8.952209
8.952209
8.952209
8.952209
8.933833
8.933833
8.933833
8.933833
8.933833
8.933833
8.933833
8.933833
8.933833
8.933833
8.933833
8.933833
8.933833
8.933833
8.933833
8.933833
8.933833
8.933833
8.933833
8.933833
8.933833
8.933833
8.933833
8.933833
8.933833
8.933833
8.933833
8.933833
8.933833
8.933833
8.933833
8.933833
8.933833
8.933833
8.933833
8.933833
8.933833
8.933833
8.933833
8.933833
8.933833
8.933833
8.933833
8.933833
8.933833
8.933833
8.933833
8.933833
8.933833
8.933833
8.933833
8.933833
8.933833
8.933833
8.933833
8.933833
8.933833
8.933833
8.933833
8.933833
8.933833
8.933833
8.933833
8.933833
8.933833
8.933833
8.933833
8.933833
8.933833
8.933833
8.933833
8.933833
8.933833
8.933833
8.933833
8.933833
8.933833
8.933833
8.933833
8.933833
8.933833
8.933833
8.933833
8.933833
8.933833
8.933833
8.915551
8.915551
8.915551
8.915551
8.915551
8.915551
8.915551
8.915551
8.915551
8.915551
8.915551
8.915551
8.915551
8.915551
8.915551
8.916631
8.916631
8.916631
8.916631
8.916631
8.916631
8.916631
8.916631
8.916631
8.916631
8.916631
8.916631
8.916631
8.916631
8.916631
8.916631
8.916631
8.916631
8.916631
8.916631
8.916631
8.916631
8.916631
8.916631
8.916631
8.916631
8.916631
8.916631
8.916631
8.916631
8.916631
8.916631
8.916631
8.916631
8.916631
8.916631
8.916631
8.916631
8.916631
8.916631
8.916631
8.916631
8.916631
8.916631
8.916631
8.916631
8.916631
8.916631
8.916631
8.916631
8.916631
8.916631
8.916631
8.916631
8.916631
8.916631
8.916631
8.916631
8.916631
8.916631
8.916631
8.916631
8.916631
8.916631
8.916631
8.903502
8.903502
8.903502
8.903502
8.903502
8.903502
8.903502
8.903502
8.903502
8.903502
8.903502
8.903502
8.903502
8.903502
8.903502
8.903502
8.903502
8.903502
8.903502
8.903502
8.903502
8.903502
8.903502
8.903502
8.903502
8.903502
8.903502
8.903502
8.903502
8.903502
8.903502
7.951768
7.951768
7.951768
7.951768
7.951768
7.951768
7.951768
7.951768
7.951768
7.951768
7.951768
7.951768
7.951768
7.951768
7.951768
7.951768
7.951768
7.951768
7.951768
7.951768
7.951768
7.951768
7.951768
7.951768
7.951768
7.951768
7.816849
7.816849
7.816849
7.816849
7.816849
7.816849
7.816849
7.816849
7.816849
7.816849
7.816849
7.816849
7.816849
7.816849
7.816849
7.816849
7.816849
7.816849
7.816849
7.816849
7.816849
7.816849
7.816849
7.816849
7.816849
7.816849
7.816849
7.816849
7.816849
7.666014
7.666014
7.666014
7.666014
7.666014
7.666014
7.666014
7.666014
7.666014
7.666014
7.666014
7.666014
7.666014
7.736843
7.736843
7.736843
7.736843
7.736843
7.736843
7.736843
7.736843
7.736843
7.736843
7.736843
7.736843
7.736843
7.736843
7.736843
7.736843
7.736843
7.736843
7.736843
7.736843
7.736843
7.736843
7.736843
7.736843
7.736843
7.736843
7.736843
7.736843
7.736843
7.736843
7.736843
7.736843
7.717791
7.717791
7.717791
7.717791
7.717791
7.717791
7.717791
7.717791
7.717791
7.717791
7.717791
7.717791
7.717791
7.717791
7.717791
7.717791
7.717791
7.717791
7.717791
7.717791
7.717791
7.717791
7.717791
7.717791
7.717791
7.717791
7.717791
7.717791
7.717791
7.717791
7.717791
7.717791
7.717791
7.717791
7.717791
7.717791
7.717791
7.717791
7.717791
7.717791
7.717791
7.717791
7.717791
7.717791
7.717791
7.717791
7.772791
7.772791
7.772791
7.772791
7.772791
7.772791
7.772791
7.772791
7.772791
7.772791
7.772791
7.772791
7.772791
7.772791
7.772791
7.772791
7.772791
7.772791
7.772791
7.772791
7.772791
7.772791
7.772791
7.772791
7.772791
7.772791
7.772791
7.772791
7.772791
7.772791
7.772791
7.772791
7.772791
7.772791
7.772791
7.772791
7.772791
7.772791
7.772791
7.772791
7.772791
7.772791
7.772791
7.772791
7.772791
7.772791
7.772791
7.772791
7.772791
7.772791
7.772791
7.772791
7.772791
7.772791
7.772791
7.772791
7.772791
7.772791
7.772791
7.772791
7.772791
7.772791
7.772791
7.772791
7.772791
7.772791
7.772791
7.772791
7.772791
7.772791
7.772791
7.772791
8.160714
8.187559
8.187559
8.187559
8.187559
8.187559
8.187559
8.187559
8.353388
8.353388
8.353388
8.353388
8.353388
8.353388
8.353388
8.353388
8.353388
8.353388
8.353388
8.353388
8.353388
8.353388
8.353388
8.353388
8.353388
8.353388
8.353388
8.353388
8.353388
8.353388
8.353388
8.353388
8.353388
8.353388
8.353388
8.353388
8.353388
8.353388
8.353388
8.353388
8.353388
8.353388
8.353388
8.353388
8.641922
8.815292
8.815292
9.797356
10.720613
10.720613
10.720613
10.720613
10.720613
10.720613
10.720613
10.720613
10.720613
10.720613
10.720613
10.720613
10.720613
10.720613
10.720613
10.720613
10.720613
10.720613
10.720613
10.720613
10.720613
10.720613
10.720613
10.720613
10.720613
10.720613
10.720613
10.720613
10.912990
10.912990
10.912990
10.912990
10.912990
10.912990
10.912990
10.912990
10.912990
10.744043
10.744043
10.744043
10.744043
10.744043
10.744043
10.744043
10.744043
10.744043
10.744043
10.744043
10.910113
10.910113
10.910113
10.910113
10.910113
10.910113
10.910113
10.910113
10.910113
10.910113
10.910113
10.910113
10.910113
10.910113
10.910113
10.910113
10.910113
10.910113
10.910113
10.910113
11.174239
11.174239
11.174239
11.174239
11.174239
11.174239
11.174239
11.174239
11.174239
11.174239
11.174239
11.174239
11.174239
11.174239
11.174239
11.174239
11.174239
11.174239
11.174239
11.174239
11.174239
11.174239
11.174239
11.174239
11.174239
11.174239
11.174239
11.174239
11.174239
11.174239
11.174239
11.174239
11.174239
11.174239
11.174239
11.174239
11.174239
11.174239
11.174239
11.174239
11.174239
11.174239
11.277929
11.277929
11.277929
11.277929
11.277929
11.462794
11.462794
11.462794
11.462794
11.462794
11.462794
11.462794
11.462794
11.462794
11.462794
11.462794
11.462794
11.462794
11.462794
11.462794
11.462794
11.462794
11.462794
11.462794
11.462794
11.462794
11.462794
11.462794
11.462794
11.462794
11.462794
11.462794
11.462794
11.462794
11.462794
11.462794
11.462794
11.462794
11.462794
11.462794
11.462794
11.462794
11.462794
11.462794
11.462794
11.462794
11.462794
11.462794
11.462794
11.462794
11.462794
11.462794
11.462794
11.462794
11.462794
11.462794
11.462794
11.462794
11.462794
11.462794
11.462794
11.462794
11.462794
11.462794
11.462794
11.462794
11.462794
11.462794
11.462794
11.462794
11.462794
11.462794
11.462794
11.462794
11.462794
11.462794
11.462794
11.462794
11.462794
11.462794
11.462794
11.462794
11.462794
11.549141
11.549141
11.549141
11.549141
11.549141
11.549141
11.549141
11.549141
11.549141
11.549141
11.549141
11.549141
11.549141
11.549141
11.549141
11.549141
11.549141
11.549141
11.549141
11.549141
11.549141
11.549141
11.549141
11.549141
11.556026
11.556026
11.556026
11.556026
11.556026
11.556026
11.556026
11.354929
11.354929
11.354929
11.354929
11.354929
11.354929
11.354929
11.354929
11.354929
11.354929
11.354929
11.354929
11.354929
11.354929
11.400083
11.400083
11.400083
11.400083
11.400083
11.400083
11.400083
11.400083
11.400083
11.400083
11.400083
11.400083
11.400083
11.400083
11.400083
11.400083
11.400083
11.400083
11.400083
11.400083
11.400083
11.400083
11.400083
11.400083
11.400083
11.400083
11.400962
11.400962
11.400962
11.400962
11.400962
11.400962
11.400962
11.400962
11.400962
11.400962
11.400962
11.400962
11.400962
11.400962
11.400962
11.400962
11.400962
11.400962
11.400962
11.400962
11.400962
11.400962
11.400962
11.400962
11.400962
11.400962
11.400962
11.400962
11.400962
11.400962
11.400962
11.400962
11.400962
11.400962
11.400962
11.400962
11.400962
11.400962
11.400962
11.400962
11.400962
11.400962
11.400962
11.400962
11.400962
11.400962
11.400962
11.400962
11.400962
11.400962
11.400962
11.442300
11.442300
11.442300
11.442300
11.442300
11.442300
11.442300
11.442300
11.442300
11.442300
11.442300
11.442300
11.442300
11.442300
11.442300
11.442300
11.442300
11.442300
11.442300
11.442300
11.442300
11.442300
11.442300
11.442300
11.442300
11.442300
11.442300
11.442300
11.442300
11.442300
11.442300
11.442300
11.442300
11.442300
11.442300
11.442300
11.442300
11.442300
11.442300
11.442300
11.442300
11.442300
11.442300
11.442300
11.442300
11.442300
11.442300
11.442300
11.442300
11.442300
11.442300
11.442300
11.442300
11.442300
11.442300
11.442300
11.442300
11.442300
11.442300
11.523347
11.523347
11.523347
11.523347
11.523347
11.523347
11.523347
11.523347
11.523347
11.523347
11.522114
11.522114
11.522114
11.522114
11.522114
11.522114
11.522114
11.522114
11.522114
11.522114
11.522114
11.522114
11.522114
11.522114
11.522114
11.522114
11.522114
11.522114
11.522114
11.624546
11.624546
11.624546
11.624546
11.624546
11.624546
11.624546
11.624546
11.624546
11.624546
11.624546
11.624546
11.624546
11.624546
11.624546
11.624546
11.624546
11.624546
11.624546
11.624546
11.718104
11.718104
11.718104
11.718104
11.718104
11.718104
11.718104
11.718104
11.718104
11.718104
11.718104
11.718104
11.718104
11.718104
11.718104
11.718104
11.718104
11.718104
11.718104
11.718104
11.718104
11.718104
11.718104
11.718104
11.718104
11.718104
11.718104
11.718104
11.718104
11.718104
11.718104
11.718104
11.718104
11.718104
11.718104
11.718104
11.718104
11.718104
11.718104
11.718104
11.718104
11.718104
11.718104
11.718104
11.718104
11.718104
11.718104
11.718104
11.718104
11.718104
11.718104
11.718104
11.718104
11.718104
11.718104
11.718104
11.718104
11.718104
11.718104
11.718104
11.718104
11.718104
11.718104
11.718104
11.718104
11.718104
11.718104
11.718104
11.718104
11.718104
11.718104
11.718104
11.718104
11.718104
11.718104
11.718104
11.718104
11.718104
11.718104
11.718104
11.718104
11.718104
11.718104
11.718104
11.718104
11.718104
11.718104
11.718104
11.730187
11.730187
11.730187
11.730187
11.730187
11.730187
11.730187
11.730187
11.730187
11.730187
11.730187
11.748416
11.748416
11.748416
11.748416
11.748416
11.748416
11.748416
11.748416
11.748416
11.748416
11.748416
11.748416
11.748416
11.748416
11.748416
11.748416
11.748416
11.748416
11.210818
11.210818
11.210818
11.210818
11.210818
11.210818
11.210818
11.210818
11.210818
11.228334
11.228334
11.228334
11.228334
11.228334
11.280744
11.182440
11.182440
11.182440
11.182440
11.182440
11.182440
11.182440
11.182440
11.182440
11.182440
11.182440
11.182440
11.182440
11.182440
11.182440
11.182440
11.182440
11.182440
11.182440
11.182440
11.182440
11.182440
11.182440
11.182440
11.182440
11.182440
11.141281
11.141281
11.141281
11.141281
11.141281
11.141281
11.141281
11.141281
11.141281
11.141281
11.141281
11.141281
11.141281
11.141281
11.141281
11.141281
11.141281
11.141281
11.141281
11.141281
11.141281
11.141281
11.141281
11.141281
11.141281
11.141281
11.141281
11.141281
11.141281
11.141281
11.141281
11.141281
11.141281
11.141281
11.141281
11.141281
11.141281
11.141281
11.141281
11.141281
11.141281
11.141281
11.141281
11.141281
11.141281
11.141281
11.141281
11.141281
11.141281
11.141281
11.141281
11.141281
11.141281
11.141281
11.141281
11.141281
11.141281
11.141281
11.141281
11.141281
11.141281
11.141281
11.141281
11.141281
11.141281
11.141281
11.141281
11.141281
11.141281
11.141281
11.141281
11.141281
11.141281
11.141281
11.141281
11.141281
11.158602
11.158602
11.158602
11.165642
11.165642
11.165642
11.165642
11.165642
11.165642
11.165642
11.165642
11.165642
11.165642
11.165642
11.165642
11.165642
11.165642
11.165642
11.165642
11.165642
11.165642
11.165642
11.165642
11.165642
11.166159
11.166159
11.166159
11.166159
11.166159
11.166159
11.166159
11.166159
11.166159
11.166159
11.166159
11.166159
11.166159
11.166407
11.166407
11.166407
11.166407
11.166407
11.166407
11.166407
11.166407
11.166407
11.166407
11.166407
11.166407
11.166407
11.166407
11.166407
11.185622
11.185622
11.185622
11.185622
11.185622
11.185622
11.185622
11.185622
11.185622
11.185622
11.185622
11.146641
11.146641
11.146641
11.146641
11.146641
11.146641
11.146641
11.154555
11.166718
11.166718
11.166718
11.166718
11.192382
11.192382
11.192382
11.206751
11.206751
11.206751
11.206751
11.206751
11.206751
11.206751
11.206751
11.206751
11.206751
11.206751
11.206751
11.206751
11.206751
11.206751
11.206751
11.206751
11.206751
11.206751
11.206751
11.206751
11.206751
11.206751
11.206751
11.206751
11.206751
11.206751
11.206751
11.206751
11.206751
11.206751
11.206751
11.206751
11.206751
11.206751
11.206751
11.206751
11.206751
11.206751
11.206751
11.206751
11.206751
11.206751
11.206751
11.206751
11.206751
11.206751
11.213257
11.213257
11.213257
11.213257
11.213257
11.213257
11.213257
11.213257
11.213257
11.213257
11.213257
11.213257
11.213257
11.213257
11.213257
11.213257
11.223461
11.223461
11.223461
11.223461
11.223461
11.223461
11.223461
11.223461
11.223461
11.223461
11.223461
11.223461
11.223461
11.223461
11.223461
11.223461
11.223461
11.223461
11.223461
11.223461
11.223461
11.223461
11.223461
11.223461
11.223461
11.223461
11.223461
11.223461
11.223461
11.223461
11.223461
11.223461
11.223461
11.223461
11.223461
11.224874
11.224874
11.224874
11.224874
11.224874
11.224874
11.224874
11.224874
11.224874
11.224874
11.224874
11.224874
11.224874
11.224874
11.224874
11.224874
11.224874
11.224874
11.224874
11.224874
11.224874
11.224874
11.224874
11.224874
11.224874
11.224874
11.224874
11.224874
11.224874
11.224874
11.224874
11.224874
11.224874
11.224874
11.224874
11.224874
11.224874
11.224874
11.224874
11.224874
11.224874
11.224874
11.224874
11.224874
11.224874
11.224874
11.224874
11.224874
11.224874
11.224874
11.270601
11.270601
11.270601
11.270601
11.270601
11.270601
11.270601
11.270601
11.270601
11.270601
11.270601
11.270601
11.270601
11.270601
11.270601
11.270601
11.270601
11.270601
11.270601
11.270601
11.270601
11.270601
11.270601
11.270601
11.270601
11.270601
11.270601
11.270601
11.270601
11.270601
11.270601
11.270601
11.270601
11.270601
11.270601
11.270601
11.270601
11.270601
11.270601
11.270601
11.270601
11.270601
11.270601
11.270601
11.270601
11.270601
11.270601
11.270601
11.270601
11.270601
11.270601
11.270601
11.270601
11.270601
11.270601
11.270601
11.270601
11.270601
11.270601
11.270601
11.270601
11.270601
11.270601
11.270601
11.270601
11.270601
11.270601
11.270601
11.270601
11.270601
11.270601
11.270601
11.270601
11.270601
11.270601
11.270601
11.270601
11.270601
11.270601
11.270601
11.270601
11.270601
11.270601
11.270601
11.270601
11.270601
11.270601
11.270601
11.270601
11.270601
11.270601
11.270601
11.270601
11.270601
11.270601
11.270601
11.270601
11.270601
11.270601
11.283738
11.283738
11.283738
11.283738
11.283738
11.283738
11.283738
11.283738
11.283738
11.283738
11.283738
11.283738
11.283738
11.283738
11.283738
11.283738
11.283738
11.283738
11.284779
11.284779
11.284779
11.284779
11.284779
11.284779
11.284779
11.284779
11.284779
11.284779
11.284971
11.284971
11.284971
11.284971
11.284971
11.284971
11.284971
11.284971
11.284971
11.284971
11.284971
11.284971
11.284971
11.284971
11.284971
11.284971
11.284971
11.284971
11.284971
11.284971
11.284971
11.284971
11.284971
11.284971
11.284971
11.284971
11.284971
11.284971
11.284971
11.284971
11.284971
11.284971
11.284971
11.284971
11.284971
11.284971
11.284971
11.284971
11.284971
11.284971
11.284971
11.284971
11.284971
11.284971
11.284971
11.284971
11.284971
11.284971
11.284971
11.284971
11.284971
11.284971
11.284971
11.284971
11.284971
11.284971
11.284971
11.284971
11.284971
11.284971
11.284971
11.284971
11.284971
11.284971
11.284971
11.284971
11.284971
11.284971
11.284971
11.284971
11.284971
11.284971
11.284971
11.284971
11.284971
11.284971
11.284971
11.284971
11.284971
11.284971
11.284971
11.284971
11.284971
11.284971
11.284971
11.284971
11.284971
11.284971
11.284971
11.284971
11.284971
11.284971
11.284971
11.284971
11.284971
11.284971
11.284971
11.284971
11.284971
11.284971
11.284971
11.284971
11.284971
11.284971
11.284971
11.284971
11.284971
11.265890
11.265890
11.265890
11.265890
11.265890
11.265890
11.265890
11.265890
11.265890
11.265890
11.265890
11.265890
11.265890
11.265890
11.265890
11.265890
11.265890
11.265890
11.265890
11.265890
11.265890
11.265890
11.265890
11.265890
11.265890
11.265890
11.265890
11.265890
11.265890
11.265890
11.265890
11.265890
11.265890
11.265890
11.265890
11.265890
11.265890
11.265890
11.265890
11.265890
11.265890
11.265890
11.265890
11.265890
11.265890
11.265890
11.265890
11.265890
11.265890
11.265890
11.265890
11.265890
11.265890
11.265890
11.265890
11.265890
11.265890
11.265890
11.265890
11.265890
11.265890
11.265890
11.265890
11.265890
11.265890
11.265890
11.265890
11.265890
11.265890
11.265890
11.265890
11.265890
11.265890
11.265890
11.265890
11.265890
11.265890
11.265890
11.265890
11.265890
11.265890
11.265890
11.265890
11.265890
11.265890
11.265890
11.265890
11.306750
11.306750
11.306750
11.306750
11.306750
11.318383
11.318383
11.318383
11.318383
11.318383
11.318383
11.318383
11.318383
11.318383
11.318383
11.318383
11.318383
11.318383
11.318383
11.318383
11.318383
11.318383
11.318383
11.318383
11.318383
11.318383
11.318383
11.318383
11.318383
11.318383
11.318383
11.318383
11.318383
11.318383
11.318383
11.318383
11.318383
11.316667
11.316667
11.316667
11.316667
11.316923
11.316923
11.321230
11.321230
11.321230
11.321230
11.321230
11.321230
11.321230
11.321230
11.321230
11.321230
11.321230
11.321230
11.321230
11.321230
11.321230
11.321230
11.321230
11.321230
11.321230
11.321230
11.321230
11.321230
11.321230
11.321230
11.321230
11.321230
11.321230
11.321230
11.321230
11.321230
11.321230
11.321230
11.322522
11.322522
11.322522
11.322522
11.322522
11.322522
11.322522
11.322522
11.322522
11.322522
11.322522
11.322522
11.322522
11.318813
11.318813
11.318813
11.318813
11.318813
11.318813
11.318813
11.318813
11.318813
11.318813
11.318813
11.318813
11.318813
11.318813
11.318980
11.318980
11.318980
11.318980
11.318980
11.318980
11.318980
11.318980
11.318980
11.318980
11.318980
11.318980
11.318980
11.318980
11.318980
11.318980
11.318980
11.318980
11.318980
11.318980
11.318980
11.318980
11.318980
11.318980
11.318980
11.318980
11.318980
11.318980
11.318980
11.318980
11.318980
11.318980
11.318980
11.318980
11.318980
11.318980
11.318980
11.318980
11.318980
11.318980
11.318980
11.318980
11.318980
11.332908
11.332908
11.332908
11.332908
11.332908
11.332908
11.332908
11.332908
11.332908
11.332908
11.332908
11.332908
11.332908
11.332908
11.332908
11.332908
11.332908
11.332908
11.332908
11.332908
11.332908
11.332908
11.259098
11.259098
11.259098
11.259098
11.259098
11.259098
11.259098
11.259098
11.259098
11.259098
11.259098
11.280945
11.280945
11.280945
11.280945
11.280945
11.252466
11.252466
11.252466
11.252466
11.252466
11.252466
11.261063
11.261063
11.261063
11.261063
11.261063
11.261063
11.261063
11.261063
11.261063
11.261063
11.261063
11.261063
11.261063
11.261063
11.261063
11.261063
11.261063
11.261063
11.261063
11.261063
11.261063
11.261063
11.261063
11.261063
11.261063
11.261063
11.261063
11.261063
11.261063
11.261063
11.291964
11.291964
11.291964
11.291964
11.291964
11.291964
11.291964
11.291964
11.291964
11.291964
11.291964
11.291964
11.291964
11.291964
11.291964
11.291964
11.291964
11.291964
11.291964
11.291964
11.291964
11.291964
11.291964
11.291964
11.291964
11.291964
11.291964
11.291964
11.291964
11.291964
11.291964
11.321329
11.323032
11.323032
11.323032
11.323032
11.323032
11.323032
11.323032
11.323032
11.323032
11.323032
11.323324
11.323324
11.323324
11.323324
11.323324
11.323324
11.323324
11.323324
11.327809
11.327809
11.327809
11.327809
11.327809
11.327809
11.327809
11.327809
11.327809
11.327809
11.327809
11.327809
11.327809
11.327809
11.327809
11.327809
11.327809
11.340610
11.340610
11.340610
11.340610
11.340610
11.340610
11.340610
11.340610
11.340610
11.340610
11.340610
11.340610
11.340610
11.340610
11.340610
11.340610
11.340610
11.340610
11.340610
11.340610
11.340610
11.340610
11.340610
11.340610
11.340610
11.340610
11.340610
11.340610
11.340610
11.340610
11.340610
11.340610
11.340610
11.340610
11.340610
11.340610
11.340610
11.340610
11.340610
11.340610
11.340610
11.340610
11.340610
11.340610
11.340610
11.340610
11.340610
11.340610
11.340610
11.345911
11.345911
11.345911
11.345911
11.345911
11.345911
11.345911
11.345911
11.345911
11.345911
11.345911
11.345911
11.345911
11.345911
11.345911
11.628380
11.628380
11.628380
11.628380
11.628380
11.628380
11.628380
11.628380
11.628380
11.628380
11.628380
11.628380
11.628380
11.628380
11.628380
11.628380
11.628380
11.628380
11.628380
11.630996
11.630996
11.630996
11.630996
11.630996
11.630996
11.630996
11.630996
11.630996
11.630996
11.630996
11.630996
11.630996
11.630996
11.630996
11.630996
11.630996
11.630996
11.630996
11.630996
11.630996
11.630996
11.630996
11.630996
11.630996
11.630996
11.630996
11.630996
11.630996
11.630996
11.630996
11.636507
11.636507
11.636507
11.636507
11.636507
11.636507
11.636507
11.636507
11.636507
11.636507
11.636507
11.636507
11.636507
11.636507
11.636507
11.636507
11.636507
11.636507
11.636507
11.636507
11.636507
11.636507
11.636507
11.636507
11.636507
11.639813
11.639813
11.639813
11.639813
11.639813
11.639813
11.639813
11.639813
11.639813
11.639813
11.639813
11.639813
11.639813
11.639813
11.642584
11.642584
11.642584
11.647851
11.647851
11.647851
11.647851
11.647851
11.647851
11.647851
11.647851
11.647851
11.650187
11.662708
11.662708
11.662708
11.662708
11.662708
11.662708
11.662708
11.662708
11.662708
11.662708
11.662708
11.662708
11.665348
11.665348
11.665348
11.665348
11.665348
11.665348
11.665348
11.665348
11.675047
11.675047
11.675047
11.675047
11.675047
11.675047
11.675047
11.675047
11.675047
11.675047
11.675047
11.675047
11.675047
11.643600
11.643600
11.643600
11.643600
11.643600
11.643600
11.645054
11.645054
11.645054
11.645054
11.645054
11.645054
11.645054
11.645054
11.645054
11.645054
11.645054
11.645054
11.645054
11.645054
11.645054
11.656318
11.656318
11.656318
11.656318
11.656318
11.656318
11.656318
11.656318
11.657245
11.657245
11.657245
11.657245
11.657245
11.657245
11.657245
11.657245
11.657245
11.657375
11.657375
11.657375
11.657375
11.657375
11.668808
11.668808
11.668954
11.668954
11.668954
11.674853
11.674853
11.674853
11.674853
11.674853
11.674853
11.674853
11.674853
11.674853
11.674853
11.674853
11.674853
11.674853
11.674853
11.674853
11.674853
11.674853
11.674853
11.674853
11.674853
11.674853
11.674853
11.674853
11.675089
11.675089
11.675089
11.675089
11.675089
11.675089
11.675089
11.675089
11.675089
11.675089
11.675089
11.675089
11.675089
11.675089
11.675089
11.675089
11.675089
11.675089
11.675089
11.675089
11.675089
11.675089
11.675089
11.675089
11.677507
11.677507
11.677507
11.682116
11.682116
11.682116
11.682116
11.694996
11.694996
11.694996
11.694996
11.694996
11.694996
11.694996
11.694996
11.694996
11.694996
11.694996
11.727702
11.727702
11.727702
11.727702
11.727702
11.727702
11.727702
11.727702
11.727702
11.727702
11.727702
11.727702
11.727702
11.727702
11.727702
11.727702
11.727702
11.727702
11.727702
11.727702
11.727702
11.727702
11.727702
11.727702
11.727702
11.727702
11.727702
11.727702
11.423930
11.423930
11.442230
11.453547
11.453547
11.453547
11.453547
11.453547
11.453547
11.453547
11.453547
11.453547
11.453547
11.453547
11.453547
11.453547
11.453547
11.453547
11.453547
11.453547
11.453547
11.453547
11.453547
11.453548
11.453548
11.453548
11.488844
11.488844
11.538196
11.538196
11.538196
11.580449
11.580449
11.580449
11.587928
11.587928
11.587928
11.587928
11.587928
11.587928
11.587928
11.587928
11.587928
11.587928
11.587928
11.587928
11.623319
11.623319
11.623319
11.623319
11.623319
11.623319
11.623319
11.623319
11.623319
11.623319
11.623319
11.623319
11.623319
11.675605
11.675605
11.675605
11.675605
11.675605
11.675605
11.675605
11.675605
11.675605
11.675605
11.675605
11.675605
11.675605
11.675605
11.732288
11.758209
11.758209
11.758209
11.805794
11.805794
11.805794
11.805794
11.805794
11.805794
11.805794
11.805794
11.805794
11.805794
11.805794
11.805794
11.805794
11.805794
11.805794
11.825584
11.825584
11.834560
11.834560
11.834560
11.834560
11.834560
11.834560
11.834560
11.834560
11.834560
11.834560
11.834560
11.834560
11.834560
11.834560
11.834560
11.834560
11.834560
11.834560
11.834560
11.834560
11.834560
11.834560
11.846345
11.860479
11.860479
11.860479
11.860479
11.860479
11.860479
11.860479
11.860479
11.860479
11.860479
11.860479
11.860479
11.860479
11.860479
11.860479
11.860479
11.868511
11.868511
11.868511
11.868511
11.868511
11.868511
11.868511
11.868511
11.868511
11.868511
11.868511
11.868511
11.868511
11.868511
11.868511
11.868511
11.868511
11.868511
11.868511
11.868511
11.868511
11.868511
11.868511
11.868511
11.868511
11.868511
11.868511
11.868511
11.897399
11.897399
11.897399
11.897399
11.897399
11.897399
11.897399
11.931468
11.931468
11.931468
11.931468
11.931468
11.931468
11.931468
11.931468
11.931468
11.931468
11.931468
11.931468
11.931468
11.931468
11.931468
11.931468
11.931468
11.931468
11.931468
11.931468
11.931468
11.931468
11.943243
11.943243
11.943243
11.943243
11.943243
11.943243
11.943243
11.943243
11.943243
11.943243
11.943243
11.943243
11.943243
11.943243
11.943243
11.943243
11.943243
11.943243
11.943243
11.943243
11.943243
11.943243
11.943243
11.943243
11.943243
11.943243
11.943243
11.943243
11.943243
11.943243
11.952396
11.952396
11.952396
11.952396
11.952396
11.952396
11.952396
11.952396
11.952396
11.952396
11.952396
11.952396
11.952396
11.952396
11.952396
11.952396
11.952396
11.952396
11.952396
11.952396
11.952396
11.952396
11.952396
11.952396
11.952396
11.952396
11.952396
11.952396
11.952396
11.952396
11.952396
11.952396
11.952396
11.959948
11.959948
11.959948
11.959948
11.959948
11.959948
11.959948
11.959948
11.959948
11.959948
11.959948
11.959948
11.959948
11.959948
11.959948
11.959948
11.959948
11.959948
11.891456
11.891456
11.925436
11.925436
11.925436
11.925436
11.925436
11.925436
11.926047
11.926047
11.926047
11.926047
11.940813
11.940813
11.940813
11.940813
11.940813
11.940813
11.940813
11.940813
11.940813
11.940813
11.940813
11.940833
11.940833
11.940833
11.940833
11.940833
11.940833
11.940833
11.940833
10.604989
10.604989
10.604989
10.604989
10.604989
10.604989
10.604989
10.604989
10.604989
10.604989
10.604989
10.604989
10.604989
10.604989
10.604989
10.604989
10.619142
10.619142
10.619142
10.619142
10.619142
10.619142
10.619142
10.619142
10.592231
10.592231
10.592231
10.592231
10.592231
10.592231
10.592231
10.592231
10.592231
10.592231
10.592231
10.592231
10.592231
10.592231
10.592231
10.592231
10.592231
10.592231
10.592231
10.592231
10.592231
10.592231
10.592231
10.592231
10.592231
10.592231
10.592231
10.592231
10.592231
10.592231
10.590202
10.590202
10.590202
10.590202
10.590202
10.590202
10.590202
10.590202
10.590202
10.590202
10.590202
10.590202
10.590202
10.590202
10.590202
10.590202
10.590202
10.590202
10.590202
10.590340
10.590340
10.590340
10.590340
10.590340
10.590340
10.590340
10.590340
10.590340
10.590340
10.590340
10.590340
10.590340
10.590340
10.590340
10.590340
10.592016
10.592016
10.592016
10.592016
10.592016
10.592016
10.592016
10.592016
10.592016
10.592016
10.592016
10.592016
10.592016
10.592148
10.592148
10.592148
10.592148
10.592148
10.592148
10.592148
10.592148
10.592148
10.592148
10.592148
10.592148
10.592148
10.592148
10.592148
10.592148
10.592148
10.592148
10.592148
10.592148
10.592148
10.592148
10.592148
10.592148
10.596106
10.596106
10.596106
10.596106
10.596106
10.596106
10.596106
10.596106
10.596106
10.596106
10.596106
10.596106
10.596106
10.596106
10.596106
10.595432
10.595432
10.595432
10.595432
10.595432
10.595432
10.595432
10.595432
10.595432
10.595432
10.595432
10.595432
10.595432
10.595432
10.597131
10.597131
10.597131
10.597131
10.597131
10.597131
10.597131
10.598092
10.598092
10.598092
10.598092
10.598092
10.598092
10.598092
10.598092
10.598092
10.598924
10.598924
10.598924
10.598924
10.598924
10.598924
10.598924
10.601955
10.601955
10.601955
10.601955
10.601955
10.601955
10.601955
10.601955
10.601955
10.601955
10.601955
10.601955
10.602836
10.602836
10.602836
10.602836
10.602836
10.602836
10.602836
10.602836
10.602836
10.602836
10.602836
10.602836
10.602836
10.602836
10.602836
10.602836
10.602836
10.602836
10.602836
10.602836
10.602836
10.602836
10.602836
10.602836
10.602836
10.602836
10.602836
10.602836
10.602836
10.602836
10.602836
10.602836
10.602836
10.602836
10.602836
10.602836
10.602836
10.602836
10.602836
10.602836
10.602836
10.418565
10.418565
10.418565
10.418565
10.418565
10.418565
10.418565
10.418565
10.418565
10.419085
10.419085
10.419085
10.419085
10.419085
10.419085
10.419085
10.419085
10.419085
10.419085
10.419085
10.419085
10.419085
10.419085
10.419085
10.419085
10.419085
10.234486
10.234486
10.234486
10.234486
10.234486
10.234486
10.234486
10.234486
10.234486
10.234486
10.234486
10.238387
10.238387
10.238387
10.238387
10.238387
10.238387
10.238387
10.238387
10.238387
10.238387
10.238387
10.238387
10.238387
10.238387
10.238387
10.238387
10.238387
10.238387
10.238387
10.238387
10.238387
10.238387
10.238387
10.238387
10.238387
10.238387
9.468934
9.468934
9.468934
9.468934
9.468934
9.468934
9.468934
9.468934
9.468934
9.468934
9.468934
9.468934
9.468934
9.469596
9.469596
9.469596
9.472222
9.472222
9.472222
9.472222
9.472222
9.472222
9.474128
9.474128
9.474128
9.474128
9.474128
9.474128
9.474128
9.474128
9.474128
9.474128
9.474128
9.474128
9.474128
9.474128
9.474128
9.474128
9.474128
9.474128
9.474128
9.474128
9.474128
9.474128
9.474128
9.474128
9.474128
9.474128
9.474128
9.482514
9.482514
9.482514
9.482514
9.482514
9.482514
9.482514
9.482514
9.482514
9.482514
9.482514
9.482514
9.482514
9.482514
9.482514
9.482514
9.482514
9.482514
9.482514
9.482514
9.482514
9.482514
9.482514
9.482514
9.482514
9.482514
9.482514
9.482514
9.482514
9.482514
9.482514
9.482514
9.482514
9.482514
9.482514
9.482514
9.482514
9.482514
9.482514
9.482514
9.482514
9.482514
9.482514
9.482514
9.482514
9.482514
9.482514
9.482514
9.482514
9.482514
9.482514
9.482514
9.482514
9.482514
9.482514
9.482514
9.482514
9.482514
9.482514
9.482514
9.482514
9.482514
9.482514
9.482514
9.482514
9.482514
9.482514
9.482514
9.482514
9.482514
9.482514
9.482514
9.491507
9.495363
9.495363
9.495363
9.495363
9.495363
9.495363
9.495363
9.495363
9.495363
9.495363
9.495363
9.495363
9.495363
9.495363
9.495994
9.495994
9.495994
9.495994
9.495994
9.495994
9.495994
9.495994
9.495994
9.496555
9.496555
9.496555
9.496555
9.496555
9.496555
9.496555
9.496555
9.496555
9.496555
9.496555
9.496555
9.496555
9.496555
9.496555
9.496555
9.496555
9.496555
9.496555
9.496555
9.496555
9.496555
9.496555
9.496555
9.496555
9.496555
9.498224
9.498224
9.498224
9.498224
9.498224
9.498224
9.498224
9.498224
9.498224
9.498224
9.498224
9.498224
9.498224
9.498224
9.498224
9.498224
9.498224
9.498224
9.498224
9.498224
9.498224
9.498224
9.498224
9.498224
9.498521
9.498521
9.498521
9.498521
9.498521
9.498521
9.498521
9.498521
9.498521
9.500758
9.500758
9.500758
9.486117
9.486249
9.487179
9.487179
9.487179
9.487179
9.487179
9.487179
9.487179
9.487179
9.487179
9.489740
9.489740
9.490124
9.490124
9.490124
9.490124
9.490124
9.490124
9.490124
9.490124
9.490124
9.491121
9.491121
9.494381
9.494381
9.494381
9.494381
9.494381
9.494381
9.494381
9.494381
9.494381
9.494381
9.494381
9.494381
9.494381
9.494381
9.494381
9.494381
9.494381
9.494381
9.494381
9.494381
9.494381
9.494381
9.494381
9.494381
9.494381
9.494381
9.494381
9.494381
9.494381
9.494381
9.494381
9.416813
9.416813
9.416813
9.416813
9.416813
9.416813
9.416813
9.416813
9.416813
9.416813
9.416813
9.416813
9.416813
9.416813
9.416813
9.416934
9.416934
9.416934
9.416934
9.416934
9.416934
9.416934
9.416934
9.416934
9.416934
9.416934
9.416934
9.416934
9.519017
9.519017
9.519017
9.519017
9.519017
9.519017
9.519017
9.519017
9.519017
9.519017
9.519017
9.519017
9.519017
9.519017
9.519017
9.519017
9.519017
9.519017
9.519017
9.519017
9.519017
9.519017
9.519017
9.519017
9.519017
9.519017
9.519017
9.519017
9.519017
9.519017
9.519017
9.519017
9.519017
9.519017
9.519017
9.519243
9.519243
9.519243
9.519243
9.519243
9.519243
9.519243
9.519243
9.519243
9.519243
9.519243
9.519243
9.519243
9.519243
9.519243
9.519243
9.519243
9.519243
9.504710
9.504710
9.504710
9.504710
9.504710
9.504710
9.504710
9.504710
9.504710
9.504710
9.504710
9.504710
9.504710
9.504710
9.504710
9.504710
9.504710
9.504710
9.504710
9.504710
9.504710
9.272245
9.272245
9.272245
9.272245
9.272245
9.272245
9.272256
9.272256
9.272256
9.272256
9.272256
9.272256
9.272256
9.272256
9.272256
9.272256
9.272256
9.272256
9.272256
9.272256
9.272256
9.272256
9.272256
9.272256
9.272860
9.272860
9.272860
9.272860
9.272860
9.272860
9.272860
9.272860
9.272860
9.272860
9.273085
9.273085
9.273085
9.273085
9.273085
9.273085
9.273396
9.273396
9.273396
9.273396
9.273396
9.273396
9.273396
9.273396
9.273396
9.273396
9.273396
9.273396
9.273396
9.273396
9.273396
9.273396
9.267847
9.267847
9.267847
9.267847
9.267847
9.267847
9.267847
9.267847
9.267847
9.267847
9.267847
9.267847
9.267847
9.267847
9.267847
9.267847
9.267847
9.267847
9.267847
9.267847
9.267847
9.267847
9.267847
9.267847
9.267847
9.267847
9.267847
9.267847
9.267847
9.267847
9.267847
9.267847
9.267847
9.267847
9.267847
9.267847
9.267847
9.267847
9.267847
9.267847
9.267847
9.267847
9.267847
9.267847
9.267847
9.267847
9.267847
9.267847
9.267847
9.267847
9.267847
9.267847
9.267847
9.267847
9.267847
9.267847
9.267847
9.267847
9.267847
9.267847
9.267847
9.267847
9.267847
9.267847
9.267847
9.267847
9.267847
9.267847
9.267847
9.261760
9.261760
9.261760
9.261760
9.261760
9.261760
9.163802
9.163802
9.163802
9.163802
9.163802
9.163802
9.163802
9.163802
9.163834
9.164069
9.164069
9.164069
9.164069
9.164069
9.164069
9.164069
9.164069
9.219856
9.219856
9.219856
9.219856
9.219856
9.219856
9.219856
9.219856
9.219856
9.219856
9.219856
9.219856
9.219856
9.219856
9.219856
9.219856
9.219856
9.219856
9.219856
9.219856
9.228579
9.228579
9.228579
9.228579
9.228579
9.228579
9.228579
9.228579
9.228579
9.228579
9.228579
9.228579
9.228579
9.228579
9.228579
9.228579
9.228579
9.228579
9.228579
9.228579
9.228579
9.228579
9.228579
9.228579
9.228579
9.228579
9.228579
9.228886
9.228886
9.228886
9.228886
9.228886
9.228886
9.228886
9.228886
9.228886
9.228886
9.228886
9.228886
9.228886
9.228886
9.228886
9.228886
9.228886
9.228886
9.228886
9.228886
9.228886
9.228886
9.228886
9.228886
9.228886
9.228886
9.228886
9.228886
9.228886
9.228886
9.228886
9.228886
9.246668
9.246668
9.246668
9.246668
9.246668
9.246668
9.246668
9.257587
9.257587
9.257587
9.257587
9.257587
9.257587
9.257587
9.257587
9.257587
9.257587
9.257587
9.257587
9.257587
9.257587
9.257587
9.257587
9.257587
9.257587
9.257587
9.257587
9.257587
9.257587
9.257587
9.268900
9.268900
9.268900
9.268900
9.268900
9.268900
9.268900
9.268900
9.268900
9.268900
9.268900
9.268900
9.268900
9.268900
9.268900
9.268900
9.268900
9.268900
9.268900
9.268900
9.268900
9.268900
9.268900
9.268900
9.268900
9.268900
9.268900
9.268900
9.268900
9.268900
9.268900
9.268900
9.268900
9.268900
9.268900
9.268900
9.268900
9.268900
9.268900
9.268900
9.268900
9.268900
9.268900
9.268900
9.268900
9.268900
9.268900
9.268900
9.268900
9.268900
9.268900
9.268900
9.268900
9.268900
9.268900
9.268900
9.268900
9.268900
9.268900
9.268900
9.268900
9.268900
9.268900
9.268900
9.268900
9.268900
9.268900
9.268900
9.268900
9.268900
9.268900
9.268900
9.268900
9.268900
9.268900
9.397076
9.397076
9.397076
9.397076
9.397076
9.397076
9.397076
9.397076
9.397076
9.397076
9.397076
9.397076
9.397076
9.397076
9.397076
9.397076
9.397076
9.397076
9.397076
9.397076
9.397076
9.397076
9.397076
9.397076
9.397076
9.397076
9.397076
9.397076
9.397076
9.397076
9.397076
9.397076
9.397076
9.397076
9.397076
9.397076
9.397076
9.397076
9.397076
9.397076
9.397076
9.397076
9.397076
9.500934
9.500934
9.500934
9.500934
9.500934
9.500934
9.500934
9.500934
9.524796
9.524796
9.524796
9.524796
9.524796
9.524796
9.524796
9.524796
9.524796
9.524796
9.524796
9.553077
9.553077
9.553077
9.571126
9.571126
9.571126
9.571126
9.571126
9.571126
9.571126
9.571126
9.571126
9.571126
9.571126
9.571213
9.571213
9.571213
9.571213
9.571213
9.571213
9.572456
9.572456
9.572456
9.572456
9.572456
9.572456
9.572456
9.572456
9.572456
9.572456
9.572456
9.572456
9.572456
9.572456
9.572456
9.572456
9.572456
9.572456
9.572456
9.588247
9.588247
9.588247
9.588247
9.588247
9.588247
9.588247
9.588247
9.588247
9.588247
9.588247
9.588247
9.588247
9.588247
9.588247
9.588247
9.588247
9.588247
9.588247
9.588247
9.588247
9.588247
9.588247
9.588247
9.588247
9.588247
9.588247
9.588247
9.588247
9.588247
9.588247
9.588247
9.588247
9.588247
9.588247
9.684325
9.684325
9.684325
9.684325
9.684325
9.684325
9.684325
9.684325
9.684325
9.684325
9.684325
9.684325
9.684325
9.684325
9.684325
9.684325
9.684325
9.684325
9.684325
9.684325
9.684325
9.684325
9.684325
9.684325
9.684325
9.684325
9.684325
9.684325
9.684325
9.684325
9.684325
9.684325
9.684325
9.684325
9.684325
9.684325
9.721353
9.721353
9.721353
9.721353
9.721353
9.721353
9.721353
9.728372
9.728372
9.728372
9.728724
9.728724
9.728724
9.728724
9.728724
9.728724
9.728724
9.728724
9.728724
9.728724
9.728724
9.728724
9.728724
9.728724
9.728724
9.728724
9.728724
9.728724
9.728724
9.728724
9.728724
9.728724
9.728724
9.728724
9.728724
9.728724
9.728724
9.728724
9.728724
9.729057
9.729057
9.729057
9.729057
9.729057
9.729057
9.729057
9.729057
9.729057
9.729057
9.729057
9.729057
9.729057
9.729057
9.729057
9.729057
9.729057
9.729057
9.729057
9.729057
9.729057
9.729057
9.729057
9.729057
9.729057
9.729057
9.729057
9.729057
9.729057
9.729057
9.729057
9.729057
9.729057
9.729057
9.729057
9.729057
9.729057
9.729057
9.729057
9.729057
9.729057
9.729057
9.729057
9.729057
9.729057
9.729057
9.735589
9.735589
9.735589
9.735589
9.735589
9.735589
9.735589
9.735589
9.735589
9.735589
9.735589
9.735589
9.735589
9.735589
9.735589
9.735589
9.735589
9.735589
9.735589
9.735589
9.735589
9.735589
9.751608
9.751608
9.751608
9.751608
9.751608
9.751608
9.751608
9.751608
9.751608
9.751608
9.751787
9.751787
9.751787
9.751787
9.751787
9.751787
9.751787
9.751787
9.751787
9.751787
9.751787
9.751787
9.751787
9.751787
9.751787
9.751787
9.751787
9.751787
9.751787
9.751787
9.760741
9.760741
9.760741
9.760741
9.760741
9.760741
9.760741
9.760741
9.760741
9.760741
9.760741
9.760741
9.760741
9.760741
9.760741
9.760741
9.760741
9.760741
9.762845
9.762845
9.762845
9.762845
9.762845
9.762845
9.762845
9.762845
9.762845
9.762845
9.762845
9.762845
9.762845
9.769715
9.769715
9.769715
9.769715
9.769715
9.769715
9.769715
9.769715
9.769715
9.769715
9.769715
9.769715
9.769715
9.769715
9.769715
9.769715
9.769715
9.769715
9.769715
9.769715
9.769715
9.769715
9.769715
9.769715
9.769715
9.769715
9.769715
9.799007
9.799007
9.799007
9.799007
9.799007
9.799007
9.799007
9.799007
9.799007
9.799007
9.799007
9.800785
9.800785
9.800785
9.800785
9.800785
9.800785
9.800785
9.800785
9.800785
9.800785
9.800785
9.800785
9.800785
9.800785
9.800785
9.800785
9.800785
9.800785
9.800785
9.800785
9.800785
9.800785
9.800785
9.800785
9.800785
9.800785
9.800785
9.800785
9.800785
9.800785
9.800785
9.800785
9.800849
9.800849
9.800849
9.800849
9.800849
9.800849
9.800849
9.800849
9.800849
9.800849
9.800849
9.800849
9.800849
9.800849
9.800849
9.800849
9.800849
9.800849
9.804506
9.804506
9.804506
9.804506
9.804506
9.804506
9.804506
9.804506
9.804506
9.804506
9.804506
9.804506
9.804506
9.804506
9.804506
9.804506
9.804506
9.804506
9.804506
9.804506
9.804506
9.804506
9.804506
9.804506
9.804506
9.804506
9.804506
9.804506
9.804506
9.804506
9.804506
9.804506
9.804506
9.804506
9.813228
9.813228
9.813228
9.813228
9.813228
9.813228
9.806783
9.806783
9.806783
9.806783
9.806783
9.806783
9.806783
9.806783
9.806783
9.806783
9.806783
9.806783
9.806783
9.806783
9.806783
9.806783
9.806783
9.806783
9.806783
9.806783
9.806783
9.806783
9.806783
9.806934
9.806934
9.806934
9.806934
9.806934
9.806934
9.806934
9.806934
9.806934
9.806934
9.806934
9.806934
9.806934
9.906043
9.906043
9.906043
9.906043
9.906043
9.906043
9.906043
9.906043
9.906043
9.906043
9.906043
9.906043
9.906043
9.906043
9.906043
9.906043
9.906043
9.906043
9.906043
9.906043
9.906043
9.906043
9.906043
9.906043
9.906043
9.906043
9.906043
9.906043
9.906043
9.906043
9.906043
9.906043
9.906043
9.906043
9.906043
9.906043
9.906043
9.906043
9.906043
9.906043
9.906043
9.906043
9.906043
9.906043
9.906043
9.906043
9.906043
9.906043
9.906043
9.906043
9.906043
9.906043
9.906043
9.906043
9.906043
9.906043
9.906043
9.906043
9.906043
9.906043
9.906043
9.906043
9.906043
9.906043
9.906043
9.906043
9.906043
9.906043
9.906043
9.906043
9.906043
9.906043
9.906043
9.906043
9.906573
9.906573
9.906573
9.906573
9.906573
9.906573
9.906573
9.906573
9.906573
9.906573
9.906573
9.906573
9.906573
9.906573
9.906573
9.906573
9.906573
9.906573
9.906573
9.906573
9.906573
9.906573
9.906573
9.906573
9.906573
9.906573
9.906573
9.906573
9.906573
9.906573
9.906573
9.906573
9.906573
9.906573
9.906573
9.906573
9.906573
9.906573
9.906573
9.906573
9.906573
9.906573
9.906573
9.906573
9.906573
9.906573
9.906573
9.906573
9.906573
9.906573
9.906573
9.906573
9.906573
9.906573
9.906573
9.906573
9.906573
9.906573
9.906573
9.906573
9.906573
9.906573
9.906573
9.906573
9.906573
9.906573
9.906639
9.906639
9.906911
9.906911
9.906911
9.906911
9.906911
9.906911
9.906911
9.906911
9.906911
9.906911
9.906911
9.906911
9.906911
9.906911
9.906911
9.906911
9.906911
9.906911
9.906911
9.906911
9.906911
9.906911
9.906911
9.906911
9.906911
9.906911
9.906911
9.906911
9.906911
9.906911
9.906911
9.906911
9.906911
9.906911
9.906911
9.906911
9.906911
9.906911
9.906911
9.906911
9.906911
9.906911
9.906911
9.906911
9.906911
9.906911
9.906911
9.906911
9.906911
9.906911
9.906911
9.906911
9.906911
9.906911
9.906911
9.906911
9.906911
9.906911
9.906911
9.906911
9.906911
9.906911
9.906911
9.906911
9.906911
9.906911
9.906911
9.906911
9.906911
9.906911
9.906911
9.906911
9.906911
9.906911
9.906911
9.906911
9.906911
9.906911
9.906911
9.906911
9.906911
9.906911
9.906911
9.906911
9.906911
9.906911
9.906911
9.906911
9.906911
9.906911
9.906911
9.906911
9.906911
9.906911
9.906911
9.906911
9.906911
9.906911
9.906911
9.906911
9.906911
9.906911
9.921734
9.921734
9.921734
9.921734
9.921734
9.921734
9.921734
9.921734
9.921734
9.921734
9.921734
9.921734
9.921734
9.921734
9.921734
9.921734
9.921734
9.921734
9.921734
9.921734
9.921734
9.921734
9.921734
9.921734
9.921734
9.921734
9.921734
9.921734
9.921734
9.921734
9.921734
9.921734
9.921734
9.921734
9.921734
9.921734
9.921734
9.921734
9.921734
9.921734
9.921734
9.921734
9.921734
9.921734
9.921734
9.921734
9.921734
9.921734
9.921734
9.921734
9.921734
9.921734
9.921734
9.921734
9.921734
9.921734
9.921734
9.921734
9.921734
9.921734
9.921734
9.921734
9.921734
9.921734
9.921734
9.921734
9.921734
9.921734
9.921734
9.921734
9.921734
9.921734
9.921734
9.921734
9.921734
9.921734
9.921734
9.921734
9.921739
9.921739
9.921739
9.921739
9.921739
9.921739
9.921739
9.921739
9.921739
9.921739
9.921739
9.921739
9.921739
9.921739
9.921739
9.921739
9.921739
9.921739
9.921749
9.921749
9.921749
9.921749
9.921749
9.922018
9.922018
9.922018
9.922018
9.922018
9.922018
9.922018
9.922018
9.922018
9.922018
9.922018
9.922018
9.922018
9.922018
9.922018
9.922018
9.922018
9.922018
9.922018
9.922018
9.922018
9.922018
9.922058
9.922058
9.922058
9.922058
9.922058
9.922058
9.922058
9.922058
9.922058
9.922058
9.922058
9.935314
9.935314
9.935314
9.935314
9.935314
9.935314
9.935314
9.935314
9.935314
9.935314
9.935505
9.935505
9.935605
9.935605
9.935605
9.935605
9.935605
9.935605
9.935605
9.935605
9.935605
9.935605
9.935605
9.935605
9.935605
9.935605
9.935605
9.935605
9.935605
9.935605
9.935605
9.935605
9.935605
9.935605
9.935605
9.935605
9.935605
9.935605
9.935605
9.935605
9.935605
9.935605
9.935605
9.935767
9.935800
9.935800
9.935800
9.935800
9.935800
9.935935
9.935935
9.935935
9.935935
9.935935
9.935935
9.935935
9.935935
9.935935
9.935956
9.935956
9.935956
9.935956
9.935956
9.935956
9.935956
9.935956
9.935956
9.935956
9.935956
9.935956
9.935956
9.935956
9.935956
9.935956
9.935956
9.935956
9.935956
9.935956
9.935956
9.935956
9.935956
9.935956
9.935956
9.935956
9.935956
9.935956
9.935956
9.935956
9.935956
9.935956
9.935956
9.935956
9.935956
9.935956
9.935956
9.935956
9.935956
9.935956
9.935956
9.935956
9.935956
9.935956
9.936057
9.936057
9.936057
9.936057
9.936057
9.936057
9.936057
9.936057
9.936057
9.936057
9.936057
9.936057
9.936169
9.936169
9.936239
9.936239
9.936239
9.936239
9.936239
9.936239
9.936239
9.936239
9.936239
9.936239
9.936239
9.936239
9.936239
9.936239
9.936239
9.936239
9.936239
9.936239
9.936239
9.936239
9.936239
9.936239
9.936239
9.936239
9.936239
9.936239
9.936239
9.936239
9.936239
9.936239
9.936239
9.936239
9.936239
9.936239
9.936239
9.936239
9.936239
9.936239
9.936239
9.936239
9.936239
9.936239
9.936239
9.936239
9.936239
9.936239
9.936239
9.936239
9.936287
9.936287
9.936287
9.936287
9.936287
9.936287
9.936287
9.936287
9.936287
9.936287
9.936287
9.936287
9.936287
9.936287
9.936336
9.936336
9.936482
9.936482
9.936482
9.936482
9.936482
9.936482
9.936482
9.936482
9.936482
9.936482
9.936482
9.936482
9.936482
9.936488
9.936488
9.936488
9.936550
9.936550
9.936550
9.936550
9.936859
9.936859
9.936859
9.936859
9.936859
9.936859
9.936859
9.936859
9.936883
9.936883
9.936883
9.936883
9.936883
9.936883
9.936883
9.936883
9.936883
9.936885
9.936885
9.936885
9.936885
9.936893
9.936893
9.936893
9.936893
9.936893
9.936893
9.936893
9.936893
9.936893
9.936893
9.936893
9.936893
9.936893
9.936987
9.936987
9.936987
9.936987
9.936987
9.936987
9.937029
9.937029
9.937029
9.937029
9.937029
9.937029
9.937029
9.937029
9.937029
9.937029
9.937029
9.937029
9.937029
9.937029
9.937029
9.937029
9.937029
9.937029
9.937029
9.937029
9.937029
9.937029
9.937029
9.937029
9.937029
9.937029
9.937029
9.937029
9.937029
9.937029
9.937029
9.937029
9.937029
9.937029
9.937029
9.937029
9.937029
9.937029
9.937029
9.937029
9.937030
9.937030
10.101727
10.101727
10.101727
10.101727
10.116097
10.116097
10.116097
10.116097
10.116097
10.116113
10.116113
10.116113
10.116113
10.116113
10.116113
10.116113
10.116113
10.116113
10.116113
10.116113
10.116113
10.116113
10.116113
10.116113
10.116113
10.116113
10.116116
10.116116
10.116116
10.116116
10.116116
10.116116
10.116116
10.116116
10.116116
10.213644
10.213644
10.213644
10.213644
10.213644
10.213644
10.213644
10.213644
10.213687
10.213687
10.213687
10.213687
10.213687
10.213687
10.213687
10.213687
10.213687
10.213687
10.213687
10.213687
10.213687
10.213687
10.213687
10.213687
10.213687
10.213687
10.213687
10.213687
10.213687
10.213687
10.213687
10.213687
10.213687
10.213687
10.213687
10.213687
10.213687
10.213687
10.213687
10.213687
10.213687
10.213687
10.213687
10.213687
10.213687
10.213687
10.213687
10.213687
10.213687
10.213687
10.213687
10.213687
10.213687
10.213687
10.213687
10.213687
10.213687
10.213687
10.213687
10.213687
10.213687
10.213687
10.213687
10.213687
10.213687
10.213687
10.213687
10.213687
10.213687
10.213687
10.213687
10.213687
10.213687
10.213687
10.213687
10.213687
10.213687
10.213687
10.213687
10.213687
10.213731
10.213731
10.213731
10.213731
10.213731
10.213731
10.213731
10.213731
10.213731
10.213731
10.213731
10.213731
10.213731
10.213731
10.213731
10.213731
10.213731
10.213731
10.213731
10.213731
10.213731
10.213731
10.213731
10.213731
10.213731
10.213731
10.213731
10.213731
10.213731
10.213731
10.213731
10.213731
10.213731
10.213731
10.213731
10.213731
10.213731
10.213779
10.213779
10.213779
10.213779
10.213779
10.213779
10.213779
10.213779
10.213779
10.213779
10.213779
10.213779
10.213779
10.213779
10.213779
10.213779
10.213779
10.213779
10.213803
10.213803
10.213861
10.213861
10.213861
10.213861
10.213861
10.213861
10.213861
10.213861
10.213861
10.213862
10.213862
10.213862
10.213862
10.213862
10.213900
10.213900
10.213998
10.213998
10.214002
10.214002
10.214002
10.214002
10.214002
10.214049
10.214049
10.214049
10.214049
10.214049
10.214049
10.214171
10.214171
10.214171
10.214171
10.214171
10.214171
10.214171
10.214171
10.214222
10.214222
10.214222
10.214222
10.214222
10.214222
10.214222
10.214222
10.214222
10.214222
10.214222
10.214222
10.214222
10.214222
10.214222
10.214222
10.214222
10.214222
10.214222
10.214222
10.214225
10.214225
10.214225
10.214225
10.214225
10.214225
10.214225
10.214225
10.214225
10.214225
10.214225
10.214225
10.214225
10.214225
10.214225
10.214225
10.214225
10.214225
10.214225
10.214225
10.214225
10.214225
10.214225
10.214225
10.214225
10.214225
10.214225
10.214225
10.214239
10.214239
10.214239
10.214239
10.214239
10.214239
10.214239
10.214239
10.214239
10.214239
10.214239
10.214239
10.214239
10.214239
10.214239
10.214239
10.214239
10.214239
10.214239
10.214239
10.214239
10.214239
10.214239
10.214239
10.214239
10.214239
10.214239
10.214239
10.214239
10.214240
10.214240
10.214240
10.214240
10.214240
10.214240
10.214240
10.214240
10.214240
10.214240
10.214240
10.214240
10.214240
10.214240
10.214240
10.214240
10.214240
10.214240
10.214240
10.214240
10.214240
10.214240
10.214240
10.214240
10.214240
10.214240
10.214240
10.214240
10.214240
10.214240
10.214240
10.214240
10.214240
10.214265
10.214265
10.214265
10.214265
10.214265
10.214265
10.214265
10.214265
10.214265
10.214265
10.214265
10.214265
10.214287
10.214287
10.214287
10.214287
10.214287
10.214287
10.214287
10.214287
10.214287
10.214288
10.214288
10.214288
10.214304
10.214304
10.214304
10.214304
10.214304
10.214304
10.214304
10.214304
10.214314
10.214314
10.214314
10.214314
10.214314
10.214326
10.214329
10.214329
10.214329
10.214329
10.214329
10.214329
10.214329
10.214329
10.214329
10.214329
10.214329
10.214329
10.214329
10.214329
10.214329
10.214329
10.214329
10.214329
10.214329
10.214329
10.214329
10.214329
10.214329
10.214329
10.214329
10.214329
10.214329
10.214329
10.214329
10.214329
10.214329
10.214329
10.214329
10.214329
10.214329
10.214329
10.214329
10.214329
10.214329
10.214329
10.214329
10.214329
10.214329
10.214329
10.214329
10.214329
10.214329
10.214329
10.214329
10.214329
10.214329
10.214329
10.214339
10.214339
10.214339
10.214339
10.214339
10.214344
10.214344
10.214344
10.214344
10.214344
10.214344
10.214344
10.214344
10.214344
10.214344
10.214344
10.214344
10.214344
10.214344
10.214344
10.214344
10.214344
10.214344
10.214344
10.214344
10.214344
10.214344
10.214344
10.214344
10.214376
10.214376
10.214376
10.214376
10.214376
10.214376
10.214376
10.214376
10.214376
10.214376
10.214376
10.214376
10.214376
10.214376
10.214376
10.214380
10.214380
10.214380
10.214380
10.214380
10.214380
10.214380
10.214380
10.214380
10.214380
10.214380
10.214380
10.214380
10.214380
10.214380
10.214380
10.214380
10.214381
10.214381
10.214381
10.214381
10.214381
10.214381
10.214381
10.214381
10.214381
10.214381
10.214381
10.214381
10.214381
10.214381
10.214381
10.214381
10.214381
10.214381
10.214381
10.214381
10.214381
10.214418
10.214423
10.214423
10.214423
10.214423
10.214423
10.214423
10.214423
10.214423
10.214423
10.214423
10.214423
10.214423
10.214423
10.214423
10.214423
10.214423
10.214423
10.214423
10.214423
10.214423
10.214423
10.214423
10.214423
10.214423
10.214423
10.214423
10.214423
10.214423
10.214423
10.214423
10.214423
10.214423
10.214423
10.214423
10.214423
10.214423
10.214423
10.214423
10.214423
10.214423
10.214423
10.214423
10.214423
10.214423
10.214423
10.214424
10.214424
10.214424
10.214424
10.214424
10.214424
10.214424
10.214424
10.214440
10.214440
10.214440
10.214440
10.214440
10.214440
10.214440
10.214440
10.214440
10.214440
10.214440
10.214440
10.214440
10.214440
10.214440
10.214440
10.214440
10.214440
10.214440
10.214440
10.214440
10.206018
10.206018
10.206018
10.206018
10.206018
10.206018
10.206018
10.206018
10.206018
10.206018
10.206018
10.206018
10.206018
10.206018
10.206018
10.206018
10.206018
10.206018
10.206018
10.206018
10.206018
10.206018
10.206018
10.206018
10.206018
10.206018
10.206018
10.206018
10.206018
10.206018
10.206018
10.206018
10.206018
10.206018
10.206018
10.206018
10.206018
10.206018
10.206018
10.206018
10.206018
10.206018
10.206018
10.206018
10.206018
10.206018
10.206019
10.206019
10.206019
10.206019
10.206019
10.206019
10.206019
10.206019
10.206019
10.206019
10.206074
10.206095
10.206095
10.206095
10.206095
10.206096
10.206096
10.206096
10.206096
10.206096
10.206096
10.206096
10.206096
10.206096
10.206096
10.206096
10.206096
10.206096
10.206162
10.206257
10.206257
10.206257
10.206257
10.206257
10.213902
10.213902
10.213902
10.213902
10.213902
10.213902
10.213902
10.213902
10.213902
10.213902
10.213902
10.213902
10.213902
10.213902
10.213902
10.213902
10.213902
10.213902
10.213979
10.213979
10.214034
10.214034
10.214034
10.214034
10.214034
10.214034
10.214034
10.214034
10.214034
10.214034
10.214034
10.214034
10.214034
10.214034
10.214034
10.214034
10.214034
10.214034
10.214034
10.214034
10.214034
10.214034
10.214034
10.214034
10.214034
10.214034
10.214034
10.214034
10.214034
10.214034
10.214034
10.214034
10.214034
10.214034
10.214135
10.214135
10.214135
10.214261
10.214312
10.214312
10.214312
10.214312
10.214312
10.214312
10.214312
10.214312
10.214312
10.214312
10.214312
10.214312
10.214312
10.214312
10.214312
10.214312
10.214312
10.214312
10.214312
10.214312
10.214312
10.214312
10.214312
10.214312
10.214312
10.214312
10.214312
10.214312
10.214312
10.214312
10.214330
10.214330
10.214330
10.214330
10.214330
10.214330
10.214330
10.214330
10.214330
10.214330
10.214330
10.214330
10.214330
10.214330
10.214330
10.214330
10.214330
10.214330
10.214330
10.214330
10.214330
10.214330
10.214330
10.214330
10.214525
10.214525
10.214525
10.214525
10.214525
10.214525
10.214525
10.214777
10.214777
10.214777
10.214777
10.214777
10.214777
10.214777
10.214777
10.214777
10.214777
10.214777
10.214777
10.214777
10.214777
10.214777
10.214794
10.214794
10.214794
10.214794
10.214794
10.214794
10.214794
10.214794
10.214794
10.215058
10.215058
10.215058
10.215058
10.215058
10.215058
10.215058
10.215154
10.215154
10.215154
10.215154
10.215440
10.215440
10.215440
10.215440
10.215440
10.215440
10.215440
10.215440
10.215440
10.215440
10.215440
10.215440
10.215440
10.215440
10.215440
10.215440
10.215440
10.215440
10.215632
10.215632
10.215632
10.215632
10.215632
10.215632
10.215632
10.215632
10.215632
10.215632
10.215632
10.215632
10.215632
10.215632
10.215632
10.215632
10.216034
10.216034
10.216034
10.216034
10.216034
10.216034
10.216034
10.216034
10.216034
10.216034
10.216034
10.216034
10.216034
10.216034
10.216034
10.216034
10.216034
10.216034
10.216034
10.216034
10.216034
10.216034
10.216034
10.216034
10.216034
10.216034
10.216034
10.216034
10.216300
10.217301
10.217301
10.217301
10.217301
10.217301
10.217301
10.217301
10.217301
10.217301
10.217301
10.217301
10.217301
10.217301
10.217301
10.217301
10.217301
10.217301
10.217301
10.217301
10.217301
10.217301
10.217301
10.217301
10.217301
10.217301
10.218285
10.218285
10.218285
10.218285
10.218285
10.218285
10.218285
10.218285
10.218285
10.218285
10.218285
10.218285
10.218285
10.218285
10.218285
10.218285
10.218379
10.218379
10.219363
10.219363
10.219363
10.219363
10.219363
10.219363
10.219363
10.221154
10.221154
10.221154
10.221154
10.221154
10.221154
10.221154
10.221154
10.221154
10.221154
10.221154
10.221154
10.221154
10.221154
10.221154
10.221154
10.221154
10.221154
10.221154
10.221154
10.221154
10.221154
10.221154
10.221154
10.221154
10.221154
10.221154
10.221154
10.221154
10.221154
10.221154
10.221154
10.221154
10.221154
10.221154
10.221154
10.221154
10.221154
10.221154
10.221154
10.221154
10.221154
10.221154
10.221154
10.221154
10.221154
10.221154
10.222253
10.222253
10.222253
10.222253
10.222253
10.222253
10.222253
10.222253
10.222253
10.222253
10.222253
10.222253
10.222253
10.222253
10.222253
10.222253
10.222253
10.222253
10.222253
10.222253
10.223738
10.223738
10.223738
10.223738
10.223738
10.223738
10.223738
10.224523
10.225067
10.225067
10.225067
10.225067
10.225067
10.225067
10.225067
10.225067
10.225067
10.226964
10.226964
10.226964
10.226964
10.226964
10.226964
10.226964
10.226964
10.226964
10.226964
10.227700
10.227700
10.227700
10.227700
10.227700
10.227700
10.227700
10.227700
10.227700
10.227700
10.227700
10.227700
10.227700
10.227700
10.227700
10.227700
10.227700
10.227700
10.227700
10.227700
10.227700
10.227700
10.227700
10.227700
10.228466
10.228466
10.228466
10.228466
10.228466
10.228466
10.228466
10.228466
10.228466
10.228466
10.228466
10.228466
10.228466
10.228466
10.228466
10.228466
10.228466
10.228466
10.228466
10.228466
10.228466
10.228466
10.228466
10.228466
10.228466
10.228466
10.228466
10.228466
10.228466
10.228466
10.228466
10.228466
10.228557
10.228557
10.228557
10.228557
10.228557
10.228557
10.228557
10.228557
10.228557
10.228557
10.228557
10.228557
10.228557
10.228557
10.228557
10.228557
10.228557
10.228557
10.228557
10.228557
10.228557
10.228557
10.228557
10.228557
10.228557
10.228557
10.228557
10.228557
10.228684
10.228684
10.228767
10.228767
10.228767
10.228767
10.228767
10.228767
10.228767
10.228767
10.228767
10.228767
10.228767
10.228767
10.228767
10.228767
10.228780
10.228780
10.228780
10.228780
10.228780
10.228822
10.228822
10.228822
10.228822
10.228822
10.228822
10.228822
10.228822
10.228822
10.233574
10.233574
10.233574
10.233574
10.233574
10.233574
10.233574
10.233574
10.233574
10.233574
10.233574
10.233574
10.233574
10.233574
10.233574
10.233574
10.233574
10.233574
10.233574
10.233574
10.233574
10.233574
10.233574
10.233574
10.233574
10.233574
10.233574
10.233574
10.233574
10.233574
10.233574
10.233574
10.233574
10.233574
10.233574
10.233574
10.233574
10.233574
10.233574
10.233574
10.233574
10.233574
10.233574
10.233574
10.233574
10.233574
10.233574
10.233574
10.233574
10.233574
10.233574
10.233574
10.233574
10.233574
10.233574
10.233574
10.233574
10.233574
10.233574
10.233574
10.233574
10.233574
10.233574
10.233574
10.233574
10.233574
10.233574
10.233574
10.233574
10.233574
10.233574
10.233574
10.233574
10.233574
10.233574
10.233574
10.233574
10.233574
10.233574
10.233574
10.233574
10.233574
10.233574
10.233574
10.233574
10.233574
10.233574
10.233574
10.233574
10.233574
10.233574
10.233574
10.233574
10.233574
10.233574
10.233574
10.233574
10.234217
10.234217
10.234217
10.234217
10.234217
10.234217
10.234217
10.234217
10.234217
10.234217
10.234217
10.234217
10.234217
10.234217
10.234217
10.234217
10.234217
10.234217
10.234217
10.234217
10.234217
10.234217
10.234217
10.234217
10.234217
10.234217
10.234217
10.234217
10.234217
10.234217
10.234217
10.234217
10.234217
10.234217
10.234217
10.234217
10.234217
10.234217
10.234217
10.234217
10.234217
10.234217
10.234217
10.234217
10.234217
10.234217
10.234302
10.234302
10.234302
10.234302
10.234302
10.234302
10.234302
10.234302
10.234302
10.234302
10.234302
10.234303
10.234303
10.234303
10.234303
10.234303
10.234303
10.234303
10.234303
10.234303
10.234303
10.234303
10.234303
10.234303
10.234303
10.234303
10.234303
10.234303
10.234303
10.234303
10.234303
10.234303
10.234303
10.234303
10.234303
10.234303
10.234303
10.234303
10.234303
10.234303
10.234303
10.234303
10.234303
10.234303
10.234303
10.234303
10.234303
10.234303
10.234308
10.234308
10.234308
10.234308
10.234308
10.234308
10.234308
10.234308
10.234308
10.234308
10.234308
10.234308
10.234308
10.234308
10.234308
10.234308
10.234308
10.234308
10.234308
10.234308
10.234308
10.234308
10.234308
10.234308
10.234308
10.234308
10.234308
10.234308
10.234308
10.234308
10.234308
10.234308
10.234308
10.234308
10.234308
10.234308
10.234308
10.234308
10.234308
10.234308
10.234308
10.234308
10.234308
10.234308
10.234308
10.234308
10.234308
10.234372
10.234372
10.234372
10.234372
10.234372
10.234372
10.234372
10.234372
10.234372
10.234372
10.234372
10.234372
10.234372
10.234372
10.234372
10.234372
10.234372
10.234372
10.234372
10.234372
10.234372
10.234372
10.234372
10.234372
10.234372
10.234372
10.234372
10.234372
10.234372
10.234372
10.234372
10.234372
10.234372
10.234372
10.234372
10.234372
10.234372
10.234372
10.234372
10.234372
10.234374
10.234374
10.234374
10.234374
10.234374
10.234382
10.234382
10.234384
10.234384
10.234384
10.234384
10.234384
10.234384
10.234384
10.234384
10.234384
10.234384
10.234384
10.234385
10.234385
10.234385
10.234385
10.234385
10.234385
10.234385
10.234385
10.234385
10.234385
10.234385
10.234385
10.234385
10.234385
10.234385
10.234385
10.234385
10.234385
10.234385
10.234385
10.234385
10.234385
10.234385
10.234385
10.234385
10.234385
10.234385
10.234385
10.234385
10.234385
10.234385
10.234385
10.234385
10.234385
10.234385
10.234385
10.234395
10.234499
10.234499
10.234499
10.234499
10.234499
10.234499
10.234499
10.234499
10.234499
10.234499
10.234499
10.234499
10.234499
10.234499
10.234499
10.234499
10.234499
10.234499
10.234499
10.234499
10.234499
10.234499
10.234499
10.234556
10.234556
10.234556
10.234556
10.234575
10.234575
10.234575
10.234575
10.234575
10.234575
10.234575
10.234575
10.234575
10.234822
10.234822
10.234822
10.234822
10.234822
10.234822
10.234822
10.234822
10.234822
10.234822
10.234822
10.234828
10.234828
10.234828
10.234828
10.234828
10.234828
10.234828
10.234828
10.234828
10.234828
10.234828
10.234828
10.235022
10.235022
10.235022
10.235239
10.235239
10.235239
10.235447
10.235447
10.235447
10.235447
10.235644
10.235644
10.235644
10.235644
10.235644
10.235644
10.235644
10.235644
10.235644
10.235644
10.235954
10.235954
10.235954
10.235954
10.235954
10.235954
10.235954
10.235954
10.235954
10.235954
10.235954
10.235954
10.235954
10.235954
10.235954
10.235954
10.235954
10.235954
10.235954
10.235954
10.235964
10.235964
10.236047
10.236047
10.236047
10.236047
10.236047
10.236047
10.236047
10.236047
10.236047
10.236047
10.236047
10.236047
10.236047
10.236047
10.236047
10.236047
10.236047
10.236047
10.236047
10.236047
10.236047
10.236047
10.236047
10.236103
10.236103
10.236103
10.236103
10.236103
10.236103
10.236103
10.236103
10.236103
10.236103
10.236103
10.236103
10.236103
10.236103
10.236103
10.236103
10.236103
10.236103
10.236103
10.236103
10.236103
10.236103
10.236103
10.236103
10.236103
10.236103
10.236103
10.236103
10.236103
10.236103
10.236103
10.236103
10.236103
10.236103
10.236103
10.236103
10.236103
10.236103
10.236103
10.236103
10.236103
10.236103
10.236103
10.236103
10.236103
10.236103
10.236103
10.236103
10.236103
10.236103
10.236103
10.236103
10.236103
10.236103
10.236103
10.236103
10.236103
10.236103
10.236103
10.236110
10.236110
10.236110
10.236110
10.236110
10.236110
10.236110
10.236110
10.236110
10.236110
10.236110
10.236110
10.236110
10.236116
10.236116
10.236116
10.236116
10.236116
10.236116
10.236116
10.236116
10.236116
10.236116
10.236116
10.236116
10.236116
10.236116
10.236116
10.236116
10.236116
10.236116
10.236116
10.236116
10.236116
10.236116
10.236116
10.236116
10.236116
10.236116
10.236131
10.236131
10.236131
10.236131
10.236183
10.236183
10.236183
10.236183
10.236183
10.236183
10.236183
10.236183
10.236183
10.236183
10.236183
10.236183
10.236183
10.236183
10.236183
10.236183
10.236183
10.236183
10.236183
10.236183
10.236183
10.236183
10.236183
10.236183
10.236183
10.236183
10.236183
10.236183
10.236183
10.236183
10.236187
10.236187
10.236187
10.236187
10.236187
10.236209
10.236224
10.236224
10.236224
10.236224
10.236224
10.236224
10.236224
10.236224
10.236237
10.236237
10.236237
10.236237
10.236237
10.236237
10.236237
10.236237
10.236237
10.236237
10.236237
10.236237
10.236238
10.236238
10.236238
10.236238
10.236238
10.236238
10.236238
10.236238
10.236238
10.236504
10.236504
10.236504
10.236556
10.236556
10.236556
10.236556
10.236556
10.236556
10.236556
10.236556
10.236556
10.236556
10.236580
10.236580
10.236580
10.236580
10.236580
10.236580
10.236580
10.236580
10.236580
10.236580
10.236580
10.236580
10.236580
10.236580
10.236580
10.236580
10.236580
10.236580
10.236580
10.236580
10.236580
10.236580
10.236580
10.236580
10.236580
10.236580
10.236580
10.236580
10.236580
10.236580
10.236580
10.236580
10.236580
10.236580
10.236580
10.236580
10.236580
10.236580
10.236580
10.236580
10.236580
10.236580
10.236580
10.236580
10.236580
10.236580
10.236580
10.236580
10.236580
10.236580
10.236580
10.236580
10.236580
10.236580
10.236580
10.236580
10.236617
10.236617
10.236617
10.236617
10.236617
10.236617
10.236617
10.236617
10.236617
10.236617
10.236617
10.236617
10.236617
10.236617
10.236617
10.236617
10.236617
10.236617
10.236617
10.236617
10.236617
10.236617
10.236617
10.236617
10.236617
10.236617
10.236617
10.236617
10.236617
10.236617
10.236617
10.236617
10.236617
10.236617
10.236617
10.236617
10.236617
10.236617
10.236617
10.236617
10.236617
10.236617
10.236617
10.236617
10.236617
10.236617
10.236617
10.236617
10.236617
10.236617
10.236617
10.236617
10.236617
10.236617
10.236617
10.236617
10.236617
10.236617
10.236617
10.236617
10.236617
10.236617
10.236617
10.236617
10.236617
10.236617
10.236617
10.236617
10.236617
10.236617
10.236617
10.236617
10.236617
10.236617
10.236617
10.236617
10.236617
10.236617
10.236617
10.236617
10.236617
10.236617
10.236617
10.236617
10.236617
10.236617
10.236617
10.236617
10.236617
10.236617
10.236617
10.236617
10.236617
10.236617
10.236617
10.236617
10.236617
10.236634
10.236634
10.236634
10.236634
10.236634
10.236634
10.236634
10.236634
10.236634
10.236634
10.236638
10.236639
10.236639
10.236639
10.236639
10.236639
10.236639
10.236639
10.236639
10.236639
10.236639
10.236639
10.236639
10.236639
10.236639
10.236639
10.236639
10.236666
10.236666
10.236666
10.236666
10.236666
10.236666
10.236666
10.236666
10.236666
10.236666
10.236666
10.236666
10.236666
10.236666
10.236666
10.236666
10.236666
10.236666
10.236666
10.236666
10.236666
10.236666
10.236666
10.236666
10.236666
10.236666
10.236666
10.236666
10.236666
10.236666
10.236666
10.236666
10.236666
10.236666
10.236666
10.236666
10.236666
10.236666
10.236666
10.236666
10.236666
10.236666
10.236666
10.236666
10.236666
10.236666
10.236666
10.236666
10.236666
10.236666
10.236666
10.236666
10.236666
10.236666
10.236666
10.236666
10.236666
10.236666
10.236666
10.236666
10.236666
10.236666
10.236666
10.236666
10.236666
10.236666
10.236666
10.236666
10.236666
10.236666
10.236666
10.236669
10.236670
10.236670
10.236670
10.236670
10.236670
10.236670
10.236670
10.236670
10.236670
10.236670
10.236670
10.236670
10.236670
10.236670
10.236670
10.236670
10.236670
10.236670
10.236670
10.236670
10.236670
10.236670
10.236670
10.236670
10.236670
10.236670
10.236670
10.236670
10.236670
10.236670
10.236670
10.236670
10.236670
10.236670
10.236670
10.236670
10.236670
10.236670
10.236670
10.236670
10.236670
10.236670
10.236670
10.236670
10.236670
10.236670
10.236670
10.236670
10.236670
10.236670
10.236670
10.236670
10.236670
10.236670
10.236670
10.236670
10.236670
10.236670
10.236670
10.236670
10.236670
10.236670
10.236670
10.236670
10.236670
10.236670
10.236670
10.236670
10.236670
10.236670
10.236670
10.236670
10.236670
10.236672
10.236672
10.236672
10.236672
10.236672
10.236672
10.236672
10.236672
10.236672
10.236672
10.236672
10.236672
10.236672
10.236672
10.236672
10.236672
10.236672
10.236672
10.236672
10.236672
10.236672
10.236672
10.236672
10.236672
10.236672
10.236672
10.236672
10.236672
10.236672
10.236673
10.236673
10.236673
10.236673
10.236673
10.236673
10.236673
10.236673
10.236673
10.236673
10.236673
10.236673
10.236673
10.236673
10.236673
10.236673
10.236673
10.236673
10.236673
10.236673
10.236673
10.236673
10.236673
10.236673
10.236673
10.236673
10.236673
10.236673
10.236673
10.236673
10.236673
10.236673
10.236673
10.236673
10.236673
10.236673
10.236673
10.236673
10.236673
10.236673
10.236673
10.236673
10.236673
10.236673
10.236673
10.236673
10.236673
10.236673
10.236673
10.236673
10.236673
10.236673
10.236673
10.236673
10.236673
10.236673
10.236673
10.236673
10.236673
10.236673
10.236673
10.236673
10.236673
10.236673
10.236674
10.236674
10.236674
10.236674
10.236674
10.236674
10.236674
10.236674
10.236674
10.236674
10.236674
10.236674
10.236674
10.236674
10.236674
10.236674
10.236674
10.236674
10.236674
10.236674
10.236674
10.236674
10.236674
10.236674
10.236674
10.236674
10.236674
10.236674
10.236674
10.236674
10.236675
10.236675
10.236675
10.236675
10.236675
10.236675
10.236675
10.236675
10.236675
10.236675
10.236675
10.236675
10.236675
10.236675
10.236675
10.236675
10.236675
10.236675
10.236675
10.236675
10.236675
10.236675
10.236675
10.236675
10.236675
10.236675
10.236675
10.236675
10.236675
10.236675
10.236675
10.236675
10.236675
10.236675
10.236675
10.236675
10.236675
10.236675
10.236675
10.236675
10.236675
10.236675
10.236675
10.236675
10.236676
10.236676
10.236676
10.236676
10.236676
10.236676
10.236676
10.236676
10.236676
10.236676
10.236676
10.236676
10.236676
10.236676
10.236676
10.236678
10.236679
10.236679
10.236679
10.236679
10.236679
10.236679
10.236679
10.236679
10.236679
10.236679
10.236679
10.236679
10.236679
10.236679
10.236679
10.236679
10.236679
10.236679
10.236679
10.236679
10.236679
10.236679
10.236679
10.236679
10.236679
10.236679
10.236679
10.236679
10.236679
10.236679
10.236679
10.236679
10.236679
10.236679
10.236679
10.236679
10.236681
10.236681
10.236681
10.236683
10.236683
10.236683
10.236683
10.236683
10.236683
10.236683
10.236683
10.236683
10.236683
10.236683
10.236683
10.236683
10.236683
10.236683
10.236683
10.236683
10.236683
10.236684
10.236684
10.236684
10.236684
10.236684
10.236684
10.236684
10.236684
10.236684
10.236684
10.236684
10.236684
10.236684
10.236684
10.236684
10.236684
10.236684
10.236688
10.236688
10.236688
10.236688
10.236688
10.236688
10.236688
10.236688
10.236688
10.297576
10.297576
10.297576
10.297576
10.297578
10.297578
10.297578
10.297578
10.297578
10.297578
10.297578
10.297578
10.297578
10.297578
10.297578
10.297578
10.297578
10.297578
10.297578
10.297578
10.297578
10.297578
10.297578
10.297578
10.297578
10.297578
10.297578
10.297578
10.297578
10.297578
10.297578
10.297578
10.297578
10.297578
10.297578
10.297578
10.297578
10.297578
10.297578
10.297578
10.297578
10.297578
10.297578
10.297578
10.297578
10.297578
10.297578
10.297578
10.297578
10.297578
10.297578
10.297578
10.297578
10.297578
10.297578
10.297578
10.297578
10.297578
10.297578
10.297578
10.297578
10.297578
10.297578
10.297578
10.297578
10.297578
10.297578
10.297578
10.297578
10.297578
10.297578
10.297581
10.297581
10.297581
10.297581
10.297581
10.297581
10.297581
10.297581
10.297581
10.297581
10.297581
10.297581
10.297581
10.297581
10.297581
10.297581
10.297581
10.297581
10.297581
10.297581
10.297581
10.297581
10.297581
10.297581
10.297581
10.297581
10.297581
10.297581
10.297581
10.297581
10.297581
10.297581
10.297581
10.297581
10.297581
10.297581
10.297581
10.297581
10.297581
10.297581
10.297581
10.297581
10.297581
10.297581
10.297581
10.297581
10.297581
10.297581
10.297581
10.297581
10.297581
10.297581
10.297581
10.297586
10.297586
10.297586
10.297586
10.297586
10.297586
10.297586
10.297586
10.297586
10.297586
10.297586
10.297586
10.297586
10.297586
10.297586
10.297586
10.297586
10.297586
10.297586
10.297586
10.297586
10.297586
10.297586
10.297586
10.297586
10.297586
10.297586
10.297586
10.297586
10.297586
10.297586
10.308225
10.308225
10.308225
10.308225
10.308225
10.308225
10.308225
10.308225
10.308225
10.308225
10.308225
10.308225
10.308225
10.308225
10.308225
10.308225
10.308226
10.308226
10.308226
10.308226
10.308226
10.308226
10.308226
10.308226
10.308226
10.308229
10.308229
10.308229
10.308229
10.308229
10.308229
10.308229
10.308234
10.308234
10.308234
10.308234
10.308234
10.308234
10.308234
10.308236
10.308236
10.308236
10.308236
10.308236
10.308236
10.308236
10.308236
10.308236
10.308236
10.308236
10.308236
10.308236
10.308236
10.308236
10.308236
10.308236
10.308236
10.308236
10.308236
10.308236
10.308236
10.308236
10.308236
10.308236
10.308236
10.308236
10.308236
10.308236
10.272874
10.272874
10.272874
10.272874
10.272874
10.272874
10.272874
10.272874
10.272874
10.272874
10.272874
10.272874
10.272874
10.272874
10.272874
10.272874
10.273879
10.273879
10.273879
10.273879
10.273879
10.274893
10.274893
10.274893
10.274893
10.274893
10.274893
10.274893
10.274893
10.274893
10.274893
10.274893
10.274893
10.274893
10.274893
10.274893
10.274893
10.274893
10.274893
10.274893
10.274893
10.274893
10.274893
10.274893
10.274893
10.274893
10.274893
10.274893
10.274893
10.274893
10.274893
10.274893
10.274893
10.274893
10.274893
10.274893
10.274893
10.274893
10.274893
10.274893
10.274893
10.274893
10.274893
10.274893
10.274893
10.274893
10.274893
10.274893
10.274893
10.274894
10.274894
10.274894
10.274894
10.274894
10.274894
10.274894
10.274894
10.274903
10.274903
10.274903
10.274903
10.274906
10.274906
10.274906
10.274906
10.274906
10.274906
10.274906
10.274906
10.274906
10.274906
10.274906
10.274906
10.274906
10.274906
10.274906
10.274906
10.274906
10.274906
10.274906
10.274906
10.274906
10.274906
10.274906
10.274906
10.274906
10.274906
10.274906
10.274906
10.274906
10.274906
10.274906
10.274906
10.274906
10.274906
10.274906
10.274906
10.274908
10.274908
10.274908
10.274908
10.274908
10.274908
10.274908
10.274908
10.274908
10.274908
10.274908
10.274908
10.274908
10.274908
10.274908
10.274908
10.282415
10.282415
10.282415
10.282415
10.282415
10.282415
10.286892
10.286892
10.286892
10.286892
10.286892
10.286892
10.286895
10.286895
10.286895
10.286895
10.286895
10.286895
10.286895
10.295043
10.295043
10.295043
10.295043
10.297493
10.297493
10.297493
10.299070
10.299070
10.299070
10.299070
10.299070
10.299070
10.299070
10.299070
10.299070
10.299070
10.299070
10.299070
10.299070
10.299070
10.299070
10.299070
10.299070
10.299070
10.299070
10.299070
10.299070
10.299070
10.299070
10.299070
10.299070
10.299070
10.299070
10.299070
10.299070
10.299070
10.299070
10.299070
10.299070
10.299070
10.299070
10.299070
10.299070
10.299070
10.299070
10.299070
10.299070
10.299070
10.299070
10.299070
10.299070
10.299070
10.299070
10.299070
10.299070
10.299070
10.299070
10.299070
10.299070
10.299070
10.299070
10.299070
10.299070
10.299070
10.299070
10.299070
10.299070
10.299070
10.299070
10.299070
10.299070
10.299070
10.299070
10.299072
10.299072
10.299072
10.299072
10.299072
10.299072
10.299072
10.299072
10.299072
10.299072
10.299072
10.299072
10.299072
10.299072
10.299072
10.299072
10.299072
10.299072
10.299072
10.299072
10.299072
10.299072
10.299072
10.299072
10.299072
10.299072
10.299072
10.299072
10.299072
10.299072
10.299072
10.299072
10.299072
10.299072
10.299072
10.299072
10.299072
10.299072
10.299072
10.299072
10.299072
10.299072
10.299077
10.299077
10.299077
10.299077
10.299077
10.299077
10.299077
10.299077
10.299077
10.299077
10.299077
10.299077
10.299077
10.299077
10.299077
10.299077
10.299077
10.299077
10.299077
10.299077
10.299077
10.299077
10.299077
10.299077
10.299077
10.299077
10.299077
10.299077
10.299077
10.299077
10.299077
10.299077
10.299077
10.299077
10.299077
10.299077
10.299077
10.299077
10.299077
10.299077
10.299077
10.299077
10.299077
10.299077
10.299077
10.299077
10.299077
10.299077
10.299077
10.299077
10.299077
10.299077
10.299077
10.299077
10.299077
10.299077
10.299077
10.299077
10.299077
10.299077
10.299077
10.299077
10.299077
10.299077
10.299080
10.299080
10.299080
10.299080
10.299080
10.299080
10.299080
10.299080
10.299080
10.299080
10.299080
10.299080
10.299080
10.299080
10.299080
10.299080
10.299080
10.299080
10.299080
10.299080
10.299080
10.299080
10.299080
10.299080
10.299080
10.299080
10.299080
10.299080
10.299080
10.299080
10.299080
10.299080
10.299080
10.299080
10.299080
10.299080
10.299080
10.299080
10.299080
10.299080
10.299080
10.299080
10.299080
10.299080
10.299080
10.299080
10.299080
10.299080
10.299080
10.299080
10.299080
10.299080
10.299080
10.299080
10.299080
10.299080
10.299080
10.299080
10.299080
10.299080
10.299080
10.299080
10.299080
10.299080
10.299080
10.299080
10.299080
10.299080
10.299080
10.299080
10.299080
10.299080
10.299080
10.299080
10.299080
10.299080
10.299080
10.247902
10.247902
10.247902
10.247902
10.247902
10.247902
10.247902
10.247902
10.247902
10.247902
10.247902
10.247902
10.247902
10.247902
10.247902
10.247902
10.247902
10.247902
10.247902
10.247902
10.247902
10.247902
10.247902
10.247902
10.247902
10.247902
10.247902
10.247902
10.247902
10.247902
10.247902
10.247902
10.247902
10.247902
10.247902
10.247902
10.247902
10.247902
10.247902
10.247902
10.247902
10.247902
10.247902
10.247902
10.248297
10.248472
10.248472
10.248472
10.248561
10.248561
10.248561
10.248561
10.248561
10.248561
10.248561
10.248561
10.248561
10.248561
10.248561
10.248561
10.248561
10.248561
10.248561
10.248561
10.248563
10.248563
10.248563
10.248563
10.248563
10.248563
10.248563
10.248563
10.248563
10.248563
10.248563
10.248563
10.248563
10.248563
10.248563
10.248563
10.248563
10.248563
10.248563
10.248563
10.248563
10.248563
10.248563
10.248563
10.248563
10.248563
10.248563
10.248563
10.248563
10.248590
10.248590
10.248590
10.248590
10.248590
10.248590
10.248590
10.248590
10.248590
10.248590
10.248590
10.248590
10.248590
10.248590
10.248590
10.248590
10.248590
10.248590
10.248590
10.248590
10.248590
10.248590
10.248590
10.248590
10.248590
10.248590
10.248590
10.248590
10.248590
10.248590
10.248590
10.248590
10.248590
10.248590
10.248590
10.248590
10.248590
10.248667
10.248667
10.248667
10.248667
10.248667
10.248667
10.248667
10.248667
10.248667
10.248667
10.248667
10.248667
10.248667
10.248667
10.248667
10.248667
10.248667
10.248667
10.248667
10.248667
10.248667
10.248667
10.248667
10.248667
10.248667
10.248667
10.248667
10.248667
10.248667
10.248667
10.248671
10.248671
10.248671
10.248671
10.248671
10.248671
10.248671
10.248671
10.248671
10.248671
10.248671
10.248671
10.248671
10.248671
10.248671
10.248671
10.248671
10.248671
10.248671
10.248671
10.248704
10.248704
10.248704
10.248704
10.248704
10.248704
10.248704
10.248708
10.248708
10.248708
10.248711
10.248717
10.248732
10.248732
10.248732
10.248732
10.248732
10.248732
10.248732
10.248732
10.248732
10.248732
10.248732
10.248732
10.248732
10.248732
10.248732
10.248732
10.248732
10.248732
10.248732
10.248732
10.248732
10.248732
10.248732
10.248768
10.248768
10.248768
10.248768
10.248768
10.248768
10.248768
10.248768
10.248768
10.248768
10.248768
10.248768
10.248768
10.248768
10.248768
10.248768
10.248768
10.248768
10.248768
10.248773
10.248773
10.248773
10.248773
10.248773
10.248773
10.248773
10.248773
10.248773
10.248773
10.248773
10.248773
10.248773
10.248773
10.248773
10.248773
10.248773
10.248773
10.248773
10.248773
10.248773
10.248773
10.248773
10.248773
10.248773
10.248773
10.248773
10.248773
10.248773
10.248784
10.248784
10.248860
10.248860
10.248860
10.248860
10.248860
10.248860
10.248860
10.248860
10.248929
10.248929
10.248929
10.248929
10.248929
10.248929
10.248929
10.248929
10.248931
10.248931
10.248931
10.248931
10.248933
10.248933
10.248933
10.248933
10.248933
10.248933
10.248933
10.248933
10.248933
10.248933
10.248933
10.248933
10.248933
10.248933
10.248936
10.248936
10.248936
10.248936
10.248936
10.248936
10.248936
10.248936
10.248936
10.248936
10.248936
10.248936
10.248936
10.248936
10.248936
10.248936
10.248936
10.248936
10.248936
10.248936
10.248936
10.248936
10.248936
10.248936
10.248936
10.248936
10.248936
10.248936
10.248936
10.248936
10.248936
10.248936
10.248936
10.248936
10.248936
10.248936
10.248936
10.248936
10.248936
10.248936
10.248936
10.248936
10.248936
10.248936
10.248936
10.248936
10.248944
10.248944
10.248979
10.248979
10.248979
10.248979
10.248979
10.248979
10.248979
10.248979
10.248979
10.248979
10.248979
10.248979
10.248979
10.248979
10.248979
10.248979
10.248979
10.248979
10.248988
10.248988
10.248988
10.248988
10.248988
10.248988
10.248988
10.248988
10.248988
10.248988
10.248988
10.248988
10.248988
10.248988
10.248990
10.248990
10.248990
10.248990
10.248990
10.248990
10.248990
10.248990
10.248990
10.248990
10.248990
10.248990
10.248990
10.248990
10.248990
10.248990
10.248990
10.248990
10.248990
10.248990
10.249049
10.249049
10.249049
10.249049
10.249170
10.249170
10.249170
10.249170
10.249170
10.249170
10.249170
10.249170
10.249170
10.249170
10.249170
10.249170
10.249184
10.249184
10.249184
10.249184
10.249184
10.249184
10.249184
10.249184
10.249186
10.249192
10.249192
10.249192
10.249192
10.249192
10.249192
10.249192
10.249192
10.249192
10.249198
10.249198
10.249247
10.249247
10.249247
10.249247
10.249247
10.249247
10.249247
10.249247
10.249247
10.249247
10.249247
10.249247
10.249247
10.249247
10.249247
10.249247
10.249247
10.249247
10.249257
10.249257
10.249257
10.249257
10.249257
10.249257
10.249257
10.249257
10.249257
10.249257
10.249257
10.249257
10.249258
10.249258
10.249258
10.249258
10.249258
10.249258
10.249258
10.249258
10.249260
10.249260
10.249260
10.249260
10.249260
10.249260
10.249260
10.249260
10.249260
10.249260
10.249260
10.249260
10.249260
10.249260
10.249260
10.249260
10.249260
10.249260
10.249260
10.249260
10.249260
10.249260
10.249260
10.249260
10.249260
10.249260
10.249260
10.249260
10.249260
10.249260
10.249260
10.249260
10.249260
10.249260
10.249260
10.249260
10.249260
10.249260
10.249260
10.249260
10.249260
10.249260
10.249267
10.249267
10.249267
10.249272
10.249272
10.249272
10.249272
10.249272
10.249275
10.249275
10.249275
10.249275
10.249284
10.249284
10.249284
10.249284
10.249284
10.249284
10.249284
10.249284
10.249284
10.249284
10.249284
10.249284
10.249284
10.249284
10.249284
10.249284
10.249284
10.249284
10.249284
10.249284
10.249289
10.249289
10.249289
10.249298
10.249298
10.249298
10.249298
10.249305
10.249305
10.249306
10.249306
10.249306
10.249306
10.249306
10.249306
10.249306
10.249306
10.249306
10.249306
10.249306
10.249306
10.249306
10.249306
10.249306
10.249306
10.249306
10.249306
10.249306
10.249306
10.249306
10.249306
10.249329
10.249329
10.249329
10.249329
10.249329
10.249329
10.249329
10.249329
10.249329
10.249329
10.249329
10.249329
10.249329
10.249335
10.249335
10.249335
10.249335
10.249335
10.249335
10.249335
10.249335
10.249335
10.249335
10.249335
10.249335
10.249335
10.249335
10.249335
10.249335
10.249335
10.249335
10.249335
10.249335
10.249335
10.249335
10.249335
10.249335
10.249335
10.249335
10.249335
10.249335
10.249335
10.249335
10.249335
10.249335
10.249335
10.249335
10.249335
10.249335
10.249335
10.249335
10.249335
10.249335
10.249335
10.249335
10.249335
10.249335
10.249335
10.249335
10.249335
10.249335
10.249335
10.249335
10.249335
10.249335
10.249335
10.249335
10.249335
10.249335
10.249335
10.249335
10.249335
10.249335
10.249335
10.249335
10.249335
10.249335
10.249335
10.249335
10.249335
10.249335
10.249335
10.249335
10.249335
10.249335
10.249335
10.249335
10.249335
10.249361
10.249361
10.249361
10.249361
10.249361
10.249361
10.249361
10.249361
10.249361
10.249361
10.249361
10.249361
10.249361
10.249361
10.249361
10.249361
10.249361
10.249371
10.249371
10.249371
10.249371
10.249371
10.249371
10.249379
10.249379
10.249379
10.249379
10.249379
10.249379
10.249379
10.249379
10.249379
10.249379
10.249379
10.249379
10.249379
10.249379
10.249379
10.249379
10.249379
10.249379
10.249379
10.249379
10.249379
10.249379
10.249392
10.249392
10.249392
10.249392
10.249392
10.249392
10.249392
10.249392
10.249392
10.249392
10.249392
10.249392
10.249392
10.249392
10.249392
10.249392
10.249392
10.249392
10.249392
10.249392
10.249392
10.249392
10.249392
10.249392
10.249392
10.249418
10.249418
10.249418
10.249418
10.249418
10.249418
10.249418
10.249418
10.249418
10.249418
10.249418
10.249418
10.249418
10.249418
10.249418
10.249418
10.249418
10.249418
10.249437
10.249437
10.249437
10.249437
10.249437
10.249437
10.249437
10.249437
10.249437
10.249437
10.249437
10.249437
10.249437
10.249437
10.249437
10.249437
10.249437
10.249437
10.249437
10.249437
10.249437
10.249437
10.249437
10.249437
10.249437
10.249437
10.249437
10.249437
10.249437
10.249437
10.251249
10.251249
10.251249
10.251249
10.251249
10.251249
10.251249
10.251249
10.251249
10.251249
10.251249
10.251249
10.251249
10.251249
10.251249
10.251249
10.251249
10.251249
10.251249
10.251249
10.251249
10.251249
10.251249
10.251249
10.251249
10.251261
10.251261
10.251261
10.251261
10.251261
10.251261
10.251261
10.251261
10.251261
10.251261
10.251261
10.251261
10.251261
10.251261
10.251261
10.251296
10.251296
10.251296
10.251296
10.251296
10.251296
10.251296
10.251296
10.251296
10.251296
10.251296
10.251296
10.251296
10.251296
10.251305
10.251305
10.251306
10.251306
10.251306
10.251306
10.251312
10.251312
10.251312
10.251312
10.251312
10.251312
10.251312
10.251312
10.251312
10.251312
10.251312
10.251312
10.251312
10.251312
10.251312
10.251312
10.251312
10.251312
10.251312
10.251312
10.251312
10.251312
10.251312
10.251312
10.251312
10.251312
10.251312
10.251312
10.251312
10.251314
10.251314
10.251314
10.251314
10.251314
10.251314
10.251314
10.251314
10.251314
10.251314
10.251314
10.251314
10.251314
10.251314
10.251314
10.251314
10.251314
10.251314
10.251314
10.251314
10.251314
10.251314
10.251315
10.251315
10.251315
10.251315
10.251315
10.843961
10.843961
10.843961
10.843961
10.843961
10.843961
10.843961
10.843961
10.843961
10.843961
10.898444
10.898444
10.907842
10.907842
10.908125
10.908125
10.908125
10.908125
10.908125
10.902449
10.902449
10.902449
10.902449
10.902449
10.902450
10.902450
10.902450
10.902450
10.903280
10.903280
10.903280
10.903280
10.903280
10.907699
10.907699
10.907699
10.912351
10.912351
10.912351
10.912351
10.912351
10.912351
10.912351
10.912351
10.912351
10.912351
10.912351
10.912351
10.912351
10.912351
10.912594
10.912594
10.912594
10.912594
10.912594
10.912594
10.912594
10.912594
10.912594
10.912594
10.912594
10.912594
10.912594
10.912594
10.912594
10.912594
10.912594
10.912594
10.912594
10.912594
10.912594
10.912594
10.912789
10.912789
10.912789
10.912789
10.912789
10.912789
10.912789
10.912820
10.912820
10.912820
10.912820
10.912820
10.912846
10.912846
10.912846
10.912846
10.912846
10.912846
10.912846
10.912846
10.912846
10.912846
10.912846
10.912846
10.912846
10.912850
10.912850
10.912850
10.912850
10.912850
10.912850
10.912850
10.912850
10.912850
10.912853
10.912853
10.912853
10.912869
10.912869
10.912943
10.912943
10.912943
10.912991
10.912991
10.912991
10.912991
10.912991
10.912991
10.912991
10.913005
10.913005
10.913005
10.913005
10.913005
10.913394
10.913394
10.913404
10.913404
10.913414
10.913414
10.913507
10.913507
10.913507
10.913507
10.913507
10.913533
10.913533
10.913533
10.913533
10.913533
10.913748
10.913748
10.913748
10.913748
10.913748
10.913748
10.913748
10.913748
10.913748
10.913748
10.913748
10.913748
10.913788
10.913818
10.913818
10.913818
10.913818
10.913818
10.913818
10.913818
10.913818
10.913818
10.913837
10.913837
10.913837
10.913837
10.913837
10.913837
10.913837
10.913837
10.914104
10.914104
10.914104
10.914104
10.914104
10.914104
10.914104
10.914104
10.914104
10.914104
10.914398
10.914398
10.914398
10.914507
10.914507
10.914507
10.914507
10.914639
10.914639
10.914639
10.914639
10.914639
10.914639
10.914738
10.914738
10.914738
10.914738
10.914805
10.914805
10.914805
10.914805
10.914805
10.914805
10.914805
10.914814
10.914814
10.914814
10.914814
10.914814
10.914814
10.914814
10.914942
10.914942
10.914942
10.915037
10.915037
10.915037
10.915037
10.915037
10.915037
10.915087
10.915098
10.915098
10.915098
10.915098
10.915098
10.915098
10.915098
10.915098
10.915335
10.915335
10.915412
10.915412
10.915412
10.915412
10.915412
10.915412
10.915434
10.915434
10.915434
10.915458
10.915473
10.915473
10.915473
10.915474
10.915474
10.915474
10.915474
10.915474
10.915474
10.915474
10.915474
10.915474
10.915474
10.915474
10.915474
10.915474
10.915474
10.915474
10.915474
10.915502
10.915572
10.915727
10.915727
10.916152
10.916152
10.916431
10.916431
10.916431
10.916431
10.916567
10.916567
10.916567
10.916567
10.916920
10.916920
10.916920
10.916920
10.916920
10.916920
10.917239
10.917239
10.917259
10.917259
10.874248
10.874248
10.874482
10.874482
10.874482
10.874482
10.874482
10.874482
10.874482
10.874482
10.874482
10.874482
10.874482
10.874507
10.874516
10.874516
10.874516
10.874516
10.874516
10.874516
10.874516
10.874516
10.883081
10.889705
10.889705
10.889705
10.890595
10.890595
10.891180
10.891180
10.891180
10.891180
10.891180
10.899242
10.899242
10.899242
10.899242
10.899242
10.899242
10.899242
10.899242
10.899242
10.899242
10.899242
10.899242
10.899242
10.899242
10.899242
10.899242
10.899242
10.899242
10.899242
10.899242
10.899371
10.899371
10.899371
10.899371
10.899381
10.899381
10.899381
10.899381
10.899910
10.899910
10.899910
10.899910
10.899910
10.899910
10.899910
10.900105
10.900267
10.900267
10.900267
10.900267
10.900267
10.900267
10.900267
10.900268
10.900268
10.900268
10.900268
10.900268
10.900268
10.900268
10.900268
10.900268
10.900268
10.900573
10.901595
10.901595
10.901595
10.901595
10.901595
10.901595
10.901595
10.901595
10.901595
10.901595
10.902023
10.902023
10.902023
10.902023
10.902023
10.902023
10.902023
10.902023
10.902023
10.902073
10.902073
10.902184
10.902184
10.902184
10.902184
10.902184
10.902184
10.902184
10.902184
10.902184
10.902184
10.902184
10.902184
10.902184
10.902184
10.902184
10.902184
10.902383
10.902460
10.902460
10.902460
10.902460
10.902796
10.902796
10.902796
10.903309
10.903309
10.903370
10.903370
10.903370
10.903370
10.903370
10.903370
10.903370
10.903716
10.903716
10.903716
10.903716
10.903716
10.903716
10.903716
10.903894
10.904011
10.904559
10.904559
10.904559
10.904559
10.904559
10.904764
10.904764
10.904764
10.904764
10.904764
10.905200
10.905208
10.905220
10.905220
10.905220
10.905220
10.905220
10.905220
10.905300
10.905300
10.905300
10.905735
10.905735
10.905735
10.905735
10.905735
10.905735
10.906172
10.906782
10.906782
10.906782
10.906782
10.906782
10.906782
10.907359
10.908357
10.908357
10.908357
10.908420
10.908420
10.908420
10.908420
