21494.163133
17187.220758
11633.140642
8838.577356
4719.776670
3489.292835
2397.543864
1907.818879
1423.653484
1033.401919
859.800537
596.192993
558.326370
561.936595
372.572918
337.700363
270.823169
236.549482
223.178741
191.944597
186.033978
162.331536
153.964996
148.367177
122.875870
83.501488
69.629400
59.375127
53.713595
51.833580
44.988573
39.795016
35.724536
35.967859
29.796739
27.722820
24.717658
21.328546
19.254590
17.541283
18.185842
15.539729
12.805816
12.732149
12.072620
10.773960
9.083637
8.513999
8.837216
8.157575
7.219430
6.149233
6.394823
6.434339
5.643272
5.499864
5.324083
5.619383
5.972312
5.354740
5.683441
5.503089
5.345349
5.593326
5.091868
5.134034
4.989809
4.847844
4.734498
4.592776
4.520862
4.521533
4.189829
4.682019
4.695656
4.790583
4.834948
5.250738
4.941970
5.030497
5.288299
5.519778
5.471686
5.451501
5.589794
5.610437
5.874192
5.856280
6.346787
6.431112
6.769411
6.979737
7.294311
7.438902
7.329827
7.452171
7.230219
7.136948
7.166829
7.301690
7.625938
7.803129
7.848244
8.174216
8.168897
8.146239
8.296533
8.426590
8.550778
8.644611
8.315486
8.312320
8.286145
8.351882
8.419131
8.466448
8.189292
7.903896
7.704288
7.623589
7.678568
7.645354
7.732425
7.707062
7.774924
7.895254
7.818052
6.927582
6.821312
6.912278
6.918401
6.926301
7.006000
7.055034
7.082474
7.076142
6.788409
5.823778
5.446999
5.411605
5.396283
5.348133
5.351988
5.376435
5.392667
5.425064
5.444429
5.468823
5.484188
5.508906
5.527123
5.543089
5.559533
5.577012
5.601219
5.610049
5.628401
5.647265
5.664937
5.672389
5.686386
5.695399
5.702233
5.709907
5.724329
5.735118
5.744689
5.760828
5.762761
5.768247
5.774571
5.784439
5.796168
5.807853
5.819151
5.822707
5.830600
5.835536
5.840422
5.845109
5.851934
5.857488
5.861329
5.863110
5.868104
5.870265
5.876534
5.879575
5.884731
5.889047
5.893083
5.896169
5.900473
5.863529
5.343151
5.347109
4.715247
4.701854
2.948345
2.430542
1.320892
1.259699
0.953059
0.823077
0.744603
0.648355
0.461512
0.416488
0.323727
0.296769
0.287353
0.282954
0.277845
0.282752
0.279919
0.290593
0.292356
0.293662
0.292184
0.304144
0.308334
0.306777
0.318348
0.340079
0.341170
0.339131
0.331860
0.331029
0.329670
0.319034
0.310310
0.305190
0.308128
0.303689
0.305249
0.297406
0.296833
0.301267
0.296646
0.297506
0.301331
0.311854
0.311854
0.296437
0.298674
0.298545
0.293621
0.279885
0.276586
0.273152
0.251801
0.248764
0.242217
0.242749
0.239430
0.238011
0.227865
0.217292
0.214600
0.212852
0.202293
0.203130
0.191670
0.195029
0.195197
0.196263
0.191004
0.186845
0.192472
0.194907
0.194896
0.194886
0.193587
0.193587
0.192097
0.192697
0.182570
0.174797
0.180100
0.187615
0.189352
0.193780
0.191608
0.191926
0.191926
0.189114
0.181743
0.178180
0.180352
0.178631
0.159280
0.158274
0.158274
0.157535
0.156122
0.158258
0.157045
0.160439
0.165133
0.165133
0.161568
0.158231
0.152404
0.146883
0.146950
0.146950
0.146950
0.141046
0.141234
0.143462
0.139302
0.137860
0.143127
0.143049
0.143049
0.143008
0.146107
0.146107
0.144043
0.144562
0.146360
0.142691
0.144015
0.142709
0.143260
0.147786
0.139109
0.134263
0.136838
0.136572
0.142552
0.142552
0.142552
0.132911
0.134673
0.136779
0.142886
0.141162
0.145853
0.151988
0.156531
0.156531
0.156296
0.153747
0.152511
0.152511
0.147103
0.146385
0.146282
0.145574
0.146394
0.143873
0.141397
0.142222
0.139666
0.135028
0.143244
0.143244
0.143244
0.141039
0.144289
0.144009
0.149746
0.149770
0.150025
0.152527
0.153058
0.153058
0.152346
0.151742
0.150397
0.150012
0.150012
0.151125
0.151125
0.150760
0.150479
0.148960
0.158820
0.158786
0.157771
0.159035
0.159035
0.159120
0.159120
0.159234
0.159234
0.159234
0.159234
0.162725
0.163431
0.159197
0.149013
0.146543
0.147019
0.149035
0.147462
0.154926
0.147313
0.147440
0.148535
0.148535
0.147290
0.147538
0.146553
0.147077
0.147077
0.147127
0.147196
0.145817
0.145817
0.148203
0.146889
0.141325
0.143990
0.144751
0.146854
0.146809
0.147388
0.147388
0.147078
0.150301
0.150301
0.150955
0.150562
0.146591
0.144995
0.146284
0.149002
0.153266
0.153266
0.153862
0.153843
0.149543
0.149543
0.145135
0.142679
0.146425
0.147180
0.147180
0.147400
0.150852
0.150627
0.149307
0.149307
0.146208
0.144013
0.144044
0.144044
0.144044
0.144044
0.144283
0.139401
0.138857
0.138857
0.139037
0.139006
0.139006
0.139006
0.139072
0.139072
0.138774
0.138640
0.138791
0.136901
0.135895
0.135725
0.136154
0.136154
0.136154
0.136116
0.134945
0.134945
0.136558
0.136496
0.136483
0.135561
0.133796
0.133796
0.137472
0.137717
0.136675
0.136675
0.136675
0.137047
0.136794
0.136180
0.136103
0.134449
0.137143
0.136913
0.135550
0.136504
0.135905
0.132781
0.131873
0.131873
0.132590
0.132590
0.136966
0.135611
0.135202
0.131322
0.130286
0.130286
0.131972
0.131972
0.135005
0.135005
0.135402
0.135402
0.135411
0.135411
0.140448
0.140027
0.140362
0.139541
0.139652
0.131857
0.131857
0.131857
0.131845
0.135428
0.135388
0.134798
0.136752
0.136423
0.136423
0.134703
0.134099
0.134099
0.134099
0.130775
0.130775
0.130775
0.131206
0.131191
0.133622
0.133622
0.133622
0.133622
0.132858
0.130614
0.130614
0.130961
0.128424
0.128600
0.125790
0.125790
0.125643
0.125643
0.124219
0.124524
0.124524
0.125574
0.125574
0.125574
0.125574
0.124482
0.126205
0.126659
0.126500
0.127986
0.127961
0.131241
0.131241
0.127508
0.127508
0.126220
0.125371
0.125371
0.125215
0.125215
0.124251
0.124935
0.124935
0.124935
0.139817
0.139817
0.140513
0.140513
0.147041
0.147011
0.148319
0.148344
0.149154
0.150280
0.150366
0.150366
0.150366
0.150858
0.149125
0.148738
0.151927
0.156610
0.155467
0.155219
0.155335
0.154523
0.154168
0.154111
0.154322
0.156287
0.155579
0.155579
0.155579
0.155579
0.155763
0.157088
0.157088
0.153058
0.153058
0.153058
0.153058
0.153058
0.153058
0.153058
0.153302
0.153738
0.153738
0.153549
0.153391
0.152599
0.149340
0.149340
0.149340
0.149211
0.146358
0.146358
0.146067
0.146067
0.144045
0.144045
0.144045
0.144894
0.144281
0.144276
0.143231
0.141616
0.140111
0.139430
0.126470
0.120257
0.121380
0.121840
0.119525
0.119525
0.115267
0.115267
0.115231
0.115231
0.115231
0.115231
0.114775
0.114775
0.115118
0.116704
0.116784
0.116508
0.116508
0.116508
0.116649
0.116649
0.116649
0.118477
0.117818
0.117473
0.117049
0.117361
0.117017
0.117017
0.116392
0.117414
0.116874
0.116874
0.117515
0.116957
0.116143
0.116143
0.116049
0.116049
0.116510
0.116510
0.124454
0.115513
0.115440
0.115440
0.114672
0.118074
0.117742
0.116501
0.116777
0.115497
0.115481
0.116258
0.116258
0.116258
0.116258
0.116258
0.113871
0.113322
0.113312
0.113312
0.111798
0.111587
0.110834
0.110834
0.109091
0.108757
0.109315
0.109315
0.109815
0.109815
0.110695
0.109524
0.109622
0.108771
0.108730
0.108899
0.110138
0.110092
0.110673
0.110984
0.111941
0.111941
0.112595
0.113997
0.113997
0.116900
0.116900
0.117256
0.117256
0.119709
0.119889
0.119044
0.119105
0.119812
0.119812
0.118292
0.117981
0.114212
0.113532
0.113532
0.114889
0.116191
0.116139
0.112530
0.112530
0.112530
0.113704
0.113704
0.112930
0.112930
0.114143
0.114143
0.114143
0.114143
0.118972
0.118972
0.119260
0.117405
0.111431
0.111431
0.109639
0.108924
0.108924
0.108844
0.108844
0.108844
0.110219
0.109458
0.109193
0.110692
0.108946
0.108946
0.108884
0.108884
0.108884
0.110864
0.111303
0.110413
0.108977
0.108977
0.108665
0.108665
0.102042
0.102007
0.102007
0.102007
0.102007
0.102007
0.102175
0.102175
0.102175
0.102679
0.102627
0.102627
0.102627
0.103499
0.104275
0.104275
0.104275
0.104275
0.104275
0.105759
0.107103
0.124367
0.124367
0.124367
0.124367
0.125300
0.125300
0.125300
0.125300
0.125300
0.125300
0.125300
0.125300
0.124958
0.124958
0.127617
0.127617
0.127617
0.133411
0.133411
0.133411
0.133457
0.129254
0.129254
0.129918
0.129918
0.130200
0.128131
0.128131
0.127065
0.125987
0.125987
0.125969
0.125969
0.125969
0.124944
0.124139
0.124465
0.124465
0.124465
0.124329
0.124217
0.122222
0.122222
0.121910
0.121910
0.121910
0.120115
0.119681
0.119681
0.119401
0.119401
0.119180
0.120167
0.120167
0.120167
0.120167
0.132840
0.131619
0.131619
0.131619
0.131619
0.131688
0.131688
0.131688
0.131688
0.131688
0.131651
0.131651
0.131651
0.129135
0.129067
0.129067
0.129067
0.129086
0.129086
0.129086
0.129086
0.129122
0.129122
0.129122
0.128541
0.128541
0.128541
0.129783
0.128787
0.128392
0.127584
0.127584
0.126573
0.126573
0.126403
0.126403
0.126403
0.126403
0.126403
0.126403
0.126403
0.127838
0.127838
0.127838
0.127838
0.127454
0.127454
0.127077
0.126527
0.126527
0.126315
0.126315
0.123320
0.123320
0.122307
0.121905
0.121905
0.121905
0.121905
0.121905
0.121743
0.121743
0.121743
0.121743
0.121743
0.121743
0.121649
0.121941
0.122151
0.122345
0.122345
0.122345
0.121845
0.121845
0.121845
0.121845
0.123725
0.123717
0.123368
0.124094
0.124094
0.124094
0.124094
0.124094
0.127567
0.127567
0.127567
0.127151
0.127151
0.127151
0.126594
0.126557
0.126557
0.126557
0.126557
0.126502
0.126502
0.125963
0.125963
0.126280
0.126280
0.126280
0.126280
0.126362
0.126362
0.126362
0.126362
0.126362
0.126360
0.126360
0.126391
0.126343
0.126343
0.126856
0.126856
0.126921
0.128751
0.128751
0.128751
0.128751
0.128751
0.128751
0.127622
0.127622
0.127351
0.127351
0.127351
0.128160
0.128161
0.128424
0.128424
0.128828
0.128828
0.127472
0.127472
0.127472
0.127282
0.127282
0.125822
0.125822
0.125822
0.123978
0.123978
0.123597
0.123597
0.123597
0.122211
0.122211
0.122160
0.122189
0.122189
0.122189
0.122189
0.123014
0.122730
0.122404
0.122404
0.122404
0.122404
0.122404
0.122116
0.122116
0.122116
0.122116
0.122116
0.122116
0.122024
0.122024
0.122024
0.122008
0.122008
0.122008
0.122108
0.122108
0.122108
0.122108
0.122037
0.122037
0.122037
0.122037
0.122037
0.122037
0.122037
0.122182
0.121169
0.117956
0.117956
0.117952
0.118225
0.118225
0.118225
0.116337
0.116337
0.116337
0.116258
0.134451
0.134451
0.134451
0.134451
0.134451
0.134451
0.134451
0.134451
0.133851
0.133851
0.133524
0.133524
0.133524
0.133524
0.133524
0.133524
0.133524
0.133778
0.133778
0.133778
0.133778
0.131472
0.131472
0.131472
0.131472
0.130718
0.130718
0.129860
0.129893
0.130095
0.130095
0.130095
0.130095
0.130095
0.131479
0.131479
0.131428
0.131571
0.131571
0.131571
0.130801
0.130801
0.130801
0.130786
0.129554
0.129430
0.129430
0.130236
0.130236
0.130699
0.130699
0.130699
0.130806
0.130806
0.130968
0.130968
0.130968
0.130804
0.130804
0.128681
0.128681
0.128681
0.128681
0.128732
0.128732
0.128732
0.128732
0.128732
0.128732
0.128732
0.128732
0.128732
0.128732
0.128732
0.128441
0.127530
0.127530
0.127530
0.127530
0.127530
0.127530
0.127530
0.127530
0.126401
0.126401
0.126401
0.126690
0.126690
0.125258
0.125338
0.125338
0.125338
0.124029
0.123754
0.122883
0.120550
0.117793
0.120212
0.120212
0.120124
0.117888
0.114742
0.114742
0.114742
0.114715
0.114579
0.114653
0.114653
0.113379
0.114529
0.114529
0.115911
0.115676
0.115342
0.115342
0.115682
0.115682
0.115682
0.115682
0.115141
0.115141
0.115141
0.115141
0.113529
0.113529
0.113529
0.113121
0.113121
0.114277
0.114277
0.114140
0.113404
0.113404
0.112882
0.112882
0.112882
0.112619
0.112619
0.115330
0.115498
0.115498
0.115470
0.115470
0.115318
0.115318
0.114346
0.114346
0.114537
0.114537
0.114537
0.114537
0.113407
0.113407
0.113407
0.113407
0.113407
0.113407
0.113407
0.113407
0.113434
0.113434
0.113434
0.113434
0.112606
0.112938
0.112938
0.112938
0.113021
0.113021
0.113930
0.113494
0.113508
0.113508
0.113508
0.113508
0.113508
0.113508
0.113508
0.112211
0.112211
0.112211
0.112211
0.112211
0.112205
0.112205
0.112205
0.112205
0.112205
0.112205
0.112205
0.112145
0.111955
0.111955
0.111285
0.111978
0.111724
0.111790
0.111674
0.112025
0.112025
0.112025
0.115576
0.115576
0.114432
0.114432
0.114432
0.114432
0.114392
0.123763
0.123763
0.123763
0.122658
0.122081
0.122081
0.122081
0.122819
0.122758
0.122758
0.122758
0.122758
0.122758
0.122639
0.122639
0.122429
0.122429
0.122429
0.122429
0.122429
0.121992
0.121992
0.121903
0.121903
0.121903
0.121903
0.121903
0.121903
0.121903
0.121903
0.121903
0.121903
0.121789
0.121789
0.121789
0.121789
0.121333
0.121333
0.121333
0.121034
0.121034
0.121034
0.120789
0.120717
0.120529
0.139204
0.139204
0.139204
0.139204
0.145976
0.145976
0.145976
0.145976
0.145976
0.145976
0.145976
0.145802
0.145802
0.145802
0.145802
0.145802
0.145802
0.145802
0.145204
0.144519
0.143731
0.143731
0.143731
0.160072
0.160072
0.160072
0.160072
0.160072
0.160072
0.160072
0.160072
0.160072
0.160072
0.160072
0.160072
0.160072
0.160072
0.160072
0.159860
0.159860
0.159860
0.159860
0.159860
0.159860
0.172554
0.172404
0.172404
0.172404
0.170682
0.170682
0.170682
0.170682
0.170682
0.170682
0.171293
0.171037
0.171037
0.171667
0.171667
0.171667
0.171667
0.171472
0.171472
0.171472
0.171159
0.173636
0.174278
0.174007
0.174007
0.174007
0.174007
0.174007
0.174007
0.174342
0.174324
0.174324
0.174324
0.174324
0.174324
0.175344
0.175344
0.175344
0.175344
0.175344
0.175344
0.175344
0.175344
0.176922
0.176922
0.176922
0.176665
0.176665
0.176665
0.176559
0.176559
0.176559
0.176559
0.176948
0.176948
0.176948
0.176948
0.176948
0.176948
0.176948
0.176948
0.176857
0.176857
0.176857
0.176857
0.176857
0.193847
0.193847
0.193847
0.193847
0.193847
0.193847
0.193847
0.193629
0.193629
0.193629
0.193629
0.193629
0.193629
0.193560
0.195053
0.195053
0.195053
0.195053
0.194784
0.194784
0.194784
0.195969
0.195969
0.195176
0.195176
0.195075
0.195075
0.195075
0.195075
0.195075
0.195075
0.195739
0.195672
0.195672
0.199110
0.199326
0.199326
0.199326
0.199175
0.199175
0.199175
0.199175
0.199175
0.198787
0.198787
0.198787
0.198787
0.197907
0.197907
0.198912
0.198912
0.198912
0.198912
0.198717
0.198717
0.198717
0.198717
0.201928
0.201928
0.205375
0.205375
0.205375
0.205375
0.205375
0.205375
0.205354
0.204705
0.204705
0.204553
0.203801
0.203801
0.203801
0.204515
0.204515
0.204515
0.204515
0.204515
0.204515
0.202849
0.202849
0.202849
0.202849
0.207933
0.207933
0.207754
0.207754
0.207527
0.207527
0.207527
0.207527
0.207206
0.207183
0.213252
0.213252
0.213252
0.215799
0.215799
0.225693
0.225984
0.225781
0.225781
0.225781
0.225865
0.225865
0.225627
0.225627
0.233158
0.233158
0.233158
0.235303
0.235303
0.235303
0.235174
0.234490
0.234490
0.234621
0.234621
0.234621
0.234621
0.234621
0.234621
0.234621
0.234621
0.234621
0.234124
0.233889
0.233889
0.233889
0.234428
0.234428
0.234428
0.234428
0.234428
0.234428
0.234428
0.234428
0.234428
0.234130
0.234130
0.234130
0.234130
0.234130
0.234130
0.233607
0.233607
0.233607
0.233652
0.233652
0.233652
0.233652
0.233652
0.233652
0.233280
0.233916
0.233916
0.233916
0.233916
0.233916
0.233916
0.233916
0.235373
0.235373
0.234768
0.236344
0.236238
0.236238
0.236238
0.235954
0.235844
0.235844
0.235629
0.235629
0.235629
0.237624
0.237624
0.237624
0.237624
0.236463
0.236463
0.236463
0.236463
0.236463
0.236463
0.236119
0.236119
0.234129
0.233941
0.233941
0.233941
0.235485
0.237390
0.237390
0.237390
0.237390
0.237390
0.237390
0.237390
0.237390
0.236602
0.236602
0.236602
0.237079
0.237079
0.237079
0.237079
0.237079
0.237079
0.237079
0.237079
0.240206
0.239743
0.239743
0.239743
0.245433
0.245433
0.245390
0.244877
0.245068
0.245068
0.245068
0.245068
0.245068
0.246527
0.246129
0.246129
0.246129
0.248098
0.248098
0.248098
0.248098
0.248154
0.248154
0.248312
0.248312
0.248312
0.248312
0.248312
0.248312
0.248312
0.248312
0.249048
0.249048
0.249048
0.249048
0.249048
0.249048
0.248932
0.248932
0.248932
0.248932
0.255933
0.255933
0.254759
0.254759
0.256469
0.256469
0.256469
0.256469
0.256469
0.261519
0.261519
0.261519
0.263699
0.263699
0.263699
0.263699
0.263699
0.263130
0.263130
0.263130
0.270889
0.270889
0.270769
0.270769
0.274033
0.274033
0.274033
0.277981
0.279527
0.281579
0.281579
0.281579
0.281579
0.281561
0.281508
0.281508
0.281508
0.281065
0.281065
0.281065
0.281065
0.284970
0.284970
0.284970
0.286367
0.286235
0.286235
0.284632
0.284632
0.285478
0.285478
0.286391
0.286391
0.285898
0.285898
0.285898
0.287177
0.287177
0.287177
0.287177
0.287177
0.287177
0.287177
0.287177
0.287177
0.287177
0.287090
0.287065
0.286487
0.289025
0.289025
0.289025
0.289025
0.289025
0.286933
0.287220
0.287220
0.287220
0.289033
0.289033
0.289033
0.288385
0.288385
0.288385
0.288385
0.288674
0.288674
0.288674
0.288674
0.288674
0.288674
0.288674
0.288674
0.288674
0.288630
0.288630
0.288549
0.289288
0.289288
0.289288
0.289288
0.289288
0.289288
0.289288
0.289288
0.289288
0.289288
0.289288
0.289288
0.289288
0.289288
0.289288
0.289288
0.289329
0.289178
0.289178
0.290066
0.290066
0.290066
0.290066
0.290066
0.290066
0.290295
0.290295
0.290295
0.290295
0.290295
0.290295
0.290295
0.290295
0.290295
0.290295
0.290295
0.289324
0.289324
0.289324
0.289324
0.289788
0.289788
0.289788
0.289788
0.289788
0.291117
0.291117
0.291557
0.291557
0.291557
0.291557
0.291557
0.291557
0.291557
0.291557
0.291928
0.291928
0.291499
0.291088
0.291088
0.288426
0.288426
0.288426
0.288426
0.288426
0.288426
0.287558
0.287558
0.288326
0.288326
0.288326
0.287803
0.287803
0.287378
0.287351
0.287351
0.287351
0.287351
0.287351
0.287351
0.289192
0.289192
0.289192
0.289192
0.289192
0.289192
0.289192
0.289192
0.289780
0.289780
0.289780
0.289780
0.289780
0.289702
0.289702
0.289576
0.289576
0.289576
0.289576
0.290278
0.290278
0.290278
0.290278
0.297336
0.297336
0.297336
0.297336
0.296912
0.296912
0.296912
0.296912
0.296912
0.296912
0.296912
0.296912
0.296912
0.296830
0.296830
0.296830
0.295815
0.295815
0.295815
0.295815
0.295815
0.295815
0.295815
0.295815
0.295815
0.295815
0.295815
0.294661
0.294661
0.294661
0.294661
0.294551
0.296509
0.296509
0.296509
0.296509
0.296509
0.296509
0.296509
0.296509
0.297925
0.297925
0.297925
0.297925
0.297925
0.297925
0.297925
0.296568
0.296568
0.296568
0.296568
0.296568
0.295915
0.295343
0.295343
0.295343
0.295343
0.295343
0.295343
0.295343
0.295798
0.297601
0.297601
0.297601
0.297601
0.297601
0.297601
0.297601
0.297601
0.297601
0.297601
0.297601
0.297601
0.297706
0.297706
0.297706
0.297706
0.298335
0.298335
0.298335
0.294071
0.294071
0.292118
0.292118
0.292118
0.292118
0.292884
0.292884
0.292884
0.292769
0.292769
0.296111
0.296111
0.296111
0.296730
0.296730
0.296730
0.296641
0.296641
0.294529
0.294529
0.294777
0.295257
0.295257
0.295257
0.295257
0.295257
0.295702
0.295702
0.296394
0.296394
0.296394
0.297293
0.297293
0.297293
0.297293
0.297293
0.297293
0.293997
0.293997
0.293997
0.296937
0.298239
0.298239
0.298239
0.298239
0.298239
0.297635
0.294502
0.296958
0.296958
0.296387
0.296387
0.293847
0.294756
0.294756
0.294756
0.294756
0.296649
0.296649
0.296649
0.300580
0.300580
0.300580
0.300580
0.300580
0.300580
0.300580
0.300580
0.302495
0.302495
0.302828
0.304464
0.301200
0.301200
0.301703
0.301703
0.302150
0.302150
0.302150
0.302150
0.302150
0.302150
0.302150
0.302150
0.299726
0.299387
0.299387
0.299200
0.299200
0.299200
0.299200
0.299200
0.299200
0.300282
0.300282
0.300282
0.301778
0.301778
0.301778
0.301778
0.301380
0.301808
0.301808
0.301808
0.301808
0.302583
0.302583
0.302583
0.304122
0.304331
0.304331
0.304331
0.304331
0.304331
0.304331
0.303418
0.304362
0.305114
0.308084
0.308084
0.308084
0.308084
0.308084
0.308084
0.308084
0.308084
0.308084
0.309535
0.309535
0.312252
0.312377
0.312643
0.312643
0.312643
0.312643
0.312643
0.312643
0.312643
0.312643
0.312643
0.312643
0.313613
0.313613
0.313613
0.313613
0.313613
0.313687
0.313687
0.313687
0.313687
0.313687
0.313687
0.312061
0.312061
0.312061
0.312061
0.312061
0.312734
0.312734
0.312734
0.310775
0.311123
0.311123
0.311123
0.311123
0.313196
0.313381
0.315855
0.315855
0.315855
0.316867
0.316867
0.316867
0.316867
0.316867
0.315693
0.317182
0.318123
0.318123
0.318123
0.318123
0.318123
0.316036
0.316036
0.316036
0.316036
0.316328
0.316328
0.316328
0.316328
0.316328
0.317327
0.317327
0.317327
0.318896
0.318896
0.318896
0.318896
0.318896
0.319994
0.319994
0.319994
0.321939
0.324593
0.324593
0.323452
0.323452
0.322213
0.322213
0.322213
0.323952
0.323952
0.323952
0.323952
0.323952
0.323952
0.323952
0.323952
0.323952
0.323952
0.323952
0.323952
0.323952
0.323952
0.323952
0.323952
0.323952
0.323952
0.323952
0.323952
0.323952
0.323952
0.324914
0.324914
0.325597
0.324287
0.324287
0.324287
0.324287
0.324287
0.324493
0.324493
0.324744
0.324744
0.325087
0.325087
0.325087
0.326645
0.326967
0.326967
0.326967
0.327469
0.327469
0.327469
0.327469
0.327469
0.327469
0.327469
0.327469
0.327469
0.327469
0.326593
0.326593
0.326835
0.326835
0.326835
0.326835
0.326835
0.326835
0.327528
0.327528
0.327528
0.327528
0.327528
0.327528
0.328887
0.326960
0.328826
0.328826
0.328941
0.328941
0.328941
0.328941
0.330267
0.330267
0.330267
0.330267
0.331803
0.331803
0.331803
0.330721
0.330721
0.330721
0.330721
0.331129
0.331129
0.331129
0.330592
0.330592
0.330592
0.331186
0.331186
0.331186
0.327506
0.327506
0.328735
0.328986
0.327925
0.327925
0.327925
0.327925
0.327925
0.326456
0.326456
0.327933
0.328169
0.328169
0.328508
0.329072
0.329072
0.329072
0.329072
0.330702
0.330702
0.331590
0.331590
0.329808
0.329808
0.329808
0.329808
0.329808
0.329808
0.329808
0.330358
0.330561
0.330561
0.330561
0.328861
0.329159
0.329159
0.329725
0.329725
0.329725
0.329725
0.329725
0.329725
0.330293
0.330293
0.330293
0.330293
0.330293
0.330293
0.330293
0.329935
0.329935
0.329935
0.328731
0.328731
0.330954
0.331465
0.331465
0.331514
0.331514
0.331410
0.331410
0.332809
0.332809
0.329002
0.329002
0.329002
0.329002
0.329002
0.330172
0.330172
0.329572
0.329572
0.330044
0.330044
0.330327
0.330327
0.330327
0.330327
0.330327
0.330327
0.330327
0.330327
0.330327
0.330358
0.330358
0.330358
0.330358
0.329001
0.329337
0.329337
0.330450
0.334164
0.334265
0.334265
0.334265
0.334265
0.334265
0.334968
0.334968
0.335258
0.335258
0.335258
0.335434
0.335434
0.335749
0.332512
0.332512
0.332740
0.332740
0.333136
0.334215
0.334470
0.334741
0.335731
0.335731
0.335731
0.335731
0.335731
0.335731
0.335731
0.335871
0.335871
0.335871
0.335871
0.337752
0.337752
0.337752
0.337752
0.337752
0.339658
0.339658
0.339658
0.339894
0.339894
0.339894
0.339894
0.339894
0.339894
0.338154
0.338154
0.338154
0.338154
0.338154
0.338586
0.339200
0.339200
0.339200
0.339625
0.339625
0.339625
0.339625
0.341104
0.341104
0.341104
0.339948
0.339948
0.341048
0.341048
0.342132
0.342132
0.342132
0.342132
0.342191
0.342191
0.342191
0.342911
0.342911
0.342911
0.342911
0.342911
0.342911
0.342911
0.339833
0.339833
0.339833
0.339833
0.339833
0.339732
0.339732
0.339732
0.339732
0.339732
0.339732
0.339732
0.340837
0.340837
0.340837
0.341271
0.341271
0.341271
0.341271
0.341271
0.341271
0.341271
0.337172
0.337427
0.337427
0.337427
0.337427
0.336257
0.334923
0.334923
0.334923
0.334923
0.334923
0.334923
0.334923
0.334923
0.334923
0.332606
0.332606
0.332606
0.332606
0.332431
0.332431
0.332431
0.332431
0.332431
0.332431
0.332431
0.332431
0.332431
0.332431
0.332431
0.332431
0.333430
0.333430
0.333430
0.333430
0.333430
0.333430
0.333430
0.333859
0.334842
0.334842
0.334842
0.335617
0.335617
0.335617
0.335617
0.335617
0.335617
0.335617
0.335617
0.335617
0.335617
0.335617
0.335617
0.335617
0.335617
0.335617
0.335617
0.335617
0.334789
0.334789
0.334789
0.336140
0.336140
0.330428
0.330428
0.330428
0.330428
0.330428
0.329984
0.329984
0.329984
0.329984
0.331523
0.331523
0.331523
0.331523
0.331523
0.331523
0.331523
0.331523
0.332147
0.332310
0.332310
0.334656
0.333077
0.333077
0.333077
0.333077
0.333077
0.333077
0.333077
0.322013
0.322013
0.322013
0.322013
0.322013
0.322013
0.322013
0.322013
0.322013
0.322294
0.322294
0.322294
0.322783
0.322783
0.321207
0.321207
0.321207
0.321207
0.321207
0.320259
0.320259
0.321575
0.321575
0.322306
0.322306
0.322306
0.323624
0.323624
0.324071
0.324071
0.324839
0.324839
0.324839
0.324874
0.324874
0.324992
0.324966
0.324733
0.324733
0.324733
0.324733
0.324981
0.326031
0.326031
0.326031
0.326031
0.327146
0.327146
0.327146
0.327146
0.327146
0.327146
0.327146
0.327146
0.327146
0.327146
0.327146
0.327146
0.327146
0.327146
0.327146
0.326859
0.327036
0.327036
0.327036
0.327356
0.327356
0.327356
0.327356
0.327356
0.328009
0.328009
0.328009
0.328009
0.328009
0.328009
0.328009
0.328009
0.328009
0.328570
0.328570
0.328641
0.328641
0.328641
0.328641
0.328641
0.328641
0.328641
0.328641
0.330885
0.330885
0.330885
0.330885
0.330885
0.330245
0.330245
0.330755
0.330755
0.330755
0.330755
0.330755
0.330755
0.330755
0.330755
0.330755
0.330755
0.330755
0.330755
0.330755
0.330755
0.330755
0.330755
0.330755
0.329297
0.327765
0.327765
0.327765
0.327765
0.327765
0.327765
0.327765
0.327765
0.327765
0.327765
0.327765
0.327765
0.327765
0.327765
0.327765
0.327765
0.327765
0.328080
0.328080
0.328080
0.328040
0.328040
0.327820
0.327820
0.327820
0.327820
0.327820
0.327820
0.327820
0.327820
0.327820
0.327820
0.327820
0.329283
0.329283
0.329283
0.329283
0.329283
0.329283
0.329283
0.329283
0.329283
0.329283
0.329283
0.329283
0.329283
0.329302
0.329302
0.329302
0.329302
0.329302
0.329302
0.329302
0.329302
0.329302
0.329302
0.329302
0.329302
0.329302
0.329302
0.329692
0.330080
0.330080
0.330080
0.330080
0.330080
0.329989
0.329989
0.329989
0.329989
0.330306
0.330306
0.330306
0.330306
0.330306
0.330306
0.330306
0.330306
0.330306
0.330306
0.330306
0.330306
0.330306
0.330306
0.330004
0.330004
0.330004
0.330004
0.330004
0.330004
0.330004
0.330004
0.332189
0.332189
0.332189
0.332189
0.331370
0.331370
0.331393
0.331393
0.331393
0.331393
0.331393
0.331393
0.331460
0.331460
0.333276
0.333276
0.333290
0.333290
0.333426
0.334128
0.334128
0.334128
0.334128
0.334128
0.334128
0.334128
0.335147
0.335147
0.335147
0.335147
0.335147
0.335147
0.335147
0.335147
0.335172
0.335172
0.335172
0.333462
0.333462
0.333462
0.333462
0.333462
0.333462
0.333462
0.333462
0.333462
0.333789
0.333789
0.333789
0.333789
0.334225
0.334225
0.334225
0.334398
0.334398
0.334398
0.334398
0.334398
0.334398
0.334398
0.334398
0.328068
0.328068
0.328101
0.329074
0.329074
0.329074
0.329136
0.329136
0.329136
0.329136
0.329137
0.329137
0.329137
0.329137
0.329137
0.329137
0.329137
0.329137
0.329137
0.329137
0.329137
0.329137
0.329137
0.329137
0.329137
0.329137
0.329266
0.329266
0.329266
0.329266
0.329266
0.326401
0.326717
0.326717
0.326717
0.326717
0.326717
0.326717
0.326717
0.326717
0.326717
0.326717
0.326717
0.326792
0.326792
0.326792
0.326792
0.326792
0.326792
0.326792
0.326792
0.326792
0.327039
0.327039
0.327039
0.327039
0.325124
0.325124
0.325124
0.325124
0.325124
0.325124
0.325124
0.325124
0.325124
0.325124
0.325124
0.325124
0.321275
0.321395
0.321395
0.321395
0.321395
0.321395
0.321395
0.321395
0.321395
0.321395
0.323059
0.321310
0.321310
0.322510
0.322940
0.322940
0.322940
0.322940
0.322940
0.322940
0.322940
0.322940
0.322940
0.322940
0.322940
0.323402
0.323402
0.323509
0.323509
0.324284
0.324284
0.324284
0.324284
0.324284
0.324284
0.324284
0.324284
0.324284
0.324305
0.324305
0.324305
0.324305
0.324305
0.322239
0.322239
0.322239
0.322239
0.322573
0.323528
0.323528
0.323528
0.323528
0.323528
0.323528
0.323528
0.323528
0.323528
0.323528
0.323528
0.323528
0.323896
0.323896
0.324132
0.324132
0.324132
0.324132
0.324132
0.324132
0.324132
0.324132
0.324132
0.324132
0.324132
0.324523
0.324523
0.325302
0.325302
0.325302
0.325302
0.325302
0.325302
0.325302
0.325364
0.322310
0.322310
0.322310
0.322310
0.322310
0.322310
0.322520
0.322520
0.322520
0.319581
0.319620
0.319620
0.319620
0.319886
0.319886
0.319886
0.319886
0.319886
0.319886
0.320053
0.320053
0.320053
0.320053
0.320053
0.320053
0.320053
0.320053
0.320053
0.320053
0.320053
0.320053
0.320053
0.320793
0.320793
0.320045
0.320045
0.320045
0.320083
0.320083
0.320466
0.318417
0.318417
0.318417
0.318417
0.318417
0.318417
0.318417
0.318417
0.318417
0.318417
0.318702
0.318702
0.318702
0.318702
0.318702
0.318702
0.318702
0.318702
0.319230
0.319419
0.320436
0.320436
0.320436
0.320436
0.320436
0.320436
0.320436
0.320436
0.320436
0.320436
0.320436
0.320436
0.320436
0.320436
0.320436
0.320436
0.320436
0.320436
0.320436
0.320436
0.320436
0.320436
0.320436
0.321227
0.321227
0.321227
0.321227
0.321227
0.321403
0.321403
0.321403
0.321403
0.321403
0.321403
0.321403
0.321403
0.321074
0.321074
0.321074
0.321074
0.321074
0.321074
0.321074
0.321074
0.321074
0.321074
0.321074
0.321074
0.321599
0.321599
0.321599
0.321673
0.321673
0.321673
0.321673
0.321781
0.321781
0.321781
0.321781
0.321781
0.321781
0.321781
0.321832
0.321832
0.321832
0.321832
0.322036
0.322036
0.322036
0.322036
0.322036
0.322036
0.322036
0.322036
0.322036
0.322036
0.322036
0.322191
0.322191
0.322191
0.322191
0.322243
0.322264
0.322264
0.322264
0.322264
0.323194
0.323194
0.323194
0.320779
0.320779
0.320779
0.320779
0.320779
0.320779
0.320779
0.320779
0.320779
0.320779
0.320779
0.321244
0.321244
0.321244
0.321244
0.321244
0.321487
0.321487
0.321487
0.321487
0.321487
0.321487
0.321542
0.321542
0.321542
0.321542
0.321440
0.321440
0.321440
0.321440
0.321440
0.321440
0.321440
0.321440
0.321440
0.321954
0.321954
0.321954
0.321954
0.321954
0.321954
0.322197
0.322197
0.322197
0.321517
0.322070
0.322070
0.322070
0.322070
0.322070
0.322070
0.322070
0.322070
0.322070
0.322070
0.322070
0.322070
0.322070
0.322294
0.322294
0.322294
0.322294
0.322019
0.323251
0.323584
0.324242
0.323399
0.323399
0.323399
0.323399
0.323399
0.323399
0.323399
0.323399
0.323399
0.323399
0.323399
0.323399
0.323399
0.323399
0.323399
0.323399
0.323399
0.323399
0.323399
0.323874
0.323856
0.323856
0.323856
0.323856
0.323856
0.322790
0.323939
0.323939
0.323939
0.323939
0.323939
0.324116
0.324116
0.324169
0.322477
0.322477
0.322477
0.322477
0.322477
0.322477
0.322477
0.322964
0.322964
0.322964
0.322964
0.322964
0.322964
0.322964
0.323037
0.323037
0.323037
0.323037
0.323037
0.323814
0.323814
0.324012
0.324012
0.324012
0.324012
0.324012
0.324012
0.324012
0.323523
0.323523
0.323523
0.323523
0.323523
0.323582
0.324344
0.324310
0.324741
0.324741
0.324741
0.324741
0.324741
0.325059
0.325553
0.325553
0.325553
0.325553
0.325553
0.321056
0.321056
0.321056
0.321056
0.321056
0.321056
0.321056
0.321056
0.321056
0.321056
0.321056
0.321056
0.321056
0.321056
0.321056
0.322170
0.322170
0.322170
0.322170
0.322170
0.322170
0.322834
0.323143
0.323143
0.323143
0.323143
0.323416
0.323416
0.323416
0.323416
0.323736
0.323736
0.323736
0.323736
0.324551
0.324551
0.324551
0.324551
0.324588
0.324588
0.324588
0.324588
0.324588
0.324588
0.324588
0.324588
0.324588
0.324589
0.324589
0.324589
0.324801
0.324801
0.324801
0.324801
0.324801
0.324801
0.324801
0.324801
0.324801
0.324801
0.324801
0.325194
0.325194
0.325194
0.325194
0.325194
0.325194
0.325194
0.325194
0.325194
0.320501
0.320501
0.320501
0.321280
0.321280
0.321280
0.321884
0.321884
0.321884
0.321884
0.319895
0.319895
0.319895
0.320438
0.320438
0.320438
0.320438
0.320438
0.320438
0.318970
0.318970
0.318970
0.316499
0.316499
0.316499
0.316499
0.316499
0.316499
0.316499
0.316499
0.316499
0.316499
0.316331
0.316331
0.316331
0.316331
0.316331
0.316315
0.315904
0.315904
0.315904
0.315904
0.315904
0.315904
0.315904
0.315904
0.315904
0.315904
0.316046
0.316173
0.316173
0.316173
0.316173
0.316173
0.316173
0.316446
0.316446
0.316446
0.316446
0.316518
0.316518
0.316518
0.316765
0.316765
0.316765
0.316765
0.316765
0.316765
0.316765
0.316765
0.316795
0.316795
0.316795
0.316795
0.316795
0.316795
0.316795
0.316795
0.316795
0.316795
0.317194
0.317425
0.317425
0.317425
0.317847
0.317847
0.317847
0.317847
0.316769
0.316769
0.316928
0.316928
0.316928
0.317389
0.317389
0.317389
0.317389
0.317389
0.317389
0.317389
0.317389
0.317430
0.317430
0.317430
0.317430
0.317430
0.317430
0.317430
0.317430
0.317486
0.317621
0.317621
0.317621
0.317621
0.317621
0.317621
0.317621
0.317621
0.317621
0.317621
0.317621
0.317621
0.317621
0.317621
0.317621
0.317621
0.317621
0.317621
0.317621
0.317621
0.317621
0.318395
0.318395
0.318395
0.318395
0.318395
0.318395
0.318645
0.318645
0.318645
0.318645
0.318645
0.318645
0.318645
0.319290
0.319290
0.319409
0.319409
0.319409
0.319409
0.319409
0.319409
0.319409
0.319409
0.319409
0.319409
0.319409
0.319409
0.319791
0.320178
0.320178
0.320338
0.320338
0.320338
0.320338
0.320338
0.320338
0.320338
0.320313
0.320340
0.320340
0.320340
0.320340
0.320340
0.320340
0.320340
0.320340
0.320340
0.320340
0.320340
0.320340
0.320340
0.320340
0.320340
0.320340
0.320627
0.320627
0.321055
0.321055
0.321055
0.321055
0.321055
0.321055
0.321178
0.321331
0.321331
0.321331
0.321614
0.321614
0.321614
0.321614
0.321614
0.321614
0.321614
0.321614
0.321614
0.321759
0.321759
0.321759
0.321759
0.321759
0.321759
0.321759
0.321759
0.321759
0.321759
0.321759
0.321759
0.321759
0.321759
0.321759
0.321759
0.321759
0.321759
0.321759
0.321759
0.321759
0.321759
0.321759
0.321759
0.321871
0.321871
0.321871
0.321871
0.321871
0.322038
0.322038
0.322038
0.322038
0.322043
0.322043
0.322043
0.322043
0.322043
0.322226
0.323515
0.323515
0.323515
0.323515
0.323515
0.323515
0.323515
0.323515
0.323515
0.323515
0.323515
0.323515
0.322663
0.322663
0.322663
0.322663
0.322663
0.322663
0.323532
0.323532
0.323532
0.323532
0.323532
0.323532
0.323532
0.323617
0.323617
0.323617
0.323617
0.323617
0.323617
0.323617
0.323617
0.323617
0.323617
0.323617
0.323617
0.323617
0.323617
0.323617
0.323617
0.323617
0.323617
0.323617
0.323617
0.323617
0.323617
0.323617
0.316136
0.316136
0.316136
0.316136
0.316136
0.316136
0.316136
0.316136
0.316136
0.316474
0.316474
0.316474
0.316474
0.316474
0.316569
0.316569
0.316569
0.316569
0.316569
0.316569
0.316569
0.316569
0.316569
0.316569
0.316569
0.316569
0.316569
0.316569
0.316569
0.316569
0.316569
0.316569
0.316569
0.314415
0.314415
0.314415
0.314415
0.314415
0.314415
0.314415
0.314415
0.314415
0.314415
0.308231
0.308231
0.308231
0.308231
0.308231
0.308231
0.308231
0.308231
0.308231
0.308231
0.308492
0.308492
0.308492
0.306271
0.306271
0.306271
0.306271
0.306271
0.306271
0.306271
0.299776
0.299776
0.299776
0.299699
0.299699
0.299699
0.298376
0.298376
0.298376
0.298376
0.298376
0.298747
0.298747
0.298879
0.299034
0.299034
0.299034
0.299345
0.299345
0.299345
0.299345
0.299820
0.299820
0.299820
0.299820
0.299820
0.299820
0.299820
0.299820
0.299820
0.299820
0.299820
0.299820
0.299820
0.299820
0.299820
0.299820
0.299820
0.299820
0.299820
0.299820
0.299820
0.299820
0.299820
0.299820
0.299820
0.299820
0.299820
0.299820
0.300036
0.300036
0.300036
0.300051
0.300051
0.300051
0.300051
0.300051
0.300051
0.300051
0.300051
0.299686
0.299686
0.299686
0.299686
0.299686
0.299686
0.298189
0.298189
0.298189
0.298189
0.298189
0.298189
0.298189
0.298189
0.296160
0.296160
0.296160
0.296160
0.296160
0.296160
0.296160
0.296160
0.296160
0.296160
0.296160
0.296160
0.296160
0.296627
0.296627
0.296627
0.297108
0.296432
0.294421
0.294421
0.294421
0.294421
0.294421
0.294421
0.294421
0.294421
0.291269
0.291269
0.289837
0.289837
0.289837
0.289837
0.289837
0.289837
0.289837
0.289837
0.289837
0.289837
0.289837
0.289837
0.289837
0.289837
0.289837
0.289837
0.289837
0.290358
0.290358
0.290358
0.290578
0.290578
0.290578
0.290578
0.290578
0.290578
0.290578
0.290578
0.290578
0.285885
0.285885
0.285885
0.285885
0.285885
0.285885
0.285885
0.285885
0.283008
0.283008
0.283008
0.283008
0.283222
0.283222
0.283222
0.283222
0.283222
0.283222
0.283222
0.283222
0.283351
0.283351
0.283351
0.283351
0.283351
0.283351
0.283351
0.283351
0.283848
0.283848
0.284087
0.284087
0.284087
0.284087
0.284087
0.284087
0.284290
0.284290
0.284290
0.284290
0.284290
0.284290
0.284290
0.284290
0.284290
0.284290
0.284290
0.284290
0.282077
0.282077
0.282077
0.282077
0.282077
0.282077
0.282188
0.282188
0.282188
0.282188
0.282188
0.282188
0.282188
0.282188
0.282218
0.282653
0.282683
0.282683
0.282866
0.282866
0.281107
0.281146
0.281146
0.281146
0.281146
0.281146
0.281146
0.281146
0.281146
0.281501
0.281501
0.281501
0.281501
0.281501
0.281579
0.281579
0.281579
0.281579
0.281657
0.281943
0.281955
0.281955
0.281955
0.282127
0.282127
0.282127
0.282127
0.282303
0.282303
0.282303
0.282303
0.282827
0.282827
0.282830
0.282830
0.282830
0.282830
0.282830
0.282830
0.282830
0.282830
0.282830
0.282830
0.282830
0.282830
0.282830
0.282830
0.282830
0.282830
0.282830
0.283057
0.283057
0.283445
0.283826
0.283826
0.283826
0.283826
0.283826
0.283826
0.283826
0.283826
0.283826
0.283826
0.283882
0.283882
0.283882
0.283882
0.283882
0.283882
0.283882
0.283882
0.283882
0.283882
0.283882
0.283882
0.283882
0.283882
0.283882
0.283882
0.283882
0.283882
0.283882
0.283882
0.283882
0.283882
0.283882
0.283882
0.283882
0.283882
0.283882
0.283882
0.283882
0.283882
0.283882
0.283882
0.283882
0.283882
0.283882
0.283882
0.283882
0.283882
0.283882
0.283573
0.283573
0.283573
0.283573
0.283573
0.283573
0.283573
0.283573
0.283573
0.283573
0.283573
0.283573
0.283573
0.283573
0.283573
0.283639
0.283639
0.283639
0.283639
0.283639
0.283639
0.283639
0.283639
0.283718
0.283718
0.283718
0.283718
0.283718
0.283718
0.283718
0.283718
0.283718
0.283718
0.283718
0.283718
0.283718
0.283718
0.283718
0.283985
0.283985
0.284135
0.284135
0.284135
0.284135
0.284135
0.284588
0.284588
0.284588
0.284588
0.284588
0.284588
0.284588
0.284588
0.284588
0.284823
0.284823
0.284823
0.284823
0.284823
0.284823
0.284823
0.284823
0.284823
0.284823
0.284823
0.285060
0.285060
0.284785
0.284785
0.284785
0.284785
0.284785
0.284785
0.284785
0.284785
0.284785
0.284785
0.284562
0.284562
0.284562
0.284562
0.284562
0.284562
0.284562
0.284562
0.284562
0.284562
0.284562
0.284562
0.284562
0.284896
0.284896
0.284896
0.284896
0.284896
0.284896
0.284896
0.285159
0.285159
0.285159
0.285159
0.285159
0.285159
0.285159
0.285159
0.285159
0.285159
0.285159
0.285159
0.285394
0.285394
0.285394
0.285394
0.285638
0.285638
0.285638
0.285638
0.285960
0.286324
0.286324
0.286324
0.286324
0.286324
0.286324
0.286542
0.286542
0.286542
0.286542
0.286542
0.286542
0.286542
0.286542
0.286542
0.286542
0.286542
0.286542
0.286542
0.286542
0.286542
0.286542
0.286542
0.286542
0.286542
0.286542
0.286542
0.286542
0.286542
0.286542
0.286639
0.287148
0.287148
0.287148
0.287148
0.287148
0.287148
0.287148
0.287306
0.287306
0.287306
0.287306
0.287306
0.287306
0.287306
0.287306
0.287306
0.287306
0.287306
0.287306
0.287306
0.287306
0.287306
0.287306
0.287306
0.287306
0.287306
0.287306
0.287306
0.287306
0.287306
0.287306
0.287306
0.287306
0.287679
0.287679
0.287679
0.287679
0.287750
0.287750
0.287750
0.288056
0.288056
0.288056
0.288056
0.287916
0.287916
0.287916
0.287916
0.288013
0.288013
0.288162
0.288162
0.288188
0.288188
0.288188
0.288188
0.288188
0.288188
0.288188
0.288188
0.288188
0.288188
0.288248
0.288248
0.288248
0.288248
0.288859
0.288859
0.288859
0.289325
0.289325
0.290055
0.289877
0.289877
0.289877
0.289877
0.290543
0.290897
0.290897
0.288291
0.288291
0.288291
0.288291
0.288291
0.288627
0.288958
0.288958
0.288958
0.288958
0.288958
0.283577
0.283577
0.283577
0.283745
0.283745
0.283745
0.283745
0.283745
0.283745
0.284288
0.284644
0.284644
0.284661
0.284697
0.284697
0.284697
0.284697
0.284697
0.285305
0.285305
0.285305
0.285955
0.285955
0.286172
0.286172
0.286172
0.286172
0.286172
0.286237
0.286432
0.286432
0.286432
0.286432
0.286432
0.286432
0.286817
0.286854
0.286854
0.286854
0.286854
0.286854
0.286854
0.287635
0.287726
0.287726
0.287726
0.287726
0.287726
0.287726
0.287726
0.287726
0.287726
0.287726
0.287726
0.287726
0.287726
0.287726
0.287726
0.287726
0.287726
0.287726
0.287726
0.287726
0.287398
0.287398
0.287398
0.287398
0.287398
0.287398
0.287398
0.286984
0.286984
0.286984
0.286984
0.286984
0.286984
0.286984
0.286984
0.286984
0.282513
0.282513
0.282943
0.282943
0.282943
0.282943
0.282943
0.282943
0.282943
0.282985
0.282985
0.282985
0.282985
0.283936
0.284054
0.284054
0.284054
0.284054
0.284345
0.284345
0.284345
0.284345
0.284345
0.285087
0.285087
0.285087
0.285087
0.285087
0.285087
0.285087
0.285087
0.285087
0.285087
0.285087
0.285087
0.285087
0.285574
0.285745
0.285745
0.286195
0.286195
0.286195
0.286371
0.286371
0.286371
0.286371
0.287648
0.287648
0.287648
0.287648
0.287648
0.287648
0.287648
0.287648
0.287648
0.287648
0.287648
0.287648
0.287700
0.287700
0.287700
0.287838
0.287838
0.287838
0.287838
0.287838
0.287838
0.287838
0.287876
0.287876
0.287893
0.287893
0.287893
0.287725
0.287725
0.287725
0.287725
0.287725
0.287725
0.287725
0.287725
0.287725
0.287725
0.287725
0.287725
0.287725
0.287725
0.287725
0.287819
0.287819
0.287819
0.287819
0.287900
0.287285
0.287285
0.287285
0.287285
0.287285
0.287285
0.287285
0.287599
0.288010
0.288034
0.288034
0.288034
0.288034
0.288347
0.288347
0.288347
0.288347
0.288347
0.288347
0.288347
0.288347
0.288347
0.288347
0.288347
0.288347
0.288347
0.288347
0.288347
0.288347
0.288347
0.288347
0.288347
0.288347
0.288347
0.288347
0.288347
0.288347
0.288347
0.288347
0.288347
0.288686
0.288686
0.288686
0.288867
0.288867
0.288867
0.288867
0.288867
0.288867
0.288867
0.288867
0.288867
0.288867
0.288867
0.288867
0.288867
0.288867
0.288867
0.288867
0.288939
0.288939
0.288939
0.288985
0.288985
0.289168
0.289168
0.289168
0.289168
0.289168
0.289168
0.289168
0.289168
0.289215
0.289215
0.289215
0.289215
0.289445
0.289445
0.289445
0.289445
0.289445
0.289445
0.289445
0.289445
0.289445
0.289929
0.289929
0.289929
0.289929
0.289929
0.289929
0.289929
0.289929
0.289929
0.289929
0.290008
0.290008
0.290008
0.290008
0.290008
0.290008
0.290008
0.290008
0.290008
0.290008
0.290008
0.290008
0.290008
0.290008
0.290008
0.290008
0.290008
0.290008
0.290008
0.290008
0.289049
0.289049
0.289049
0.289049
0.289049
0.289049
0.289049
0.289423
0.289423
0.289423
0.289423
0.289423
0.289545
0.289545
0.289545
0.289545
0.289545
0.289545
0.289545
0.289545
0.289545
0.289545
0.289545
0.289552
0.289552
0.289552
0.289552
0.289552
0.289552
0.289552
0.289552
0.289552
0.289552
0.289552
0.289978
0.289978
0.290100
0.290100
0.290100
0.290100
0.290390
0.290390
0.290390
0.290390
0.290390
0.290402
0.290402
0.290718
0.290858
0.290858
0.290858
0.291062
0.291226
0.291226
0.291226
0.291410
0.291410
0.291410
0.291410
0.291410
0.290947
0.290947
0.290945
0.290945
0.290945
0.290945
0.290945
0.290945
0.290945
0.290945
0.291047
0.291047
0.291047
0.291466
0.291466
0.291466
0.291573
0.291573
0.291573
0.291573
0.291573
0.291573
0.291573
0.291573
0.291595
0.291595
0.291595
0.291595
0.291595
0.291496
0.291496
0.291496
0.291496
0.291496
0.291496
0.291689
0.291689
0.292100
0.292100
0.292100
0.292100
0.292100
0.292100
0.292100
0.292100
0.292100
0.292100
0.292100
0.292100
0.292100
0.292543
0.292543
0.292543
0.292876
0.292876
0.292876
0.292876
0.292876
0.293412
0.293580
0.293580
0.293905
0.293905
0.293905
0.293905
0.293905
0.293905
0.293905
0.293905
0.293905
0.293905
0.293905
0.293905
0.293905
0.293905
0.293905
0.293905
0.293905
0.293905
0.293905
0.293905
0.293905
0.293905
0.294422
0.294422
0.294422
0.294548
0.294548
0.294548
0.295280
0.295280
0.295280
0.295280
0.295280
0.295280
0.295280
0.295280
0.295280
0.295280
0.295280
0.295280
0.295280
0.295365
0.295365
0.295368
0.295368
0.295368
0.295368
0.295368
0.295368
0.295368
0.295451
0.295451
0.295451
0.295451
0.295451
0.295451
0.295451
0.295451
0.295451
0.295451
0.295569
0.295569
0.295569
0.295569
0.295569
0.295569
0.295667
0.295667
0.295667
0.295667
0.295667
0.295700
0.296011
0.296097
0.296408
0.296775
0.296826
0.296826
0.296826
0.296826
0.296826
0.296826
0.296826
0.296949
0.296949
0.296949
0.296949
0.296949
0.297363
0.297400
0.297400
0.297400
0.297400
0.297400
0.297400
0.297400
0.297400
0.297400
0.297400
0.297400
0.297400
0.297400
0.297400
0.297402
0.297402
0.297402
0.297402
0.297402
0.297402
0.297402
0.297402
0.297402
0.297657
0.297657
0.297657
0.297657
0.297691
0.297691
0.297691
0.297691
0.297691
0.297691
0.297691
0.297691
0.297691
0.297691
0.297978
0.297978
0.297978
0.297978
0.297978
0.297978
0.297978
0.297978
0.297978
0.297993
0.297993
0.297993
0.298114
0.298175
0.298175
0.298175
0.298202
0.298202
0.298358
0.298384
0.298384
0.298384
0.298384
0.298384
0.298384
0.298384
0.298384
0.298244
0.298326
0.298326
0.298326
0.298326
0.298326
0.298705
0.298705
0.298705
0.298705
0.298705
0.298705
0.298705
0.298705
0.299080
0.299080
0.299080
0.299080
0.299080
0.299080
0.299080
0.299080
0.299080
0.299080
0.299307
0.299307
0.299545
0.299545
0.299545
0.299545
0.299545
0.299545
0.299545
0.299984
0.300108
0.300108
0.300108
0.300108
0.300108
0.300108
0.300108
0.300108
0.300108
0.300108
0.300108
0.300108
0.300108
0.300108
0.300108
0.300108
0.300108
0.300491
0.300491
0.300491
0.300509
0.300564
0.300564
0.300564
0.300564
0.300564
0.300564
0.300564
0.300564
0.300564
0.300564
0.300564
0.300564
0.300564
0.300564
0.300564
0.300564
0.300564
0.300564
0.300564
0.300691
0.301127
0.301127
0.301127
0.301586
0.301586
0.301586
0.301586
0.301586
0.301586
0.301586
0.301586
0.301586
0.301586
0.301586
0.301640
0.301640
0.301640
0.301640
0.301640
0.301640
0.301640
0.301624
0.302066
0.302066
0.302066
0.302066
0.302066
0.302003
0.302113
0.302302
0.302302
0.302302
0.302302
0.302302
0.302302
0.302302
0.302302
0.302302
0.302302
0.302302
0.302302
0.302302
0.302302
0.302302
0.302302
0.302302
0.302302
0.302350
0.302350
0.302677
0.302677
0.302850
0.302850
0.303074
0.303074
0.303074
0.303074
0.303074
0.303120
0.303120
0.303120
0.303120
0.303120
0.303120
0.303120
0.303120
0.303223
0.303223
0.303223
0.303223
0.303399
0.303399
0.303399
0.303399
0.303399
0.303399
0.303399
0.303410
0.303718
0.303718
0.304048
0.304048
0.304180
0.304180
0.304180
0.304180
0.304180
0.304180
0.304180
0.304319
0.304273
0.304774
0.304872
0.304872
0.304872
0.304872
0.304872
0.304872
0.304872
0.304872
0.304872
0.304906
0.304906
0.305372
0.305372
0.305372
0.305406
0.305406
0.305406
0.305406
0.305767
0.305767
0.306368
0.302983
0.302983
0.302983
0.303180
0.300010
0.300010
0.300451
0.298870
0.298870
0.298870
0.299271
0.299271
0.299291
0.299291
0.299291
0.299326
0.299326
0.299326
0.299326
0.299326
0.299485
0.299485
0.299485
0.299485
0.299485
0.299485
0.299485
0.299485
0.299485
0.299485
0.299485
0.299485
0.299485
0.299485
0.299485
0.299485
0.299485
0.299485
0.299485
0.299748
0.299748
0.299748
0.299925
0.299925
0.299925
0.300688
0.300688
0.300688
0.300688
0.300688
0.300688
0.301082
0.301326
0.301326
0.301326
0.301326
0.301326
0.301326
0.301326
0.301326
0.301481
0.301306
0.301340
0.301340
0.301340
0.301340
0.301340
0.301340
0.301340
0.301340
0.301340
0.301340
0.301340
0.301362
0.301362
0.301362
0.301362
0.301397
0.302092
0.302092
0.302456
0.302486
0.302486
0.302486
0.302486
0.302486
0.302486
0.302486
0.302486
0.302486
0.302486
0.302486
0.302486
0.302486
0.302486
0.302486
0.302486
0.302689
0.302689
0.302728
0.302728
0.302728
0.302728
0.302728
0.302920
0.302920
0.302920
0.302920
0.302920
0.302975
0.302975
0.302975
0.302975
0.302975
0.302534
0.302534
0.302534
0.302534
0.302534
0.301710
0.301997
0.301997
0.301997
0.301997
0.301997
0.301998
0.301998
0.301998
0.301998
0.301998
0.302198
0.302198
0.302198
0.302198
0.302657
0.303231
0.303231
0.303231
0.303231
0.303424
0.303424
0.303424
0.303424
0.303680
0.303680
0.304092
0.304092
0.304092
0.304092
0.304092
0.304196
0.304196
0.303951
0.303951
0.303951
0.304119
0.304119
0.304119
0.304119
0.304119
0.304119
0.304119
0.304120
0.304120
0.304120
0.304167
0.304200
0.304200
0.304200
0.304337
0.304337
0.304337
0.304337
0.304337
0.304740
0.304740
0.304740
0.304740
0.304740
0.304740
0.304546
0.304546
0.304546
0.304546
0.304546
0.304644
0.304727
0.296366
0.296366
0.296366
0.296366
0.296366
0.296434
0.296546
0.296546
0.296546
0.294648
0.295504
0.295504
0.295504
0.295504
0.295504
0.295504
0.295504
0.295504
0.295504
0.295504
0.295504
0.295504
0.295504
0.292368
0.292368
0.292368
0.292905
0.292905
0.292905
0.292916
0.293044
0.293044
0.293438
0.293438
0.293438
0.293488
0.293488
0.293488
0.293488
0.293488
0.293488
0.293488
0.293488
0.293595
0.293595
0.293984
0.294300
0.294772
0.294772
0.294772
0.294772
0.294772
0.294801
0.294801
0.294801
0.295166
0.295266
0.295266
0.295266
0.295266
0.295266
0.295266
0.295266
0.295655
0.295655
0.295933
0.295933
0.296331
0.296331
0.296331
0.296331
0.296331
0.296331
0.296331
0.296331
0.296331
0.296331
0.296331
0.296447
0.296447
0.296447
0.296447
0.296447
0.296447
0.296447
0.296447
0.296447
0.296447
0.296447
0.296447
0.296510
0.296510
0.296510
0.296510
0.296579
0.296579
0.296629
0.296629
0.296629
0.296807
0.296807
0.296923
0.296923
0.296923
0.296923
0.297040
0.297040
0.297040
0.297040
0.297040
0.297070
0.297070
0.297070
0.297070
0.297070
0.297070
0.297070
0.297070
0.297070
0.297070
0.297070
0.297070
0.297035
0.297035
0.297035
0.297035
0.297035
0.297124
0.297124
0.297124
0.297139
0.297139
0.297139
0.297139
0.297139
0.297502
0.297502
0.297502
0.297502
0.297570
0.297570
0.297570
0.297570
0.297570
0.297570
0.297570
0.297570
0.297570
0.297622
0.297622
0.297931
0.297931
0.297931
0.297931
0.297931
0.298166
0.298166
0.298166
0.298166
0.298166
0.298166
0.298166
0.298188
0.298188
0.298188
0.298188
0.298188
0.298188
0.298188
0.298188
0.298154
0.298154
0.298154
0.298154
0.298154
0.298154
0.298154
0.298154
0.298154
0.298164
0.298164
0.298164
0.298164
0.298164
0.298164
0.298164
0.298164
0.298164
0.298164
0.298164
0.298164
0.298164
0.298164
0.298164
0.298379
0.298379
0.298790
0.298790
0.298790
0.298790
0.298994
0.298994
0.299071
0.299071
0.299507
0.296249
0.296249
0.296426
0.296426
0.296426
0.296426
0.296426
0.296450
0.296450
0.296450
0.296450
0.296450
0.296450
0.296450
0.296450
0.296450
0.296450
0.296700
0.296700
0.296700
0.296700
0.296700
0.296700
0.296873
0.296873
0.296873
0.296873
0.296873
0.296873
0.296873
0.296873
0.296873
0.296873
0.296873
0.296873
0.296873
0.296873
0.296873
0.297099
0.297099
0.297732
0.298218
0.298610
0.298610
0.298610
0.298610
0.298610
0.298610
0.298610
0.298610
0.298610
0.298610
0.298610
0.298610
0.298610
0.298610
0.298610
0.298610
0.298610
0.298610
0.298610
0.298610
0.298610
0.298993
0.298993
0.298993
0.298993
0.299286
0.299374
0.299374
0.299374
0.299374
0.299374
0.299374
0.299374
0.299374
0.299386
0.299386
0.299386
0.299386
0.299386
0.299386
0.299386
0.299386
0.299471
0.299471
0.299471
0.299471
0.299471
0.299471
0.299471
0.299471
0.299504
0.299504
0.299504
0.299516
0.299516
0.299516
0.299641
0.299641
0.299641
0.299641
0.299641
0.299641
0.299641
0.300513
0.300513
0.300665
0.300665
0.300665
0.300665
0.300665
0.300665
0.300665
0.300665
0.300665
0.300665
0.300665
0.300665
0.300880
0.300880
0.300983
0.300983
0.301025
0.301025
0.301025
0.301025
0.301087
0.301087
0.301087
0.301087
0.301087
0.301087
0.301087
0.301087
0.301087
0.301087
0.301087
0.301087
0.301106
0.301300
0.301300
0.301300
0.301300
0.301300
0.301300
0.301300
0.301482
0.301482
0.301482
0.301482
0.301533
0.301533
0.301533
0.301533
0.301533
0.301644
0.301982
0.301982
0.301982
0.301982
0.301982
0.301982
0.301982
0.301982
0.301982
0.301982
0.301982
0.301982
0.301982
0.301982
0.301982
0.301982
0.301982
0.301982
0.301982
0.302349
0.302435
0.302696
0.302696
0.302696
0.302696
0.302696
0.302735
0.302735
0.302735
0.302764
0.302764
0.302764
0.302764
0.302764
0.303170
0.303170
0.303170
0.303170
0.303170
0.303170
0.303170
0.303170
0.303170
0.303144
0.303144
0.303144
0.303144
0.303144
0.303211
0.303211
0.303403
0.303403
0.303408
0.303408
0.303451
0.303492
0.304062
0.304062
0.304062
0.304062
0.304062
0.304062
0.304232
0.304232
0.304232
0.304232
0.304232
0.304232
0.304232
0.304500
0.304500
0.304500
0.304656
0.304656
0.304656
0.304656
0.304656
0.304656
0.304656
0.304735
0.304735
0.304735
0.304735
0.304735
0.304735
0.304735
0.304735
0.304735
0.304735
0.304735
0.304735
0.304735
0.304735
0.304735
0.304735
0.304735
0.304735
0.304735
0.304735
0.304735
0.304735
0.304683
0.304683
0.304683
0.304683
0.304683
0.304683
0.304683
0.304683
0.304683
0.304683
0.305040
0.305040
0.305040
0.305172
0.305172
0.305172
0.305172
0.305172
0.305275
0.305826
0.305826
0.305826
0.305826
0.305826
0.305826
0.305826
0.305826
0.305826
0.305826
0.305826
0.305826
0.305826
0.305826
0.305940
0.306132
0.306132
0.306132
0.306132
0.306132
0.306132
0.306132
0.306132
0.306132
0.306132
0.306164
0.306164
0.306164
0.306164
0.306164
0.306164
0.306164
0.306164
0.306164
0.306164
0.306164
0.306164
0.306164
0.306164
0.306164
0.306164
0.306554
0.306565
0.306565
0.304451
0.304451
0.304451
0.304451
0.304451
0.304451
0.304451
0.304451
0.304922
0.304922
0.305068
0.305068
0.305068
0.305068
0.305068
0.305068
0.305068
0.305068
0.305068
0.305158
0.305158
0.305214
0.305214
0.305214
0.305214
0.305214
0.305249
0.305249
0.305651
0.305657
0.305657
0.305657
0.305657
0.305657
0.305657
0.305657
0.305684
0.305684
0.305684
0.305684
0.305684
0.305684
0.305684
0.305684
0.305684
0.305684
0.305684
0.305684
0.305684
0.305684
0.305684
0.305994
0.305994
0.305994
0.305994
0.305994
0.305994
0.305994
0.306381
0.306381
0.306612
0.306612
0.306612
0.306612
0.306612
0.306612
0.306612
0.306882
0.307251
0.307251
0.307234
0.307234
0.307234
0.307234
0.304282
0.304345
0.304345
0.304345
0.304345
0.304345
0.304345
0.304345
0.304345
0.304345
0.304345
0.304345
0.304641
0.305149
0.305149
0.305149
0.305804
0.305804
0.305804
0.305804
0.305804
0.305804
0.305804
0.306118
0.306167
0.306363
0.306363
0.305631
0.305663
0.305852
0.305852
0.306572
0.306572
0.306572
0.306572
0.306572
0.306572
0.306572
0.306572
0.306572
0.306572
0.306572
0.306572
0.306662
0.306668
0.306668
0.306668
0.306668
0.306668
0.306668
0.306668
0.306754
0.306754
0.306754
0.306754
0.306754
0.306808
0.306808
0.306808
0.306808
0.306808
0.307907
0.307907
0.307920
0.308097
0.308097
0.308097
0.308097
0.308097
0.308276
0.308276
0.308276
0.308276
0.308276
0.308276
0.308276
0.308276
0.308640
0.308640
0.308640
0.308640
0.308703
0.309266
0.309886
0.309886
0.309886
0.309886
0.310043
0.310043
0.310141
0.310141
0.310141
0.310141
0.310141
0.310141
0.310141
0.310433
0.310527
0.310527
0.310527
0.310701
0.310701
0.310701
0.310701
0.310701
0.310701
0.310701
0.310848
0.310848
0.310848
0.310848
0.310848
0.310848
0.310848
0.311219
0.311219
0.311219
0.311219
0.311219
0.311219
0.311219
0.311219
0.311219
0.311213
0.311213
0.311213
0.311213
0.311213
0.311213
0.311302
0.312373
0.312373
0.312373
0.312373
0.312373
0.312373
0.312373
0.312373
0.312373
0.313163
0.313682
0.313682
0.313682
0.313682
0.313682
0.315016
0.315016
0.315016
0.315016
0.315016
0.315016
0.315047
0.315318
0.315318
0.315468
0.315468
0.315468
0.315708
0.317395
0.317395
0.317395
0.317395
0.317395
0.319387
0.319513
0.319978
0.319978
0.319978
0.319978
0.319978
0.319978
0.319978
0.319978
0.319978
0.319978
0.319978
0.319978
0.319978
0.319978
0.319978
0.319978
0.319978
0.319978
0.319978
0.320378
0.320378
0.320378
0.320378
0.320502
0.320502
0.320502
0.320690
0.320690
0.320690
0.320690
0.320690
0.320690
0.321041
0.321041
0.321041
0.321041
0.321041
0.322082
0.322082
0.322082
0.323368
0.323368
0.323368
0.323368
0.323417
0.324037
0.324037
0.324037
0.324037
0.324037
0.324037
0.324037
0.322211
0.322211
0.322211
0.322211
0.323886
0.323886
0.323941
0.324311
0.324311
0.324311
0.324584
0.324635
0.324760
0.324760
0.324760
0.324760
0.324760
0.325687
0.325687
0.325687
0.325687
0.325687
0.325687
0.326260
0.326260
0.326466
0.326466
0.326466
0.326466
0.326466
0.326466
0.326471
0.326562
0.326562
0.326562
0.326867
0.326867
0.326867
0.326867
0.326867
0.326867
0.326867
0.326867
0.327921
0.328147
0.328147
0.328925
0.328925
0.328925
0.328925
0.328925
0.328925
0.328925
0.328925
0.329037
0.329037
0.329037
0.329037
0.329037
0.329037
0.329037
0.329037
0.329037
0.329037
0.329037
0.329530
0.330676
0.330676
0.330676
0.330676
0.334570
0.334570
0.334570
0.334570
0.334570
0.334570
0.334570
0.334659
0.334659
0.335111
0.335111
0.335111
0.335111
0.335111
0.335131
0.335131
0.335131
0.335131
0.337271
0.337142
0.337142
0.337142
0.337142
0.337142
0.337142
0.337142
0.337142
0.337142
0.337142
0.337142
0.337142
0.337142
0.337142
0.337142
0.337142
0.337142
0.334302
0.334302
0.334302
0.334550
0.334550
0.334550
0.334550
0.334550
0.336309
0.337138
0.337266
0.337266
0.337266
0.337266
0.337266
0.337756
0.338139
0.338139
0.338139
0.338139
0.338141
0.338414
0.338414
0.338414
0.338414
0.339900
0.339900
0.339900
0.339900
0.339900
0.340280
0.340280
0.341512
0.341512
0.341512
0.341512
0.341512
0.341512
0.341512
0.341512
0.341512
0.341512
0.341512
0.342570
0.342710
0.342710
0.342710
0.342710
0.342710
0.342710
0.342710
0.342710
0.344810
0.344810
0.344935
0.344935
0.344935
0.344935
0.345185
0.345185
0.345185
0.345185
0.345185
0.345185
0.346702
0.346702
0.346702
0.347607
0.347607
0.347607
0.347607
0.347607
0.347607
0.347607
0.347607
0.349438
0.349438
0.349438
0.349438
0.349438
0.349438
0.349954
0.349954
0.349954
0.349954
0.349954
0.349954
0.352106
0.352106
0.352106
0.352106
0.352106
0.352325
0.352325
0.352613
0.352613
0.352613
0.352613
0.352613
0.352613
0.352613
0.353803
0.353803
0.353803
0.353803
0.353803
0.353803
0.353803
0.353803
0.353803
0.354113
0.353886
0.353886
0.353886
0.353886
0.353886
0.353886
0.353886
0.353886
0.353886
0.353886
0.353886
0.353886
0.353886
0.353886
0.353886
0.353886
0.353886
0.353886
0.353886
0.354116
0.354116
0.354116
0.354276
0.354276
0.354276
0.354276
0.354276
0.354978
0.354978
0.354978
0.354978
0.355693
0.355693
0.355969
0.356048
0.356048
0.356048
0.356048
0.350263
0.350263
0.351088
0.351088
0.351088
0.351088
0.351088
0.351088
0.351088
0.351088
0.351088
0.351392
0.351544
0.351544
0.351544
0.351544
0.351544
0.351544
0.351544
0.351544
0.351544
0.351544
0.351544
0.351544
0.351803
0.351803
0.351803
0.351995
0.351995
0.351995
0.351995
0.351995
0.351995
0.352124
0.354439
0.354439
0.355155
0.355155
0.355155
0.357571
0.357571
0.357861
0.357861
0.357861
0.357861
0.357861
0.357861
0.357861
0.357861
0.357861
0.348073
0.348073
0.348073
0.348073
0.348073
0.348105
0.348105
0.348105
0.348105
0.348105
0.350214
0.350214
0.349052
0.349052
0.349548
0.349548
0.350193
0.350193
0.350193
0.350193
0.350193
0.350626
0.350626
0.350626
0.350626
0.350626
0.350626
0.350626
0.350626
0.350626
0.350626
0.350626
0.350626
0.350825
0.350825
0.350825
0.350825
0.350825
0.350825
0.350825
0.350825
0.350825
0.350837
0.350837
0.350837
0.350837
0.351296
0.351296
0.352166
0.352166
0.352166
0.352533
0.352560
0.353516
0.353671
0.353671
0.353783
0.353799
0.353799
0.353799
0.353799
0.353799
0.353799
0.353799
0.353799
0.353799
0.353799
0.353799
0.353799
0.353799
0.353799
0.353799
0.353799
0.353799
0.353930
0.355892
0.355892
0.356057
0.356057
0.356057
0.356524
0.356524
0.356524
0.356524
0.356524
0.356524
0.356524
0.356524
0.356524
0.356524
0.356524
0.356763
0.356763
0.356763
0.356763
0.356763
0.356763
0.356763
0.357385
0.357385
0.357385
0.357385
0.357693
0.357693
0.357693
0.357777
0.357777
0.357777
0.358343
0.358343
0.358538
0.358538
0.358538
0.360625
0.360625
0.360625
0.360625
0.360625
0.360625
0.360625
0.360625
0.360894
0.360894
0.361018
0.361976
0.362342
0.362342
0.362342
0.362342
0.363488
0.365396
0.365492
0.365492
0.365621
0.365621
0.365701
0.365701
0.365701
0.365701
0.365701
0.365716
0.365716
0.365716
0.365716
0.365716
0.365716
0.365716
0.365716
0.365706
0.366030
0.366030
0.366043
0.366043
0.366043
0.366043
0.367209
0.367535
0.367832
0.368033
0.368033
0.368773
0.368773
0.368773
0.369531
0.369531
0.369531
0.369531
0.369531
0.369537
0.369537
0.370082
0.370082
0.370152
0.370255
0.370255
0.370255
0.370255
0.370255
0.370255
0.370255
0.370255
0.370255
0.370255
0.370255
0.370255
0.370255
0.371237
0.371237
0.371237
0.371237
0.371237
0.371237
0.371237
0.371237
0.371237
0.371237
0.371237
0.371237
0.371237
0.371237
0.371237
0.371237
0.371427
0.371427
0.371427
0.371427
0.371427
0.371427
0.371427
0.371427
0.371427
0.371439
0.371439
0.371439
0.371439
0.372224
0.372224
0.372224
0.372378
0.372378
0.372378
0.372378
0.372378
0.372378
0.372586
0.372586
0.372586
0.372586
0.372586
0.372966
0.372966
0.372966
0.372966
0.372966
0.372966
0.372966
0.372966
0.372966
0.372966
0.372966
0.373266
0.373266
0.373547
0.374715
0.374715
0.374715
0.374715
0.374715
0.374715
0.374715
0.374715
0.374715
0.368848
0.368848
0.368848
0.368848
0.368848
0.368848
0.368848
0.368848
0.369825
0.369825
0.370294
0.370405
0.370405
0.370405
0.370405
0.370405
0.370405
0.370412
0.370412
0.370412
0.370412
0.370412
0.370412
0.370239
0.370239
0.370239
0.370239
0.370239
0.370239
0.370239
0.370239
0.370239
0.370239
0.370239
0.370239
0.370475
0.370475
0.370475
0.370475
0.370475
0.370694
0.370694
0.370694
0.370694
0.370694
0.370694
0.370694
0.370694
0.370694
0.370694
0.370694
0.370694
0.371194
0.371208
0.371208
0.371939
0.371982
0.371982
0.373673
0.373673
0.373673
0.373673
0.373673
0.373673
0.373673
0.373673
0.373711
0.373740
0.373740
0.373740
0.373740
0.373740
0.373740
0.374700
0.374700
0.374700
0.374700
0.374700
0.374700
0.374700
0.374700
0.375098
0.375098
0.375214
0.375214
0.375715
0.376679
0.377210
0.377210
0.377210
0.377210
0.377210
0.377210
0.377210
0.377210
0.377210
0.377210
0.377348
0.377348
0.377348
0.377406
0.377406
0.377406
0.377406
0.377406
0.377406
0.377406
0.377538
0.377538
0.377538
0.377538
0.377538
0.377538
0.377538
0.378352
0.378352
0.378352
0.378614
0.378614
0.379458
0.379458
0.374172
0.374172
0.374172
0.374172
0.374172
0.374214
0.374214
0.374214
0.374214
0.374214
0.374214
0.375253
0.375267
0.375267
0.375267
0.375267
0.375267
0.375267
0.375267
0.375267
0.375644
0.375644
0.376888
0.376888
0.376888
0.376888
0.376888
0.376888
0.376888
0.376959
0.376959
0.376959
0.377022
0.377022
0.377022
0.377022
0.377254
0.377254
0.377254
0.377254
0.377254
0.377384
0.377384
0.378440
0.378440
0.378825
0.378825
0.378825
0.378825
0.378825
0.378825
0.379123
0.379123
0.379123
0.379123
0.379123
0.379912
0.379912
0.379912
0.379912
0.379912
0.379912
0.379912
0.379912
0.379912
0.379920
0.379920
0.379920
0.379920
0.379920
0.379920
0.380444
0.380444
0.380450
0.380450
0.380458
0.380458
0.380458
0.381492
0.381492
0.381492
0.381492
0.381492
0.381683
0.381683
0.381989
0.381989
0.382610
0.382610
0.382610
0.382610
0.382610
0.382610
0.382649
0.382649
0.382649
0.382649
0.383454
0.383454
0.383454
0.383454
0.383454
0.383454
0.383454
0.383454
0.383454
0.383454
0.383454
0.383454
0.383459
0.383459
0.383459
0.383714
0.383714
0.383714
0.383714
0.383714
0.383714
0.383714
0.383714
0.384102
0.384102
0.384102
0.384102
0.384102
0.384102
0.384102
0.384102
0.384102
0.384102
0.384102
0.384102
0.384163
0.384163
0.384163
0.383200
0.383200
0.383200
0.383200
0.383200
0.383200
0.383200
0.383470
0.383470
0.383470
0.383470
0.383470
0.383470
0.383606
0.383606
0.383606
0.383606
0.383606
0.383606
0.383606
0.383606
0.382860
0.382882
0.382882
0.382882
0.382882
0.382882
0.382882
0.382882
0.382882
0.382882
0.382882
0.382882
0.382882
0.382882
0.382882
0.382882
0.382882
0.382882
0.382882
0.382882
0.382882
0.382882
0.382882
0.382882
0.382882
0.382882
0.382882
0.383298
0.383298
0.383298
0.383606
0.383606
0.384270
0.384270
0.384270
0.384270
0.384279
0.384279
0.384279
0.384279
0.384279
0.384043
0.384043
0.384200
0.384200
0.384200
0.384200
0.384200
0.384200
0.384200
0.384232
0.384232
0.384564
0.384564
0.384564
0.384564
0.384564
0.384564
0.384564
0.382995
0.382995
0.382995
0.382995
0.382995
0.382995
0.382995
0.382995
0.382995
0.383088
0.383088
0.383088
0.383088
0.383088
0.383088
0.383088
0.383088
0.383088
0.383088
0.383088
0.383585
0.383585
0.383585
0.383585
0.383585
0.383585
0.383597
0.383750
0.383750
0.383750
0.383750
0.383750
0.383750
0.383750
0.383750
0.383750
0.383750
0.383750
0.383750
0.383750
0.383750
0.383759
0.383759
0.383759
0.383759
0.383876
0.384382
0.384382
0.384382
0.384382
0.384382
0.384382
0.384561
0.384561
0.384561
0.384561
0.384561
0.384561
0.385175
0.385175
0.385175
0.385175
0.385175
0.385175
0.385175
0.385175
0.385175
0.385220
0.385220
0.385220
0.385220
0.385220
0.385220
0.385220
0.385220
0.385220
0.385055
0.385055
0.385055
0.385055
0.385055
0.385055
0.385055
0.385317
0.385317
0.385317
0.385317
0.385317
0.385317
0.385453
0.385453
0.385453
0.385665
0.385913
0.385913
0.385913
0.385913
0.385913
0.385913
0.385913
0.385913
0.385913
0.385913
0.385913
0.385913
0.385913
0.385913
0.385913
0.385913
0.385913
0.385913
0.385913
0.385913
0.385913
0.385913
0.386054
0.386054
0.386700
0.386700
0.386700
0.386786
0.386786
0.386786
0.386786
0.386786
0.386786
0.386786
0.386786
0.386838
0.386838
0.386886
0.386886
0.386886
0.386886
0.386886
0.386886
0.386886
0.386886
0.386886
0.386886
0.386886
0.386886
0.386886
0.386886
0.387025
0.387025
0.387025
0.387025
0.387025
0.387025
0.387025
0.387025
0.387025
0.387025
0.387025
0.387025
0.387025
0.387025
0.387025
0.387025
0.387025
0.387025
0.387025
0.387025
0.387025
0.387025
0.387025
0.387025
0.387025
0.387025
0.387025
0.387025
0.387025
0.387158
0.387158
0.387158
0.387368
0.387368
0.387368
0.387368
0.387368
0.387567
0.387567
0.387567
0.387567
0.387567
0.387567
0.387567
0.387567
0.387567
0.387567
0.387567
0.387567
0.387567
0.387567
0.387567
0.387567
0.387567
0.387567
0.387567
0.387567
0.387567
0.387567
0.387567
0.387567
0.387567
0.387567
0.387567
0.387637
0.387637
0.387637
0.387637
0.387637
0.387637
0.379071
0.379071
0.379071
0.379071
0.379071
0.379444
0.379444
0.379444
0.379444
0.379444
0.379444
0.379444
0.379444
0.379444
0.379527
0.379527
0.379470
0.379470
0.376887
0.376887
0.376887
0.376887
0.376887
0.376887
0.376887
0.376887
0.376887
0.376887
0.377436
0.377436
0.377436
0.377436
0.377436
0.377436
0.376181
0.376181
0.376181
0.376181
0.375938
0.375938
0.375938
0.375791
0.375791
0.375791
0.375791
0.375797
0.375797
0.375797
0.375797
0.376039
0.376039
0.376039
0.376039
0.376610
0.376610
0.376610
0.376610
0.376610
0.376610
0.376610
0.376610
0.376610
0.376917
0.376917
0.376917
0.376917
0.376917
0.376917
0.376917
0.376917
0.376917
0.376999
0.376999
0.377136
0.377597
0.377597
0.377711
0.377711
0.377711
0.377711
0.377711
0.377711
0.377711
0.377711
0.375488
0.375488
0.375488
0.375488
0.375984
0.375984
0.375984
0.375984
0.376535
0.376535
0.376535
0.376535
0.376535
0.376688
0.376688
0.376688
0.376688
0.376688
0.376688
0.376688
0.376688
0.376688
0.376688
0.376688
0.376688
0.376688
0.376688
0.376688
0.376688
0.376688
0.376688
0.376688
0.376733
0.376972
0.376972
0.376972
0.376972
0.376972
0.376972
0.376972
0.376972
0.376972
0.376972
0.376972
0.376972
0.377547
0.377547
0.377547
0.377547
0.377547
0.377547
0.377547
0.377547
0.377547
0.377586
0.377586
0.377586
0.377586
0.377586
0.377586
0.377586
0.377586
0.377586
0.378256
0.378256
0.378256
0.378256
0.378256
0.378256
0.378256
0.378256
0.378256
0.378744
0.378744
0.378744
0.378744
0.379350
0.379350
0.379450
0.379450
0.379450
0.379600
0.379600
0.379600
0.379600
0.379600
0.379600
0.379600
0.379600
0.379600
0.379600
0.380242
0.380242
0.380242
0.380242
0.380242
0.380827
0.380827
0.380827
0.380827
0.381048
0.381178
0.381178
0.381178
0.381448
0.381448
0.381448
0.381448
0.381448
0.381448
0.381448
0.381448
0.381503
0.381503
0.381503
0.381557
0.381557
0.381887
0.381887
0.381887
0.381887
0.381887
0.381887
0.381887
0.381887
0.381887
0.381887
0.381887
0.381887
0.381887
0.381930
0.381930
0.381930
0.381930
0.381930
0.381930
0.381930
0.381930
0.382285
0.382386
0.382386
0.382386
0.382386
0.382770
0.382829
0.382829
0.382829
0.382829
0.382829
0.382406
0.382406
0.382559
0.382559
0.382559
0.382559
0.382559
0.382559
0.382559
0.382627
0.382627
0.383154
0.383771
0.384182
0.384182
0.384204
0.384729
0.384767
0.384767
0.384767
0.384767
0.384767
0.384767
0.385086
0.385086
0.385086
0.385086
0.385086
0.385086
0.385086
0.385086
0.385086
0.385086
0.385086
0.385086
0.385086
0.386371
0.386371
0.386371
0.386371
0.386371
0.386371
0.386426
0.386426
0.386426
0.386426
0.386426
0.386426
0.386510
0.386510
0.386510
0.386510
0.386510
0.386510
0.386510
0.386510
0.386715
0.386715
0.386715
0.386715
0.386715
0.386715
0.386715
0.386725
0.386725
0.386725
0.386725
0.386742
0.386742
0.386742
0.386742
0.386742
0.386742
0.386742
0.386742
0.386742
0.386742
0.386742
0.386742
0.387055
0.387055
0.387055
0.387055
0.387055
0.387055
0.386473
0.386698
0.386698
0.386698
0.386698
0.387158
0.387486
0.387486
0.387486
0.387486
0.387486
0.387486
0.387563
0.387563
0.387563
0.387563
0.387563
0.387563
0.387563
0.387563
0.387563
0.385190
0.385190
0.385190
0.385190
0.385190
0.385190
0.385735
0.386100
0.386100
0.386100
0.386100
0.386100
0.386100
0.386100
0.386100
0.386100
0.386100
0.386100
0.386100
0.386100
0.386100
0.386100
0.386100
0.386100
0.386100
0.386100
0.386100
0.386466
0.386466
0.386466
0.386466
0.386466
0.386587
0.386587
0.386955
0.386955
0.386955
0.386955
0.386955
0.387073
0.387073
0.387073
0.387073
0.387073
0.387073
0.387073
0.387073
0.387073
0.387809
0.387809
0.387809
0.387809
0.387809
0.387809
0.387809
0.387809
0.387958
0.387958
0.387958
0.387958
0.387958
0.387958
0.387958
0.387958
0.387958
0.388223
0.388223
0.388223
0.388223
0.388223
0.388223
0.388223
0.388223
0.388223
0.388488
0.388488
0.388488
0.389221
0.389221
0.389221
0.389221
0.389221
0.389221
0.389221
0.389221
0.389221
0.389221
0.389221
0.389221
0.389221
0.389221
0.389221
0.389221
0.389221
0.389221
0.389221
0.389286
0.389286
0.389545
0.389545
0.389545
0.389683
0.389683
0.389865
0.389865
0.389865
0.389885
0.389885
0.389885
0.389885
0.389885
0.389885
0.389885
0.389885
0.389885
0.390120
0.390120
0.390269
0.390269
0.390269
0.390269
0.390269
0.390269
0.390269
0.390269
0.390269
0.390269
0.390269
0.390269
0.390269
0.390414
0.390414
0.390414
0.390414
0.390414
0.390438
0.390438
0.390438
0.390438
0.390438
0.390854
0.390854
0.390938
0.390981
0.390981
0.390981
0.391147
0.391147
0.391556
0.391556
0.391556
0.391556
0.391556
0.391556
0.391556
0.391556
0.391556
0.391556
0.391556
0.391556
0.391556
0.391556
0.391556
0.391556
0.391556
0.391556
0.391814
0.391814
0.391814
0.391814
0.392035
0.392035
0.392035
0.392035
0.392156
0.392177
0.392177
0.392177
0.392177
0.392177
0.392177
0.392177
0.392197
0.392197
0.392197
0.392227
0.392227
0.392227
0.392814
0.392814
0.392814
0.392814
0.392814
0.392872
0.393037
0.393037
0.393037
0.393037
0.393037
0.393037
0.393773
0.393773
0.393773
0.393773
0.393773
0.394096
0.394096
0.394096
0.394096
0.394096
0.394096
0.394096
0.394096
0.394096
0.394096
0.394096
0.394096
0.394162
0.394162
0.394162
0.394162
0.394162
0.394580
0.395125
0.395125
0.395125
0.395125
0.395125
0.395146
0.394695
0.394929
0.394929
0.394929
0.394929
0.395051
0.395051
0.395051
0.395051
0.395051
0.395051
0.395051
0.395051
0.395255
0.395326
0.395326
0.395326
0.395326
0.395326
0.395326
0.395326
0.395326
0.395326
0.395326
0.395326
0.395326
0.395326
0.395501
0.395501
0.395501
0.395501
0.395501
0.395501
0.395501
0.395501
0.395501
0.395501
0.395942
0.395942
0.395942
0.395942
0.395942
0.395942
0.396066
0.396066
0.396066
0.396066
0.396066
0.396066
0.396066
0.396066
0.396066
0.396066
0.396066
0.396508
0.396639
0.396639
0.396639
0.396639
0.396639
0.396639
0.396639
0.396639
0.396639
0.396639
0.396639
0.396639
0.396639
0.396948
0.396948
0.396948
0.396948
0.396948
0.396948
0.396948
0.396948
0.396948
0.396948
0.396948
0.396948
0.396948
0.396948
0.396948
0.397371
0.397529
0.397929
0.397929
0.397929
0.397929
0.397929
0.397929
0.397929
0.397929
0.397929
0.397929
0.397929
0.397929
0.397929
0.397935
0.397935
0.397935
0.398067
0.398067
0.398111
0.398111
0.398111
0.398111
0.398111
0.398111
0.398111
0.398111
0.398111
0.398111
0.398111
0.398111
0.398111
0.398111
0.398111
0.398111
0.398248
0.398725
0.398725
0.398725
0.398725
0.398725
0.398725
0.398725
0.398725
0.398725
0.398725
0.398725
0.398725
0.398725
0.398725
0.398984
0.399174
0.399174
0.399174
0.399174
0.399174
0.399174
0.399174
0.399174
0.399174
0.399174
0.399174
0.399174
0.399174
0.399174
0.399174
0.399174
0.399174
0.399302
0.399302
0.399302
0.399302
0.399302
0.399302
0.399302
0.399743
0.399818
0.399818
0.399818
0.400124
0.400124
0.400124
0.400124
0.400124
0.400124
0.400124
0.400182
0.400182
0.400182
0.400182
0.400274
0.400274
0.400301
0.400337
0.400337
0.400337
0.400337
0.400337
0.400337
0.400337
0.400337
0.400337
0.400478
0.400478
0.400748
0.400748
0.400748
0.400748
0.400878
0.400878
0.400878
0.400878
0.400878
0.400878
0.400980
0.400980
0.400980
0.401000
0.401000
0.401000
0.401000
0.401201
0.401201
0.401201
0.401202
0.401202
0.401202
0.401202
0.401202
0.401693
0.401693
0.402193
0.402193
0.402737
0.403202
0.403539
0.403539
0.403539
0.403539
0.403539
0.403567
0.403567
0.403579
0.403579
0.403790
0.403790
0.403790
0.403790
0.403790
0.403802
0.403802
0.403802
0.403802
0.403802
0.403802
0.403802
0.403802
0.403945
0.404207
0.404207
0.404545
0.404545
0.404545
0.404547
0.404547
0.404547
0.404547
0.404624
0.404624
0.404624
0.404624
0.404624
0.404624
0.404624
0.404624
0.404624
0.404624
0.404624
0.404814
0.404814
0.404814
0.404814
0.404814
0.404814
0.404814
0.404814
0.404814
0.404814
0.404814
0.404814
0.404814
0.404814
0.404814
0.404814
0.404814
0.404814
0.404814
0.404814
0.404814
0.404814
0.404814
0.404814
0.404814
0.404814
0.405548
0.405556
0.405556
0.405556
0.405630
0.405630
0.405630
0.406030
0.406030
0.406030
0.406030
0.406030
0.406030
0.406030
0.406030
0.406030
0.406030
0.406030
0.406030
0.406030
0.406030
0.406030
0.406030
0.406030
0.406030
0.406030
0.406030
0.406093
0.406035
0.406035
0.406035
0.406035
0.406035
0.406035
0.406035
0.406035
0.406036
0.405909
0.405909
0.405909
0.405909
0.405909
0.405909
0.405988
0.405988
0.406002
0.406002
0.406002
0.406002
0.406002
0.406263
0.406263
0.406334
0.406334
0.406334
0.406334
0.406334
0.406334
0.406334
0.406334
0.406334
0.406334
0.406334
0.406334
0.406334
0.406334
0.406497
0.406497
0.406497
0.406497
0.406497
0.406497
0.406497
0.406497
0.406497
0.406497
0.406497
0.406497
0.406497
0.406497
0.406497
0.406497
0.406497
0.406497
0.406530
0.406530
0.406530
0.406530
0.406530
0.406530
0.406530
0.406530
0.406530
0.406530
0.406530
0.406530
0.406530
0.406530
0.406530
0.406530
0.406530
0.406530
0.406530
0.406530
0.406530
0.406530
0.406558
0.406558
0.406558
0.407159
0.407203
0.407203
0.407203
0.407203
0.407203
0.407203
0.407203
0.407203
0.407203
0.407203
0.407203
0.407203
0.407203
0.407203
0.407409
0.407409
0.407409
0.407409
0.407409
0.407409
0.407409
0.407409
0.407409
0.407409
0.407409
0.407409
0.407409
0.407409
0.407409
0.407409
0.407409
0.407419
0.407419
0.407419
0.407419
0.407419
0.407737
0.407737
0.407737
0.407737
0.407737
0.407737
0.407737
0.407941
0.407941
0.407941
0.407941
0.407941
0.408123
0.408123
0.408123
0.408183
0.408183
0.408183
0.408183
0.408672
0.408672
0.408672
0.408672
0.408672
0.408764
0.408764
0.408764
0.408764
0.408764
0.408764
0.407343
0.407343
0.407343
0.407343
0.407424
0.407434
0.407507
0.407507
0.407507
0.407507
0.407507
0.407507
0.407507
0.407642
0.407642
0.407642
0.407678
0.407902
0.407902
0.407902
0.408069
0.408069
0.408069
0.408069
0.408069
0.408481
0.408481
0.408481
0.408481
0.408481
0.408590
0.408590
0.408615
0.408615
0.408615
0.408615
0.409021
0.409021
0.409021
0.409021
0.409021
0.409021
0.409034
0.409034
0.409034
0.409034
0.409034
0.409034
0.409034
0.409034
0.409034
0.409034
0.409034
0.409034
0.409034
0.409034
0.409034
0.409034
0.409034
0.409034
0.409034
0.409034
0.409211
0.409211
0.409211
0.409211
0.409211
0.409211
0.409211
0.409211
0.409235
0.409560
0.409560
0.409560
0.409560
0.409560
0.409560
0.409560
0.409560
0.409560
0.409560
0.409560
0.409560
0.409560
0.409560
0.409560
0.409560
0.409560
0.409609
0.409609
0.409609
0.409609
0.409609
0.409609
0.409609
0.409609
0.409609
0.409609
0.409609
0.409609
0.409609
0.409609
0.409609
0.409609
0.409648
0.409648
0.409648
0.409648
0.409648
0.409648
0.409648
0.409648
0.409648
0.409648
0.409648
0.409648
0.409648
0.409648
0.409648
0.409648
0.409648
0.409648
0.409688
0.409688
0.409688
0.409688
0.409688
0.409706
0.409706
0.409706
0.409706
0.409706
0.409863
0.409863
0.409863
0.409866
0.410065
0.410069
0.410069
0.410069
0.410127
0.410127
0.410127
0.410127
0.410197
0.410197
0.410197
0.410257
0.410257
0.410257
0.410257
0.410257
0.410257
0.410257
0.410435
0.410499
0.410499
0.410499
0.410499
0.410499
0.410681
0.410681
0.410681
0.410681
0.410681
0.410681
0.410681
0.410681
0.410731
0.410731
0.410731
0.410731
0.410731
0.410731
0.410731
0.410731
0.410734
0.410734
0.410766
0.411276
0.411431
0.411431
0.410459
0.410459
0.410459
0.410459
0.410505
0.410505
0.410505
0.410505
0.410505
0.410505
0.410505
0.410505
0.410505
0.410505
0.410505
0.410505
0.410505
0.410646
0.409827
0.409827
0.409827
0.409827
0.410232
0.410232
0.410232
0.410232
0.410272
0.410272
0.410272
0.410272
0.410322
0.410322
0.410322
0.410322
0.410322
0.410322
0.410322
0.410322
0.410322
0.410322
0.410322
0.410322
0.410322
0.410322
0.410322
0.410522
0.410522
0.410522
0.410522
0.410522
0.410522
0.410522
0.410522
0.410522
0.410522
0.410522
0.410522
0.410522
0.410522
0.410522
0.410530
0.410530
0.410530
0.410530
0.410530
0.410530
0.410605
0.410605
0.410617
0.410617
0.410617
0.410709
0.410709
0.410754
0.410754
0.410754
0.410764
0.410764
0.410764
0.410764
0.410764
0.410764
0.410764
0.410764
0.410764
0.410764
0.410764
0.410764
0.410822
0.410834
0.410834
0.410834
0.410834
0.411062
0.411062
0.411062
0.411062
0.411220
0.411220
0.411220
0.411220
0.411239
0.411411
0.411411
0.411411
0.411411
0.411411
0.411411
0.411411
0.411411
0.411411
0.411411
0.411411
0.411587
0.411587
0.411634
0.411634
0.411634
0.411771
0.411771
0.412046
0.412307
0.412307
0.412307
0.412307
0.412307
0.412307
0.412307
0.412307
0.412307
0.412307
0.412560
0.412560
0.412560
0.412560
0.412592
0.412762
0.412762
0.412762
0.412762
0.412762
0.412762
0.412762
0.412762
0.412921
0.413025
0.413025
0.413025
0.413025
0.413025
0.413025
0.413025
0.413090
0.413090
0.413090
0.413090
0.413090
0.413090
0.413158
0.413188
0.413327
0.413327
0.413327
0.413327
0.413327
0.413327
0.413328
0.413328
0.413328
0.413328
0.413328
0.413464
0.413464
0.413464
0.413464
0.413464
0.413464
0.413464
0.413464
0.413464
0.413464
0.413646
0.413695
0.413695
0.413695
0.413695
0.413695
0.413735
0.413735
0.413735
0.413735
0.413735
0.414373
0.414373
0.414373
0.414373
0.414373
0.414373
0.414373
0.414373
0.414373
0.414373
0.414419
0.414510
0.414510
0.414510
0.414510
0.414510
0.414510
0.414510
0.414633
0.414633
0.414633
0.414633
0.414633
0.414633
0.414633
0.414887
0.415014
0.415014
0.415014
0.415014
0.415014
0.415014
0.415014
0.415014
0.415039
0.415039
0.415077
0.415077
0.415077
0.415077
0.415077
0.415077
0.415077
0.415077
0.415077
0.415077
0.415077
0.415077
0.415077
0.415077
0.415077
0.415077
0.415077
0.415077
0.415077
0.415077
0.415077
0.415077
0.415077
0.415077
0.415216
0.415216
0.415287
0.415287
0.415287
0.415287
0.415287
0.415287
0.415287
0.415287
0.415287
0.415287
0.415287
0.415340
0.415499
0.415499
0.415547
0.415547
0.415610
0.415610
0.415610
0.415610
0.415610
0.415610
0.415777
0.415777
0.415777
0.415777
0.415841
0.415841
0.415841
0.415841
0.415841
0.415841
0.415841
0.415570
0.415570
0.415847
0.415847
0.415847
0.415847
0.415847
0.415847
0.416092
0.416092
0.416092
0.416092
0.416092
0.416092
0.416092
0.416092
0.416092
0.416092
0.416092
0.416334
0.416334
0.416431
0.416431
0.416455
0.416455
0.416455
0.416455
0.416576
0.416576
0.416666
0.416666
0.416666
0.416666
0.416666
0.416666
0.416855
0.416855
0.416882
0.417076
0.417076
0.417076
0.417076
0.417076
0.417076
0.417101
0.417101
0.417101
0.417101
0.417101
0.417101
0.417101
0.417101
0.417101
0.417101
0.417101
0.417101
0.417101
0.417101
0.417101
0.417205
0.417205
0.417205
0.417205
0.417233
0.417233
0.417233
0.417233
0.417233
0.417233
0.417233
0.417233
0.417233
0.417233
0.417233
0.415310
0.415310
0.415310
0.415310
0.415346
0.415346
0.415346
0.415440
0.415440
0.415469
0.415469
0.415508
0.415813
0.415813
0.415813
0.415813
0.415813
0.415813
0.415779
0.415779
0.415782
0.415782
0.415782
0.415782
0.415782
0.415889
0.415889
0.415889
0.415889
0.415889
0.415889
0.415889
0.415889
0.415889
0.415889
0.415889
0.415889
0.415927
0.415927
0.415927
0.415927
0.415927
0.415927
0.415927
0.415927
0.415927
0.415927
0.415927
0.415927
0.415983
0.415983
0.415983
0.416018
0.416018
0.416077
0.416077
0.416077
0.416077
0.416077
0.416077
0.416077
0.416077
0.416077
0.416077
0.416077
0.416077
0.416077
0.416077
0.416077
0.416077
0.416077
0.416141
0.416141
0.416141
0.416141
0.416141
0.416141
0.416141
0.416141
0.416141
0.416271
0.416271
0.416271
0.416271
0.416271
0.416271
0.416271
0.416271
0.416271
0.416271
0.416271
0.416271
0.416271
0.416271
0.416271
0.416271
0.416271
0.416271
0.416271
0.416271
0.416271
0.416271
0.416271
0.416271
0.416271
0.416271
0.416297
0.416297
0.416297
0.416297
0.416297
0.416297
0.416297
0.416297
0.416297
0.416297
0.416297
0.416297
0.416297
0.416297
0.416297
0.416297
0.416297
0.416297
0.416297
0.416297
0.416297
0.416297
0.416297
0.416297
0.416297
0.416297
0.416329
0.416329
0.416405
0.416405
0.416405
0.416405
0.416405
0.416405
0.416405
0.416405
0.416405
0.416405
0.416405
0.416405
0.416405
0.416405
0.416405
0.416405
0.416405
0.416405
0.416405
0.415917
0.415917
0.415929
0.415929
0.415929
0.415929
0.415929
0.415929
0.415929
0.415929
0.415929
0.415929
0.415929
0.415929
0.415929
0.415929
0.415929
0.415929
0.415934
0.415934
0.415934
0.415934
0.416031
0.416031
0.416031
0.416031
0.416031
0.416031
0.416031
0.416031
0.416053
0.416053
0.416053
0.416053
0.416053
0.416053
0.416053
0.416053
0.416053
0.416053
0.416053
0.416053
0.416053
0.416053
0.416053
0.416053
0.416053
0.416053
0.416068
0.416114
0.416114
0.416114
0.416114
0.416114
0.416188
0.416188
0.416188
0.416188
0.416188
0.416188
0.416188
0.416188
0.416188
0.416188
0.416188
0.416188
0.416346
0.416346
0.416346
0.416346
0.416346
0.416373
0.416373
0.416477
0.416477
0.416477
0.416477
0.416477
0.416484
0.416484
0.416484
0.416484
0.416484
0.416484
0.416484
0.416484
0.416484
0.416484
0.416484
0.416484
0.416484
0.416484
0.416484
0.416484
0.416484
0.416484
0.416484
0.416484
0.416484
0.416484
0.416484
0.416484
0.416484
0.416484
0.416484
0.416484
0.416484
0.416484
0.416484
0.416484
0.416596
0.416596
0.416596
0.416596
0.416596
0.416596
0.416596
0.416596
0.416596
0.416596
0.416596
0.416596
0.416596
0.416596
0.416596
0.416596
0.416596
0.416596
0.416596
0.416596
0.416596
0.416596
0.416596
0.416596
0.416638
0.416638
0.416775
0.416775
0.416775
0.417307
0.417307
0.417307
0.417307
0.417307
0.417307
0.417307
0.417307
0.417307
0.417307
0.417307
0.417314
0.417314
0.417314
0.417314
0.417314
0.417314
0.417314
0.417314
0.417314
0.417314
0.417314
0.416510
0.416510
0.416510
0.416510
0.416678
0.416678
0.416678
0.416678
0.416678
0.416678
0.416678
0.416678
0.416678
0.416678
0.416678
0.416678
0.416678
0.416755
0.416755
0.416755
0.416755
0.416755
0.416755
0.416755
0.416755
0.416755
0.416755
0.416773
0.416773
0.416773
0.416773
0.416773
0.416856
0.416856
0.416856
0.416856
0.416856
0.416856
0.416856
0.416921
0.416921
0.416921
0.416921
0.416921
0.417024
0.417024
0.417034
0.417034
0.417034
0.417034
0.417034
0.417034
0.417034
0.417034
0.417034
0.417034
0.417034
0.417034
0.417034
0.417034
0.417034
0.417034
0.417038
0.417038
0.417038
0.417038
0.417038
0.417038
0.417038
0.417038
0.417038
0.417038
0.417038
0.417038
0.417038
0.417038
0.417038
0.417043
0.417068
0.417068
0.417068
0.417068
0.417068
0.417068
0.417068
0.417068
0.417068
0.417068
0.417068
0.417068
0.417068
0.417068
0.417068
0.417068
0.417068
0.417068
0.417068
0.417068
0.417068
0.417068
0.417068
0.417068
0.417068
0.417106
0.417106
0.417191
0.417191
0.417191
0.417191
0.417191
0.417191
0.417191
0.417191
0.417191
0.417191
0.417191
0.417191
0.417191
0.417191
0.417191
0.417191
0.417191
0.417191
0.417191
0.417191
0.417191
0.415194
0.415194
0.415194
0.415194
0.415194
0.415194
0.415194
0.415194
0.415194
0.415194
0.415194
0.415194
0.415204
0.415204
0.415206
0.415206
0.415206
0.415206
0.415333
0.415333
0.415365
0.415365
0.415365
0.415365
0.415365
0.415365
0.415365
0.415365
0.415365
0.415365
0.415365
0.415365
0.415365
0.415366
0.415366
0.415366
0.415366
0.415366
0.415366
0.415366
0.415366
0.415366
0.415366
0.415366
0.415366
0.415366
0.415366
0.415366
0.415376
0.415376
0.415376
0.415376
0.415376
0.415376
0.415376
0.415376
0.415376
0.415376
0.415376
0.415376
0.415376
0.415376
0.415376
0.415376
0.415376
0.415376
0.415430
0.415430
0.415430
0.415430
0.415430
0.415476
0.415476
0.415476
0.415476
0.415476
0.415476
0.415476
0.415476
0.415504
0.415504
0.415512
0.415512
0.415524
0.415524
0.415524
0.415524
0.415524
0.415524
0.415524
0.415555
0.415555
0.415555
0.415555
0.415555
0.415555
0.415555
0.415555
0.415555
0.415555
0.415555
0.415555
0.415555
0.415555
0.415555
0.415555
0.415592
0.415638
0.415638
0.415638
0.415638
0.415638
0.415711
0.415711
0.415711
0.415711
0.415711
0.415933
0.415933
0.415972
0.415972
0.415980
0.415980
0.415980
0.415980
0.415980
0.415980
0.415980
0.415980
0.415980
0.415980
0.415980
0.415980
0.415980
0.415980
0.415980
0.415980
0.415980
0.415980
0.416066
0.416066
0.416066
0.416066
0.416066
0.416066
0.416066
0.416066
0.416066
0.416066
0.416066
0.416066
0.416066
0.416066
0.416066
0.416066
0.416086
0.416227
0.416227
0.416227
0.416227
0.416227
0.416227
0.416227
0.416227
0.416227
0.416227
0.416227
0.416227
0.416227
0.416227
0.416227
0.416227
0.416227
0.416227
0.416227
0.416328
0.416328
0.416328
0.416328
0.416328
0.416328
0.416328
0.416328
0.416328
0.416328
0.416328
0.416361
0.416361
0.416361
0.416361
0.416361
0.416361
0.416361
0.416361
0.416404
0.416404
0.416404
0.416404
0.416404
0.416506
0.416506
0.416506
0.416506
0.416506
0.416506
0.416506
0.416506
0.416506
0.416506
0.416506
0.416506
0.416506
0.416554
0.416554
0.416554
0.416554
0.416554
0.416554
0.416554
0.416554
0.416554
0.416554
0.416554
0.416554
0.416554
0.416554
0.416554
0.416554
0.416554
0.416554
0.416554
0.416554
0.416554
0.416554
0.416554
0.416554
0.416633
0.416633
0.416633
0.416633
0.416633
0.416633
0.416633
0.416633
0.416633
0.416633
0.416633
0.416633
0.416633
0.416633
0.416700
0.416700
0.416700
0.416702
0.416702
0.416702
0.416702
0.416702
0.416702
0.416702
0.416702
0.416795
0.416817
0.416817
0.416817
0.416817
0.416905
0.416905
0.416926
0.416928
0.416928
0.416928
0.416928
0.416928
0.416928
0.416962
0.416913
0.417013
0.417013
0.417013
0.417013
0.417013
0.417013
0.417017
0.417017
0.417083
0.417083
0.417083
0.417083
0.417083
0.417083
0.417083
0.417083
0.417083
0.417083
0.417083
0.417083
0.417083
0.417083
0.417083
0.417083
0.417083
0.417123
0.417123
0.417123
0.417123
0.417123
0.417123
0.417123
0.417123
0.417123
0.417123
0.417123
0.417123
0.417123
0.417123
0.417152
0.417152
0.417152
0.417152
0.417152
0.417159
0.417191
0.417191
0.417191
0.417191
0.417191
0.417191
0.417191
0.417191
0.417191
0.417191
0.417191
0.417191
0.417191
0.417261
0.417261
0.417261
0.417261
0.417261
0.417261
0.417261
0.417261
0.417261
0.417261
0.417261
0.417261
0.417261
0.417261
0.417261
0.417261
0.417261
0.417299
0.417299
0.417299
0.417365
0.417365
0.417365
0.417365
0.417365
0.417365
0.417365
0.417365
0.417365
0.417365
0.417365
0.417365
0.417365
0.417365
0.417365
0.417365
0.417365
0.417551
0.417551
0.417551
0.417551
0.417551
0.417551
0.417551
0.417551
0.417551
0.417551
0.417551
0.417551
0.417551
0.417580
0.417580
0.417580
0.417580
0.417580
0.417580
0.417609
0.417609
0.417609
0.417609
0.417625
0.417625
0.417627
0.417627
0.417627
0.417627
0.417627
0.417627
0.417627
0.417627
0.417627
0.417627
0.417635
0.417635
0.417635
0.417641
0.417641
0.417669
0.417669
0.417669
0.417669
0.417669
0.417669
0.417669
0.417669
0.417669
0.417753
0.417753
0.417753
0.417753
0.417753
0.417753
0.417753
0.417753
0.417753
0.413048
0.413048
0.413048
0.413048
0.413048
0.413048
0.413048
0.413048
0.413048
0.413048
0.413048
0.413048
0.413048
0.413074
0.413074
0.413074
0.412538
0.412538
0.412538
0.412538
0.412538
0.412538
0.412538
0.412538
0.412538
0.412538
0.412538
0.412538
0.412538
0.412538
0.412572
0.412572
0.412572
0.412610
0.412610
0.412613
0.412613
0.412613
0.412613
0.412613
0.412613
0.412613
0.412613
0.412613
0.412613
0.412613
0.412613
0.412613
0.412613
0.412681
0.412681
0.412681
0.412681
0.412809
0.412809
0.412809
0.412809
0.412827
0.412870
0.412870
0.412870
0.412870
0.412870
0.412870
0.412870
0.413000
0.413000
0.413000
0.413000
0.413000
0.413000
0.413000
0.413000
0.413000
0.412992
0.412992
0.412992
0.413073
0.413073
0.413073
0.413073
0.413073
0.413117
0.413130
0.413130
0.413130
0.413130
0.413130
0.413130
0.413130
0.413130
0.413130
0.413130
0.413130
0.413130
0.413130
0.413130
0.413130
0.413130
0.413130
0.413130
0.413130
0.413130
0.413130
0.413160
0.413160
0.413160
0.413160
0.413160
0.413160
0.413160
0.413160
0.413160
0.413160
0.413160
0.413160
0.413160
0.413160
0.413160
0.413160
0.413160
0.413160
0.413160
0.413160
0.413160
0.413175
0.413175
0.413175
0.413175
0.413244
0.413244
0.413244
0.413263
0.413263
0.413263
0.413263
0.413263
0.413263
0.413263
0.413263
0.413655
0.413655
0.413655
0.413655
0.413767
0.413767
0.413767
0.413767
0.413767
0.413889
0.413977
0.413977
0.413977
0.413977
0.413977
0.413977
0.413977
0.413977
0.413977
0.413977
0.413977
0.413977
0.413977
0.413977
0.414027
0.413864
0.413864
0.413864
0.413864
0.413936
0.413936
0.413936
0.413936
0.413936
0.413936
0.414044
0.414044
0.414044
0.414044
0.414044
0.414044
0.414044
0.414044
0.414044
0.414044
0.414044
0.414044
0.414044
0.414044
0.414044
0.414066
0.414066
0.414066
0.414066
0.414066
0.414066
0.414066
0.414142
0.414142
0.414142
0.414142
0.414142
0.414142
0.414142
0.414142
0.414142
0.414151
0.414151
0.414151
0.414176
0.414176
0.414176
0.414176
0.414176
0.414176
0.414176
0.414176
0.414176
0.414176
0.414176
0.414227
0.414320
0.414320
0.414320
0.414320
0.414365
0.414365
0.414365
0.414365
0.414365
0.414365
0.414365
0.414365
0.414365
0.414365
0.414365
0.414365
0.414365
0.414365
0.414365
0.414365
0.414382
0.414445
0.414445
0.414487
0.414487
0.414487
0.411385
0.411475
0.411475
0.411475
0.411475
0.411499
0.411499
0.411499
0.411499
0.411528
0.411583
0.411583
0.411814
0.411814
0.411884
0.411884
0.411884
0.411884
0.411884
0.411884
0.411891
0.411891
0.411891
0.411891
0.412038
0.412038
0.412038
0.412038
0.412038
0.412038
0.412038
0.412038
0.412038
0.410464
0.410484
0.410484
0.410484
0.410484
0.410490
0.410518
0.410518
0.410518
0.410518
0.410518
0.410518
0.410518
0.410518
0.410518
0.410518
0.410518
0.410548
0.410548
0.410548
0.410548
0.410571
0.410571
0.410571
0.410571
0.410606
0.410606
0.410606
0.410606
0.410606
0.410606
0.410606
0.410606
0.410606
0.410606
0.410606
0.410606
0.410606
0.410606
0.410768
0.410768
0.410768
0.410768
0.410768
0.410768
0.410768
0.410768
0.410768
0.410768
0.410768
0.410768
0.410768
0.410768
0.410768
0.410768
0.410768
0.410768
0.410787
0.410787
0.410787
0.410787
0.410787
0.410787
0.410787
0.410787
0.410787
0.410787
0.410787
0.410787
0.410830
0.410830
0.410830
0.410830
0.410830
0.410830
0.410830
0.410830
0.410931
0.410931
0.410931
0.410963
0.410963
0.411042
0.411078
0.411079
0.411079
0.411079
0.411079
0.411079
0.411079
0.411079
0.411079
0.411079
0.411079
0.411137
0.411137
0.411137
0.411137
0.411137
0.410592
0.410810
0.410810
0.410909
0.410909
0.410909
0.410909
0.410909
0.410909
0.410909
0.410909
0.410926
0.410926
0.410926
0.410951
0.410951
0.410951
0.410951
0.410951
0.410951
0.410951
0.410951
0.410951
0.410951
0.410951
0.410951
0.410951
0.410951
0.410951
0.410951
0.411054
0.411126
0.411126
0.411126
0.411126
0.411126
0.411126
0.411126
0.411126
0.411126
0.411126
0.411126
0.411126
0.411126
0.411126
0.411140
0.411140
0.411281
0.411281
0.411281
0.411281
0.411281
0.411281
0.411288
0.411319
0.411319
0.411394
0.411394
0.411437
0.411462
0.411462
0.411462
0.411462
0.411462
0.411462
0.411462
0.411462
0.411462
0.411462
0.411462
0.411462
0.411462
0.411462
0.411462
0.411462
0.411462
0.411465
0.411465
0.411465
0.411486
0.411486
0.411486
0.411486
0.411486
0.411486
0.411486
0.411486
0.411486
0.411486
0.411509
0.411511
0.411546
0.411546
0.411546
