1020246248.297218
1020246248.297218
1020246248.297218
1020246248.297218
1020246248.297218
1020246248.297218
1020246248.297218
1020246248.297218
1020246248.297218
1020246248.297218
763931590.622674
763931590.622674
763931590.622674
763931590.622674
763931590.622674
763931590.622674
763931590.622674
763931590.622674
763931590.622674
763931590.622674
763931590.622674
763931590.622674
763931590.622674
763931590.622674
763931590.622674
763931590.622674
763931590.622674
719974232.339845
719974232.339845
719974232.339845
719974232.339845
719974232.339845
719974232.339845
719974232.339845
719974232.339845
719974232.339845
719974232.339845
719974232.339845
719974232.339845
512869225.213278
512869225.213278
512869225.213278
512869225.213278
512869225.213278
395692311.395594
395692311.395594
395692311.395594
395692311.395594
395692311.395594
395692311.395594
395692311.395594
395692311.395594
395692311.395594
395692311.395594
395692311.395594
395692311.395594
395692311.395594
395692311.395594
395692311.395594
395692311.395594
395692311.395594
395692311.395594
395692311.395594
395692311.395594
199558941.928441
199558941.928441
199558941.928441
199558941.928441
199558941.928441
199558941.928441
199558941.928441
199558941.928441
199558941.928441
199558941.928441
199558941.928441
199558941.928441
199558941.928441
199558941.928441
199558941.928441
199558941.928441
199558941.928441
199558941.928441
199558941.928441
199558941.928441
199558941.928441
199558941.928441
199558941.928441
199558941.928441
199558941.928441
199558941.928441
199558941.928441
199558941.928441
199558941.928441
199558941.928441
199558941.928441
199558941.928441
199558941.928441
199558941.928441
199558941.928441
199558941.928441
199558941.928441
199558941.928441
199558941.928441
199558941.928441
199558941.928441
199558941.928441
199558941.928441
199558941.928441
199558941.928441
199558941.928441
199558941.928441
199558941.928441
199558941.928441
199558941.928441
199558941.928441
199558941.928441
199558941.928441
199558941.928441
199558941.928441
199558941.928441
199558941.928441
199558941.928441
199558941.928441
199558941.928441
199558941.928441
199558941.928441
199558941.928441
199558941.928441
199558941.928441
199558941.928441
199558941.928441
199558941.928441
199558941.928441
199558941.928441
199558941.928441
199558941.928441
199558941.928441
199558941.928441
199558941.928441
199558941.928441
199558941.928441
199558941.928441
199558941.928441
199558941.928441
199558941.928441
199558941.928441
199558941.928441
199558941.928441
199558941.928441
199558941.928441
199558941.928441
199558941.928441
199558941.928441
199558941.928441
199558941.928441
199558941.928441
199558941.928441
199558941.928441
199558941.928441
199558941.928441
199558941.928441
199558941.928441
199558941.928441
199558941.928441
199558941.928441
199558941.928441
199558941.928441
199558941.928441
199558941.928441
199558941.928441
199558941.928441
199558941.928441
199558941.928441
199558941.928441
199558941.928441
199558941.928441
199558941.928441
199558941.928441
199558941.928441
199558941.928441
199558941.928441
199558941.928441
199558941.928441
199558941.928441
199558941.928441
199558941.928441
199558941.928441
199558941.928441
199558941.928441
199558941.928441
199558941.928441
199558941.928441
199558941.928441
199558941.928441
199558941.928441
199558941.928441
199558941.928441
199558941.928441
199558941.928441
199558941.928441
199558941.928441
199558941.928441
199558941.928441
199558941.928441
199558941.928441
199558941.928441
199558941.928441
199558941.928441
199558941.928441
199558941.928441
199558941.928441
199558941.928441
199558941.928441
94429005.704732
94429005.704732
94429005.704732
94429005.704732
94429005.704732
94429005.704732
94429005.704732
94429005.704732
94429005.704732
94429005.704732
94429005.704732
94429005.704732
94429005.704732
94429005.704732
94429005.704732
94429005.704732
94429005.704732
94429005.704732
94429005.704732
94429005.704732
94429005.704732
94429005.704732
94429005.704732
94429005.704732
94429005.704732
94429005.704732
94429005.704732
94429005.704732
94429005.704732
94429005.704732
94429005.704732
94429005.704732
94429005.704732
94429005.704732
94429005.704732
94429005.704732
94429005.704732
94429005.704732
94429005.704732
94429005.704732
94429005.704732
94429005.704732
94429005.704732
94429005.704732
94429005.704732
94429005.704732
94429005.704732
94429005.704732
94429005.704732
94429005.704732
94429005.704732
94429005.704732
94429005.704732
94429005.704732
94429005.704732
94429005.704732
94429005.704732
94429005.704732
94429005.704732
94429005.704732
94429005.704732
94429005.704732
94429005.704732
94429005.704732
94429005.704732
94429005.704732
94429005.704732
94429005.704732
94429005.704732
94429005.704732
94429005.704732
94429005.704732
94429005.704732
94429005.704732
94429005.704732
94429005.704732
94429005.704732
94429005.704732
94429005.704732
94429005.704732
94429005.704732
94429005.704732
94429005.704732
94429005.704732
94429005.704732
94429005.704732
94429005.704732
94429005.704732
94429005.704732
94429005.704732
94429005.704732
94429005.704732
94429005.704732
58630684.110783
58630684.110783
58630684.110783
58630684.110783
58630684.110783
58630684.110783
58630684.110783
58630684.110783
58630684.110783
58630684.110783
58630684.110783
58630684.110783
58630684.110783
58630684.110783
58630684.110783
58630684.110783
58630684.110783
58630684.110783
58630684.110783
58630684.110783
58630684.110783
58630684.110783
58630684.110783
58630684.110783
58630684.110783
58630684.110783
58630684.110783
58630684.110783
58630684.110783
58630684.110783
58630684.110783
58630684.110783
58630684.110783
58630684.110783
58630684.110783
58630684.110783
58630684.110783
58630684.110783
58630684.110783
58630684.110783
58630684.110783
58630684.110783
58630684.110783
58630684.110783
58630684.110783
58630684.110783
58630684.110783
46643153.030986
46643153.030986
46643153.030986
46643153.030986
46643153.030986
46643153.030986
46643153.030986
46643153.030986
46643153.030986
46643153.030986
46643153.030986
46643153.030986
46643153.030986
46643153.030986
46643153.030986
46643153.030986
46643153.030986
46643153.030986
46643153.030986
46643153.030986
46643153.030986
46643153.030986
46643153.030986
46643153.030986
46643153.030986
46643153.030986
46643153.030986
46643153.030986
46643153.030986
46643153.030986
46643153.030986
46643153.030986
46643153.030986
46643153.030986
46643153.030986
46643153.030986
46643153.030986
46643153.030986
46643153.030986
46643153.030986
46643153.030986
46643153.030986
46643153.030986
46643153.030986
46643153.030986
46643153.030986
46643153.030986
46643153.030986
46643153.030986
46643153.030986
46643153.030986
46643153.030986
46643153.030986
46643153.030986
46643153.030986
46643153.030986
46643153.030986
46643153.030986
46643153.030986
46643153.030986
46643153.030986
46643153.030986
46643153.030986
46643153.030986
46643153.030986
46643153.030986
46643153.030986
46643153.030986
46643153.030986
46643153.030986
46643153.030986
46643153.030986
46643153.030986
46643153.030986
46643153.030986
46643153.030986
46643153.030986
46643153.030986
46643153.030986
46643153.030986
46643153.030986
46643153.030986
46643153.030986
46643153.030986
46643153.030986
46643153.030986
46643153.030986
46643153.030986
46643153.030986
46643153.030986
46643153.030986
46643153.030986
46643153.030986
46643153.030986
46643153.030986
46643153.030986
46643153.030986
46643153.030986
46643153.030986
46643153.030986
46643153.030986
46643153.030986
46643153.030986
46643153.030986
46643153.030986
46643153.030986
46643153.030986
46643153.030986
46643153.030986
46643153.030986
46643153.030986
46643153.030986
46643153.030986
46643153.030986
46643153.030986
46643153.030986
46643153.030986
46643153.030986
46643153.030986
46643153.030986
46643153.030986
46643153.030986
46643153.030986
46643153.030986
46643153.030986
46643153.030986
46643153.030986
46643153.030986
46643153.030986
46643153.030986
46643153.030986
46643153.030986
46643153.030986
46643153.030986
46643153.030986
46643153.030986
46643153.030986
46643153.030986
46643153.030986
46643153.030986
46643153.030986
46643153.030986
46643153.030986
46643153.030986
46643153.030986
46643153.030986
46643153.030986
46643153.030986
46643153.030986
46643153.030986
46643153.030986
46643153.030986
46643153.030986
46643153.030986
46643153.030986
46643153.030986
46643153.030986
46643153.030986
46643153.030986
46643153.030986
46643153.030986
46643153.030986
46643153.030986
46643153.030986
46643153.030986
46643153.030986
46643153.030986
46643153.030986
46643153.030986
46643153.030986
46643153.030986
46643153.030986
46643153.030986
46643153.030986
46643153.030986
46643153.030986
46643153.030986
46643153.030986
46643153.030986
46643153.030986
46643153.030986
46643153.030986
46643153.030986
46643153.030986
46643153.030986
46643153.030986
46643153.030986
46643153.030986
46643153.030986
46643153.030986
46643153.030986
46643153.030986
46643153.030986
46643153.030986
46643153.030986
46643153.030986
46643153.030986
46643153.030986
46643153.030986
46643153.030986
46643153.030986
46643153.030986
46643153.030986
46643153.030986
46643153.030986
46643153.030986
46643153.030986
46643153.030986
46643153.030986
46643153.030986
46643153.030986
46643153.030986
46643153.030986
46643153.030986
46643153.030986
46643153.030986
46643153.030986
46643153.030986
46643153.030986
46643153.030986
46643153.030986
46643153.030986
46643153.030986
46643153.030986
46643153.030986
46643153.030986
46643153.030986
46643153.030986
46643153.030986
46643153.030986
46643153.030986
46643153.030986
46643153.030986
46643153.030986
46643153.030986
46643153.030986
46643153.030986
46643153.030986
46643153.030986
46643153.030986
46643153.030986
46643153.030986
46643153.030986
46643153.030986
46643153.030986
46643153.030986
46643153.030986
46643153.030986
46643153.030986
46643153.030986
46643153.030986
46643153.030986
46643153.030986
46643153.030986
46643153.030986
46643153.030986
46643153.030986
46643153.030986
46643153.030986
46643153.030986
46643153.030986
46643153.030986
46643153.030986
46643153.030986
46643153.030986
46643153.030986
46643153.030986
46643153.030986
46643153.030986
46643153.030986
46643153.030986
46643153.030986
46643153.030986
46643153.030986
46643153.030986
46643153.030986
46643153.030986
46643153.030986
46643153.030986
46643153.030986
46643153.030986
46643153.030986
46643153.030986
46643153.030986
46643153.030986
46643153.030986
46643153.030986
46643153.030986
46643153.030986
46643153.030986
46643153.030986
46643153.030986
46643153.030986
46643153.030986
46643153.030986
46643153.030986
46643153.030986
46643153.030986
46643153.030986
46643153.030986
46643153.030986
46643153.030986
46643153.030986
46643153.030986
46643153.030986
46643153.030986
46643153.030986
46643153.030986
46643153.030986
46643153.030986
46643153.030986
46643153.030986
46643153.030986
46643153.030986
46643153.030986
46643153.030986
46643153.030986
46643153.030986
46643153.030986
46643153.030986
46643153.030986
46643153.030986
46643153.030986
46643153.030986
46643153.030986
46643153.030986
46643153.030986
46643153.030986
46643153.030986
46643153.030986
46643153.030986
46643153.030986
46643153.030986
46643153.030986
46643153.030986
46643153.030986
46643153.030986
46643153.030986
46643153.030986
46643153.030986
46643153.030986
46643153.030986
46643153.030986
46643153.030986
46643153.030986
46643153.030986
46643153.030986
46643153.030986
46643153.030986
46643153.030986
46643153.030986
46643153.030986
46643153.030986
46643153.030986
46643153.030986
46643153.030986
46643153.030986
46643153.030986
46643153.030986
46643153.030986
46643153.030986
46643153.030986
46643153.030986
46643153.030986
46643153.030986
46643153.030986
46643153.030986
46643153.030986
46643153.030986
46643153.030986
46643153.030986
46643153.030986
46643153.030986
46643153.030986
46643153.030986
46643153.030986
46643153.030986
46643153.030986
46643153.030986
46643153.030986
46643153.030986
46643153.030986
46643153.030986
46643153.030986
46643153.030986
46643153.030986
46643153.030986
46643153.030986
46643153.030986
46643153.030986
46643153.030986
46643153.030986
46643153.030986
46643153.030986
46643153.030986
46643153.030986
46643153.030986
46643153.030986
46643153.030986
46643153.030986
46643153.030986
46643153.030986
46643153.030986
46643153.030986
46643153.030986
46643153.030986
46643153.030986
46643153.030986
46643153.030986
46643153.030986
46643153.030986
46643153.030986
46643153.030986
46643153.030986
46643153.030986
46643153.030986
46643153.030986
46643153.030986
46643153.030986
46643153.030986
46643153.030986
46643153.030986
46643153.030986
46643153.030986
46643153.030986
46643153.030986
46643153.030986
46643153.030986
46643153.030986
46643153.030986
46643153.030986
46643153.030986
46643153.030986
46643153.030986
46643153.030986
46643153.030986
46643153.030986
46643153.030986
46643153.030986
46643153.030986
46643153.030986
46643153.030986
46643153.030986
46643153.030986
46643153.030986
46643153.030986
46643153.030986
46643153.030986
46643153.030986
46643153.030986
46643153.030986
46643153.030986
46643153.030986
46643153.030986
46643153.030986
46643153.030986
46643153.030986
46643153.030986
46643153.030986
46643153.030986
46643153.030986
46643153.030986
46643153.030986
46643153.030986
46643153.030986
46643153.030986
46643153.030986
46643153.030986
46643153.030986
46643153.030986
46643153.030986
46643153.030986
46643153.030986
46643153.030986
46643153.030986
46643153.030986
46643153.030986
46643153.030986
46643153.030986
46643153.030986
46643153.030986
46643153.030986
46643153.030986
46643153.030986
46643153.030986
46643153.030986
46643153.030986
46643153.030986
46643153.030986
46643153.030986
46643153.030986
46643153.030986
46643153.030986
46643153.030986
46643153.030986
46643153.030986
46643153.030986
46643153.030986
46643153.030986
46643153.030986
46643153.030986
46643153.030986
46643153.030986
46643153.030986
46643153.030986
46643153.030986
46643153.030986
46643153.030986
46643153.030986
46643153.030986
46643153.030986
46643153.030986
46643153.030986
46643153.030986
46643153.030986
46643153.030986
46643153.030986
46643153.030986
46643153.030986
46643153.030986
46643153.030986
46643153.030986
46643153.030986
46643153.030986
46643153.030986
46643153.030986
46643153.030986
46643153.030986
46643153.030986
46643153.030986
46643153.030986
46643153.030986
46643153.030986
46643153.030986
46643153.030986
46643153.030986
46643153.030986
46643153.030986
46643153.030986
46643153.030986
46643153.030986
46643153.030986
46643153.030986
46643153.030986
46643153.030986
46643153.030986
46643153.030986
46643153.030986
46643153.030986
46643153.030986
46643153.030986
46643153.030986
46643153.030986
46643153.030986
46643153.030986
46643153.030986
46643153.030986
46643153.030986
46643153.030986
46643153.030986
46643153.030986
46643153.030986
46643153.030986
46643153.030986
46643153.030986
46643153.030986
46643153.030986
46643153.030986
46643153.030986
46643153.030986
46643153.030986
46643153.030986
46643153.030986
46643153.030986
46643153.030986
46643153.030986
46643153.030986
46643153.030986
46643153.030986
46643153.030986
46643153.030986
46643153.030986
46643153.030986
46643153.030986
46643153.030986
46643153.030986
46643153.030986
46643153.030986
46643153.030986
46643153.030986
46643153.030986
46643153.030986
46643153.030986
46643153.030986
46643153.030986
46643153.030986
46643153.030986
46643153.030986
46643153.030986
46643153.030986
46643153.030986
46643153.030986
46643153.030986
46643153.030986
46643153.030986
46643153.030986
46643153.030986
46643153.030986
46643153.030986
46643153.030986
46643153.030986
46643153.030986
46643153.030986
46643153.030986
46643153.030986
46643153.030986
46643153.030986
46643153.030986
46643153.030986
46643153.030986
46643153.030986
46643153.030986
46643153.030986
46643153.030986
46643153.030986
46643153.030986
46643153.030986
46643153.030986
46643153.030986
46643153.030986
46643153.030986
46643153.030986
46643153.030986
46643153.030986
46643153.030986
46643153.030986
46643153.030986
46643153.030986
46643153.030986
46643153.030986
46643153.030986
46643153.030986
46643153.030986
46643153.030986
46643153.030986
46643153.030986
46643153.030986
46643153.030986
46643153.030986
46643153.030986
46643153.030986
46643153.030986
33330273.307650
33330273.307650
26765647.511567
14544806.001630
14544806.001630
14544806.001630
14544806.001630
14544806.001630
14544806.001630
14544806.001630
14544806.001630
14544806.001630
14544806.001630
14544806.001630
14544806.001630
14544806.001630
14544806.001630
14544806.001630
14544806.001630
14544806.001630
14544806.001630
14544806.001630
14544806.001630
14544806.001630
14544806.001630
14544806.001630
14544806.001630
14544806.001630
14544806.001630
14544806.001630
14544806.001630
14544806.001630
14544806.001630
14544806.001630
14544806.001630
14544806.001630
14544806.001630
14544806.001630
14544806.001630
14544806.001630
14544806.001630
14544806.001630
14544806.001630
14544806.001630
14544806.001630
14544806.001630
14544806.001630
14544806.001630
14544806.001630
14544806.001630
14544806.001630
14544806.001630
14544806.001630
14544806.001630
14544806.001630
14544806.001630
14544806.001630
14544806.001630
14544806.001630
14544806.001630
14544806.001630
14544806.001630
14544806.001630
14544806.001630
14544806.001630
14544806.001630
14544806.001630
14544806.001630
14544806.001630
14544806.001630
14544806.001630
14544806.001630
14544806.001630
14544806.001630
14544806.001630
14544806.001630
14544806.001630
14544806.001630
14544806.001630
14544806.001630
14544806.001630
14544806.001630
14544806.001630
14544806.001630
14544806.001630
14544806.001630
14544806.001630
14544806.001630
14544806.001630
14544806.001630
14544806.001630
14544806.001630
14544806.001630
14544806.001630
14544806.001630
14544806.001630
14544806.001630
14544806.001630
14544806.001630
14544806.001630
14544806.001630
14544806.001630
14544806.001630
14544806.001630
14544806.001630
14544806.001630
14544806.001630
14544806.001630
14544806.001630
14544806.001630
14544806.001630
14544806.001630
14544806.001630
14544806.001630
14544806.001630
14544806.001630
14544806.001630
14544806.001630
14544806.001630
14544806.001630
14544806.001630
14544806.001630
14544806.001630
14544806.001630
14544806.001630
14544806.001630
14544806.001630
14544806.001630
14544806.001630
14544806.001630
14544806.001630
14544806.001630
14544806.001630
14544806.001630
14544806.001630
14544806.001630
14544806.001630
14544806.001630
14544806.001630
14544806.001630
14544806.001630
14544806.001630
14544806.001630
14544806.001630
14544806.001630
14544806.001630
14544806.001630
14544806.001630
14544806.001630
14544806.001630
14544806.001630
14544806.001630
14544806.001630
14544806.001630
14544806.001630
14544806.001630
14544806.001630
14544806.001630
14544806.001630
14544806.001630
14544806.001630
14544806.001630
14544806.001630
14544806.001630
14544806.001630
14544806.001630
14544806.001630
14544806.001630
14544806.001630
14544806.001630
14544806.001630
14544806.001630
14544806.001630
14544806.001630
14544806.001630
14544806.001630
14544806.001630
14544806.001630
14544806.001630
14544806.001630
14544806.001630
14544806.001630
14544806.001630
14544806.001630
14544806.001630
14544806.001630
14544806.001630
14544806.001630
14544806.001630
14544806.001630
14544806.001630
14544806.001630
14544806.001630
14544806.001630
14544806.001630
14544806.001630
14544806.001630
14544806.001630
14544806.001630
14544806.001630
14544806.001630
14544806.001630
14544806.001630
14544806.001630
14544806.001630
14544806.001630
14544806.001630
14544806.001630
14544806.001630
14544806.001630
14544806.001630
14544806.001630
14544806.001630
14544806.001630
14544806.001630
14544806.001630
14544806.001630
14544806.001630
14544806.001630
14544806.001630
14544806.001630
14544806.001630
14544806.001630
14544806.001630
14544806.001630
14544806.001630
14544806.001630
14544806.001630
14544806.001630
14544806.001630
14544806.001630
14544806.001630
14544806.001630
14544806.001630
14544806.001630
14544806.001630
14544806.001630
14544806.001630
14544806.001630
14544806.001630
14544806.001630
14544806.001630
14544806.001630
14544806.001630
14544806.001630
14544806.001630
14544806.001630
14544806.001630
14544806.001630
14544806.001630
14544806.001630
14544806.001630
14544806.001630
14544806.001630
14544806.001630
14544806.001630
14544806.001630
14544806.001630
14544806.001630
14544806.001630
14544806.001630
14544806.001630
14544806.001630
14544806.001630
14544806.001630
14544806.001630
14544806.001630
14544806.001630
14544806.001630
14544806.001630
14544806.001630
14544806.001630
14544806.001630
14544806.001630
14544806.001630
14544806.001630
14544806.001630
14544806.001630
14544806.001630
14544806.001630
14544806.001630
14544806.001630
14544806.001630
14544806.001630
14544806.001630
14544806.001630
14544806.001630
14544806.001630
14544806.001630
14544806.001630
14544806.001630
14544806.001630
14544806.001630
14544806.001630
14544806.001630
14544806.001630
14544806.001630
14544806.001630
14544806.001630
14544806.001630
14544806.001630
14544806.001630
14544806.001630
14544806.001630
14544806.001630
14544806.001630
14544806.001630
14544806.001630
14544806.001630
14544806.001630
14544806.001630
14544806.001630
14544806.001630
14544806.001630
14544806.001630
14544806.001630
14544806.001630
14544806.001630
14544806.001630
14544806.001630
14544806.001630
14544806.001630
14544806.001630
14544806.001630
14544806.001630
14544806.001630
14544806.001630
14544806.001630
14544806.001630
14544806.001630
14544806.001630
14544806.001630
14544806.001630
14544806.001630
14544806.001630
14544806.001630
14544806.001630
14544806.001630
14544806.001630
14544806.001630
14544806.001630
14544806.001630
14544806.001630
14544806.001630
14544806.001630
14544806.001630
14544806.001630
14544806.001630
14544806.001630
14544806.001630
14544806.001630
14544806.001630
14544806.001630
14544806.001630
14544806.001630
14544806.001630
14544806.001630
14544806.001630
14544806.001630
14544806.001630
14544806.001630
14544806.001630
14544806.001630
14544806.001630
14544806.001630
14544806.001630
14544806.001630
14544806.001630
14544806.001630
14544806.001630
14544806.001630
14544806.001630
14544806.001630
14544806.001630
14544806.001630
14544806.001630
14544806.001630
14544806.001630
14544806.001630
14544806.001630
14544806.001630
14544806.001630
14544806.001630
14544806.001630
14544806.001630
14544806.001630
14544806.001630
14544806.001630
14544806.001630
14544806.001630
14544806.001630
14544806.001630
14544806.001630
14544806.001630
14544806.001630
14544806.001630
14544806.001630
14544806.001630
14544806.001630
14544806.001630
14544806.001630
14544806.001630
14544806.001630
14544806.001630
14544806.001630
14544806.001630
14544806.001630
14544806.001630
14544806.001630
14544806.001630
14544806.001630
14544806.001630
14544806.001630
14544806.001630
14544806.001630
14544806.001630
14544806.001630
14544806.001630
14544806.001630
14544806.001630
14544806.001630
14544806.001630
14544806.001630
14544806.001630
14544806.001630
14544806.001630
14544806.001630
14544806.001630
14544806.001630
14544806.001630
14544806.001630
14544806.001630
14544806.001630
14544806.001630
14544806.001630
14544806.001630
14544806.001630
14544806.001630
14544806.001630
14544806.001630
14544806.001630
14544806.001630
14544806.001630
14544806.001630
14544806.001630
14544806.001630
14544806.001630
14544806.001630
14544806.001630
14544806.001630
14544806.001630
14544806.001630
14544806.001630
14544806.001630
14544806.001630
14544806.001630
14544806.001630
14544806.001630
14544806.001630
14544806.001630
14544806.001630
14544806.001630
14544806.001630
14544806.001630
14544806.001630
14544806.001630
14544806.001630
14544806.001630
14544806.001630
14544806.001630
14544806.001630
14544806.001630
14544806.001630
14544806.001630
14544806.001630
14544806.001630
14544806.001630
14544806.001630
14544806.001630
14544806.001630
14544806.001630
14544806.001630
14544806.001630
14544806.001630
14544806.001630
14544806.001630
14544806.001630
14544806.001630
14544806.001630
14544806.001630
14544806.001630
14544806.001630
14544806.001630
14544806.001630
14544806.001630
14544806.001630
14544806.001630
14544806.001630
14544806.001630
14544806.001630
14544806.001630
14544806.001630
14544806.001630
14544806.001630
14544806.001630
14544806.001630
14544806.001630
14544806.001630
14544806.001630
14544806.001630
14544806.001630
14544806.001630
14544806.001630
14544806.001630
14544806.001630
14544806.001630
14544806.001630
14544806.001630
14544806.001630
14544806.001630
14544806.001630
14544806.001630
14544806.001630
14544806.001630
14544806.001630
14544806.001630
14544806.001630
14544806.001630
14544806.001630
14544806.001630
14544806.001630
14544806.001630
14544806.001630
14544806.001630
14544806.001630
14544806.001630
14544806.001630
14544806.001630
14544806.001630
14544806.001630
14544806.001630
14544806.001630
14544806.001630
14544806.001630
14544806.001630
14544806.001630
14544806.001630
14544806.001630
14544806.001630
14544806.001630
14544806.001630
14544806.001630
14544806.001630
14544806.001630
14544806.001630
14544806.001630
14544806.001630
14544806.001630
14544806.001630
14544806.001630
14544806.001630
14544806.001630
14544806.001630
14544806.001630
14544806.001630
14544806.001630
14544806.001630
14544806.001630
14544806.001630
14544806.001630
14544806.001630
14544806.001630
14544806.001630
14544806.001630
14544806.001630
14544806.001630
14544806.001630
14544806.001630
14544806.001630
14544806.001630
14544806.001630
14544806.001630
14544806.001630
14544806.001630
14544806.001630
14544806.001630
14544806.001630
14544806.001630
14544806.001630
14544806.001630
14544806.001630
14544806.001630
14544806.001630
14544806.001630
14544806.001630
14544806.001630
14544806.001630
14544806.001630
14544806.001630
14544806.001630
14544806.001630
14544806.001630
14544806.001630
14544806.001630
14544806.001630
14544806.001630
14544806.001630
14544806.001630
14544806.001630
14544806.001630
14544806.001630
14544806.001630
14544806.001630
14544806.001630
14544806.001630
14544806.001630
14544806.001630
14544806.001630
14544806.001630
14544806.001630
14544806.001630
14544806.001630
14544806.001630
14544806.001630
14544806.001630
14544806.001630
14544806.001630
14544806.001630
14544806.001630
14544806.001630
14544806.001630
14544806.001630
14544806.001630
14544806.001630
14544806.001630
14544806.001630
14544806.001630
14544806.001630
14544806.001630
14544806.001630
14544806.001630
14544806.001630
14544806.001630
14544806.001630
14544806.001630
14544806.001630
14544806.001630
14544806.001630
14544806.001630
14544806.001630
14544806.001630
14544806.001630
14544806.001630
14544806.001630
14544806.001630
14544806.001630
14544806.001630
14544806.001630
14544806.001630
14544806.001630
14544806.001630
14544806.001630
14544806.001630
14544806.001630
14544806.001630
14544806.001630
14544806.001630
14544806.001630
14544806.001630
14544806.001630
14544806.001630
14544806.001630
14544806.001630
14544806.001630
14544806.001630
14544806.001630
14544806.001630
14544806.001630
14544806.001630
14544806.001630
14544806.001630
14544806.001630
14544806.001630
14544806.001630
14544806.001630
14544806.001630
14544806.001630
14544806.001630
14544806.001630
14544806.001630
14544806.001630
14544806.001630
14544806.001630
14544806.001630
14544806.001630
14544806.001630
14544806.001630
14544806.001630
14544806.001630
14544806.001630
14544806.001630
14544806.001630
14544806.001630
14544806.001630
14544806.001630
14544806.001630
14544806.001630
14544806.001630
14544806.001630
14544806.001630
14544806.001630
14544806.001630
14544806.001630
14544806.001630
14544806.001630
14544806.001630
14544806.001630
14544806.001630
14544806.001630
14544806.001630
14544806.001630
14544806.001630
14544806.001630
14544806.001630
14544806.001630
14544806.001630
14544806.001630
14544806.001630
14544806.001630
14544806.001630
14544806.001630
14544806.001630
14544806.001630
14544806.001630
14544806.001630
14544806.001630
14544806.001630
14544806.001630
14544806.001630
14544806.001630
14544806.001630
14544806.001630
14544806.001630
14544806.001630
14544806.001630
14544806.001630
14544806.001630
14544806.001630
14544806.001630
14544806.001630
14544806.001630
14544806.001630
14544806.001630
14544806.001630
14544806.001630
14544806.001630
14544806.001630
14544806.001630
14544806.001630
14544806.001630
14544806.001630
14544806.001630
14544806.001630
14544806.001630
14544806.001630
14544806.001630
14544806.001630
14544806.001630
14544806.001630
14544806.001630
14544806.001630
14544806.001630
14544806.001630
14544806.001630
14544806.001630
14544806.001630
14544806.001630
14544806.001630
14544806.001630
14544806.001630
14544806.001630
14544806.001630
14544806.001630
14544806.001630
14544806.001630
14544806.001630
14544806.001630
14544806.001630
14544806.001630
14544806.001630
14544806.001630
14544806.001630
14544806.001630
14544806.001630
14544806.001630
14544806.001630
14544806.001630
14544806.001630
14544806.001630
14544806.001630
14544806.001630
14544806.001630
14544806.001630
14544806.001630
14544806.001630
14544806.001630
14544806.001630
14544806.001630
14544806.001630
14544806.001630
14544806.001630
14544806.001630
14544806.001630
14544806.001630
14544806.001630
14544806.001630
14544806.001630
14544806.001630
14544806.001630
14544806.001630
14544806.001630
14544806.001630
14544806.001630
14544806.001630
14544806.001630
14544806.001630
14544806.001630
14544806.001630
14544806.001630
14544806.001630
14544806.001630
14544806.001630
14544806.001630
14544806.001630
14544806.001630
14544806.001630
14544806.001630
14544806.001630
14544806.001630
14544806.001630
14544806.001630
14544806.001630
14544806.001630
14544806.001630
14544806.001630
14544806.001630
14544806.001630
14544806.001630
14544806.001630
14544806.001630
14544806.001630
14544806.001630
14544806.001630
14544806.001630
14544806.001630
14544806.001630
14544806.001630
14544806.001630
14544806.001630
14544806.001630
14544806.001630
14544806.001630
14544806.001630
14544806.001630
14544806.001630
14544806.001630
14544806.001630
14544806.001630
14544806.001630
14544806.001630
14544806.001630
14544806.001630
14544806.001630
14544806.001630
14544806.001630
14544806.001630
14544806.001630
14544806.001630
14544806.001630
14544806.001630
14544806.001630
14544806.001630
14544806.001630
14544806.001630
14544806.001630
14544806.001630
14544806.001630
14544806.001630
14544806.001630
14544806.001630
14544806.001630
14544806.001630
14544806.001630
14544806.001630
14544806.001630
14544806.001630
14544806.001630
14544806.001630
14544806.001630
14544806.001630
14544806.001630
14544806.001630
14544806.001630
14544806.001630
14544806.001630
14544806.001630
14544806.001630
14544806.001630
14544806.001630
14544806.001630
14544806.001630
14544806.001630
14544806.001630
14544806.001630
12982217.991148
12982217.991148
12982217.991148
12982217.991148
12982217.991148
12982217.991148
12982217.991148
12982217.991148
12982217.991148
12982217.991148
12982217.991148
12982217.991148
12982217.991148
12982217.991148
12982217.991148
12982217.991148
12982217.991148
12982217.991148
12982217.991148
12982217.991148
12982217.991148
12982217.991148
12982217.991148
12982217.991148
12982217.991148
12982217.991148
12982217.991148
12982217.991148
12982217.991148
12982217.991148
12982217.991148
12982217.991148
12982217.991148
12982217.991148
12982217.991148
12982217.991148
12982217.991148
12982217.991148
12982217.991148
12982217.991148
12982217.991148
12982217.991148
12982217.991148
12982217.991148
12982217.991148
12982217.991148
12982217.991148
12982217.991148
12982217.991148
12982217.991148
12982217.991148
12982217.991148
12982217.991148
12982217.991148
12982217.991148
12982217.991148
12982217.991148
12982217.991148
12982217.991148
12982217.991148
12982217.991148
12982217.991148
12982217.991148
12982217.991148
12982217.991148
12982217.991148
12982217.991148
12982217.991148
12982217.991148
12982217.991148
12982217.991148
12982217.991148
12982217.991148
12982217.991148
12982217.991148
12982217.991148
12982217.991148
12982217.991148
12982217.991148
12982217.991148
12982217.991148
12982217.991148
12982217.991148
12982217.991148
12982217.991148
12982217.991148
12982217.991148
12982217.991148
12982217.991148
8295382.848157
8295382.848157
8295382.848157
8295382.848157
8295382.848157
8295382.848157
8295382.848157
8295382.848157
8295382.848157
8295382.848157
8295382.848157
8295382.848157
8295382.848157
8295382.848157
8295382.848157
8295382.848157
8295382.848157
8295382.848157
8295382.848157
8295382.848157
8295382.848157
8295382.848157
8295382.848157
8295382.848157
8295382.848157
8295382.848157
8295382.848157
8295382.848157
8295382.848157
8295382.848157
8295382.848157
8295382.848157
8295382.848157
8295382.848157
8295382.848157
8295382.848157
8295382.848157
8295382.848157
8295382.848157
8295382.848157
8295382.848157
8295382.848157
8295382.848157
8295382.848157
8295382.848157
8295382.848157
8295382.848157
8295382.848157
8295382.848157
8295382.848157
8295382.848157
8295382.848157
8295382.848157
8295382.848157
8295382.848157
8295382.848157
8295382.848157
8295382.848157
8295382.848157
8295382.848157
8295382.848157
8295382.848157
8295382.848157
8295382.848157
8295382.848157
8295382.848157
8295382.848157
8295382.848157
8295382.848157
8295382.848157
8295382.848157
8295382.848157
8295382.848157
8295382.848157
8295382.848157
8295382.848157
8295382.848157
8295382.848157
8295382.848157
8295382.848157
8295382.848157
8295382.848157
8295382.848157
8295382.848157
8295382.848157
8295382.848157
8295382.848157
8295382.848157
8295382.848157
8295382.848157
8295382.848157
8295382.848157
8295382.848157
8295382.848157
8295382.848157
8295382.848157
8295382.848157
8295382.848157
8295382.848157
8295382.848157
8295382.848157
8295382.848157
8295382.848157
8295382.848157
8295382.848157
8295382.848157
8295382.848157
8295382.848157
8295382.848157
8295382.848157
8295382.848157
8295382.848157
8295382.848157
8295382.848157
8295382.848157
8295382.848157
8295382.848157
8295382.848157
8295382.848157
8295382.848157
8295382.848157
8295382.848157
8295382.848157
8295382.848157
8295382.848157
8295382.848157
8295382.848157
8295382.848157
8295382.848157
8295382.848157
8295382.848157
8295382.848157
8295382.848157
8295382.848157
8295382.848157
8295382.848157
8295382.848157
8295382.848157
8295382.848157
8295382.848157
8295382.848157
8295382.848157
8295382.848157
8295382.848157
8295382.848157
8295382.848157
8295382.848157
8295382.848157
8295382.848157
8295382.848157
8295382.848157
8295382.848157
8295382.848157
8295382.848157
8295382.848157
8295382.848157
8295382.848157
8295382.848157
8295382.848157
8295382.848157
8295382.848157
8295382.848157
8295382.848157
8295382.848157
8295382.848157
8295382.848157
8295382.848157
8295382.848157
8295382.848157
8295382.848157
8295382.848157
8295382.848157
8295382.848157
8295382.848157
8295382.848157
8295382.848157
8295382.848157
8295382.848157
8295382.848157
8295382.848157
8295382.848157
8295382.848157
8295382.848157
8295382.848157
8295382.848157
8295382.848157
8295382.848157
8295382.848157
8295382.848157
8295382.848157
8295382.848157
8295382.848157
8295382.848157
8295382.848157
8295382.848157
8295382.848157
8295382.848157
8295382.848157
8295382.848157
8295382.848157
8295382.848157
8295382.848157
8295382.848157
8295382.848157
8295382.848157
8295382.848157
8295382.848157
8295382.848157
8295382.848157
8295382.848157
8295382.848157
8295382.848157
8295382.848157
8295382.848157
8295382.848157
8295382.848157
8295382.848157
8295382.848157
8295382.848157
8295382.848157
8295382.848157
8295382.848157
8295382.848157
8295382.848157
8295382.848157
8295382.848157
8295382.848157
8295382.848157
8295382.848157
8295382.848157
8295382.848157
8295382.848157
8295382.848157
8295382.848157
8295382.848157
8295382.848157
8295382.848157
8295382.848157
8295382.848157
8295382.848157
8295382.848157
8295382.848157
8295382.848157
8295382.848157
8295382.848157
8295382.848157
8295382.848157
8295382.848157
8295382.848157
8295382.848157
8295382.848157
8295382.848157
8295382.848157
8295382.848157
8295382.848157
8295382.848157
8295382.848157
8295382.848157
8295382.848157
8295382.848157
8295382.848157
8295382.848157
8295382.848157
8295382.848157
8295382.848157
8295382.848157
8295382.848157
8295382.848157
8295382.848157
8295382.848157
8295382.848157
8295382.848157
8295382.848157
8295382.848157
8295382.848157
8295382.848157
8295382.848157
8295382.848157
8295382.848157
8295382.848157
8295382.848157
8295382.848157
8295382.848157
8295382.848157
8295382.848157
8295382.848157
8295382.848157
8295382.848157
8295382.848157
8295382.848157
8295382.848157
8295382.848157
8295382.848157
8295382.848157
8295382.848157
8295382.848157
8295382.848157
8295382.848157
8295382.848157
8295382.848157
8295382.848157
8295382.848157
8295382.848157
8295382.848157
8295382.848157
8295382.848157
8295382.848157
8295382.848157
8295382.848157
8295382.848157
8295382.848157
8295382.848157
8295382.848157
8295382.848157
8295382.848157
8295382.848157
8295382.848157
8295382.848157
8295382.848157
8295382.848157
8295382.848157
8295382.848157
8295382.848157
8295382.848157
8295382.848157
8295382.848157
8295382.848157
8295382.848157
8295382.848157
8295382.848157
8295382.848157
8295382.848157
8295382.848157
8295382.848157
8295382.848157
8295382.848157
8295382.848157
8295382.848157
8295382.848157
8295382.848157
8295382.848157
8295382.848157
8295382.848157
8295382.848157
8295382.848157
8295382.848157
8295382.848157
8295382.848157
8295382.848157
8295382.848157
8295382.848157
8295382.848157
8295382.848157
8295382.848157
8295382.848157
8295382.848157
8295382.848157
8295382.848157
8295382.848157
8295382.848157
8295382.848157
8295382.848157
8295382.848157
8295382.848157
8295382.848157
8295382.848157
8295382.848157
8295382.848157
8295382.848157
8295382.848157
8295382.848157
8295382.848157
8295382.848157
8295382.848157
8295382.848157
8295382.848157
8295382.848157
8295382.848157
8295382.848157
8295382.848157
8295382.848157
8295382.848157
8295382.848157
8295382.848157
8295382.848157
8295382.848157
8295382.848157
8295382.848157
8295382.848157
8295382.848157
8295382.848157
8295382.848157
8295382.848157
8295382.848157
8295382.848157
8295382.848157
8295382.848157
8295382.848157
8295382.848157
8295382.848157
8295382.848157
8295382.848157
8295382.848157
8295382.848157
8295382.848157
8295382.848157
8295382.848157
8295382.848157
8295382.848157
8295382.848157
8295382.848157
8295382.848157
8295382.848157
8295382.848157
8295382.848157
8295382.848157
8295382.848157
8295382.848157
8295382.848157
8295382.848157
8295382.848157
8295382.848157
8295382.848157
8295382.848157
8295382.848157
8295382.848157
8295382.848157
8295382.848157
8295382.848157
8295382.848157
8295382.848157
8295382.848157
8295382.848157
8295382.848157
8295382.848157
8295382.848157
8295382.848157
8295382.848157
8295382.848157
8295382.848157
8295382.848157
8295382.848157
8295382.848157
8295382.848157
8295382.848157
8295382.848157
8295382.848157
8295382.848157
8295382.848157
8295382.848157
8295382.848157
8295382.848157
8295382.848157
8295382.848157
8295382.848157
8295382.848157
8295382.848157
8295382.848157
8295382.848157
8295382.848157
8295382.848157
8295382.848157
8295382.848157
8295382.848157
8295382.848157
8295382.848157
8295382.848157
8295382.848157
8295382.848157
8295382.848157
8295382.848157
8295382.848157
8295382.848157
8295382.848157
8295382.848157
8295382.848157
8295382.848157
8295382.848157
8295382.848157
8295382.848157
8295382.848157
8295382.848157
8295382.848157
8295382.848157
8295382.848157
8295382.848157
8295382.848157
8295382.848157
8295382.848157
8295382.848157
8295382.848157
8295382.848157
8295382.848157
8295382.848157
8295382.848157
8295382.848157
8295382.848157
8295382.848157
8295382.848157
8295382.848157
8295382.848157
8295382.848157
8295382.848157
8295382.848157
8295382.848157
8295382.848157
8295382.848157
8295382.848157
8295382.848157
8295382.848157
8295382.848157
8295382.848157
8295382.848157
8295382.848157
8295382.848157
8295382.848157
8295382.848157
8295382.848157
8295382.848157
8295382.848157
8295382.848157
8295382.848157
8295382.848157
8295382.848157
8295382.848157
8295382.848157
8295382.848157
8295382.848157
8295382.848157
8295382.848157
8295382.848157
8295382.848157
8295382.848157
8295382.848157
8295382.848157
8295382.848157
8295382.848157
8295382.848157
8295382.848157
8295382.848157
8295382.848157
8295382.848157
8295382.848157
8295382.848157
8295382.848157
8295382.848157
8295382.848157
8295382.848157
8295382.848157
8295382.848157
8295382.848157
8295382.848157
8295382.848157
8295382.848157
8295382.848157
8295382.848157
8295382.848157
8295382.848157
8295382.848157
8295382.848157
8295382.848157
8295382.848157
8295382.848157
8295382.848157
8295382.848157
8295382.848157
8295382.848157
8295382.848157
8295382.848157
8295382.848157
8295382.848157
8295382.848157
8295382.848157
8295382.848157
8295382.848157
8295382.848157
8295382.848157
8295382.848157
8295382.848157
8295382.848157
8295382.848157
8295382.848157
8295382.848157
8295382.848157
8295382.848157
8295382.848157
8295382.848157
8295382.848157
8295382.848157
8295382.848157
8295382.848157
8295382.848157
8295382.848157
8295382.848157
8295382.848157
8295382.848157
8295382.848157
8295382.848157
8295382.848157
8295382.848157
8295382.848157
8295382.848157
8295382.848157
8295382.848157
8295382.848157
8295382.848157
8295382.848157
8295382.848157
8295382.848157
8295382.848157
8295382.848157
8295382.848157
8295382.848157
8295382.848157
8295382.848157
8295382.848157
8295382.848157
8295382.848157
8295382.848157
8295382.848157
8295382.848157
8295382.848157
8295382.848157
8295382.848157
8295382.848157
8295382.848157
8295382.848157
8295382.848157
8295382.848157
8295382.848157
8295382.848157
8295382.848157
8295382.848157
8295382.848157
8295382.848157
8295382.848157
8295382.848157
8295382.848157
8295382.848157
8295382.848157
8295382.848157
8295382.848157
8295382.848157
8295382.848157
8295382.848157
8295382.848157
8295382.848157
8295382.848157
8295382.848157
8295382.848157
8295382.848157
8295382.848157
8295382.848157
8295382.848157
8295382.848157
8295382.848157
8295382.848157
8295382.848157
8295382.848157
8295382.848157
8295382.848157
8295382.848157
8295382.848157
8295382.848157
8295382.848157
8295382.848157
8295382.848157
8295382.848157
8295382.848157
8295382.848157
8295382.848157
8295382.848157
8295382.848157
8295382.848157
8295382.848157
8295382.848157
8295382.848157
8295382.848157
8295382.848157
8295382.848157
8295382.848157
8295382.848157
8295382.848157
8295382.848157
8295382.848157
8295382.848157
8295382.848157
8295382.848157
8295382.848157
8295382.848157
8295382.848157
8295382.848157
8295382.848157
8295382.848157
8295382.848157
8295382.848157
8295382.848157
8295382.848157
8295382.848157
8295382.848157
8295382.848157
8295382.848157
8295382.848157
8295382.848157
8295382.848157
8295382.848157
8295382.848157
8295382.848157
8295382.848157
8295382.848157
8295382.848157
8295382.848157
8295382.848157
8295382.848157
8295382.848157
8295382.848157
8295382.848157
8295382.848157
8295382.848157
8295382.848157
8295382.848157
8295382.848157
8295382.848157
8295382.848157
8295382.848157
8295382.848157
8295382.848157
8295382.848157
8295382.848157
8295382.848157
8295382.848157
8295382.848157
8295382.848157
8295382.848157
8295382.848157
8295382.848157
8295382.848157
8295382.848157
8295382.848157
8295382.848157
8295382.848157
8295382.848157
8295382.848157
8295382.848157
8295382.848157
8295382.848157
8295382.848157
8295382.848157
8295382.848157
8295382.848157
8295382.848157
8295382.848157
8295382.848157
8295382.848157
8295382.848157
8295382.848157
8295382.848157
8295382.848157
8295382.848157
8295382.848157
8295382.848157
8295382.848157
8295382.848157
8295382.848157
8295382.848157
8295382.848157
8295382.848157
8295382.848157
8295382.848157
8295382.848157
8295382.848157
8295382.848157
8295382.848157
8295382.848157
8295382.848157
8295382.848157
8295382.848157
8295382.848157
8295382.848157
8295382.848157
8295382.848157
8295382.848157
8295382.848157
8295382.848157
8295382.848157
8295382.848157
8295382.848157
8295382.848157
8295382.848157
8295382.848157
8295382.848157
8295382.848157
8295382.848157
8295382.848157
8295382.848157
8295382.848157
8295382.848157
8295382.848157
8295382.848157
8295382.848157
8295382.848157
8295382.848157
8295382.848157
8295382.848157
8295382.848157
8295382.848157
8295382.848157
8295382.848157
8295382.848157
8295382.848157
8295382.848157
8295382.848157
8295382.848157
8295382.848157
8295382.848157
8295382.848157
8295382.848157
8295382.848157
8295382.848157
8295382.848157
8295382.848157
8295382.848157
8295382.848157
8295382.848157
8295382.848157
8295382.848157
8295382.848157
8295382.848157
8295382.848157
8295382.848157
8295382.848157
8295382.848157
8295382.848157
8295382.848157
8295382.848157
8295382.848157
8295382.848157
8295382.848157
8295382.848157
8295382.848157
8295382.848157
8295382.848157
8295382.848157
8295382.848157
8295382.848157
8295382.848157
8295382.848157
8295382.848157
8295382.848157
8295382.848157
8295382.848157
8295382.848157
8295382.848157
8295382.848157
8295382.848157
8295382.848157
8295382.848157
8295382.848157
8295382.848157
8295382.848157
8295382.848157
8295382.848157
8295382.848157
8295382.848157
8295382.848157
8295382.848157
8295382.848157
8295382.848157
8295382.848157
8295382.848157
8295382.848157
8295382.848157
8295382.848157
8295382.848157
8295382.848157
8295382.848157
8295382.848157
8295382.848157
8295382.848157
8295382.848157
8295382.848157
8295382.848157
8295382.848157
8295382.848157
8295382.848157
8295382.848157
8295382.848157
8295382.848157
8295382.848157
8295382.848157
8295382.848157
8295382.848157
8295382.848157
8295382.848157
8295382.848157
8295382.848157
8295382.848157
8295382.848157
8295382.848157
8295382.848157
8295382.848157
8295382.848157
8295382.848157
8295382.848157
8295382.848157
8295382.848157
8295382.848157
8295382.848157
8295382.848157
8295382.848157
8295382.848157
8295382.848157
8295382.848157
8295382.848157
8295382.848157
8295382.848157
8295382.848157
8295382.848157
8295382.848157
8295382.848157
8295382.848157
8295382.848157
8295382.848157
8295382.848157
8295382.848157
8295382.848157
8295382.848157
8295382.848157
8295382.848157
8295382.848157
8295382.848157
8295382.848157
8295382.848157
8295382.848157
8295382.848157
8295382.848157
8295382.848157
8295382.848157
8295382.848157
8295382.848157
8295382.848157
8295382.848157
8295382.848157
8295382.848157
8295382.848157
8295382.848157
8295382.848157
8295382.848157
8295382.848157
8295382.848157
8295382.848157
8295382.848157
8295382.848157
8295382.848157
8295382.848157
8295382.848157
8295382.848157
8295382.848157
8295382.848157
8295382.848157
8295382.848157
8295382.848157
8295382.848157
8295382.848157
8295382.848157
8295382.848157
8295382.848157
8295382.848157
8295382.848157
8295382.848157
8295382.848157
8295382.848157
8295382.848157
8295382.848157
8295382.848157
8295382.848157
8295382.848157
8295382.848157
8295382.848157
8295382.848157
8295382.848157
8295382.848157
8295382.848157
8295382.848157
8295382.848157
8295382.848157
8295382.848157
8295382.848157
8295382.848157
8295382.848157
8295382.848157
8295382.848157
8295382.848157
8295382.848157
8295382.848157
8295382.848157
8295382.848157
8295382.848157
8295382.848157
8295382.848157
8295382.848157
8295382.848157
8295382.848157
8295382.848157
8295382.848157
8295382.848157
8295382.848157
8295382.848157
8295382.848157
8295382.848157
8295382.848157
8295382.848157
8295382.848157
8295382.848157
8295382.848157
8295382.848157
8295382.848157
8295382.848157
8295382.848157
8295382.848157
8295382.848157
8295382.848157
8295382.848157
8295382.848157
8295382.848157
8295382.848157
8295382.848157
8295382.848157
8295382.848157
8295382.848157
8295382.848157
8295382.848157
8295382.848157
8004356.730360
8004356.730360
8004356.730360
8004356.730360
8004356.730360
8004356.730360
8004356.730360
8004356.730360
8004356.730360
8004356.730360
8004356.730360
8004356.730360
8004356.730360
8004356.730360
8004356.730360
8004356.730360
8004356.730360
8004356.730360
8004356.730360
8004356.730360
8004356.730360
8004356.730360
8004356.730360
8004356.730360
8004356.730360
8004356.730360
8004356.730360
8004356.730360
8004356.730360
8004356.730360
8004356.730360
8004356.730360
8004356.730360
8004356.730360
8004356.730360
8004356.730360
8004356.730360
8004356.730360
8004356.730360
8004356.730360
8004356.730360
8004356.730360
8004356.730360
8004356.730360
8004356.730360
8004356.730360
5485622.091681
5485622.091681
5485622.091681
5485622.091681
5485622.091681
5485622.091681
5485622.091681
5485622.091681
5485622.091681
5485622.091681
5485622.091681
5485622.091681
5485622.091681
5485622.091681
5485622.091681
5485622.091681
5485622.091681
5485622.091681
5485622.091681
5485622.091681
5485622.091681
5485622.091681
5485622.091681
5485622.091681
5485622.091681
5485622.091681
5485622.091681
5485622.091681
5485622.091681
5485622.091681
5485622.091681
5485622.091681
5485622.091681
5485622.091681
5485622.091681
5485622.091681
5485622.091681
5485622.091681
5485622.091681
5485622.091681
5485622.091681
5485622.091681
5485622.091681
5485622.091681
5485622.091681
5485622.091681
5485622.091681
5485622.091681
5485622.091681
5485622.091681
5485622.091681
5485622.091681
5485622.091681
5485622.091681
3877929.342337
3877929.342337
3877929.342337
3877929.342337
3877929.342337
3877929.342337
3877929.342337
3877929.342337
3877929.342337
3877929.342337
3877929.342337
3877929.342337
3877929.342337
3877929.342337
3877929.342337
3877929.342337
3877929.342337
3877929.342337
3877929.342337
3877929.342337
3877929.342337
3877929.342337
3877929.342337
3877929.342337
3877929.342337
3877929.342337
3877929.342337
3877929.342337
3877929.342337
3877929.342337
3877929.342337
3877929.342337
3877929.342337
3877929.342337
3877929.342337
3877929.342337
3877929.342337
3877929.342337
3877929.342337
3877929.342337
3877929.342337
3877929.342337
3877929.342337
3877929.342337
3877929.342337
3877929.342337
3877929.342337
3877929.342337
3877929.342337
3877929.342337
3877929.342337
3877929.342337
3877929.342337
3877929.342337
3877929.342337
3877929.342337
3877929.342337
3877929.342337
3877929.342337
3877929.342337
3877929.342337
3877929.342337
3877929.342337
3877929.342337
3877929.342337
3877929.342337
3877929.342337
3877929.342337
3877929.342337
3877929.342337
3877929.342337
3877929.342337
3877929.342337
3877929.342337
3877929.342337
3877929.342337
3877929.342337
3877929.342337
3877929.342337
3877929.342337
3877929.342337
3877929.342337
3877929.342337
3877929.342337
3877929.342337
3877929.342337
3877929.342337
3877929.342337
3877929.342337
3877929.342337
3877929.342337
3877929.342337
3877929.342337
3877929.342337
3877929.342337
3877929.342337
3877929.342337
3877929.342337
3877929.342337
3877929.342337
3877929.342337
3877929.342337
3877929.342337
3877929.342337
3877929.342337
3877929.342337
3877929.342337
3877929.342337
3877929.342337
3877929.342337
3877929.342337
3877929.342337
3877929.342337
3877929.342337
3877929.342337
3877929.342337
3877929.342337
3877929.342337
3877929.342337
3877929.342337
3877929.342337
3877929.342337
3877929.342337
3877929.342337
3877929.342337
3877929.342337
3877929.342337
3877929.342337
3877929.342337
3877929.342337
3877929.342337
3877929.342337
3877929.342337
3877929.342337
3877929.342337
3877929.342337
3877929.342337
3877929.342337
3877929.342337
3877929.342337
3877929.342337
3877929.342337
3877929.342337
3877929.342337
3877929.342337
3877929.342337
3877929.342337
3877929.342337
3877929.342337
3877929.342337
3877929.342337
3877929.342337
3877929.342337
3877929.342337
3877929.342337
3877929.342337
3877929.342337
3877929.342337
3877929.342337
3877929.342337
3877929.342337
3877929.342337
3877929.342337
3877929.342337
3877929.342337
3877929.342337
3877929.342337
3877929.342337
3877929.342337
3877929.342337
3877929.342337
3877929.342337
3877929.342337
3877929.342337
3877929.342337
3877929.342337
3877929.342337
3877929.342337
3877929.342337
3877929.342337
3877929.342337
3877929.342337
3877929.342337
3877929.342337
3877929.342337
3877929.342337
3877929.342337
3877929.342337
3877929.342337
3877929.342337
3877929.342337
3877929.342337
3877929.342337
3877929.342337
3877929.342337
3877929.342337
3877929.342337
3877929.342337
3877929.342337
3877929.342337
3877929.342337
3877929.342337
3877929.342337
3877929.342337
3877929.342337
3877929.342337
3877929.342337
3877929.342337
3877929.342337
3877929.342337
3877929.342337
3877929.342337
3877929.342337
3877929.342337
3877929.342337
3877929.342337
3877929.342337
3877929.342337
3877929.342337
3877929.342337
3877929.342337
3877929.342337
3877929.342337
3877929.342337
3877929.342337
3877929.342337
3877929.342337
3877929.342337
3877929.342337
3877929.342337
3877929.342337
3877929.342337
3877929.342337
3877929.342337
3877929.342337
3877929.342337
3877929.342337
3877929.342337
3877929.342337
3877929.342337
3877929.342337
3877929.342337
3877929.342337
3877929.342337
3877929.342337
3877929.342337
3877929.342337
3877929.342337
3877929.342337
3877929.342337
3877929.342337
3877929.342337
3877929.342337
3877929.342337
3877929.342337
3877929.342337
3877929.342337
3877929.342337
3877929.342337
3877929.342337
3877929.342337
3877929.342337
3877929.342337
3877929.342337
3877929.342337
3877929.342337
3877929.342337
3877929.342337
3877929.342337
3877929.342337
3877929.342337
3877929.342337
3877929.342337
3877929.342337
3877929.342337
3877929.342337
3877929.342337
3877929.342337
3877929.342337
3877929.342337
3877929.342337
3877929.342337
3877929.342337
3877929.342337
3877929.342337
3877929.342337
3877929.342337
3877929.342337
3877929.342337
3877929.342337
3877929.342337
3877929.342337
3877929.342337
3877929.342337
3877929.342337
3877929.342337
3877929.342337
3877929.342337
3877929.342337
3877929.342337
3877929.342337
3877929.342337
3877929.342337
3877929.342337
3877929.342337
3877929.342337
3877929.342337
3877929.342337
3877929.342337
3877929.342337
3877929.342337
3877929.342337
3877929.342337
3877929.342337
3877929.342337
3877929.342337
3877929.342337
3877929.342337
3877929.342337
3877929.342337
3877929.342337
3877929.342337
3877929.342337
3877929.342337
3877929.342337
3877929.342337
3877929.342337
3877929.342337
3877929.342337
3877929.342337
3877929.342337
3877929.342337
3877929.342337
3877929.342337
3877929.342337
3877929.342337
3877929.342337
3877929.342337
3877929.342337
3877929.342337
3877929.342337
3877929.342337
3877929.342337
3877929.342337
3877929.342337
3877929.342337
3877929.342337
3877929.342337
3877929.342337
3877929.342337
3877929.342337
3877929.342337
3877929.342337
3877929.342337
3877929.342337
3877929.342337
3877929.342337
3877929.342337
3877929.342337
3877929.342337
3877929.342337
3877929.342337
3877929.342337
3877929.342337
3877929.342337
3877929.342337
3877929.342337
3877929.342337
3877929.342337
3877929.342337
3877929.342337
3877929.342337
3877929.342337
3877929.342337
3877929.342337
3877929.342337
3877929.342337
3877929.342337
3877929.342337
3877929.342337
3877929.342337
3877929.342337
3877929.342337
3877929.342337
3877929.342337
3877929.342337
3877929.342337
3877929.342337
3877929.342337
3877929.342337
3877929.342337
3877929.342337
3877929.342337
3877929.342337
3877929.342337
3877929.342337
3877929.342337
3877929.342337
3877929.342337
3877929.342337
3877929.342337
3877929.342337
3877929.342337
3877929.342337
3877929.342337
3877929.342337
3877929.342337
3877929.342337
3877929.342337
3877929.342337
3877929.342337
3877929.342337
3877929.342337
3877929.342337
3877929.342337
3877929.342337
3877929.342337
3877929.342337
3877929.342337
3877929.342337
3877929.342337
3877929.342337
3877929.342337
3877929.342337
3877929.342337
3877929.342337
3877929.342337
3877929.342337
3877929.342337
3877929.342337
3877929.342337
3877929.342337
3877929.342337
3877929.342337
3877929.342337
3877929.342337
3877929.342337
3877929.342337
3877929.342337
3877929.342337
3877929.342337
3877929.342337
3877929.342337
3877929.342337
3877929.342337
3877929.342337
3877929.342337
3877929.342337
3877929.342337
3877929.342337
3877929.342337
3877929.342337
3877929.342337
3877929.342337
3877929.342337
3877929.342337
3877929.342337
3877929.342337
3877929.342337
3877929.342337
3877929.342337
3877929.342337
3877929.342337
3877929.342337
3877929.342337
3877929.342337
3877929.342337
3877929.342337
3877929.342337
3877929.342337
3877929.342337
3877929.342337
3877929.342337
3877929.342337
3877929.342337
3877929.342337
3877929.342337
3877929.342337
3877929.342337
3877929.342337
3877929.342337
3877929.342337
3877929.342337
3877929.342337
3877929.342337
3877929.342337
3877929.342337
3877929.342337
3877929.342337
3877929.342337
3877929.342337
3877929.342337
3877929.342337
3877929.342337
3877929.342337
3877929.342337
3877929.342337
3877929.342337
3877929.342337
3877929.342337
3877929.342337
3877929.342337
3877929.342337
3877929.342337
3877929.342337
3877929.342337
3877929.342337
3877929.342337
3877929.342337
3877929.342337
3877929.342337
3877929.342337
3877929.342337
3877929.342337
3877929.342337
3877929.342337
3877929.342337
3877929.342337
3877929.342337
3877929.342337
3877929.342337
3877929.342337
3877929.342337
3877929.342337
3877929.342337
3877929.342337
3877929.342337
3877929.342337
3877929.342337
3877929.342337
3877929.342337
3877929.342337
3877929.342337
3877929.342337
3877929.342337
3877929.342337
3877929.342337
3877929.342337
3877929.342337
3877929.342337
3877929.342337
3877929.342337
3877929.342337
3877929.342337
3877929.342337
3877929.342337
3877929.342337
3877929.342337
3877929.342337
3877929.342337
3877929.342337
3877929.342337
3877929.342337
3877929.342337
3877929.342337
3877929.342337
3877929.342337
3877929.342337
3877929.342337
3877929.342337
3877929.342337
3877929.342337
3877929.342337
3877929.342337
3877929.342337
3877929.342337
3877929.342337
3877929.342337
3877929.342337
3877929.342337
3877929.342337
3877929.342337
3877929.342337
3877929.342337
3877929.342337
3877929.342337
3877929.342337
3877929.342337
3877929.342337
3877929.342337
3877929.342337
3877929.342337
3877929.342337
3877929.342337
3877929.342337
3877929.342337
3877929.342337
3877929.342337
3877929.342337
3877929.342337
3877929.342337
3877929.342337
3877929.342337
3877929.342337
3877929.342337
3877929.342337
3877929.342337
3877929.342337
3877929.342337
3877929.342337
3877929.342337
3877929.342337
3877929.342337
3877929.342337
3877929.342337
3877929.342337
3877929.342337
3877929.342337
3877929.342337
3877929.342337
3877929.342337
3877929.342337
3877929.342337
3877929.342337
3877929.342337
3877929.342337
3877929.342337
3877929.342337
3877929.342337
3877929.342337
3877929.342337
3877929.342337
3877929.342337
3877929.342337
3877929.342337
3877929.342337
3877929.342337
3877929.342337
3877929.342337
3877929.342337
3877929.342337
3877929.342337
3877929.342337
3877929.342337
3877929.342337
3877929.342337
3877929.342337
3877929.342337
3877929.342337
3877929.342337
3877929.342337
3877929.342337
3877929.342337
3877929.342337
3877929.342337
3877929.342337
3877929.342337
3877929.342337
3877929.342337
3877929.342337
3877929.342337
3877929.342337
3877929.342337
3877929.342337
3877929.342337
3877929.342337
3877929.342337
3877929.342337
3877929.342337
3877929.342337
3877929.342337
3877929.342337
3877929.342337
3877929.342337
3877929.342337
3877929.342337
3877929.342337
3017498.625958
3017498.625958
3017498.625958
3017498.625958
3017498.625958
3017498.625958
3017498.625958
3017498.625958
3017498.625958
3017498.625958
3017498.625958
3017498.625958
3017498.625958
3017498.625958
3017498.625958
3017498.625958
3017498.625958
3017498.625958
3017498.625958
3017498.625958
3017498.625958
3017498.625958
3017498.625958
3017498.625958
3017498.625958
3017498.625958
3017498.625958
3017498.625958
3017498.625958
3017498.625958
3017498.625958
3017498.625958
3017498.625958
3017498.625958
3017498.625958
3017498.625958
3017498.625958
3017498.625958
3017498.625958
3017498.625958
3017498.625958
3017498.625958
3017498.625958
3017498.625958
3017498.625958
3017498.625958
3017498.625958
3017498.625958
3017498.625958
3017498.625958
3017498.625958
3017498.625958
3017498.625958
3017498.625958
3017498.625958
3017498.625958
3017498.625958
3017498.625958
3017498.625958
3017498.625958
3017498.625958
3017498.625958
3017498.625958
3017498.625958
3017498.625958
3017498.625958
3017498.625958
3017498.625958
3017498.625958
3017498.625958
3017498.625958
3017498.625958
3017498.625958
3017498.625958
3017498.625958
3017498.625958
3017498.625958
3017498.625958
3017498.625958
3017498.625958
3017498.625958
3017498.625958
3017498.625958
3017498.625958
3017498.625958
3017498.625958
3017498.625958
3017498.625958
3017498.625958
3017498.625958
3017498.625958
3017498.625958
3017498.625958
3017498.625958
3017498.625958
3017498.625958
3017498.625958
3017498.625958
3017498.625958
3017498.625958
3017498.625958
3017498.625958
3017498.625958
3017498.625958
3017498.625958
3017498.625958
3017498.625958
3017498.625958
3017498.625958
3017498.625958
3017498.625958
3017498.625958
3017498.625958
2062612.598585
2062612.598585
2062612.598585
2062612.598585
2062612.598585
2062612.598585
2062612.598585
2062612.598585
2062612.598585
2062612.598585
2062612.598585
2062612.598585
2062612.598585
2062612.598585
2062612.598585
2062612.598585
2062612.598585
2062612.598585
2062612.598585
2062612.598585
2062612.598585
2062612.598585
2062612.598585
2062612.598585
2062612.598585
2062612.598585
2062612.598585
2062612.598585
2062612.598585
2062612.598585
2062612.598585
2062612.598585
2062612.598585
2062612.598585
2062612.598585
2062612.598585
2062612.598585
2062612.598585
2062612.598585
2062612.598585
2062612.598585
2062612.598585
2062612.598585
2062612.598585
2062612.598585
2062612.598585
2062612.598585
2062612.598585
2062612.598585
2062612.598585
2062612.598585
2062612.598585
2062612.598585
2062612.598585
2062612.598585
2062612.598585
2062612.598585
2062612.598585
2062612.598585
2062612.598585
2062612.598585
2062612.598585
2062612.598585
2062612.598585
2062612.598585
2062612.598585
2062612.598585
2062612.598585
2062612.598585
2062612.598585
2062612.598585
2062612.598585
2062612.598585
2062612.598585
2062612.598585
2062612.598585
2062612.598585
2062612.598585
2062612.598585
2062612.598585
2062612.598585
2062612.598585
2062612.598585
2062612.598585
2062612.598585
2062612.598585
2062612.598585
2062612.598585
2062612.598585
2062612.598585
2062612.598585
2062612.598585
2062612.598585
2062612.598585
2062612.598585
2062612.598585
2062612.598585
2062612.598585
2062612.598585
2062612.598585
2062612.598585
2062612.598585
2062612.598585
2062612.598585
2062612.598585
2062612.598585
2062612.598585
2062612.598585
2062612.598585
2062612.598585
2062612.598585
2062612.598585
2062612.598585
2062612.598585
2062612.598585
2062612.598585
2062612.598585
2062612.598585
2062612.598585
2062612.598585
2062612.598585
2062612.598585
2062612.598585
2062612.598585
2062612.598585
2062612.598585
2062612.598585
2062612.598585
2062612.598585
2062612.598585
2062612.598585
2062612.598585
2062612.598585
2062612.598585
2062612.598585
2062612.598585
2062612.598585
1820514.305647
1820514.305647
1820514.305647
1820514.305647
1820514.305647
1820514.305647
1820514.305647
1820514.305647
1820514.305647
1820514.305647
1820514.305647
1820514.305647
1820514.305647
1820514.305647
1820514.305647
1820514.305647
1820514.305647
1820514.305647
1820514.305647
1820514.305647
1820514.305647
1820514.305647
1820514.305647
1820514.305647
1820514.305647
1820514.305647
1820514.305647
1820514.305647
1820514.305647
1820514.305647
1820514.305647
1820514.305647
1820514.305647
1820514.305647
1820514.305647
1820514.305647
1820514.305647
1820514.305647
1820514.305647
1820514.305647
1820514.305647
1820514.305647
1820514.305647
1820514.305647
1820514.305647
1820514.305647
1820514.305647
1820514.305647
1820514.305647
1820514.305647
1820514.305647
1820514.305647
1820514.305647
1820514.305647
1820514.305647
1820514.305647
1820514.305647
1820514.305647
1820514.305647
1820514.305647
1820514.305647
1820514.305647
1820514.305647
1820514.305647
1820514.305647
1820514.305647
1820514.305647
1820514.305647
1820514.305647
1820514.305647
1820514.305647
1820514.305647
1820514.305647
1820514.305647
1820514.305647
1820514.305647
1820514.305647
1820514.305647
1820514.305647
1820514.305647
1820514.305647
1820514.305647
1820514.305647
1820514.305647
1820514.305647
1820514.305647
1820514.305647
1820514.305647
1820514.305647
1820514.305647
1820514.305647
1820514.305647
1820514.305647
1820514.305647
1820514.305647
1820514.305647
1820514.305647
1820514.305647
1820514.305647
1820514.305647
1820514.305647
1820514.305647
1820514.305647
1820514.305647
1820514.305647
1820514.305647
1820514.305647
1820514.305647
1820514.305647
1820514.305647
1820514.305647
1820514.305647
1820514.305647
1820514.305647
1820514.305647
1820514.305647
1820514.305647
1820514.305647
1820514.305647
1820514.305647
1820514.305647
1820514.305647
1820514.305647
1820514.305647
1820514.305647
1820514.305647
1820514.305647
1820514.305647
1820514.305647
1820514.305647
1820514.305647
1820514.305647
1820514.305647
1820514.305647
1820514.305647
1820514.305647
1820514.305647
1820514.305647
1820514.305647
1820514.305647
1820514.305647
1820514.305647
1820514.305647
1820514.305647
1820514.305647
1820514.305647
1820514.305647
1820514.305647
1820514.305647
1820514.305647
1820514.305647
1820514.305647
1820514.305647
1820514.305647
1820514.305647
1820514.305647
1820514.305647
1820514.305647
1820514.305647
1820514.305647
1820514.305647
1820514.305647
1820514.305647
1820514.305647
1820514.305647
1820514.305647
1820514.305647
1820514.305647
1820514.305647
1820514.305647
1820514.305647
1820514.305647
1820514.305647
1820514.305647
1820514.305647
1820514.305647
1820514.305647
1820514.305647
1820514.305647
1820514.305647
1820514.305647
1820514.305647
1820514.305647
1820514.305647
1820514.305647
1820514.305647
1820514.305647
1820514.305647
1820514.305647
1820514.305647
1820514.305647
1820514.305647
1820514.305647
1820514.305647
1820514.305647
1820514.305647
1820514.305647
1820514.305647
1820514.305647
1820514.305647
1820514.305647
1820514.305647
1820514.305647
1820514.305647
1820514.305647
1820514.305647
1820514.305647
1820514.305647
1820514.305647
1820514.305647
1820514.305647
1820514.305647
1820514.305647
1820514.305647
1820514.305647
1820514.305647
1820514.305647
1820514.305647
1820514.305647
1820514.305647
1820514.305647
1820514.305647
1820514.305647
1820514.305647
1820514.305647
1820514.305647
1820514.305647
1820514.305647
1820514.305647
1820514.305647
1820514.305647
1820514.305647
1820514.305647
1820514.305647
1820514.305647
1820514.305647
1820514.305647
1820514.305647
1820514.305647
1820514.305647
1820514.305647
1820514.305647
1820514.305647
1820514.305647
1820514.305647
1820514.305647
1820514.305647
1820514.305647
1820514.305647
1820514.305647
1820514.305647
1820514.305647
1820514.305647
1820514.305647
1820514.305647
1820514.305647
1820514.305647
1820514.305647
1820514.305647
1820514.305647
1820514.305647
1820514.305647
1820514.305647
1820514.305647
1820514.305647
1820514.305647
1820514.305647
1820514.305647
1820514.305647
1820514.305647
1820514.305647
1820514.305647
1820514.305647
1820514.305647
1820514.305647
1820514.305647
1820514.305647
1820514.305647
1820514.305647
1820514.305647
1820514.305647
1820514.305647
1820514.305647
1820514.305647
1820514.305647
1820514.305647
1820514.305647
1820514.305647
1820514.305647
1820514.305647
1820514.305647
1820514.305647
1820514.305647
1820514.305647
1820514.305647
1820514.305647
1820514.305647
1820514.305647
1820514.305647
1820514.305647
1820514.305647
1820514.305647
1820514.305647
1820514.305647
1820514.305647
1820514.305647
1820514.305647
1820514.305647
1820514.305647
1820514.305647
1820514.305647
1820514.305647
1820514.305647
1820514.305647
1820514.305647
1820514.305647
1820514.305647
1820514.305647
1820514.305647
1820514.305647
1820514.305647
1820514.305647
1820514.305647
1820514.305647
1820514.305647
1820514.305647
1820514.305647
1820514.305647
1820514.305647
1820514.305647
1820514.305647
1820514.305647
1820514.305647
1820514.305647
1820514.305647
1820514.305647
1820514.305647
1820514.305647
1820514.305647
1820514.305647
1820514.305647
1820514.305647
1820514.305647
1820514.305647
1820514.305647
1820514.305647
1820514.305647
1820514.305647
1820514.305647
1820514.305647
1820514.305647
1820514.305647
1820514.305647
1820514.305647
1820514.305647
1820514.305647
1820514.305647
1820514.305647
1820514.305647
1820514.305647
1820514.305647
1820514.305647
1820514.305647
1820514.305647
1820514.305647
1820514.305647
1820514.305647
1820514.305647
1820514.305647
1820514.305647
1820514.305647
1820514.305647
1820514.305647
1820514.305647
1820514.305647
1820514.305647
1820514.305647
1820514.305647
1820514.305647
1820514.305647
1820514.305647
1820514.305647
1820514.305647
1820514.305647
1820514.305647
1820514.305647
1820514.305647
1820514.305647
1820514.305647
1820514.305647
1820514.305647
1820514.305647
1820514.305647
1820514.305647
1820514.305647
1820514.305647
1820514.305647
1820514.305647
1820514.305647
1820514.305647
1820514.305647
1820514.305647
1820514.305647
1820514.305647
1820514.305647
1820514.305647
1820514.305647
1820514.305647
1820514.305647
1820514.305647
1820514.305647
1820514.305647
1820514.305647
1820514.305647
1820514.305647
1820514.305647
1820514.305647
1820514.305647
1820514.305647
1820514.305647
1820514.305647
1820514.305647
1820514.305647
1820514.305647
1820514.305647
1820514.305647
1820514.305647
1820514.305647
1820514.305647
1820514.305647
1820514.305647
1820514.305647
1820514.305647
1820514.305647
1820514.305647
1820514.305647
1820514.305647
1820514.305647
1820514.305647
1820514.305647
1820514.305647
1820514.305647
1820514.305647
1820514.305647
1820514.305647
1820514.305647
1820514.305647
1820514.305647
1820514.305647
1820514.305647
1820514.305647
1820514.305647
1820514.305647
1820514.305647
1820514.305647
1820514.305647
1820514.305647
1820514.305647
1820514.305647
1820514.305647
1820514.305647
1820514.305647
1820514.305647
1820514.305647
1820514.305647
1820514.305647
1820514.305647
1820514.305647
1820514.305647
1820514.305647
1820514.305647
1820514.305647
1820514.305647
1820514.305647
1820514.305647
1820514.305647
1820514.305647
1820514.305647
1820514.305647
1820514.305647
1820514.305647
1820514.305647
1820514.305647
1729807.953961
1729807.953961
1729807.953961
1729807.953961
1729807.953961
1729807.953961
1729807.953961
1729807.953961
1729807.953961
1729807.953961
1729807.953961
1729807.953961
1729807.953961
1729807.953961
1729807.953961
1729807.953961
1729807.953961
1729807.953961
1729807.953961
1729807.953961
1555325.988736
1555325.988736
1555325.988736
1555325.988736
1555325.988736
1555325.988736
1555325.988736
1555325.988736
1555325.988736
1555325.988736
1555325.988736
1555325.988736
1555325.988736
1555325.988736
1555325.988736
1555325.988736
1555325.988736
1555325.988736
882804.069511
882804.069511
882804.069511
882804.069511
882804.069511
882804.069511
882804.069511
882804.069511
882804.069511
882804.069511
882804.069511
882804.069511
882804.069511
882804.069511
882804.069511
882804.069511
882804.069511
882804.069511
882804.069511
882804.069511
882804.069511
882804.069511
882804.069511
882804.069511
882804.069511
882804.069511
882804.069511
882804.069511
882804.069511
882804.069511
882804.069511
882804.069511
882804.069511
882804.069511
882804.069511
882804.069511
882804.069511
882804.069511
882804.069511
882804.069511
882804.069511
882804.069511
882804.069511
882804.069511
882804.069511
882804.069511
882804.069511
882804.069511
882804.069511
882804.069511
882804.069511
882804.069511
882804.069511
882804.069511
882804.069511
882804.069511
882804.069511
882804.069511
882804.069511
882804.069511
882804.069511
882804.069511
882804.069511
882804.069511
882804.069511
882804.069511
882804.069511
882804.069511
882804.069511
882804.069511
882804.069511
882804.069511
882804.069511
882804.069511
882804.069511
882804.069511
882804.069511
882804.069511
882804.069511
882804.069511
882804.069511
882804.069511
882804.069511
882804.069511
882804.069511
882804.069511
882804.069511
882804.069511
882804.069511
882804.069511
882804.069511
882804.069511
882804.069511
882804.069511
882804.069511
882804.069511
882804.069511
882804.069511
882804.069511
882804.069511
882804.069511
882804.069511
882804.069511
882804.069511
882804.069511
882804.069511
882804.069511
882804.069511
882804.069511
882804.069511
882804.069511
882804.069511
882804.069511
882804.069511
882804.069511
882804.069511
882804.069511
882804.069511
882804.069511
882804.069511
882804.069511
882804.069511
882804.069511
882804.069511
882804.069511
882804.069511
882804.069511
882804.069511
882804.069511
882804.069511
882804.069511
882804.069511
882804.069511
882804.069511
882804.069511
882804.069511
882804.069511
882804.069511
882804.069511
882804.069511
882804.069511
882804.069511
882804.069511
882804.069511
882804.069511
882804.069511
882804.069511
882804.069511
882804.069511
882804.069511
882804.069511
882804.069511
882804.069511
882804.069511
882804.069511
882804.069511
882804.069511
882804.069511
882804.069511
882804.069511
882804.069511
882804.069511
882804.069511
882804.069511
882804.069511
882804.069511
882804.069511
882804.069511
882804.069511
882804.069511
882804.069511
882804.069511
882804.069511
882804.069511
882804.069511
882804.069511
882804.069511
882804.069511
882804.069511
882804.069511
882804.069511
882804.069511
882804.069511
882804.069511
882804.069511
882804.069511
882804.069511
882804.069511
882804.069511
882804.069511
882804.069511
882804.069511
882804.069511
882804.069511
882804.069511
882804.069511
882804.069511
882804.069511
882804.069511
882804.069511
882804.069511
882804.069511
882804.069511
882804.069511
882804.069511
882804.069511
882804.069511
882804.069511
882804.069511
882804.069511
882804.069511
882804.069511
882804.069511
882804.069511
882804.069511
882804.069511
882804.069511
882804.069511
882804.069511
882804.069511
882804.069511
882804.069511
882804.069511
882804.069511
882804.069511
882804.069511
882804.069511
882804.069511
882804.069511
882804.069511
882804.069511
882804.069511
882804.069511
882804.069511
882804.069511
882804.069511
882804.069511
882804.069511
882804.069511
882804.069511
882804.069511
882804.069511
882804.069511
882804.069511
882804.069511
882804.069511
882804.069511
882804.069511
882804.069511
882804.069511
882804.069511
882804.069511
882804.069511
882804.069511
480595.376620
480595.376620
480595.376620
480595.376620
480595.376620
480595.376620
480595.376620
480595.376620
480595.376620
480595.376620
480595.376620
480595.376620
480595.376620
480595.376620
480595.376620
480595.376620
480595.376620
480595.376620
480595.376620
480595.376620
480595.376620
480595.376620
480595.376620
480595.376620
480595.376620
480595.376620
480595.376620
480595.376620
480595.376620
480595.376620
480595.376620
480595.376620
480595.376620
480595.376620
480595.376620
480595.376620
480595.376620
480595.376620
480595.376620
480595.376620
480595.376620
480595.376620
480595.376620
480595.376620
480595.376620
480595.376620
480595.376620
480595.376620
480595.376620
480595.376620
480595.376620
480595.376620
480595.376620
480595.376620
480595.376620
480595.376620
480595.376620
480595.376620
480595.376620
480595.376620
480595.376620
480595.376620
480595.376620
480595.376620
480595.376620
480595.376620
480595.376620
480595.376620
480595.376620
480595.376620
480595.376620
480595.376620
480595.376620
480595.376620
480595.376620
480595.376620
480595.376620
480595.376620
480595.376620
480595.376620
480595.376620
480595.376620
480595.376620
480595.376620
480595.376620
480595.376620
480595.376620
480595.376620
480595.376620
480595.376620
480595.376620
480595.376620
480595.376620
480595.376620
480595.376620
480595.376620
480595.376620
480595.376620
480595.376620
480595.376620
480595.376620
480595.376620
480595.376620
480595.376620
480595.376620
480595.376620
480595.376620
480595.376620
480595.376620
480595.376620
480595.376620
480595.376620
480595.376620
480595.376620
480595.376620
480595.376620
480595.376620
480595.376620
480595.376620
480595.376620
480595.376620
480595.376620
480595.376620
480595.376620
480595.376620
480595.376620
480595.376620
480595.376620
480595.376620
480595.376620
480595.376620
480595.376620
480595.376620
480595.376620
480595.376620
480595.376620
480595.376620
480595.376620
480595.376620
480595.376620
480595.376620
480595.376620
480595.376620
480595.376620
480595.376620
480595.376620
480595.376620
480595.376620
480595.376620
480595.376620
480595.376620
480595.376620
480595.376620
480595.376620
480595.376620
480595.376620
480595.376620
480595.376620
480595.376620
480595.376620
480595.376620
480595.376620
480595.376620
480595.376620
480595.376620
480595.376620
480595.376620
480595.376620
480595.376620
480595.376620
480595.376620
480595.376620
480595.376620
480595.376620
480595.376620
480595.376620
480595.376620
480595.376620
480595.376620
480595.376620
480595.376620
480595.376620
480595.376620
480595.376620
480595.376620
480595.376620
480595.376620
480595.376620
480595.376620
480595.376620
480595.376620
480595.376620
480595.376620
480595.376620
480595.376620
480595.376620
480595.376620
480595.376620
480595.376620
480595.376620
480595.376620
480595.376620
480595.376620
480595.376620
480595.376620
480595.376620
480595.376620
480595.376620
480595.376620
480595.376620
480595.376620
480595.376620
480595.376620
480595.376620
480595.376620
480595.376620
342159.317720
342159.317720
342159.317720
342159.317720
342159.317720
342159.317720
342159.317720
342159.317720
342159.317720
342159.317720
342159.317720
342159.317720
342159.317720
342159.317720
342159.317720
342159.317720
342159.317720
342159.317720
342159.317720
342159.317720
342159.317720
342159.317720
342159.317720
342159.317720
342159.317720
342159.317720
342159.317720
342159.317720
342159.317720
342159.317720
342159.317720
342159.317720
342159.317720
342159.317720
342159.317720
342159.317720
342159.317720
342159.317720
342159.317720
342159.317720
342159.317720
342159.317720
342159.317720
342159.317720
342159.317720
342159.317720
342159.317720
342159.317720
342159.317720
342159.317720
342159.317720
342159.317720
342159.317720
342159.317720
342159.317720
332611.728269
332611.728269
332611.728269
332611.728269
332611.728269
332611.728269
332611.728269
330289.151041
330289.151041
330289.151041
330289.151041
330289.151041
330289.151041
330289.151041
330289.151041
330289.151041
330289.151041
330289.151041
330289.151041
330289.151041
330289.151041
330289.151041
330289.151041
330289.151041
308995.492473
308995.492473
308995.492473
308995.492473
308995.492473
308995.492473
308995.492473
308995.492473
308995.492473
308995.492473
308995.492473
308995.492473
308995.492473
308995.492473
308995.492473
308995.492473
308995.492473
308995.492473
308995.492473
308995.492473
308995.492473
308995.492473
308995.492473
308995.492473
308995.492473
308995.492473
285858.623759
285858.623759
285858.623759
285858.623759
285858.623759
285858.623759
285858.623759
285858.623759
285858.623759
285858.623759
285858.623759
285858.623759
285858.623759
285858.623759
285858.623759
285858.623759
285858.623759
285858.623759
285858.623759
285858.623759
285858.623759
285858.623759
285858.623759
285858.623759
285858.623759
285858.623759
285858.623759
285858.623759
285858.623759
285858.623759
285858.623759
285858.623759
285858.623759
285858.623759
285858.623759
285858.623759
285858.623759
285858.623759
285858.623759
285858.623759
285858.623759
285858.623759
285858.623759
285858.623759
285858.623759
285858.623759
285858.623759
285858.623759
285858.623759
285858.623759
285858.623759
285858.623759
285858.623759
285858.623759
285858.623759
285858.623759
285858.623759
285858.623759
285858.623759
285858.623759
285858.623759
285858.623759
285858.623759
285858.623759
285858.623759
285858.623759
285858.623759
285858.623759
285858.623759
285858.623759
285858.623759
285858.623759
285858.623759
285858.623759
285858.623759
253044.402004
253044.402004
253044.402004
253044.402004
253044.402004
253044.402004
253044.402004
253044.402004
253044.402004
253044.402004
253044.402004
253044.402004
253044.402004
253044.402004
253044.402004
253044.402004
253044.402004
253044.402004
253044.402004
253044.402004
253044.402004
253044.402004
253044.402004
253044.402004
253044.402004
253044.402004
253044.402004
253044.402004
253044.402004
253044.402004
253044.402004
253044.402004
253044.402004
253044.402004
253044.402004
253044.402004
253044.402004
253044.402004
253044.402004
253044.402004
253044.402004
253044.402004
253044.402004
253044.402004
253044.402004
253044.402004
253044.402004
253044.402004
253044.402004
253044.402004
253044.402004
253044.402004
253044.402004
253044.402004
253044.402004
253044.402004
253044.402004
253044.402004
253044.402004
253044.402004
253044.402004
253044.402004
253044.402004
253044.402004
253044.402004
253044.402004
253044.402004
253044.402004
253044.402004
253044.402004
253044.402004
253044.402004
253044.402004
253044.402004
253044.402004
253044.402004
253044.402004
253044.402004
253044.402004
253044.402004
253044.402004
253044.402004
253044.402004
253044.402004
253044.402004
253044.402004
253044.402004
253044.402004
253044.402004
253044.402004
253044.402004
253044.402004
253044.402004
253044.402004
253044.402004
253044.402004
253044.402004
253044.402004
253044.402004
253044.402004
253044.402004
253044.402004
253044.402004
253044.402004
253044.402004
253044.402004
253044.402004
253044.402004
253044.402004
253044.402004
253044.402004
253044.402004
253044.402004
253044.402004
253044.402004
253044.402004
253044.402004
253044.402004
253044.402004
253044.402004
253044.402004
253044.402004
253044.402004
253044.402004
253044.402004
253044.402004
253044.402004
253044.402004
253044.402004
253044.402004
253044.402004
253044.402004
253044.402004
253044.402004
253044.402004
253044.402004
253044.402004
253044.402004
253044.402004
253044.402004
253044.402004
253044.402004
253044.402004
253044.402004
253044.402004
253044.402004
253044.402004
253044.402004
253044.402004
253044.402004
253044.402004
253044.402004
253044.402004
253044.402004
253044.402004
253044.402004
253044.402004
253044.402004
253044.402004
253044.402004
253044.402004
253044.402004
253044.402004
253044.402004
253044.402004
253044.402004
253044.402004
253044.402004
253044.402004
253044.402004
253044.402004
253044.402004
253044.402004
253044.402004
173704.111874
173704.111874
173704.111874
173704.111874
173704.111874
173704.111874
173704.111874
173704.111874
173704.111874
173704.111874
173704.111874
173704.111874
173704.111874
173704.111874
173704.111874
173704.111874
173704.111874
173704.111874
173704.111874
173704.111874
173704.111874
173704.111874
173704.111874
173704.111874
173704.111874
173704.111874
173704.111874
173704.111874
173704.111874
173704.111874
173704.111874
173704.111874
173704.111874
173704.111874
173704.111874
173704.111874
173704.111874
173704.111874
173704.111874
173704.111874
173704.111874
173704.111874
173704.111874
173704.111874
173704.111874
173704.111874
173704.111874
173704.111874
173704.111874
173704.111874
173704.111874
173704.111874
173704.111874
173704.111874
173704.111874
173704.111874
173704.111874
173704.111874
173704.111874
173704.111874
173704.111874
173704.111874
173704.111874
173704.111874
173704.111874
173704.111874
173704.111874
173704.111874
173704.111874
173704.111874
173704.111874
173704.111874
173704.111874
173704.111874
173704.111874
173704.111874
173704.111874
173704.111874
173704.111874
173704.111874
173704.111874
173704.111874
173704.111874
173704.111874
173704.111874
173704.111874
173704.111874
173704.111874
173704.111874
173704.111874
173704.111874
173704.111874
173704.111874
173704.111874
173704.111874
173704.111874
173704.111874
173704.111874
173704.111874
173704.111874
123063.128794
123063.128794
123063.128794
123063.128794
123063.128794
123063.128794
123063.128794
123063.128794
123063.128794
123063.128794
123063.128794
123063.128794
123063.128794
123063.128794
123063.128794
123063.128794
123063.128794
123063.128794
123063.128794
123063.128794
123063.128794
123063.128794
123063.128794
123063.128794
123063.128794
123063.128794
123063.128794
123063.128794
123063.128794
123063.128794
123063.128794
123063.128794
123063.128794
123063.128794
123063.128794
123063.128794
123063.128794
123063.128794
123063.128794
123063.128794
123063.128794
123063.128794
123063.128794
123063.128794
123063.128794
123063.128794
123063.128794
123063.128794
123063.128794
123063.128794
123063.128794
123063.128794
123063.128794
123063.128794
123063.128794
123063.128794
123063.128794
123063.128794
123063.128794
123063.128794
123063.128794
123063.128794
123063.128794
123063.128794
123063.128794
123063.128794
123063.128794
123063.128794
123063.128794
123063.128794
123063.128794
123063.128794
123063.128794
123063.128794
123063.128794
123063.128794
123063.128794
123063.128794
123063.128794
123063.128794
123063.128794
123063.128794
123063.128794
123063.128794
123063.128794
123063.128794
123063.128794
123063.128794
123063.128794
123063.128794
123063.128794
123063.128794
123063.128794
123063.128794
123063.128794
123063.128794
123063.128794
123063.128794
123063.128794
123063.128794
123063.128794
123063.128794
123063.128794
123063.128794
123063.128794
123063.128794
123063.128794
123063.128794
123063.128794
123063.128794
123063.128794
123063.128794
123063.128794
123063.128794
123063.128794
123063.128794
123063.128794
123063.128794
123063.128794
123063.128794
123063.128794
123063.128794
123063.128794
123063.128794
123063.128794
123063.128794
123063.128794
123063.128794
123063.128794
123063.128794
123063.128794
123063.128794
123063.128794
123063.128794
123063.128794
123063.128794
123063.128794
123063.128794
123063.128794
123063.128794
123063.128794
123063.128794
123063.128794
123063.128794
123063.128794
123063.128794
123063.128794
123063.128794
123063.128794
123063.128794
123063.128794
123063.128794
123063.128794
123063.128794
123063.128794
123063.128794
123063.128794
123063.128794
123063.128794
123063.128794
123063.128794
123063.128794
123063.128794
123063.128794
123063.128794
123063.128794
123063.128794
123063.128794
123063.128794
123063.128794
123063.128794
123063.128794
123063.128794
123063.128794
123063.128794
123063.128794
123063.128794
123063.128794
123063.128794
123063.128794
123063.128794
123063.128794
123063.128794
123063.128794
123063.128794
123063.128794
123063.128794
123063.128794
123063.128794
123063.128794
123063.128794
123063.128794
123063.128794
123063.128794
123063.128794
123063.128794
123063.128794
123063.128794
123063.128794
122065.083942
122065.083942
122065.083942
122065.083942
122065.083942
100667.633280
100667.633280
100667.633280
100667.633280
100667.633280
100667.633280
100667.633280
100667.633280
100667.633280
100667.633280
100667.633280
100667.633280
100667.633280
100667.633280
100667.633280
100667.633280
100667.633280
100667.633280
100667.633280
100667.633280
100667.633280
100667.633280
100667.633280
100667.633280
100667.633280
100667.633280
100667.633280
100667.633280
100667.633280
100667.633280
100667.633280
100667.633280
100667.633280
100667.633280
100667.633280
100667.633280
100667.633280
100667.633280
100667.633280
100667.633280
100667.633280
100667.633280
100667.633280
100667.633280
100667.633280
100667.633280
100667.633280
100667.633280
100667.633280
100667.633280
100667.633280
100667.633280
100667.633280
100667.633280
100667.633280
100667.633280
100667.633280
100667.633280
100667.633280
100667.633280
100667.633280
100667.633280
100667.633280
100667.633280
100667.633280
100667.633280
100667.633280
100667.633280
100667.633280
100667.633280
100667.633280
100667.633280
100667.633280
100667.633280
100667.633280
100667.633280
100667.633280
100667.633280
100667.633280
100667.633280
100667.633280
100667.633280
100667.633280
100667.633280
100667.633280
100667.633280
100667.633280
100667.633280
100667.633280
100667.633280
100667.633280
100667.633280
100667.633280
100667.633280
100667.633280
100667.633280
100667.633280
100667.633280
100667.633280
100667.633280
100667.633280
78022.328712
78022.328712
78022.328712
78022.328712
78022.328712
78022.328712
78022.328712
78022.328712
78022.328712
78022.328712
78022.328712
78022.328712
78022.328712
78022.328712
78022.328712
78022.328712
78022.328712
78022.328712
78022.328712
78022.328712
78022.328712
78022.328712
78022.328712
78022.328712
78022.328712
78022.328712
78022.328712
78022.328712
78022.328712
78022.328712
78022.328712
78022.328712
78022.328712
78022.328712
78022.328712
78022.328712
78022.328712
78022.328712
78022.328712
78022.328712
78022.328712
78022.328712
78022.328712
78022.328712
78022.328712
78022.328712
78022.328712
78022.328712
78022.328712
78022.328712
78022.328712
78022.328712
78022.328712
78022.328712
78022.328712
78022.328712
78022.328712
78022.328712
78022.328712
78022.328712
78022.328712
78022.328712
78022.328712
78022.328712
78022.328712
78022.328712
78022.328712
78022.328712
78022.328712
78022.328712
78022.328712
78022.328712
78022.328712
78022.328712
78022.328712
78022.328712
78022.328712
78022.328712
78022.328712
78022.328712
78022.328712
78022.328712
78022.328712
78022.328712
78022.328712
78022.328712
78022.328712
78022.328712
78022.328712
78022.328712
78022.328712
78022.328712
78022.328712
78022.328712
78022.328712
78022.328712
78022.328712
78022.328712
78022.328712
78022.328712
78022.328712
78022.328712
78022.328712
78022.328712
78022.328712
78022.328712
78022.328712
78022.328712
78022.328712
78022.328712
78022.328712
78022.328712
78022.328712
78022.328712
78022.328712
78022.328712
78022.328712
78022.328712
78022.328712
78022.328712
78022.328712
78022.328712
78022.328712
78022.328712
78022.328712
78022.328712
78022.328712
78022.328712
78022.328712
78022.328712
78022.328712
78022.328712
78022.328712
78022.328712
78022.328712
78022.328712
78022.328712
78022.328712
78022.328712
78022.328712
78022.328712
78022.328712
78022.328712
78022.328712
78022.328712
78022.328712
78022.328712
78022.328712
78022.328712
78022.328712
78022.328712
78022.328712
78022.328712
78022.328712
78022.328712
78022.328712
78022.328712
78022.328712
78022.328712
78022.328712
78022.328712
78022.328712
78022.328712
78022.328712
78022.328712
78022.328712
78022.328712
78022.328712
78022.328712
78022.328712
78022.328712
78022.328712
78022.328712
78022.328712
78022.328712
78022.328712
78022.328712
78022.328712
78022.328712
78022.328712
78022.328712
78022.328712
78022.328712
78022.328712
78022.328712
78022.328712
78022.328712
78022.328712
78022.328712
78022.328712
78022.328712
78022.328712
78022.328712
78022.328712
78022.328712
78022.328712
78022.328712
78022.328712
78022.328712
65734.589202
65734.589202
65734.589202
65734.589202
65734.589202
65734.589202
65734.589202
65734.589202
65734.589202
65734.589202
65734.589202
65734.589202
65734.589202
65734.589202
65734.589202
65734.589202
65734.589202
65734.589202
65734.589202
65734.589202
65734.589202
65734.589202
41981.900098
41981.900098
41981.900098
41981.900098
41981.900098
41981.900098
41981.900098
41981.900098
41981.900098
41981.900098
41981.900098
41981.900098
41981.900098
41981.900098
41981.900098
41981.900098
41981.900098
41981.900098
41981.900098
41981.900098
41981.900098
41981.900098
41981.900098
41981.900098
41981.900098
41981.900098
41981.900098
41981.900098
41981.900098
41981.900098
41981.900098
41981.900098
41981.900098
41981.900098
41981.900098
41981.900098
41981.900098
41981.900098
41981.900098
41981.900098
41981.900098
41981.900098
41981.900098
41981.900098
41981.900098
41981.900098
41981.900098
41981.900098
41981.900098
41981.900098
41981.900098
41981.900098
41981.900098
41981.900098
41981.900098
41981.900098
41981.900098
41981.900098
41981.900098
41981.900098
41981.900098
41981.900098
41981.900098
41981.900098
41981.900098
41981.900098
41981.900098
41981.900098
41981.900098
41981.900098
41981.900098
41981.900098
41981.900098
41981.900098
41981.900098
41981.900098
41981.900098
41981.900098
41981.900098
41981.900098
41981.900098
41981.900098
41981.900098
41981.900098
41981.900098
41981.900098
41981.900098
41981.900098
41981.900098
41981.900098
41981.900098
41981.900098
41981.900098
41981.900098
41981.900098
41981.900098
41981.900098
41981.900098
41981.900098
41981.900098
41981.900098
41981.900098
41981.900098
41981.900098
41981.900098
41981.900098
41981.900098
41981.900098
41981.900098
41981.900098
41981.900098
41981.900098
41981.900098
41981.900098
41981.900098
41981.900098
41981.900098
41981.900098
41981.900098
41981.900098
41981.900098
41981.900098
41981.900098
41981.900098
41981.900098
41981.900098
41981.900098
41981.900098
41981.900098
41981.900098
41981.900098
41981.900098
41981.900098
41981.900098
41981.900098
41981.900098
41981.900098
41981.900098
41981.900098
41981.900098
41981.900098
41981.900098
41981.900098
41981.900098
41981.900098
41981.900098
41981.900098
41981.900098
41981.900098
41981.900098
40930.737174
40930.737174
40930.737174
40930.737174
40930.737174
40930.737174
40930.737174
40930.737174
40930.737174
40930.737174
40930.737174
40930.737174
40930.737174
40930.737174
40930.737174
40930.737174
40930.737174
40930.737174
40930.737174
40930.737174
40930.737174
40930.737174
40930.737174
40930.737174
40930.737174
40930.737174
40930.737174
40930.737174
40930.737174
40930.737174
40930.737174
40930.737174
40930.737174
40930.737174
40930.737174
40930.737174
40930.737174
40930.737174
40930.737174
40930.737174
40930.737174
40930.737174
40930.737174
40930.737174
40930.737174
40930.737174
40930.737174
40930.737174
40930.737174
40930.737174
40930.737174
40930.737174
40930.737174
40930.737174
40930.737174
40930.737174
40930.737174
40930.737174
40930.737174
40930.737174
40930.737174
40930.737174
40930.737174
40930.737174
40930.737174
40930.737174
40930.737174
40930.737174
40930.737174
40930.737174
40930.737174
40930.737174
40930.737174
40930.737174
40930.737174
40930.737174
40930.737174
40930.737174
40930.737174
40930.737174
40930.737174
40930.737174
40930.737174
40930.737174
40930.737174
40930.737174
40930.737174
40930.737174
40930.737174
40930.737174
40930.737174
40930.737174
40930.737174
40930.737174
40930.737174
40930.737174
40930.737174
40930.737174
40930.737174
40930.737174
40930.737174
40930.737174
40930.737174
40930.737174
40930.737174
40930.737174
40930.737174
40930.737174
40930.737174
40930.737174
40930.737174
40930.737174
40930.737174
40930.737174
40930.737174
40930.737174
40930.737174
40930.737174
40930.737174
40930.737174
40930.737174
40930.737174
40930.737174
40930.737174
40930.737174
40930.737174
40930.737174
40930.737174
40930.737174
40930.737174
40930.737174
40930.737174
40930.737174
40930.737174
40930.737174
40930.737174
40930.737174
40930.737174
40930.737174
40930.737174
40930.737174
40930.737174
40930.737174
40930.737174
40930.737174
40930.737174
40930.737174
40930.737174
40930.737174
40930.737174
40930.737174
40930.737174
40930.737174
40930.737174
40930.737174
40930.737174
40930.737174
40930.737174
40930.737174
40930.737174
40930.737174
40930.737174
40930.737174
40930.737174
40930.737174
40930.737174
40930.737174
40930.737174
40930.737174
40930.737174
40930.737174
40930.737174
40930.737174
40930.737174
40930.737174
40930.737174
40930.737174
40930.737174
40930.737174
40930.737174
40930.737174
40930.737174
40930.737174
40930.737174
40930.737174
40930.737174
36352.710182
36352.710182
36352.710182
36352.710182
36352.710182
36352.710182
36352.710182
36352.710182
36352.710182
36352.710182
36352.710182
36352.710182
36352.710182
36352.710182
36352.710182
36352.710182
36352.710182
36352.710182
36352.710182
36352.710182
36352.710182
36352.710182
36352.710182
36352.710182
36352.710182
36352.710182
36352.710182
36352.710182
36352.710182
36352.710182
36352.710182
36352.710182
29643.700230
29643.700230
29643.700230
29643.700230
29643.700230
29643.700230
29643.700230
29643.700230
29643.700230
29643.700230
29643.700230
29643.700230
29643.700230
29643.700230
29643.700230
29643.700230
29643.700230
29643.700230
29643.700230
29643.700230
29643.700230
29643.700230
29643.700230
29643.700230
29643.700230
29643.700230
29643.700230
29643.700230
29643.700230
29643.700230
29643.700230
29643.700230
29643.700230
29643.700230
29643.700230
29643.700230
29643.700230
29643.700230
29643.700230
29643.700230
29643.700230
29643.700230
29643.700230
29643.700230
29643.700230
29643.700230
29643.700230
29643.700230
29643.700230
29643.700230
29643.700230
29643.700230
29643.700230
29643.700230
29643.700230
29643.700230
29643.700230
29643.700230
29643.700230
29643.700230
29643.700230
29643.700230
29643.700230
29643.700230
29643.700230
29643.700230
29643.700230
29643.700230
29643.700230
29643.700230
29643.700230
29643.700230
29643.700230
29643.700230
29643.700230
29643.700230
29643.700230
29643.700230
29643.700230
29643.700230
29643.700230
29643.700230
29643.700230
29643.700230
29643.700230
29643.700230
29643.700230
29643.700230
29643.700230
29643.700230
29643.700230
29643.700230
29643.700230
29643.700230
29643.700230
29643.700230
29643.700230
29643.700230
29643.700230
29643.700230
29643.700230
29643.700230
29643.700230
29643.700230
29643.700230
29643.700230
29643.700230
29643.700230
29643.700230
29643.700230
29643.700230
29643.700230
29643.700230
29643.700230
29643.700230
29643.700230
29643.700230
29643.700230
29643.700230
29643.700230
29643.700230
29643.700230
29643.700230
29643.700230
29643.700230
29643.700230
29643.700230
29643.700230
29643.700230
29643.700230
29643.700230
29643.700230
29643.700230
29643.700230
29643.700230
29643.700230
29643.700230
29643.700230
29643.700230
29643.700230
29643.700230
29643.700230
29643.700230
29643.700230
29643.700230
29643.700230
29643.700230
29643.700230
29643.700230
29643.700230
29643.700230
29643.700230
29643.700230
29643.700230
29643.700230
29643.700230
29643.700230
29643.700230
29643.700230
29643.700230
29643.700230
29643.700230
29643.700230
29643.700230
29643.700230
29643.700230
29643.700230
29643.700230
29643.700230
29643.700230
29643.700230
29643.700230
29643.700230
29643.700230
29643.700230
29643.700230
29643.700230
29643.700230
29643.700230
29643.700230
29643.700230
29643.700230
29643.700230
29643.700230
29643.700230
29643.700230
29643.700230
29643.700230
29643.700230
29643.700230
29643.700230
29643.700230
29643.700230
29643.700230
29643.700230
29643.700230
29643.700230
29643.700230
29643.700230
29643.700230
29643.700230
29643.700230
29643.700230
29643.700230
29643.700230
29643.700230
29643.700230
29643.700230
29643.700230
29643.700230
29643.700230
29643.700230
29643.700230
29643.700230
29643.700230
29643.700230
29643.700230
29643.700230
29643.700230
26001.574809
26001.574809
26001.574809
26001.574809
26001.574809
26001.574809
26001.574809
26001.574809
26001.574809
26001.574809
26001.574809
26001.574809
26001.574809
26001.574809
26001.574809
26001.574809
26001.574809
26001.574809
26001.574809
26001.574809
26001.574809
26001.574809
26001.574809
26001.574809
26001.574809
26001.574809
26001.574809
26001.574809
26001.574809
26001.574809
26001.574809
26001.574809
26001.574809
26001.574809
26001.574809
26001.574809
26001.574809
26001.574809
26001.574809
26001.574809
26001.574809
26001.574809
26001.574809
26001.574809
25029.178925
25029.178925
25029.178925
25029.178925
25029.178925
25029.178925
25029.178925
25029.178925
25029.178925
25029.178925
25029.178925
25029.178925
25029.178925
25029.178925
25029.178925
25029.178925
25029.178925
25029.178925
25029.178925
25029.178925
25029.178925
25029.178925
25029.178925
25029.178925
25029.178925
25029.178925
25029.178925
25029.178925
25029.178925
25029.178925
25029.178925
25029.178925
25029.178925
25029.178925
25029.178925
25029.178925
25029.178925
25029.178925
25029.178925
25029.178925
25029.178925
25029.178925
24729.901190
24729.901190
24729.901190
24729.901190
24729.901190
24729.901190
24729.901190
24729.901190
24729.901190
24729.901190
24729.901190
24729.901190
24729.901190
24729.901190
24729.901190
24729.901190
24729.901190
24729.901190
24729.901190
24729.901190
24729.901190
24729.901190
24729.901190
24729.901190
24729.901190
24729.901190
24729.901190
24729.901190
24729.901190
24199.382990
24199.382990
24199.382990
24199.382990
24199.382990
24199.382990
24199.382990
24199.382990
24199.382990
24199.382990
24199.382990
24199.382990
24199.382990
24199.382990
24199.382990
24199.382990
24199.382990
24199.382990
24199.382990
24199.382990
24199.382990
24199.382990
24199.382990
24199.382990
24199.382990
24199.382990
24199.382990
24199.382990
24199.382990
24199.382990
24199.382990
24199.382990
24199.382990
24199.382990
24199.382990
24199.382990
24199.382990
21253.506532
21253.506532
21253.506532
21253.506532
21253.506532
21253.506532
21253.506532
21253.506532
21253.506532
21253.506532
21253.506532
21253.506532
21253.506532
21253.506532
21253.506532
21253.506532
21253.506532
21253.506532
21253.506532
21253.506532
21253.506532
21253.506532
21253.506532
21253.506532
21253.506532
21253.506532
21253.506532
21253.506532
21253.506532
21253.506532
21253.506532
21253.506532
21253.506532
21253.506532
21253.506532
21253.506532
21253.506532
21253.506532
21253.506532
21253.506532
21253.506532
21253.506532
21253.506532
21253.506532
21253.506532
21253.506532
21253.506532
21253.506532
21253.506532
21253.506532
21253.506532
21253.506532
21253.506532
21253.506532
21253.506532
21253.506532
21253.506532
21253.506532
21253.506532
21253.506532
21253.506532
21253.506532
21253.506532
21253.506532
21253.506532
21253.506532
21253.506532
21253.506532
21253.506532
21253.506532
21253.506532
21253.506532
21253.506532
21253.506532
21253.506532
21253.506532
21253.506532
21253.506532
21253.506532
21253.506532
21253.506532
21253.506532
21253.506532
21253.506532
21253.506532
21253.506532
21253.506532
21253.506532
21253.506532
21253.506532
21253.506532
21253.506532
21253.506532
21253.506532
21253.506532
21253.506532
21253.506532
21253.506532
21253.506532
21253.506532
21253.506532
21253.506532
21253.506532
21253.506532
21253.506532
21253.506532
21253.506532
21253.506532
21253.506532
21253.506532
21253.506532
21253.506532
21253.506532
21253.506532
21253.506532
21253.506532
21253.506532
21253.506532
21253.506532
21253.506532
21253.506532
21253.506532
21253.506532
21253.506532
21253.506532
21253.506532
21253.506532
21253.506532
21253.506532
21253.506532
21253.506532
21253.506532
21253.506532
21253.506532
21253.506532
21253.506532
21253.506532
21253.506532
21253.506532
21253.506532
21253.506532
21253.506532
21253.506532
21253.506532
21253.506532
21253.506532
21253.506532
21253.506532
21253.506532
21253.506532
21253.506532
21253.506532
21253.506532
21253.506532
21253.506532
21253.506532
21253.506532
21253.506532
21253.506532
21253.506532
21253.506532
21253.506532
21253.506532
21253.506532
21253.506532
21253.506532
21253.506532
21253.506532
21253.506532
21253.506532
21253.506532
21253.506532
21253.506532
21253.506532
21253.506532
21253.506532
21253.506532
21253.506532
21253.506532
21253.506532
21253.506532
21253.506532
21253.506532
21253.506532
21253.506532
21253.506532
21253.506532
21253.506532
19578.658052
19578.658052
19578.658052
19578.658052
19578.658052
19578.658052
19578.658052
19578.658052
19578.658052
19578.658052
19578.658052
19578.658052
19578.658052
19578.658052
19578.658052
19578.658052
19578.658052
19578.658052
19578.658052
19578.658052
19578.658052
19578.658052
19578.658052
19578.658052
19578.658052
19578.658052
19578.658052
19578.658052
19578.658052
19578.658052
19578.658052
19578.658052
19578.658052
19578.658052
19578.658052
19578.658052
19578.658052
19578.658052
19578.658052
19578.658052
19578.658052
19578.658052
19578.658052
19578.658052
19578.658052
19578.658052
19578.658052
19578.658052
19578.658052
19578.658052
19558.392411
19558.392411
19558.392411
19558.392411
19558.392411
19558.392411
19558.392411
19558.392411
19558.392411
19558.392411
19558.392411
19558.392411
19558.392411
19558.392411
19558.392411
19558.392411
19558.392411
19558.392411
19558.392411
19558.392411
19558.392411
19558.392411
19558.392411
19558.392411
19558.392411
19558.392411
19558.392411
19558.392411
19558.392411
19558.392411
19558.392411
19558.392411
18228.770333
18228.770333
18228.770333
18228.770333
18228.770333
18228.770333
18228.770333
18228.770333
18228.770333
18228.770333
18228.770333
18228.770333
18228.770333
18228.770333
18228.770333
18228.770333
18228.770333
18228.770333
18228.770333
18228.770333
18228.770333
18228.770333
18228.770333
18228.770333
18228.770333
18228.770333
18228.770333
18228.770333
18228.770333
18228.770333
18228.770333
18228.770333
18228.770333
18228.770333
18228.770333
18228.770333
18228.770333
18228.770333
18228.770333
18228.770333
18228.770333
18228.770333
18228.770333
18228.770333
18228.770333
18228.770333
18228.770333
18228.770333
18228.770333
18228.770333
18228.770333
18228.770333
18228.770333
18228.770333
18228.770333
18228.770333
18228.770333
18228.770333
18228.770333
18228.770333
18228.770333
18228.770333
18228.770333
18228.770333
18228.770333
18228.770333
18228.770333
18228.770333
18228.770333
18228.770333
18228.770333
18228.770333
18228.770333
18228.770333
18228.770333
18228.770333
18228.770333
18228.770333
18228.770333
18228.770333
18228.770333
17781.681669
17781.681669
17781.681669
17781.681669
17781.681669
17781.681669
17781.681669
17781.681669
17781.681669
17781.681669
17781.681669
17781.681669
17781.681669
17781.681669
17781.681669
17781.681669
17781.681669
17781.681669
17781.681669
17781.681669
17781.681669
17781.681669
17781.681669
17781.681669
17781.681669
17781.681669
17781.681669
17781.681669
17781.681669
17781.681669
17781.681669
17781.681669
17781.681669
17781.681669
17781.681669
17781.681669
17781.681669
17781.681669
17781.681669
17781.681669
17781.681669
17781.681669
17781.681669
17781.681669
17781.681669
17781.681669
17781.681669
17781.681669
17781.681669
17781.681669
17781.681669
17781.681669
17781.681669
17781.681669
17781.681669
17781.681669
17781.681669
17781.681669
17781.681669
17781.681669
17781.681669
17781.681669
17781.681669
17781.681669
17781.681669
17781.681669
17781.681669
17781.681669
17781.681669
17781.681669
17781.681669
17781.681669
17781.681669
17781.681669
17781.681669
17781.681669
17781.681669
17781.681669
17781.681669
17781.681669
17781.681669
17781.681669
17781.681669
17781.681669
17781.681669
17781.681669
17781.681669
17781.681669
17781.681669
17781.681669
17781.681669
17781.681669
17781.681669
17781.681669
17781.681669
17781.681669
17781.681669
17781.681669
17781.681669
17781.681669
17781.681669
17781.681669
17781.681669
17781.681669
17781.681669
17781.681669
17781.681669
17781.681669
17781.681669
17781.681669
17781.681669
17781.681669
17781.681669
17781.681669
17781.681669
17781.681669
17781.681669
17781.681669
17781.681669
17781.681669
17781.681669
17781.681669
17781.681669
17781.681669
17781.681669
17781.681669
17781.681669
17781.681669
17781.681669
17781.681669
17781.681669
17781.681669
17781.681669
17781.681669
17781.681669
17781.681669
17781.681669
17781.681669
17781.681669
17781.681669
17781.681669
17781.681669
17781.681669
17781.681669
17781.681669
17781.681669
17781.681669
17781.681669
17781.681669
17781.681669
17781.681669
17781.681669
17781.681669
17781.681669
17781.681669
17781.681669
17781.681669
17781.681669
17781.681669
17781.681669
17781.681669
17781.681669
17781.681669
17781.681669
17781.681669
17781.681669
17781.681669
17781.681669
17781.681669
17781.681669
17781.681669
17781.681669
17781.681669
17781.681669
17781.681669
17781.681669
17781.681669
17781.681669
17781.681669
17781.681669
17781.681669
17781.681669
17781.681669
17781.681669
17781.681669
17781.681669
17781.681669
17781.681669
17781.681669
17781.681669
17781.681669
17781.681669
17781.681669
17781.681669
17781.681669
17781.681669
17781.681669
17781.681669
17781.681669
17781.681669
17781.681669
17781.681669
17781.681669
17781.681669
17781.681669
17781.681669
17781.681669
17781.681669
17781.681669
17781.681669
17781.681669
17781.681669
17781.681669
17781.681669
17781.681669
17781.681669
17781.681669
17781.681669
17781.681669
17781.681669
17781.681669
17781.681669
17781.681669
17410.866502
17410.866502
17410.866502
17410.866502
17410.866502
17410.866502
17388.774944
17388.774944
17388.774944
17388.774944
17388.774944
17388.774944
17388.774944
17388.774944
17388.774944
17388.774944
17388.774944
17388.774944
17388.774944
17388.774944
17388.774944
17020.048044
17020.048044
17020.048044
17020.048044
17020.048044
17020.048044
17020.048044
17020.048044
17020.048044
17020.048044
17020.048044
17020.048044
17020.048044
17020.048044
17020.048044
17020.048044
17020.048044
17020.048044
17020.048044
17020.048044
17020.048044
17020.048044
17020.048044
17020.048044
17020.048044
17020.048044
17020.048044
17020.048044
17020.048044
17020.048044
17020.048044
17020.048044
17020.048044
17020.048044
17020.048044
17020.048044
17020.048044
17020.048044
17020.048044
17020.048044
17020.048044
17020.048044
17020.048044
17020.048044
17020.048044
17020.048044
17020.048044
17020.048044
17020.048044
17020.048044
17020.048044
17020.048044
17020.048044
17020.048044
17020.048044
17020.048044
17020.048044
17020.048044
17020.048044
17020.048044
17020.048044
17020.048044
17020.048044
17020.048044
17020.048044
17020.048044
17020.048044
17020.048044
17020.048044
17020.048044
17020.048044
17020.048044
17020.048044
17020.048044
17020.048044
17020.048044
17020.048044
17020.048044
17020.048044
17020.048044
17020.048044
17020.048044
17020.048044
17020.048044
17020.048044
17020.048044
17020.048044
17020.048044
17020.048044
17020.048044
17020.048044
17020.048044
17020.048044
17020.048044
17020.048044
17020.048044
17020.048044
17020.048044
17020.048044
17020.048044
16412.657579
16412.657579
16412.657579
16412.657579
16412.657579
16412.657579
16412.657579
16412.657579
16412.657579
16412.657579
16412.657579
16412.657579
16412.657579
16412.657579
16412.657579
16412.657579
16412.657579
16412.657579
16412.657579
16412.657579
16412.657579
16412.657579
16412.657579
16412.657579
16412.657579
16412.657579
16412.657579
16412.657579
16412.657579
16412.657579
16412.657579
16412.657579
16412.657579
16412.657579
16412.657579
16412.657579
16412.657579
16412.657579
16412.657579
16412.657579
16412.657579
16412.657579
16412.657579
16412.657579
16412.657579
16412.657579
16412.657579
16412.657579
16412.657579
16412.657579
16412.657579
16412.657579
16412.657579
16412.657579
16412.657579
16412.657579
16412.657579
16412.657579
16412.657579
16412.657579
16412.657579
16412.657579
16412.657579
16412.657579
16412.657579
16412.657579
16412.657579
16412.657579
16412.657579
16412.657579
16412.657579
16412.432363
16412.432363
16412.432363
16412.432363
16412.432363
16412.432363
16412.432363
16271.928628
16271.928628
16271.928628
16271.928628
16271.928628
16271.928628
16271.928628
16271.928628
16271.928628
16271.928628
16271.928628
16271.928628
16271.928628
16271.928628
16271.928628
16271.928628
16271.928628
16271.928628
16271.928628
16271.928628
16271.928628
16271.928628
16271.928628
16271.928628
16271.928628
16271.928628
16271.928628
16271.928628
16271.928628
16271.928628
16271.928628
16271.928628
16271.928628
16271.928628
16271.928628
16271.928628
16271.928628
16271.928628
16271.928628
16271.928628
16271.928628
16271.928628
16271.928628
16271.928628
16271.928628
16262.674018
16262.674018
16262.674018
16262.674018
16262.674018
15739.311238
15739.311238
15739.311238
15739.311238
15739.311238
15739.311238
15386.430880
15386.430880
15386.430880
15386.430880
15386.430880
15386.430880
15386.430880
15386.430880
15386.430880
15386.430880
15386.430880
15386.430880
15386.430880
15386.430880
15386.430880
15386.430880
15386.430880
15386.430880
15386.430880
15386.430880
15386.430880
15386.430880
15386.430880
15386.430880
15386.430880
15386.430880
15386.430880
15386.430880
15386.430880
15386.430880
15386.430880
15386.430880
15386.430880
15386.430880
15386.430880
15386.430880
15386.430880
15386.430880
15386.430880
15386.430880
15386.430880
15386.430880
15386.430880
15386.430880
15386.430880
15386.430880
15386.430880
15386.430880
15386.430880
15386.430880
15386.430880
15386.430880
15386.430880
15386.430880
15386.430880
15386.430880
15386.430880
15386.430880
15386.430880
15386.430880
15386.430880
15386.430880
15386.430880
15386.430880
15386.430880
15386.430880
15386.430880
15386.430880
15386.430880
15386.430880
15386.430880
15386.430880
15386.430880
15386.430880
15386.430880
15386.430880
15386.430880
15386.430880
15386.430880
15386.430880
15386.430880
15386.430880
15386.430880
15386.430880
15386.430880
15386.430880
15386.430880
15386.430880
15386.430880
15349.332906
15349.332906
15349.332906
15349.332906
15349.332906
15349.332906
15349.332906
15349.332906
15349.332906
15349.332906
15349.332906
15349.332906
15349.332906
15349.332906
15349.332906
15349.332906
15349.332906
15349.332906
15349.332906
15349.332906
15349.332906
15349.332906
15349.332906
15349.332906
15349.332906
15349.332906
15349.332906
15349.332906
15349.332906
15349.332906
15349.332906
15349.332906
15349.332906
15349.332906
15349.332906
15349.332906
15349.332906
15349.332906
15349.332906
15349.332906
15349.332906
15349.332906
15349.332906
15349.332906
15349.332906
15349.332906
15349.332906
15349.332906
15349.332906
15349.332906
15349.332906
15349.332906
15349.332906
15349.332906
15349.332906
15349.332906
15349.332906
15349.332906
15349.332906
15349.332906
15349.332906
15349.332906
15349.332906
15349.332906
15349.332906
14705.517743
14705.517743
14705.517743
14705.517743
14705.517743
14705.517743
14705.517743
14705.517743
14705.517743
14705.517743
14705.517743
14705.517743
14705.517743
14705.517743
14705.517743
14705.517743
14705.517743
14705.517743
14705.517743
14705.517743
14705.517743
14705.517743
14705.517743
14705.517743
14705.517743
14705.517743
14705.517743
14705.517743
14705.517743
14705.517743
14705.517743
14705.517743
14705.517743
14705.517743
14705.517743
14705.517743
14705.517743
14705.517743
14705.517743
14705.517743
14705.517743
14705.517743
14705.517743
14705.517743
14705.517743
14705.517743
14705.517743
14705.517743
14705.517743
14705.517743
14705.517743
14705.517743
14705.517743
14705.517743
14705.517743
14705.517743
14705.517743
14705.517743
14705.517743
14705.517743
14705.517743
14705.517743
14705.517743
14705.517743
14705.517743
14705.517743
14705.517743
14705.517743
14705.517743
14705.517743
14705.517743
14705.517743
14705.517743
14705.517743
14705.517743
14705.517743
14705.517743
14705.517743
14705.517743
14705.517743
14705.517743
14705.517743
14705.517743
14705.517743
14705.517743
14705.517743
14705.517743
14705.517743
14705.517743
14705.517743
14705.517743
14705.517743
14705.517743
14705.517743
14705.517743
14705.517743
14705.517743
14705.517743
14705.517743
14705.517743
14705.517743
14705.517743
14705.517743
14705.517743
14705.517743
14705.517743
14705.517743
14705.517743
14705.517743
14705.517743
14705.517743
14705.517743
14705.517743
14705.517743
14705.517743
14705.517743
14705.517743
14705.517743
14705.517743
14705.517743
14705.517743
14705.517743
14705.517743
14705.517743
14705.517743
14705.517743
14705.517743
14705.517743
14705.517743
14705.517743
14705.517743
14705.517743
14705.517743
14705.517743
14705.517743
14705.517743
14705.517743
14705.517743
14705.517743
14705.517743
14705.517743
14705.517743
14705.517743
14705.517743
14705.517743
14705.517743
14705.517743
14705.517743
14705.517743
14705.517743
14705.517743
14705.517743
14705.517743
14705.517743
14705.517743
14705.517743
14705.517743
14705.517743
14705.517743
14705.517743
14705.517743
14705.517743
14705.517743
14705.517743
14705.517743
14705.517743
14705.517743
14705.517743
14705.517743
14705.517743
14705.517743
14705.517743
14705.517743
14705.517743
14705.517743
14705.517743
14705.517743
14705.517743
14523.989208
14523.989208
14523.989208
14523.989208
14523.989208
14523.989208
14523.989208
14523.989208
14523.989208
14523.989208
14523.989208
14523.989208
14523.989208
14523.989208
14523.989208
14523.989208
14523.989208
14523.989208
14523.989208
14523.989208
14523.989208
14523.989208
14523.989208
14523.989208
14523.989208
14523.989208
14523.989208
14523.989208
14523.989208
14523.989208
14523.989208
14523.989208
14523.989208
14523.989208
14523.989208
14523.989208
14523.989208
14523.989208
14523.989208
14523.989208
14511.724464
14511.724464
14511.724464
14511.724464
14511.724464
14511.724464
14511.724464
14511.724464
14511.724464
14511.724464
14511.724464
14511.724464
14191.604093
14191.604093
14191.604093
14191.604093
14191.604093
14191.604093
14191.604093
14191.604093
14191.604093
14191.604093
14191.604093
14191.604093
14191.604093
14191.604093
14191.604093
14191.604093
14191.604093
14191.604093
14191.604093
14191.604093
14191.604093
14191.604093
14191.604093
14191.604093
14191.604093
14191.604093
14191.604093
14191.604093
14191.604093
14191.604093
14191.604093
14191.604093
14191.604093
14191.604093
14191.604093
14191.604093
14191.604093
14169.112921
14169.112921
14169.112921
14169.112921
14169.112921
14169.112921
14169.112921
14169.112921
14169.112921
14169.112921
14169.112921
14169.112921
14169.112921
14169.112921
14169.112921
14169.112921
14169.112921
14169.112921
14169.112921
14169.112921
14169.112921
14169.112921
14169.112921
14169.112921
14169.112921
14169.112921
14169.112921
14169.112921
14169.112921
14169.112921
14169.112921
14169.112921
14169.112921
14169.112921
14169.112921
14169.112921
14169.112921
14169.112921
14169.112921
14169.112921
14169.112921
14169.112921
14169.112921
14169.112921
14169.112921
14169.112921
14169.112921
14169.112921
14169.112921
14169.112921
14169.112921
14136.392949
14136.392949
14136.392949
14136.392949
14136.392949
14136.392949
14136.392949
14136.392949
14136.392949
14136.392949
14136.392949
14136.392949
14136.392949
14136.392949
14136.392949
14136.392949
14136.392949
14136.392949
14136.392949
14136.392949
14136.392949
14136.392949
14136.392949
14136.392949
14136.392949
14136.392949
14136.392949
14136.392949
14136.392949
14136.392949
14136.392949
14136.392949
14136.392949
14136.392949
14136.392949
14136.392949
14136.392949
14136.392949
14136.392949
14136.392949
14136.392949
14136.392949
14136.392949
14136.392949
14136.392949
14136.392949
14136.392949
14136.392949
14136.392949
14136.392949
14136.392949
14136.392949
14136.392949
13859.881016
13859.881016
13859.881016
13859.881016
13859.881016
13859.881016
13859.881016
13859.881016
13859.881016
13859.881016
13859.881016
13859.881016
13859.881016
13859.881016
13859.881016
13859.881016
13859.881016
13859.881016
13859.881016
13859.881016
13859.881016
13859.881016
13859.881016
13859.881016
13783.219053
13783.219053
13783.219053
13783.219053
13783.219053
13783.219053
13783.219053
13783.219053
13783.219053
13783.219053
13783.219053
13783.219053
13783.219053
13783.219053
13783.219053
13783.219053
13783.219053
13783.219053
13783.219053
13783.219053
13783.219053
13783.219053
13783.219053
13783.219053
13783.219053
13783.219053
13783.219053
13783.219053
13783.219053
13783.219053
13783.219053
13783.219053
13783.219053
13783.219053
13783.219053
13783.219053
13783.219053
13783.219053
13783.219053
13783.219053
13783.219053
13783.219053
13783.219053
13783.219053
13783.219053
13783.219053
13783.219053
13783.219053
13783.219053
13783.219053
13783.219053
13783.219053
13783.219053
13783.219053
13783.219053
13783.219053
13783.219053
13783.219053
13783.219053
13783.219053
13783.219053
13783.219053
13783.219053
13783.219053
13783.219053
13783.219053
13783.219053
13783.219053
13783.219053
13783.219053
13783.219053
13783.219053
13783.219053
13783.219053
13783.219053
13783.219053
13783.219053
13783.219053
13783.219053
13783.219053
13783.219053
13783.219053
13783.219053
13783.219053
13783.219053
13783.219053
13783.219053
13783.219053
13783.219053
13783.219053
13783.219053
13597.747407
13597.747407
13597.747407
13597.747407
13597.747407
13597.747407
13597.747407
13597.747407
13597.747407
13597.747407
13597.747407
13597.747407
13597.747407
13597.747407
13597.747407
13597.747407
13597.747407
13597.747407
13597.747407
13597.747407
13597.747407
13597.747407
13597.747407
13597.747407
13597.747407
13597.747407
13597.747407
13597.747407
13597.747407
13597.747407
13597.747407
13597.747407
13597.747407
13597.747407
13597.747407
13597.747407
13597.747407
13597.747407
13597.747407
13597.747407
13597.747407
13597.747407
13597.747407
13597.747407
13597.747407
13597.747407
13597.747407
13597.747407
13597.747407
13597.747407
13597.747407
13597.747407
13597.747407
13597.747407
13597.747407
13597.747407
13597.747407
13597.747407
13597.747407
13597.747407
13597.747407
13597.747407
13597.747407
13287.865411
13287.865411
13287.865411
13287.865411
13287.865411
13287.865411
13287.865411
13287.865411
13287.865411
13287.865411
13287.865411
13287.865411
13287.865411
13287.865411
13287.865411
13287.865411
13287.865411
13287.865411
13287.865411
13287.865411
13287.865411
13287.865411
13113.689518
13113.689518
13113.689518
13113.689518
13113.689518
13113.689518
13113.689518
13113.689518
13113.689518
13113.689518
13113.689518
13113.689518
13113.689518
13113.689518
13113.689518
13113.689518
13113.689518
13113.689518
13113.689518
13113.689518
13113.689518
13113.689518
13113.689518
13113.689518
13113.689518
13113.689518
13113.689518
13113.689518
13113.689518
13113.689518
13113.689518
13113.689518
13113.689518
13113.689518
13113.689518
13113.689518
13113.689518
13113.689518
13113.689518
13113.689518
13113.689518
13113.689518
13113.689518
13113.689518
13113.689518
13113.689518
13113.689518
13113.689518
13113.689518
13113.689518
13113.689518
13113.689518
13113.689518
13113.689518
13113.689518
13113.689518
13113.689518
13113.689518
13113.689518
13113.689518
13113.689518
13113.689518
13113.689518
13113.689518
13113.689518
13113.689518
13113.689518
13113.689518
13113.689518
13113.689518
13113.689518
13113.689518
13113.689518
13113.689518
13113.689518
13113.689518
13113.689518
13113.689518
13113.689518
13113.689518
13113.689518
13113.689518
13113.689518
13113.689518
13113.689518
13113.689518
13113.689518
13113.689518
13113.689518
13113.689518
13113.689518
13113.689518
13113.689518
13113.689518
13113.689518
13113.689518
13113.689518
13113.689518
13113.689518
13113.689518
13113.689518
13113.689518
13113.689518
13113.689518
13113.689518
13113.689518
13113.689518
13113.689518
13113.689518
13113.689518
13113.689518
13113.689518
13113.689518
13113.689518
13113.689518
13113.689518
13113.689518
13113.689518
13113.689518
13113.689518
13113.689518
13113.689518
13113.689518
13113.689518
13113.689518
13113.689518
13113.689518
13113.689518
13113.689518
13113.689518
13113.689518
13113.689518
13113.689518
13113.689518
13113.689518
13113.689518
13113.689518
13113.689518
13113.689518
13113.689518
13113.689518
13113.689518
13113.689518
13113.689518
13113.689518
13113.689518
13113.689518
13113.689518
13113.689518
13113.689518
12935.748299
12935.748299
12935.748299
12935.748299
12935.748299
12935.748299
12935.748299
12935.748299
12935.748299
12935.748299
12935.748299
12935.748299
12935.748299
12935.748299
12935.748299
12935.748299
12935.748299
12935.748299
12935.748299
12935.748299
12935.748299
12935.748299
12935.748299
12935.748299
12935.748299
12935.748299
12935.748299
12935.748299
12935.748299
12935.748299
12935.748299
12935.748299
12935.748299
12935.748299
12935.748299
12935.748299
12935.748299
12935.748299
12935.748299
12935.748299
12935.748299
12935.748299
12935.748299
12935.748299
12935.748299
12935.748299
12935.748299
12935.748299
12935.748299
12935.748299
12935.748299
12935.748299
12935.748299
12935.748299
12935.748299
12935.748299
12935.748299
12935.748299
12935.748299
12935.748299
12935.748299
12935.748299
12935.748299
12935.748299
12935.748299
12935.748299
12935.748299
12935.748299
12935.748299
12935.748299
12935.748299
12935.748299
12935.748299
12935.748299
12935.748299
12935.748299
12935.748299
12935.748299
12935.748299
12935.748299
12935.748299
12935.748299
12935.748299
12935.748299
12935.748299
12935.748299
12935.748299
12935.748299
12935.748299
12935.748299
12935.748299
12935.748299
12935.748299
12935.748299
12935.748299
12935.748299
12935.748299
12935.748299
12935.748299
12768.459898
12768.459898
12768.459898
12768.459898
12768.459898
12768.459898
12768.459898
12768.459898
12768.459898
12768.459898
12768.459898
12768.459898
12768.459898
12768.459898
12768.459898
12768.459898
12768.459898
12768.459898
12768.459898
12768.459898
12768.459898
12768.459898
12768.459898
12768.459898
12768.459898
12768.459898
12768.459898
12768.459898
12768.459898
12768.459898
12768.459898
12768.459898
12517.327491
12517.327491
12517.327491
12517.327491
12517.327491
12517.327491
12517.327491
12517.327491
12517.327491
12517.327491
12517.327491
12517.327491
12517.327491
12517.327491
12517.327491
12517.327491
12517.327491
12517.327491
12517.327491
12517.327491
12517.327491
12517.327491
12517.327491
12517.327491
12517.327491
12517.327491
12517.327491
12517.327491
12517.327491
12517.327491
12517.327491
12517.327491
12517.327491
12517.327491
12517.327491
12517.327491
12517.327491
12517.327491
12517.327491
12517.327491
12517.327491
12517.327491
12517.327491
12517.327491
12517.327491
12517.327491
12517.327491
12517.327491
12517.327491
12517.327491
12517.327491
12517.327491
12517.327491
12517.327491
12517.327491
12517.327491
12517.327491
12517.327491
12517.327491
12517.327491
12517.327491
12517.327491
12517.327491
12517.327491
12517.327491
12517.327491
12517.327491
12517.327491
12517.327491
12517.327491
12517.327491
12517.327491
12517.327491
12517.327491
12517.327491
12517.327491
12517.327491
12517.327491
12517.327491
12517.327491
12517.327491
12517.327491
12517.327491
12517.327491
12517.327491
12517.327491
12517.327491
12517.327491
12517.327491
12517.327491
12517.327491
12517.327491
12517.327491
12517.327491
12517.327491
12517.327491
12517.327491
12517.327491
12517.327491
12517.327491
12517.327491
12517.327491
12517.327491
12517.327491
12517.327491
12517.327491
12517.327491
12517.327491
12517.327491
12517.327491
12517.327491
12517.327491
12517.327491
12517.327491
12517.327491
12517.327491
12517.327491
12517.327491
12517.327491
12517.327491
12517.327491
12517.327491
12517.327491
12517.327491
12517.327491
12517.327491
12517.327491
12517.327491
12517.327491
12517.327491
12517.327491
12517.327491
12517.327491
12517.327491
12517.327491
12517.327491
12517.327491
12517.327491
12517.327491
12517.327491
12517.327491
12517.327491
12517.327491
12517.327491
12517.327491
12517.327491
12517.327491
12517.327491
12517.327491
12517.327491
12517.327491
12517.327491
12517.327491
12517.327491
12517.327491
12517.327491
12517.327491
12517.327491
12517.327491
12517.327491
12517.327491
12517.327491
12427.346694
12427.346694
12427.346694
12427.346694
12028.978129
12028.978129
12028.978129
12028.978129
12028.978129
12028.978129
12028.978129
12028.978129
12028.978129
12028.978129
12028.978129
12028.978129
12028.978129
12028.978129
12028.978129
12028.978129
12028.978129
12028.978129
12028.978129
12028.978129
12028.978129
12028.978129
12028.978129
12028.978129
12028.978129
12028.978129
12028.978129
12028.978129
12028.978129
12028.978129
12028.978129
12028.978129
12028.978129
12028.978129
12028.978129
12028.978129
12028.978129
12028.978129
12028.978129
12028.978129
12028.978129
12028.978129
12028.978129
12028.978129
12028.978129
12028.978129
12028.978129
12028.978129
12028.978129
12028.978129
12028.978129
12028.978129
12028.978129
12028.978129
12028.978129
12028.978129
12028.978129
12028.978129
12028.978129
12028.978129
12028.978129
12028.978129
12028.978129
12028.978129
12028.978129
12028.978129
12028.978129
12028.978129
12028.978129
12028.978129
12028.978129
12028.978129
12028.978129
12028.978129
12028.978129
12028.978129
12028.978129
12028.978129
12028.978129
12028.978129
12028.978129
12028.978129
12028.978129
12028.978129
12028.978129
12028.978129
12028.978129
12028.978129
12028.978129
12028.978129
12028.978129
12028.978129
12028.978129
12028.978129
12028.978129
12028.978129
12028.978129
12028.978129
12028.978129
12028.978129
12028.978129
12028.978129
12028.978129
12028.978129
12028.978129
12028.978129
11986.364260
11986.364260
11986.364260
11986.364260
11986.364260
11986.364260
11986.364260
11986.364260
11986.364260
11986.364260
11986.364260
11986.364260
11986.364260
11986.364260
11986.364260
11986.364260
11986.364260
11986.364260
11986.364260
11986.364260
11986.364260
11986.364260
11986.364260
11986.364260
11986.364260
11986.364260
11986.364260
11986.364260
11986.364260
11986.364260
11986.364260
11986.364260
11986.364260
11986.364260
11986.364260
11986.364260
11986.364260
11986.364260
11986.364260
11986.364260
11986.364260
11986.364260
11986.364260
11986.364260
11986.364260
11986.364260
11986.364260
11986.364260
11986.364260
11986.364260
11986.364260
11986.364260
11986.364260
11986.364260
11986.364260
11986.364260
11986.364260
11986.364260
11986.364260
11986.364260
11986.364260
11986.364260
11986.364260
11986.364260
11986.364260
11986.364260
11986.364260
11986.364260
11986.364260
11986.364260
11986.364260
11986.364260
11986.364260
11986.364260
11986.364260
11986.364260
11986.364260
11986.364260
11749.440853
11749.440853
11749.440853
11749.440853
11749.440853
11749.440853
11749.440853
11749.440853
11749.440853
11749.440853
11749.440853
11749.440853
11749.440853
11749.440853
11749.440853
11749.440853
11749.440853
11749.440853
11749.440853
11749.440853
11749.440853
11749.440853
11749.440853
11749.440853
11749.440853
11749.440853
11749.440853
11749.440853
11749.440853
11749.440853
11749.440853
11749.440853
11749.440853
11749.440853
11749.440853
11749.440853
11749.440853
11749.440853
11749.440853
11749.440853
11749.440853
11749.440853
11749.440853
11749.440853
11749.440853
11749.440853
11749.440853
11749.440853
11749.440853
11749.440853
11749.440853
11749.440853
11749.440853
11749.440853
11749.440853
11749.440853
11749.440853
11749.440853
11749.440853
11749.440853
11749.440853
11749.440853
11749.440853
11737.201687
11737.201687
11737.201687
11737.201687
11737.201687
11737.201687
11737.201687
11737.201687
11737.201687
11737.201687
11737.201687
11719.883048
11719.883048
11719.883048
11719.883048
11719.883048
11719.883048
11719.883048
11719.883048
11719.883048
11719.883048
11719.883048
11719.883048
11719.883048
11719.883048
11719.883048
11719.883048
11719.883048
11719.883048
11719.883048
11719.883048
11719.883048
11719.883048
11719.883048
11719.883048
11719.883048
11719.883048
11719.883048
11719.883048
11719.883048
11719.883048
11719.883048
11719.883048
11719.883048
11719.883048
11719.883048
11719.883048
11719.883048
11719.883048
11714.444932
11714.444932
11714.444932
11714.444932
11714.444932
11714.444932
11714.444932
11714.444932
11714.444932
11714.444932
11714.444932
11714.444932
11714.444932
11714.444932
11714.444932
11714.444932
11705.316816
11705.316816
11705.316816
11705.316816
11705.316816
11705.316816
11705.316816
11705.316816
11705.316816
11705.316816
11705.316816
11705.316816
11705.316816
11705.316816
11705.316816
11705.316816
11705.316816
11705.316816
11705.316816
11705.316816
11705.316816
11705.316816
11705.316816
11705.316816
11705.316816
11705.316816
11705.316816
11705.316816
11705.316816
11705.316816
11705.316816
11705.316816
11705.316816
11705.316816
11705.316816
11705.316816
11705.316816
11705.316816
11705.316816
11705.316816
11705.316816
11705.316816
11705.316816
11705.316816
11705.316816
11705.316816
11705.316816
11705.316816
11705.316816
11705.316816
11705.316816
11705.316816
11705.316816
11705.316816
11604.945639
11604.945639
11604.945639
11604.945639
11604.945639
11604.945639
11604.945639
11604.945639
11604.945639
11604.945639
11604.945639
11604.945639
11604.945639
11604.945639
11604.945639
11604.945639
11604.945639
11604.945639
11601.706124
11601.706124
11601.706124
11601.706124
11601.706124
11601.706124
11601.706124
11601.706124
11601.706124
11601.706124
11601.706124
11601.706124
11601.706124
11601.706124
11601.706124
11601.706124
11601.706124
11601.706124
11601.706124
11601.706124
11601.706124
11601.706124
11601.706124
11601.706124
11601.706124
11601.706124
11601.706124
11601.706124
11601.706124
11601.706124
11601.706124
11601.706124
11601.706124
11601.706124
11601.706124
11601.706124
11601.706124
11601.706124
11601.706124
11601.706124
11601.706124
11601.706124
11601.706124
11601.706124
11601.706124
11601.706124
11601.706124
11601.706124
11601.706124
11601.706124
11601.706124
11601.706124
11601.706124
11601.706124
11601.706124
11601.706124
11601.706124
11601.706124
11601.706124
11601.706124
11601.706124
11601.706124
11601.706124
11601.706124
11601.706124
11601.706124
11601.706124
11601.706124
11601.706124
11601.706124
11601.706124
11601.706124
11601.706124
11601.706124
11601.706124
11601.706124
11601.706124
11601.706124
11601.706124
11601.706124
11601.706124
11601.706124
11601.706124
11601.706124
11601.706124
11601.706124
11601.706124
11601.706124
11601.706124
11566.223685
11566.223685
11566.223685
11566.223685
11566.223685
11566.223685
11566.223685
11566.223685
11566.223685
11566.223685
11566.223685
11566.223685
11566.223685
11566.223685
11566.223685
11566.223685
11499.789106
11499.789106
11499.789106
11499.789106
11499.789106
11499.789106
11499.789106
11499.789106
11499.789106
11499.789106
11499.789106
11499.789106
11499.789106
11499.789106
11499.789106
11499.789106
11499.789106
11499.789106
11499.789106
11499.789106
11499.789106
11499.789106
11499.789106
11499.789106
11499.789106
11499.789106
11499.789106
11499.789106
11499.789106
11499.789106
11499.789106
11499.789106
11499.789106
11499.789106
11499.789106
11499.789106
11499.789106
11499.789106
11499.789106
11499.789106
11499.789106
11499.789106
11499.789106
11499.789106
11499.789106
11499.789106
11499.789106
11499.789106
11499.789106
11408.211593
11408.211593
11408.211593
11408.211593
11408.211593
11408.211593
11408.211593
11408.211593
11408.211593
11408.211593
11408.211593
11408.211593
11408.211593
11408.211593
11408.211593
11408.211593
11408.211593
11408.211593
11408.211593
11408.211593
11408.211593
11408.211593
11408.211593
11408.211593
11408.211593
11408.211593
11408.211593
11408.211593
11408.211593
11408.211593
11408.211593
11408.211593
11408.211593
11408.211593
11408.211593
11408.211593
11408.211593
11408.211593
11408.211593
11408.211593
11408.211593
11408.211593
11408.211593
11408.211593
11408.211593
11408.211593
11408.211593
11408.211593
11408.211593
11408.211593
11408.211593
11408.211593
11408.211593
11408.211593
11408.211593
11408.211593
11408.211593
11408.211593
11408.211593
11408.211593
11408.211593
11408.211593
11408.211593
11408.211593
11408.211593
11408.211593
11408.211593
11408.211593
11408.211593
11408.211593
11408.211593
11408.211593
11408.211593
11408.211593
11408.211593
11408.211593
11408.211593
11408.211593
11408.211593
11299.426169
11299.426169
11299.426169
11299.426169
11299.426169
11299.426169
11299.426169
11299.426169
11299.426169
11299.426169
11299.426169
11299.426169
11299.426169
11299.426169
11299.426169
11299.426169
11299.426169
11299.426169
11299.426169
11299.426169
11299.426169
11299.426169
11299.426169
11299.426169
11299.426169
11299.426169
11299.426169
11299.426169
11299.426169
11299.426169
11299.426169
11299.426169
11299.426169
11299.426169
11299.426169
11299.426169
11299.426169
11299.426169
11299.426169
11299.426169
11299.426169
11299.426169
11299.426169
11299.426169
11299.426169
11299.426169
11299.426169
11299.426169
11299.426169
11299.426169
11299.426169
11299.426169
11299.426169
11299.426169
11299.426169
11299.426169
11299.426169
11299.426169
11299.426169
11299.426169
11299.426169
11299.426169
11299.426169
11299.426169
11299.426169
11299.426169
11299.426169
11299.426169
11299.426169
11299.426169
11299.426169
11299.426169
11299.426169
11299.426169
11299.426169
11299.426169
11299.426169
11299.426169
11299.426169
11299.426169
11299.426169
11299.426169
11299.426169
11299.426169
11299.426169
11299.426169
11299.426169
11299.426169
11299.426169
11299.426169
11299.426169
11299.426169
11299.426169
11299.426169
11299.426169
11299.426169
11299.426169
11299.426169
11299.426169
11299.426169
11297.517043
11297.517043
11297.517043
11297.517043
11297.517043
11297.517043
11297.517043
11297.517043
11297.517043
11297.517043
11297.517043
11297.517043
11297.517043
11297.517043
11297.517043
11297.517043
11297.517043
11297.517043
11297.517043
11297.517043
11297.517043
11297.517043
11297.517043
11297.517043
11297.517043
11297.517043
11297.517043
11297.517043
11297.517043
11297.517043
11297.517043
11297.517043
11297.517043
11297.517043
11297.517043
11297.517043
11297.517043
11297.517043
11297.517043
11297.517043
11297.517043
11297.517043
11297.517043
11297.517043
11297.517043
11297.517043
11297.517043
11297.517043
11297.517043
11297.517043
11297.517043
11297.517043
11297.517043
11297.517043
11297.517043
11297.517043
11297.517043
11297.517043
11297.517043
11297.517043
11297.517043
11266.380289
11266.380289
11266.380289
11266.380289
11266.380289
11266.380289
11266.380289
11266.380289
11266.380289
11266.380289
11266.380289
11266.380289
11266.380289
11266.380289
11210.513011
11210.513011
11210.513011
11210.513011
11210.513011
11210.513011
11210.513011
11210.513011
11210.513011
11210.513011
11210.513011
11210.513011
11210.513011
11210.513011
11210.513011
11210.513011
11210.513011
11210.513011
11210.513011
11210.513011
11210.513011
11210.513011
11210.513011
11210.513011
11210.513011
11210.513011
11210.513011
11210.513011
11210.513011
11210.513011
11210.513011
11210.513011
11210.513011
11210.513011
11210.513011
11210.513011
11210.513011
11210.513011
11210.513011
11210.513011
11210.513011
11210.513011
11210.513011
11210.513011
11210.513011
11210.513011
11210.513011
11210.513011
11210.513011
11210.513011
11210.513011
11210.513011
11210.513011
11210.513011
11210.513011
11210.513011
11210.513011
11210.513011
11210.513011
11210.513011
11210.513011
11210.513011
11210.513011
11210.513011
11210.513011
11210.513011
11210.513011
11210.513011
11210.513011
11210.513011
11210.513011
11210.513011
11210.513011
11210.513011
11210.513011
11210.513011
11210.513011
11210.513011
11210.513011
11210.513011
11210.513011
11210.513011
11210.513011
11210.513011
11210.513011
11210.513011
11210.513011
11210.513011
11210.513011
11210.513011
11177.123169
11177.123169
11177.123169
11177.123169
11177.123169
11177.123169
11177.123169
11177.123169
11177.123169
11177.123169
11177.123169
11177.123169
11177.123169
11177.123169
11177.123169
11177.123169
11177.123169
11177.123169
11177.123169
11177.123169
11154.814164
11154.814164
11142.866593
11142.866593
11142.866593
11142.866593
11142.866593
11142.866593
11142.866593
11142.866593
11142.866593
11142.866593
11142.866593
11142.866593
11142.866593
11142.866593
11142.866593
11142.866593
11142.866593
11142.866593
11142.866593
11142.866593
11142.866593
11142.866593
11142.866593
11142.866593
11142.866593
11142.866593
11142.866593
11142.866593
11115.364686
11115.364686
11115.364686
11115.364686
11115.364686
11115.364686
11115.364686
11115.364686
11115.364686
11115.364686
11115.364686
11115.364686
11115.364686
11115.364686
11115.364686
11115.364686
11115.364686
11115.364686
11115.364686
11115.364686
11115.364686
11115.364686
11115.364686
11115.364686
11115.364686
11115.364686
11115.364686
11115.364686
11115.364686
11115.364686
11115.364686
11115.364686
11115.364686
11115.364686
11115.364686
11115.364686
11115.364686
11115.364686
11115.364686
11115.364686
11115.364686
11115.364686
11115.364686
11115.364686
11115.364686
11115.364686
11115.364686
11115.364686
11115.364686
11115.364686
11115.364686
11115.364686
11115.364686
11115.364686
11115.364686
11115.364686
11115.364686
11115.364686
11080.204087
11080.204087
11080.204087
11080.204087
11080.204087
11080.204087
11074.347814
11074.347814
11074.347814
11074.347814
11074.347814
11074.347814
11074.347814
11074.347814
11074.347814
11074.347814
11074.347814
11074.347814
11074.347814
11074.347814
11074.347814
11074.347814
10965.294539
10965.294539
10965.294539
10965.294539
10965.294539
10965.294539
10965.294539
10965.294539
10965.294539
10965.294539
10965.294539
10965.294539
10965.294539
10965.294539
10965.294539
10965.294539
10965.294539
10965.294539
10965.294539
10965.294539
10965.294539
10965.294539
10965.294539
10965.294539
10965.294539
10965.294539
10965.294539
10965.294539
10965.294539
10965.294539
10965.294539
10965.294539
10965.294539
10965.294539
10965.294539
10965.294539
10965.294539
10965.294539
10965.294539
10965.294539
10965.294539
10965.294539
10965.294539
10965.294539
10965.294539
10965.294539
10965.294539
10965.294539
10965.294539
10965.294539
10941.470359
10941.470359
10941.470359
10941.470359
10941.470359
10941.470359
10941.470359
10941.470359
10941.470359
10941.470359
10941.470359
10941.470359
10941.470359
10941.470359
10941.470359
10941.470359
10941.470359
10941.470359
10941.470359
10941.470359
10941.470359
10941.470359
10941.470359
10941.470359
10941.470359
10941.470359
10941.470359
10941.470359
10941.470359
10918.400287
10918.400287
10918.400287
10918.400287
10918.400287
10918.400287
10918.400287
10918.400287
10918.400287
10918.400287
10918.400287
10918.400287
10918.400287
10918.400287
10918.400287
10918.400287
10918.400287
10918.400287
10918.400287
10918.400287
10918.400287
10918.400287
10918.400287
10918.400287
10918.400287
10918.400287
10918.400287
10918.400287
10918.400287
10918.400287
10918.400287
10918.400287
10918.400287
10918.400287
10918.400287
10918.400287
10918.400287
10918.400287
10918.400287
10918.400287
10918.400287
10918.400287
10918.400287
10918.400287
10918.400287
10918.400287
10868.414037
10868.414037
10868.414037
10868.414037
10868.414037
10868.414037
10868.414037
10868.414037
10868.414037
10868.414037
10868.414037
10868.414037
10868.414037
10868.414037
10868.414037
10868.414037
10868.414037
10868.414037
10868.414037
10868.414037
10868.414037
10868.414037
10868.414037
10868.414037
10868.414037
10868.414037
10868.414037
10868.414037
10868.414037
10868.414037
10868.414037
10868.414037
10868.414037
10868.414037
10868.414037
10868.414037
10868.414037
10868.414037
10868.414037
10868.414037
10868.414037
10868.414037
10868.414037
10868.414037
10868.414037
10868.414037
10868.414037
10868.414037
10868.414037
10868.414037
10868.414037
10868.414037
10868.414037
10868.414037
10868.414037
10868.414037
10868.414037
10868.414037
10868.414037
10868.414037
10868.414037
10868.414037
10868.414037
10868.414037
10868.414037
10868.414037
10868.414037
10868.414037
10868.414037
10868.414037
10868.414037
10868.414037
10868.414037
10868.414037
10868.414037
10868.414037
10868.414037
10868.414037
10868.414037
10868.414037
10868.414037
10868.414037
10868.414037
10868.414037
10868.414037
10868.414037
10868.414037
10868.414037
10868.414037
10868.414037
10868.414037
10868.414037
10868.414037
10815.015654
10815.015654
10815.015654
10815.015654
10815.015654
10815.015654
10815.015654
10815.015654
10815.015654
10815.015654
10815.015654
10815.015654
10815.015654
10815.015654
10815.015654
10815.015654
10815.015654
10815.015654
10815.015654
10815.015654
10815.015654
10815.015654
10815.015654
10815.015654
10815.015654
10815.015654
10748.429924
10748.429924
10748.429924
10748.429924
10748.429924
10748.429924
10748.429924
10748.429924
10748.429924
10748.429924
10748.429924
10748.429924
10748.429924
10742.018664
10742.018664
10742.018664
10742.018664
10742.018664
10742.018664
10742.018664
10742.018664
10742.018664
10742.018664
10742.018664
10742.018664
10742.018664
10742.018664
10742.018664
10742.018664
10742.018664
10742.018664
10742.018664
10742.018664
10742.018664
10742.018664
10742.018664
10742.018664
10742.018664
10742.018664
10742.018664
10742.018664
10742.018664
10742.018664
10597.830007
10597.830007
10597.830007
10597.830007
10597.830007
10597.830007
10597.830007
10597.830007
10597.830007
10597.830007
10597.830007
10597.830007
10597.830007
10597.830007
10597.830007
10597.830007
10597.830007
10597.830007
10597.830007
10597.830007
10597.830007
10597.830007
10597.830007
10597.830007
10597.830007
10597.830007
10597.830007
10597.830007
10597.830007
10597.830007
10597.830007
10597.830007
10597.830007
10597.830007
10597.830007
10597.830007
10597.830007
10597.830007
10597.830007
10597.830007
10597.830007
10597.830007
10597.830007
10597.830007
10597.830007
10597.830007
10597.830007
10597.830007
10597.830007
10597.830007
10597.830007
10597.830007
10597.830007
10597.830007
10597.830007
10597.830007
10597.830007
10597.830007
10597.830007
10597.830007
10597.830007
10597.830007
10597.830007
10597.830007
10597.830007
10597.830007
10597.830007
10597.830007
10597.830007
10597.830007
10597.830007
10597.830007
10597.830007
10597.830007
10597.830007
10597.830007
10597.830007
10597.830007
10597.830007
10597.830007
10597.830007
10597.830007
10597.830007
10597.830007
10597.830007
10597.830007
10597.830007
10597.830007
10597.830007
10597.830007
10597.830007
10597.830007
10597.830007
10597.830007
10560.511054
10560.511054
10560.511054
10560.511054
10560.511054
10560.511054
10560.511054
10560.511054
10560.511054
10560.511054
10560.511054
10560.511054
10560.511054
10560.511054
10560.511054
10560.511054
10560.511054
10560.511054
10560.511054
10560.511054
10560.511054
10560.511054
10560.511054
10560.511054
10560.511054
10560.511054
10560.511054
10560.511054
10560.511054
10560.511054
10560.511054
10560.511054
10560.511054
10560.511054
10560.511054
10560.511054
10560.511054
10558.176883
10558.176883
10558.176883
10558.176883
10558.176883
10558.176883
10558.176883
10558.176883
10558.176883
10558.176883
10558.176883
10558.176883
10558.176883
10558.176883
10558.176883
10558.176883
10558.176883
10558.176883
10558.176883
10558.176883
10558.176883
10558.176883
10558.176883
10558.176883
10558.176883
10558.176883
10558.176883
10558.176883
10558.176883
10558.176883
10558.176883
10558.176883
10558.176883
10558.176883
10558.176883
10558.176883
10558.176883
10558.176883
10558.176883
10558.176883
10558.176883
10558.176883
10558.176883
10558.176883
10558.176883
10558.176883
10558.176883
10558.176883
10558.176883
10558.176883
10558.176883
10558.176883
10558.176883
10558.176883
10543.218723
10543.218723
10543.218723
10543.218723
10543.218723
10543.218723
10543.218723
10543.218723
10543.218723
10543.218723
10543.218723
10543.218723
10543.218723
10543.218723
10543.218723
10543.218723
10543.218723
10543.218723
10543.218723
10543.218723
10543.218723
10543.218723
10543.218723
10543.218723
10543.218723
10543.218723
10543.218723
10543.218723
10543.218723
10543.218723
10543.218723
10543.218723
10543.218723
10543.218723
10543.218723
10543.218723
10543.218723
10543.218723
10520.317025
10520.317025
10520.317025
10520.317025
10520.317025
10520.317025
10520.317025
10520.317025
10520.317025
10427.602102
10427.602102
10427.602102
10427.602102
10427.602102
10427.602102
10427.602102
10427.602102
10427.602102
10427.602102
10427.602102
10427.602102
10427.602102
10427.602102
10427.602102
10427.602102
10427.602102
10427.602102
10427.602102
10427.602102
10427.602102
10427.602102
10427.602102
10427.602102
10427.602102
10427.602102
10427.602102
10427.602102
10427.602102
10427.602102
10427.602102
10427.602102
10427.602102
10427.602102
10427.602102
10427.602102
10427.602102
10427.602102
10427.602102
10427.602102
10427.602102
10427.602102
10427.602102
10427.602102
10427.602102
10427.602102
10427.602102
10427.602102
10427.602102
10427.602102
10427.602102
10427.602102
10427.602102
10427.602102
10427.602102
10427.602102
10427.602102
10380.154094
10380.154094
10380.154094
10380.154094
10380.154094
10380.154094
10380.154094
10380.154094
10380.154094
10380.154094
10380.154094
10380.154094
10380.154094
10380.154094
10380.154094
10380.154094
10380.154094
10380.154094
10380.154094
10380.154094
10380.154094
10380.154094
10380.154094
10380.154094
10380.154094
10380.154094
10380.154094
10361.855408
10361.855408
10361.855408
10361.855408
10361.855408
10361.855408
10361.855408
10361.855408
10361.855408
10361.855408
10361.855408
10361.855408
10361.855408
10361.855408
10361.855408
10361.855408
10361.855408
10361.855408
10361.855408
10361.855408
10361.855408
10361.855408
10361.855408
10361.855408
10361.855408
10361.855408
10361.855408
10307.574778
10307.574778
10248.762172
10248.762172
10248.762172
10248.762172
10248.762172
10248.762172
10248.762172
10248.762172
10248.762172
10248.762172
10248.762172
10248.762172
10248.762172
10248.762172
10248.762172
10248.762172
10248.762172
10248.762172
10248.762172
10248.762172
10248.762172
10248.762172
10248.762172
10248.762172
10248.762172
10248.762172
10248.762172
10248.762172
10248.762172
10248.762172
10248.762172
10248.762172
10248.762172
10248.762172
10248.762172
10248.762172
10248.762172
10248.762172
10248.762172
10248.762172
10228.478400
10228.478400
10228.478400
10228.478400
10228.478400
10108.213443
10108.213443
10108.213443
10108.213443
10108.213443
10108.213443
10108.213443
10108.213443
10108.213443
10108.213443
10108.213443
10108.213443
10108.213443
10108.213443
10108.213443
10108.213443
10108.213443
10108.213443
10108.213443
10108.213443
10108.213443
10108.213443
10108.213443
10108.213443
10108.213443
10108.213443
10108.213443
10108.213443
10108.213443
10108.213443
10108.213443
10108.213443
10108.213443
10108.213443
10108.213443
10108.213443
10108.213443
10108.213443
10108.213443
10108.213443
10108.213443
10108.213443
10108.213443
10108.213443
10108.213443
10108.213443
10108.213443
10108.213443
10108.213443
10108.213443
10108.213443
10108.213443
10108.213443
10108.213443
10108.213443
10108.213443
10108.213443
10108.213443
10108.213443
10108.213443
10108.213443
10108.213443
10108.213443
10108.213443
10108.213443
10108.213443
10108.213443
10108.213443
10108.213443
10108.213443
10108.213443
10108.213443
10108.213443
10108.213443
10108.213443
10108.213443
10108.213443
10108.213443
10108.213443
10108.213443
10108.213443
10108.213443
10108.213443
10048.258557
10048.258557
10048.258557
10048.258557
10048.258557
10048.258557
10048.258557
10048.258557
10048.258557
10048.258557
10048.258557
10048.258557
10048.258557
10048.258557
9932.487456
9932.487456
9932.487456
9932.487456
9932.487456
9932.487456
9932.487456
9932.487456
9932.487456
9932.487456
9932.487456
9932.487456
9932.487456
9932.487456
9932.487456
9932.487456
9932.487456
9932.487456
9932.487456
9932.487456
9932.487456
9932.487456
9932.487456
9932.487456
9932.487456
9932.487456
9932.487456
9932.487456
9932.487456
9932.487456
9932.487456
9932.487456
9932.487456
9932.487456
9932.487456
9932.487456
9932.487456
9932.487456
9932.487456
9932.487456
9932.487456
9932.487456
9932.487456
9932.487456
9932.487456
9932.487456
9932.487456
9932.487456
9932.487456
9932.487456
9800.657319
9800.657319
9800.657319
9800.657319
9800.657319
9800.657319
9800.657319
9800.657319
9800.657319
9800.657319
9800.657319
9800.657319
9800.657319
9800.657319
9800.657319
9800.657319
9800.657319
9800.657319
9800.657319
9800.657319
9800.657319
9800.657319
9800.657319
9800.657319
9800.657319
9800.657319
9800.657319
9800.657319
9800.657319
9800.657319
9800.657319
9800.657319
9800.657319
9800.657319
9800.657319
9800.657319
9800.657319
9800.657319
9800.657319
9800.657319
9800.657319
9800.657319
9800.657319
9800.657319
9800.657319
9800.657319
9800.657319
9800.657319
9800.657319
9800.657319
9800.657319
9800.657319
9800.657319
9800.657319
9800.657319
9800.657319
9800.657319
9800.657319
9800.657319
9800.657319
9800.657319
9800.657319
9800.657319
9800.657319
9800.657319
9800.657319
9800.657319
9800.657319
9800.657319
9800.657319
9800.657319
9800.657319
9800.657319
9800.657319
9800.657319
9800.657319
9800.657319
9800.657319
9800.657319
9800.657319
9800.657319
9800.657319
9800.657319
9800.657319
9800.657319
9800.657319
9800.657319
9800.657319
9800.657319
9800.657319
9800.657319
9800.657319
9800.657319
9800.657319
9800.657319
9800.657319
9800.657319
9800.657319
9800.657319
9800.657319
9800.657319
9800.657319
9800.657319
9800.657319
9800.657319
9800.657319
9800.657319
9800.657319
9800.657319
9800.657319
9800.657319
9800.657319
9800.657319
9800.657319
9800.657319
9800.657319
9800.657319
9800.657319
9800.657319
9800.657319
9800.657319
9800.657319
9778.609547
9778.609547
9778.609547
9778.609547
9778.609547
9778.609547
9778.609547
9778.609547
9778.609547
9778.609547
9778.609547
9778.609547
9778.609547
9778.609547
9778.609547
9778.609547
9778.609547
9778.609547
9778.609547
9778.609547
9778.609547
9778.609547
9778.609547
9778.609547
9778.609547
9778.609547
9778.609547
9778.609547
9778.609547
9778.609547
9778.609547
9778.609547
9778.609547
9778.609547
9778.609547
9778.609547
9778.609547
9778.609547
9778.609547
9778.609547
9778.609547
9778.609547
9778.609547
9778.609547
9778.609547
9778.609547
9778.609547
9778.609547
9778.609547
9778.609547
9778.609547
9778.609547
9778.609547
9778.609547
9778.609547
9778.609547
9778.609547
9778.609547
9765.938827
9765.938827
9765.938827
9765.938827
9765.938827
9765.938827
9765.938827
9765.938827
9765.938827
9765.938827
9765.938827
9765.938827
9765.938827
9765.938827
9765.938827
9765.938827
9765.938827
9765.938827
9765.938827
9765.938827
9765.938827
9765.938827
9765.938827
9765.938827
9765.938827
9765.938827
9765.938827
9765.938827
9765.938827
9765.938827
9765.938827
9765.938827
9765.938827
9765.938827
9765.938827
9765.938827
9765.938827
9765.938827
9765.938827
9765.938827
9765.938827
9755.755879
9755.755879
9755.755879
9755.755879
9755.755879
9755.755879
9755.755879
9755.755879
9755.755879
9755.755879
9755.755879
9755.755879
9755.755879
9755.755879
9755.755879
9755.755879
9755.755879
9755.755879
9755.755879
9755.755879
9755.755879
9755.755879
9755.755879
9755.755879
9755.755879
9755.755879
9755.755879
9755.755879
9755.755879
9755.755879
9755.755879
9755.755879
9755.755879
9755.755879
9755.755879
9755.755879
9755.755879
9601.965046
9601.965046
9601.965046
9601.965046
9601.965046
9601.965046
9601.965046
9601.965046
9601.965046
9601.965046
9571.659294
9571.659294
9571.659294
9571.659294
9571.659294
9571.659294
9571.659294
9571.659294
9571.659294
9571.659294
9571.659294
9571.659294
9571.659294
9571.659294
9571.659294
9571.659294
9571.659294
9571.659294
9571.659294
9571.659294
9571.659294
9571.659294
9571.659294
9571.659294
9571.659294
9571.659294
9571.659294
9571.659294
9571.659294
9571.659294
9571.659294
9571.659294
9571.659294
9571.659294
9571.659294
9571.659294
9571.659294
9571.659294
9571.659294
9524.214738
9524.214738
9524.214738
9524.214738
9524.214738
9524.214738
9524.214738
9524.214738
9524.214738
9524.214738
9524.214738
9524.214738
9524.214738
9524.214738
9524.214738
9524.214738
9524.214738
9524.214738
9524.214738
9524.214738
9524.214738
9524.214738
9524.214738
9524.214738
9524.214738
9524.214738
9524.214738
9524.214738
9524.214738
9524.214738
9524.214738
9524.214738
9524.214738
9524.214738
9524.214738
9524.214738
9524.214738
9524.214738
9524.214738
9524.214738
9524.214738
9524.214738
9524.214738
9397.610538
9397.610538
9397.610538
9397.610538
9397.610538
9397.610538
9397.610538
9397.610538
9397.610538
9397.610538
9397.610538
9397.610538
9397.610538
9397.610538
9397.610538
9397.610538
9397.610538
9397.610538
9397.610538
9397.610538
9397.610538
9397.610538
9397.610538
9397.610538
9397.610538
9397.610538
9397.610538
9397.610538
9397.610538
9397.610538
9397.610538
9397.610538
9397.610538
9397.610538
9397.610538
9397.610538
9397.610538
9397.610538
9397.610538
9397.610538
9397.610538
9397.610538
9397.610538
9397.610538
9397.610538
9397.610538
9397.610538
9397.610538
9397.610538
9397.610538
9397.610538
9279.268445
9279.268445
9279.268445
9279.268445
9279.268445
9279.268445
9279.268445
9279.268445
9279.268445
9279.268445
9279.268445
9279.268445
9279.268445
9279.268445
9279.268445
9279.268445
9279.268445
9279.268445
9279.268445
9279.268445
9279.268445
9279.268445
9279.268445
9279.268445
9279.268445
9279.268445
9279.268445
9279.268445
9279.268445
9279.268445
9279.268445
9279.268445
9279.268445
9279.268445
9279.268445
9279.268445
9279.268445
9279.268445
9279.268445
9279.268445
9279.268445
9279.268445
9279.268445
9279.268445
9279.268445
9279.268445
9279.268445
9279.268445
9279.268445
9279.268445
9279.268445
9279.268445
9279.268445
9279.268445
9279.268445
9279.268445
9279.268445
9279.268445
9279.268445
9279.268445
9279.268445
9279.268445
9279.268445
9279.268445
9279.268445
9279.268445
9279.268445
9279.268445
9279.268445
9279.268445
9279.268445
9279.268445
9279.268445
9279.268445
9279.268445
9279.268445
9279.268445
9279.268445
9279.268445
9279.268445
9279.268445
9279.268445
9279.268445
9279.268445
9279.268445
9279.268445
9279.268445
9279.268445
9279.268445
9279.268445
9279.268445
9279.268445
9279.268445
9279.268445
9279.268445
9279.268445
9260.374586
9260.374586
9260.374586
9260.374586
9260.374586
9260.374586
9260.374586
9260.374586
9231.197712
9231.197712
9231.197712
9231.197712
9231.197712
9231.197712
9231.197712
9231.197712
9231.197712
9231.197712
9231.197712
9231.197712
9231.197712
9231.197712
9231.197712
9231.197712
9231.197712
9231.197712
9231.197712
9231.197712
9231.197712
9231.197712
9231.197712
9231.197712
9231.197712
9231.197712
9231.197712
9231.197712
9231.197712
9231.197712
9231.197712
9231.197712
9231.197712
9231.197712
9231.197712
9231.197712
9231.197712
9231.197712
9231.197712
9231.197712
9231.197712
9231.197712
9231.197712
9231.197712
9231.197712
9231.197712
9231.197712
9231.197712
9231.197712
9231.197712
9231.197712
9231.197712
9231.197712
9231.197712
9231.197712
9231.197712
9231.197712
9231.197712
9231.197712
9231.197712
9231.197712
9231.197712
9231.197712
9231.197712
9231.197712
9231.197712
9231.197712
9231.197712
9231.197712
9231.197712
9231.197712
9231.197712
9231.197712
9231.197712
9231.197712
9231.197712
9231.197712
9231.197712
9231.197712
9231.197712
9231.197712
9231.197712
9231.197712
9231.197712
9231.197712
9231.197712
9231.197712
9231.197712
9231.197712
9231.197712
9231.197712
9231.197712
9112.098836
9112.098836
9112.098836
9112.098836
9112.098836
9112.098836
9112.098836
9112.098836
9112.098836
9112.098836
9112.098836
9112.098836
9112.098836
9112.098836
9112.098836
9112.098836
9112.098836
9112.098836
9112.098836
9112.098836
9112.098836
9112.098836
9112.098836
9112.098836
9112.098836
9112.098836
9112.098836
9112.098836
9112.098836
9112.098836
9112.098836
9112.098836
9112.098836
9112.098836
9112.098836
9112.098836
9112.098836
9112.098836
9112.098836
9112.098836
9112.098836
9112.098836
9112.098836
9112.098836
9112.098836
9112.098836
9112.098836
9112.098836
9112.098836
9112.098836
9112.098836
9112.098836
9112.098836
9112.098836
9112.098836
9112.098836
9112.098836
9112.098836
9112.098836
9112.098836
9112.098836
9112.098836
9112.098836
9112.098836
9112.098836
9112.098836
9112.098836
9112.098836
9112.098836
9112.098836
9112.098836
9112.098836
9112.098836
9112.098836
9112.098836
9112.098836
9112.098836
9112.098836
9112.098836
9112.098836
9112.098836
9112.098836
9112.098836
9112.098836
9112.098836
9112.098836
9112.098836
9112.098836
9112.098836
9112.098836
9112.098836
9112.098836
9112.098836
9112.098836
9112.098836
9112.098836
9112.098836
9112.098836
9112.098836
9112.098836
9112.098836
9112.098836
9112.098836
9112.098836
9112.098836
9112.098836
9112.098836
9112.098836
9112.098836
9112.098836
9112.098836
9112.098836
9112.098836
9112.098836
9112.098836
9112.098836
9112.098836
9112.098836
9112.098836
9112.098836
9112.098836
9112.098836
9112.098836
9112.098836
9112.098836
9112.098836
9112.098836
9112.098836
9112.098836
9112.098836
9053.290949
9053.290949
9053.290949
9053.290949
9053.290949
9053.290949
9053.290949
9053.290949
9053.290949
9053.290949
9053.290949
9053.290949
9053.290949
9053.290949
9053.290949
9053.290949
9053.290949
9053.290949
9053.290949
9053.290949
9053.290949
9053.290949
9053.290949
9053.290949
9053.290949
9053.290949
9053.290949
9053.290949
9053.290949
9053.290949
9053.290949
9053.290949
9053.290949
9053.290949
9053.290949
9053.290949
9053.290949
9053.290949
9053.290949
9053.290949
9053.290949
9053.290949
9053.290949
9053.290949
9053.290949
9053.290949
9053.290949
9053.290949
9053.290949
9053.290949
9053.290949
9053.290949
9053.290949
9053.290949
9053.290949
9053.290949
9053.290949
9053.290949
9053.290949
9053.290949
9053.290949
9053.290949
9053.290949
9053.290949
9053.290949
9053.290949
9053.290949
9053.290949
9053.290949
9053.290949
9053.290949
9053.290949
9053.290949
9053.290949
9053.290949
9053.290949
9053.290949
9053.290949
9053.290949
9053.290949
9053.290949
9053.290949
9053.290949
9053.290949
9053.290949
9053.290949
9053.290949
9053.290949
9053.290949
9053.290949
9053.290949
9053.290949
9053.290949
9053.290949
9053.290949
9053.290949
9053.290949
9053.290949
9053.290949
9053.290949
9053.290949
9053.290949
9053.290949
9053.290949
9053.290949
9053.290949
9053.290949
9053.290949
9053.290949
9053.290949
9053.290949
9053.290949
9053.290949
9053.290949
9053.290949
9053.290949
9053.290949
9053.290949
9053.290949
9053.290949
9053.290949
9053.290949
9053.290949
9053.290949
9053.290949
9053.290949
9053.290949
9053.290949
9053.290949
9053.290949
9053.290949
9053.290949
9053.290949
9053.290949
9053.290949
9053.290949
9053.290949
9053.290949
9053.290949
9053.290949
9009.682690
9009.682690
9009.682690
9009.682690
9009.682690
9009.682690
9009.682690
9009.682690
9009.682690
9009.682690
9009.682690
9009.682690
9009.682690
9009.682690
9009.682690
9009.682690
9009.682690
9009.682690
9009.682690
9009.682690
9009.682690
9009.682690
9009.682690
9009.682690
9009.682690
9009.682690
9009.682690
9009.682690
9009.682690
9009.682690
9009.682690
9009.682690
9009.682690
9009.682690
9009.682690
9009.682690
9009.682690
9009.682690
9009.682690
9009.682690
9009.682690
9009.682690
9009.682690
9009.682690
9009.682690
9009.682690
9009.682690
9009.682690
9009.682690
8958.440313
8958.440313
8958.440313
8958.440313
8958.440313
8958.440313
8958.440313
8958.440313
8958.440313
8958.440313
8958.440313
8958.440313
8958.440313
8958.440313
8958.440313
8958.440313
8958.440313
8836.855034
8836.855034
8836.855034
8836.855034
8836.855034
8836.855034
8836.855034
8836.855034
8836.855034
8836.855034
8836.855034
8836.855034
8836.855034
8836.855034
8836.855034
8836.855034
8836.855034
8836.855034
8836.855034
8836.855034
8836.855034
8836.855034
8836.855034
8836.855034
8836.855034
8836.855034
8836.855034
8836.855034
8836.855034
8836.855034
8836.855034
8836.855034
8836.855034
8836.855034
8836.855034
8836.855034
8836.855034
8836.855034
8836.855034
8836.855034
8836.855034
8836.855034
8836.855034
8836.855034
8836.855034
8836.855034
8833.482819
8833.482819
8833.482819
8833.482819
8833.482819
8833.482819
8833.482819
8833.482819
8833.482819
8833.482819
8833.482819
8833.482819
8833.482819
8833.482819
8833.482819
8833.482819
8833.482819
8833.482819
8833.482819
8833.482819
8833.482819
8833.482819
8833.482819
8833.482819
8833.482819
8833.482819
8833.482819
8833.482819
8833.482819
8833.482819
8833.482819
8833.482819
8833.482819
8703.479459
8703.479459
8703.479459
8703.479459
8703.479459
8703.479459
8703.479459
8703.479459
8703.479459
8703.479459
8703.479459
8703.479459
8703.479459
8703.479459
8703.479459
8703.479459
8703.479459
8703.479459
8703.479459
8703.479459
8703.479459
8703.479459
8703.479459
8703.479459
8703.479459
8703.479459
8703.479459
8703.479459
8703.479459
8703.479459
8703.479459
8703.479459
8703.479459
8703.479459
8703.479459
8703.479459
8703.479459
8703.479459
8703.479459
8703.479459
8703.479459
8703.479459
8703.479459
8703.479459
8703.479459
8703.479459
8703.479459
8703.479459
8703.479459
8703.479459
8587.287235
8587.287235
8587.287235
8587.287235
8587.287235
8587.287235
8587.287235
8587.287235
8587.287235
8587.287235
8587.287235
8587.287235
8587.287235
8587.287235
8587.287235
8587.287235
8587.287235
8587.287235
8587.287235
8587.287235
8587.287235
8587.287235
8587.287235
8587.287235
8587.287235
8587.287235
8587.287235
8587.287235
8587.287235
8587.287235
8587.287235
8587.287235
8587.287235
8587.287235
8587.287235
8587.287235
8587.287235
8587.287235
8587.287235
8587.287235
8587.287235
8587.287235
8587.287235
8587.287235
8587.287235
8587.287235
8536.298261
8536.298261
8536.298261
8536.298261
8536.298261
8536.298261
8536.298261
8536.298261
8536.298261
8536.298261
8536.298261
8536.298261
8536.298261
8536.298261
8536.298261
8536.298261
8536.298261
8536.298261
8536.298261
8536.298261
8536.298261
8536.298261
8536.298261
8536.298261
8536.298261
8536.298261
8536.298261
8536.298261
8536.298261
8536.298261
8536.298261
8536.298261
8536.298261
8536.298261
8536.298261
8536.298261
8536.298261
8536.298261
8536.298261
8536.298261
8536.298261
8536.298261
8536.298261
8536.298261
8536.298261
8459.778432
8459.778432
8459.778432
8459.778432
8459.778432
8459.778432
8459.778432
8459.778432
8459.778432
8459.778432
8459.778432
8459.778432
8413.146806
8413.146806
8413.146806
8413.146806
8413.146806
8413.146806
8413.146806
8413.146806
8413.146806
8413.146806
8339.337245
8339.337245
8339.337245
8339.337245
8339.337245
8339.337245
8339.337245
8339.337245
8339.337245
8339.337245
8339.337245
8339.337245
8339.337245
8339.337245
8339.337245
8339.337245
8339.337245
8339.337245
8339.337245
8339.337245
8339.337245
8339.337245
8339.337245
8339.337245
8339.337245
8339.337245
8339.337245
8339.337245
8339.337245
8339.337245
8339.337245
8339.337245
8339.337245
8339.337245
8339.337245
8339.337245
8339.337245
8339.337245
8339.337245
8339.337245
8339.337245
8339.337245
8339.337245
8339.337245
8339.337245
8339.337245
8339.337245
8339.337245
8339.337245
8339.337245
8339.337245
8339.337245
8339.337245
8339.337245
8339.337245
8339.337245
8339.337245
8339.337245
8339.337245
8339.337245
8339.337245
8339.337245
8339.337245
8339.337245
8339.337245
8339.337245
8339.337245
8339.337245
8339.337245
8339.337245
8339.337245
8339.337245
8339.337245
8339.337245
8339.337245
8339.337245
8339.337245
8339.337245
8339.337245
8339.337245
8339.337245
8339.337245
8339.337245
8339.337245
8339.337245
8339.337245
8339.337245
8339.337245
8339.337245
8339.337245
8339.337245
8339.337245
8274.975870
8274.975870
8274.975870
8274.975870
8274.975870
8274.975870
8274.975870
8274.975870
8274.975870
8274.975870
8274.975870
8274.975870
8274.975870
8274.975870
8274.975870
8274.975870
8274.975870
8274.975870
8274.975870
8274.975870
8274.975870
8274.975870
8274.975870
8274.975870
8274.975870
8274.975870
8274.975870
8274.975870
8274.975870
8274.975870
8274.975870
8274.975870
8274.975870
8274.975870
8274.975870
8274.975870
8274.975870
8274.975870
8274.975870
8274.975870
8274.975870
8274.975870
8210.757161
8210.757161
8210.757161
8210.757161
8210.757161
8210.757161
8210.757161
8210.757161
8210.757161
8210.757161
8210.757161
8210.757161
8210.757161
8210.757161
8210.757161
8210.757161
8210.757161
8210.757161
8210.757161
8210.757161
8210.757161
8210.757161
8210.757161
8210.757161
8210.757161
8210.757161
8210.757161
8210.757161
8210.757161
8210.757161
8210.757161
8210.757161
8210.757161
8210.757161
8210.757161
8210.757161
8210.757161
8210.757161
8210.757161
8210.757161
8210.757161
8210.757161
8210.757161
8210.757161
8210.757161
8210.757161
8210.757161
8200.421518
8200.421518
8200.421518
8200.421518
8200.421518
8200.421518
8153.167450
8153.167450
8153.167450
8153.167450
8153.167450
8153.167450
8153.167450
8153.167450
8153.167450
8153.167450
8153.167450
8153.167450
8153.167450
8153.167450
8153.167450
8153.167450
8153.167450
8153.167450
8153.167450
8153.167450
8153.167450
8153.167450
8153.167450
8153.167450
8153.167450
8153.167450
8153.167450
8153.167450
8153.167450
8153.167450
8153.167450
8153.167450
8153.167450
8153.167450
8153.167450
8153.167450
8153.167450
8153.167450
8153.167450
8153.167450
8153.167450
8153.167450
8153.167450
8153.167450
8153.167450
8153.167450
8153.167450
8153.167450
8153.167450
8153.167450
8153.167450
8153.167450
8153.167450
8153.167450
8153.167450
8153.167450
8153.167450
8103.269744
8103.269744
8103.269744
8103.269744
8103.269744
8103.269744
8103.269744
8103.269744
8103.269744
8103.269744
8103.269744
8103.269744
8103.269744
8103.269744
8103.269744
8103.269744
8103.269744
8103.269744
8046.821073
8046.821073
8046.821073
8046.821073
8046.821073
8046.821073
8046.821073
8046.821073
8046.821073
8046.821073
8046.821073
8046.821073
8046.821073
8046.821073
8046.821073
8046.821073
8046.821073
8046.821073
8046.821073
8046.821073
7913.173239
7913.173239
7913.173239
7913.173239
7913.173239
7913.173239
7913.173239
7913.173239
7913.173239
7913.173239
7913.173239
7913.173239
7913.173239
7913.173239
7913.173239
7913.173239
7913.173239
7913.173239
7913.173239
7913.173239
7913.173239
7913.173239
7913.173239
7913.173239
7913.173239
7913.173239
7913.173239
7913.173239
7913.173239
7913.173239
7913.173239
7913.173239
7913.173239
7913.173239
7913.173239
7913.173239
7913.173239
7913.173239
7913.173239
7913.173239
7913.173239
7913.173239
7913.173239
7913.173239
7913.173239
7913.173239
7913.173239
7913.173239
7913.173239
7913.173239
7861.293478
7861.293478
7861.293478
7861.293478
7861.293478
7861.293478
7861.293478
7861.293478
7861.293478
7861.293478
7861.293478
7861.293478
7861.293478
7861.293478
7861.293478
7861.293478
7861.293478
7861.293478
7861.293478
7861.293478
7861.293478
7861.293478
7861.293478
7851.790478
7851.790478
7851.790478
7851.790478
7851.790478
7851.790478
7851.790478
7851.790478
7851.790478
7851.790478
7769.827477
7769.827477
7769.827477
7769.827477
7769.827477
7769.827477
7769.827477
7769.827477
7769.827477
7769.827477
7769.827477
7766.553528
7766.553528
7766.553528
7766.553528
7766.553528
7766.553528
7766.553528
7766.553528
7766.553528
7766.553528
7766.553528
7766.553528
7766.553528
7766.553528
7766.553528
7766.553528
7766.553528
7766.553528
7766.553528
7766.553528
7766.553528
7766.553528
7766.553528
7766.553528
7766.553528
7766.553528
7766.553528
7766.553528
7766.553528
7766.553528
7766.553528
7766.553528
7766.553528
7766.553528
7766.553528
7766.553528
7766.553528
7766.553528
7766.553528
7766.553528
7766.553528
7766.553528
7766.553528
7766.553528
7766.553528
7766.553528
7766.553528
7766.553528
7766.553528
7766.553528
7766.553528
7766.553528
7766.553528
7766.553528
7766.553528
7508.671352
7508.671352
7508.671352
7508.671352
7508.671352
7508.671352
7508.671352
7508.671352
7508.671352
7508.671352
7508.671352
7508.671352
7508.671352
7508.671352
7508.671352
7508.671352
7508.671352
7508.671352
7508.671352
7508.671352
7508.671352
7508.671352
7508.671352
7508.671352
7508.671352
7508.671352
7508.671352
7508.671352
7508.671352
7508.671352
7508.671352
7508.671352
7508.671352
7508.671352
7508.671352
7508.671352
7508.671352
7508.671352
7508.671352
7508.671352
7508.671352
7508.671352
7508.671352
7508.671352
7508.671352
7508.671352
7508.671352
7508.671352
7508.671352
7508.671352
7508.671352
7508.671352
7508.671352
7508.671352
7508.671352
7508.671352
7508.671352
7508.671352
7457.541011
7457.541011
7457.541011
7457.541011
7457.541011
7457.541011
7457.541011
7457.541011
7457.541011
7457.541011
7457.541011
7457.541011
7457.541011
7457.541011
7457.541011
7457.541011
7457.541011
7457.541011
7457.541011
7457.541011
7457.541011
7457.541011
7457.541011
7457.541011
7457.541011
7457.541011
7457.541011
7457.541011
7457.541011
7457.541011
7457.541011
7457.541011
7457.541011
7457.541011
7457.541011
7457.541011
7457.541011
7457.541011
7457.541011
7457.541011
7457.541011
7457.541011
7457.541011
7457.541011
7457.541011
7457.541011
7457.541011
7457.541011
7457.541011
7350.786674
7350.786674
7350.786674
7350.786674
7350.786674
7350.786674
7350.786674
7350.786674
7350.786674
7350.786674
7350.786674
7350.786674
7350.786674
7350.786674
7350.786674
7350.786674
7350.786674
7350.786674
7350.786674
7350.786674
7350.786674
7350.786674
7350.786674
7350.786674
7350.786674
7350.786674
7350.786674
7350.786674
7350.786674
7350.786674
7350.786674
7350.786674
7350.786674
7350.786674
7350.786674
7350.786674
7350.786674
7350.786674
7350.786674
7350.786674
7350.786674
7350.786674
7350.786674
7350.786674
7350.786674
7350.786674
7350.786674
7350.786674
7350.786674
7350.786674
7350.786674
7350.786674
7350.786674
7350.786674
7350.786674
7350.786674
7350.786674
7350.786674
7350.786674
7350.786674
7350.786674
7350.786674
7350.786674
7350.786674
7350.786674
7350.786674
7350.786674
7350.786674
7350.786674
7350.786674
7350.786674
7350.786674
7350.786674
7350.786674
7350.786674
7350.786674
7350.786674
7350.786674
7350.786674
7350.786674
7350.786674
7350.786674
7350.786674
7350.786674
7292.660521
7292.660521
7292.660521
7292.660521
7292.660521
7292.660521
7292.660521
7292.660521
7292.660521
7226.041433
7226.041433
7226.041433
7226.041433
7226.041433
7226.041433
7226.041433
7226.041433
7226.041433
7226.041433
7226.041433
7226.041433
7226.041433
7226.041433
7226.041433
7226.041433
7226.041433
7221.900962
7221.900962
7221.900962
7221.900962
7221.900962
7221.900962
7221.900962
7221.900962
7221.900962
7221.900962
7221.900962
7221.900962
7221.900962
7221.900962
7221.900962
7221.900962
7221.900962
7221.900962
7221.900962
7221.900962
7221.900962
7221.900962
7221.900962
7221.900962
7221.900962
7221.900962
7221.900962
7221.900962
7221.900962
7221.900962
7221.900962
7221.900962
7221.900962
7221.900962
7221.900962
7221.900962
7221.900962
7221.900962
7221.900962
7221.900962
7221.900962
7221.900962
7221.900962
7221.900962
7221.900962
7221.900962
7221.900962
7221.900962
7221.900962
7221.900962
7221.900962
7221.900962
7221.900962
7221.900962
7221.900962
7221.900962
7221.900962
7205.580426
7205.580426
7205.580426
7205.580426
7205.580426
7205.580426
7205.580426
7205.580426
7205.580426
7205.580426
7205.580426
7205.580426
7205.580426
7205.580426
7205.580426
7205.580426
7205.580426
7142.243096
7142.243096
7142.243096
7142.243096
7142.243096
7142.243096
7142.243096
7142.243096
7142.243096
7142.243096
7142.243096
7142.243096
7142.243096
7142.243096
7142.243096
7142.243096
7142.243096
7142.243096
7142.243096
7142.243096
7142.243096
7142.243096
7142.243096
7142.243096
7142.243096
7142.243096
7142.243096
7142.243096
7142.243096
7142.243096
7142.243096
7142.243096
7142.243096
7142.243096
7142.243096
7142.243096
7142.243096
7142.243096
7142.243096
7142.243096
7142.243096
7142.243096
7142.243096
7142.243096
7142.243096
7142.243096
7142.243096
7142.243096
7142.243096
7142.243096
7142.243096
7142.243096
7142.243096
7142.243096
7142.243096
7142.243096
7142.243096
7142.243096
7142.243096
7142.243096
7142.243096
7142.243096
7142.243096
6993.062898
6993.062898
6993.062898
6993.062898
6993.062898
6993.062898
6993.062898
6993.062898
6993.062898
6993.062898
6993.062898
6993.062898
6993.062898
6993.062898
6993.062898
6993.062898
6993.062898
6993.062898
6993.062898
6993.062898
6993.062898
6993.062898
6993.062898
6993.062898
6993.062898
6993.062898
6993.062898
6993.062898
6993.062898
6993.062898
6993.062898
6993.062898
6993.062898
6993.062898
6993.062898
6993.062898
6993.062898
6993.062898
6993.062898
6993.062898
6993.062898
6993.062898
6993.062898
6993.062898
6993.062898
6993.062898
6993.062898
6993.062898
6993.062898
6993.062898
6993.062898
6976.472614
6976.472614
6976.472614
6976.472614
6976.472614
6976.472614
6976.472614
6976.472614
6976.472614
6976.472614
6976.472614
6976.472614
6976.472614
6976.472614
6976.472614
6976.472614
6976.472614
6976.472614
6976.472614
6976.472614
6976.472614
6976.472614
6976.472614
6976.472614
6976.472614
6976.472614
6976.472614
6976.472614
6976.472614
6976.472614
6976.472614
6976.472614
6976.472614
6976.472614
6976.472614
6976.472614
6976.472614
6976.472614
6976.472614
6976.472614
6976.472614
6976.472614
6976.472614
6976.472614
6976.472614
6976.472614
6976.472614
6976.472614
6976.472614
6976.472614
6976.472614
6976.472614
6976.472614
6976.472614
6976.472614
6976.472614
6976.472614
6976.472614
6976.472614
6976.472614
6976.472614
6976.472614
6976.472614
6976.472614
6976.472614
6976.472614
6976.472614
6976.472614
6976.472614
6976.472614
6976.472614
6976.472614
6976.472614
6976.472614
6976.472614
6976.472614
6976.472614
6976.472614
6976.472614
6976.472614
6976.472614
6976.472614
6976.472614
6976.472614
6976.472614
6976.472614
6976.472614
6976.472614
6976.472614
6976.472614
6976.472614
6976.472614
6976.472614
6976.472614
6976.472614
6955.393441
6940.032291
6940.032291
6940.032291
6940.032291
6940.032291
6940.032291
6940.032291
6940.032291
6940.032291
6940.032291
6940.032291
6940.032291
6940.032291
6940.032291
6940.032291
6940.032291
6940.032291
6940.032291
6940.032291
6940.032291
6850.958596
6850.958596
6850.958596
6850.958596
6850.958596
6850.958596
6850.958596
6850.958596
6850.958596
6850.958596
6850.958596
6850.958596
6850.958596
6850.958596
6850.958596
6850.958596
6850.958596
6850.958596
6850.958596
6850.958596
6850.958596
6850.958596
6850.958596
6850.958596
6850.958596
6850.958596
6850.958596
6850.958596
6850.958596
6850.958596
6850.958596
6850.958596
6850.958596
6850.958596
6850.958596
6850.958596
6850.958596
6850.958596
6850.958596
6850.958596
6850.958596
6850.958596
6850.958596
6850.958596
6850.958596
6850.958596
6850.958596
6850.958596
6850.958596
6850.958596
6850.958596
6850.958596
6850.958596
6850.958596
6850.958596
6850.958596
6850.958596
6850.958596
6850.958596
6850.958596
6821.323207
6821.323207
6821.323207
6821.323207
6821.323207
6821.323207
6821.323207
6821.323207
6821.323207
6821.323207
6821.323207
6821.323207
6821.323207
6821.323207
6821.323207
6821.323207
6821.323207
6821.323207
6821.323207
6821.323207
6821.323207
6821.323207
6821.323207
6821.323207
6821.323207
6821.323207
6821.323207
6821.323207
6821.323207
6821.323207
6821.323207
6821.323207
6821.323207
6821.323207
6821.323207
6821.323207
6821.323207
6821.323207
6821.323207
6821.323207
6821.323207
6821.323207
6821.323207
6821.323207
6821.323207
6821.323207
6821.323207
6821.323207
6821.323207
6821.323207
6821.323207
6821.323207
6821.323207
6821.323207
6821.323207
6821.323207
6821.323207
6821.323207
6821.323207
6821.323207
6821.323207
6821.323207
6821.323207
6821.323207
6821.323207
6821.323207
6821.323207
6821.323207
6821.323207
6821.323207
6821.323207
6821.323207
6821.323207
6821.323207
6821.323207
6821.323207
6821.323207
6821.323207
6821.323207
6821.323207
6821.323207
6821.323207
6821.323207
6821.323207
6821.323207
6821.323207
6821.323207
6821.323207
6821.323207
6821.323207
6821.323207
6821.323207
6821.323207
6821.323207
6821.323207
6821.323207
6821.323207
6821.323207
6821.323207
6821.323207
6821.323207
6821.323207
6821.323207
6821.323207
6821.323207
6821.323207
6821.323207
6821.323207
6774.081255
6765.246519
6765.246519
6765.246519
6765.246519
6765.246519
6765.246519
6765.246519
6765.246519
6765.246519
6765.246519
6765.246519
6765.246519
6765.246519
6765.246519
6765.246519
6765.246519
6765.246519
6765.246519
6765.246519
6765.246519
6765.246519
6765.246519
6765.246519
6765.246519
6765.246519
6765.246519
6765.246519
6765.246519
6765.246519
6765.246519
6765.246519
6765.246519
6765.246519
6765.246519
6765.246519
6765.246519
6765.246519
6765.246519
6765.246519
6692.416935
6692.416935
6692.416935
6692.416935
6692.416935
6692.416935
6692.416935
6692.416935
6692.416935
6692.416935
6692.416935
6692.416935
6692.416935
6692.416935
6692.416935
6692.416935
6692.416935
6692.416935
6692.416935
6692.416935
6692.416935
6692.416935
6692.416935
6692.416935
6692.416935
6692.416935
6692.416935
6692.416935
6692.416935
6692.416935
6692.416935
6692.416935
6692.416935
6692.416935
6692.416935
6692.416935
6692.416935
6692.416935
6692.416935
6692.416935
6692.416935
6692.416935
6692.416935
6692.416935
6692.416935
6692.416935
6692.416935
6692.416935
6692.416935
6692.416935
6692.416935
6692.416935
6692.416935
6692.416935
6692.416935
6692.416935
6692.416935
6692.416935
6692.416935
6692.416935
6692.416935
6692.416935
6692.416935
6692.416935
6672.521956
6672.521956
6672.521956
6672.521956
6672.521956
6672.521956
6672.521956
6672.521956
6672.521956
6672.521956
6672.521956
6672.521956
6672.521956
6672.521956
6672.521956
6672.521956
6672.521956
6672.521956
6672.521956
6672.521956
6672.521956
6672.521956
6672.521956
6672.521956
6672.521956
6672.521956
6672.521956
6672.521956
6672.521956
6672.521956
6672.521956
6672.521956
6672.521956
6672.521956
6672.521956
6672.521956
6672.521956
6672.521956
6672.521956
6672.521956
6672.521956
6672.521956
6672.521956
6672.521956
6672.521956
6672.521956
6672.521956
6672.521956
6672.521956
6672.521956
6672.521956
6672.521956
6672.521956
6672.521956
6672.521956
6672.521956
6672.521956
6672.521956
6672.521956
6672.521956
6672.521956
6672.521956
6672.521956
6602.201458
6602.201458
6602.201458
6602.201458
6602.201458
6602.201458
6602.201458
6500.585423
6500.585423
6500.585423
6500.585423
6500.585423
6500.585423
6500.585423
6500.585423
6500.585423
6500.585423
6500.585423
6500.585423
6500.585423
6500.585423
6500.585423
6500.585423
6500.585423
6500.585423
6500.585423
6500.585423
6500.585423
6500.585423
6500.585423
6500.585423
6500.585423
6500.585423
6500.585423
6500.585423
6500.585423
6500.585423
6500.585423
6500.585423
6500.585423
6500.585423
6500.585423
6500.585423
6500.585423
6500.585423
6500.585423
6500.585423
6500.585423
6500.585423
6500.585423
6500.585423
6500.585423
6500.585423
6500.585423
6500.585423
6500.585423
6500.585423
6500.585423
6500.585423
6500.585423
6500.585423
6500.585423
6500.585423
6500.585423
6500.585423
6500.585423
6500.585423
6500.585423
6500.585423
6500.585423
6500.585423
6500.585423
6500.585423
6500.585423
6500.585423
6500.585423
6500.585423
6500.585423
6500.585423
6500.585423
6500.585423
6500.585423
6500.585423
6500.585423
6460.951671
6460.951671
6460.951671
6460.951671
6460.951671
6460.951671
6367.542894
6367.542894
6367.542894
6367.542894
6367.542894
6367.542894
6367.542894
6367.542894
6367.542894
6367.542894
6367.542894
6367.542894
6367.542894
6367.542894
6367.542894
6367.542894
6367.542894
6367.542894
6367.542894
6367.542894
6367.542894
6367.542894
6367.542894
6367.542894
6367.542894
6367.542894
6367.542894
6367.542894
6367.542894
6367.542894
6367.542894
6367.542894
6367.542894
6367.542894
6367.542894
6367.542894
6367.542894
6367.542894
6367.542894
6367.542894
6367.542894
6367.542894
6367.542894
6367.542894
6367.542894
6367.542894
6367.542894
6367.542894
6367.542894
6367.542894
6367.542894
6367.542894
6367.542894
6367.542894
6367.542894
6367.542894
6367.542894
6367.542894
6367.542894
6367.542894
6367.542894
6319.261584
6319.261584
6319.261584
6319.261584
6319.261584
6319.261584
6319.261584
6319.261584
6319.261584
6319.261584
6319.261584
6319.261584
6319.261584
6319.261584
6319.261584
6319.261584
6319.261584
6295.281371
6295.281371
6295.281371
6295.281371
6295.281371
6295.281371
6295.281371
6295.281371
6295.281371
6295.281371
6295.281371
6295.281371
6295.281371
6295.281371
6295.281371
6295.281371
6295.281371
6295.281371
6295.281371
6295.281371
6295.281371
6295.281371
6295.281371
6295.281371
6295.281371
6295.281371
6295.281371
6295.281371
6295.281371
6295.281371
6295.281371
6295.281371
6295.281371
6295.281371
6295.281371
6295.281371
6295.281371
6295.281371
6295.281371
6295.281371
6295.281371
6295.281371
6295.281371
6295.281371
6295.281371
6295.281371
6295.281371
6295.281371
6295.281371
6295.281371
6295.281371
6295.281371
6295.281371
6295.281371
6295.281371
6295.281371
6295.281371
6295.281371
6295.281371
6295.281371
6295.281371
6295.281371
6295.281371
6295.281371
6295.281371
6295.281371
6295.281371
6295.281371
6295.281371
6288.374549
6288.374549
6288.374549
6288.374549
6288.374549
6288.374549
6288.374549
6288.374549
6288.374549
6288.374549
6288.374549
6288.374549
6288.374549
6288.374549
6288.374549
6288.374549
6288.374549
6288.374549
6288.374549
6288.374549
6288.374549
6288.374549
6288.374549
6288.374549
6288.374549
6288.374549
6288.374549
6288.374549
6288.374549
6288.374549
6288.374549
6288.374549
6288.374549
6288.374549
6288.374549
6288.374549
6288.374549
6288.374549
6288.374549
6288.374549
6288.374549
6288.374549
6288.374549
6288.374549
6288.374549
6288.374549
6288.374549
6288.374549
6288.374549
6288.374549
6288.374549
6288.374549
6288.374549
6288.374549
6288.374549
6288.374549
6288.374549
6288.374549
6288.374549
6288.374549
6288.374549
6288.374549
6288.374549
6288.374549
6288.374549
6288.374549
6288.374549
6263.272187
6263.272187
6263.272187
6263.272187
6263.272187
6263.272187
6263.272187
6263.272187
6263.272187
6263.272187
6263.272187
6263.272187
6263.272187
6263.272187
6263.272187
6263.272187
6263.272187
6263.272187
6263.272187
6263.272187
6263.272187
6263.272187
6263.272187
6263.272187
6263.272187
6263.272187
6263.272187
6263.272187
6263.272187
6263.272187
6263.272187
6263.272187
6263.272187
6263.272187
6187.520235
6187.520235
6187.520235
6187.520235
6187.520235
6187.520235
6187.520235
6187.520235
6187.520235
6187.520235
6187.520235
6187.520235
6187.520235
6187.520235
6187.520235
6187.520235
6187.520235
6187.520235
6187.520235
6187.520235
6187.520235
6187.520235
6187.520235
6187.520235
6187.520235
6187.520235
6187.520235
6187.520235
6187.520235
6187.520235
6187.520235
6187.520235
6187.520235
6187.520235
6187.520235
6187.520235
6187.520235
6187.520235
6187.520235
6187.520235
6187.520235
6187.520235
6187.520235
6187.520235
6187.520235
6187.520235
6187.520235
6187.520235
6187.520235
6187.520235
6187.520235
6187.520235
6187.520235
6187.520235
6187.520235
6187.520235
6187.520235
6187.520235
6187.520235
6187.520235
6187.520235
6187.520235
6187.520235
6187.520235
6187.520235
6187.520235
6187.520235
6187.520235
6187.520235
6187.520235
6187.520235
6187.520235
6187.520235
6187.520235
6187.520235
6187.520235
6187.520235
6187.520235
6187.520235
6187.520235
6187.520235
6187.520235
6187.520235
6187.520235
6187.520235
6187.520235
6187.520235
6187.520235
6187.520235
6187.520235
6187.520235
6187.520235
6187.520235
6187.520235
6187.520235
6187.520235
6187.520235
6187.520235
6187.520235
6187.520235
6177.607194
6177.607194
6177.607194
6177.607194
6177.607194
6177.607194
6177.607194
6177.607194
6177.607194
6177.607194
6177.607194
6177.607194
6177.607194
6177.607194
6177.607194
6177.607194
6177.607194
6177.607194
6177.607194
6177.607194
6177.607194
6177.607194
6150.079572
6150.079572
6150.079572
6150.079572
6150.079572
6150.079572
6150.079572
6150.079572
6150.079572
6150.079572
6150.079572
6150.079572
6150.079572
6150.079572
6150.079572
6150.079572
6150.079572
6150.079572
6150.079572
6150.079572
6150.079572
6150.079572
6150.079572
6150.079572
6150.079572
6150.079572
6150.079572
6150.079572
6150.079572
6150.079572
6150.079572
6087.546951
6087.546951
6087.546951
6087.546951
6087.546951
6087.546951
5956.456414
5956.456414
5956.456414
5956.456414
5956.456414
5956.456414
5956.456414
5956.456414
5956.456414
5956.456414
5956.456414
5956.456414
5956.456414
5956.456414
5956.456414
5956.456414
5956.456414
5956.456414
5956.456414
5956.456414
5956.456414
5956.456414
5956.456414
5956.456414
5956.456414
5956.456414
5956.456414
5956.456414
5956.456414
5956.456414
5956.456414
5956.456414
5956.456414
5956.456414
5956.456414
5956.456414
5956.456414
5956.456414
5956.456414
5956.456414
5956.456414
5956.456414
5956.456414
5956.456414
5956.456414
5956.456414
5956.456414
5956.456414
5956.456414
5956.456414
5877.490799
5877.490799
5877.490799
5877.490799
5877.490799
5877.490799
5877.490799
5877.490799
5877.490799
5877.490799
5877.490799
5877.490799
5877.490799
5877.490799
5877.490799
5877.490799
5877.490799
5877.490799
5877.490799
5877.490799
5877.490799
5877.490799
5877.490799
5877.490799
5877.490799
5877.490799
5877.490799
5877.490799
5877.490799
5877.490799
5877.490799
5877.490799
5877.490799
5877.490799
5877.490799
5877.490799
5877.490799
5877.490799
5877.490799
5877.490799
5877.490799
5877.490799
5877.490799
5877.490799
5877.490799
5877.490799
5847.145433
5847.145433
5847.145433
5847.145433
5847.145433
5847.145433
5847.145433
5847.145433
5847.145433
5847.145433
5847.145433
5847.145433
5847.145433
5847.145433
5847.145433
5847.145433
5847.145433
5847.145433
5847.145433
5847.145433
5847.145433
5847.145433
5847.145433
5847.145433
5847.145433
5847.145433
5847.145433
5847.145433
5847.145433
5847.145433
5847.145433
5847.145433
5847.145433
5847.145433
5847.145433
5847.145433
5847.145433
5847.145433
5847.145433
5847.145433
5847.145433
5847.145433
5847.145433
5847.145433
5847.145433
5847.145433
5847.145433
5847.145433
5847.145433
5847.145433
5847.145433
5847.145433
5845.264530
5845.264530
5845.264530
5845.264530
5845.264530
5845.264530
5845.264530
5845.264530
5845.264530
5845.264530
5845.264530
5845.264530
5845.264530
5845.264530
5845.264530
5845.264530
5845.264530
5845.264530
5845.264530
5845.264530
5845.264530
5845.264530
5845.264530
5845.264530
5845.264530
5845.264530
5845.264530
5845.264530
5845.264530
5845.264530
5845.264530
5845.264530
5845.264530
5845.264530
5845.264530
5845.264530
5845.264530
5845.264530
5845.264530
5845.264530
5845.264530
5845.264530
5845.264530
5845.264530
5845.264530
5845.264530
5845.264530
5845.264530
5845.264530
5845.264530
5845.264530
5845.264530
5845.264530
5845.264530
5845.264530
5845.264530
5845.264530
5845.264530
5845.264530
5845.264530
5845.264530
5845.264530
5845.264530
5845.264530
5845.264530
5845.264530
5845.264530
5845.264530
5845.264530
5845.264530
5845.264530
5845.264530
5845.264530
5845.264530
5845.264530
5845.264530
5845.264530
5845.264530
5845.264530
5845.264530
5845.264530
5845.264530
5845.264530
5845.264530
5845.264530
5845.264530
5845.264530
5845.264530
5845.264530
5845.264530
5845.264530
5845.264530
5845.264530
5845.264530
5845.264530
5845.264530
5845.264530
5845.264530
5831.570737
5831.570737
5831.570737
5831.570737
5831.570737
5831.570737
5831.570737
5831.570737
5831.570737
5831.570737
5831.570737
5831.570737
5831.570737
5831.570737
5831.570737
5831.570737
5831.570737
5831.570737
5831.570737
5831.570737
5831.570737
5831.570737
5831.570737
5831.570737
5831.570737
5831.570737
5831.570737
5831.570737
5831.570737
5831.570737
5831.570737
5831.570737
5831.570737
5831.570737
5831.570737
5831.570737
5831.570737
5831.570737
5831.570737
5831.570737
5831.570737
5756.604974
5756.604974
5756.604974
5756.604974
5756.604974
5756.604974
5756.604974
5756.604974
5756.604974
5756.604974
5756.604974
5756.604974
5756.604974
5756.604974
5756.604974
5756.604974
5756.604974
5756.604974
5756.604974
5756.604974
5756.604974
5756.604974
5756.604974
5756.604974
5756.604974
5756.604974
5756.604974
5756.604974
5756.604974
5756.604974
5756.604974
5756.604974
5756.604974
5756.604974
5756.604974
5756.604974
5756.604974
5756.604974
5756.604974
5756.604974
5756.604974
5756.604974
5756.604974
5756.604974
5756.604974
5756.604974
5756.604974
5756.604974
5756.604974
5756.604974
5756.604974
5756.604974
5756.604974
5756.604974
5756.604974
5756.604974
5756.604974
5756.604974
5756.604974
5756.604974
5756.604974
5756.604974
5756.604974
5756.604974
5756.604974
5756.604974
5756.604974
5756.604974
5756.604974
5756.604974
5756.604974
5756.604974
5756.604974
5756.604974
5756.604974
5756.604974
5756.604974
5756.604974
5710.585225
5710.585225
5710.585225
5710.585225
5710.585225
5710.585225
5710.585225
5710.585225
5710.585225
5710.585225
5710.585225
5710.585225
5710.585225
5710.585225
5710.585225
5710.585225
5710.585225
5710.585225
5710.585225
5710.585225
5710.585225
5710.585225
5710.585225
5710.585225
5710.585225
5708.665345
5708.665345
5708.665345
5708.665345
5708.665345
5708.665345
5708.665345
5708.665345
5708.665345
5708.665345
5708.665345
5708.665345
5708.665345
5708.665345
5708.665345
5708.665345
5708.665345
5708.665345
5708.665345
5708.665345
5708.665345
5708.665345
5708.665345
5708.665345
5708.665345
5708.665345
5708.665345
5708.665345
5708.665345
5708.665345
5708.665345
5708.665345
5708.665345
5708.665345
5708.665345
5708.665345
5708.665345
5708.665345
5708.665345
5708.665345
5708.665345
5708.665345
5708.665345
5708.665345
5708.665345
5708.665345
5708.665345
5708.665345
5708.665345
5708.665345
5708.665345
5708.665345
5708.665345
5708.665345
5708.665345
5708.665345
5708.665345
5708.665345
5708.665345
5708.665345
5708.665345
5708.665345
5708.665345
5708.665345
5708.665345
5708.665345
5708.665345
5708.665345
5708.665345
5708.665345
5708.665345
5708.665345
5708.665345
5708.665345
5708.665345
5697.017243
5697.017243
5697.017243
5697.017243
5697.017243
5697.017243
5697.017243
5697.017243
5697.017243
5697.017243
5697.017243
5697.017243
5697.017243
5697.017243
5697.017243
5697.017243
5697.017243
5697.017243
5697.017243
5697.017243
5697.017243
5697.017243
5697.017243
5697.017243
5697.017243
5697.017243
5697.017243
5697.017243
5697.017243
5697.017243
5697.017243
5597.771467
5585.244437
5585.244437
5585.244437
5585.244437
5585.244437
5585.244437
5585.244437
5585.244437
5585.244437
5585.244437
5585.244437
5585.244437
5585.244437
5585.244437
5585.244437
5585.244437
5585.244437
5585.244437
5585.244437
5585.244437
5585.244437
5585.244437
5585.244437
5585.244437
5585.244437
5585.244437
5585.244437
5585.244437
5585.244437
5585.244437
5585.244437
5585.244437
5585.244437
5585.244437
5585.244437
5585.244437
5585.244437
5585.244437
5585.244437
5585.244437
5585.244437
5585.244437
5585.244437
5585.244437
5585.244437
5585.244437
5585.244437
5585.244437
5585.244437
5585.244437
5585.244437
5585.244437
5585.244437
5585.244437
5585.244437
5585.244437
5585.244437
5585.244437
5585.244437
5585.244437
5585.244437
5585.244437
5585.244437
5585.244437
5585.244437
5585.244437
5585.244437
5585.244437
5585.244437
5585.244437
5585.244437
5585.244437
5585.244437
5585.244437
5585.244437
5585.244437
5585.244437
5585.244437
5585.244437
5585.244437
5585.244437
5585.244437
5585.244437
5585.244437
5585.244437
5585.244437
5585.244437
5585.244437
5585.244437
5585.244437
5585.244437
5585.244437
5585.244437
5585.244437
5585.244437
5585.244437
5585.244437
5585.244437
5585.244437
5585.244437
5585.244437
5585.244437
5585.244437
5585.244437
5585.244437
5585.244437
5585.244437
5585.244437
5585.244437
5585.244437
5585.244437
5585.244437
5585.244437
5585.244437
5585.244437
5585.244437
5585.244437
5585.244437
5585.244437
5585.244437
5585.244437
5585.244437
5585.244437
5585.244437
5585.244437
5585.244437
5585.244437
5585.244437
5585.244437
5585.244437
5585.244437
5585.244437
5585.244437
5585.244437
5585.244437
5585.244437
5585.244437
5585.244437
5585.244437
5585.244437
5585.244437
5585.244437
5585.244437
5585.244437
5585.244437
5585.244437
5585.244437
5585.244437
5585.244437
5585.244437
5585.244437
5585.244437
5585.244437
5585.244437
5585.244437
5585.244437
5585.244437
5585.244437
5585.244437
5585.244437
5585.244437
5585.244437
5585.244437
5585.244437
5585.244437
5585.244437
5585.244437
5585.244437
5585.244437
5585.244437
5585.244437
5585.244437
5585.244437
5585.244437
5585.244437
5585.244437
5585.244437
5585.244437
5585.244437
5585.244437
5585.244437
5585.244437
5585.244437
5585.244437
5585.244437
5585.244437
5585.244437
5585.244437
5585.244437
5585.244437
5585.244437
5585.244437
5585.244437
5585.244437
5585.244437
5585.244437
5585.244437
5585.244437
5585.244437
5550.367249
5550.367249
5550.367249
5550.367249
5550.367249
5550.367249
5550.367249
5550.367249
5550.367249
5550.367249
5550.367249
5550.367249
5550.367249
5550.367249
5550.367249
5550.367249
5550.367249
5550.367249
5550.367249
5550.367249
5550.367249
5550.367249
5550.367249
5550.367249
5550.367249
5550.367249
5550.367249
5550.367249
5550.367249
5550.367249
5550.367249
5550.367249
5550.367249
5550.367249
5550.367249
5550.367249
5550.367249
5550.367249
5550.367249
5550.367249
5550.367249
5550.367249
5550.367249
5550.367249
5550.367249
5550.367249
5550.367249
5550.367249
5550.367249
5550.367249
5550.367249
5550.367249
5550.367249
5550.367249
5550.367249
5550.367249
5550.367249
5550.367249
5550.367249
5550.367249
5550.367249
5550.367249
5543.659340
5543.659340
5543.659340
5543.659340
5543.659340
5543.659340
5543.659340
5543.659340
5543.659340
5543.659340
5543.659340
5543.659340
5543.659340
5543.659340
5543.659340
5543.659340
5543.659340
5543.659340
5543.659340
5543.659340
5543.659340
5543.659340
5543.659340
5543.659340
5543.659340
5543.659340
5543.659340
5543.659340
5543.659340
5543.659340
5543.659340
5543.659340
5543.659340
5543.659340
5543.659340
5543.659340
5543.659340
5543.659340
5543.659340
5543.659340
5543.659340
5543.659340
5543.659340
5541.609171
5541.609171
5541.609171
5541.609171
5541.609171
5541.609171
5541.609171
5541.609171
5541.609171
5541.609171
5541.609171
5541.609171
5541.609171
5541.609171
5541.609171
5541.609171
5541.609171
5541.609171
5541.609171
5541.609171
5541.609171
5514.070451
5514.070451
5514.070451
5514.070451
5514.070451
5514.070451
5514.070451
5514.070451
5514.070451
5514.070451
5514.070451
5514.070451
5514.070451
5514.070451
5514.070451
5514.070451
5514.070451
5514.070451
5514.070451
5514.070451
5514.070451
5514.070451
5514.070451
5514.070451
5514.070451
5514.070451
5514.070451
5514.070451
5514.070451
5514.070451
5514.070451
5514.070451
5514.070451
5514.070451
5514.070451
5514.070451
5514.070451
5514.070451
5514.070451
5514.070451
5514.070451
5514.070451
5514.070451
5514.070451
5514.070451
5514.070451
5514.070451
5514.070451
5514.070451
5514.070451
5514.070451
5514.070451
5514.070451
5514.070451
5514.070451
5514.070451
5514.070451
5514.070451
5514.070451
5514.070451
5514.070451
5514.070451
5514.070451
5493.207340
5493.207340
5493.207340
5493.207340
5493.207340
5493.207340
5493.207340
5493.207340
5493.207340
5493.207340
5493.207340
5493.207340
5493.207340
5493.207340
5493.207340
5493.207340
5493.207340
5493.207340
5493.207340
5493.207340
5493.207340
5493.207340
5493.207340
5493.207340
5493.207340
5493.207340
5462.839812
5462.839812
5462.839812
5462.839812
5462.839812
5462.839812
5462.839812
5462.839812
5462.839812
5462.839812
5462.839812
5462.839812
5462.839812
5462.839812
5462.839812
5462.839812
5462.839812
5462.839812
5462.839812
5462.839812
5462.839812
5462.839812
5462.839812
5462.839812
5462.839812
5462.839812
5462.839812
5462.839812
5462.839812
5462.839812
5462.839812
5462.839812
5462.839812
5462.839812
5462.839812
5462.839812
5462.839812
5462.839812
5462.839812
5462.839812
5462.839812
5462.839812
5462.839812
5462.839812
5462.839812
5462.839812
5462.839812
5462.839812
5462.839812
5462.839812
5462.839812
5462.839812
5462.839812
5462.839812
5462.839812
5462.839812
5462.839812
5462.839812
5462.839812
5462.839812
5462.839812
5462.839812
5462.839812
5462.839812
5462.839812
5462.839812
5462.839812
5462.839812
5462.839812
5462.839812
5462.839812
5462.839812
5462.839812
5462.839812
5462.839812
5462.839812
5462.839812
5462.839812
5462.839812
5462.839812
5462.839812
5461.803530
5461.803530
5461.803530
5461.803530
5461.803530
5461.803530
5461.803530
5461.803530
5461.803530
5461.803530
5461.803530
5461.803530
5461.803530
5461.803530
5461.803530
5461.803530
5461.803530
5461.803530
5461.803530
5461.803530
5461.803530
5461.803530
5461.803530
5461.803530
5461.803530
5461.803530
5461.803530
5461.803530
5461.803530
5461.803530
5461.803530
5461.803530
5461.803530
5461.803530
5461.803530
5461.803530
5461.803530
5461.803530
5461.803530
5461.803530
5461.803530
5461.803530
5461.803530
5461.803530
5461.803530
5461.803530
5461.803530
5461.803530
5461.803530
5432.673081
5432.673081
5432.673081
5432.673081
5432.673081
5432.673081
5432.673081
5432.673081
5432.673081
5432.673081
5432.673081
5432.673081
5432.673081
5432.673081
5432.673081
5432.673081
5432.673081
5432.673081
5432.673081
5432.673081
5432.673081
5432.673081
5432.673081
5407.737888
5407.737888
5407.737888
5407.737888
5407.737888
5407.737888
5407.737888
5407.737888
5407.737888
5407.737888
5407.737888
5407.737888
5407.737888
5407.737888
5407.737888
5407.737888
5407.737888
5407.737888
5407.737888
5407.737888
5407.737888
5407.737888
5407.737888
5407.737888
5376.949855
5376.949855
5376.949855
5376.949855
5376.949855
5376.949855
5376.949855
5376.949855
5376.949855
5376.949855
5376.949855
5376.949855
5376.949855
5376.949855
5376.949855
5376.949855
5376.949855
5376.949855
5376.949855
5376.949855
5376.949855
5376.949855
5376.949855
5376.949855
5376.949855
5376.949855
5376.949855
5376.949855
5376.949855
5376.949855
5376.949855
5376.949855
5376.949855
5376.949855
5376.949855
5376.949855
5376.949855
5376.949855
5376.949855
5376.949855
5376.949855
5376.949855
5376.949855
5376.949855
5376.949855
5376.949855
5376.949855
5376.949855
5376.949855
5376.949855
5376.949855
5376.949855
5365.685290
5365.685290
5365.685290
5365.685290
5365.685290
5365.685290
5365.685290
5365.685290
5365.685290
5365.685290
5365.685290
5365.685290
5365.685290
5365.685290
5365.685290
5365.685290
5365.685290
5365.685290
5365.685290
5365.685290
5365.685290
5365.685290
5365.685290
5365.685290
5365.685290
5365.685290
5365.685290
5365.685290
5365.685290
5365.685290
5365.685290
5365.685290
5365.685290
5365.685290
5365.685290
5365.685290
5365.685290
5365.685290
5365.685290
5365.685290
5365.685290
5365.685290
5365.685290
5365.685290
5365.685290
5365.685290
5365.685290
5365.685290
5365.685290
5365.685290
5365.685290
5365.685290
5365.685290
5365.685290
5365.685290
5365.685290
5365.685290
5365.685290
5365.685290
5365.685290
5365.685290
5365.685290
5365.685290
5365.685290
5365.685290
5365.685290
5365.685290
5365.685290
5365.685290
5365.685290
5365.685290
5365.685290
5365.685290
5365.685290
5365.685290
5365.685290
5365.685290
5365.685290
5365.685290
5365.685290
5365.685290
5365.685290
5365.685290
5365.685290
5365.685290
5365.685290
5365.685290
5365.685290
5365.685290
5365.685290
5365.685290
5365.685290
5365.685290
5365.685290
5365.685290
5365.685290
5365.685290
5365.685290
5365.685290
5365.685290
5365.685290
5365.685290
5365.685290
5365.685290
5365.685290
5365.685290
5365.685290
5365.685290
5365.685290
5365.685290
5365.685290
5365.685290
5365.685290
5365.685290
5365.685290
5365.685290
5365.685290
5365.685290
5365.685290
5365.685290
5365.685290
5365.685290
5365.685290
5365.685290
5365.685290
5336.651264
5336.651264
5336.651264
5336.651264
5336.651264
5336.651264
5336.651264
5336.651264
5336.651264
5336.651264
5336.651264
5336.651264
5336.651264
5336.651264
5336.651264
5336.651264
5336.651264
5336.651264
5336.651264
5336.651264
5336.651264
5336.651264
5336.651264
5336.651264
5336.651264
5336.651264
5336.651264
5336.651264
5336.651264
5336.651264
5336.651264
5336.651264
5336.651264
5336.651264
5336.651264
5336.651264
5336.651264
5336.651264
5336.651264
5336.651264
5336.651264
5336.651264
5336.651264
5336.651264
5336.651264
5336.651264
5326.546089
5326.546089
5326.546089
5326.546089
5326.546089
5326.546089
5326.546089
5326.546089
5326.546089
5326.546089
5326.546089
5326.546089
5326.546089
5326.546089
5326.546089
5326.546089
5326.546089
5326.546089
5326.546089
5326.546089
5326.546089
5326.546089
5326.546089
5326.546089
5326.546089
5326.546089
5326.546089
5326.546089
5326.546089
5326.546089
5323.863915
5323.863915
5323.863915
5323.863915
5323.863915
5323.863915
5323.863915
5323.863915
5323.863915
5323.863915
5323.863915
5310.473149
5310.473149
5310.473149
5310.473149
5310.473149
5310.473149
5310.473149
5310.473149
5310.473149
5310.473149
5310.473149
5310.473149
5310.473149
5310.473149
5310.473149
5310.473149
5310.473149
5310.473149
5310.473149
5310.473149
5310.473149
5310.473149
5310.473149
5310.473149
5310.473149
5310.473149
5310.473149
5310.473149
5310.473149
5310.473149
5310.473149
5310.473149
5310.473149
5310.473149
5310.473149
5310.473149
5310.473149
5310.473149
5310.473149
5310.473149
5310.473149
5310.473149
5310.473149
5310.473149
5310.473149
5310.473149
5310.473149
5310.473149
5310.473149
5310.473149
5310.473149
5310.473149
5310.473149
5310.473149
5310.473149
5310.473149
5310.473149
5310.473149
5310.473149
5310.473149
5310.473149
5310.473149
5310.473149
5310.473149
5310.473149
5310.473149
5310.473149
5310.473149
5310.473149
5310.473149
5310.473149
5310.473149
5310.473149
5310.473149
5310.473149
5310.473149
5310.473149
5310.473149
5310.473149
5310.473149
5310.473149
5310.473149
5310.473149
5310.473149
5285.007153
5285.007153
5285.007153
5285.007153
5285.007153
5285.007153
5285.007153
5285.007153
5285.007153
5285.007153
5285.007153
5285.007153
5285.007153
5285.007153
5285.007153
5285.007153
5285.007153
5285.007153
5285.007153
5285.007153
5285.007153
5285.007153
5285.007153
5285.007153
5285.007153
5285.007153
5285.007153
5285.007153
5285.007153
5285.007153
5285.007153
5285.007153
5285.007153
5285.007153
5285.007153
5285.007153
5285.007153
5285.007153
5285.007153
5285.007153
5285.007153
5285.007153
5285.007153
5285.007153
5285.007153
5285.007153
5285.007153
5285.007153
5239.682734
5239.682734
5239.682734
5239.682734
5239.682734
5239.682734
5239.682734
5239.682734
5239.682734
5239.682734
5239.682734
5239.682734
5239.682734
5239.682734
5239.682734
5239.682734
5239.682734
5239.682734
5239.682734
5239.682734
5239.682734
5239.682734
5239.682734
5239.682734
5239.682734
5239.682734
5239.682734
5239.682734
5239.682734
5239.682734
5239.682734
5239.682734
5239.682734
5239.682734
5239.682734
5239.682734
5239.682734
5239.682734
5239.682734
5239.682734
5239.682734
5239.682734
5239.682734
5239.682734
5239.682734
5239.682734
5239.682734
5239.682734
5239.682734
5239.682734
5239.682734
5239.682734
5239.682734
5239.682734
5239.682734
5239.682734
5239.682734
5239.682734
5239.682734
5239.682734
5239.682734
5239.682734
5239.682734
5234.275272
5234.275272
5234.275272
5234.275272
5234.275272
5234.275272
5234.275272
5234.275272
5234.275272
5234.275272
5228.069048
5228.069048
5228.069048
5228.069048
5228.069048
5228.069048
5228.069048
5228.069048
5228.069048
5228.069048
5228.069048
5228.069048
5228.069048
5228.069048
5228.069048
5228.069048
5228.069048
5228.069048
5228.069048
5228.069048
5228.069048
5228.069048
5228.069048
5228.069048
5228.069048
5228.069048
5228.069048
5228.069048
5228.069048
5228.069048
5228.069048
5228.069048
5228.069048
5228.069048
5228.069048
5228.069048
5228.069048
5228.069048
5228.069048
5228.069048
5228.069048
5228.069048
5228.069048
5228.069048
5228.069048
5228.069048
5228.069048
5228.069048
5228.069048
5228.069048
5228.069048
5228.069048
5228.069048
5228.069048
5228.069048
5228.069048
5228.069048
5228.069048
5228.069048
5228.069048
5228.069048
5223.460306
5223.460306
5223.460306
5223.460306
5223.460306
5223.460306
5223.460306
5223.460306
5223.460306
5223.460306
5223.460306
5223.460306
5223.460306
5223.460306
5223.460306
5223.460306
5223.460306
5223.460306
5223.460306
5223.460306
5223.460306
5223.460306
5223.460306
5223.460306
5223.460306
5223.460306
5223.460306
5223.460306
5196.541569
5196.541569
5196.541569
5196.541569
5196.541569
5196.541569
5196.541569
5196.541569
5196.541569
5196.541569
5196.541569
5196.541569
5196.541569
5196.541569
5196.541569
5196.541569
5196.541569
5196.541569
5196.541569
5196.541569
5196.541569
5196.541569
5196.541569
5196.541569
5196.541569
5196.541569
5196.541569
5196.541569
5196.541569
5196.541569
5196.541569
5196.541569
5196.541569
5196.541569
5196.541569
5196.541569
5196.541569
5196.541569
5196.541569
5196.541569
5196.541569
5196.541569
5196.541569
5196.541569
5196.541569
5196.541569
5196.541569
5196.541569
5196.541569
5196.541569
5196.541569
5196.541569
5196.541569
5196.541569
5196.541569
5196.541569
5196.541569
5196.541569
5196.541569
5196.541569
5196.541569
5196.541569
5196.541569
5196.541569
5196.541569
5196.541569
5196.541569
5196.541569
5196.541569
5196.541569
5196.541569
5196.541569
5196.541569
5196.541569
5140.458690
5140.458690
5140.458690
5140.458690
5140.458690
5140.458690
5140.458690
5140.458690
5140.458690
5140.458690
5140.458690
5140.458690
5140.458690
5140.458690
5140.458690
5140.458690
5140.458690
5140.458690
5140.458690
5140.458690
5140.458690
5140.458690
5111.158647
5111.158647
5111.158647
5111.158647
5111.158647
5111.158647
5111.158647
5111.158647
5111.158647
5111.158647
5111.158647
5111.158647
5111.158647
5111.158647
5111.158647
5111.158647
5111.158647
5111.158647
5111.158647
5042.614067
5042.614067
5042.614067
5042.614067
5042.614067
5042.614067
5042.614067
5042.614067
5042.614067
5042.614067
5042.614067
5042.614067
5042.614067
5024.934626
5024.934626
5024.934626
5024.934626
5024.934626
5024.934626
5024.934626
5024.934626
5024.934626
5024.934626
5024.934626
5024.934626
5024.934626
5024.934626
5024.934626
5024.934626
5024.934626
5024.934626
5024.934626
5024.934626
5024.934626
5016.066066
5016.066066
5016.066066
5016.066066
5016.066066
5016.066066
5016.066066
5016.066066
5016.066066
5016.066066
5016.066066
5016.066066
5016.066066
4986.162501
4986.162501
4986.162501
4986.162501
4986.162501
4986.162501
4986.162501
4986.162501
4986.162501
4986.162501
4986.162501
4986.162501
4986.162501
4986.162501
4986.162501
4986.162501
4986.162501
4986.162501
4986.162501
4986.162501
4986.162501
4986.162501
4986.162501
4986.162501
4986.162501
4986.162501
4986.162501
4986.162501
4986.162501
4986.162501
4986.162501
4986.162501
4986.162501
4986.162501
4986.162501
4986.162501
4986.162501
4986.162501
4986.162501
4986.162501
4986.162501
4986.162501
4986.162501
4986.162501
4986.162501
4986.162501
4986.162501
4986.162501
4986.162501
4986.162501
4986.162501
4986.162501
4986.162501
4986.162501
4986.162501
4986.162501
4986.162501
4986.162501
4986.162501
4956.664459
4956.664459
4956.664459
4956.664459
4956.664459
4956.664459
4956.664459
4956.664459
4956.664459
4956.664459
4956.664459
4956.664459
4956.664459
4956.664459
4956.664459
4956.664459
4956.664459
4956.664459
4956.664459
4956.664459
4956.664459
4956.664459
4956.664459
4956.664459
4956.664459
4956.664459
4956.664459
4956.664459
4956.664459
4956.664459
4956.664459
4956.664459
4956.664459
4956.664459
4956.664459
4956.664459
4956.664459
4956.664459
4956.664459
4956.664459
4956.664459
4956.664459
4956.664459
4956.664459
4956.664459
4956.664459
4956.664459
4956.664459
4956.664459
4956.664459
4956.664459
4956.664459
4956.664459
4956.664459
4956.664459
4956.664459
4956.664459
4956.664459
4956.664459
4956.664459
4956.664459
4956.664459
4956.664459
4956.664459
4956.664459
4956.664459
4956.664459
4956.664459
4956.664459
4956.664459
4956.664459
4956.664459
4956.664459
4956.664459
4956.664459
4956.664459
4956.664459
4956.664459
4956.664459
4956.664459
4956.664459
4956.664459
4956.664459
4956.664459
4956.664459
4956.664459
4956.664459
4956.664459
4956.664459
4956.664459
4956.664459
4956.664459
4956.664459
4956.664459
4956.664459
4956.664459
4956.664459
4956.664459
4956.664459
4956.664459
4956.664459
4956.664459
4956.664459
4956.664459
4956.664459
4956.664459
4956.664459
4956.664459
4956.664459
4956.664459
4956.664459
4956.664459
4956.664459
4956.664459
4956.664459
4956.664459
4956.664459
4956.664459
4956.664459
4956.664459
4956.664459
4956.664459
4956.664459
4956.664459
4956.664459
4956.664459
4956.664459
4956.664459
4956.664459
4956.664459
4956.664459
4956.664459
4956.664459
4956.664459
4956.664459
4956.664459
4956.664459
4956.664459
4956.664459
4956.664459
4956.664459
4956.664459
4956.664459
4956.664459
4956.664459
4956.664459
4956.664459
4956.664459
4956.664459
4956.664459
4956.664459
4956.664459
4956.664459
4956.664459
4956.664459
4956.664459
4956.664459
4956.664459
4956.664459
4956.664459
4956.664459
4956.664459
4956.664459
4956.664459
4956.664459
4956.664459
4956.664459
4956.664459
4956.664459
4956.664459
4956.664459
4956.664459
4956.664459
4956.664459
4956.664459
4956.664459
4956.664459
4956.664459
4956.664459
4956.664459
4956.664459
4956.664459
4956.664459
4956.664459
4956.664459
4956.664459
4956.664459
4956.664459
4956.664459
4956.664459
4956.664459
4956.664459
4956.664459
4956.664459
4956.664459
4956.664459
4956.664459
4956.664459
4956.664459
4956.664459
4956.664459
4956.664459
4956.664459
4956.664459
4956.664459
4956.664459
4956.664459
4956.664459
4956.664459
4956.664459
4956.664459
4956.664459
4956.664459
4934.987167
4934.987167
4934.987167
4934.987167
4934.987167
4934.987167
4934.987167
4934.987167
4934.987167
4934.987167
4934.987167
4934.987167
4934.987167
4934.987167
4934.987167
4934.987167
4934.987167
4934.987167
4934.987167
4934.987167
4934.987167
4934.987167
4934.987167
4934.987167
4934.987167
4934.987167
4934.987167
4934.987167
4934.987167
4934.987167
4934.987167
4934.987167
4934.987167
4934.987167
4934.987167
4934.987167
4934.987167
4934.987167
4934.987167
4934.987167
4934.987167
4934.987167
4934.987167
4934.987167
4934.987167
4934.987167
4934.987167
4934.987167
4934.987167
4934.987167
4934.987167
4934.987167
4934.987167
4934.987167
4934.987167
4934.987167
4934.987167
4934.987167
4934.987167
4934.987167
4934.987167
4934.987167
4934.987167
4934.987167
4934.987167
4934.987167
4934.987167
4934.987167
4934.987167
4934.987167
4934.987167
4934.987167
4934.987167
4934.987167
4934.987167
4934.987167
4934.987167
4934.987167
4934.987167
4934.987167
4934.987167
4934.987167
4934.987167
4934.987167
4934.987167
4934.987167
4934.987167
4934.987167
4916.946583
4916.946583
4916.946583
4916.946583
4916.946583
4916.946583
4916.946583
4916.946583
4916.946583
4916.946583
4916.946583
4901.184046
4901.184046
4901.184046
4901.184046
4901.184046
4901.184046
4901.184046
4901.184046
4901.184046
4901.184046
4901.184046
4901.184046
4901.184046
4901.184046
4901.184046
4901.184046
4901.184046
4901.184046
4901.184046
4901.184046
4901.184046
4901.184046
4901.184046
4901.184046
4901.184046
4901.184046
4901.184046
4901.184046
4901.184046
4901.184046
4901.184046
4901.184046
4901.184046
4901.184046
4901.184046
4901.184046
4901.184046
4901.184046
4901.184046
4901.184046
4901.184046
4901.184046
4901.184046
4901.184046
4901.184046
4901.184046
4901.184046
4901.184046
4901.184046
4901.184046
4901.184046
4901.184046
4901.184046
4901.184046
4901.184046
4901.184046
4901.184046
4901.184046
4901.184046
4901.184046
4901.184046
4901.184046
4901.184046
4901.184046
4901.184046
4901.184046
4901.184046
4901.184046
4901.184046
4901.184046
4901.184046
4901.184046
4901.184046
4901.184046
4901.184046
4901.184046
4901.184046
4901.184046
4901.184046
4901.184046
4901.184046
4901.184046
4901.184046
4901.184046
4901.184046
4901.184046
4901.184046
4901.184046
4901.184046
4901.184046
4901.184046
4901.184046
4901.184046
4901.184046
4901.184046
4901.184046
4901.184046
4901.184046
4901.184046
4901.184046
4901.184046
4901.184046
4901.184046
4901.184046
4901.184046
4901.184046
4901.184046
4901.184046
4901.184046
4901.184046
4901.184046
4901.184046
4901.184046
4901.184046
4901.184046
4901.184046
4901.184046
4901.184046
4901.184046
4901.184046
4901.184046
4901.184046
4901.184046
4901.184046
4901.184046
4901.184046
4901.184046
4901.184046
4901.184046
4901.184046
4901.184046
4901.184046
4901.184046
4901.184046
4901.184046
4901.184046
4901.184046
4901.184046
4901.184046
4901.184046
4901.184046
4901.184046
4901.184046
4901.184046
4901.184046
4901.184046
4901.184046
4901.184046
4901.184046
4901.184046
4901.184046
4901.184046
4901.184046
4901.184046
4901.184046
4901.184046
4901.184046
4901.184046
4901.184046
4901.184046
4901.184046
4901.184046
4901.184046
4901.184046
4851.583858
4851.583858
4851.583858
4851.583858
4851.583858
4851.583858
4851.583858
4851.583858
4851.583858
4851.583858
4851.583858
4851.583858
4851.583858
4851.583858
4851.583858
4851.583858
4851.583858
4851.583858
4851.583858
4851.583858
4851.583858
4851.583858
4851.583858
4851.583858
4851.583858
4851.583858
4851.583858
4851.583858
4851.583858
4851.583858
4851.583858
4851.583858
4851.583858
4851.583858
4851.583858
4851.583858
4851.583858
4851.583858
4851.583858
4851.583858
4851.583858
4851.583858
4851.583858
4851.583858
4851.583858
4851.583858
4851.583858
4851.583858
4851.583858
4851.583858
4851.583858
4851.583858
4851.583858
4851.583858
4851.583858
4851.583858
4851.583858
4851.583858
4851.583858
4851.583858
4851.583858
4820.808012
4820.808012
4820.808012
4820.808012
4820.808012
4820.808012
4820.808012
4820.808012
4820.808012
4820.808012
4820.808012
4820.808012
4820.808012
4820.808012
4820.808012
4820.808012
4820.808012
4820.808012
4820.808012
4820.808012
4820.808012
4820.808012
4820.808012
4820.808012
4820.808012
4820.808012
4820.808012
4820.808012
4820.808012
4820.808012
4820.808012
4820.808012
4820.808012
4820.808012
4820.808012
4820.808012
4820.808012
4820.808012
4820.808012
4820.808012
4820.808012
4820.808012
4820.808012
4820.808012
4820.808012
4820.808012
4820.808012
4820.808012
4820.808012
4820.808012
4820.808012
4820.808012
4820.808012
4820.808012
4820.808012
4820.808012
4820.808012
4820.808012
4820.808012
4820.808012
4820.808012
4820.808012
4820.808012
4820.808012
4820.808012
4820.808012
4820.808012
4820.808012
4820.808012
4820.808012
4820.808012
4820.808012
4820.808012
4820.808012
4820.808012
4820.808012
4820.808012
4820.808012
4820.808012
4820.808012
4820.808012
4820.808012
4820.808012
4820.808012
4820.808012
4820.808012
4820.808012
4820.808012
4820.808012
4820.808012
4820.808012
4820.808012
4820.808012
4820.808012
4802.188220
4802.188220
4802.188220
4802.188220
4802.188220
4802.188220
4802.188220
4802.188220
4802.188220
4802.188220
4802.188220
4802.188220
4802.188220
4802.188220
4802.188220
4802.188220
4802.188220
4802.188220
4802.188220
4802.188220
4802.188220
4802.188220
4802.188220
4802.188220
4802.188220
4802.188220
4802.188220
4802.188220
4802.188220
4802.188220
4802.188220
4802.188220
4802.188220
4802.188220
4802.188220
4802.188220
4802.188220
4802.188220
4802.188220
4802.188220
4802.188220
4802.188220
4802.188220
4802.188220
4802.188220
4802.188220
4802.188220
4802.188220
4802.188220
4802.188220
4802.188220
4802.188220
4802.188220
4802.188220
4802.188220
4802.188220
4802.188220
4802.188220
4802.188220
4802.188220
4802.188220
4802.188220
4802.188220
4802.188220
4758.940616
4758.940616
4758.940616
4758.940616
4758.940616
4758.940616
4758.940616
4758.940616
4758.940616
4758.940616
4758.940616
4758.940616
4758.940616
4758.940616
4758.940616
4758.940616
4758.940616
4758.940616
4758.940616
4758.940616
4758.940616
4758.940616
4758.940616
4758.940616
4758.940616
4758.940616
4758.940616
4758.940616
4758.940616
4758.940616
4758.940616
4758.940616
4758.940616
4758.940616
4758.940616
4758.940616
4758.940616
4758.940616
4758.940616
4758.940616
4758.940616
4758.940616
4758.940616
4758.940616
4758.940616
4758.940616
4758.940616
4758.940616
4758.940616
4758.940616
4758.940616
4758.940616
4758.940616
4758.940616
4758.940616
4758.940616
4758.940616
4758.940616
4758.940616
4758.940616
4758.940616
4758.940616
4758.940616
4758.940616
4758.940616
4758.940616
4758.940616
4758.940616
4758.940616
4758.940616
4758.940616
4758.940616
4758.940616
4758.940616
4758.940616
4758.940616
4758.940616
4758.940616
4758.940616
4758.940616
4758.940616
4758.940616
4758.940616
4758.940616
4758.940616
4758.940616
4758.940616
4758.940616
4758.940616
4758.940616
4758.940616
4758.940616
4758.940616
4758.940616
4758.940616
4758.940616
4758.940616
4758.940616
4758.940616
4758.940616
4758.940616
4758.940616
4758.940616
4758.940616
4758.940616
4758.940616
4758.940616
4758.940616
4758.940616
4758.940616
4758.940616
4758.940616
4758.940616
4758.940616
4758.940616
4758.940616
4758.940616
4758.940616
4758.940616
4758.940616
4758.940616
4758.940616
4758.940616
4758.940616
4758.940616
4758.940616
4758.940616
4758.940616
4758.940616
4758.940616
4758.940616
4758.940616
4758.940616
4758.940616
4758.940616
4758.940616
4757.099593
4757.099593
4757.099593
4757.099593
4757.099593
4757.099593
4757.099593
4757.099593
4757.099593
4757.099593
4757.099593
4757.099593
4757.099593
4757.099593
4757.099593
4757.099593
4757.099593
4757.099593
4757.099593
4757.099593
4757.099593
4757.099593
4757.099593
4757.099593
4757.099593
4757.099593
4757.099593
4757.099593
4757.099593
4757.099593
4757.099593
4757.099593
4757.099593
4757.099593
4757.099593
4757.099593
4757.099593
4757.099593
4757.099593
4757.099593
4757.099593
4757.099593
4757.099593
4757.099593
4757.099593
4757.099593
4757.099593
4757.099593
4757.099593
4757.099593
4757.099593
4757.099593
4757.099593
4757.099593
4757.099593
4757.099593
4757.099593
4757.099593
4757.099593
4757.099593
4757.099593
4757.099593
4757.099593
4757.099593
4735.380160
4735.380160
4735.380160
4735.380160
4735.380160
4735.380160
4735.380160
4735.380160
4735.380160
4735.380160
4735.380160
4735.380160
4735.380160
4735.380160
4735.380160
4735.380160
4735.380160
4735.380160
4735.380160
4735.380160
4735.380160
4735.380160
4735.380160
4735.380160
4735.380160
4735.380160
4735.380160
4735.380160
4735.380160
4735.380160
4735.380160
4735.380160
4735.380160
4735.380160
4735.380160
4735.380160
4735.380160
4735.380160
4735.380160
4735.380160
4735.380160
4735.380160
4735.380160
4735.380160
4735.380160
4735.380160
4735.380160
4735.380160
4735.380160
4735.380160
4735.380160
4735.380160
4735.380160
4735.380160
4735.380160
4735.380160
4735.380160
4735.380160
4735.380160
4735.380160
4735.380160
4735.380160
4735.380160
4735.380160
4735.380160
4735.380160
4735.380160
4735.380160
4735.380160
4735.380160
4735.380160
4735.380160
4735.380160
4735.380160
4735.380160
4735.380160
4735.380160
4735.380160
4735.380160
4735.380160
4735.380160
4735.380160
4735.380160
4735.380160
4735.380160
4735.380160
4735.380160
4735.380160
4735.380160
4735.380160
4735.380160
4735.380160
4735.380160
4735.380160
4735.380160
4735.380160
4735.380160
4735.380160
4735.380160
4735.380160
4735.380160
4735.380160
4735.380160
4735.380160
4735.380160
4735.380160
4735.380160
4735.380160
4735.380160
4735.380160
4735.380160
4735.380160
4735.380160
4735.380160
4735.380160
4735.380160
4735.380160
4735.380160
4735.380160
4735.380160
4735.380160
4735.380160
4735.380160
4735.380160
4735.380160
4735.380160
4735.380160
4735.380160
4735.380160
4735.380160
4735.380160
4735.380160
4735.380160
4735.380160
4735.380160
4735.380160
4735.380160
4735.380160
4735.380160
4735.380160
4735.380160
4735.380160
4735.380160
4735.380160
4735.380160
4735.380160
4735.380160
4735.380160
4735.380160
4735.380160
4735.380160
4735.380160
4735.380160
4735.380160
4735.380160
4735.380160
4735.380160
4735.380160
4735.380160
4735.380160
4735.380160
4735.380160
4735.380160
4735.380160
4735.380160
4735.380160
4735.380160
4735.380160
4735.380160
4735.380160
4735.380160
4735.380160
4735.380160
4735.380160
4735.380160
4735.380160
4735.380160
4735.380160
4735.380160
4735.380160
4735.380160
4735.380160
4735.380160
4735.380160
4735.380160
4735.380160
4735.380160
4735.380160
4735.380160
4735.380160
4735.380160
4735.380160
4735.380160
4735.380160
4735.380160
4735.380160
4735.380160
4735.380160
4735.380160
4735.380160
4735.380160
4735.380160
4735.380160
4735.380160
4735.380160
4735.380160
4735.380160
4735.380160
4735.380160
4735.380160
4714.366915
4714.366915
4714.366915
4714.366915
4714.366915
4714.366915
4714.366915
4714.366915
4714.366915
4714.366915
4714.366915
4714.366915
4714.366915
4714.366915
4714.366915
4714.366915
4714.366915
4714.366915
4714.366915
4714.366915
4714.366915
4714.366915
4714.366915
4714.366915
4714.366915
4714.366915
4714.366915
4714.366915
4714.366915
4714.366915
4714.366915
4714.366915
4714.366915
4714.366915
4714.366915
4714.366915
4714.366915
4714.366915
4714.366915
4714.366915
4714.366915
4714.366915
4714.366915
4714.366915
4714.366915
4714.366915
4714.366915
4714.366915
4714.366915
4714.366915
4714.366915
4714.366915
4714.366915
4714.366915
4714.366915
4714.366915
4714.366915
4714.366915
4714.366915
4714.366915
4714.366915
4714.366915
4714.366915
4714.366915
4714.366915
4714.366915
4714.366915
4714.366915
4714.366915
4714.366915
4714.366915
4714.366915
4714.366915
4714.366915
4714.366915
4714.366915
4714.366915
4714.366915
4714.366915
4714.366915
4714.366915
4714.366915
4714.366915
4714.366915
4714.366915
4714.366915
4714.366915
4714.366915
4714.366915
4714.366915
4714.366915
4714.366915
4714.366915
4714.366915
4714.366915
4714.366915
4714.366915
4714.366915
4714.366915
4714.366915
4714.366915
4714.366915
4714.366915
4714.366915
4714.366915
4714.366915
4714.366915
4714.366915
4714.366915
4714.366915
4714.366915
4714.366915
4714.366915
4714.366915
4714.366915
4714.366915
4714.366915
4714.366915
4714.366915
4714.366915
4714.366915
4714.366915
4714.366915
4714.366915
4714.366915
4714.366915
4714.366915
4714.366915
4714.366915
4714.366915
4714.366915
4714.366915
4714.366915
4714.366915
4714.366915
4714.366915
4714.366915
4714.366915
4714.366915
4714.366915
4714.366915
4714.366915
4714.366915
4714.366915
4714.366915
4714.366915
4714.366915
4714.366915
4714.366915
4714.366915
4714.366915
4714.366915
4714.366915
4714.366915
4714.366915
4714.366915
4714.366915
4714.366915
4714.366915
4714.366915
4714.366915
4714.366915
4714.366915
4714.366915
4714.366915
4714.366915
4714.366915
4714.366915
4714.366915
4714.366915
4705.113106
4705.113106
4705.113106
4705.113106
4705.113106
4705.113106
4705.113106
4705.113106
4705.113106
4705.113106
4705.113106
4705.113106
4705.113106
4705.113106
4705.113106
4701.718658
4701.718658
4701.718658
4701.718658
4701.718658
4701.718658
4701.718658
4701.718658
4701.718658
4701.718658
4701.718658
4701.718658
4701.718658
4701.718658
4701.718658
4701.718658
4701.718658
4701.718658
4701.718658
4701.718658
4701.718658
4701.718658
4701.718658
4701.718658
4701.718658
4701.718658
4701.718658
4701.718658
4701.718658
4680.267337
4680.267337
4680.267337
4680.267337
4680.267337
4680.267337
4680.267337
4680.267337
4680.267337
4680.267337
4680.267337
4680.267337
4680.267337
4680.267337
4680.267337
4680.267337
4680.267337
4680.267337
4680.267337
4680.267337
4680.267337
4680.267337
4680.267337
4680.267337
4680.267337
4680.267337
4680.267337
4680.267337
4680.267337
4680.267337
4680.267337
4680.267337
4680.267337
4680.267337
4680.267337
4680.267337
4680.267337
4680.267337
4680.267337
4680.267337
4680.267337
4680.267337
4680.267337
4680.267337
4680.267337
4680.267337
4680.267337
4680.267337
4680.267337
4680.267337
4680.267337
4680.267337
4680.267337
4680.267337
4680.267337
4680.267337
4680.267337
4680.267337
4680.267337
4680.267337
4680.267337
4680.267337
4680.267337
4680.267337
4680.267337
4680.267337
4680.267337
4680.267337
4680.267337
4680.267337
4680.267337
4680.267337
4680.267337
4680.267337
4680.267337
4680.267337
4680.267337
4680.267337
4680.267337
4680.267337
4680.267337
4680.267337
4680.267337
4680.267337
4680.267337
4680.267337
4680.267337
4680.267337
4680.267337
4680.267337
4680.267337
4680.267337
4680.267337
4680.267337
4680.267337
4680.267337
4680.267337
4680.267337
4680.267337
4680.267337
4680.267337
4680.267337
4680.267337
4680.267337
4680.267337
4680.267337
4680.267337
4680.267337
4680.267337
4680.267337
4680.267337
4680.267337
4680.267337
4680.267337
4680.267337
4680.267337
4680.267337
4680.267337
4680.267337
4680.267337
4680.267337
4680.267337
4680.267337
4680.267337
4680.267337
4680.267337
4680.267337
4680.267337
4680.267337
4680.267337
4680.267337
4680.267337
4680.267337
4680.267337
4680.267337
4680.267337
4680.267337
4680.267337
4680.267337
4680.267337
4680.267337
4680.267337
4680.267337
4680.267337
4680.267337
4680.267337
4680.267337
4680.267337
4680.267337
4680.267337
4680.267337
4680.267337
4680.267337
4680.267337
4680.267337
4680.267337
4680.267337
4680.267337
4680.267337
4680.267337
4680.267337
4680.267337
4680.267337
4680.267337
4680.267337
4680.267337
4680.267337
4680.267337
4680.267337
4680.267337
4680.267337
4680.267337
4680.267337
4680.267337
4680.267337
4680.267337
4680.267337
4680.267337
4680.267337
4680.267337
4680.267337
4680.267337
4680.267337
4680.267337
4680.267337
4680.267337
4680.267337
4680.267337
4680.267337
4680.267337
4680.267337
4680.267337
4680.267337
4680.267337
4680.267337
4680.267337
4680.267337
4680.267337
4680.267337
4680.267337
4680.267337
4680.267337
4680.267337
4680.267337
4680.267337
4680.267337
4680.267337
4680.267337
4680.267337
4680.267337
4680.267337
4680.267337
4680.267337
4680.267337
4680.267337
4680.267337
4680.267337
4680.267337
4680.267337
4680.267337
4680.267337
4680.267337
4680.267337
4680.267337
4680.267337
4680.267337
4680.267337
4680.267337
4680.267337
4680.267337
4680.267337
4680.267337
4680.267337
4680.267337
4680.267337
4680.267337
4680.267337
4680.267337
4680.267337
4680.267337
4680.267337
4680.267337
4680.267337
4680.267337
4680.267337
4680.267337
4680.267337
4680.267337
4680.267337
4680.267337
4680.267337
4680.267337
4680.267337
4680.267337
4680.267337
4680.267337
4680.267337
4680.267337
4680.267337
4680.267337
4680.267337
4678.190160
4678.190160
4678.190160
4678.190160
4678.190160
4678.190160
4678.190160
4678.190160
4678.190160
4678.190160
4678.190160
4678.190160
4678.190160
4678.190160
4678.190160
4678.190160
4678.190160
4678.190160
4678.190160
4678.190160
4678.190160
4678.190160
4678.190160
4678.190160
4678.190160
4678.190160
4678.190160
4678.190160
4678.190160
4678.190160
4678.190160
4678.190160
4678.190160
4678.190160
4678.190160
4678.190160
4678.190160
4677.872425
4677.872425
4677.872425
4677.872425
4677.872425
4677.872425
4677.872425
4677.872425
4677.872425
4677.872425
4677.872425
4677.872425
4677.872425
4677.872425
4677.872425
4677.872425
4677.872425
4677.872425
4677.872425
4677.872425
4677.872425
4677.872425
4677.872425
4677.872425
4677.872425
4677.872425
4677.872425
4677.872425
4677.872425
4677.872425
4677.872425
4677.872425
4677.872425
4677.872425
4677.872425
4677.872425
4657.505910
4657.505910
4657.505910
4657.505910
4657.505910
4657.505910
4657.505910
4657.505910
4657.505910
4657.505910
4657.505910
4657.505910
4657.505910
4657.505910
4657.505910
4657.505910
4657.505910
4657.505910
4657.505910
4657.505910
4657.505910
4657.505910
4657.505910
4657.505910
4657.505910
4657.505910
4657.505910
4657.505910
4657.505910
4649.705593
4649.705593
4649.705593
4649.705593
4649.705593
4649.705593
4649.705593
4649.705593
4649.705593
4649.705593
4649.705593
4649.705593
4649.705593
4649.705593
4649.705593
4649.705593
4649.705593
4649.705593
4649.705593
4649.705593
4649.705593
4649.705593
4649.705593
4649.705593
4649.705593
4649.705593
4649.705593
4649.705593
4649.705593
4649.705593
4649.705593
4649.705593
4649.705593
4649.705593
4649.705593
4649.705593
4649.705593
4649.705593
4649.705593
4649.705593
4649.705593
4649.705593
4649.705593
4649.705593
4649.705593
4649.705593
4649.705593
4649.705593
4649.705593
4649.705593
4649.705593
4649.705593
4649.705593
4649.705593
4649.705593
4649.705593
4649.705593
4649.705593
4649.705593
4649.705593
4649.705593
4649.705593
4649.705593
4649.705593
4649.705593
4649.705593
4649.705593
4649.705593
4649.705593
4649.705593
4649.705593
4649.705593
4649.705593
4649.705593
4649.705593
4649.705593
4649.705593
4649.705593
4649.705593
4649.705593
4649.705593
4649.705593
4649.705593
4649.705593
4649.705593
4649.705593
4649.705593
4649.705593
4649.705593
4649.705593
4649.705593
4649.705593
4642.635606
4642.635606
4642.635606
4642.635606
4642.635606
4642.635606
4642.635606
4642.635606
4642.635606
4642.635606
4642.635606
4642.635606
4642.635606
4642.635606
4642.635606
4642.635606
4642.635606
4642.635606
4642.265253
4642.265253
4642.265253
4642.265253
4642.265253
4642.265253
4642.265253
4642.265253
4642.265253
4642.265253
4642.265253
4642.265253
4642.265253
4642.265253
4642.265253
4642.265253
4642.265253
4642.265253
4642.265253
4642.265253
4642.265253
4642.265253
4642.265253
4642.265253
4642.265253
4642.265253
4642.265253
4642.265253
4642.265253
4642.265253
4642.265253
4642.265253
4642.265253
4642.265253
4642.265253
4642.265253
4642.265253
4642.265253
4642.265253
4642.265253
4642.265253
4642.265253
4642.265253
4642.265253
4642.265253
4642.265253
4642.265253
4642.265253
4642.265253
4642.265253
4642.265253
4642.265253
4642.265253
4642.265253
4642.265253
4642.265253
4642.265253
4642.265253
4642.265253
4642.265253
4642.265253
4642.265253
4642.265253
4642.265253
4642.265253
4642.265253
4642.265253
4642.265253
4642.265253
4642.265253
4642.265253
4642.265253
4642.265253
4642.265253
4642.265253
4642.265253
4642.265253
4642.265253
4642.265253
4642.265253
4642.265253
4642.265253
4642.265253
4642.265253
4642.265253
4642.265253
4642.265253
4642.265253
4642.265253
4642.265253
4642.265253
4642.265253
4642.265253
4642.265253
4642.265253
4642.265253
4642.265253
4642.265253
4642.265253
4642.265253
4642.265253
4642.265253
4642.265253
4642.265253
4642.265253
4642.265253
4642.265253
4642.265253
4642.265253
4642.265253
4640.918485
4640.918485
4640.918485
4640.918485
4640.918485
4640.918485
4640.918485
4640.918485
4640.918485
4640.918485
4640.918485
4640.918485
4640.918485
4640.918485
4640.918485
4640.918485
4640.918485
4640.918485
4640.918485
4640.918485
4640.918485
4640.918485
4640.918485
4640.918485
4640.918485
4640.918485
4640.918485
4640.918485
4640.918485
4640.918485
4640.918485
4640.918485
4640.918485
4640.918485
4640.918485
4640.918485
4640.918485
4640.918485
4640.918485
4640.918485
4640.918485
4640.918485
4640.918485
4640.918485
4640.918485
4640.918485
4640.918485
4640.918485
4640.918485
4640.918485
4640.918485
4640.918485
4640.918485
4640.918485
4640.918485
4640.918485
4640.918485
4640.918485
4640.918485
4640.918485
4640.918485
4640.918485
4640.918485
4640.918485
4640.918485
4640.918485
4640.918485
4640.918485
4640.918485
4640.918485
4640.918485
4640.918485
4640.918485
4640.918485
4640.918485
4640.918485
4640.918485
4640.918485
4640.918485
4640.918485
4640.918485
4640.918485
4640.918485
4637.149123
4637.149123
4637.149123
4637.149123
4637.149123
4637.149123
4637.149123
4637.149123
4637.149123
4637.149123
4637.149123
4637.149123
4637.149123
4637.149123
4637.149123
4637.149123
4637.149123
4637.149123
4637.149123
4637.149123
4637.149123
4637.149123
4637.149123
4637.149123
4637.149123
4637.149123
4637.149123
4637.149123
4637.149123
4637.149123
4637.149123
4637.149123
4637.149123
4637.149123
4637.149123
4637.149123
4637.149123
4637.149123
4637.149123
4637.149123
4637.149123
4637.149123
4637.149123
4629.943570
4629.943570
4629.943570
4629.943570
4629.943570
4629.943570
4629.943570
4629.943570
4629.943570
4629.943570
4629.943570
4629.943570
4629.943570
4629.943570
4629.943570
4629.943570
4629.943570
4629.943570
4629.943570
4629.943570
4629.943570
4629.943570
4629.943570
4629.943570
4629.943570
4629.943570
4629.943570
4629.943570
4629.943570
4629.943570
4629.943570
4629.943570
4629.943570
4629.943570
4629.943570
4629.943570
4629.943570
4629.943570
4629.943570
4629.943570
4629.943570
4629.943570
4629.943570
4629.943570
4629.943570
4629.943570
4629.943570
4629.943570
4629.943570
4629.943570
4629.943570
4629.943570
4629.943570
4629.943570
4629.943570
4629.943570
4629.943570
4629.943570
4629.943570
4629.943570
4629.943570
4629.943570
4629.943570
4629.943570
4629.943570
4629.943570
4629.943570
4629.943570
4629.943570
4629.943570
4629.943570
4629.943570
4629.943570
4629.943570
4629.943570
4629.943570
4629.943570
4629.943570
4629.943570
4629.943570
4629.943570
4629.943570
4629.943570
4629.943570
4629.943570
4629.943570
4629.943570
4629.943570
4629.943570
4629.943570
4629.943570
4629.943570
4629.943570
4629.943570
4629.943570
4629.943570
4629.943570
4629.943570
4629.943570
4629.943570
4629.943570
4629.943570
4629.943570
4629.943570
4629.943570
4629.943570
4629.943570
4629.943570
4629.943570
4629.943570
4629.943570
4629.943570
4629.943570
4629.943570
4629.943570
4629.943570
4629.943570
4629.943570
4629.943570
4629.943570
4629.943570
4629.943570
4629.943570
4629.943570
4629.943570
4629.943570
4629.943570
4629.943570
4629.943570
4629.943570
4629.943570
4629.943570
4629.943570
4629.943570
4629.943570
4629.943570
4629.943570
4629.943570
4629.943570
4629.943570
4629.943570
4629.943570
4629.943570
4629.943570
4629.943570
4629.943570
4629.943570
4629.943570
4629.943570
4629.943570
4629.943570
4629.943570
4629.943570
4629.943570
4629.943570
4629.943570
4629.943570
4629.943570
4629.943570
4629.943570
4629.943570
4629.943570
4629.943570
4629.943570
4629.943570
4629.943570
4629.943570
4629.943570
4629.943570
4629.943570
4629.943570
4629.943570
4629.943570
4629.943570
4629.943570
4629.943570
4629.943570
4629.943570
4629.943570
4629.943570
4629.943570
4629.943570
4629.943570
4629.943570
4629.943570
4629.943570
4629.943570
4629.943570
4629.943570
4629.943570
4629.943570
4629.943570
4629.943570
4629.943570
4629.943570
4629.943570
4629.943570
4629.943570
4629.943570
4629.943570
4629.943570
4629.943570
4629.943570
4629.943570
4629.943570
4629.943570
4629.943570
4629.943570
4629.943570
4629.943570
4629.943570
4629.943570
4629.943570
4629.943570
4629.943570
4629.943570
4629.943570
4629.943570
4629.943570
4629.943570
4629.943570
4629.943570
4629.943570
4629.943570
4629.943570
4629.943570
4629.943570
4629.943570
4629.943570
4629.943570
4629.943570
4629.943570
4629.943570
4629.943570
4629.943570
4629.943570
4629.943570
4629.943570
4629.943570
4629.943570
4629.943570
4629.943570
4629.943570
4629.943570
4629.943570
4629.943570
4629.943570
4629.943570
4629.943570
4625.266887
4625.266887
4625.266887
4625.266887
4625.266887
4625.266887
4625.266887
4625.266887
4625.266887
4625.266887
4625.266887
4625.266887
4625.266887
4625.266887
4625.266887
4625.266887
4625.266887
4625.266887
4625.266887
4625.266887
4625.266887
4625.266887
4625.266887
4625.266887
4625.266887
4625.266887
4625.266887
4625.266887
4625.266887
4625.266887
4625.266887
4625.266887
4625.266887
4625.266887
4625.266887
4625.266887
4625.266887
4625.266887
4625.266887
4625.266887
4625.266887
4625.266887
4625.266887
4625.266887
4625.266887
4625.266887
4625.266887
4625.266887
4625.266887
4625.266887
4625.266887
4625.266887
4625.266887
4625.266887
4625.266887
4625.266887
4625.266887
4625.266887
4625.266887
4625.266887
4625.266887
4625.266887
4625.266887
4625.266887
4625.266887
4625.266887
4625.266887
4625.266887
4625.266887
4625.266887
4625.266887
4625.266887
4625.266887
4625.266887
4625.266887
4622.213648
4622.213648
4622.213648
4622.213648
4622.213648
4622.213648
4622.213648
4622.213648
4622.213648
4622.213648
4622.213648
4622.213648
4622.213648
4622.213648
4622.213648
4622.213648
4622.213648
4622.213648
4622.213648
4622.213648
4622.213648
4622.213648
4619.273259
4619.273259
4619.273259
4619.273259
4619.273259
4619.273259
4619.273259
4619.273259
4619.273259
4619.273259
4619.273259
4619.273259
4619.273259
4619.273259
4619.273259
4619.273259
4619.273259
4619.273259
4619.273259
4619.273259
4619.273259
4619.273259
4619.273259
4619.273259
4619.273259
4619.273259
4619.273259
4619.273259
4619.273259
4619.273259
4619.273259
4619.273259
4619.273259
4619.273259
4619.273259
4619.273259
4619.273259
4619.273259
4619.273259
4619.273259
4619.273259
4619.273259
4619.273259
4619.273259
4619.273259
4619.273259
4619.273259
4619.273259
4619.273259
4619.273259
4619.273259
4619.273259
4619.273259
4619.273259
4619.273259
4619.273259
4619.273259
4619.273259
4619.273259
4619.273259
4619.273259
4619.273259
4619.273259
4619.273259
4619.273259
4619.273259
4619.273259
4619.273259
4619.273259
4619.273259
4619.273259
4619.273259
4619.273259
4619.273259
4619.273259
4619.273259
4619.273259
4619.273259
4619.273259
4619.273259
4619.273259
4619.273259
4619.273259
4619.273259
4619.273259
4619.273259
4619.273259
4619.273259
4619.273259
4619.273259
4619.273259
4619.273259
4619.273259
4619.273259
4619.273259
4619.273259
4619.273259
4619.273259
4619.273259
4619.273259
4619.273259
4619.273259
4619.273259
4619.273259
4619.273259
4619.273259
4614.947887
4614.947887
4614.947887
4614.947887
4614.947887
4614.947887
4614.947887
4614.947887
4614.947887
4614.947887
4614.947887
4614.947887
4614.947887
4614.947887
4614.947887
4614.947887
4614.947887
4614.947887
4614.947887
4614.947887
4614.947887
4614.947887
4614.947887
4614.947887
4614.947887
4614.947887
4614.947887
4614.947887
4614.947887
4614.947887
4614.947887
4614.947887
4614.947887
4614.947887
4614.947887
4614.256056
4614.256056
4614.256056
4614.256056
4614.256056
4614.256056
4614.256056
4614.256056
4614.256056
4614.256056
4614.256056
4614.256056
4614.256056
4614.256056
4614.256056
4614.256056
4609.857641
4609.857641
4609.857641
4609.857641
4609.857641
4609.857641
4609.857641
4609.857641
4609.857641
4609.857641
4609.857641
4609.857641
4609.857641
4609.857641
4609.857641
4609.857641
4609.857641
4609.857641
4609.857641
4609.857641
4609.857641
4609.857641
4609.857641
4609.857641
4609.857641
4609.857641
4609.857641
4609.857641
4609.857641
4609.857641
4609.857641
4609.857641
4609.857641
4609.857641
4609.857641
4609.857641
4609.857641
4609.857641
4609.857641
4609.857641
4609.857641
4609.857641
4609.857641
4609.857641
4609.857641
4609.857641
4609.857641
4609.857641
4609.857641
4609.857641
4609.857641
4609.857641
4609.857641
4609.857641
4609.857641
4609.857641
4609.857641
4609.857641
4609.857641
4609.857641
4609.857641
4609.857641
4609.857641
4609.857641
4609.857641
4609.857641
4609.857641
4609.857641
4609.857641
4609.857641
4609.857641
4609.857641
4609.857641
4609.857641
4609.857641
4609.857641
4609.857641
4609.857641
4609.857641
4609.857641
4609.857641
4609.857641
4609.857641
4609.857641
4609.857641
4609.857641
4609.857641
4609.857641
4609.857641
4609.857641
4609.857641
4609.857641
4609.857641
4609.857641
4609.857641
4609.857641
4609.857641
4609.857641
4609.857641
4609.857641
4609.857641
4609.857641
4609.857641
4609.857641
4609.857641
4609.857641
4609.857641
4609.857641
4609.857641
4609.857641
4609.857641
4609.857641
4609.857641
4609.857641
4609.857641
4609.857641
4609.857641
4609.857641
4609.857641
4609.857641
4609.857641
4608.217107
4608.217107
4608.217107
4608.217107
4608.217107
4608.217107
4608.217107
4608.217107
4608.217107
4608.217107
4608.217107
4608.217107
4608.217107
4608.217107
4608.217107
4608.217107
4608.217107
4608.217107
4608.217107
4608.217107
4608.217107
4608.217107
4608.217107
4608.217107
4608.217107
4608.217107
4608.217107
4608.217107
4608.217107
4605.573711
4605.573711
4605.573711
4605.573711
4605.573711
4605.573711
4605.573711
4605.573711
4605.573711
4605.573711
4605.573711
4605.573711
4605.573711
4605.573711
4605.573711
4605.573711
4605.573711
4605.573711
4605.573711
4605.573711
4605.573711
4605.573711
4605.573711
4605.573711
4605.573711
4605.573711
4605.573711
4605.573711
4605.573711
4605.573711
4605.573711
4605.573711
4605.573711
4605.573711
4605.573711
4605.573711
4605.573711
4605.573711
4605.573711
4605.573711
4605.573711
4605.573711
4605.573711
4605.573711
4605.573711
4605.573711
4605.573711
4605.573711
4605.573711
4605.573711
4605.573711
4605.573711
4605.573711
4605.573711
4605.573711
4605.573711
4605.573711
4605.573711
4605.573711
4605.573711
4605.573711
4605.573711
4605.573711
4605.573711
4605.573711
4605.573711
4605.573711
4605.573711
4605.573711
4605.573711
4605.573711
4605.573711
4605.573711
4605.573711
4605.573711
4605.573711
4605.573711
4605.573711
4605.573711
4605.573711
4605.573711
4605.573711
4605.573711
4605.573711
4605.573711
4605.573711
4605.573711
4605.573711
4605.573711
4605.573711
4605.573711
4605.573711
4605.573711
4605.573711
4605.573711
4605.573711
4605.573711
4605.573711
4605.573711
4605.573711
4605.573711
4605.573711
4605.573711
4605.573711
4605.573711
4605.573711
4605.573711
4605.573711
4605.573711
4605.573711
4605.573711
4605.573711
4605.573711
4605.573711
4605.573711
4605.573711
4605.573711
4605.573711
4605.573711
4605.573711
4605.573711
4605.573711
4605.573711
4605.573711
4605.573711
4605.573711
4605.573711
4605.573711
4605.573711
4605.573711
4605.573711
4605.573711
4605.573711
4605.573711
4605.573711
4605.573711
4605.573711
4605.573711
4602.134269
4602.134269
4602.134269
4602.134269
4602.134269
4602.134269
4601.534107
4601.534107
4601.534107
4601.534107
4601.534107
4601.534107
4596.330628
4596.330628
4596.330628
4596.330628
4596.330628
4596.330628
4596.330628
4596.330628
4596.330628
4596.330628
4596.330628
4596.330628
4596.330628
4596.330628
4596.330628
4596.330628
4596.330628
4596.330628
4596.330628
4596.330628
4596.330628
4596.330628
4596.330628
4596.330628
4596.330628
4596.330628
4596.330628
4596.330628
4596.330628
4596.330628
4596.330628
4596.330628
4596.330628
4596.330628
4596.330628
4596.330628
4596.330628
4596.330628
4596.330628
4596.330628
4596.330628
4596.330628
4596.330628
4596.330628
4596.330628
4596.330628
4596.330628
4596.330628
4596.330628
4596.330628
4592.727538
4592.727538
4592.727538
4592.727538
4592.727538
4592.727538
4592.727538
4592.727538
4592.727538
4592.727538
4592.727538
4592.727538
4592.727538
4592.727538
4592.727538
4592.727538
4592.727538
4592.727538
4592.727538
4592.727538
4592.727538
4592.727538
4592.727538
4592.727538
4592.727538
4592.727538
4592.727538
4592.727538
4592.727538
4592.727538
4592.727538
4592.727538
4592.727538
4592.727538
4592.727538
4592.727538
4592.727538
4592.727538
4592.727538
4592.727538
4592.727538
4592.727538
4592.727538
4592.727538
4592.727538
4592.727538
4592.727538
4592.727538
4592.727538
4592.727538
4592.727538
4592.727538
4592.727538
4592.727538
4592.727538
4592.727538
4592.727538
4592.727538
4592.727538
4592.727538
4592.727538
4592.727538
4592.727538
4592.727538
4592.727538
4592.727538
4592.727538
4592.727538
4592.727538
4592.727538
4592.727538
4592.727538
4592.727538
4592.727538
4592.727538
4592.727538
4592.727538
4592.727538
4592.727538
4592.727538
4592.727538
4592.727538
4592.727538
4592.727538
4592.727538
4592.727538
4592.727538
4592.727538
4592.727538
4592.727538
4592.727538
4592.727538
4592.727538
4592.727538
4592.727538
4592.727538
4589.119308
4589.119308
4589.119308
4589.119308
4589.119308
4589.119308
4589.119308
4589.119308
4589.119308
4589.119308
4589.119308
4589.119308
4589.119308
4589.119308
4589.119308
4589.119308
4589.119308
4589.119308
4589.119308
4589.119308
4589.119308
4589.119308
4589.119308
4589.119308
4589.119308
4589.119308
4589.119308
4589.119308
4589.119308
4589.119308
4589.119308
4589.119308
4589.119308
4589.119308
4589.119308
4589.119308
4589.119308
4589.119308
4589.119308
4589.119308
4589.119308
4589.119308
4589.119308
4589.119308
4589.119308
4589.119308
4589.119308
4589.119308
4589.119308
4589.119308
4589.119308
4589.119308
4589.119308
4589.119308
4589.119308
4589.119308
4589.119308
4589.119308
4589.119308
4589.119308
4589.119308
4589.119308
4589.119308
4589.119308
4589.119308
4589.119308
4589.119308
4589.119308
4589.119308
4589.119308
4589.119308
4589.119308
4589.119308
4589.119308
4589.119308
4589.119308
4589.119308
4589.119308
4589.119308
4589.119308
4589.119308
4589.119308
4589.119308
4589.119308
4589.119308
4589.119308
4589.119308
4589.119308
4589.119308
4589.119308
4589.119308
4589.119308
4589.119308
4589.119308
4589.119308
4589.119308
4589.119308
4589.119308
4586.546266
4586.546266
4586.546266
4586.546266
4586.546266
4586.546266
4586.546266
4586.546266
4586.546266
4586.546266
4586.546266
4586.546266
4586.546266
4586.546266
4586.546266
4586.546266
4586.546266
4586.546266
4586.546266
4586.546266
4586.546266
4586.546266
4586.546266
4586.546266
4586.546266
4586.546266
4586.546266
4586.546266
4586.546266
4586.546266
4586.546266
4586.546266
4586.546266
4586.546266
4586.546266
4586.546266
4586.546266
4586.546266
4586.546266
4586.546266
4586.546266
4586.546266
4586.546266
4586.546266
4586.546266
4586.546266
4586.546266
4586.546266
4586.546266
4586.546266
4586.546266
4580.711589
4580.711589
4580.711589
4580.711589
4580.711589
4580.711589
4580.711589
4580.711589
4580.711589
4580.711589
4580.711589
4580.711589
4580.711589
4580.711589
4580.711589
4580.711589
4580.711589
4580.711589
4580.711589
4580.711589
4580.711589
4580.711589
4580.711589
4580.711589
4580.711589
4580.711589
4580.711589
4580.711589
4580.711589
4580.711589
4580.711589
4580.711589
4580.711589
4580.711589
4580.711589
4580.711589
4580.711589
4580.711589
4580.711589
4580.711589
4580.711589
4580.711589
4580.711589
4576.883869
4576.883869
4576.883869
4576.883869
4576.883869
4576.883869
4576.883869
4576.883869
4576.883869
4576.883869
4576.883869
4576.883869
4576.883869
4576.883869
4576.883869
4576.883869
4576.883869
4576.883869
4576.883869
4576.883869
4576.883869
4576.883869
4576.883869
4576.883869
4576.883869
4576.883869
4576.883869
4576.883869
4576.883869
4576.883869
4576.883869
4576.883869
4576.883869
4576.883869
4576.883869
4576.883869
4576.883869
4576.883869
4576.883869
4576.883869
4576.883869
4576.883869
4576.883869
4576.883869
4576.883869
4576.883869
4576.883869
4576.883869
4576.883869
4576.883869
4576.883869
4576.883869
4576.883869
4576.883869
4576.883869
4576.883869
4576.883869
4576.883869
4576.883869
4576.883869
4576.883869
4576.883869
4576.883869
4567.876471
4567.876471
4567.876471
4567.876471
4567.876471
4567.876471
4567.876471
4567.876471
4567.876471
4567.876471
4567.876471
4567.876471
4567.876471
4567.876471
4567.876471
4567.876471
4567.876471
4567.876471
4567.876471
4567.876471
4567.876471
4567.876471
4567.876471
4567.876471
4567.876471
4567.876471
4567.876471
4567.876471
4567.876471
4567.876471
4567.876471
4567.876471
4567.876471
4567.876471
4567.876471
4567.876471
4567.876471
4567.876471
4567.876471
4567.876471
4567.876471
4567.876471
4567.876471
4567.876471
4567.876471
4567.876471
4567.876471
4567.876471
4567.876471
4567.876471
4567.876471
4567.876471
4567.876471
4567.876471
4567.876471
4567.876471
4567.876471
4567.876471
4567.876471
4567.876471
4567.876471
4567.876471
4567.876471
4567.876471
4567.876471
4567.876471
4567.876471
4567.876471
4567.876471
4567.876471
4567.876471
4567.876471
4567.876471
4567.876471
4567.876471
4567.876471
4567.876471
4567.876471
4567.876471
4567.876471
4567.876471
4567.876471
4567.876471
4567.876471
4567.876471
4567.876471
4567.876471
4567.876471
4567.876471
4567.876471
4567.876471
4567.876471
4567.876471
4567.876471
4567.876471
4567.876471
4567.876471
4567.876471
4567.876471
4567.876471
4567.876471
4567.876471
4567.876471
4567.876471
4567.876471
4567.876471
4567.876471
4567.876471
4567.876471
4567.876471
4567.876471
4567.876471
4567.876471
4567.876471
4567.876471
4567.876471
4567.876471
4567.876471
4567.876471
4567.876471
4567.876471
4567.876471
4567.876471
4567.876471
4567.876471
4567.876471
4567.876471
4567.876471
4567.876471
4567.876471
4567.876471
4567.876471
4567.876471
4567.876471
4567.876471
4567.876471
4567.876471
4567.876471
4567.876471
4567.876471
4567.876471
4567.876471
4567.876471
4567.876471
4567.876471
4567.876471
4563.173945
4563.173945
4563.173945
4563.173945
4563.173945
4563.173945
4563.173945
4563.173945
4563.173945
4563.173945
4563.173945
4563.173945
4563.173945
4563.173945
4563.173945
4563.173945
4563.173945
4563.173945
4563.173945
4563.173945
4563.173945
4563.173945
4563.173945
4563.173945
4563.173945
4563.173945
4563.173945
4563.173945
4563.173945
4563.173945
4563.173945
4563.173945
4563.173945
4563.173945
4563.173945
4563.173945
4563.173945
4563.173945
4563.173945
4563.173945
4563.173945
4563.173945
4563.173945
4563.173945
4563.173945
4563.173945
4563.173945
4563.173945
4563.173945
4563.173945
4563.173945
4563.173945
4563.173945
4563.173945
4563.173945
4563.173945
4563.173945
4563.173945
4563.173945
4563.173945
4563.173945
4563.173945
4563.173945
4563.173945
4563.173945
4561.429428
4561.429428
4561.429428
4561.429428
4561.429428
4560.913436
4560.913436
4560.913436
4560.913436
4560.913436
4560.913436
4560.913436
4560.913436
4560.913436
4560.913436
4560.913436
4560.913436
4560.913436
4560.913436
4560.913436
4560.913436
4560.913436
4560.913436
4560.913436
4560.913436
4560.913436
4560.913436
4560.913436
4560.913436
4560.434403
4560.434403
4560.434403
4560.434403
4560.434403
4560.434403
4560.434403
4560.434403
4560.434403
4560.434403
4560.434403
4560.434403
4560.434403
4560.434403
4559.428608
4559.428608
4559.428608
4559.428608
4559.428608
4559.428608
4559.428608
4559.428608
4559.428608
4559.428608
4559.428608
4559.428608
4559.428608
4559.428608
4559.428608
4559.428608
4559.428608
4559.428608
4559.428608
4559.428608
4559.428608
4559.428608
4559.428608
4559.328472
4559.328472
4559.328472
4559.328472
4558.839789
4558.839789
4558.839789
4558.839789
4558.839789
4558.839789
4558.839789
4558.839789
4558.839789
4558.839789
4558.839789
4558.839789
4558.012936
4558.012936
4558.012936
4558.012936
4558.012936
4558.012936
4558.012936
4558.012936
4558.012936
4558.012936
4558.012936
4558.012936
4558.012936
4558.012936
4558.012936
4558.012936
4558.012936
4558.012936
4558.012936
4558.012936
4558.012936
4558.012936
4558.012936
4558.012936
4558.012936
4558.012936
4558.012936
4558.012936
4558.012936
4558.012936
4558.012936
4558.012936
4558.012936
4558.012936
4558.012936
4558.012936
4558.012936
4558.012936
4558.012936
4558.012936
4558.012936
4558.012936
4558.012936
4558.012936
4558.012936
4558.012936
4558.012936
4555.114080
4555.114080
4555.114080
4555.114080
4555.114080
4555.114080
4555.114080
4555.114080
4555.114080
4555.114080
4555.114080
4555.114080
4555.114080
4555.114080
4555.114080
4555.114080
4555.114080
4555.114080
4555.114080
4555.114080
4555.114080
4555.114080
4555.114080
4555.114080
4555.114080
4555.114080
4555.114080
4555.114080
4555.114080
4555.114080
4555.114080
4555.114080
4555.114080
4555.114080
4555.114080
4555.114080
4555.114080
4555.114080
4554.949846
4554.949846
4554.949846
4554.949846
4554.949846
4554.949846
4554.949846
4554.949846
4554.949846
4554.949846
4554.949846
4554.949846
4554.949846
4554.949846
4554.949846
4554.949846
4554.949846
4554.949846
4554.949846
4554.949846
4554.949846
4554.949846
4554.949846
4554.949846
4553.967555
4550.708969
4550.708969
4550.708969
4550.708969
4550.708969
4550.708969
4550.708969
4550.708969
4550.708969
4550.708969
4550.708969
4550.708969
4550.708969
4550.708969
4550.708969
4550.708969
4550.708969
4550.708969
4550.708969
4550.708969
4550.708969
4550.708969
4550.708969
4550.708969
4550.708969
4550.708969
4550.708969
4550.708969
4550.708969
4550.708969
4550.708969
4550.708969
4550.708969
4550.708969
4550.708969
4550.708969
4550.708969
4550.708969
4550.708969
4550.708969
4550.708969
4550.708969
4550.708969
4550.708969
4550.708969
4550.708969
4550.708969
4550.708969
4550.708969
4550.708969
4550.708969
4547.318464
4547.318464
4547.318464
4547.318464
4547.318464
4547.318464
4547.318464
4547.318464
4547.318464
4547.318464
4547.318464
4547.318464
4547.318464
4547.318464
4547.318464
4547.318464
4547.318464
4547.318464
4547.318464
4547.318464
4547.318464
4547.318464
4547.318464
4547.318464
4547.318464
4547.318464
4547.318464
4547.318464
4547.318464
4547.318464
4547.318464
4547.318464
4545.536444
4543.662613
4542.129558
4542.129558
4542.129558
4542.129558
4542.129558
4542.129558
4542.129558
4542.129558
4542.129558
4542.129558
4542.129558
4542.129558
4542.129558
4542.129558
4542.129558
4542.129558
4542.129558
4542.129558
4542.129558
4542.129558
4542.129558
4542.129558
4542.129558
4542.129558
4542.129558
4542.129558
4542.129558
4542.129558
4542.129558
4542.129558
4542.129558
4542.129558
4542.129558
4542.129558
4542.129558
4542.129558
4542.129558
4542.129558
4542.129558
4542.129558
4542.129558
4542.129558
4542.129558
4542.129558
4542.129558
4542.129558
4542.129558
4542.129558
4542.129558
4542.129558
4542.129558
4542.129558
4542.129558
4542.129558
4542.129558
4542.129558
4542.129558
4542.129558
4542.129558
4542.129558
4542.129558
4542.129558
4542.129558
4542.129558
4542.129558
4542.129558
4542.129558
4542.129558
4542.129558
4542.129558
4542.129558
4542.129558
4542.129558
4542.129558
4542.129558
4542.129558
4542.129558
4542.129558
4542.129558
4542.129558
4542.129558
4542.129558
4542.129558
4542.129558
4540.003824
4540.003824
4540.003824
4540.003824
4540.003824
4540.003824
4540.003824
4540.003824
4540.003824
4540.003824
4540.003824
4540.003824
4540.003824
4540.003824
4540.003824
4540.003824
4539.836875
4539.836875
4526.369679
4526.369679
4526.369679
4526.369679
4526.369679
4526.369679
4526.369679
4526.369679
4526.369679
4526.369679
4526.369679
4526.369679
4526.369679
4526.369679
4526.369679
4526.369679
4526.369679
4526.369679
4526.369679
4526.369679
4526.369679
4526.369679
4526.369679
4526.369679
4526.369679
4526.369679
4526.369679
4526.369679
4526.369679
4526.369679
4526.369679
4526.369679
4526.369679
4526.369679
4526.369679
4526.369679
4526.369679
4526.369679
4526.369679
4526.369679
4526.369679
4526.369679
4526.369679
4526.369679
4526.369679
4526.369679
4526.369679
4526.369679
4526.369679
4520.908174
4520.908174
4520.908174
4520.908174
4520.908174
4520.908174
4520.908174
4520.908174
4520.908174
4520.908174
4520.908174
4520.908174
4520.908174
4520.908174
4520.908174
4520.908174
4520.908174
4520.908174
4520.908174
4520.908174
4520.908174
4520.908174
4520.908174
4520.908174
4520.908174
4520.908174
4520.908174
4520.908174
4520.908174
4520.908174
4520.908174
4520.908174
4520.908174
4520.908174
4520.908174
4520.908174
4520.908174
4520.908174
4520.908174
4520.908174
4520.908174
4520.908174
4520.908174
4520.908174
4520.908174
4520.908174
4520.908174
4520.908174
4520.908174
4520.908174
4520.908174
4520.908174
4520.908174
4520.908174
4520.908174
4520.908174
4520.908174
4520.908174
4520.908174
4520.908174
4520.908174
4520.908174
4520.908174
4520.908174
4520.908174
4520.908174
4520.908174
4520.908174
4520.908174
4520.908174
4520.908174
4520.908174
4520.908174
4520.908174
4520.908174
4520.908174
4520.908174
4520.908174
4520.908174
4520.908174
4520.908174
4520.908174
4520.908174
4520.908174
4520.908174
4520.908174
4520.908174
4520.908174
4520.908174
4520.908174
4520.908174
4520.908174
4520.908174
4520.908174
4520.908174
4520.908174
4520.908174
4520.908174
4520.908174
4520.908174
4520.908174
4520.908174
4520.908174
4520.908174
4520.908174
4520.908174
4520.908174
4520.908174
4520.908174
4520.908174
4520.908174
4520.908174
4520.908174
4520.908174
4520.908174
4520.908174
4520.908174
4520.908174
4520.908174
4520.908174
4520.908174
4520.908174
4520.908174
4520.908174
4520.908174
4520.908174
4520.908174
4520.908174
4520.908174
4520.908174
4520.908174
4520.908174
4520.908174
4520.908174
4520.908174
4520.908174
4520.908174
4520.908174
4520.908174
4520.908174
4520.908174
4520.908174
4520.908174
4520.908174
4520.908174
4520.908174
4520.908174
4520.908174
4520.908174
4520.908174
4520.908174
4520.908174
4520.908174
4520.908174
4520.908174
4520.908174
4520.908174
4520.908174
4516.123662
4516.123662
4516.123662
4516.123662
4516.123662
4516.123662
4516.123662
4516.123662
4516.123662
4516.123662
4516.123662
4516.123662
4516.123662
4516.123662
4516.123662
4516.123662
4516.123662
4516.123662
4516.123662
4516.123662
4516.123662
4516.123662
4516.123662
4516.123662
4516.123662
4516.123662
4516.123662
4516.123662
4516.123662
4516.123662
4516.123662
4516.123662
4516.123662
4516.123662
4516.123662
4516.123662
4516.123662
4516.123662
4516.123662
4516.123662
4516.123662
4516.123662
4516.123662
4516.123662
4516.123662
4516.123662
4516.123662
4516.123662
4516.123662
4516.123662
4516.123662
4516.123662
4516.123662
4516.123662
4516.123662
4516.123662
4516.123662
4516.123662
4516.123662
4516.123662
4516.123662
4516.123662
4516.123662
4516.123662
4516.123662
4516.123662
4516.123662
4516.123662
4516.123662
4516.123662
4516.123662
4516.123662
4516.123662
4516.123662
4514.571378
4514.571378
4514.571378
4514.571378
4514.571378
4514.571378
4514.571378
4514.571378
4514.571378
4514.571378
4514.571378
4514.571378
4514.571378
4514.571378
4514.571378
4514.571378
4514.571378
4514.571378
4514.571378
4514.571378
4514.571378
4514.571378
4514.571378
4514.571378
4514.571378
4514.571378
4514.571378
4514.571378
4514.571378
4514.571378
4514.571378
4514.571378
4514.571378
4514.571378
4514.571378
4514.571378
4514.571378
4514.571378
4514.571378
4514.571378
4514.571378
4514.571378
4514.571378
4514.571378
4514.571378
4514.571378
4514.571378
4514.571378
4514.571378
4514.571378
4514.571378
4514.571378
4514.571378
4514.571378
4514.571378
4514.571378
4514.571378
4512.776966
4512.776966
4512.776966
4512.776966
4512.776966
4512.776966
4512.776966
4512.776966
4512.776966
4512.776966
4512.776966
4512.776966
4512.776966
4512.776966
4512.776966
4512.776966
4512.776966
4512.776966
4512.776966
4510.703521
4510.703521
4510.703521
4510.703521
4510.703521
4510.703521
4510.703521
4510.703521
4510.703521
4510.703521
4510.703521
4510.703521
4510.703521
4510.703521
4510.703521
4510.703521
4510.703521
4510.703521
4510.703521
4510.703521
4510.703521
4510.703521
4510.703521
4510.703521
4510.703521
4510.703521
4510.703521
4510.703521
4510.703521
4510.703521
4510.703521
4510.703521
4510.703521
4510.703521
4510.703521
4510.703521
4510.703521
4510.703521
4510.703521
4510.703521
4510.703521
4510.703521
4510.703521
4510.703521
4510.703521
4510.703521
4510.703521
4510.703521
4510.703521
4510.703521
4510.703521
4510.703521
4510.703521
4510.703521
4508.477524
4508.477524
4508.477524
4508.477524
4508.477524
4508.477524
4508.477524
4508.477524
4508.477524
4508.477524
4508.477524
4508.477524
4508.477524
4508.477524
4508.477524
4508.477524
4508.477524
4508.477524
4508.477524
4508.477524
4508.477524
4508.477524
4508.477524
4508.477524
4508.477524
4508.477524
4508.477524
4508.477524
4508.477524
4508.477524
4508.477524
4508.477524
4508.477524
4508.477524
4508.477524
4508.477524
4508.477524
4508.477524
4508.477524
4508.477524
4508.477524
4508.477524
4508.477524
4508.477524
4508.477524
4508.477524
4508.477524
4508.477524
4508.477524
4508.477524
4508.477524
4508.477524
4508.477524
4508.477524
4508.477524
4508.477524
4508.477524
4508.477524
4508.477524
4508.477524
4508.477524
4508.477524
4505.500258
4505.500258
4505.500258
4505.500258
4505.500258
4505.500258
4505.500258
4505.500258
4505.500258
4505.500258
4505.500258
4505.500258
4505.500258
4505.500258
4505.500258
4505.500258
4505.500258
4505.500258
4505.500258
4505.500258
4505.500258
4505.500258
4505.500258
4505.500258
4505.500258
4505.500258
4505.500258
4505.500258
4505.500258
4505.500258
4505.500258
4505.500258
4505.500258
4505.500258
4505.500258
4505.500258
4505.500258
4505.500258
4501.090587
4501.090587
4501.090587
4501.090587
4501.090587
4501.090587
4501.090587
4501.090587
4501.090587
4501.090587
4501.090587
4501.090587
4501.090587
4501.090587
4501.090587
4501.090587
4501.090587
4501.090587
4501.090587
4501.090587
4501.090587
4501.090587
4501.090587
4501.090587
4501.090587
4501.090587
4501.090587
4501.090587
4501.090587
4501.090587
4501.090587
4501.090587
4501.090587
4501.090587
4501.090587
4501.090587
4501.090587
4501.090587
4501.090587
4501.090587
4501.090587
4501.090587
4501.090587
4501.090587
4501.090587
4501.090587
4501.090587
4501.090587
4501.090587
4501.090587
4501.090587
4501.090587
4501.090587
4501.090587
4501.090587
4501.090587
4501.090587
4501.090587
4501.090587
4501.090587
4501.090587
4501.090587
4501.090587
4501.090587
4501.090587
4501.090587
4501.090587
4501.090587
4501.090587
4501.090587
4501.090587
4501.090587
4501.090587
4501.090587
4501.090587
4501.090587
4501.090587
4501.090587
4501.090587
4501.090587
4500.904240
4500.904240
4500.904240
4500.904240
4500.904240
4500.904240
4500.904240
4500.904240
4500.904240
4497.453312
4497.453312
4497.453312
4497.453312
4497.453312
4497.453312
4497.453312
4497.453312
4497.453312
4497.453312
4495.742980
4495.742980
4495.742980
4495.742980
4495.742980
4495.742980
4495.742980
4495.742980
4495.742980
4495.742980
4495.742980
4495.742980
4495.742980
4495.742980
4495.742980
4495.742980
4495.742980
4495.742980
4495.742980
4495.742980
4495.742980
4495.742980
4495.742980
4495.742980
4495.742980
4495.742980
4495.742980
4495.742980
4495.742980
4495.742980
4495.742980
4495.742980
4495.742980
4495.742980
4495.742980
4495.742980
4495.742980
4495.742980
4495.742980
4495.742980
4495.742980
4495.742980
4495.742980
4495.742980
4495.742980
4495.742980
4495.742980
4495.742980
4495.742980
4495.742980
4495.742980
4495.742980
4495.742980
4495.742980
4495.742980
4495.742980
4495.742980
4495.742980
4495.742980
4495.742980
4495.742980
4495.742980
4495.742980
4495.742980
4495.742980
4495.742980
4495.742980
4495.742980
4495.742980
4495.742980
4495.742980
4495.742980
4490.812967
4490.812967
4490.812967
4490.812967
4490.812967
4490.812967
4490.812967
4490.812967
4490.812967
4490.812967
4490.812967
4490.812967
4490.812967
4490.812967
4490.812967
4490.812967
4490.812967
4490.812967
4490.812967
4490.812967
4490.812967
4490.812967
4490.812967
4490.812967
4490.812967
4490.812967
4490.812967
4490.812967
4490.812967
4490.812967
4490.812967
4490.812967
4490.812967
4490.812967
4490.812967
4490.812967
4490.812967
4490.812967
4490.812967
4490.812967
4490.812967
4490.812967
4490.812967
4490.812967
4490.812967
4490.812967
4490.812967
4490.812967
4490.812967
4490.812967
4490.812967
4490.812967
4488.258607
4488.258607
4488.258607
4488.258607
4488.258607
4488.258607
4488.258607
4488.258607
4488.258607
4488.258607
4488.258607
4488.258607
4488.258607
4487.902766
4487.902766
4487.902766
4486.921740
4486.921740
4486.921740
4486.921740
4486.921740
4486.921740
4486.921740
4486.921740
4486.921740
4486.921740
4486.921740
4486.921740
4486.921740
4486.921740
4486.921740
4486.921740
4485.487396
4485.487396
4485.487396
4485.487396
4485.487396
4485.487396
4485.487396
4485.487396
4485.487396
4485.487396
4485.487396
4485.487396
4485.487396
4485.487396
4485.487396
4485.487396
4485.487396
4485.487396
4485.487396
4485.487396
4485.487396
4485.487396
4485.487396
4485.487396
4485.487396
4485.487396
4485.487396
4485.487396
4485.487396
4485.487396
4485.487396
4485.487396
4485.487396
4485.487396
4485.487396
4485.487396
4484.164446
4484.164446
4484.164446
4484.164446
4484.164446
4484.164446
4484.164446
4484.164446
4484.164446
4484.164446
4484.164446
4484.164446
4484.164446
4484.164446
4484.164446
4484.164446
4484.164446
4484.164446
4484.164446
4484.164446
4484.164446
4484.164446
4484.164446
4484.164446
4484.164446
4484.164446
4484.164446
4484.164446
4484.164446
4484.164446
4484.164446
4484.164446
4484.164446
4484.164446
4484.164446
4484.164446
4484.164446
4484.164446
4484.164446
4484.164446
4484.164446
4484.164446
4484.164446
4484.164446
4484.164446
4484.164446
4484.164446
4484.164446
4484.164446
4484.164446
4484.164446
4484.164446
4484.164446
4484.164446
4484.164446
4484.164446
4484.164446
4484.164446
4484.164446
4484.164446
4484.164446
4484.164446
4484.164446
4484.164446
4484.164446
4484.164446
4484.164446
4484.164446
4484.164446
4484.164446
4484.164446
4484.164446
4484.164446
4484.164446
4484.164446
4484.164446
4481.815812
4481.815812
4481.815812
4481.815812
4481.815812
4481.815812
4481.815812
4481.815812
4481.815812
4481.815812
4481.815812
4481.815812
4481.815812
4481.815812
4481.815812
4481.815812
4481.815812
4481.815812
4481.815812
4481.815812
4481.815812
4481.815812
4481.815812
4481.815812
4481.815812
4481.815812
4481.815812
4481.815812
4476.924616
4476.924616
4476.924616
4476.924616
4476.924616
4476.924616
4476.924616
4476.924616
4476.924616
4476.924616
4476.924616
4476.924616
4476.924616
4476.924616
4476.924616
4476.924616
4476.924616
4476.924616
4476.924616
4476.924616
4476.924616
4476.924616
4476.924616
4476.924616
4476.924616
4476.924616
4476.924616
4476.924616
4476.924616
4476.924616
4476.924616
4476.924616
4476.924616
4476.924616
4476.924616
4476.924616
4476.924616
4476.924616
4476.924616
4476.924616
4476.924616
4476.924616
4476.924616
4476.924616
4476.924616
4476.924616
4476.924616
4476.924616
4476.924616
4476.924616
4476.924616
4476.924616
4475.551846
4475.551846
4475.551846
4475.551846
4475.551846
4475.551846
4475.551846
4475.551846
4475.551846
4475.551846
4475.551846
4475.551846
4475.551846
4475.551846
4475.551846
4475.551846
4475.551846
4475.551846
4475.551846
4475.551846
4475.551846
4475.551846
4475.551846
4475.551846
4475.551846
4475.551846
4475.551846
4475.551846
4475.551846
4475.551846
4475.551846
4475.551846
4475.551846
4475.551846
4475.551846
4475.551846
4475.551846
4475.551846
4475.551846
4475.551846
4475.551846
4475.551846
4475.551846
4473.778655
4473.778655
4473.778655
4473.778655
4473.778655
4473.778655
4473.778655
4473.778655
4470.636661
4470.636661
4470.636661
4470.636661
4470.636661
4470.636661
4470.636661
4470.636661
4470.636661
4470.636661
4470.636661
4470.636661
4470.636661
4470.636661
4470.636661
4470.636661
4470.636661
4470.636661
4470.636661
4470.636661
4470.636661
4470.636661
4470.636661
4470.636661
4470.636661
4470.636661
4470.636661
4470.636661
4470.636661
4470.636661
4470.636661
4470.636661
4470.636661
4470.636661
4470.636661
4470.636661
4470.636661
4470.636661
4470.636661
4470.636661
4470.636661
4470.636661
4470.636661
4470.636661
4470.636661
4470.636661
4470.636661
4470.636661
4470.636661
4470.636661
4470.636661
4470.636661
4470.636661
4470.636661
4468.195557
4468.195557
4468.195557
4468.195557
4468.195557
4468.195557
4468.195557
4468.195557
4468.195557
4468.195557
4468.195557
4468.195557
4468.195557
4468.195557
4468.195557
4468.195557
4468.195557
4468.195557
4468.195557
4468.195557
4468.195557
4468.195557
4468.195557
4468.195557
4468.195557
4468.195557
4468.195557
4468.195557
4468.195557
4468.195557
4468.195557
4468.195557
4468.195557
4468.195557
4468.195557
4468.195557
4468.195557
4468.195557
4468.195557
4468.195557
4468.195557
4468.195557
4468.195557
4468.195557
4468.195557
4468.195557
4468.195557
4468.195557
4468.195557
4468.195557
4468.195557
4468.195557
4468.195557
4468.195557
4468.195557
4468.195557
4468.195557
4468.195557
4468.195557
4468.195557
4468.195557
4468.195557
4468.195557
4468.195557
4468.195557
4468.195557
4468.195557
4468.195557
4468.195557
4468.195557
4468.195557
4468.195557
4468.195557
4468.195557
4468.195557
4468.195557
4468.195557
4468.195557
4468.195557
4463.649465
4463.649465
4463.649465
4463.649465
4463.649465
4463.649465
4463.649465
4463.649465
4463.649465
4463.649465
4463.649465
4463.649465
4463.649465
4463.649465
4463.649465
4462.721878
4462.721878
4462.721878
4462.721878
4462.721878
4462.721878
4462.721878
4462.721878
4462.721878
4462.721878
4462.721878
4462.721878
4462.721878
4462.721878
4462.721878
4462.721878
4462.721878
4462.721878
4462.721878
4462.721878
4462.721878
4462.721878
4462.721878
4462.721878
4462.721878
4462.721878
4462.721878
4462.721878
4462.721878
4462.721878
4462.721878
4462.721878
4462.721878
4462.721878
4462.721878
4462.721878
4462.721878
4462.721878
4462.721878
4462.721878
4462.721878
4462.721878
4462.721878
4462.721878
4462.721878
4462.721878
4462.721878
4462.721878
4462.721878
4462.721878
4462.721878
4462.721878
4462.721878
4462.721878
4462.721878
4462.339450
4462.339450
4462.339450
4462.339450
4462.339450
4462.339450
4462.339450
4462.339450
4462.339450
4462.339450
4462.339450
4462.339450
4462.339450
4462.339450
4462.339450
4462.339450
4462.339450
4462.339450
4462.339450
4462.339450
4462.339450
4462.339450
4462.339450
4462.339450
4462.339450
4462.339450
4462.339450
4462.339450
4462.339450
4462.339450
4462.339450
4462.339450
4462.339450
4462.339450
4462.339450
4462.339450
4462.339450
4462.339450
4462.339450
4462.339450
4462.339450
4462.339450
4462.339450
4462.339450
4462.339450
4462.339450
4462.339450
4462.339450
4462.339450
4462.339450
4462.339450
4462.339450
4462.339450
4462.339450
4462.339450
4462.339450
4462.339450
4462.339450
4462.339450
4462.339450
4462.339450
4462.339450
4462.339450
4462.317954
4462.317954
4462.317954
4462.317954
4462.317954
4462.317954
4462.317954
4462.317954
4462.317954
4462.317954
4462.317954
4462.317954
4462.317954
4462.317954
4462.317954
4462.317954
4462.317954
4462.317954
4462.317954
4462.317954
4462.317954
4462.317954
4462.317954
4462.317954
4462.317954
4462.317954
4462.317954
4462.317954
4462.317954
4462.317954
4462.317954
4462.317954
4462.317954
4462.317954
4462.317954
4462.317954
4462.317954
4462.317954
4462.317954
4462.317954
4462.317954
4462.317954
4462.317954
4462.317954
4462.317954
4462.317954
4462.317954
4462.317954
4462.317954
4462.317954
4462.317954
4462.317954
4462.317954
4462.317954
4462.317954
4462.317954
4461.227416
4461.227416
4461.227416
4461.227416
4461.227416
4461.227416
4461.227416
4461.227416
4461.227416
4461.227416
4461.227416
4461.227416
4461.227416
4458.037993
4458.037993
4458.037993
4457.253531
4457.253531
4457.253531
4457.253531
4457.253531
4457.253531
4457.253531
4457.253531
4457.253531
4457.253531
4457.253531
4457.253531
4457.253531
4457.253531
4457.253531
4457.253531
4457.253531
4457.253531
4457.253531
4457.253531
4457.253531
4457.253531
4457.253531
4457.253531
4457.253531
4457.253531
4457.253531
4457.253531
4457.253531
4457.253531
4457.253531
4457.253531
4457.253531
4457.253531
4457.253531
4457.253531
4457.253531
4457.253531
4457.253531
4457.253531
4457.253531
4457.253531
4457.253531
4457.253531
4457.253531
4457.253531
4457.253531
4457.253531
4457.253531
4457.253531
4457.253531
4457.253531
4457.253531
4457.253531
4457.253531
4457.253531
4457.253531
4457.253531
4457.253531
4457.253531
4457.253531
4457.253531
4457.253531
4457.253531
4457.253531
4457.253531
4457.253531
4457.253531
4457.253531
4457.253531
4457.253531
4457.253531
4457.253531
4457.253531
4457.253531
4457.253531
4457.253531
4457.253531
4457.253531
4457.253531
4457.253531
4457.253531
4457.253531
4457.253531
4457.253531
4457.253531
4457.253531
4457.253531
4457.253531
4457.253531
4457.253531
4457.253531
4457.253531
4457.253531
4457.253531
4457.253531
4457.253531
4457.253531
4457.253531
4457.253531
4457.253531
4457.253531
4457.253531
4457.253531
4457.253531
4457.253531
4457.253531
4457.253531
4457.253531
4457.253531
4457.253531
4457.253531
4457.253531
4457.253531
4457.253531
4457.253531
4457.253531
4457.253531
4457.253531
4457.253531
4457.253531
4457.253531
4457.253531
4457.253531
4457.253531
4457.253531
4457.253531
4457.253531
4457.253531
4457.253531
4457.253531
4457.253531
4457.253531
4457.253531
4457.253531
4457.253531
4457.253531
4457.253531
4457.253531
4457.253531
4457.253531
4457.253531
4457.253531
4457.253531
4457.253531
4457.253531
4457.253531
4457.253531
4457.253531
4457.253531
4453.940811
4453.940811
4453.940811
4453.940811
4453.940811
4453.940811
4453.940811
4453.940811
4453.940811
4453.940811
4453.940811
4453.940811
4453.940811
4453.940811
4453.940811
4453.940811
4453.940811
4453.940811
4453.132516
4453.132516
4453.132516
4453.132516
4453.132516
4453.132516
4453.132516
4453.132516
4453.132516
4453.132516
4453.132516
4453.132516
4453.132516
4453.132516
4453.132516
4453.132516
4453.132516
4453.132516
4453.132516
4453.132516
4453.132516
4453.132516
4453.132516
4453.132516
4453.132516
4453.132516
4453.132516
4453.132516
4453.132516
4453.132516
4453.132516
4453.132516
4453.132516
4453.132516
4453.132516
4453.132516
4453.132516
4453.132516
4453.132516
4453.132516
4453.132516
4453.132516
4453.132516
4453.132516
4453.132516
4453.132516
4453.132516
4453.132516
4453.132516
4453.132516
4453.132516
4453.132516
4453.132516
4453.132516
4453.132516
4453.132516
4453.132516
4453.132516
4453.132516
4453.132516
4453.132516
4452.293041
4452.293041
4452.293041
4452.293041
4452.293041
4452.293041
4452.293041
4450.987887
4450.987887
4450.987887
4450.987887
4450.987887
4450.987887
4450.987887
4450.987887
4450.987887
4450.987887
4450.987887
4450.987887
4450.987887
4450.987887
4449.128016
4449.128016
4449.128016
4449.128016
4449.128016
4449.128016
4449.128016
4449.128016
4449.128016
4449.128016
4449.128016
4449.128016
4449.128016
4449.128016
4449.128016
4449.128016
4449.128016
4449.128016
4449.128016
4449.128016
4449.128016
4449.128016
4449.128016
4449.128016
4449.128016
4449.128016
4449.128016
4449.128016
4449.128016
4449.128016
4449.128016
4449.128016
4449.128016
4449.128016
4449.128016
4449.128016
4449.128016
4449.128016
4449.128016
4449.128016
4449.128016
4449.128016
4449.128016
4449.128016
4449.128016
4449.128016
4449.128016
4449.128016
4449.128016
4449.128016
4449.128016
4449.128016
4449.128016
4449.128016
4449.128016
4448.829340
4448.829340
4448.829340
4448.829340
4448.829340
4448.829340
4448.829340
4448.829340
4448.829340
4448.829340
4448.829340
4448.829340
4448.829340
4448.829340
4448.829340
4448.829340
4448.829340
4448.829340
4448.829340
4448.829340
4448.829340
4448.829340
4448.829340
4448.829340
4448.829340
4448.829340
4448.829340
4448.829340
4448.829340
4448.829340
4448.829340
4448.829340
4448.829340
4448.829340
4448.829340
4448.829340
4448.829340
4448.829340
4448.829340
4448.829340
4446.423304
4446.423304
4446.423304
4446.423304
4446.423304
4446.423304
4446.423304
4446.423304
4446.423304
4446.423304
4446.423304
4446.423304
4446.423304
4446.423304
4446.423304
4442.806404
4442.806404
4442.806404
4442.806404
4442.806404
4442.806404
4442.806404
4442.806404
4442.806404
4442.806404
4442.806404
4442.806404
4442.806404
4442.806404
4442.806404
4442.806404
4442.806404
4439.038834
4439.038834
4439.038834
4439.038834
4439.038834
4439.038834
4439.038834
4439.038834
4439.038834
4439.038834
4439.038834
4439.038834
4439.038834
4439.038834
4439.038834
4439.038834
4439.038834
4439.038834
4439.038834
4439.038834
4439.038834
4439.038834
4439.038834
4439.038834
4439.038834
4439.038834
4439.038834
4439.038834
4439.038834
4439.038834
4439.038834
4439.038834
4439.038834
4439.038834
4439.038834
4439.038834
4439.038834
4439.038834
4439.038834
4439.038834
4439.038834
4439.038834
4439.038834
4439.038834
4439.038834
4439.038834
4439.038834
4439.038834
4439.038834
4439.038834
4439.038834
4439.038834
4439.038834
4439.038834
4439.038834
4439.038834
4439.038834
4439.038834
4439.038834
4438.634123
4438.634123
4438.634123
4438.634123
4438.634123
4438.634123
4438.634123
4438.634123
4438.634123
4438.634123
4438.634123
4438.634123
4438.634123
4438.634123
4438.634123
4438.634123
4438.634123
4438.634123
4438.634123
4438.634123
4435.611384
4435.611384
4435.611384
4435.611384
4435.611384
4435.611384
4435.611384
4435.611384
4435.611384
4435.611384
4435.611384
4435.611384
4435.611384
4435.611384
4435.611384
4435.611384
4435.611384
4435.611384
4435.611384
4435.611384
4435.611384
4435.611384
4433.070957
4433.070957
4433.070957
4433.070957
4433.070957
4433.070957
4433.070957
4433.070957
4433.070957
4433.070957
4433.070957
4433.070957
4433.070957
4433.070957
4433.070957
4433.070957
4433.070957
4433.070957
4433.070957
4433.070957
4433.070957
4433.070957
4433.070957
4433.070957
4433.070957
4433.070957
4433.070957
4433.070957
4433.070957
4433.070957
4433.070957
4433.070957
4433.070957
4433.070957
4433.070957
4433.070957
4425.928815
4425.928815
4425.928815
4425.928815
4425.928815
4425.928815
4425.928815
4425.928815
4425.928815
4425.928815
4425.928815
4425.928815
4425.928815
4425.928815
4425.928815
4425.928815
4425.928815
4425.928815
4425.928815
4425.928815
4425.928815
4425.928815
4425.928815
4425.928815
4425.928815
4425.928815
4425.928815
4425.928815
4425.928815
4425.928815
4425.928815
4425.928815
4425.928815
4425.928815
4425.928815
4425.928815
4425.928815
4425.928815
4425.928815
4425.928815
4425.928815
4425.928815
4425.928815
4425.928815
4425.928815
4425.928815
4425.928815
4425.928815
4425.928815
4425.928815
4425.928815
4425.928815
4425.928815
4425.928815
4425.928815
4425.928815
4425.928815
4425.928815
4425.928815
4425.928815
4425.928815
4425.928815
4425.928815
4425.928815
4425.928815
4425.928815
4425.928815
4425.928815
4425.928815
4425.928815
4425.928815
4425.928815
4425.928815
4425.928815
4425.928815
4425.928815
4425.928815
4425.928815
4425.928815
4425.928815
4425.928815
4425.928815
4425.928815
4425.928815
4425.928815
4425.928815
4425.928815
4425.928815
4425.928815
4425.928815
4425.928815
4425.928815
4425.928815
4425.928815
4425.928815
4425.928815
4425.928815
4425.928815
4425.928815
4425.928815
4425.928815
4425.928815
4425.928815
4425.928815
4425.928815
4425.928815
4425.928815
4425.928815
4425.928815
4425.928815
4425.928815
4425.928815
4425.928815
4425.928815
4425.928815
4425.928815
4425.928815
4425.928815
4425.928815
4425.928815
4425.928815
4425.928815
4425.928815
4425.928815
4425.928815
4425.928815
4425.928815
4425.928815
4425.928815
4425.928815
4425.928815
4425.928815
4425.928815
4425.928815
4425.928815
4425.928815
4425.928815
4425.928815
4421.263401
4421.263401
4421.263401
4421.263401
4421.263401
4421.263401
4421.263401
4421.263401
4421.263401
4421.263401
4421.263401
4421.263401
4421.263401
4421.263401
4421.263401
4421.263401
4421.263401
4421.263401
4421.263401
4421.263401
4421.263401
4421.263401
4421.263401
4421.263401
4421.263401
4421.263401
4421.263401
4421.263401
4421.263401
4421.263401
4421.263401
4421.263401
4421.263401
4421.263401
4421.263401
4421.263401
4421.263401
4421.263401
4421.263401
4421.263401
4421.263401
4421.263401
4421.263401
4421.263401
4421.263401
4421.263401
4421.263401
4421.263401
4421.263401
4421.263401
4421.263401
4420.634492
4420.634492
4420.634492
4420.634492
4420.634492
4420.634492
4420.634492
4420.634492
4420.634492
4420.634492
4420.634492
4420.634492
4420.634492
4420.634492
4420.634492
4420.634492
4420.634492
4420.634492
4420.634492
4420.634492
4420.634492
4420.634492
4420.634492
4420.634492
4420.634492
4420.634492
4420.634492
4420.634492
4420.634492
4420.634492
4420.634492
4420.634492
4420.634492
4418.151991
4418.151991
4418.151991
4418.151991
4418.151991
4418.151991
4418.151991
4418.151991
4418.151991
4418.151991
4418.151991
4418.151991
4418.151991
4418.151991
4418.151991
4418.151991
4418.151991
4418.151991
4418.151991
4418.151991
4418.151991
4418.151991
4418.151991
4418.151991
4418.151991
4418.151991
4418.151991
4418.151991
4418.151991
4418.151991
4418.151991
4418.151991
4418.151991
4418.151991
4418.151991
4418.151991
4418.151991
4418.151991
4418.151991
4418.151991
4418.151991
4418.151991
4418.151991
4418.151991
4418.151991
4418.151991
4418.151991
4418.151991
4418.151991
4418.151991
4418.151991
4418.151991
4418.151991
4418.151991
4418.151991
4418.151991
4418.151991
4418.151991
4418.151991
4418.151991
4418.151991
4418.151991
4418.151991
4418.151991
4418.151991
4418.151991
4418.151991
4418.151991
4418.151991
4418.151991
4418.151991
4418.151991
4418.151991
4418.151991
4418.151991
4418.151991
4416.916052
4416.916052
4416.916052
4416.916052
4416.916052
4416.916052
4416.916052
4416.916052
4416.916052
4416.916052
4416.916052
4416.916052
4416.916052
4416.916052
4416.916052
4416.916052
4416.916052
4416.916052
4416.916052
4416.916052
4416.916052
4416.916052
4416.916052
4416.916052
4416.916052
4416.916052
4416.916052
4416.916052
4416.916052
4416.916052
4416.916052
4416.916052
4416.916052
4416.916052
4416.916052
4416.916052
4416.916052
4416.916052
4416.916052
4416.916052
4416.916052
4416.916052
4416.916052
4416.916052
4416.916052
4416.916052
4416.916052
4416.916052
4416.916052
4416.916052
4416.916052
4416.916052
4416.916052
4416.916052
4416.916052
4416.916052
4416.916052
4416.916052
4416.916052
4416.916052
4416.916052
4416.916052
4416.916052
4416.916052
4416.916052
4416.916052
4414.656606
4414.656606
4414.656606
4414.656606
4414.656606
4414.656606
4414.656606
4414.656606
4414.656606
4414.656606
4414.656606
4414.656606
4414.656606
4414.656606
4414.656606
4414.656606
4414.656606
4414.656606
4414.656606
4414.656606
4414.656606
4414.656606
4414.656606
4414.656606
4414.656606
4414.656606
4414.656606
4414.656606
4414.656606
4414.656606
4414.656606
4414.656606
4414.656606
4414.656606
4414.656606
4414.656606
4414.656606
4414.656606
4414.656606
4414.656606
4414.656606
4414.656606
4414.656606
4414.656606
4414.656606
4414.656606
4414.656606
4414.656606
4414.656606
4414.656606
4414.656606
4414.656606
4414.656606
4414.656606
4414.656606
4414.656606
4414.656606
4414.656606
4412.317801
4412.317801
4412.317801
4412.317801
4412.317801
4412.317801
4412.317801
4412.317801
4412.317801
4412.317801
4412.317801
4412.317801
4412.317801
4412.317801
4412.317801
4412.317801
4412.317801
4412.317801
4412.317801
4412.317801
4412.317801
4412.317801
4412.317801
4412.317801
4412.317801
4412.317801
4412.317801
4412.317801
4412.317801
4412.317801
4412.317801
4412.317801
4412.317801
4412.317801
4412.317801
4412.317801
4412.317801
4412.317801
4412.317801
4412.317801
4412.317801
4412.317801
4412.317801
4412.317801
4412.317801
4412.317801
4412.317801
4412.317801
4412.317801
4412.317801
4412.317801
4412.317801
4412.317801
4412.317801
4412.317801
4412.317801
4412.317801
4412.317801
4412.317801
4412.317801
4412.317801
4412.317801
4412.317801
4412.317801
4412.317801
4412.317801
4412.317801
4412.317801
4412.317801
4412.317801
4412.317801
4412.317801
4412.317801
4412.317801
4412.317801
4412.317801
4412.317801
4412.317801
4412.317801
4412.317801
4412.317801
4412.317801
4412.317801
4412.317801
4412.317801
4412.317801
4412.317801
4412.317801
4412.317801
4412.317801
4412.317801
4412.317801
4412.317801
4412.317801
4412.317801
4412.317801
4412.317801
4412.317801
4412.317801
4412.317801
4412.317801
4410.289053
4410.289053
4410.289053
4410.289053
4410.289053
4410.289053
4410.289053
4410.289053
4410.289053
4410.289053
4410.289053
4410.289053
4410.289053
4410.289053
4410.289053
4410.289053
4410.289053
4410.289053
4410.289053
4410.289053
4410.289053
4410.289053
4410.289053
4410.289053
4410.289053
4410.289053
4410.289053
4410.289053
4410.289053
4410.289053
4410.289053
4410.289053
4410.289053
4410.289053
4410.289053
4410.289053
4410.289053
4410.289053
4410.289053
4410.289053
4410.289053
4410.289053
4410.289053
4410.289053
4410.289053
4410.289053
4410.289053
4410.289053
4410.289053
4410.289053
4409.474832
4409.474832
4409.474832
4409.337020
4409.337020
4409.337020
4409.337020
4409.337020
4409.337020
4409.337020
4409.337020
4409.337020
4409.337020
4409.337020
4409.337020
4409.337020
4409.337020
4409.337020
4409.337020
4409.337020
4409.337020
4409.337020
4409.337020
4409.337020
4409.337020
4409.337020
4409.337020
4409.337020
4409.337020
4409.337020
4409.337020
4409.337020
4409.337020
4409.337020
4409.337020
4409.337020
4409.337020
4409.337020
4409.337020
4409.337020
4409.337020
4409.337020
4409.337020
4409.337020
4409.337020
4409.337020
4409.337020
4406.905452
4406.905452
4406.905452
4406.905452
4406.905452
4406.905452
4406.905452
4406.905452
4406.905452
4406.905452
4406.905452
4406.905452
4406.905452
4406.905452
4406.905452
4406.905452
4406.905452
4406.905452
4406.905452
4406.905452
4406.905452
4406.905452
4406.905452
4406.905452
4406.905452
4406.905452
4406.905452
4406.905452
4406.905452
4406.905452
4406.905452
4406.905452
4406.905452
4406.905452
4406.905452
4406.905452
4406.905452
4406.905452
4406.905452
4406.905452
4406.905452
4406.905452
4406.905452
4406.905452
4406.905452
4406.905452
4406.905452
4406.905452
4406.905452
4406.905452
4406.905452
4406.905452
4406.905452
4406.905452
4406.905452
4406.905452
4406.905452
4406.905452
4406.905452
4406.905452
4406.905452
4406.905452
4406.905452
4406.905452
4406.905452
4406.905452
4406.905452
4406.905452
4406.905452
4406.905452
4406.905452
4406.905452
4406.905452
4406.905452
4406.905452
4406.905452
4404.679548
4404.679548
4404.679548
4404.679548
4404.679548
4404.679548
4404.679548
4404.679548
4404.679548
4404.679548
4404.679548
4404.679548
4404.679548
4404.679548
4404.679548
4404.679548
4404.679548
4404.679548
4404.679548
4404.679548
4404.679548
4404.679548
4404.679548
4404.679548
4404.679548
4404.679548
4404.679548
4404.679548
4404.679548
4404.679548
4404.679548
4404.679548
4404.679548
4404.679548
4404.679548
4404.679548
4404.679548
4404.679548
4404.679548
4404.679548
4404.679548
4404.679548
4404.679548
4404.679548
4404.679548
4404.679548
4404.679548
4404.679548
4404.570630
4404.570630
4404.570630
4404.570630
4404.570630
4404.570630
4404.570630
4404.570630
4404.570630
4404.570630
4404.570630
4404.570630
4404.570630
4404.570630
4404.570630
4404.570630
4404.570630
4404.570630
4404.570630
4404.570630
4404.570630
4404.570630
4404.570630
4404.570630
4404.570630
4404.570630
4404.570630
4404.570630
4404.570630
4404.570630
4403.184833
4403.184833
4403.184833
4403.184833
4403.184833
4403.184833
4403.184833
4403.184833
4403.184833
4403.184833
4403.184833
4403.184833
4403.184833
4403.184833
4403.184833
4403.184833
4403.184833
4403.184833
4403.184833
4403.184833
4403.184833
4403.184833
4403.184833
4403.184833
4403.184833
4403.184833
4403.184833
4403.184833
4403.184833
4403.184833
4403.184833
4403.184833
4403.184833
4403.184833
4402.591559
4402.591559
4402.591559
4402.591559
4402.591559
4402.591559
4402.591559
4402.591559
4402.591559
4401.447240
4401.447240
4401.447240
4401.447240
4401.447240
4401.447240
4401.447240
4401.447240
4401.447240
4401.447240
4401.447240
4401.447240
4401.447240
4401.447240
4400.679451
4400.679451
4400.679451
4400.679451
4400.679451
4400.679451
4400.679451
4400.679451
4400.679451
4400.679451
4400.679451
4400.679451
4400.679451
4400.679451
4400.679451
4400.679451
4400.679451
4400.679451
4400.679451
4400.679451
4400.679451
4400.679451
4400.679451
4400.679451
4400.497054
4400.497054
4400.497054
4400.497054
4400.497054
4400.497054
4400.497054
4400.497054
4400.497054
4400.497054
4400.497054
4400.497054
4400.497054
4400.497054
4400.497054
4400.497054
4400.497054
4400.497054
4400.497054
4400.497054
4400.497054
4400.497054
4400.497054
4400.497054
4400.497054
4400.497054
4400.497054
4400.497054
4400.497054
4400.497054
4400.497054
4400.497054
4400.497054
4400.497054
4400.497054
4400.497054
4400.497054
4400.497054
4398.042631
4398.042631
4398.042631
4398.042631
4395.801493
4395.801493
4395.801493
4395.801493
4395.801493
4395.801493
4395.801493
4395.801493
4395.801493
4395.801493
4394.852810
4394.852810
4394.852810
4394.852810
4394.852810
4394.852810
4394.852810
4394.852810
4394.852810
4394.852810
4394.852810
4394.852810
4394.852810
4394.852810
4394.852810
4394.852810
4394.852810
4394.852810
4394.852810
4394.852810
4394.852810
4394.852810
4394.852810
4394.852810
4394.852810
4394.852810
4394.852810
4394.852810
4394.852810
4394.852810
4394.852810
4392.562009
4392.562009
4392.562009
4392.562009
4392.562009
4392.562009
4392.562009
4392.562009
4392.562009
4392.562009
4392.562009
4392.562009
4392.562009
4392.562009
4392.562009
4392.562009
4392.562009
4392.562009
4392.562009
4392.562009
4392.562009
4392.562009
4392.562009
4392.562009
4392.562009
4392.562009
4392.562009
4392.562009
4392.562009
4392.562009
4392.562009
4392.562009
4392.562009
4392.562009
4392.562009
4392.562009
4392.562009
4392.562009
4392.562009
4392.562009
4392.562009
4392.562009
4392.562009
4392.562009
4392.562009
4392.562009
4392.562009
4392.562009
4392.562009
4392.562009
4392.562009
4392.562009
4392.562009
4392.562009
4392.562009
4390.823134
4390.823134
4390.823134
4390.823134
4390.823134
4390.823134
4390.823134
4390.823134
4390.823134
4390.823134
4390.823134
4390.823134
4390.823134
4390.823134
4390.823134
4390.823134
4390.823134
4390.823134
4390.823134
4390.823134
4390.823134
4390.823134
4390.823134
4390.823134
4390.823134
4390.823134
4390.823134
4390.823134
4390.823134
4390.823134
4390.823134
4390.823134
4390.823134
4390.823134
4390.823134
4390.823134
4390.823134
4390.823134
4390.823134
4390.823134
4390.823134
4390.823134
4390.823134
4390.823134
4390.823134
4390.823134
4390.823134
4390.823134
4390.823134
4390.362770
4390.362770
4390.362770
4390.362770
4390.362770
4390.362770
4390.362770
4390.362770
4390.362770
4390.362770
4390.362770
4390.362770
4390.362770
4390.362770
4390.362770
4390.362770
4390.362770
4390.362770
4390.362770
4390.362770
4390.362770
4390.362770
4390.362770
4390.362770
4390.362770
4390.362770
4390.362770
4390.362770
4390.362770
4390.362770
4390.362770
4390.362770
4390.362770
4390.362770
4390.362770
4390.362770
4390.362770
4390.362770
4390.362770
4390.362770
4390.362770
4390.362770
4390.362770
4390.362770
4390.362770
4390.362770
4390.362770
4390.362770
4390.362770
4390.362770
4390.362770
4390.362770
4390.362770
4390.362770
4390.362770
4390.362770
4390.362770
4390.362770
4390.362770
4390.362770
4390.362770
4390.362770
4390.362770
4390.362770
4390.362770
4390.362770
4390.362770
4390.362770
4390.362770
4390.362770
4390.362770
4389.556922
4389.556922
4389.556922
4389.556922
4389.556922
4389.556922
4389.556922
4389.556922
4389.556922
4389.556922
4389.556922
4389.556922
4389.556922
4389.556922
4382.709731
4382.709731
4382.709731
4382.709731
4382.709731
4382.709731
4382.709731
4382.709731
4382.709731
4382.709731
4382.709731
4382.709731
4382.709731
4382.709731
4382.709731
4382.709731
4382.709731
4382.709731
4382.709731
4382.709731
4382.709731
4382.709731
4382.709731
4382.709731
4382.709731
4382.709731
4382.709731
4382.709731
4382.709731
4382.709731
4382.709731
4382.709731
4382.709731
4382.709731
4382.709731
4382.709731
4382.709731
4382.709731
4382.709731
4382.709731
4382.709731
4382.709731
4382.709731
4382.709731
4382.709731
4382.709731
4382.709731
4382.709731
4382.709731
4382.709731
4382.709731
4382.709731
4382.709731
4382.709731
4382.709731
4382.709731
4382.709731
4382.709731
4382.709731
4382.709731
4382.709731
4382.709731
4382.709731
4382.709731
4382.709731
4382.709731
4382.709731
4382.709731
4382.709731
4382.709731
4382.709731
4382.709731
4382.709731
4382.709731
4382.709731
4382.709731
4382.709731
4382.709731
4382.709731
4382.709731
4382.709731
4382.709731
4382.709731
4382.709731
4382.709731
4382.709731
4382.709731
4382.709731
4382.709731
4382.709731
4382.709731
4382.709731
4382.709731
4382.709731
4382.709731
4382.709731
4382.709731
4382.709731
4382.709731
4382.709731
4382.709731
4382.709731
4382.709731
4382.709731
4382.709731
4382.709731
4382.709731
4382.709731
4382.709731
4382.709731
4382.709731
4382.709731
4382.709731
4382.709731
4382.709731
4382.709731
4382.709731
4382.709731
4382.709731
4382.709731
4382.709731
4382.709731
4382.709731
4382.709731
4382.709731
4382.709731
4382.709731
4382.709731
4382.709731
4382.709731
4380.662021
4380.662021
4380.662021
4380.662021
4380.662021
4380.662021
4380.662021
4380.662021
4380.662021
4380.662021
4380.662021
4380.662021
4380.662021
4380.662021
4380.662021
4380.662021
4380.662021
4380.662021
4380.662021
4380.662021
4380.662021
4380.662021
4380.662021
4380.662021
4379.179299
4379.179299
4379.179299
4379.179299
4379.179299
4379.179299
4379.179299
4379.179299
4379.179299
4379.179299
4379.179299
4379.179299
4379.179299
4379.179299
4379.179299
4379.179299
4379.179299
4379.179299
4379.179299
4379.179299
4379.179299
4379.179299
4379.179299
4379.179299
4379.179299
4379.179299
4379.179299
4379.179299
4379.179299
4379.179299
4379.179299
4379.179299
4379.179299
4379.179299
4379.179299
4379.179299
4379.179299
4379.179299
4375.075348
4375.075348
4375.075348
4375.075348
4375.075348
4375.075348
4375.075348
4375.075348
4375.075348
4375.075348
4375.075348
4375.075348
4375.075348
4375.075348
4375.075348
4375.075348
4375.075348
4375.075348
4375.075348
4375.075348
4375.075348
4375.075348
4375.075348
4375.075348
4375.075348
4375.075348
4375.075348
4375.075348
4375.075348
4375.075348
4375.075348
4375.075348
4375.075348
4375.075348
4375.075348
4375.075348
4375.075348
4375.075348
4375.075348
4375.075348
4375.075348
4375.075348
4375.075348
4375.075348
4375.075348
4375.075348
4375.075348
4375.075348
4375.075348
4375.075348
4375.075348
4375.075348
4375.075348
4375.075348
4375.075348
4375.075348
4375.075348
4375.075348
4375.075348
4375.075348
4375.075348
4375.075348
4375.075348
4375.075348
4375.075348
4374.868353
4374.868353
4374.868353
4374.868353
4374.868353
4374.868353
4374.868353
4374.868353
4374.868353
4374.868353
4374.868353
4374.868353
4374.868353
4374.868353
4374.868353
4374.868353
4374.868353
4374.868353
4374.868353
4374.868353
4374.868353
4373.567501
4373.567501
4373.567501
4373.567501
4373.567501
4373.567501
4373.567501
4373.567501
4373.567501
4373.567501
4373.567501
4373.567501
4373.567501
4373.567501
4373.567501
4373.567501
4373.567501
4373.567501
4373.567501
4373.567501
4373.567501
4373.567501
4368.579179
4368.579179
4368.579179
4368.579179
4368.579179
4368.579179
4368.579179
4368.579179
4368.579179
4368.579179
4368.579179
4368.579179
4368.579179
4368.579179
4368.579179
4368.579179
4368.579179
4368.579179
4368.579179
4368.579179
4368.579179
4368.579179
4367.764235
4367.764235
4367.764235
4367.764235
4367.764235
4367.764235
4367.764235
4367.764235
4367.764235
4367.764235
4367.764235
4367.764235
4367.764235
4367.764235
4367.764235
4367.764235
4367.764235
4367.764235
4367.764235
4367.764235
4367.764235
4367.764235
4367.764235
4367.764235
4367.764235
4367.764235
4367.764235
4367.764235
4367.764235
4367.764235
4367.764235
4367.764235
4367.764235
4367.764235
4367.764235
4367.764235
4367.764235
4367.764235
4367.764235
4367.764235
4367.764235
4367.764235
4367.764235
4367.764235
4367.764235
4367.764235
4367.764235
4361.425175
4361.425175
4361.425175
4361.425175
4361.425175
4361.425175
4361.425175
4361.425175
4361.425175
4361.425175
4361.425175
4361.425175
4361.425175
4361.425175
4361.425175
4361.425175
4361.425175
4361.425175
4361.425175
4361.425175
4361.425175
4361.425175
4361.425175
4361.425175
4361.425175
4361.425175
4361.425175
4361.425175
4361.425175
4361.425175
4361.425175
4361.425175
4361.425175
4361.425175
4361.425175
4361.425175
4361.425175
4361.425175
4361.425175
4361.425175
4361.425175
4361.425175
4361.425175
4361.425175
4361.425175
4361.425175
4361.425175
4361.425175
4361.425175
4361.175134
4361.175134
4361.175134
4361.175134
4361.175134
4361.175134
4361.175134
4361.175134
4361.175134
4361.175134
4361.175134
4361.175134
4361.175134
4361.175134
4361.175134
4361.175134
4361.175134
4361.175134
4361.175134
4361.175134
4361.175134
4361.175134
4361.175134
4361.175134
4361.175134
4361.175134
4361.175134
4361.175134
4361.175134
4361.175134
4361.175134
4361.175134
4361.175134
4361.175134
4361.175134
4361.175134
4361.175134
4361.175134
4361.175134
4361.175134
4361.175134
4361.175134
4361.175134
4361.175134
4361.175134
4361.175134
4361.175134
4361.175134
4361.175134
4361.175134
4361.175134
4361.175134
4361.175134
4361.175134
4361.175134
4361.175134
4361.175134
4361.175134
4361.175134
4361.175134
4361.175134
4361.175134
4361.175134
4361.175134
4361.175134
4361.175134
4361.144414
4361.144414
4361.144414
4361.144414
4361.144414
4361.144414
4361.144414
4361.144414
4361.144414
4361.144414
4361.144414
4361.144414
4361.144414
4361.144414
4361.144414
4361.144414
4361.144414
4361.144414
4361.144414
4361.144414
4361.144414
4361.144414
4361.144414
4361.144414
4361.144414
4361.144414
4361.144414
4361.144414
4361.144414
4361.144414
4361.144414
4361.144414
4361.144414
4361.144414
4361.144414
4361.144414
4361.144414
4361.144414
4361.144414
4361.144414
4361.144414
4361.144414
4361.144414
4361.144414
4361.144414
4361.144414
4361.144414
4361.144414
4361.144414
4361.144414
4361.144414
4361.144414
4361.144414
4361.144414
4361.144414
4361.144414
4361.144414
4361.144414
4361.144414
4361.144414
4361.144414
4361.144414
4361.144414
4361.144414
4361.144414
4361.144414
4361.144414
4361.144414
4361.144414
4361.144414
4361.144414
4361.144414
4361.144414
4361.144414
4361.144414
4361.144414
4361.144414
4361.144414
4361.144414
4357.488341
4357.488341
4357.488341
4357.488341
4357.488341
4357.488341
4357.488341
4357.488341
4357.488341
4357.488341
4357.488341
4357.488341
4357.488341
4357.488341
4357.488341
4357.488341
4357.488341
4357.488341
4357.488341
4357.488341
4357.488341
4357.488341
4357.488341
4357.488341
4357.488341
4357.488341
4357.488341
4357.488341
4357.488341
4357.488341
4357.488341
4357.488341
4357.488341
4357.488341
4357.488341
4357.488341
4357.488341
4357.488341
4357.488341
4357.488341
4357.488341
4357.488341
4357.488341
4357.488341
4357.488341
4357.488341
4357.488341
4357.488341
4357.488341
4357.488341
4357.488341
4357.488341
4357.488341
4357.488341
4357.488341
4357.488341
4357.488341
4357.488341
4357.488341
4357.488341
4357.488341
4357.488341
4357.488341
4357.488341
4357.488341
4357.488341
4357.488341
4357.488341
4357.488341
4357.488341
4357.488341
4357.488341
4357.488341
4357.488341
4357.488341
4357.488341
4357.488341
4357.488341
4357.488341
4357.488341
4357.488341
4357.488341
4357.488341
4357.488341
4357.488341
4357.488341
4357.488341
4357.435447
4357.435447
4357.435447
4357.435447
4357.435447
4357.435447
4357.435447
4357.435447
4357.435447
4357.435447
4356.868377
4356.868377
4356.868377
4355.450518
4355.450518
4354.013910
4354.013910
4354.013910
4354.013910
4354.013910
4354.013910
4354.013910
4354.013910
4354.013910
4354.013910
4354.013910
4354.013910
4354.013910
4354.013910
4352.112130
4352.112130
4352.112130
4352.112130
4352.112130
4352.112130
4352.112130
4352.112130
4352.112130
4352.112130
4352.112130
4352.112130
4352.112130
4352.112130
4352.112130
4352.112130
4352.112130
4352.112130
4352.112130
4352.112130
4352.112130
4352.112130
4352.112130
4352.112130
4352.112130
4352.112130
4352.112130
4352.112130
4352.112130
4352.112130
4350.751526
4350.751526
4350.751526
4350.751526
4350.751526
4350.751526
4350.751526
4350.751526
4350.751526
4350.751526
4350.751526
4350.751526
4350.751526
4350.751526
4349.402855
4349.402855
4349.402855
4349.402855
4349.402855
4349.402855
4349.402855
4349.402855
4349.402855
4349.402855
4349.402855
4349.402855
4349.402855
4349.402855
4349.402855
4349.402855
4349.402855
4349.402855
4349.402855
4349.402855
4349.402855
4349.402855
4349.402855
4349.402855
4349.402855
4349.402855
4349.402855
4349.402855
4349.402855
4349.402855
4349.402855
4349.402855
4349.402855
4349.402855
4349.402855
4349.402855
4349.402855
4349.402855
4349.402855
4349.402855
4348.248669
4348.248669
4348.248669
4348.248669
4348.248669
4348.248669
4348.248669
4348.248669
4348.248669
4348.248669
4348.248669
4348.248669
4348.248669
4348.248669
4348.248669
4348.248669
4348.248669
4348.248669
4348.248669
4348.248669
4348.248669
4348.248669
4348.248669
4348.248669
4348.248669
4340.900168
4340.900168
4340.900168
4340.900168
4340.900168
4340.900168
4340.900168
4340.900168
4340.900168
4340.900168
4340.900168
4340.900168
4340.900168
4340.900168
4340.900168
4340.900168
4340.900168
4340.900168
4340.900168
4340.900168
4340.900168
4340.900168
4340.900168
4340.900168
4340.900168
4340.900168
4340.900168
4340.900168
4340.900168
4340.900168
4340.900168
4340.900168
4340.900168
4340.900168
4340.900168
4340.900168
4340.900168
4340.900168
4340.900168
4340.900168
4340.900168
4340.900168
4340.900168
4340.900168
4340.900168
4340.900168
4340.900168
4340.900168
4340.900168
4340.900168
4340.900168
4340.900168
4340.900168
4340.900168
4340.900168
4340.900168
4340.900168
4340.900168
4340.900168
4340.900168
4340.900168
4340.900168
4340.900168
4340.900168
4340.900168
4340.900168
4340.900168
4340.900168
4340.900168
4340.900168
4340.900168
4340.900168
4340.900168
4340.900168
4340.900168
4340.900168
4340.900168
4340.900168
4340.900168
4340.900168
4340.900168
4340.900168
4340.900168
4340.900168
4340.900168
4340.900168
4340.900168
4340.900168
4340.900168
4340.900168
4340.900168
4340.900168
4340.900168
4340.900168
4340.900168
4340.900168
4338.199701
4338.199701
4338.199701
4338.199701
4338.199701
4338.199701
4338.199701
4338.199701
4338.199701
4338.199701
4338.199701
4338.199701
4338.199701
4338.199701
4338.199701
4338.199701
4338.199701
4338.199701
4338.199701
4338.199701
4338.199701
4338.199701
4338.199701
4338.199701
4338.199701
4338.199701
4338.199701
4338.199701
4338.199701
4338.199701
4338.199701
4338.199701
4335.003525
4335.003525
4335.003525
4335.003525
4335.003525
4335.003525
4335.003525
4335.003525
4335.003525
4335.003525
4335.003525
4335.003525
4335.003525
4335.003525
4335.003525
4335.003525
4335.003525
4335.003525
4335.003525
4335.003525
4335.003525
4335.003525
4335.003525
4335.003525
4335.003525
4335.003525
4335.003525
4335.003525
4335.003525
4335.003525
4335.003525
4335.003525
4335.003525
4335.003525
4335.003525
4335.003525
4335.003525
4335.003525
4335.003525
4335.003525
4335.003525
4335.003525
4335.003525
4335.003525
4335.003525
4335.003525
4335.003525
4335.003525
4335.003525
4335.003525
4335.003525
4335.003525
4335.003525
4335.003525
4335.003525
4335.003525
4335.003525
4335.003525
4335.003525
4335.003525
4335.003525
4335.003525
4335.003525
4335.003525
4335.003525
4335.003525
4335.003525
4335.003525
4335.003525
4335.003525
4335.003525
4335.003525
4335.003525
4335.003525
4335.003525
4335.003525
4335.003525
4335.003525
4335.003525
4335.003525
4335.003525
4335.003525
4335.003525
4335.003525
4335.003525
4335.003525
4335.003525
4335.003525
4335.003525
4335.003525
4335.003525
4335.003525
4335.003525
4335.003525
4335.003525
4335.003525
4335.003525
4335.003525
4335.003525
4335.003525
4335.003525
4335.003525
4335.003525
4335.003525
4335.003525
4335.003525
4335.003525
4335.003525
4335.003525
4335.003525
4335.003525
4335.003525
4335.003525
4335.003525
4335.003525
4335.003525
4335.003525
4335.003525
4335.003525
4335.003525
4335.003525
4335.003525
4335.003525
4335.003525
4335.003525
4335.003525
4335.003525
4335.003525
4335.003525
4335.003525
4335.003525
4335.003525
4335.003525
4335.003525
4335.003525
4335.003525
4335.003525
4335.003525
4335.003525
4335.003525
4335.003525
4335.003525
4335.003525
4335.003525
4335.003525
4335.003525
4335.003525
4335.003525
4335.003525
4335.003525
4335.003525
4335.003525
4335.003525
4335.003525
4335.003525
4335.003525
4335.003525
4335.003525
4335.003525
4335.003525
4335.003525
4335.003525
4335.003525
4335.003525
4335.003525
4335.003525
4335.003525
4335.003525
4335.003525
4335.003525
4335.003525
4335.003525
4335.003525
4335.003525
4335.003525
4335.003525
4335.003525
4335.003525
4335.003525
4335.003525
4335.003525
4335.003525
4335.003525
4335.003525
4335.003525
4335.003525
4335.003525
4335.003525
4335.003525
4335.003525
4335.003525
4335.003525
4335.003525
4335.003525
4335.003525
4335.003525
4335.003525
4335.003525
4335.003525
4335.003525
4335.003525
4335.003525
4335.003525
4335.003525
4335.003525
4335.003525
4335.003525
4335.003525
4335.003525
4335.003525
4335.003525
4335.003525
4335.003525
4335.003525
4335.003525
4335.003525
4335.003525
4335.003525
4334.913952
4334.913952
4334.913952
4334.913952
4334.913952
4334.913952
4334.913952
4334.913952
4334.913952
4334.913952
4334.913952
4334.913952
4334.913952
4334.882860
4334.882860
4334.882860
4334.882860
4334.882860
4334.882860
4334.882860
4334.882860
4334.882860
4334.882860
4334.882860
4334.882860
4334.882860
4334.882860
4334.882860
4334.882860
4334.882860
4334.882860
4334.882860
4334.882860
4334.882860
4334.882860
4334.863333
4333.687066
4333.687066
4333.687066
4333.687066
4333.687066
4333.687066
4333.687066
4333.687066
4333.687066
4333.687066
4333.687066
4333.687066
4329.358534
4329.358534
4329.358534
4329.358534
4329.358534
4329.358534
4329.358534
4329.358534
4329.358534
4329.358534
4329.358534
4329.358534
4329.358534
4329.358534
4329.358534
4329.358534
4329.358534
4329.358534
4329.358534
4329.358534
4329.358534
4329.358534
4329.358534
4329.358534
4329.358534
4329.358534
4329.358534
4329.358534
4329.358534
4329.358534
4329.358534
4329.358534
4329.358534
4329.358534
4329.358534
4329.358534
4329.358534
4329.358534
4329.358534
4329.358534
4329.358534
4329.358534
4329.358534
4329.358534
4329.358534
4329.358534
4329.358534
4329.358534
4329.358534
4329.358534
4329.358534
4329.358534
4329.358534
4329.358534
4329.358534
4329.358534
4329.358534
4329.358534
4329.358534
4329.358534
4329.358534
4329.358534
4329.358534
4329.358534
4329.358534
4329.358534
4329.358534
4328.112509
4328.112509
4328.112509
4328.112509
4328.112509
4328.112509
4328.112509
4328.112509
4328.112509
4328.112509
4328.112509
4328.112509
4328.112509
4328.112509
4328.112509
4328.112509
4324.327003
4324.327003
4324.327003
4324.327003
4324.327003
4324.327003
4324.327003
4324.327003
4324.327003
4324.327003
4324.327003
4324.327003
4324.327003
4324.327003
4324.327003
4324.327003
4324.327003
4324.327003
4324.327003
4324.327003
4324.327003
4324.327003
4324.327003
4324.327003
4324.327003
4324.327003
4324.327003
4324.327003
4324.327003
4324.327003
4324.327003
4324.327003
4324.327003
4324.327003
4324.327003
4324.327003
4324.327003
4324.327003
4324.327003
4324.327003
4324.327003
4324.327003
4324.327003
4324.327003
4324.327003
4324.327003
4324.327003
4324.327003
4324.327003
4324.327003
4324.327003
4324.327003
4324.327003
4324.327003
4324.327003
4324.327003
4324.327003
4324.327003
4324.327003
4324.327003
4324.327003
4324.327003
4324.327003
4324.327003
4324.327003
4324.327003
4324.327003
4324.327003
4324.327003
4324.327003
4324.327003
4324.327003
4324.327003
4324.327003
4324.327003
4324.327003
4324.327003
4324.327003
4324.327003
4324.327003
4324.327003
4324.327003
4324.327003
4324.327003
4324.327003
4324.327003
4324.327003
4324.327003
4324.327003
4324.327003
4324.327003
4324.327003
4324.327003
4324.327003
4324.327003
4324.327003
4324.327003
4324.327003
4324.327003
4324.327003
4324.327003
4324.327003
4324.327003
4324.327003
4324.327003
4324.327003
4324.327003
4324.327003
4324.327003
4324.327003
4324.327003
4324.327003
4324.327003
4324.327003
4324.327003
4324.327003
4324.327003
4324.327003
4324.327003
4324.327003
4324.327003
4324.327003
4324.327003
4324.327003
4324.327003
4324.327003
4324.327003
4324.327003
4324.327003
4324.327003
4324.327003
4323.580816
4323.580816
4323.580816
4323.580816
4323.580816
4323.580816
4323.580816
4323.580816
4323.580816
4322.301135
4322.301135
4322.301135
4322.301135
4322.301135
4322.301135
4322.301135
4322.301135
4322.301135
4322.301135
4322.301135
4322.301135
4322.301135
4322.301135
4322.301135
4321.465306
4321.465306
4321.465306
4321.465306
4321.465306
4321.465306
4321.465306
4321.465306
4321.465306
4321.465306
4321.465306
4321.465306
4321.465306
4321.465306
4321.465306
4314.010301
4314.010301
4314.010301
4314.010301
4314.010301
4314.010301
4314.010301
4314.010301
4314.010301
4314.010301
4314.010301
4314.010301
4314.010301
4314.010301
4314.010301
4314.010301
4314.010301
4314.010301
4314.010301
4314.010301
4314.010301
4314.010301
4314.010301
4314.010301
4314.010301
4314.010301
4314.010301
4314.010301
4314.010301
4314.010301
4314.010301
4314.010301
4314.010301
4314.010301
4314.010301
4314.010301
4314.010301
4314.010301
4314.010301
4314.010301
4314.010301
4314.010301
4314.010301
4314.010301
4314.010301
4314.010301
4314.010301
4314.010301
4314.010301
4314.010301
4314.010301
4314.010301
4314.010301
4314.010301
4314.010301
4314.010301
4314.010301
4314.010301
4314.010301
4314.010301
4314.010301
4314.010301
4314.010301
4314.010301
4314.010301
4314.010301
4314.010301
4314.010301
4314.010301
4314.010301
4314.010301
4314.010301
4314.010301
4314.010301
4314.010301
4314.010301
4314.010301
4314.010301
4314.010301
4314.010301
4314.010301
4314.010301
4314.010301
4314.010301
4314.010301
4314.010301
4314.010301
4314.010301
4314.010301
4314.010301
4314.010301
4314.010301
4314.010301
4314.010301
4314.010301
4314.010301
4314.010301
4314.010301
4314.010301
4314.010301
4314.010301
4313.629256
4313.629256
4313.629256
4313.629256
4313.629256
4313.629256
4313.629256
4313.629256
4313.629256
4313.629256
4313.629256
4313.629256
4313.629256
4313.629256
4313.629256
4313.629256
4313.629256
4313.629256
4313.629256
4313.629256
4313.629256
4313.629256
4313.629256
4313.629256
4313.629256
4313.629256
4313.629256
4313.629256
4313.629256
4313.629256
4313.629256
4313.629256
4313.629256
4313.629256
4313.629256
4313.629256
4313.629256
4313.629256
4313.629256
4313.629256
4313.629256
4313.629256
4313.629256
4313.629256
4313.629256
4313.629256
4313.629256
4313.629256
4313.629256
4313.629256
4313.629256
4313.629256
4313.629256
4313.629256
4313.629256
4313.629256
4313.629256
4313.629256
4313.629256
4313.629256
4313.629256
4313.629256
4313.629256
4313.629256
4313.629256
4313.629256
4313.629256
4313.629256
4313.629256
4313.629256
4313.629256
4313.629256
4305.734873
4305.734873
4305.734873
4305.734873
4305.734873
4305.734873
4305.734873
4305.734873
4305.734873
4305.734873
4305.734873
4305.734873
4305.734873
4305.734873
4305.734873
4305.734873
4305.734873
4305.734873
4305.734873
4305.734873
4305.734873
4305.734873
4305.734873
4305.734873
4305.734873
4305.734873
4305.734873
4305.734873
4305.734873
4305.734873
4305.734873
4305.734873
4305.734873
4305.734873
4305.734873
4305.734873
4305.734873
4305.734873
4305.734873
4305.734873
4305.734873
4305.734873
4305.734873
4305.734873
4305.055131
4305.055131
4305.055131
4305.055131
4305.055131
4305.055131
4305.055131
4305.055131
4305.055131
4305.055131
4305.055131
4305.055131
4305.055131
4305.055131
4305.055131
4305.055131
4305.055131
4305.055131
4305.055131
4305.055131
4305.055131
4305.055131
4305.055131
4305.055131
4305.055131
4305.055131
4305.055131
4305.055131
4305.055131
4304.795135
4304.795135
4304.795135
4304.795135
4304.795135
4304.795135
4304.367251
4304.367251
4304.367251
4304.367251
4304.367251
4304.367251
4304.209381
4304.209381
4304.209381
4304.209381
4304.209381
4304.209381
4304.209381
4304.209381
4304.209381
4304.209381
4304.209381
4304.209381
4304.209381
4304.209381
4304.209381
4304.209381
4304.209381
4304.209381
4304.209381
4304.209381
4304.209381
4304.209381
4304.209381
4304.209381
4304.209381
4304.209381
4304.209381
4304.209381
4304.209381
4304.209381
4304.209381
4304.209381
4304.209381
4304.209381
4304.209381
4304.209381
4304.209381
4304.209381
4302.745757
4302.745757
4302.745757
4302.041944
4302.041944
4302.041944
4302.041944
4302.041944
4302.041944
4302.041944
4302.041944
4302.041944
4302.041944
4302.041944
4299.442948
4299.442948
4299.442948
4299.442948
4299.442948
4299.442948
4299.442948
4299.442948
4299.442948
4299.442948
4299.442948
4299.442948
4299.442948
4299.442948
4299.442948
4299.442948
4299.442948
4299.442948
4299.442948
4299.442948
4299.442948
4299.442948
4299.442948
4299.442948
4291.180249
4291.180249
4291.180249
4291.180249
4291.180249
4291.180249
4291.180249
4291.180249
4291.180249
4291.180249
4291.180249
4291.180249
4291.180249
4291.180249
4291.180249
4291.180249
4291.180249
4291.180249
4291.180249
4291.180249
4291.180249
4291.180249
4291.180249
4291.180249
4291.180249
4291.180249
4291.180249
4291.180249
4291.180249
4291.180249
4291.180249
4291.180249
4291.180249
4291.180249
4291.180249
4291.180249
4291.180249
4291.180249
4291.180249
4291.180249
4291.180249
4291.180249
4291.180249
4291.180249
4291.180249
4291.180249
4291.180249
4291.180249
4291.180249
4291.180249
4291.180249
4291.180249
4291.180249
4291.180249
4291.180249
4291.180249
4291.180249
4291.180249
4291.180249
4291.180249
4291.180249
4291.180249
4291.180249
4291.180249
4291.180249
4291.180249
4291.180249
4291.180249
4291.180249
4291.180249
4291.180249
4291.180249
4291.180249
4291.180249
4291.180249
4291.180249
4291.180249
4291.180249
4291.180249
4291.180249
4291.180249
4291.180249
4291.180249
4291.180249
4291.180249
4291.180249
4291.180249
4291.180249
4291.180249
4291.180249
4291.180249
4291.180249
4291.180249
4291.180249
4291.180249
4291.180249
4291.180249
4291.180249
4291.180249
4291.180249
4291.180249
4291.180249
4291.180249
4286.444782
4286.444782
4286.444782
4286.444782
4286.444782
4286.444782
4286.444782
4286.444782
4286.444782
4286.444782
4286.444782
4286.444782
4286.444782
4286.444782
4286.444782
4286.444782
4286.444782
4286.444782
4286.444782
4286.444782
4286.444782
4286.444782
4286.444782
4286.444782
4286.444782
4286.444782
4286.444782
4286.444782
4286.444782
4286.444782
4286.444782
4286.444782
4286.444782
4286.444782
4286.444782
4286.444782
4286.444782
4286.444782
4286.444782
4286.444782
4286.444782
4286.444782
4286.444782
4286.444782
4286.444782
4286.444782
4286.444782
4286.444782
4286.444782
4286.444782
4286.444782
4286.444782
4286.444782
4286.444782
4286.444782
4286.444782
4286.444782
4286.444782
4286.444782
4286.444782
4286.444782
4286.444782
4286.444782
4286.444782
4286.444782
4286.444782
4286.444782
4286.444782
4286.444782
4286.444782
4286.444782
4286.444782
4284.776741
4284.776741
4284.776741
4284.776741
4284.776741
4284.776741
4283.434272
4283.434272
4283.434272
4283.434272
4283.434272
4283.434272
4283.434272
4283.434272
4283.434272
4277.841733
4277.841733
4277.841733
4277.841733
4277.841733
4277.841733
4277.841733
4277.841733
4277.841733
4277.841733
4277.841733
4277.841733
4277.841733
4277.841733
4277.330772
4277.330772
4277.330772
4277.330772
4277.330772
4277.330772
4277.330772
4277.330772
4277.330772
4277.330772
4277.330772
4277.330772
4277.330772
4277.330772
4277.330772
4277.330772
4277.330772
4277.330772
4277.330772
4277.330772
4277.330772
4277.330772
4277.330772
4277.330772
4277.330772
4277.330772
4277.330772
4277.330772
4277.330772
4277.330772
4277.330772
4277.330772
4277.330772
4277.330772
4277.330772
4277.330772
4277.330772
4277.330772
4277.330772
4277.330772
4277.330772
4277.330772
4277.330772
4277.330772
4277.330772
4277.330772
4277.330772
4277.330772
4277.330772
4277.330772
4277.330772
4277.330772
4277.330772
4277.330772
4277.330772
4277.330772
4277.330772
4277.330772
4277.330772
4277.330772
4277.330772
4277.330772
4277.330772
4277.330772
4277.330772
4277.330772
4277.330772
4274.945400
4274.945400
4274.945400
4274.945400
4274.945400
4274.945400
4274.945400
4274.945400
4274.945400
4274.945400
4274.945400
4274.945400
4274.945400
4274.945400
4274.945400
4274.945400
4274.945400
4274.945400
4274.945400
4269.540504
4269.540504
4269.540504
4269.540504
4269.540504
4269.540504
4269.540504
4269.540504
4269.540504
4269.540504
4269.540504
4269.540504
4269.540504
4269.540504
4269.540504
4269.540504
4269.540504
4269.540504
4269.540504
4269.540504
4269.540504
4269.540504
4269.540504
4269.540504
4269.540504
4269.540504
4269.540504
4269.540504
4269.540504
4269.540504
4269.540504
4269.540504
4269.540504
4269.540504
4269.540504
4269.540504
4269.540504
4269.540504
4269.540504
4269.540504
4269.540504
4269.540504
4269.540504
4269.540504
4269.540504
4269.540504
4269.540504
4269.540504
4269.540504
4269.540504
4269.540504
4269.540504
4269.540504
4269.540504
4269.540504
4269.540504
4269.540504
4269.540504
4269.540504
4269.540504
4269.540504
4269.540504
4269.540504
4269.540504
4269.540504
4269.540504
4269.540504
4269.540504
4269.540504
4269.540504
4269.540504
4269.540504
4269.540504
4269.540504
4269.540504
4269.540504
4269.540504
4269.540504
4269.540504
4269.540504
4269.540504
4269.540504
4269.540504
4269.540504
4269.540504
4269.540504
4269.540504
4269.540504
4269.540504
4269.540504
4269.540504
4269.540504
4269.540504
4269.540504
4269.540504
4269.540504
4269.540504
4269.540504
4269.540504
4269.540504
4269.540504
4269.540504
4269.540504
4269.540504
4269.540504
4269.540504
4269.540504
4269.540504
4269.540504
4269.540504
4269.540504
4269.540504
4269.540504
4269.540504
4269.540504
4269.540504
4269.540504
4269.540504
4269.540504
4269.540504
4269.540504
4269.540504
4269.540504
4269.540504
4269.540504
4269.540504
4269.540504
4267.247849
4267.247849
4267.247849
4267.247849
4267.247849
4267.247849
4267.247849
4267.247849
4267.247849
4267.247849
4267.247849
4267.247849
4267.224019
4267.224019
4267.224019
4267.224019
4267.224019
4267.224019
4267.224019
4267.224019
4267.224019
4267.224019
4266.272594
4266.272594
4266.272594
4266.272594
4266.272594
4266.272594
4266.272594
4266.272594
4266.272594
4266.272594
4266.272594
4266.272594
4266.272594
4266.272594
4266.272594
4266.272594
4266.272594
4266.272594
4266.272594
4266.272594
4266.272594
4266.272594
4266.272594
4266.272594
4266.272594
4266.272594
4266.272594
4266.272594
4266.272594
4266.272594
4266.272594
4266.272594
4266.272594
4266.272594
4266.272594
4266.272594
4266.272594
4266.272594
4266.272594
4266.272594
4266.272594
4266.272594
4265.841130
4265.841130
4265.841130
4265.841130
4265.841130
4265.841130
4265.841130
4265.841130
4265.841130
4265.841130
4265.841130
4265.841130
4265.841130
4265.841130
4265.841130
4265.841130
4265.841130
4265.841130
4265.841130
4265.841130
4265.841130
4265.841130
4265.841130
4265.841130
4265.841130
4265.841130
4265.841130
4265.841130
4265.841130
4265.841130
4265.841130
4265.841130
4265.841130
4265.841130
4265.841130
4265.841130
4265.841130
4265.841130
4265.642609
4265.642609
4265.642609
4265.642609
4265.642609
4265.642609
4265.642609
4265.642609
4265.642609
4265.642609
4265.642609
4265.642609
4265.642609
4265.642609
4265.642609
4265.642609
4265.642609
4265.642609
4265.642609
4265.642609
4265.642609
4265.642609
4265.642609
4265.642609
4265.642609
4265.642609
4265.642609
4265.642609
4265.642609
4265.642609
4265.642609
4265.642609
4265.642609
4265.642609
4265.642609
4265.642609
4265.642609
4265.642609
4265.642609
4265.642609
4265.642609
4265.642609
4265.642609
4265.642609
4265.642609
4265.642609
4265.642609
4261.622415
4260.531551
4260.531551
4260.531551
4260.531551
4260.531551
4260.531551
4260.531551
4260.531551
4260.531551
4260.531551
4260.531551
4260.531551
4260.531551
4260.531551
4260.531551
4260.531551
4260.531551
4260.531551
4260.531551
4260.531551
4260.531551
4260.531551
4260.531551
4260.531551
4260.531551
4260.531551
4260.531551
4260.531551
4260.531551
4260.531551
4257.935855
4257.935855
4257.935855
4257.935855
4257.935855
4257.935855
4257.935855
4257.935855
4257.935855
4257.935855
4257.935855
4257.935855
4257.935855
4257.935855
4257.935855
4257.935855
4257.935855
4257.935855
4257.935855
4257.935855
4257.935855
4257.935855
4257.935855
4257.935855
4257.935855
4257.935855
4257.935855
4257.935855
4257.935855
4257.935855
4257.935855
4257.935855
4257.935855
4257.935855
4257.935855
4257.935855
4257.935855
4257.935855
4257.935855
4257.935855
4257.935855
4257.935855
4257.935855
4257.935855
4257.935855
4257.935855
4257.935855
4257.935855
4257.935855
4257.935855
4257.935855
4257.935855
4257.935855
4257.935855
4257.935855
4257.935855
4257.935855
4257.935855
4257.935855
4257.935855
4257.935855
4257.935855
4257.935855
4257.935855
4257.935855
4257.935855
4257.935855
4257.935855
4257.935855
4257.935855
4257.935855
4257.935855
4257.935855
4257.935855
4257.935855
4257.935855
4257.935855
4257.935855
4257.935855
4257.935855
4257.935855
4257.935855
4257.935855
4257.935855
4257.935855
4257.935855
4257.935855
4257.935855
4257.935855
4257.935855
4257.935855
4257.935855
4257.935855
4257.935855
4254.400198
4254.400198
4254.400198
4254.400198
4254.400198
4254.400198
4254.400198
4254.400198
4254.400198
4254.400198
4254.400198
4254.400198
4254.400198
4254.400198
4254.400198
4254.400198
4254.400198
4254.400198
4254.400198
4254.400198
4254.400198
4254.400198
4254.400198
4254.400198
4254.400198
4254.400198
4254.400198
4254.400198
4254.400198
4254.400198
4254.400198
4254.400198
4254.400198
4254.400198
4254.400198
4254.400198
4254.400198
4254.400198
4254.400198
4254.400198
4254.400198
4254.400198
4254.400198
4254.400198
4254.400198
4254.400198
4254.400198
4254.400198
4254.400198
4254.400198
4254.400198
4254.400198
4254.400198
4254.400198
4254.400198
4254.400198
4254.400198
4254.400198
4254.400198
4254.400198
4254.400198
4254.400198
4254.400198
4254.400198
4254.400198
4254.400198
4254.400198
4254.400198
4254.400198
4254.400198
4252.110993
4252.110993
4252.110993
4252.110993
4252.110993
4252.110993
4250.552709
4250.552709
4250.552709
4250.552709
4250.552709
4250.552709
4250.552709
4250.552709
4250.552709
4250.552709
4250.552709
4250.552709
4250.552709
4250.552709
4250.552709
4250.552709
4250.552709
4250.552709
4250.552709
4250.552709
4250.552709
4250.552709
4250.552709
4250.552709
4250.552709
4250.552709
4250.552709
4250.552709
4250.552709
4250.552709
4250.552709
4250.552709
4250.552709
4250.552709
4250.552709
4250.552709
4250.552709
4250.552709
4250.552709
4250.552709
4250.552709
4250.552709
4250.552709
4250.552709
4250.552709
4250.552709
4250.552709
4250.552709
4250.552709
4250.552709
4250.552709
4250.552709
4250.552709
4250.552709
4244.449663
4244.449663
4244.449663
4244.449663
4244.449663
4244.449663
4244.449663
4244.449663
4244.449663
4244.449663
4244.449663
4244.449663
4244.449663
4244.449663
4244.449663
4244.449663
4244.449663
4244.449663
4244.449663
4244.449663
4244.449663
4244.449663
4244.449663
4244.449663
4244.449663
4244.449663
4244.449663
4244.449663
4244.449663
4244.449663
4244.449663
4244.449663
4244.449663
4244.449663
4244.449663
4244.449663
4244.449663
4244.449663
4244.449663
4244.449663
4244.449663
4244.449663
4244.449663
4244.449663
4244.449663
4244.449663
4244.449663
4244.449663
4244.449663
4244.449663
4244.449663
4244.449663
4244.449663
4244.449663
4244.449663
4244.449663
4244.449663
4244.449663
4244.449663
4244.449663
4244.449663
4240.866538
4240.866538
4240.866538
4240.866538
4240.866538
4240.866538
4240.866538
4240.866538
4240.866538
4240.866538
4240.866538
4240.866538
4240.866538
4240.866538
4240.866538
4240.866538
4240.866538
4240.866538
4240.866538
4240.866538
4240.866538
4240.866538
4240.866538
4240.866538
4240.866538
4240.866538
4240.866538
4240.866538
4240.866538
4240.866538
4240.866538
4240.866538
4240.866538
4240.866538
4240.866538
4240.866538
4240.866538
4240.866538
4240.866538
4240.866538
4240.866538
4240.866538
4240.866538
4240.866538
4240.866538
4240.866538
4240.866538
4240.866538
4240.866538
4240.866538
4240.866538
4240.866538
4240.866538
4240.866538
4240.866538
4240.866538
4240.866538
4240.866538
4240.866538
4240.866538
4240.866538
4240.866538
4240.866538
4240.866538
4240.866538
4240.866538
4240.866538
4240.866538
4240.866538
4240.866538
4240.866538
4236.529605
4236.529605
4236.529605
4236.529605
4236.529605
4236.529605
4236.529605
4236.529605
4236.529605
4236.529605
4236.529605
4236.529605
4236.529605
4236.529605
4236.529605
4236.529605
4236.529605
4236.529605
4236.529605
4236.529605
4236.529605
4236.529605
4236.529605
4236.529605
4236.529605
4236.529605
4236.529605
4236.529605
4236.529605
4236.529605
4236.529605
4236.529605
4236.529605
4236.529605
4236.529605
4236.529605
4236.529605
4236.529605
4236.529605
4236.529605
4235.701325
4235.701325
4235.701325
4235.701325
4235.701325
4235.701325
4235.701325
4235.701325
4235.701325
4235.701325
4235.701325
4235.701325
4235.701325
4235.701325
4235.701325
4235.701325
4235.701325
4235.701325
4235.701325
4235.701325
4235.701325
4235.701325
4235.701325
4235.701325
4235.701325
4235.701325
4235.701325
4235.701325
4235.701325
4235.701325
4235.701325
4235.701325
4235.701325
4235.701325
4235.701325
4235.701325
4235.701325
4235.701325
4235.701325
4235.701325
4235.701325
4235.701325
4235.701325
4235.701325
4235.701325
4235.701325
4235.701325
4235.701325
4235.701325
4235.701325
4235.701325
4235.701325
4235.701325
4235.701325
4235.701325
4235.701325
4235.701325
4235.701325
4235.701325
4235.701325
4235.701325
4235.701325
4235.701325
4235.701325
4235.701325
4235.701325
4235.701325
4235.701325
4235.701325
4235.701325
4235.701325
4235.701325
4235.701325
4235.701325
4235.701325
4235.701325
4235.701325
4235.701325
4235.701325
4235.701325
4235.701325
4235.701325
4235.701325
4235.701325
4235.701325
4235.701325
4235.701325
4235.701325
4235.701325
4235.701325
4235.701325
4235.701325
4235.701325
4235.701325
4235.701325
4235.701325
4235.701325
4235.701325
4235.701325
4235.701325
4235.701325
4235.701325
4235.701325
4235.701325
4235.701325
4235.701325
4235.701325
4235.701325
4235.701325
4235.701325
4235.701325
4235.701325
4235.701325
4235.701325
4235.701325
4235.701325
4235.701325
4235.701325
4235.701325
4231.697592
4231.697592
4231.697592
4231.697592
4231.697592
4231.697592
4231.697592
4231.697592
4231.697592
4231.697592
4231.697592
4231.697592
4231.697592
4231.697592
4231.697592
4231.697592
4231.697592
4231.697592
4231.697592
4231.697592
4231.697592
4231.697592
4231.697592
4231.697592
4231.697592
4231.697592
4231.697592
4231.697592
4231.697592
4231.697592
4231.697592
4231.697592
4231.697592
4231.697592
4231.697592
4231.697592
4231.697592
4231.697592
4231.697592
4231.697592
4231.697592
4231.697592
4231.697592
4231.697592
4231.697592
4231.697592
4231.697592
4231.697592
4231.697592
4231.697592
4231.697592
4231.697592
4231.697592
4231.697592
4231.697592
4231.697592
4231.697592
4231.697592
4231.697592
4231.697592
4231.697592
4231.697592
4231.697592
4231.697592
4231.697592
4231.697592
4231.697592
4231.697592
4231.697592
4231.697592
4231.697592
4231.697592
4231.697592
4231.697592
4231.697592
4231.697592
4231.697592
4231.697592
4231.697592
4231.697592
4231.697592
4231.697592
4231.697592
4231.697592
4231.697592
4231.697592
4231.697592
4231.697592
4231.697592
4231.697592
4231.697592
4231.697592
4231.697592
4231.697592
4231.697592
4231.697592
4231.697592
4231.697592
4231.697592
4231.697592
4231.697592
4231.697592
4231.697592
4231.697592
4231.697592
4231.697592
4231.697592
4231.697592
4231.697592
4231.697592
4231.697592
4231.697592
4231.697592
4231.697592
4231.697592
4231.697592
4231.697592
4231.697592
4231.697592
4231.697592
4231.697592
4228.283232
4228.283232
4228.283232
4228.283232
4228.283232
4228.283232
4228.283232
4228.283232
4228.283232
4228.283232
4228.283232
4228.283232
4228.283232
4228.283232
4228.283232
4228.283232
4228.283232
4228.283232
4228.283232
4228.283232
4228.283232
4228.283232
4228.283232
4228.283232
4228.283232
4228.283232
4228.283232
4228.283232
4228.283232
4228.283232
4228.283232
4228.283232
4228.283232
4228.283232
4228.283232
4228.283232
4228.283232
4228.283232
4228.283232
4228.283232
4228.283232
4228.283232
4228.283232
4228.283232
4228.283232
4228.283232
4228.283232
4228.283232
4228.283232
4228.283232
4228.283232
4228.283232
4228.283232
4228.283232
4228.283232
4228.283232
4228.283232
4228.283232
4228.283232
4228.283232
4228.283232
4228.283232
4228.283232
4228.283232
4228.283232
4228.283232
4228.283232
4228.283232
4227.457199
4227.457199
4227.457199
4227.457199
4227.457199
4227.457199
4227.457199
4227.457199
4227.457199
4227.457199
4227.457199
4227.457199
4227.457199
4227.457199
4227.457199
4227.457199
4227.457199
4227.457199
4227.457199
4227.457199
4227.457199
4227.457199
4227.457199
4227.457199
4227.457199
4227.457199
4227.457199
4227.457199
4227.457199
4227.457199
4227.457199
4227.457199
4227.457199
4227.457199
4227.457199
4227.457199
4227.457199
4227.457199
4227.457199
4227.457199
4227.457199
4227.457199
4227.457199
4227.457199
4227.457199
4227.457199
4227.457199
4227.457199
4227.457199
4227.457199
4227.457199
4227.457199
4227.457199
4227.457199
4227.457199
4227.457199
4227.457199
4227.457199
4227.457199
4227.457199
4227.457199
4227.457199
4227.457199
4227.457199
4227.457199
4227.457199
4227.457199
4227.457199
4227.161008
4227.161008
4227.161008
4227.161008
4227.161008
4227.161008
4227.161008
4226.199032
4226.199032
4226.199032
4226.199032
4226.199032
4226.199032
4226.199032
4226.199032
4226.199032
4226.199032
4226.199032
4226.199032
4226.199032
4226.199032
4226.199032
4226.199032
4226.199032
4226.199032
4226.199032
4226.199032
4226.199032
4226.199032
4226.199032
4226.199032
4226.199032
4226.199032
4222.894769
4222.894769
4222.894769
4222.894769
4222.894769
4222.894769
4222.894769
4222.894769
4222.894769
4222.894769
4222.894769
4222.894769
4222.894769
4222.894769
4222.894769
4222.894769
4222.894769
4222.894769
4222.894769
4222.894769
4222.894769
4222.894769
4222.894769
4222.894769
4222.894769
4222.894769
4222.894769
4222.894769
4222.894769
4222.894769
4222.894769
4222.894769
4222.894769
4222.894769
4222.894769
4222.894769
4222.894769
4222.894769
4222.894769
4222.894769
4222.894769
4222.894769
4222.894769
4222.894769
4222.894769
4222.894769
4222.894769
4222.894769
4222.894769
4222.894769
4222.894769
4222.894769
4222.894769
4222.894769
4222.894769
4222.461191
4222.461191
4222.461191
4222.461191
4222.461191
4222.461191
4222.461191
4222.461191
4222.461191
4222.461191
4222.461191
4222.461191
4222.461191
4222.461191
4222.461191
4222.461191
4222.461191
4222.461191
4222.461191
4222.461191
4222.461191
4222.461191
4222.461191
4222.461191
4222.461191
4222.461191
4222.461191
4222.461191
4222.461191
4222.461191
4222.461191
4222.461191
4222.461191
4218.815819
4218.815819
4218.815819
4218.815819
4218.815819
4218.815819
4218.815819
4218.815819
4218.815819
4218.815819
4218.815819
4218.815819
4218.815819
4218.815819
4218.815819
4218.815819
4218.815819
4218.815819
4218.815819
4218.815819
4218.815819
4218.815819
4218.815819
4218.815819
4218.815819
4218.815819
4218.815819
4218.815819
4218.815819
4218.815819
4218.815819
4218.815819
4218.815819
4218.815819
4218.815819
4218.815819
4218.815819
4218.815819
4218.815819
4218.815819
4218.815819
4218.815819
4218.815819
4218.815819
4218.815819
4218.815819
4218.815819
4218.815819
4218.815819
4218.815819
4218.815819
4218.815819
4218.815819
4218.815819
4218.815819
4218.815819
4218.815819
4218.815819
4218.815819
4218.815819
4218.815819
4218.815819
4218.815819
4218.815819
4218.815819
4218.815819
4218.815819
4218.815819
4218.815819
4218.815819
4218.815819
4218.815819
4218.815819
4218.815819
4218.815819
4218.815819
4218.815819
4218.815819
4218.815819
4218.815819
4218.815819
4218.815819
4218.815819
4218.815819
4218.815819
4218.815819
4218.815819
4218.815819
4218.815819
4218.815819
4218.815819
4218.815819
4218.815819
4218.815819
4218.815819
4218.815819
4218.815819
4218.815819
4218.815819
4218.815819
4218.815819
4218.815819
4218.815819
4218.815819
4218.815819
4218.815819
4218.815819
4218.815819
4218.815819
4218.815819
4218.815819
4218.815819
4218.815819
4218.815819
4218.815819
4218.815819
4218.815819
4218.815819
4218.815819
4218.815819
4218.815819
4218.815819
4218.815819
4218.815819
4218.815819
4218.815819
4218.815819
4218.815819
4218.815819
4218.815819
4218.815819
4218.815819
4218.815819
4218.815819
4218.815819
4218.815819
4218.815819
4218.815819
4218.815819
4218.815819
4218.815819
4218.815819
4218.815819
4218.815819
4218.815819
4218.815819
4218.815819
4218.815819
4218.815819
4218.815819
4218.815819
4218.815819
4218.815819
4218.815819
4218.815819
4218.815819
4214.476948
4214.476948
4214.476948
4214.476948
4214.476948
4214.476948
4214.476948
4214.476948
4214.476948
4214.476948
4214.476948
4214.476948
4214.476948
4214.476948
4214.476948
4214.476948
4214.476948
4214.476948
4214.476948
4214.476948
4214.476948
4214.476948
4214.476948
4214.476948
4214.476948
4214.476948
4214.476948
4214.476948
4214.329603
4214.329603
4214.329603
4214.329603
4214.329603
4214.329603
4214.329603
4214.329603
4214.329603
4214.329603
4214.329603
4214.329603
4214.329603
4214.329603
4214.329603
4214.329603
4214.329603
4214.329603
4214.329603
4214.329603
4214.329603
4214.329603
4214.329603
4214.329603
4214.329603
4214.329603
4214.329603
4214.329603
4214.329603
4214.329603
4214.329603
4214.329603
4214.329603
4214.329603
4214.329603
4214.329603
4214.329603
4214.329603
4214.329603
4214.329603
4214.329603
4214.329603
4214.329603
4214.329603
4212.646581
4212.646581
4212.646581
4212.646581
4212.646581
4212.303233
4212.303233
4212.303233
4212.303233
4212.303233
4212.303233
4212.303233
4212.303233
4212.303233
4212.303233
4212.303233
4212.303233
4212.303233
4212.303233
4212.303233
4212.303233
4212.303233
4212.303233
4212.303233
4212.303233
4212.303233
4212.303233
4212.303233
4212.303233
4212.303233
4212.303233
4212.303233
4212.303233
4212.303233
4212.303233
4212.303233
4212.303233
4212.303233
4212.303233
4212.303233
4212.303233
4212.303233
4212.303233
4212.303233
4212.303233
4212.303233
4212.303233
4212.303233
4212.303233
4212.303233
4212.303233
4212.303233
4212.303233
4212.303233
4212.303233
4212.303233
4212.303233
4212.303233
4212.303233
4212.303233
4212.303233
4212.303233
4212.303233
4212.303233
4212.303233
4212.303233
4211.968008
4211.968008
4211.968008
4211.968008
4211.968008
4211.968008
4211.968008
4211.968008
4211.968008
4211.968008
4211.968008
4211.968008
4211.968008
4211.968008
4211.968008
4211.968008
4211.968008
4211.968008
4211.968008
4211.968008
4211.968008
4211.968008
4211.968008
4211.968008
4211.968008
4211.968008
4211.968008
4211.968008
4211.968008
4211.968008
4211.968008
4211.968008
4211.968008
4211.968008
4211.968008
4211.968008
4211.968008
4211.968008
4211.968008
4211.968008
4211.968008
4211.968008
4211.968008
4211.968008
4210.310576
4210.310576
4210.310576
4210.310576
4210.310576
4210.310576
4210.310576
4210.310576
4210.310576
4210.310576
4210.310576
4210.310576
4210.310576
4204.768678
4204.768678
4204.768678
4204.768678
4204.768678
4204.768678
4204.768678
4204.768678
4204.768678
4204.768678
4204.768678
4204.768678
4204.768678
4204.768678
4204.768678
4204.768678
4204.768678
4204.768678
4204.768678
4204.768678
4204.768678
4204.768678
4204.768678
4204.768678
4204.768678
4204.768678
4204.768678
4204.768678
4204.768678
4204.768678
4204.768678
4204.768678
4204.768678
4204.768678
4204.768678
4204.768678
4204.768678
4204.768678
4204.768678
4204.768678
4204.768678
4204.768678
4204.768678
4204.768678
4204.768678
4204.768678
4204.768678
4204.768678
4204.768678
4204.768678
4204.768678
4204.768678
4204.768678
4204.768678
4204.768678
4204.768678
4204.768678
4204.768678
4204.768678
4204.768678
4204.768678
4204.768678
4204.768678
4204.768678
4204.768678
4204.768678
4204.768678
4204.768678
4204.768678
4204.768678
4204.768678
4204.768678
4204.768678
4204.768678
4204.768678
4204.768678
4204.768678
4204.768678
4204.768678
4204.768678
4204.768678
4204.768678
4204.768678
4204.768678
4204.768678
4204.768678
4204.768678
4204.768678
4204.768678
4204.768678
4204.768678
4204.768678
4204.768678
4204.768678
4204.768678
4204.768678
4204.768678
4204.768678
4204.768678
4204.768678
4204.081021
4204.081021
4204.081021
4204.081021
4204.081021
4204.081021
4204.081021
4204.081021
4204.081021
4204.081021
4204.081021
4204.081021
4204.081021
4204.081021
4204.081021
4204.081021
4204.081021
4204.081021
4204.081021
4204.081021
4204.081021
4204.081021
4204.081021
4204.081021
4204.081021
4204.081021
4199.751169
4199.751169
4199.751169
4199.751169
4199.751169
4199.751169
4199.751169
4199.751169
4199.751169
4199.751169
4199.751169
4199.751169
4199.751169
4199.751169
4199.751169
4199.751169
4199.751169
4199.751169
4199.751169
4199.751169
4199.751169
4199.751169
4199.751169
4199.751169
4199.751169
4199.751169
4199.751169
4199.751169
4199.751169
4199.751169
4199.751169
4199.751169
4199.751169
4199.751169
4199.751169
4199.751169
4199.751169
4199.751169
4199.751169
4199.751169
4199.751169
4199.751169
4199.751169
4199.751169
4199.751169
4199.751169
4199.751169
4199.751169
4199.751169
4199.751169
4199.751169
4199.751169
4199.751169
4199.751169
4199.751169
4199.751169
4199.751169
4199.751169
4199.751169
4199.751169
4199.751169
4199.751169
4199.751169
4197.418359
4197.418359
4197.418359
4197.418359
4197.418359
4197.418359
4197.418359
4197.418359
4197.418359
4197.418359
4197.418359
4197.418359
4197.418359
4197.418359
4197.418359
4197.418359
4197.418359
4197.418359
4197.418359
4197.418359
4197.418359
4197.418359
4197.418359
4197.418359
4197.418359
4197.418359
4197.418359
4197.418359
4197.418359
4197.418359
4197.418359
4197.418359
4197.418359
4197.418359
4197.418359
4197.418359
4197.418359
4197.418359
4197.418359
4197.418359
4197.418359
4197.418359
4197.418359
4197.418359
4197.418359
4197.418359
4197.418359
4197.418359
4197.418359
4197.418359
4191.269832
4191.269832
4191.269832
4191.269832
4191.269832
4191.269832
4191.269832
4191.269832
4191.269832
4191.269832
4191.269832
4191.269832
4191.269832
4191.269832
4191.269832
4191.269832
4191.269832
4191.269832
4191.269832
4191.269832
4191.269832
4191.269832
4191.269832
4191.269832
4191.269832
4191.269832
4191.269832
4191.269832
4191.269832
4191.269832
4191.269832
4191.269832
4191.269832
4191.269832
4191.269832
4191.269832
4191.269832
4191.269832
4191.269832
4191.269832
4191.269832
4191.269832
4191.269832
4191.269832
4191.269832
4191.269832
4191.269832
4191.269832
4191.269832
4191.269832
4191.269832
4191.269832
4191.269832
4191.269832
4191.269832
4191.269832
4191.269832
4191.269832
4191.269832
4191.269832
4191.269832
4191.269832
4191.269832
4191.269832
4191.269832
4191.269832
4191.269832
4191.269832
4191.269832
4191.269832
4191.269832
4191.269832
4191.269832
4191.269832
4191.269832
4191.269832
4191.269832
4191.269832
4191.269832
4191.051154
4191.051154
4191.051154
4191.051154
4191.051154
4191.051154
4191.051154
4191.051154
4191.051154
4191.051154
4191.051154
4191.051154
4191.051154
4191.051154
4191.051154
4191.051154
4191.051154
4191.051154
4191.051154
4191.051154
4191.051154
4191.051154
4191.051154
4191.051154
4191.051154
4191.051154
4191.051154
4191.051154
4191.051154
4191.051154
4191.051154
4191.051154
4191.051154
4191.051154
4191.051154
4191.051154
4191.051154
4191.051154
4191.051154
4191.051154
4185.759875
4185.759875
4185.759875
4185.759875
4185.759875
4185.759875
4185.759875
4183.526780
4183.526780
4183.526780
4183.526780
4183.526780
4183.526780
4183.526780
4183.526780
4183.526780
4183.526780
4183.526780
4183.526780
4183.526780
4183.526780
4183.526780
4183.526780
4183.526780
4183.526780
4183.526780
4183.526780
4183.526780
4183.526780
4183.526780
4183.526780
4183.526780
4183.526780
4183.526780
4183.526780
4183.526780
4183.526780
4183.526780
4183.526780
4183.526780
4183.526780
4183.526780
4183.526780
4183.526780
4183.526780
4183.526780
4183.526780
4183.526780
4183.526780
4183.526780
4183.526780
4183.526780
4183.526780
4183.526780
4183.526780
4183.526780
4183.526780
4183.526780
4183.526780
4183.526780
4183.526780
4183.526780
4183.526780
4183.526780
4183.526780
4183.526780
4183.526780
4183.526780
4183.526780
4183.526780
4183.526780
4183.526780
4183.526780
4183.526780
4183.526780
4183.526780
4183.526780
4183.526780
4183.526780
4183.526780
4183.526780
4183.526780
4183.526780
4183.526780
4183.526780
4183.526780
4183.526780
4183.526780
4183.526780
4183.526780
4183.526780
4183.526780
4183.526780
4183.526780
4183.526780
4183.526780
4183.526780
4183.526780
4183.526780
4183.526780
4183.526780
4183.526780
4183.526780
4183.526780
4183.526780
4183.526780
4183.526780
4183.526780
4183.526780
4183.526780
4183.526780
4183.526780
4183.526780
4183.526780
4183.526780
4183.526780
4183.526780
4183.526780
4183.526780
4183.526780
4183.526780
4183.526780
4183.526780
4183.526780
4183.526780
4183.526780
4180.932223
4180.932223
4180.932223
4180.932223
4180.932223
4180.932223
4180.932223
4180.932223
4180.932223
4180.932223
4180.932223
4180.932223
4180.932223
4180.932223
4180.932223
4180.932223
4180.932223
4180.932223
4180.932223
4180.932223
4180.932223
4180.932223
4180.932223
4180.932223
4180.932223
4180.932223
4180.932223
4180.932223
4180.932223
4180.932223
4180.932223
4180.932223
4180.932223
4180.932223
4180.932223
4180.932223
4180.932223
4180.932223
4180.932223
4180.932223
4178.177260
4178.177260
4178.177260
4178.177260
4178.177260
4178.177260
4178.177260
4178.177260
4178.177260
4178.177260
4178.177260
4178.177260
4178.177260
4178.177260
4178.177260
4178.177260
4178.177260
4178.177260
4178.177260
4178.177260
4178.177260
4178.177260
4178.177260
4178.177260
4178.177260
4178.177260
4178.177260
4178.177260
4178.177260
4178.177260
4178.177260
4178.177260
4178.177260
4178.177260
4177.400533
4177.400533
4177.400533
4177.400533
4177.400533
4177.400533
4177.400533
4177.400533
4177.400533
4177.400533
4177.400533
4177.400533
4177.400533
4177.400533
4177.400533
4177.400533
4177.400533
4177.400533
4177.400533
4177.400533
4177.400533
4177.400533
4177.400533
4177.400533
4177.400533
4177.400533
4177.400533
4177.400533
4177.400533
4177.400533
4177.400533
4177.400533
4177.400533
4174.883148
4174.883148
4174.883148
4174.883148
4174.883148
4174.883148
4174.883148
4174.883148
4174.883148
4174.883148
4174.883148
4174.883148
4174.883148
4174.883148
4174.883148
4174.883148
4174.883148
4174.883148
4174.883148
4174.883148
4174.883148
4174.883148
4174.883148
4174.883148
4174.883148
4174.883148
4174.883148
4174.883148
4174.883148
4174.883148
4174.883148
4174.883148
4174.883148
4174.883148
4174.883148
4174.883148
4174.883148
4174.883148
4174.883148
4174.883148
4174.883148
4174.883148
4174.883148
4174.883148
4174.883148
4174.883148
4174.883148
4174.883148
4174.883148
4174.883148
4174.883148
4174.883148
4174.883148
4174.883148
4174.883148
4174.883148
4174.883148
4174.883148
4174.883148
4174.883148
4174.883148
4174.883148
4174.883148
4174.883148
4174.883148
4174.883148
4174.883148
4174.883148
4174.883148
4174.883148
4174.883148
4174.883148
4174.883148
4174.883148
4174.883148
4174.883148
4174.883148
4174.883148
4174.883148
4174.883148
4174.883148
4174.883148
4174.883148
4174.883148
4174.883148
4174.883148
4174.883148
4174.883148
4174.883148
4174.883148
4174.883148
4174.883148
4174.883148
4174.883148
4174.883148
4174.883148
4174.883148
4174.883148
4174.883148
4174.883148
4174.883148
4174.883148
4174.883148
4174.883148
4174.883148
4174.883148
4174.883148
4168.588164
4168.588164
4168.588164
4168.588164
4168.588164
4168.588164
4168.588164
4168.588164
4168.588164
4168.588164
4168.588164
4168.588164
4168.588164
4168.588164
4168.588164
4168.588164
4168.588164
4168.588164
4168.588164
4168.588164
4168.588164
4168.588164
4168.588164
4168.588164
4168.588164
4168.588164
4168.588164
4168.588164
4168.588164
4168.588164
4168.588164
4168.588164
4168.588164
4168.588164
4168.588164
4168.588164
4168.588164
4168.588164
4168.588164
4168.588164
4168.588164
4168.588164
4168.588164
4168.588164
4168.588164
4168.588164
4168.588164
4168.588164
4168.588164
4168.588164
4168.588164
4168.588164
4168.588164
4168.588164
4168.588164
4168.588164
4168.588164
4168.588164
4168.588164
4168.588164
4168.588164
4168.588164
4168.588164
4168.588164
4168.588164
4168.588164
4168.588164
4168.588164
4168.588164
4168.588164
4168.588164
4168.588164
4168.588164
4168.588164
4168.588164
4168.588164
4168.588164
4168.588164
4168.588164
4168.588164
4168.588164
4168.588164
4168.588164
4168.588164
4168.588164
4168.588164
4168.588164
4168.588164
4168.588164
4168.588164
4168.588164
4168.588164
4168.588164
4168.588164
4168.588164
4168.588164
4168.588164
4168.588164
4168.588164
4168.588164
4168.588164
4168.588164
4168.588164
4168.588164
4168.588164
4168.588164
4164.971233
4164.971233
4164.971233
4164.971233
4164.971233
4164.971233
4164.971233
4164.971233
4164.971233
4164.971233
4164.971233
4164.971233
4164.971233
4164.971233
4164.971233
4164.971233
4164.971233
4164.971233
4164.971233
4164.971233
4164.971233
4164.971233
4164.971233
4164.971233
4164.971233
4164.971233
4164.971233
4164.971233
4164.971233
4164.971233
4164.971233
4164.971233
4164.971233
4164.971233
4164.971233
4164.971233
4164.971233
4164.971233
4164.971233
4164.971233
4164.971233
4164.971233
4164.971233
4164.971233
4164.971233
4164.971233
4164.971233
4164.971233
4164.971233
4164.971233
4164.971233
4164.971233
4164.971233
4164.971233
4161.847510
4161.847510
4161.847510
4161.847510
4161.847510
4161.847510
4161.847510
4161.847510
4161.847510
4161.847510
4161.847510
4161.847510
4161.847510
4161.847510
4161.847510
4161.847510
4161.847510
4161.847510
4161.847510
4161.847510
4161.847510
4161.847510
4161.847510
4161.847510
4161.847510
4161.847510
4161.847510
4161.847510
4161.847510
4161.847510
4161.847510
4161.847510
4161.847510
4161.847510
4161.847510
4161.847510
4161.847510
4161.847510
4161.847510
4161.847510
4161.847510
4161.847510
4161.847510
4161.847510
4161.847510
4161.847510
4161.847510
4161.847510
4161.847510
4161.847510
4161.847510
4161.847510
4161.847510
4161.847510
4161.847510
4161.847510
4161.847510
4161.847510
4161.847510
4161.847510
4161.847510
4161.847510
4161.847510
4161.847510
4161.847510
4161.847510
4161.847510
4161.847510
4161.847510
4161.847510
4161.847510
4161.847510
4161.847510
4161.847510
4161.847510
4161.847510
4161.847510
4161.847510
4161.847510
4161.847510
4161.847510
4161.847510
4161.847510
4161.847510
4161.847510
4161.847510
4161.847510
4161.847510
4161.847510
4161.847510
4161.847510
4161.847510
4161.847510
4161.847510
4161.847510
4161.847510
4161.847510
4161.847510
4161.847510
4161.847510
4161.847510
4161.847510
4161.847510
4161.847510
4161.847510
4161.847510
4161.847510
4161.847510
4161.847510
4161.847510
4161.847510
4161.847510
4161.847510
4161.847510
4161.847510
4161.847510
4161.847510
4161.837682
4161.837682
4161.837682
4161.837682
4161.837682
4161.837682
4161.837682
4161.837682
4161.837682
4161.837682
4161.837682
4161.837682
4161.837682
4161.837682
4161.837682
4161.837682
4161.837682
4161.837682
4161.837682
4161.837682
4161.837682
4161.837682
4161.837682
4161.837682
4161.837682
4161.837682
4161.837682
4161.837682
4161.837682
4161.837682
4161.837682
4161.500250
4161.500250
4161.500250
4156.486185
4156.486185
4156.486185
4156.486185
4156.486185
4156.486185
4156.486185
4156.486185
4156.486185
4156.486185
4156.486185
4156.486185
4156.486185
4156.486185
4156.486185
4156.486185
4156.486185
4156.486185
4156.486185
4156.486185
4156.486185
4156.486185
4156.486185
4156.486185
4156.486185
4156.486185
4156.486185
4156.486185
4156.486185
4156.486185
4156.486185
4156.486185
4156.486185
4156.486185
4156.486185
4156.486185
4156.486185
4156.486185
4156.486185
4156.486185
4156.486185
4156.486185
4156.486185
4156.486185
4156.486185
4156.486185
4156.486185
4156.486185
4156.486185
4156.486185
4156.486185
4156.486185
4156.486185
4156.486185
4156.486185
4156.486185
4156.486185
4156.486185
4156.486185
4156.486185
4156.486185
4156.486185
4156.486185
4156.486185
4156.486185
4156.486185
4156.486185
4156.486185
4156.486185
4156.486185
4156.486185
4156.486185
4156.486185
4156.486185
4156.486185
4156.486185
4156.486185
4156.486185
4156.486185
4156.486185
4156.486185
4156.486185
4156.486185
4156.486185
4156.486185
4156.486185
4156.486185
4156.486185
4156.486185
4156.486185
4156.486185
4156.486185
4156.088134
4156.088134
4156.088134
4156.088134
4156.088134
4151.865914
4151.865914
4151.865914
4151.865914
4151.865914
4151.865914
4151.865914
4151.865914
4151.865914
4151.865914
4151.865914
4151.865914
4151.865914
4151.865914
4151.865914
4151.865914
4151.865914
4151.865914
4151.865914
4151.865914
4151.865914
4151.865914
4151.865914
4151.865914
4151.865914
4151.865914
4151.865914
4151.865914
4151.865914
4151.865914
4151.865914
4151.865914
4151.865914
4151.865914
4151.865914
4151.865914
4151.865914
4151.865914
4151.865914
4151.865914
4151.865914
4151.865914
4151.865914
4151.865914
4151.865914
4151.865914
4151.865914
4151.865914
4151.865914
4151.865914
4151.865914
4151.865914
4151.865914
4151.865914
4151.865914
4151.865914
4151.865914
4151.865914
4151.865914
4151.865914
4151.865914
4151.865914
4151.865914
4151.865914
4151.865914
4151.865914
4151.865914
4151.865914
4151.865914
4151.865914
4151.865914
4151.865914
4151.865914
4151.865914
4151.865914
4151.865914
4151.865914
4151.865914
4151.865914
4151.865914
4151.865914
4151.865914
4151.865914
4151.865914
4151.865914
4151.865914
4151.865914
4151.865914
4151.865914
4151.865914
4151.865914
4151.865914
4151.865914
4151.865914
4151.865914
4151.865914
4151.865914
4151.865914
4151.865914
4151.865914
4151.865914
4151.865914
4151.865914
4151.865914
4151.865914
4151.865914
4151.865914
4151.865914
4151.865914
4151.865914
4151.865914
4151.865914
4151.865914
4151.865914
4151.865914
4151.865914
4151.865914
4151.865914
4151.865914
4151.865914
4151.865914
4151.865914
4151.865914
4151.865914
4151.865914
4151.865914
4151.865914
4151.865914
4151.865914
4151.865914
4151.865914
4151.865914
4151.865914
4151.865914
4151.865914
4151.865914
4151.865914
4151.865914
4151.865914
4151.865914
4151.865914
4151.865914
4151.865914
4151.865914
4151.865914
4151.865914
4151.865914
4151.865914
4151.865914
4151.865914
4151.865914
4151.865914
4151.865914
4151.865914
4151.865914
4151.865914
4151.865914
4151.865914
4151.865914
4151.865914
4151.865914
4151.865914
4151.865914
4151.865914
4151.865914
4151.865914
4151.865914
4151.865914
4151.865914
4151.865914
4151.865914
4151.865914
4151.865914
4151.865914
4151.865914
4151.865914
4151.865914
4151.865914
4151.865914
4151.865914
4151.865914
4151.865914
4151.865914
4148.659529
4148.659529
4148.659529
4148.659529
4148.659529
4148.659529
4148.659529
4148.659529
4148.659529
4148.659529
4148.659529
4148.659529
4148.659529
4148.659529
4148.659529
4148.659529
4148.659529
4148.659529
4148.659529
4148.659529
4148.659529
4148.659529
4148.659529
4148.659529
4148.659529
4148.659529
4148.659529
4148.659529
4148.659529
4148.659529
4148.659529
4148.659529
4148.659529
4148.659529
4148.659529
4148.659529
4148.659529
4148.659529
4148.659529
4148.659529
4148.659529
4148.659529
4148.659529
4148.659529
4148.659529
4148.659529
4147.455711
4147.455711
4147.455711
4147.455711
4144.712721
4144.712721
4144.712721
4144.712721
4144.712721
4144.712721
4144.712721
4144.712721
4144.712721
4144.712721
4144.712721
4144.712721
4144.712721
4144.712721
4144.712721
4144.712721
4144.712721
4144.712721
4144.712721
4144.712721
4144.712721
4144.712721
4144.712721
4144.712721
4144.712721
4144.712721
4144.712721
4144.712721
4144.712721
4144.712721
4144.712721
4144.712721
4144.712721
4144.712721
4144.712721
4144.712721
4144.712721
4144.712721
4144.712721
4144.712721
4144.712721
4144.712721
4144.712721
4144.712721
4144.712721
4144.712721
4144.712721
4144.712721
4144.712721
4144.712721
4144.712721
4144.712721
4144.712721
4144.712721
4144.712721
4144.712721
4144.712721
4144.712721
4144.712721
4144.712721
4144.712721
4144.712721
4144.712721
4143.508021
4143.508021
4143.508021
4143.508021
4143.508021
4143.508021
4143.508021
4143.508021
4143.508021
4143.508021
4143.508021
4143.508021
4143.508021
4143.508021
4143.508021
4143.508021
4143.508021
4143.508021
4143.508021
4143.508021
4143.508021
4143.508021
4143.508021
4143.508021
4143.508021
4143.508021
4143.508021
4143.508021
4143.508021
4142.854472
4142.854472
4142.854472
4142.854472
4142.854472
4142.854472
4142.854472
4142.854472
4142.854472
4142.854472
4142.854472
4142.854472
4142.854472
4142.854472
4142.854472
4142.854472
4142.854472
4142.854472
4142.854472
4142.854472
4142.854472
4142.854472
4142.854472
4142.854472
4142.854472
4142.854472
4142.854472
4142.854472
4142.854472
4142.854472
4142.854472
4142.854472
4142.854472
4142.854472
4142.854472
4142.854472
4142.854472
4142.854472
4142.854472
4142.854472
4142.854472
4142.854472
4142.854472
4142.854472
4142.854472
4142.854472
4142.854472
4142.854472
4142.854472
4142.854472
4142.854472
4142.854472
4142.385254
4142.385254
4142.385254
4142.385254
4142.385254
4142.385254
4142.385254
4142.385254
4142.385254
4142.385254
4142.385254
4142.385254
4142.385254
4142.385254
4142.385254
4142.385254
4142.385254
4142.385254
4142.385254
4142.385254
4142.385254
4142.385254
4142.385254
4142.385254
4135.550074
4135.550074
4135.550074
4135.550074
4135.550074
4135.550074
4135.550074
4135.550074
4135.550074
4135.550074
4135.550074
4135.550074
4135.550074
4135.550074
4135.550074
4135.550074
4135.550074
4135.550074
4135.550074
4135.550074
4135.550074
4135.550074
4135.550074
4135.550074
4135.550074
4135.550074
4135.550074
4135.550074
4135.550074
4135.550074
4135.550074
4135.550074
4135.550074
4135.550074
4135.550074
4135.550074
4135.550074
4135.550074
4135.550074
4135.550074
4135.550074
4135.550074
4135.550074
4135.550074
4135.550074
4135.550074
4135.550074
4135.550074
4135.550074
4135.550074
4135.550074
4135.550074
4135.550074
4135.550074
4135.550074
4135.550074
4135.550074
4135.550074
4135.550074
4135.550074
4135.550074
4135.550074
4135.550074
4135.550074
4135.550074
4135.550074
4135.550074
4135.550074
4135.550074
4135.550074
4135.550074
4135.550074
4135.550074
4135.550074
4135.550074
4135.550074
4135.550074
4135.550074
4135.550074
4135.550074
4135.550074
4135.550074
4135.550074
4135.550074
4135.550074
4135.550074
4135.550074
4135.550074
4135.550074
4135.550074
4135.550074
4135.550074
4135.550074
4135.550074
4135.550074
4135.550074
4135.550074
4135.550074
4135.550074
4135.550074
4134.299021
4134.299021
4134.299021
4134.299021
4134.299021
4134.299021
4134.299021
4134.299021
4134.299021
4134.299021
4134.299021
4134.299021
4134.299021
4134.299021
4134.299021
4134.299021
4134.299021
4134.299021
4134.299021
4134.299021
4134.299021
4134.299021
4134.299021
4134.299021
4134.299021
4134.299021
4134.299021
4134.299021
4134.299021
4134.299021
4134.299021
4134.299021
4134.299021
4134.299021
4134.299021
4134.299021
4134.299021
4134.299021
4134.299021
4134.299021
4134.299021
4134.299021
4134.299021
4134.299021
4134.299021
4134.299021
4134.299021
4134.299021
4134.299021
4134.299021
4134.299021
4134.299021
4134.299021
4134.299021
4134.299021
4134.299021
4134.299021
4134.299021
4134.299021
4134.299021
4134.299021
4134.299021
4134.299021
4130.157238
4130.157238
4130.157238
4130.157238
4130.157238
4130.157238
4130.157238
4130.157238
4130.157238
4130.157238
4130.157238
4130.157238
4130.157238
4130.157238
4130.157238
4130.157238
4130.157238
4130.157238
4130.157238
4130.157238
4130.157238
4130.157238
4130.157238
4130.157238
4130.157238
4130.157238
4130.157238
4130.157238
4130.157238
4130.157238
4130.157238
4130.157238
4130.157238
4130.157238
4130.157238
4130.157238
4130.157238
4130.157238
4130.157238
4130.157238
4130.157238
4130.157238
4130.157238
4130.157238
4130.157238
4130.157238
4130.157238
4130.157238
4130.157238
4130.157238
4130.157238
4130.157238
4130.157238
4130.157238
4130.157238
4130.091023
4130.091023
4130.091023
4130.091023
4130.091023
4130.091023
4130.091023
4130.091023
4130.091023
4130.091023
4130.091023
4130.091023
4130.091023
4130.091023
4130.091023
4130.091023
4130.091023
4130.091023
4130.091023
4130.091023
4130.091023
4130.091023
4130.091023
4130.091023
4129.247431
4121.199881
4121.199881
4121.199881
4121.199881
4121.199881
4121.199881
4121.199881
4121.199881
4121.199881
4121.199881
4121.199881
4121.199881
4121.199881
4121.199881
4121.199881
4121.199881
4121.199881
4121.199881
4121.199881
4121.199881
4121.199881
4121.199881
4121.199881
4121.199881
4121.199881
4121.199881
4121.199881
4121.199881
4121.199881
4121.199881
4121.199881
4121.199881
4121.199881
4121.199881
4121.199881
4121.199881
4121.199881
4121.199881
4121.199881
4121.199881
4121.199881
4121.199881
4121.199881
4121.199881
4121.199881
4121.199881
4121.199881
4121.199881
4121.199881
4121.199881
4121.199881
4121.199881
4121.199881
4121.199881
4121.199881
4121.199881
4121.199881
4121.199881
4121.199881
4121.199881
4121.199881
4121.199881
4121.199881
4121.199881
4121.199881
4121.199881
4121.199881
4121.199881
4121.199881
4121.199881
4121.199881
4121.199881
4121.199881
4121.199881
4121.199881
4121.199881
4121.199881
4121.199881
4121.199881
4121.199881
4121.199881
4121.199881
4121.199881
4121.199881
4121.199881
4121.199881
4121.199881
4121.199881
4121.199881
4121.199881
4121.199881
4121.199881
4121.199881
4121.199881
4121.199881
4121.199881
4121.199881
4121.199881
4121.199881
4121.199881
4121.199881
4121.199881
4121.199881
4121.199881
4121.199881
4121.199881
4121.199881
4121.199881
4121.199881
4121.199881
4121.199881
4120.403608
4120.403608
4120.403608
4120.403608
4120.403608
4120.403608
4119.226842
4119.226842
4119.226842
4119.226842
4119.226842
4119.226842
4119.226842
4119.226842
4119.226842
4119.226842
4119.226842
4119.226842
4116.653126
4116.653126
4116.653126
4116.653126
4116.653126
4116.653126
4116.653126
4116.653126
4116.653126
4116.653126
4116.653126
4116.653126
4116.653126
4116.653126
4116.653126
4116.653126
4116.653126
4116.653126
4116.653126
4116.653126
4116.653126
4116.653126
4116.653126
4116.653126
4116.653126
4116.653126
4116.653126
4116.653126
4116.653126
4116.653126
4116.653126
4116.653126
4116.653126
4116.653126
4116.653126
4116.653126
4116.653126
4116.653126
4116.653126
4116.653126
4116.653126
4116.653126
4116.653126
4116.653126
4116.653126
4116.653126
4116.653126
4116.653126
4116.653126
4116.653126
4116.653126
4116.653126
4116.653126
4116.653126
4116.653126
4116.653126
4116.653126
4116.653126
4116.653126
4116.653126
4116.653126
4116.653126
4116.653126
4116.653126
4116.653126
4116.653126
4116.653126
4116.653126
4116.653126
4116.653126
4116.653126
4116.653126
4116.653126
4116.653126
4116.653126
4116.653126
4116.653126
4116.653126
4116.653126
4116.653126
4116.653126
4116.653126
4116.653126
4116.653126
4116.653126
4116.653126
4116.653126
4116.653126
4116.653126
4116.653126
4116.653126
4116.653126
4116.653126
4116.653126
4116.653126
4116.653126
4116.653126
4116.653126
4116.653126
4116.653126
4116.653126
4116.653126
4116.653126
4116.653126
4116.653126
4116.653126
4114.747726
4114.747726
4114.747726
4114.747726
4114.747726
4114.747726
4114.747726
4114.747726
4114.747726
4114.747726
4114.747726
4114.747726
4114.747726
4114.747726
4114.747726
4114.747726
4114.747726
4114.747726
4114.747726
4114.747726
4114.747726
4114.747726
4114.747726
4114.747726
4114.747726
4114.747726
4113.785236
4113.785236
4113.785236
4113.785236
4113.785236
4113.785236
4113.785236
4113.785236
4113.785236
4113.785236
4113.785236
4113.785236
4113.785236
4113.785236
4113.785236
4113.785236
4113.785236
4113.785236
4113.785236
4113.785236
4113.785236
4113.785236
4113.785236
4113.785236
4113.785236
4113.785236
4113.785236
4113.785236
4113.785236
4113.785236
4113.785236
4113.785236
4113.785236
4113.785236
4113.785236
4113.785236
4113.785236
4113.147607
4113.147607
4113.147607
4113.147607
4113.147607
4113.147607
4113.147607
4113.147607
4113.147607
4113.147607
4113.147607
4113.147607
4113.147607
4113.147607
4113.147607
4113.147607
4112.008609
4112.008609
4112.008609
4112.008609
4112.008609
4112.008609
4112.008609
4112.008609
4109.537642
4109.537642
4109.537642
4109.537642
4109.537642
4109.537642
4109.537642
4109.537642
4109.537642
4109.537642
4109.537642
4109.537642
4109.537642
4109.537642
4109.537642
4109.537642
4109.537642
4109.537642
4109.537642
4109.537642
4109.537642
4109.537642
4109.537642
4109.537642
4109.537642
4109.537642
4109.537642
4109.537642
4109.537642
4109.537642
4109.537642
4109.537642
4109.537642
4109.537642
4109.537642
4109.537642
4109.537642
4109.537642
4109.537642
4109.049225
4109.049225
4109.049225
4109.049225
4109.049225
4109.049225
4109.049225
4109.049225
4109.049225
4109.049225
4109.049225
4109.049225
4109.049225
4109.049225
4109.049225
4109.049225
4109.049225
4109.049225
4109.049225
4107.315731
4107.315731
4107.315731
4107.315731
4107.315731
4107.315731
4107.315731
4107.315731
4107.315731
4107.315731
4107.315731
4107.315731
4107.315731
4107.315731
4107.315731
4107.315731
4107.315731
4107.315731
4107.315731
4107.315731
4107.315731
4107.315731
4107.315731
4107.315731
4107.315731
4107.315731
4107.315731
4107.315731
4107.315731
4107.315731
4107.315731
4107.315731
4107.315731
4103.537762
4103.537762
4103.537762
4103.537762
4103.537762
4103.537762
4103.537762
4103.537762
4103.537762
4103.537762
4103.537762
4103.537762
4103.537762
4103.537762
4103.537762
4103.537762
4103.537762
4103.537762
4103.537762
4103.537762
4103.537762
4103.537762
4103.537762
4103.537762
4103.537762
4103.537762
4103.537762
4103.537762
4103.537762
4103.537762
4103.537762
4103.537762
4103.537762
4103.537762
4103.537762
4103.537762
4103.537762
4103.537762
4103.537762
4103.537762
4103.537762
4103.537762
4103.537762
4103.537762
4103.537762
4103.537762
4103.537762
4103.537762
4103.537762
4103.537762
4103.537762
4103.537762
4103.537762
4103.537762
4103.537762
4103.537762
4103.537762
4103.537762
4103.537762
4103.537762
4103.537762
4103.537762
4103.537762
4103.537762
4103.537762
4103.537762
4103.537762
4103.537762
4103.537762
4103.537762
4103.537762
4103.537762
4103.537762
4103.537762
4103.537762
4103.537762
4103.537762
4103.537762
4103.537762
4103.537762
4103.537762
4103.537762
4103.537762
4103.537762
4103.537762
4103.537762
4103.537762
4103.537762
4103.537762
4103.537762
4103.537762
4103.537762
4103.537762
4099.148125
4099.148125
4099.148125
4099.148125
4099.148125
4099.148125
4099.148125
4099.148125
4099.148125
4099.148125
4099.148125
4099.148125
4099.148125
4099.148125
4099.148125
4099.148125
4099.148125
4099.148125
4099.148125
4099.148125
4099.148125
4099.148125
4099.148125
4099.148125
4099.148125
4099.148125
4099.148125
4099.148125
4099.148125
4099.148125
4099.148125
4099.148125
4099.148125
4099.148125
4099.148125
4099.148125
4099.148125
4099.148125
4099.148125
4098.118178
4098.118178
4098.118178
4098.118178
4098.118178
4098.118178
4098.118178
4098.118178
4098.118178
4098.118178
4098.118178
4096.666810
4096.666810
4096.666810
4096.666810
4096.666810
4096.666810
4096.666810
4096.666810
4096.666810
4096.666810
4096.666810
4096.666810
4096.666810
4096.666810
4096.666810
4096.666810
4096.666810
4096.666810
4096.666810
4096.666810
4096.666810
4096.666810
4096.666810
4096.666810
4096.666810
4094.110384
4094.110384
4094.110384
4094.110384
4094.110384
4094.110384
4094.110384
4094.110384
4094.110384
4094.110384
4094.110384
4094.110384
4094.110384
4094.110384
4094.110384
4094.110384
4094.110384
4094.110384
4094.110384
4094.110384
4094.110384
4094.110384
4094.110384
4094.110384
4094.110384
4094.110384
4094.110384
4094.110384
4094.110384
4094.110384
4094.110384
4094.110384
4094.110384
4094.110384
4094.110384
4094.110384
4094.110384
4094.110384
4094.110384
4094.110384
4094.110384
4094.110384
4094.110384
4094.110384
4094.110384
4094.110384
4094.110384
4094.110384
4094.110384
4094.110384
4094.110384
4094.110384
4093.958770
4093.958770
4093.958770
4093.958770
4093.958770
4090.938661
4090.938661
4090.938661
4090.938661
4090.938661
4090.938661
4090.938661
4090.938661
4090.938661
4090.938661
4090.938661
4090.938661
4088.550187
4088.550187
4088.550187
4088.550187
4088.550187
4088.550187
4083.830657
4083.830657
4083.830657
4083.830657
4083.830657
4083.830657
4083.830657
4083.830657
4083.830657
4083.830657
4083.830657
4083.830657
4083.830657
4083.830657
4083.830657
4083.830657
4083.830657
4083.830657
4083.830657
4083.830657
4083.830657
4083.830657
4083.830657
4083.830657
4083.830657
4083.830657
4083.830657
4083.830657
4083.830657
4083.830657
4083.830657
4083.830657
4083.830657
4083.830657
4083.830657
4083.830657
4083.830657
4083.830657
4083.830657
4083.830657
4083.830657
4083.830657
4083.830657
4083.830657
4083.830657
4083.830657
4083.830657
4083.830657
4083.830657
4083.830657
4083.830657
4083.830657
4083.830657
4083.830657
4083.830657
4083.830657
4083.830657
4083.830657
4083.830657
4083.830657
4083.830657
4083.830657
4083.830657
4083.830657
4083.830657
4083.830657
4083.830657
4083.830657
4083.830657
4083.830657
4083.830657
4083.830657
4083.830657
4083.830657
4083.830657
4083.830657
4083.830657
4083.830657
4083.830657
4083.830657
4083.830657
4083.830657
4083.830657
4083.830657
4083.830657
4083.830657
4083.830657
4083.830657
4083.830657
4080.358887
4080.358887
4080.358887
4080.358887
4080.358887
4080.358887
4080.358887
4080.358887
4080.358887
4080.358887
4080.358887
4080.358887
4080.358887
4071.975023
4071.975023
4071.975023
4071.975023
4071.975023
4071.975023
4071.975023
4071.975023
4071.975023
4071.975023
4071.975023
4071.975023
4071.975023
4071.975023
4071.975023
4071.975023
4071.975023
4071.975023
4071.975023
4071.975023
4071.975023
4071.975023
4071.975023
4071.975023
4071.975023
4071.975023
4071.975023
4071.975023
4071.975023
4071.975023
4071.975023
4071.975023
4071.975023
4071.975023
4071.975023
4071.975023
4071.975023
4071.975023
4071.975023
4071.975023
4071.975023
4071.975023
4071.975023
4071.975023
4071.975023
4071.975023
4071.975023
4071.975023
4071.975023
4071.975023
4071.975023
4071.975023
4071.975023
4071.975023
4071.975023
4071.975023
4071.975023
4071.975023
4071.975023
4071.975023
4071.975023
4071.975023
4071.975023
4071.975023
4071.975023
4071.975023
4071.975023
4071.975023
4071.975023
4071.975023
4071.975023
4071.975023
4071.975023
4071.975023
4071.975023
4071.975023
4071.975023
4071.975023
4071.975023
4071.975023
4071.975023
4071.975023
4071.975023
4071.975023
4071.975023
4071.975023
4071.975023
4071.975023
4071.975023
4071.975023
4071.975023
4071.975023
4071.975023
4071.975023
4071.975023
4071.975023
4071.975023
4071.975023
4071.975023
4071.975023
4071.975023
4071.975023
4071.975023
4071.975023
4071.975023
4071.975023
4071.975023
4071.975023
4071.975023
4071.975023
4071.975023
4071.975023
4071.975023
4071.975023
4071.975023
4071.975023
4071.975023
4071.975023
4071.975023
4071.975023
4071.975023
4071.975023
4071.975023
4071.975023
4071.975023
4071.975023
4071.975023
4071.975023
4071.975023
4071.975023
4071.975023
4071.975023
4071.975023
4071.975023
4071.975023
4071.975023
4071.975023
4071.975023
4071.975023
4071.975023
4071.975023
4071.975023
4071.975023
4071.975023
4071.975023
4071.975023
4071.975023
4071.975023
4071.975023
4071.975023
4071.975023
4071.975023
4071.975023
4071.975023
4071.975023
4068.304165
4068.304165
4068.304165
4063.017722
4063.017722
4063.017722
4063.017722
4063.017722
4063.017722
4063.017722
4063.017722
4063.017722
4063.017722
4063.017722
4063.017722
4063.017722
4063.017722
4063.017722
4063.017722
4063.017722
4063.017722
4063.017722
4063.017722
4063.017722
4063.017722
4063.017722
4063.017722
4063.017722
4063.017722
4063.017722
4063.017722
4063.017722
4063.017722
4063.017722
4063.017722
4063.017722
4063.017722
4063.017722
4063.017722
4063.017722
4063.017722
4063.017722
4063.017722
4063.017722
4063.017722
4063.017722
4063.017722
4063.017722
4063.017722
4063.017722
4063.017722
4063.017722
4063.017722
4063.017722
4063.017722
4063.017722
4063.017722
4063.017722
4063.017722
4063.017722
4063.017722
4063.017722
4063.017722
4063.017722
4063.017722
4063.017722
4063.017722
4063.017722
4063.017722
4063.017722
4063.017722
4063.017722
4063.017722
4063.017722
4063.017722
4063.017722
4063.017722
4063.017722
4063.017722
4063.017722
4063.017722
4063.017722
4063.017722
4063.017722
4063.017722
4063.017722
4063.017722
4063.017722
4063.017722
4063.017722
4063.017722
4063.017722
4063.017722
4063.017722
4063.017722
4063.017722
4063.017722
4063.017722
4063.017722
4063.017722
4063.017722
4063.017722
4063.017722
4063.017722
4063.017722
4063.017722
4063.017722
4063.017722
4063.017722
4063.017722
4063.017722
4063.017722
4063.017722
4063.017722
4063.017722
4063.017722
4063.017722
4063.017722
4063.017722
4063.017722
4063.017722
4063.017722
4063.017722
4063.017722
4063.017722
4063.017722
4063.017722
4063.017722
4063.017722
4063.017722
4063.017722
4063.017722
4063.017722
4063.017722
4063.017722
4063.017722
4063.017722
4063.017722
4063.017722
4052.758814
4052.758814
4052.758814
4052.758814
4052.758814
4052.758814
4052.758814
4052.758814
4052.758814
4052.758814
4052.758814
4052.758814
4052.758814
4052.758814
4052.758814
4052.758814
4052.758814
4052.758814
4052.758814
4052.758814
4052.758814
4052.758814
4052.758814
4052.758814
4052.758814
4052.758814
4052.758814
4052.758814
4052.758814
4052.758814
4052.758814
4049.781142
4049.781142
4049.781142
4049.781142
4049.781142
4049.781142
4049.781142
4049.781142
4049.781142
4049.781142
4049.781142
4049.781142
4049.781142
4049.781142
4049.781142
4049.781142
4049.781142
4049.781142
4049.781142
4049.781142
4049.781142
4049.781142
4049.781142
4049.781142
4049.781142
4049.781142
4049.781142
4049.781142
4049.781142
4049.781142
4049.781142
4049.781142
4049.781142
4049.781142
4049.781142
4049.781142
4049.781142
4049.781142
4049.781142
4049.781142
4049.781142
4049.781142
4049.781142
4049.781142
4049.781142
4049.781142
4049.781142
4049.781142
4049.781142
4049.781142
4049.781142
4049.781142
4049.781142
4049.781142
4049.781142
4049.781142
4049.781142
4049.781142
4049.781142
4049.781142
4049.781142
4049.781142
4049.781142
4049.781142
4049.781142
4049.781142
4049.781142
4049.781142
4049.781142
4049.781142
4049.781142
4049.781142
4049.781142
4049.781142
4049.781142
4049.781142
4049.781142
4049.781142
4049.781142
4049.781142
4049.781142
4049.781142
4049.781142
4049.781142
4049.781142
4049.781142
4049.781142
4049.781142
4049.781142
4049.781142
4049.781142
4049.781142
4049.781142
4049.781142
4049.781142
4049.781142
4049.781142
4049.781142
4049.781142
4049.781142
4049.781142
4049.781142
4049.781142
4049.781142
4049.781142
4049.781142
4049.781142
4049.781142
4049.781142
4049.781142
4049.781142
4049.781142
4049.781142
4049.781142
4049.781142
4049.781142
4049.781142
4049.781142
4049.781142
4049.781142
4049.781142
4049.781142
4049.781142
4049.781142
4049.781142
4049.781142
4049.781142
4049.781142
4049.781142
4049.781142
4049.781142
4049.781142
4049.781142
4049.781142
4049.781142
4049.781142
4049.781142
4049.781142
4049.781142
4049.781142
4049.781142
4049.781142
4049.781142
4049.781142
4049.781142
4049.781142
4049.781142
4049.781142
4049.781142
4049.781142
4049.781142
4049.781142
4049.781142
4049.781142
4049.781142
4049.781142
4049.781142
4049.781142
4049.781142
4049.781142
4049.781142
4049.781142
4049.781142
4049.781142
4049.781142
4049.781142
4049.781142
4049.781142
4049.781142
4049.781142
4043.776476
4043.776476
4043.776476
4043.776476
4043.776476
4043.776476
4043.776476
4043.776476
4043.776476
4043.776476
4043.776476
4043.776476
4043.776476
4043.776476
4043.776476
4043.776476
4043.776476
4043.776476
4043.776476
4043.776476
4043.776476
4043.776476
4043.776476
4043.776476
4043.776476
4043.776476
4043.776476
4043.776476
4043.776476
4043.776476
4043.776476
4043.776476
4043.776476
4043.776476
4043.776476
4043.776476
4043.776476
4043.776476
4043.776476
4043.776476
4043.776476
4043.776476
4043.776476
4043.776476
4043.776476
4043.776476
4043.776476
4043.776476
4043.776476
4043.776476
4043.776476
4043.776476
4043.776476
4043.776476
4043.776476
4043.776476
4043.776476
4043.776476
4043.776476
4043.776476
4043.776476
4043.776476
4043.776476
4043.776476
4043.776476
4043.776476
4043.776476
4043.776476
4043.776476
4043.776476
4043.776476
4043.776476
4043.776476
4043.776476
4043.776476
4043.776476
4043.776476
4043.776476
4043.776476
4043.776476
4043.776476
4043.776476
4043.776476
4043.776476
4043.776476
4043.776476
4043.776476
4043.776476
4043.776476
4043.776476
4043.776476
4043.776476
4043.776476
4043.776476
4043.776476
4043.776476
4043.776476
4043.776476
4043.776476
4043.776476
4043.776476
4043.776476
4043.776476
4043.776476
4043.776476
4043.776476
4043.776476
4043.776476
4043.776476
4043.776476
4043.412662
4043.412662
4043.412662
4043.412662
4043.412662
4043.412662
4043.412662
4043.412662
4043.412662
4043.412662
4043.412662
4043.412662
4043.412662
4043.412662
4043.412662
4043.412662
4043.412662
4043.412662
4043.412662
4043.412662
4043.412662
4043.412662
4043.412662
4043.412662
4043.412662
4043.412662
4043.412662
4043.412662
4043.412662
4043.412662
4043.412662
4043.412662
4043.412662
4043.412662
4043.412662
4043.412662
4043.412662
4043.412662
4043.412662
4043.412662
4043.412662
4043.412662
4043.412662
4043.412662
4043.412662
4043.412662
4043.412662
4043.412662
4043.412662
4043.412662
4043.412662
4043.412662
4043.412662
4042.408266
4038.791997
4038.791997
4038.791997
4038.791997
4038.791997
4038.791997
4038.791997
4038.791997
4038.791997
4038.791997
4038.791997
4038.791997
4038.791997
4038.791997
4038.791997
4038.791997
4038.791997
4038.791997
4038.791997
4038.791997
4038.791997
4038.791997
4038.791997
4038.791997
4038.791997
4038.791997
4038.791997
4038.791997
4038.791997
4038.791997
4038.791997
4038.791997
4038.791997
4038.791997
4038.791997
4038.791997
4038.791997
4038.791997
4038.791997
4038.791997
4038.791997
4038.791997
4038.791997
4038.791997
4038.791997
4038.791997
4038.791997
4038.791997
4038.791997
4038.791997
4038.791997
4038.791997
4038.791997
4038.791997
4038.791997
4038.791997
4038.791997
4038.791997
4038.791997
4038.791997
4038.791997
4038.791997
4038.791997
4038.791997
4038.791997
4038.791997
4038.791997
4038.791997
4038.791997
4038.791997
4038.791997
4038.791997
4038.791997
4038.791997
4038.791997
4038.791997
4038.791997
4038.791997
4038.791997
4038.791997
4038.791997
4038.791997
4038.791997
4038.791997
4038.791997
4038.791997
4038.791997
4038.791997
4038.791997
4038.791997
4038.791997
4038.791997
4038.791997
4038.791997
4038.791997
4038.791997
4038.791997
4038.791997
4038.791997
4038.791997
4038.791997
4038.791997
4038.791997
4038.791997
4038.791997
4038.791997
4038.791997
4038.791997
4038.791997
4038.791997
4038.791997
4038.791997
4038.791997
4038.791997
4038.791997
4038.791997
4038.791997
4038.791997
4038.791997
4038.791997
4038.791997
4038.791997
4038.791997
4038.791997
4038.791997
4038.791997
4038.791997
4038.791997
4038.791997
4038.791997
4038.791997
4038.791997
4038.791997
4037.083602
4037.083602
4037.083602
4037.083602
4037.083602
4037.083602
4037.083602
4037.083602
4035.378711
4035.378711
4035.378711
4035.378711
4035.378711
4035.378711
4035.378711
4035.378711
4035.378711
4035.378711
4035.378711
4035.378711
4035.378711
4035.378711
4035.378711
4035.378711
4035.378711
4035.378711
4035.378711
4035.378711
4035.378711
4035.378711
4035.378711
4035.378711
4035.378711
4035.378711
4035.378711
4035.378711
4035.378711
4035.378711
4035.378711
4035.378711
4035.378711
4035.378711
4035.378711
4035.378711
4035.378711
4035.378711
4035.378711
4035.378711
4035.378711
4035.378711
4035.378711
4035.378711
4035.378711
4035.378711
4035.378711
4035.378711
4035.378711
4035.378711
4035.378711
4035.378711
4035.378711
4035.378711
4035.378711
4035.378711
4035.378711
4035.378711
4035.378711
4035.378711
4035.378711
4035.378711
4035.378711
4035.378711
4035.378711
4035.378711
4035.378711
4035.378711
4035.378711
4035.378711
4035.378711
4035.378711
4035.378711
4035.378711
4035.378711
4035.378711
4035.378711
4035.378711
4035.378711
4035.378711
4035.378711
4035.378711
4035.378711
4035.378711
4035.378711
4035.378711
4035.378711
4035.378711
4035.378711
4035.378711
4035.378711
4035.378711
4035.378711
4035.378711
4035.378711
4035.378711
4035.378711
4035.378711
4035.378711
4035.378711
4035.378711
4035.378711
4035.378711
4035.378711
4035.378711
4034.320474
4034.320474
4034.320474
4034.320474
4034.320474
4034.320474
4034.320474
4034.320474
4034.320474
4034.320474
4034.320474
4034.320474
4034.320474
4034.320474
4034.320474
4034.320474
4034.320474
4034.320474
4034.320474
4034.320474
4034.320474
4034.320474
4034.320474
4034.320474
4034.320474
4034.320474
4034.320474
4034.320474
4034.320474
4028.925577
4028.925577
4028.925577
4028.925577
4028.925577
4028.925577
4028.925577
4028.925577
4028.925577
4028.925577
4028.925577
4028.925577
4028.925577
4028.925577
4028.925577
4028.925577
4028.925577
4028.925577
4028.925577
4028.925577
4028.925577
4028.925577
4028.925577
4028.925577
4028.925577
4028.925577
4028.925577
4028.925577
4028.925577
4028.925577
4028.925577
4028.925577
4028.925577
4028.925577
4028.925577
4028.925577
4028.925577
4028.925577
4028.925577
4028.925577
4028.925577
4028.925577
4028.925577
4028.925577
4028.925577
4028.925577
4028.925577
4028.925577
4028.925577
4028.925577
4028.925577
4028.925577
4028.925577
4028.925577
4028.925577
4028.925577
4028.925577
4028.925577
4028.925577
4028.925577
4028.925577
4028.925577
4028.925577
4028.925577
4028.925577
4028.925577
4028.925577
4028.925577
4028.925577
4028.925577
4028.925577
4028.925577
4028.925577
4028.925577
4028.925577
4028.925577
4028.925577
4028.925577
4028.925577
4028.925577
4028.925577
4028.925577
4028.925577
4028.925577
4028.925577
4028.925577
4028.925577
4028.925577
4028.925577
4028.925577
4028.925577
4028.925577
4028.925577
4028.925577
4028.925577
4028.925577
4028.925577
4028.925577
4028.925577
4028.925577
4028.925577
4028.925577
4028.925577
4028.925577
4028.925577
4028.925577
4028.925577
4028.925577
4028.925577
4028.925577
4028.925577
4028.925577
4028.925577
4028.925577
4028.925577
4028.925577
4028.925577
4028.925577
4028.925577
4028.925577
4028.925577
4028.925577
4028.925577
4028.925577
4028.925577
4028.925577
4028.925577
4028.925577
4028.925577
4028.925577
4028.925577
4028.925577
4028.925577
4022.591632
4022.591632
4022.591632
4022.591632
4022.591632
4022.591632
4022.591632
4022.591632
4022.591632
4022.591632
4022.591632
4022.591632
4022.591632
4022.591632
4022.591632
4022.591632
4022.591632
4022.591632
4022.591632
4022.591632
4022.591632
4022.591632
4022.591632
4022.591632
4022.591632
4022.591632
4022.591632
4022.591632
4022.591632
4022.591632
4022.591632
4022.591632
4022.591632
4022.591632
4022.591632
4022.591632
4022.591632
4022.591632
4022.591632
4022.591632
4022.591632
4022.591632
4022.591632
4022.591632
4022.591632
4022.591632
4022.591632
4022.591632
4022.591632
4022.591632
4022.591632
4022.591632
4022.591632
4022.591632
4022.591632
4022.591632
4022.591632
4022.591632
4022.591632
4022.591632
4022.591632
4022.591632
4022.591632
4022.591632
4022.591632
4022.591632
4022.591632
4022.591632
4022.591632
4022.591632
4022.591632
4022.591632
4022.591632
4022.591632
4022.591632
4022.591632
4022.591632
4022.591632
4022.591632
4022.591632
4022.591632
4022.591632
4022.591632
4022.591632
4022.591632
4022.591632
4022.591632
4022.591632
4022.591632
4022.591632
4022.591632
4022.591632
4022.591632
4022.591632
4022.591632
4022.591632
4022.591632
4022.591632
4022.591632
4022.591632
4022.591632
4022.591632
4022.591632
4022.591632
4022.591632
4022.591632
4022.591632
4022.591632
4022.591632
4022.591632
4022.591632
4022.591632
4022.591632
4022.591632
4022.591632
4022.591632
4022.591632
4022.226471
4022.226471
4022.226471
4022.226471
4022.226471
4022.226471
4022.226471
4022.226471
4022.226471
4022.226471
4022.226471
4022.226471
4022.226471
4022.226471
4022.226471
4022.226471
4022.226471
4022.226471
4022.226471
4022.226471
4022.226471
4022.226471
4022.226471
4022.226471
4022.226471
4022.226471
4022.226471
4022.226471
4022.226471
4022.226471
4022.226471
4022.226471
4022.226471
4022.226471
4022.226471
4022.226471
4022.226471
4022.226471
4022.226471
4022.226471
4022.226471
4022.226471
4022.226471
4022.226471
4022.226471
4022.226471
4022.226471
4022.226471
4022.226471
4022.226471
4022.226471
4022.226471
4022.226471
4022.226471
4022.226471
4022.226471
4022.226471
4022.226471
4022.226471
4022.226471
4022.226471
4022.226471
4022.226471
4022.226471
4022.226471
4022.226471
4022.226471
4022.226471
4022.226471
4022.226471
4022.226471
4022.226471
4022.226471
4022.226471
4022.226471
4022.226471
4022.226471
4022.226471
4022.226471
4022.226471
4022.226471
4022.226471
4022.226471
4022.226471
4022.226471
4022.226471
4022.226471
4022.226471
4022.226471
4022.226471
4022.226471
4022.226471
4022.226471
4022.226471
4022.226471
4022.226471
4022.226471
4022.226471
4022.226471
4022.226471
4022.226471
4022.226471
4022.226471
4022.226471
4022.226471
4022.226471
4022.226471
4022.226471
4022.226471
4022.226471
4022.226471
4022.226471
4022.226471
4022.226471
4022.226471
4022.226471
4022.226471
4022.226471
4022.226471
4022.226471
4022.226471
4022.226471
4022.226471
4022.226471
4022.226471
4022.226471
4022.226471
4022.226471
4022.226471
4022.226471
4022.226471
4022.226471
4022.226471
4022.226471
4022.226471
4022.226471
4022.226471
4022.226471
4022.226471
4022.226471
4022.226471
4022.226471
4022.226471
4020.345727
4020.345727
4020.345727
4020.345727
4020.345727
4020.345727
4020.345727
4020.345727
4020.345727
4020.345727
4020.345727
4020.345727
4020.345727
4020.345727
4020.345727
4020.345727
4020.345727
4020.345727
4020.345727
4020.345727
4020.345727
4020.345727
4020.345727
4020.345727
4020.345727
4020.345727
4020.345727
4020.345727
4020.345727
4020.345727
4020.345727
4020.345727
4020.345727
4020.345727
4020.345727
4020.345727
4020.345727
4020.345727
4020.345727
4020.345727
4020.345727
4020.345727
4020.345727
4020.345727
4020.345727
4020.345727
4020.345727
4020.345727
4020.345727
4020.345727
4020.345727
4020.345727
4020.345727
4020.345727
4020.345727
4020.345727
4020.345727
4020.345727
4020.345727
4020.345727
4020.345727
4020.345727
4020.345727
4020.345727
4020.345727
4020.345727
4020.345727
4020.345727
4020.345727
4020.345727
4020.345727
4020.230686
4020.230686
4020.230686
4020.230686
4020.230686
4020.230686
4020.230686
4020.230686
4020.230686
4020.230686
4020.230686
4020.230686
4020.230686
4020.230686
4020.230686
4020.230686
4020.230686
4019.431416
4019.431416
4019.431416
4019.431416
4019.431416
4019.431416
4019.431416
4019.431416
4019.431416
4019.431416
4019.431416
4019.431416
4019.431416
4019.431416
4019.431416
4019.431416
4019.431416
4019.431416
4019.431416
4019.431416
4019.431416
4019.431416
4019.431416
4019.431416
4019.431416
4019.431416
4019.431416
4019.431416
4019.431416
4019.431416
4019.431416
4019.431416
4019.431416
4019.431416
4016.595332
4016.595332
4016.595332
4016.595332
4016.595332
4016.595332
4016.595332
4016.595332
4016.595332
4016.595332
4016.595332
4016.595332
4015.663975
4015.663975
4015.663975
4015.663975
4015.663975
4015.663975
4015.663975
4015.663975
4015.663975
4015.663975
4015.663975
4015.663975
4015.663975
4015.663975
4015.663975
4015.663975
4015.663975
4015.663975
4015.663975
4015.663975
4015.663975
4015.663975
4015.663975
4015.663975
4015.663975
4015.663975
4015.663975
4015.663975
4015.663975
4015.663975
4015.663975
4015.663975
4015.663975
4015.663975
4015.663975
4015.663975
4015.663975
4015.663975
4015.663975
4015.663975
4015.663975
4015.663975
4015.663975
4015.663975
4015.663975
4015.663975
4015.663975
4015.663975
4015.663975
4015.663975
4015.663975
4015.663975
4015.663975
4015.663975
4015.663975
4015.663975
4015.663975
4015.663975
4015.663975
4015.663975
4015.663975
4015.663975
4015.663975
4015.663975
4015.663975
4015.663975
4015.663975
4014.053449
4014.053449
4014.053449
4014.053449
4014.053449
4014.053449
4014.053449
4014.053449
4014.053449
4014.053449
4014.053449
4014.053449
4014.053449
4014.053449
4014.053449
4014.053449
4014.053449
4014.053449
4014.053449
4014.053449
4014.053449
4014.053449
4014.053449
4014.053449
4014.053449
4014.053449
4014.053449
4014.053449
4014.053449
4014.053449
4014.053449
4014.053449
4014.053449
4014.053449
4014.053449
4014.053449
4014.053449
4014.053449
4014.053449
4014.053449
4014.053449
4014.053449
4014.053449
4014.053449
4014.053449
4014.053449
4014.053449
4014.053449
4014.053449
4014.053449
4014.053449
4014.053449
4014.053449
4014.053449
4014.053449
4014.053449
4014.053449
4014.053449
4014.053449
4014.053449
4014.053449
4014.053449
4014.053449
4014.053449
4013.375691
4013.375691
4013.375691
4013.375691
4013.375691
4013.375691
4013.375691
4013.375691
4013.375691
4013.375691
4013.375691
4013.375691
4013.375691
4013.375691
4013.375691
4013.375691
4013.375691
4013.375691
4013.375691
4013.375691
4013.375691
4013.375691
4013.375691
4013.375691
4013.375691
4013.375691
4013.375691
4013.375691
4013.375691
4013.375691
4013.375691
4013.375691
4013.375691
4013.375691
4013.375691
4013.375691
4013.375691
4013.375691
4013.375691
4013.375691
4013.375691
4013.375691
4013.375691
4013.375691
4013.375691
4013.375691
4013.375691
4013.375691
4013.375691
4013.375691
4013.375691
4013.375691
4013.375691
4013.375691
4013.375691
4013.375691
4013.375691
4013.375691
4013.375691
4013.375691
4013.375691
4013.375691
4013.375691
4013.375691
4013.375691
4013.375691
4013.375691
4013.375691
4013.375691
4013.375691
4013.375691
4013.375691
4013.375691
4013.375691
4013.375691
4013.375691
4013.375691
4013.375691
4013.375691
4013.375691
4013.375691
4013.375691
4013.375691
4013.375691
4013.375691
4013.375691
4013.375691
4013.375691
4013.375691
4013.375691
4013.375691
4013.375691
4013.375691
4013.375691
4013.375691
4013.375691
4013.375691
4013.375691
4013.375691
4013.375691
4013.375691
4013.375691
4013.375691
4013.375691
4013.375691
4013.375691
4013.375691
4013.375691
4013.375691
4013.375691
4013.375691
4013.375691
4013.375691
4013.375691
4013.375691
4013.375691
4013.375691
4013.375691
4013.375691
4012.973933
4012.973933
4012.973933
4012.973933
4012.973933
4012.973933
4012.973933
4012.973933
4012.973933
4012.973933
4012.973933
4012.973933
4012.973933
4012.973933
4012.973933
4012.973933
4012.973933
4012.973933
4012.973933
4012.973933
4012.973933
4012.973933
4012.973933
4012.973933
4012.973933
4012.973933
4012.973933
4012.973933
4012.973933
4012.973933
4012.973933
4012.973933
4012.973933
4012.973933
4012.973933
4012.973933
4012.973933
4012.973933
4012.973933
4012.973933
4012.973933
4012.973933
4012.973933
4012.973933
4012.973933
4012.973933
4012.973933
4012.973933
4012.973933
4012.973933
4012.973933
4012.973933
4012.973933
4012.973933
4012.973933
4012.973933
4012.973933
4012.973933
4012.973933
4012.973933
4012.973933
4012.973933
4012.973933
4012.973933
4012.973933
4012.973933
4012.973933
4012.973933
4012.973933
4012.973933
4012.973933
4012.973933
4012.973933
4012.973933
4012.973933
4012.973933
4012.973933
4012.973933
4012.973933
4012.973933
4012.973933
4012.973933
4012.973933
4012.973933
4012.973933
4012.973933
4012.973933
4012.973933
4012.973933
4012.973933
4012.973933
4012.973933
4012.973933
4012.973933
4012.973933
4012.973933
4012.973933
4012.973933
4012.973933
4012.973933
4012.973933
4012.973933
4012.973933
4012.973933
4012.973933
4012.973933
4012.973933
4012.973933
4012.973933
4012.973933
4012.973933
4012.973933
4012.973933
4012.973933
4012.973933
4012.973933
4012.973933
4012.973933
4012.973933
4012.973933
4012.973933
4012.973933
4012.973933
4012.973933
4012.973933
4012.973933
4012.973933
4012.973933
4012.973933
4012.973933
4012.214274
4012.214274
4012.214274
4012.214274
4012.214274
4012.214274
4012.214274
4012.214274
4012.214274
4012.214274
4012.214274
4012.214274
4012.214274
4012.214274
4012.214274
4012.214274
4012.214274
4011.979274
4011.979274
4011.979274
4011.979274
4011.979274
4011.979274
4011.979274
4011.979274
4011.979274
4011.979274
4011.979274
4011.979274
4011.979274
4011.979274
4011.979274
4011.979274
4011.979274
4011.979274
4011.979274
4011.979274
4011.979274
4011.979274
4011.979274
4011.979274
4011.979274
4011.979274
4011.979274
4011.979274
4011.979274
4011.979274
4011.979274
4011.979274
4011.979274
4011.979274
4011.979274
4011.979274
4011.979274
4011.979274
4011.979274
4011.979274
4011.979274
4011.979274
4011.979274
4011.979274
4011.979274
4011.979274
4011.979274
4011.979274
4011.979274
4011.979274
4011.979274
4011.979274
4011.979274
4011.979274
4011.979274
4011.979274
4011.979274
4011.979274
4011.979274
4011.979274
4011.979274
4011.979274
4011.979274
4011.979274
4011.979274
4011.979274
4011.979274
4011.979274
4011.979274
4011.979274
4011.979274
4011.979274
4011.979274
4011.979274
4011.979274
4011.979274
4011.979274
4011.979274
4011.979274
4011.979274
4011.979274
4011.979274
4011.979274
4011.979274
4011.503008
4011.503008
4011.503008
4009.555841
4009.555841
4009.555841
4009.555841
4009.555841
4009.555841
4009.555841
4009.555841
4009.555841
4009.555841
4009.555841
4009.555841
4009.555841
4009.555841
4009.555841
4009.555841
4009.555841
4009.555841
4009.555841
4009.555841
4009.555841
4009.555841
4009.555841
4009.555841
4009.555841
4009.555841
4009.555841
4009.555841
4009.555841
4009.555841
4009.555841
4009.555841
4009.555841
4009.555841
4009.555841
4009.555841
4009.555841
4009.555841
4009.555841
4009.555841
4009.555841
4009.555841
4009.555841
4009.555841
4009.555841
4009.555841
4009.555841
4009.555841
4009.555841
4009.555841
4009.555841
4009.555841
4009.555841
4009.555841
4009.555841
4009.555841
4009.555841
4009.555841
4009.555841
4009.555841
4009.555841
4009.555841
4009.555841
4009.555841
4009.555841
4009.555841
4009.555841
4009.555841
4009.555841
4009.555841
4009.555841
4009.555841
4009.555841
4009.555841
4009.555841
4009.555841
4009.555841
4009.555841
4009.555841
4009.555841
4009.555841
4009.555841
4009.555841
4009.555841
4009.555841
4009.555841
4009.555841
4009.555841
4009.555841
4009.555841
4009.555841
4009.555841
4009.555841
4009.555841
4009.555841
4009.555841
4009.555841
4009.555841
4009.555841
4009.555841
4009.555841
4009.555841
4009.555841
4009.555841
4009.555841
4009.555841
4009.555841
4009.555841
4009.555841
4009.555841
4009.555841
4009.555841
4009.555841
4009.555841
4009.555841
4009.555841
4009.555841
4009.555841
4009.555841
4009.436600
4009.436600
4009.436600
4009.436600
4009.436600
4009.436600
4009.436600
4009.436600
4009.436600
4009.436600
4009.436600
4009.436600
4009.436600
4009.436600
4009.436600
4009.436600
4009.436600
4009.436600
4009.436600
4009.436600
4009.436600
4009.436600
4009.436600
4009.436600
4009.436600
4009.436600
4009.436600
4009.436600
4009.436600
4009.436600
4009.436600
4009.436600
4009.436600
4009.436600
4009.436600
4009.436600
4009.436600
4008.022749
4008.022749
4008.022749
4008.022749
4008.022749
4008.022749
4008.022749
4008.022749
4008.022749
4008.022749
4008.022749
4008.022749
4008.022749
4008.022749
4008.022749
4008.022749
4008.022749
4008.022749
4008.022749
4008.022749
4008.022749
4008.022749
4008.022749
4008.022749
4008.022749
4008.022749
4008.022749
4008.022749
4008.022749
4008.022749
4008.022749
4008.022749
4008.022749
4008.022749
4008.022749
4008.022749
4008.022749
4008.022749
4008.022749
4008.022749
4008.022749
4008.022749
4008.022749
4008.022749
4008.022749
4008.022749
4008.022749
4008.022749
4008.022749
4008.022749
4008.022749
4008.022749
4008.022749
4008.022749
4008.022749
4008.022749
4008.022749
4008.022749
4008.022749
4008.022749
4008.022749
4008.022749
4008.022749
4008.022749
4008.022749
4008.022749
4008.022749
4008.022749
4008.022749
4008.022749
4008.022749
4008.022749
4008.022749
4008.022749
4008.022749
4008.022749
4008.022749
4008.022749
4008.022749
4008.022749
4008.022749
4008.022749
4008.022749
4008.022749
4008.022749
4008.022749
4008.022749
4007.557762
4007.557762
4007.557762
4007.557762
4007.557762
4007.557762
4007.557762
4007.557762
4007.557762
4007.557762
4007.557762
4007.557762
4007.557762
4007.189672
4007.189672
4007.189672
4007.189672
4007.189672
4007.189672
4007.189672
4007.189672
4007.189672
4007.189672
4007.189672
4007.189672
4007.189672
4007.189672
4007.189672
4007.189672
4007.189672
4007.189672
4007.189672
4007.189672
4007.189672
4007.189672
4007.189672
4007.189672
4007.189672
4007.189672
4007.189672
4007.189672
4007.189672
4007.189672
4007.189672
4007.189672
4007.189672
4007.189672
4007.189672
4007.189672
4007.189672
4007.189672
4007.189672
4007.189672
4007.189672
4007.189672
4007.189672
4007.189672
4007.189672
4007.189672
4007.189672
4007.189672
4007.189672
4007.189672
4007.189672
4007.189672
4007.189672
4007.189672
4007.189672
4007.189672
4007.189672
4007.189672
4007.189672
4007.189672
4007.189672
4007.189672
4007.189672
4007.189672
4007.168624
4007.168624
4007.168624
4007.168624
4007.168624
4007.168624
4007.168624
4007.168624
4006.746596
4006.746596
4006.746596
4006.746596
4006.746596
4006.746596
4006.746596
4006.746596
4006.746596
4006.746596
4006.746596
4004.136316
4004.136316
4004.136316
4004.136316
4004.136316
4004.136316
4004.136316
4004.136316
4004.136316
4004.136316
4004.136316
4004.136316
4004.136316
4004.136316
4004.136316
4004.136316
4004.136316
4004.136316
4004.136316
4004.136316
4004.136316
4004.136316
4004.136316
4004.136316
4004.136316
4004.136316
4004.136316
4004.136316
4004.136316
4004.136316
4004.136316
4004.136316
4004.136316
4004.136316
4004.136316
4004.136316
4003.846408
4003.846408
4003.846408
4003.846408
4003.846408
4003.846408
4003.846408
4003.846408
4003.846408
4003.846408
4003.846408
4003.846408
4003.846408
4003.846408
4003.846408
4003.846408
4003.846408
4003.846408
4003.846408
4003.846408
4003.846408
4003.846408
4003.846408
4003.846408
4003.846408
4003.846408
4003.846408
4003.846408
4003.846408
4003.846408
4003.846408
4003.846408
4003.846408
4003.846408
4003.846408
4003.846408
4003.846408
4003.846408
4003.846408
4003.846408
4003.846408
4003.846408
4003.846408
4003.846408
4003.846408
4003.846408
4003.846408
4003.846408
4003.846408
4003.846408
4003.846408
4003.846408
4003.846408
4003.846408
4003.846408
4003.846408
4003.846408
4003.846408
4003.846408
4003.846408
4003.846408
4003.846408
4003.846408
4003.846408
4003.846408
4003.846408
4003.846408
4003.846408
4003.846408
4003.846408
4003.846408
4003.846408
4003.846408
4003.846408
4003.846408
4003.846408
4003.846408
4003.846408
4003.846408
4003.846408
4003.846408
4003.846408
4003.846408
4003.846408
4003.846408
4003.846408
4003.846408
4003.846408
4003.846408
4003.846408
4003.846408
4003.846408
4003.846408
4003.846408
4003.846408
4003.846408
4003.846408
4003.846408
4003.846408
4003.846408
4003.846408
4003.846408
4003.846408
4002.126364
4002.126364
4002.126364
4002.126364
4002.126364
4002.126364
4002.126364
4002.126364
4002.126364
4002.126364
4002.126364
4002.126364
4002.126364
4002.126364
4002.126364
4002.126364
4002.126364
4002.126364
4002.126364
4002.126364
4002.126364
4002.126364
4002.126364
4002.126364
4002.126364
4002.126364
4002.126364
4002.126364
4002.126364
4002.108898
4002.108898
4002.108898
4002.108898
4002.108898
4002.108898
4002.108898
4002.108898
4002.108898
4002.108898
4002.108898
4002.108898
4002.108898
4002.108898
4001.392238
4001.392238
4001.392238
4001.392238
4001.392238
4001.392238
4001.392238
4001.392238
4001.392238
4001.392238
4001.392238
4001.392238
4001.392238
4001.392238
4001.392238
4001.392238
4001.392238
4001.392238
4001.392238
4001.392238
4001.392238
4001.392238
4001.392238
4001.392238
4001.392238
4001.392238
4001.392238
4001.392238
4001.392238
4001.392238
4001.392238
4001.392238
4001.392238
4001.392238
4001.392238
4001.392238
4001.392238
4001.392238
4001.392238
4001.392238
4001.392238
4001.392238
4001.392238
4001.392238
4001.392238
4001.392238
4001.392238
4001.392238
4001.392238
4001.392238
4001.392238
4001.392238
4001.392238
4001.392238
4001.392238
4001.392238
4001.392238
4001.392238
4001.392238
4001.392238
4001.392238
4001.392238
4001.392238
4001.392238
4001.392238
4001.392238
4001.392238
4001.392238
4001.392238
4001.392238
4001.392238
4001.392238
4001.392238
4001.392238
4001.392238
4001.392238
4001.392238
4001.392238
4001.392238
4001.392238
4001.392238
4001.392238
4001.392238
4001.392238
4001.392238
4001.392238
4001.392238
4001.392238
4001.392238
4001.392238
4001.392238
4001.392238
4001.392238
4001.222354
4001.222354
4001.222354
4000.899754
4000.899754
4000.899754
4000.899754
4000.899754
4000.899754
4000.899754
4000.899754
4000.899754
4000.899754
4000.899754
4000.899754
4000.899754
4000.899754
4000.899754
4000.899754
4000.899754
4000.899754
4000.899754
4000.899754
4000.899754
4000.899754
4000.899754
4000.899754
4000.899754
4000.899754
4000.899754
4000.899754
4000.899754
4000.899754
4000.899754
4000.899754
4000.899754
4000.899754
3999.753335
3999.753335
3999.753335
3999.753335
3999.753335
3999.753335
3999.753335
3999.753335
3999.753335
3999.753335
3999.753335
3999.753335
3999.753335
3999.753335
3999.753335
3999.753335
3999.753335
3999.753335
3999.753335
3999.753335
3999.753335
3999.753335
3999.753335
3999.753335
3999.753335
3999.753335
3999.753335
3999.753335
3999.753335
3999.753335
3999.753335
3999.753335
3999.753335
3999.753335
3999.753335
3999.753335
3999.753335
3999.753335
3999.753335
3999.753335
3999.753335
3999.753335
3999.753335
3999.753335
3999.753335
3999.753335
3999.753335
3999.753335
3999.753335
3999.753335
3999.753335
3999.753335
3999.753335
3999.753335
3999.753335
3999.753335
3999.753335
3999.753335
3999.753335
3999.753335
3999.753335
3999.753335
3999.753335
3999.753335
3999.753335
3999.753335
3999.753335
3998.511085
3998.511085
3998.511085
3998.511085
3998.511085
3998.511085
3998.511085
3998.511085
3998.511085
3998.511085
3998.511085
3998.511085
3998.511085
3998.511085
3998.511085
3998.511085
3998.511085
3998.511085
3998.511085
3998.511085
3998.511085
3998.511085
3998.511085
3998.511085
3998.511085
3998.511085
3998.511085
3998.511085
3998.511085
3998.511085
3998.511085
3998.511085
3998.511085
3998.511085
3998.511085
3998.511085
3998.511085
3998.511085
3998.511085
3998.511085
3998.511085
3998.511085
3998.511085
3998.511085
3998.511085
3998.511085
3998.511085
3998.511085
3998.511085
3998.511085
3998.511085
3998.511085
3998.511085
3998.511085
3998.511085
3998.511085
3998.511085
3998.511085
3998.511085
3998.511085
3998.511085
3998.511085
3998.511085
3998.511085
3998.511085
3998.511085
3998.511085
3998.511085
3998.511085
3998.511085
3998.511085
3998.511085
3998.511085
3998.511085
3998.511085
3998.511085
3998.511085
3998.511085
3998.511085
3998.511085
3998.511085
3998.511085
3998.511085
3998.511085
3998.511085
3998.511085
3998.511085
3998.511085
3998.511085
3998.511085
3998.511085
3998.511085
3998.511085
3998.511085
3998.511085
3998.511085
3998.511085
3998.511085
3998.511085
3998.511085
3998.511085
3998.511085
3998.511085
3998.511085
3998.511085
3998.511085
3998.511085
3998.511085
3998.511085
3998.511085
3998.511085
3998.511085
3998.511085
3998.511085
3998.511085
3998.511085
3998.511085
3998.511085
3998.511085
3998.511085
3998.511085
3998.511085
3998.511085
3998.511085
3998.511085
3998.511085
3998.511085
3998.511085
3998.511085
3998.511085
3998.511085
3998.511085
3998.511085
3998.511085
3998.511085
3998.511085
3998.511085
3998.511085
3998.511085
3998.511085
3998.511085
3998.511085
3998.511085
3998.511085
3998.511085
3998.511085
3998.511085
3998.511085
3998.511085
3998.511085
3998.511085
3998.511085
3997.873350
3997.873350
3997.873350
3997.873350
3997.873350
3997.873350
3997.873350
3997.873350
3997.873350
3997.873350
3997.873350
3997.873350
3997.873350
3997.873350
3997.873350
3997.873350
3997.873350
3997.873350
3997.873350
3997.873350
3997.873350
3997.873350
3997.873350
3997.873350
3997.873350
3997.873350
3997.873350
3997.873350
3997.873350
3997.873350
3997.873350
3997.873350
3997.873350
3997.873350
3997.873350
3997.873350
3997.873350
3997.873350
3997.873350
3997.873350
3997.873350
3997.873350
3997.873350
3997.873350
3997.873350
3997.873350
3997.873350
3997.873350
3997.873350
3997.873350
3997.873350
3997.873350
3997.873350
3997.873350
3997.873350
3997.873350
3997.873350
3996.409546
3996.409546
3996.409546
3996.409546
3996.409546
3996.409546
3996.409546
3996.409546
3996.409546
3996.409546
3996.409546
3996.409546
3996.409546
3996.409546
3996.409546
3996.409546
3996.409546
3996.409546
3996.409546
3996.409546
3996.409546
3996.409546
3996.409546
3996.409546
3996.409546
3996.409546
3996.409546
3996.409546
3996.409546
3996.409546
3996.409546
3996.409546
3996.409546
3996.409546
3996.409546
3996.409546
3996.409546
3996.409546
3996.409546
3996.409546
3996.409546
3996.409546
3996.409546
3996.409546
3996.409546
3996.409546
3996.409546
3996.409546
3996.409546
3996.409546
3996.409546
3996.409546
3996.409546
3996.409546
3996.409546
3996.409546
3996.409546
3996.409546
3996.409546
3996.409546
3996.409546
3996.409546
3996.409546
3996.409546
3996.409546
3996.409546
3996.409546
3996.409546
3996.409546
3996.409546
3996.409546
3996.409546
3996.409546
3996.409546
3996.409546
3996.409546
3996.409546
3996.409546
3996.409546
3996.409546
3996.409546
3996.409546
3996.409546
3996.409546
3996.409546
3996.409546
3996.409546
3996.409546
3996.409546
3996.409546
3996.409546
3996.409546
3996.409546
3996.409546
3996.409546
3996.409546
3996.409546
3996.409546
3996.409546
3996.409546
3996.409546
3996.409546
3996.409546
3996.409546
3996.409546
3996.409546
3996.409546
3996.409546
3996.409546
3996.409546
3996.409546
3996.409546
3996.409546
3996.409546
3996.409546
3995.973564
3995.973564
3995.973564
3995.973564
3995.973564
3995.973564
3995.973564
3995.973564
3995.973564
3995.973564
3995.973564
3995.973564
3995.973564
3995.973564
3995.973564
3995.973564
3995.973564
3995.973564
3995.973564
3995.973564
3995.973564
3995.973564
3995.973564
3995.973564
3995.973564
3995.973564
3995.973564
3995.973564
3995.973564
3995.371171
3995.371171
3995.371171
3995.371171
3995.371171
3995.371171
3995.371171
3995.371171
3994.985365
3994.985365
3994.985365
3994.985365
3994.985365
3994.985365
3994.985365
3994.985365
3994.985365
3994.985365
3994.985365
3994.985365
3994.985365
3994.985365
3994.985365
3994.985365
3994.985365
3994.985365
3994.985365
3994.985365
3994.985365
3994.985365
3994.985365
3994.985365
3994.985365
3994.985365
3994.985365
3994.985365
3994.985365
3994.985365
3994.985365
3994.985365
3994.985365
3994.985365
3994.985365
3994.985365
3994.985365
3994.985365
3994.985365
3994.985365
3994.985365
3994.985365
3994.605674
3994.605674
3994.605674
3994.605674
3994.605674
3994.605674
3994.605674
3994.605674
3994.605674
3994.605674
3994.605674
3994.605674
3994.605674
3994.605674
3994.605674
3994.605674
3994.605674
3994.605674
3994.605674
3994.605674
3994.605674
3994.605674
3994.605674
3994.605674
3994.605674
3994.523909
3994.523909
3994.523909
3994.523909
3994.523909
3994.523909
3994.523909
3994.523909
3994.523909
3994.523909
3994.523909
3994.523909
3994.523909
3993.720262
3993.720262
3993.720262
3993.720262
3993.720262
3993.720262
3993.720262
3993.720262
3993.720262
3993.720262
3993.720262
3993.720262
3993.720262
3993.720262
3993.720262
3993.720262
3993.720262
3993.720262
3993.720262
3993.720262
3993.720262
3993.720262
3993.720262
3993.720262
3993.720262
3993.720262
3993.720262
3993.720262
3993.720262
3993.720262
3993.720262
3993.720262
3993.720262
3993.720262
3993.720262
3993.720262
3993.720262
3993.720262
3993.720262
3993.720262
3993.720262
3993.720262
3993.720262
3993.720262
3993.720262
3993.720262
3993.720262
3993.720262
3993.720262
3993.720262
3993.720262
3993.720262
3993.720262
3993.720262
3993.720262
3993.720262
3993.720262
3993.720262
3993.720262
3993.720262
3993.239507
3993.239507
3993.239507
3993.239507
3993.239507
3993.239507
3993.239507
3993.239507
3993.239507
3993.239507
3993.239507
3993.239507
3993.239507
3993.239507
3993.239507
3993.239507
3993.239507
3993.239507
3993.239507
3993.239507
3993.239507
3993.239507
3993.239507
3993.239507
3993.239507
3993.239507
3993.239507
3993.239507
3993.239507
3993.239507
3993.239507
3993.239507
3993.239507
3993.239507
3993.239507
3993.239507
3993.239507
3993.239507
3993.239507
3993.239507
3993.239507
3993.239507
3993.239507
3993.239507
3993.239507
3993.239507
3993.239507
3993.239507
3993.239507
3993.239507
3993.239507
3993.239507
3993.239507
3993.239507
3993.239507
3993.239507
3993.239507
3993.239507
3993.239507
3993.239507
3993.239507
3993.239507
3993.239507
3993.239507
3993.239507
3993.239507
3993.239507
3993.239507
3993.239507
3993.239507
3993.239507
3993.239507
3993.239507
3993.239507
3993.239507
3993.239507
3993.239507
3993.239507
3993.239507
3993.239507
3993.239507
3993.239507
3993.239507
3993.239507
3993.239507
3993.239507
3993.239507
3993.239507
3993.239507
3993.239507
3993.239507
3993.239507
3993.239507
3993.239507
3993.239507
3993.239507
3993.239507
3993.239507
3993.239507
3993.239507
3993.239507
3993.239507
3993.239507
3993.239507
3993.239507
3993.239507
3993.239507
3993.239507
3993.239507
3993.239507
3993.239507
3993.239507
3993.239507
3993.239507
3993.239507
3993.239507
3993.239507
3993.239507
3993.239507
3993.239507
3993.239507
3993.239507
3993.239507
3993.239507
3993.239507
3993.239507
3993.239507
3993.239507
3993.239507
3993.239507
3993.239507
3993.239507
3993.239507
3993.239507
3993.239507
3993.239507
3993.239507
3993.239507
3993.239507
3993.239507
3993.239507
3993.239507
3993.239507
3993.239507
3993.239507
3993.239507
3993.239507
3993.239507
3993.239507
3993.239507
3993.239507
3993.239507
3993.239507
3993.239507
3993.239507
3993.239507
3993.239507
3993.239507
3993.239507
3993.239507
3993.239507
3993.239507
3993.239507
3993.005545
3992.704947
3992.704947
3992.704947
3992.704947
3992.704947
3992.704947
3992.704947
3992.704947
3992.704947
3992.704947
3992.704947
3992.704947
3992.704947
3992.704947
3992.704947
3992.704947
3992.704947
3992.704947
3992.704947
3992.704947
3992.704947
3992.194584
3992.194584
3992.194584
3992.194584
3992.194584
3992.194584
3992.194584
3992.194584
3992.194584
3992.194584
3992.194584
3992.194584
3992.194584
3992.194584
3992.194584
3992.194584
3992.194584
3992.194584
3992.194584
3992.194584
3992.194584
3992.194584
3992.194584
3992.194584
3992.194584
3992.194584
3992.194584
3992.194584
3992.194584
3992.194584
3992.194584
3992.194584
3992.194584
3992.194584
3992.194584
3992.194584
3992.194584
3992.194584
3992.194584
3992.194584
3992.194584
3992.194584
3992.194584
3992.194584
3992.194584
3992.194584
3992.194584
3992.194584
3992.194584
3992.194584
3992.194584
3992.194584
3992.194584
3992.194584
3992.194584
3992.194584
3992.194584
3992.194584
3992.194584
3992.194584
3992.194584
3992.194584
3992.194584
3992.194584
3992.194584
3992.194584
3992.194584
3992.194584
3992.194584
3992.194584
3992.194584
3992.194584
3992.194584
3992.194584
3992.194584
3992.194584
3992.194584
3992.194584
3992.194584
3992.194584
3992.194584
3992.194584
3992.194584
3992.194584
3992.194584
3992.194584
3992.194584
3992.194584
3992.194584
3992.194584
3992.194584
3992.194584
3992.194584
3992.194584
3992.194584
3992.194584
3992.194584
3992.194584
3992.194584
3992.194584
3992.194584
3992.194584
3992.194584
3992.194584
3992.194584
3992.194584
3992.194584
3992.194584
3992.194584
3992.194584
3992.142325
3992.142325
3992.142325
3992.142325
3992.142325
3992.052611
3992.052611
3992.052611
3992.052611
3992.052611
3992.052611
3992.052611
3991.828469
3991.828469
3991.828469
3991.828469
3991.828469
3991.828469
3991.828469
3991.828469
3991.828469
3991.828469
3991.516377
3991.516377
3991.516377
3991.516377
3991.516377
3991.516377
3991.516377
3991.516377
3991.516377
3991.516377
3991.516377
3991.516377
3991.516377
3991.516377
3991.516377
3991.516377
3991.209701
3991.209701
3991.209701
3991.209701
3991.209701
3991.209701
3991.209701
3991.209701
3991.209701
3991.209701
3991.209701
3991.209701
3990.859805
3990.859805
3990.859805
3990.859805
3990.859805
3990.859805
3990.859805
3990.859805
3990.859805
3990.859805
3990.859805
3990.859805
3990.859805
3990.501567
3990.501567
3990.501567
3990.501567
3990.501567
3990.501567
3990.501567
3990.501567
3990.501567
3990.501567
3990.501567
3990.501567
3990.501567
3990.501567
3990.501567
3990.501567
3990.501567
3990.501567
3990.501567
3990.501567
3990.501567
3990.501567
3990.501567
3990.501567
3990.501567
3990.501567
3990.501567
3990.501567
3990.501567
3990.501567
3990.478218
3990.478218
3990.478218
3990.478218
3990.478218
3990.478218
3990.478218
3990.478218
3990.478218
3990.478218
3990.478218
3990.478218
3990.478218
3990.478218
3990.478218
3990.478218
3990.478218
3990.478218
3990.478218
3990.478218
3990.478218
3990.478218
3990.478218
3990.478218
3990.478218
3990.478218
3990.478218
3990.478218
3990.478218
3990.478218
3990.478218
3990.478218
3990.478218
3990.478218
3990.046545
3990.046545
3990.046545
3990.046545
3990.046545
3990.046545
3990.046545
3990.046545
3990.046545
3990.046545
3990.046545
3990.046545
3990.046545
3990.046545
3990.046545
3988.040465
3988.040465
3988.040465
3988.040465
3988.040465
3988.040465
3988.040465
3988.040465
3988.040465
3988.040465
3988.040465
3988.040465
3988.040465
3988.040465
3988.040465
3988.040465
3988.040465
3988.040465
3988.040465
3988.040465
3988.040465
3988.040465
3988.040465
3988.040465
3988.040465
3988.040465
3988.040465
3988.040465
3988.040465
3988.040465
3988.040465
3988.040465
3988.040465
3988.040465
3988.040465
3988.040465
3988.040465
3988.040465
3988.040465
3988.040465
3988.040465
3988.040465
3988.040465
3988.040465
3988.040465
3988.040465
3988.040465
3988.040465
3988.040465
3988.040465
3988.040465
3988.040465
3988.040465
3988.040465
3988.040465
3988.040465
3988.040465
3988.040465
3988.040465
3988.040465
3988.040465
3988.040465
3988.040465
3988.040465
3988.040465
3988.040465
3988.040465
3988.040465
3988.040465
3988.040465
3988.040465
3988.040465
3988.040465
3988.040465
3988.040465
3988.040465
3988.040465
3988.040465
3988.040465
3988.040465
3988.040465
3988.040465
3988.040465
3988.040465
3988.040465
3988.040465
3988.040465
3988.040465
3988.040465
3988.040465
3988.040465
3988.040465
3988.040465
3988.040465
3988.040465
3988.040465
3988.040465
3988.040465
3988.040465
3988.040465
3988.040465
3988.040465
3988.040465
3988.040465
3988.040465
3988.040465
3988.040465
3988.040465
3988.040465
3988.040465
3988.040465
3988.040465
3988.040465
3988.040465
3988.040465
3988.040465
3988.040465
3988.040465
3988.040465
3987.898857
3987.898857
3987.898857
3987.898857
3987.898857
3987.898857
3987.898857
3987.898857
3987.898857
3987.898857
3987.898857
3987.898857
3987.898857
3987.898857
3987.898857
3987.898857
3987.898857
3987.898857
3987.898857
3987.898857
3987.898857
3987.898857
3987.898857
3987.898857
3987.898857
3987.898857
3987.898857
3987.898857
3987.898857
3987.898857
3987.898857
3987.898857
3987.898857
3987.898857
3987.898857
3987.898857
3987.898857
3987.898857
3987.898857
3987.898857
3987.898857
3987.898857
3987.898857
3987.898857
3987.898857
3987.898857
3987.898857
3987.898857
3987.898857
3987.898857
3987.898857
3987.898857
3987.898857
3987.898857
3987.898857
3987.898857
3987.898857
3987.898857
3987.898857
3987.898857
3987.898857
3987.898857
3987.898857
3987.898857
3987.898857
3987.898857
3987.898857
3987.898857
3987.898857
3987.898857
3987.898857
3987.898857
3987.898857
3987.898857
3987.898857
3987.546469
3987.546469
3987.546469
3987.546469
3987.546469
3987.546469
3987.546469
3987.546469
3987.546469
3987.546469
3987.546469
3987.546469
3987.546469
3987.546469
3987.546469
3987.546469
3987.546469
3987.546469
3987.546469
3987.429121
3987.429121
3987.429121
3987.429121
3987.429121
3987.429121
3987.429121
3987.429121
3987.429121
3987.429121
3987.429121
3987.429121
3987.429121
3987.429121
3987.429121
3987.429121
3987.429121
3987.429121
3987.429121
3987.429121
3987.429121
3987.429121
3987.429121
3987.429121
3987.429121
3987.429121
3987.429121
3987.429121
3987.429121
3987.429121
3987.429121
3987.429121
3987.429121
3987.429121
3987.429121
3987.429121
3987.429121
3987.429121
3987.429121
3987.429121
3987.429121
3987.429121
3987.429121
3987.429121
3987.429121
3987.429121
3987.429121
3987.429121
3987.429121
3987.429121
3987.429121
3987.429121
3987.423767
3987.423767
3987.423767
3987.423767
3987.423767
3987.126922
3987.126922
3987.126922
3987.126922
3987.126922
3987.126922
3987.126922
3987.126922
3987.126922
3987.126922
3987.126922
3987.126922
3987.126922
3987.126922
3987.126922
3987.126922
3987.126922
3987.126922
3987.126922
3987.126922
3987.126922
3987.126922
3987.126922
3987.126922
3986.827773
3986.827773
3986.827773
3986.827773
3986.827773
3986.827773
3986.827773
3986.827773
3986.827773
3986.827773
3986.827773
3986.827773
3986.827773
3986.827773
3986.827773
3986.827773
3986.827773
3986.827773
3986.827773
3986.827773
3986.827773
3986.827773
3986.827773
3986.827773
3986.827773
3986.827773
3986.827773
3986.827773
3986.827773
3986.827773
3986.827773
3986.827773
3986.827773
3986.827773
3986.827773
3986.827773
3986.827773
3986.827773
3986.827773
3986.827773
3986.827773
3986.827773
3986.827773
3986.827773
3986.827773
3986.827773
3986.827773
3986.827773
3986.827773
3986.518739
3986.518739
3986.518739
3986.518739
3986.518739
3986.518739
3986.518739
3986.518739
3986.518739
3986.518739
3986.518739
3986.518739
3986.518739
3986.518739
3986.518739
3986.518739
3986.518739
3986.445395
3986.445395
3986.445395
3986.445395
3986.445395
3986.445395
3986.445395
3986.445395
3986.445395
3986.445395
3986.445395
3986.445395
3986.445395
3986.445395
3986.445395
3986.445395
3986.445395
3986.445395
3986.445395
3986.445395
3986.445395
3986.445395
3986.445395
3986.445395
3986.445395
3986.445395
3986.445395
3986.445395
3986.445395
3986.445395
3986.445395
3986.445395
3986.445395
3986.156797
3986.156797
3986.156797
3986.156797
3986.156797
3986.156797
3986.156797
3986.156797
3986.156797
3986.156797
3986.156797
3986.156797
3986.156797
3986.156797
3986.156797
3986.156797
3986.156797
3986.156797
3986.156797
3986.156797
3986.156797
3986.156797
3986.156797
3986.156797
3986.156797
3986.156797
3986.156797
3986.156797
3986.156797
3986.156797
3986.156797
3986.156797
3986.156797
3986.156797
3986.156797
3986.156797
3986.156797
3986.156797
3986.156797
3986.156797
3986.156797
3986.156797
3986.156797
3986.156797
3986.156797
3986.156797
3986.156797
3986.156797
3986.156797
3986.156797
3986.156797
3986.156797
3984.736563
3984.736563
3984.736563
3984.736563
3984.736563
3984.736563
3984.736563
3984.736563
3984.736563
3984.736563
3984.736563
3984.736563
3984.736563
3984.736563
3984.736563
3984.736563
3984.736563
3984.736563
3984.736563
3984.736563
3984.736563
3984.736563
3984.736563
3984.736563
3984.736563
3984.736563
3984.736563
3984.736563
3984.736563
3984.736563
3984.736563
3984.736563
3984.736563
3984.736563
3984.736563
3984.736563
3984.736563
3984.736563
3984.736563
3984.736563
3984.736563
3984.736563
3984.736563
3984.736563
3984.736563
3984.736563
3984.736563
3984.736563
3984.736563
3984.736563
3984.174515
3984.174515
3984.174515
3984.174515
3984.174515
3984.174515
3984.174515
3984.174515
3984.174515
3984.174515
3984.174515
3984.174515
3984.174515
3984.174515
3984.174515
3984.174515
3984.174515
3984.174515
3984.174515
3984.174515
3984.174515
3984.174515
3984.174515
3984.174515
3984.174515
3984.174515
3984.174515
3984.174515
3984.174515
3984.174515
3984.174515
3984.174515
3984.174515
3984.174515
3984.174515
3984.174515
3984.174515
3984.174515
3984.174515
3984.174515
3984.174515
3984.174515
3984.174515
3984.174515
3984.174515
3984.174515
3984.174515
3984.174515
3984.174515
3984.174515
3984.174515
3984.174515
3984.174515
3984.174515
3984.174515
3984.174515
3984.174515
3984.174515
3984.174515
3984.174515
3984.174515
3984.174515
3984.174515
3984.174515
3984.174515
3984.174515
3984.174515
3984.174515
3984.174515
3984.174515
3984.174515
3984.174515
3984.174515
3984.174515
3984.174515
3984.174515
3984.174515
3984.174515
3984.174515
3984.174515
3984.174515
3984.174515
3984.174515
3984.174515
3984.174515
3984.174515
3984.174515
3984.174515
3984.174515
3984.174515
3984.174515
3984.174515
3984.174515
3984.174515
3984.174515
3984.174515
3984.174515
3984.174515
3984.174515
3984.174515
3984.174515
3984.174515
3984.174515
3984.174515
3984.141260
3984.141260
3984.141260
3984.141260
3984.141260
3984.141260
3983.305774
3983.305774
3983.305774
3983.305774
3983.305774
3983.305774
3983.305774
3983.305774
3983.305774
3983.305774
3983.305774
3983.305774
3983.305774
3983.305774
3983.305774
3983.305774
3983.305774
3983.305774
3983.305774
3983.305774
3983.305774
3983.305774
3983.305774
3983.305774
3983.305774
3983.305774
3983.305774
3983.305774
3983.305774
3983.305774
3983.305774
3983.305774
3983.305774
3983.305774
3983.305774
3983.305774
3983.253905
3983.253905
3983.253905
3983.253905
3983.253905
3983.253905
3983.253905
3983.253905
3983.253905
3983.253905
3983.253905
3983.253905
3983.253905
3983.253905
3983.253905
3983.253905
3983.253905
3983.253905
3983.253905
3983.253905
3983.253905
3983.253905
3983.253905
3983.253905
3983.253905
3983.253905
3983.253905
3982.034652
3982.034652
3982.034652
3982.034652
3982.034652
3982.034652
3982.034652
3982.034652
3982.034652
3982.034652
3982.034652
3982.034652
3982.034652
3982.034652
3982.034652
3982.034652
3982.034652
3982.034652
3982.034652
3982.034652
3982.034652
3982.034652
3982.034652
3982.034652
3982.034652
3982.034652
3982.034652
3982.034652
3982.034652
3982.034652
3982.034652
3982.034652
3982.034652
3982.034652
3982.034652
3982.034652
3982.034652
3982.034652
3982.034652
3982.034652
3982.034652
3982.034652
3982.034652
3982.034652
3982.034652
3982.034652
3982.034652
3982.034652
3982.034652
3982.034652
3982.034652
3982.034652
3982.034652
3982.034652
3982.034652
3982.034652
3982.034652
3982.034652
3982.034652
3982.034652
3982.034652
3982.034652
3982.034652
3982.034652
3982.034652
3982.034652
3982.034652
3982.034652
3982.034652
3982.034652
3982.034652
3982.034652
3982.034652
3982.034652
3982.034652
3982.034652
3982.034652
3982.034652
3982.034652
3982.034652
3982.034652
3982.034652
3982.034652
3982.034652
3982.034652
3982.034652
3982.034652
3982.034652
3982.034652
3982.034652
3982.034652
3982.034652
3982.034652
3982.034652
3982.034652
3982.034652
3982.034652
3982.034652
3982.034652
3982.034652
3982.034652
3982.034652
3982.034652
3982.034652
3982.034652
3982.034652
3982.034652
3982.034652
3982.034652
3982.034652
3982.034652
3981.695140
3981.695140
3981.695140
3981.695140
3981.695140
3981.695140
3981.695140
3981.695140
3981.695140
3981.695140
3981.695140
3981.695140
3981.695140
3981.695140
3981.695140
3981.695140
3981.695140
3981.695140
3981.695140
3981.695140
3981.695140
3981.695140
3981.695140
3981.695140
3981.695140
3981.387288
3981.387288
3981.387288
3981.387288
3981.387288
3981.387288
3981.387288
3981.387288
3981.387288
3981.387288
3981.387288
3981.387288
3981.387288
3981.387288
3981.387288
3981.387288
3981.387288
3981.237597
3981.237597
3981.237597
3981.237597
3981.237597
3981.237597
3981.237597
3981.237597
3981.237597
3981.237597
3981.237597
3981.237597
3981.237597
3981.237597
3981.237597
3981.237597
3981.237597
3981.237597
3980.784386
3980.784386
3980.784386
3980.784386
3980.784386
3980.784386
3980.784386
3980.784386
3980.784386
3980.784386
3980.784386
3980.784386
3980.784386
3980.784386
3980.784386
3980.784386
3980.784386
3980.784386
3980.784386
3980.784386
3980.784386
3980.784386
3980.784386
3980.784386
3980.784386
3980.784386
3980.784386
3980.784386
3980.784386
3980.784386
3980.784386
3980.784386
3980.784386
3980.784386
3980.784386
3980.784386
3980.784386
3980.784386
3980.784386
3980.784386
3980.784386
3980.784386
3980.784386
3980.784386
3980.784386
3980.784386
3980.784386
3980.784386
3980.784386
3980.784386
3980.784386
3980.784386
3980.784386
3980.784386
3980.784386
3980.784386
3980.784386
3980.784386
3980.784386
3980.784386
3980.784386
3980.784386
3980.538248
3980.538248
3980.538248
3980.538248
3980.538248
3980.538248
3980.538248
3980.538248
3980.538248
3980.538248
3980.538248
3980.538248
3980.538248
3980.538248
3980.538248
3980.538248
3980.538248
3980.538248
3980.538248
3980.538248
3980.538248
3980.538248
3980.538248
3980.538248
3980.538248
3980.111229
3980.111229
3980.111229
3980.111229
3980.111229
3980.111229
3980.111229
3980.111229
3980.111229
3980.111229
3980.111229
3980.111229
3980.111229
3980.111229
3980.111229
3980.111229
3980.111229
3980.111229
3980.111229
3980.111229
3980.111229
3979.212809
3979.212809
3979.212809
3979.212809
3979.212809
3979.212809
3979.212809
3979.212809
3979.212809
3979.212809
3979.158982
3979.158982
3979.158982
3979.158982
3979.158982
3979.158982
3979.158982
3979.158982
3979.158982
3979.158982
3979.158982
3979.158982
3979.158982
3979.158982
3979.158982
3979.158982
3979.158982
3979.158982
3979.158982
3979.158982
3979.158982
3979.158982
3979.158982
3979.158982
3979.158982
3979.158982
3979.158982
3979.158982
3979.158982
3979.158982
3979.158982
3979.158982
3979.122553
3979.122553
3979.122553
3979.122553
3979.122553
3979.122553
3979.122553
3979.122553
3978.931934
3978.931934
3978.931934
3978.931934
3978.931934
3978.931934
3978.931934
3978.931934
3978.931934
3978.931934
3978.931934
3978.931934
3978.931934
3978.931934
3978.931934
3978.931934
3978.931934
3978.931934
3978.931934
3978.931934
3978.931934
3978.931934
3978.931934
3978.931934
3978.931934
3978.931934
3978.931934
3978.931934
3978.931934
3978.931934
3978.931934
3978.931934
3978.931934
3978.931934
3978.931934
3978.931934
3978.931934
3978.931934
3978.931934
3978.931934
3978.931934
3978.931934
3978.838271
3978.838271
3978.838271
3978.838271
3978.838271
3978.838271
3978.838271
3978.838271
3978.838271
3978.838271
3978.838271
3978.838271
3978.838271
3978.838271
3978.838271
3978.838271
3978.838271
3978.838271
3978.838271
3978.838271
3978.838271
3978.838271
3978.838271
3978.838271
3978.838271
3978.838271
3978.838271
3978.838271
3978.838271
3978.838271
3978.838271
3978.838271
3978.838271
3978.838271
3978.838271
3978.838271
3978.838271
3978.838271
3978.838271
3978.838271
3978.838271
3978.838271
3978.838271
3978.838271
3978.838271
3978.838271
3978.838271
3978.838271
3978.838271
3978.838271
3978.838271
3978.838271
3978.838271
3978.838271
3978.838271
3978.838271
3978.838271
3978.838271
3978.838271
3978.838271
3978.838271
3978.838271
3978.838271
3978.838271
3978.838271
3978.838271
3978.838271
3978.838271
3978.838271
3978.838271
3978.838271
3978.838271
3978.838271
3978.838271
3978.838271
3978.332897
3978.332897
3978.332897
3978.332897
3978.332897
3978.332897
3978.332897
3978.332897
3978.332897
3978.332897
3978.332897
3978.332897
3978.332897
3978.332897
3978.332897
3978.332897
3978.332897
3978.332897
3978.332897
3978.332897
3978.332897
3978.332897
3978.332897
3978.332897
3978.332897
3978.332897
3978.332897
3978.332897
3978.332897
3978.332897
3978.332897
3978.332897
3978.332897
3978.332897
3978.332897
3978.332897
3978.332897
3978.332897
3978.332897
3978.332897
3978.332897
3978.332897
3978.332897
3978.332897
3978.332897
3978.332897
3978.332897
3978.332897
3978.332897
3978.332897
3978.332897
3978.332897
3978.332897
3978.332897
3978.332897
3978.332897
3978.332897
3978.332897
3978.332897
3978.332897
3978.332897
3978.332897
3978.332897
3978.332897
3978.332897
3978.332897
3978.332897
3978.332897
3978.332897
3978.332897
3978.332897
3978.332897
3978.332897
3978.332897
3978.332897
3978.332897
3978.332897
3978.332897
3978.332897
3978.332897
3978.332897
3978.332897
3978.332897
3978.332897
3978.332897
3978.332897
3978.332897
3978.332897
3978.332897
3978.332897
3978.332897
3978.332897
3978.332897
3978.332897
3978.332897
3978.332897
3978.332897
3978.332897
3978.332897
3978.332897
3978.332897
3978.332897
3978.332897
3978.332897
3978.332897
3978.332897
3978.332897
3978.332897
3978.250427
3978.250427
3978.250427
3978.250427
3978.250427
3978.250427
3978.250427
3978.250427
3978.250427
3978.250427
3978.250427
3978.250427
3978.250427
3978.250427
3978.250427
3978.250427
3978.250427
3978.250427
3978.250427
3978.250427
3978.250427
3978.250427
3978.250427
3978.250427
3978.250427
3978.250427
3978.250427
3978.250427
3978.250427
3978.250427
3978.250427
3978.250427
3978.250427
3978.082410
3978.082410
3978.082410
3978.082410
3978.082410
3978.082410
3978.082410
3978.082410
3978.082410
3978.082410
3978.082410
3978.082410
3978.082410
3978.082410
3978.082410
3978.082410
3978.082410
3978.082410
3978.082410
3978.082410
3978.082410
3978.082410
3978.082410
3978.082410
3978.082410
3978.082410
3978.082410
3978.082410
3978.082410
3978.082410
3978.082410
3978.082410
3978.082410
3977.849058
3977.849058
3977.849058
3977.849058
3977.849058
3977.514510
3977.514510
3977.514510
3977.514510
3977.514510
3977.514510
3977.514510
3977.514510
3977.514510
3977.514510
3977.514510
3977.514510
3977.514510
3977.514510
3977.514510
3977.514510
3977.514510
3977.514510
3977.514510
3977.514510
3977.514510
3977.514510
3977.514510
3977.514510
3977.514510
3977.514510
3977.514510
3977.514510
3977.514510
3977.514510
3977.514510
3977.514510
3977.514510
3977.514510
3977.514510
3977.514510
3977.514510
3977.514510
3977.514510
3977.514510
3977.514510
3977.514510
3977.514510
3977.514510
3977.514510
3977.514510
3977.514510
3977.514510
3977.514510
3977.514510
3977.514510
3977.514510
3977.514510
3977.514510
3977.514510
3977.514510
3977.514510
3977.514510
3977.514510
3977.514510
3977.514510
3977.514510
3977.514510
3977.514510
3977.514510
3977.514510
3977.514510
3977.514510
3977.514510
3977.514510
3977.514510
3977.514510
3977.514510
3977.514510
3977.514510
3977.514510
3977.514510
3977.514510
3977.514510
3977.514510
3977.514510
3976.948786
3976.948786
3976.948786
3976.948786
3976.948786
3976.948786
3976.948786
3976.948786
3976.948786
3976.948786
3976.948786
3976.948786
3976.948786
3976.948786
3976.948786
3976.948786
3976.948786
3976.948786
3976.948786
3976.948786
3976.948786
3976.948786
3976.948786
3976.948786
3976.948786
3976.948786
3976.948786
3976.948786
3976.948786
3976.948786
3976.948786
3976.948786
3976.948786
3976.948786
3976.948786
3976.948786
3976.948786
3976.948786
3976.948786
3976.948786
3976.948786
3976.948786
3976.948786
3976.948786
3976.948786
3976.948786
3976.948786
3976.948786
3976.948786
3976.948786
3976.948786
3976.948786
3976.948786
3976.948786
3976.813121
3976.813121
3976.813121
3976.813121
3976.813121
3976.813121
3976.813121
3976.813121
3976.813121
3976.813121
3976.813121
3976.813121
3976.813121
3976.813121
3976.813121
3976.813121
3976.813121
3976.813121
3976.813121
3976.813121
3976.813121
3976.813121
3976.586746
3976.586746
3976.586746
3976.586746
3976.586746
3976.586746
3976.586746
3976.586746
3976.586746
3976.586746
3976.586746
3976.586746
3976.586746
3976.586746
3976.586746
3976.586746
3976.586746
3976.586746
3976.586746
3976.586746
3976.586746
3976.586746
3976.586746
3976.586746
3976.586746
3976.586746
3976.586746
3976.586746
3976.586746
3976.586746
3976.586746
3976.586746
3976.586746
3976.586746
3976.586746
3976.586746
3976.586746
3976.586746
3976.586746
3976.586746
3976.586746
3976.586746
3976.586746
3976.586746
3976.586746
3976.586746
3976.586746
3976.586746
3976.586746
3976.586746
3976.586746
3976.586746
3976.586746
3976.586746
3976.586746
3976.586746
3976.586746
3976.586746
3976.586746
3976.586746
3976.586746
3976.586746
3976.586746
3976.586746
3976.586746
3976.586746
3976.586746
3976.586746
3976.586746
3976.586746
3976.586746
3976.586746
3976.586746
3976.586746
3976.577745
3976.577745
3976.577745
3976.577745
3976.577745
3976.577745
3976.577745
3976.577745
3976.577745
3976.577745
3976.577745
3976.577745
3976.577745
3976.577745
3976.577745
3976.577745
3976.577745
3976.577745
3976.577745
3976.577745
3976.577745
3976.577745
3976.577745
3976.577745
3976.577745
3976.577745
3976.577745
3976.577745
3976.577745
3976.426137
3976.426137
3976.327633
3976.327633
3976.327633
3976.327633
3976.327633
3976.327633
3976.327633
3976.327633
3976.221755
3976.221755
3976.221755
3976.221755
3976.221755
3976.221755
3976.221755
3976.221755
3976.221755
3976.221755
3976.221755
3976.221755
3976.221755
3976.221755
3976.221755
3976.221755
3976.221755
3976.221755
3976.221755
3976.221755
3976.221755
3976.221755
3976.221755
3976.221755
3976.221755
3976.221755
3976.221755
3976.221755
3976.221755
3976.221755
3976.221755
3976.221755
3976.221755
3976.221755
3976.221755
3976.221755
3976.221755
3976.221755
3976.221755
3976.221755
3976.221755
3976.221755
3976.221755
3976.221755
3976.221755
3976.221755
3976.221755
3976.221755
3976.221755
3976.221755
3976.095497
3976.095497
3976.095497
3976.095497
3976.095497
3976.095497
3976.095497
3976.095497
3976.095497
3976.095497
3976.095497
3976.095497
3976.095497
3976.095497
3976.095497
3976.095497
3975.394345
3975.394345
3975.394345
3975.394345
3975.394345
3975.394345
3975.394345
3975.394345
3975.394345
3975.394345
3975.394345
3975.394345
3975.394345
3975.394345
3975.394345
3975.394345
3975.394345
3975.394345
3975.394345
3975.394345
3975.394345
3975.394345
3975.394345
3975.394345
3975.394345
3975.394345
3975.394345
3975.394345
3975.394345
3974.502942
3974.502942
3974.502942
3974.502942
3974.502942
3974.502942
3974.502942
3974.502942
3974.502942
3974.502942
3974.502942
3974.502942
3974.502942
3974.502942
3974.502942
3974.502942
3974.502942
3974.502942
3974.502942
3974.502942
3974.502942
3974.502942
3974.502942
3974.502942
3974.502942
3974.502942
3974.502942
3974.502942
3974.502942
3974.502942
3974.502942
3974.502942
3974.502942
3974.502942
3974.502942
3974.502942
3974.502942
3974.502942
3974.502942
3974.502942
3974.502942
3974.502942
3974.502942
3974.502942
3974.502942
3974.502942
3974.502942
3974.502942
3974.502942
3974.502942
3974.502942
3974.502942
3974.502942
3974.502942
3974.502942
3974.502942
3974.502942
3974.502942
3974.502942
3974.502942
3974.502942
3974.502942
3974.502942
3974.502942
3974.502942
3974.502942
3974.502942
3974.502942
3974.502942
3974.502942
3974.502942
3974.502942
3974.502942
3974.502942
3974.502942
3974.502942
3974.502942
3974.502942
3974.502942
3974.502942
3974.502942
3974.502942
3974.502942
3974.149343
3974.149343
3974.149343
3974.149343
3974.149343
3974.149343
3974.149343
3974.149343
3974.149343
3974.149343
3974.149343
3974.149343
3974.149343
3974.149343
3974.149343
3974.149343
3974.149343
3974.149343
3974.149343
3974.149343
3974.149343
3974.149343
3974.149343
3974.149343
3974.149343
3974.149343
3974.149343
3974.149343
3974.149343
3974.149343
3974.149343
3974.149343
3974.149343
3974.149343
3974.149343
3974.149343
3974.149343
3974.149343
3974.149343
3974.149343
3974.149343
3974.149343
3974.149343
3974.149343
3974.149343
3974.149343
3974.149343
3974.149343
3974.149343
3974.149343
3974.149343
3974.149343
3974.149343
3974.149343
3974.149343
3974.149343
3974.149343
3974.149343
3974.149343
3974.149343
3974.149343
3974.149343
3974.149343
3974.149343
3974.149343
3974.149343
3974.149343
3974.149343
3974.149343
3974.149343
3974.149343
3974.149343
3974.149343
3974.149343
3974.149343
3974.149343
3974.149343
3974.149343
3974.149343
3974.149343
3974.149343
3974.149343
3974.149343
3974.149343
3974.149343
3974.149343
3974.149343
3974.149343
3974.149343
3974.149343
3974.149343
3974.149343
3974.149343
3974.149343
3974.149343
3974.149343
3974.149343
3974.149343
3974.149343
3974.040274
3974.040274
3974.040274
3974.040274
3974.040274
3974.040274
3974.040274
3974.040274
3974.040274
3974.040274
3974.040274
3974.040274
3974.040274
3974.040274
3974.040274
3974.040274
3974.040274
3974.040274
3974.040274
3974.040274
3974.040274
3974.040274
3974.040274
3974.040274
3974.040274
3974.040274
3974.040274
3974.040274
3974.040274
3974.040274
3974.040274
3974.040274
3974.040274
3974.040274
3974.040274
3973.606000
3973.606000
3973.606000
3973.606000
3973.606000
3973.606000
3973.606000
3973.606000
3973.606000
3973.606000
3973.606000
3973.606000
3973.606000
3973.606000
3973.266604
3973.266604
3973.266604
3973.266604
3973.266604
3973.266604
3973.266604
3973.266604
3973.266604
3973.266604
3973.266604
3973.266604
3972.097198
3972.097198
3972.097198
3972.097198
3972.097198
3972.097198
3972.097198
3972.097198
3972.097198
3972.097198
3972.097198
3972.097198
3972.097198
3972.097198
3972.097198
3972.097198
3972.097198
3972.097198
3972.097198
3972.097198
3972.097198
3972.097198
3972.097198
3972.097198
3972.097198
3972.097198
3972.097198
3972.097198
3972.097198
3972.097198
3972.097198
3972.097198
3972.097198
3972.097198
3972.097198
3972.097198
3972.097198
3972.097198
3972.097198
3972.097198
3972.097198
3972.097198
3972.097198
3972.097198
3972.097198
3972.097198
3972.097198
3972.097198
3972.097198
3972.097198
3972.097198
3972.097198
3972.097198
3972.097198
3972.097198
3972.097198
3972.097198
3972.097198
3972.097198
3972.097198
3972.097198
3972.097198
3972.097198
3972.097198
3972.097198
3972.097198
3972.097198
3972.097198
3972.097198
3972.097198
3972.097198
3972.097198
3972.097198
3972.097198
3972.097198
3972.097198
3972.097198
3972.097198
3972.097198
3972.097198
3972.097198
3972.097198
3971.836571
3971.836571
3971.836571
3971.836571
3971.836571
3971.836571
3971.836571
3971.836571
3971.836571
3971.836571
3971.836571
3971.836571
3971.836571
3971.836571
3971.836571
3971.836571
3971.836571
3971.836571
3971.836571
3971.699433
3971.699433
3971.699433
3971.699433
3971.699433
3971.699433
3971.699433
3971.699433
3971.699433
3971.699433
3971.699433
3971.699433
3971.699433
3971.699433
3971.699433
3971.699433
3971.699433
3971.699433
3971.699433
3971.699433
3971.699433
3971.699433
3971.699433
3971.699433
3971.699433
3971.699433
3971.699433
3971.699433
3971.699433
3971.699433
3971.699433
3971.327332
3971.327332
3971.327332
3971.327332
3971.327332
3971.327332
3971.327332
3971.327332
3971.327332
3971.327332
3970.505452
3970.505452
3970.505452
3970.505452
3970.505452
3970.505452
3970.505452
3970.505452
3970.505452
3970.505452
3970.505452
3970.505452
3970.505452
3970.505452
3970.505452
3970.505452
3970.505452
3970.505452
3970.505452
3970.505452
3970.505452
3970.505452
3970.505452
3970.505452
3970.505452
3970.505452
3970.505452
3970.505452
3970.505452
3970.505452
3970.505452
3970.505452
3970.505452
3970.505452
3970.505452
3970.505452
3970.505452
3970.505452
3970.505452
3970.505452
3970.505452
3970.505452
3970.505452
3970.505452
3970.505452
3970.505452
3970.505452
3970.505452
3970.505452
3970.505452
3970.505452
3970.505452
3970.505452
3970.505452
3970.505452
3970.505452
3970.505452
3970.505452
3970.505452
3970.505452
3970.505452
3970.505452
3970.505452
3970.505452
3970.505452
3970.505452
3970.505452
3970.498838
3970.498838
3969.749309
3969.749309
3969.749309
3969.749309
3969.749309
3969.749309
3969.749309
3969.749309
3969.749309
3969.749309
3969.749309
3969.749309
3969.749309
3969.749309
3969.749309
3969.749309
3969.749309
3969.749309
3969.749309
3969.749309
3969.749309
3969.749309
3969.749309
3969.749309
3969.749309
3969.749309
3969.749309
3969.749309
3969.749309
3969.749309
3969.749309
3969.749309
3969.749309
3969.749309
3969.749309
3969.749309
3969.749309
3969.749309
3969.749309
3969.749309
3969.749309
3969.749309
3968.883337
3968.883337
3968.883337
3968.883337
3968.883337
3968.883337
3968.883337
3968.883337
3968.883337
3968.883337
3968.883337
3968.883337
3968.883337
3968.883337
3968.883337
3968.883337
3968.883337
3968.883337
3968.883337
3968.883337
3968.883337
3968.883337
3968.883337
3968.883337
3968.883337
3968.883337
3968.883337
3968.883337
3968.883337
3968.883337
3968.883337
3968.883337
3968.883337
3968.883337
3968.883337
3968.883337
3968.883337
3968.883337
3968.883337
3968.883337
3968.883337
3968.883337
3968.883337
3968.883337
3968.883337
3968.883337
3968.883337
3968.883337
3968.883337
3968.883337
3968.883337
3968.883337
3968.883337
3968.883337
3968.883337
3968.883337
3968.883337
3968.883337
3968.883337
3968.883337
3968.288759
3968.288759
3968.288759
3968.288759
3968.288759
3968.288759
3968.288759
3968.288759
3968.288759
3968.288759
3968.288759
3968.288759
3968.288759
3968.288759
3968.288759
3968.288759
3968.288759
3968.288759
3968.288759
3968.288759
3968.288759
3968.288759
3968.288759
3968.288759
3968.288759
3968.288759
3968.288759
3968.288759
3968.288759
3968.288759
3968.288759
3968.288759
3968.288759
3968.288759
3968.288759
3968.288759
3968.288759
3968.288759
3968.288759
3968.288759
3968.288759
3968.288759
3968.288759
3968.288759
3968.288759
3968.288759
3968.288759
3968.288759
3968.288759
3968.288759
3968.288759
3968.288759
3968.288759
3968.288759
3968.288759
3968.288759
3968.288759
3968.288759
3968.288759
3967.768101
3967.768101
3967.768101
3967.768101
3967.768101
3967.768101
3967.768101
3967.768101
3967.768101
3967.768101
3967.768101
3967.768101
3967.768101
3967.768101
3967.768101
3967.768101
3967.768101
3967.768101
3967.768101
3967.768101
3967.411258
3967.411258
3967.411258
3967.411258
3967.411258
3967.411258
3967.411258
3967.411258
3967.411258
3967.411258
3967.411258
3967.411258
3967.411258
3967.411258
3967.411258
3967.411258
3967.411258
3966.947392
3966.947392
3966.947392
3966.947392
3966.947392
3966.947392
3966.947392
3966.947392
3966.947392
3966.947392
3966.947392
3966.947392
3966.947392
3966.947392
3966.947392
3966.947392
3966.947392
3966.947392
3966.947392
3966.947392
3966.947392
3966.947392
3966.947392
3966.947392
3966.947392
3966.947392
3966.947392
3966.947392
3966.947392
3966.947392
3966.947392
3966.947392
3966.947392
3966.447687
3966.447687
3966.447687
3966.447687
3966.447687
3966.447687
3966.447687
3966.447687
3966.447687
3966.447687
3966.447687
3966.447687
3966.447687
3966.447687
3966.447687
3966.447687
3966.447687
3966.447687
3966.447687
3966.447687
3966.447687
3966.447687
3966.447687
3966.447687
3966.447687
3966.447687
3966.447687
3966.447687
3966.447687
3966.447687
3966.447687
3966.447687
3966.447687
3966.447687
3966.447687
3966.447687
3966.447687
3966.447687
3966.447687
3966.447687
3966.447687
3966.447687
3966.447687
3966.447687
3966.447687
3966.447687
3966.447687
3966.447687
3966.447687
3966.447687
3966.447687
3966.447687
3966.447687
3966.447687
3966.447687
3966.447687
3966.447687
3966.447687
3966.447687
3966.447687
3966.447687
3966.447687
3966.447687
3966.447687
3966.447687
3966.447687
3966.447687
3966.447687
3966.447687
3966.447687
3966.447687
3966.447687
3966.447687
3966.447687
3966.447687
3966.447687
3966.447687
3966.447687
3966.447687
3966.447687
3966.447687
3966.447687
3966.447687
3966.447687
3966.447687
3966.447687
3966.447687
3966.447687
3966.447687
3966.447687
3966.447687
3966.447687
3966.447687
3966.447687
3966.447687
3966.447687
3966.447687
3966.447687
3966.447687
3966.447687
3966.447687
3966.447687
3966.447687
3966.194658
3966.194658
3966.194658
3966.194658
3966.194658
3966.194658
3966.194658
3966.194658
3966.194658
3966.194658
3966.194658
3966.194658
3966.194658
3966.194658
3965.653708
3965.653708
3965.653708
3965.653708
3965.653708
3965.653708
3965.653708
3965.653708
3965.653708
3965.653708
3965.653708
3965.653708
3965.653708
3965.653708
3965.653708
3965.653708
3965.653708
3965.653708
3965.653708
3965.653708
3965.653708
3965.653708
3965.653708
3965.653708
3965.653708
3965.653708
3965.653708
3965.653708
3965.653708
3965.653708
3965.653708
3965.653708
3965.653708
3965.653708
3965.653708
3965.653708
3965.653708
3965.653708
3965.653708
3965.076931
3965.076931
3965.076931
3965.076931
3965.076931
3965.076931
3965.076931
3965.076931
3965.076931
3965.076931
3965.076931
3965.076931
3965.076931
3965.076931
3965.076931
3965.076931
3965.076931
3965.076931
3965.076931
3965.076931
3965.076931
3965.076931
3965.076931
3965.076931
3965.076931
3965.076931
3965.076931
3965.076931
3965.076931
3965.076931
3965.076931
3965.076931
3965.076931
3965.076931
3965.076931
3965.076931
3965.076931
3965.076931
3965.076931
3965.076931
3965.076931
3965.076931
3965.076931
3965.076931
3965.076931
3965.076931
3965.076931
3965.076931
3965.076931
3965.076931
3965.076931
3965.076931
3965.076931
3965.076931
3965.076931
3965.076931
3965.076931
3965.076931
3964.914394
3964.914394
3964.914394
3964.914394
3964.914394
3964.914394
3964.914394
3964.914394
3964.914394
3964.914394
3964.914394
3964.914394
3964.914394
3964.914394
3964.914394
3964.914394
3964.914394
3964.914394
3964.914394
3964.914394
3964.914394
3964.914394
3964.914394
3964.914394
3964.914394
3964.914394
3964.914394
3964.914394
3964.914394
3964.914394
3964.914394
3964.914394
3964.914394
3964.914394
3964.914394
3964.914394
3964.914394
3964.914394
3964.914394
3964.914394
3964.914394
3964.914394
3964.914394
3964.914394
3964.914394
3964.914394
3964.914394
3964.914394
3964.914394
3964.914394
3964.914394
3964.914394
3964.914394
3964.914394
3963.713389
3963.713389
3963.713389
3963.713389
3963.713389
3963.713389
3963.713389
3963.713389
3963.713389
3963.713389
3963.713389
3963.713389
3963.713389
3963.713389
3963.713389
3963.713389
3963.713389
3963.713389
3963.713389
3963.713389
3963.713389
3963.713389
3963.713389
3963.713389
3963.713389
3963.713389
3963.713389
3963.713389
3963.713389
3963.713389
3963.713389
3963.713389
3963.713389
3963.713389
3963.713389
3963.713389
3963.713389
3963.713389
3963.713389
3963.713389
3963.713389
3963.713389
3963.713389
3963.713389
3963.713389
3963.713389
3963.713389
3963.713389
3963.713389
3963.713389
3963.713389
3963.713389
3963.713389
3963.713389
3963.713389
3963.713389
3963.713389
3963.713389
3963.713389
3963.713389
3963.713389
3963.713389
3963.713389
3963.713389
3963.713389
3963.713389
3963.713389
3963.713389
3963.713389
3963.713389
3963.713389
3963.713389
3963.713389
3963.713389
3963.713389
3963.713389
3963.713389
3963.713389
3963.713389
3963.713389
3963.713389
3963.713389
3963.713389
3963.713389
3963.713389
3963.713389
3963.713389
3963.713389
3963.713389
3963.713389
3963.713389
3963.713389
3963.713389
3963.713389
3963.713389
3963.713389
3963.713389
3963.713389
3963.713389
3963.713389
3963.713389
3963.713389
3963.713389
3963.713389
3963.713389
3963.713389
3963.713389
3963.713389
3963.713389
3963.713389
3963.713389
3963.713389
3963.713389
3963.713389
3963.713389
3963.713389
3963.713389
3963.713389
3963.713389
3963.713389
3963.713389
3963.713389
3963.713389
3963.713389
3963.713389
3963.713389
3963.713389
3963.713389
3963.713389
3963.713389
3963.713389
3963.713389
3963.713389
3963.713389
3963.713389
3963.713389
3963.713389
3963.713389
3963.713389
3963.713389
3963.713389
3963.713389
3963.643333
3963.643333
3963.643333
3963.643333
3963.643333
3963.643333
3963.643333
3963.643333
3963.643333
3963.643333
3963.643333
3963.643333
3963.643333
3963.643333
3963.643333
3963.643333
3963.643333
3963.643333
3963.643333
3963.643333
3963.643333
3963.643333
3963.643333
3963.643333
3963.643333
3963.643333
3963.643333
3963.643333
3963.643333
3963.643333
3963.643333
3963.643333
3963.643333
3963.643333
3963.643333
3963.643333
3963.643333
3963.643333
3963.643333
3963.643333
3963.643333
3963.643333
3963.643333
3963.643333
3963.643333
3963.643333
3963.643333
3963.643333
3963.643333
3963.643333
3963.643333
3963.643333
3963.643333
3963.643333
3962.660784
3962.190895
3962.190895
3962.190895
3961.183899
3961.183899
3961.183899
3961.183899
3961.183899
3961.183899
3961.183899
3961.183899
3961.183899
3961.183899
3961.183899
3961.183899
3961.183899
3961.183899
3961.183899
3961.183899
3961.183899
3961.183899
3961.183899
3961.183899
3961.183899
3961.183899
3961.183899
3961.183899
3961.183899
3961.183899
3961.183899
3961.183899
3961.183899
3961.183899
3961.183899
3961.183899
3961.183899
3961.183899
3961.183899
3961.183899
3961.183899
3961.183899
3961.183899
3961.183899
3961.183899
3961.183899
3961.183899
3961.183899
3961.183899
3961.183899
3961.183899
3961.183899
3961.183899
3961.183899
3961.183899
3961.183899
3961.183899
3961.183899
3961.183899
3961.183899
3961.183899
3961.183899
3961.183899
3961.183899
3961.183899
3961.183899
3961.183899
3961.183899
3961.183899
3961.183899
3961.183899
3961.183899
3961.183899
3961.183899
3961.183899
3961.183899
3961.183899
3961.183899
3961.183899
3961.183899
3961.183899
3961.183899
3961.183899
3961.183899
3961.183899
3961.183899
3961.183899
3961.183899
3961.183899
3961.183899
3961.183899
3961.183899
3961.183899
3961.183899
3961.183899
3961.183899
3961.183899
3961.183899
3961.183899
3961.183899
3961.183899
3961.183899
3961.183899
3961.183899
3961.183899
3961.183899
3961.183899
3961.183899
3961.183899
3961.183899
3961.183899
3961.183899
3961.183899
3961.183899
3961.183899
3961.183899
3961.183899
3961.183899
3961.183899
3961.183899
3961.183899
3961.183899
3961.183899
3961.183899
3961.183899
3961.183899
3961.183899
3961.183899
3961.183899
3961.183899
3961.183899
3961.183899
3960.668866
3960.668866
3960.668866
3960.668866
3960.668866
3959.901787
3959.901787
3959.901787
3959.901787
3959.901787
3959.901787
3959.901787
3959.901787
3959.901787
3959.901787
3959.901787
3959.901787
3958.841472
3958.841472
3958.841472
3958.841472
3958.841472
3958.841472
3958.841472
3958.841472
3958.841472
3958.841472
3958.841472
3958.841472
3958.841472
3958.841472
3958.841472
3958.841472
3958.841472
3958.841472
3958.841472
3958.841472
3958.841472
3958.841472
3958.841472
3958.841472
3958.841472
3958.841472
3958.841472
3958.841472
3958.841472
3958.841472
3958.841472
3958.841472
3958.841472
3958.841472
3958.841472
3958.841472
3958.841472
3958.841472
3958.841472
3958.841472
3958.841472
3958.841472
3958.841472
3958.841472
3958.841472
3958.841472
3958.841472
3958.841472
3958.841472
3958.841472
3958.841472
3958.841472
3958.841472
3958.841472
3958.841472
3958.841472
3958.841472
3958.841472
3958.841472
3958.841472
3958.841472
3958.841472
3958.841472
3958.841472
3958.841472
3958.841472
3958.841472
3958.841472
3958.841472
3958.841472
3958.841472
3958.841472
3958.841472
3958.841472
3958.841472
3958.674344
3958.674344
3958.674344
3958.674344
3958.674344
3958.674344
3958.674344
3958.674344
3958.674344
3958.674344
3958.674344
3958.674344
3958.660275
3958.660275
3958.660275
3958.660275
3958.660275
3958.660275
3958.660275
3958.660275
3958.660275
3958.660275
3958.660275
3958.660275
3958.660275
3958.660275
3958.660275
3958.660275
3958.660275
3958.660275
3958.660275
3958.660275
3958.660275
3958.660275
3958.660275
3958.660275
3958.660275
3958.660275
3958.660275
3958.660275
3958.660275
3958.660275
3958.660275
3958.660275
3958.660275
3958.660275
3958.660275
3958.660275
3958.660275
3958.660275
3958.660275
3958.660275
3958.660275
3958.660275
3958.660275
3958.660275
3958.660275
3958.660275
3958.660275
3957.649215
3957.649215
3957.649215
3957.649215
3957.649215
3957.649215
3957.649215
3957.649215
3957.649215
3957.649215
3957.649215
3957.649215
3957.649215
3957.649215
3957.649215
3957.649215
3957.649215
3957.649215
3957.649215
3957.649215
3957.649215
3957.649215
3957.649215
3957.649215
3957.649215
3957.649215
3957.649215
3957.649215
3957.649215
3957.649215
3957.649215
3957.649215
3957.649215
3957.649215
3957.649215
3957.649215
3957.649215
3957.649215
3957.649215
3957.649215
3957.649215
3957.649215
3957.649215
3957.649215
3957.649215
3957.649215
3957.649215
3957.649215
3957.649215
3957.649215
3957.649215
3957.403855
3957.403855
3957.403855
3957.403855
3957.403855
3957.403855
3957.403855
3957.403855
3957.403855
3957.403855
3957.403855
3957.403855
3957.403855
3957.403855
3957.403855
3957.403855
3957.403855
3957.403855
3957.403855
3957.403855
3957.403855
3957.403855
3957.403855
3957.027328
3957.027328
3957.027328
3957.027328
3957.027328
3957.027328
3957.027328
3957.027328
3957.027328
3957.027328
3957.027328
3957.027328
3957.027328
3957.027328
3957.027328
3957.027328
3957.027328
3957.027328
3957.027328
3957.027328
3957.027328
3957.027328
3957.027328
3957.027328
3957.027328
3957.027328
3957.027328
3957.027328
3957.027328
3957.027328
3957.027328
3957.027328
3954.992718
3954.992718
3954.992718
3954.992718
3954.992718
3954.992718
3954.992718
3954.992718
3954.992718
3954.992718
3954.992718
3954.992718
3954.992718
3954.992718
3954.992718
3954.992718
3954.992718
3954.992718
3954.992718
3954.992718
3954.992718
3954.992718
3954.992718
3954.992718
3954.992718
3954.992718
3954.992718
3954.992718
3954.992718
3954.992718
3954.992718
3954.992718
3954.992718
3954.992718
3954.992718
3954.992718
3954.992718
3954.992718
3954.992718
3954.992718
3954.992718
3954.992718
3954.992718
3954.992718
3954.992718
3954.992718
3954.992718
3954.992718
3954.992718
3954.992718
3954.992718
3954.992718
3954.992718
3954.910006
3954.910006
3954.910006
3954.910006
3954.910006
3954.910006
3954.910006
3954.910006
3954.910006
3954.910006
3954.910006
3954.910006
3954.910006
3954.910006
3954.910006
3954.910006
3954.910006
3954.910006
3954.910006
3954.910006
3954.910006
3954.910006
3954.910006
3954.910006
3954.910006
3954.910006
3954.910006
3954.910006
3954.910006
3954.774208
3954.774208
3954.774208
3954.774208
3954.774208
3954.774208
3954.774208
3954.774208
3954.774208
3954.774208
3954.774208
3954.774208
3953.740197
3953.740197
3953.740197
3953.740197
3953.740197
3953.740197
3953.740197
3953.740197
3953.740197
3953.740197
3953.740197
3953.740197
3953.740197
3953.740197
3953.740197
3953.740197
3953.740197
3953.740197
3953.740197
3953.740197
3953.740197
3953.740197
3953.740197
3953.740197
3953.740197
3953.740197
3953.740197
3953.740197
3953.740197
3953.740197
3953.740197
3953.740197
3953.740197
3953.347104
3953.347104
3953.347104
3953.347104
3953.347104
3953.347104
3953.347104
3953.347104
3953.347104
3953.347104
3953.347104
3953.347104
3953.347104
3953.347104
3953.347104
3953.347104
3953.347104
3953.347104
3953.347104
3953.347104
3953.347104
3953.347104
3953.347104
3953.347104
3953.347104
3953.347104
3953.347104
3953.347104
3953.347104
3953.347104
3953.347104
3953.347104
3953.347104
3953.065081
3953.065081
3953.065081
3953.065081
3953.065081
3953.065081
3953.065081
3953.065081
3953.065081
3953.065081
3953.065081
3953.065081
3953.065081
3953.065081
3953.065081
3953.065081
3953.065081
3953.065081
3953.065081
3953.065081
3953.065081
3953.065081
3953.065081
3953.065081
3953.065081
3953.065081
3953.065081
3953.065081
3953.065081
3953.065081
3953.065081
3953.065081
3953.065081
3953.065081
3953.065081
3953.065081
3953.065081
3953.065081
3953.065081
3953.065081
3953.065081
3952.976461
3952.976461
3952.976461
3952.976461
3952.976461
3951.629646
3951.629646
3951.629646
3951.629646
3951.629646
3951.629646
3951.629646
3951.629646
3951.629646
3951.629646
3951.629646
3951.629646
3951.629646
3951.629646
3951.629646
3951.629646
3951.629646
3951.629646
3951.629646
3951.629646
3951.629646
3951.629646
3951.629646
3951.629646
3951.629646
3951.629646
3951.629646
3951.629646
3951.629646
3951.629646
3951.629646
3951.629646
3951.629646
3951.629646
3951.629646
3951.629646
3951.629646
3951.629646
3951.629646
3951.629646
3951.629646
3951.629646
3951.629646
3951.629646
3951.629646
3951.629646
3951.629646
3951.629646
3951.629646
3951.629646
3951.629646
3951.629646
3951.629646
3951.629646
3951.629646
3951.629646
3951.629646
3951.629646
3951.629646
3951.629646
3951.629646
3951.629646
3951.629646
3951.629646
3951.629646
3951.629646
3951.629646
3951.629646
3951.629646
3951.629646
3951.629646
3951.629646
3951.629646
3951.629646
3951.629646
3951.629646
3951.629646
3951.629646
3951.629646
3951.629646
3951.629646
3951.629646
3951.629646
3951.629646
3951.629646
3951.629646
3951.629646
3951.629646
3951.629646
3951.629646
3951.629646
3951.629646
3951.629646
3951.629646
3951.629646
3951.629646
3951.629646
3951.629646
3951.629646
3951.629646
3951.629646
3951.629646
3951.629646
3951.629646
3951.629646
3951.629646
3951.629646
3951.629646
3951.629646
3951.629646
3951.629646
3951.629646
3951.629646
3951.629646
3951.629646
3951.629646
3951.629646
3951.629646
3951.629646
3951.629646
3951.629646
3951.629646
3951.629646
3951.629646
3951.629646
3951.629646
3951.629646
3951.629646
3951.629646
3951.629646
3951.629646
3951.629646
3951.629646
3951.629646
3951.629646
3951.629646
3951.629646
3951.629646
3951.629646
3951.629646
3951.629646
3951.629646
3951.629646
3951.629646
3951.629646
3951.629646
3951.629646
3951.629646
3951.044117
3951.044117
3951.044117
3951.044117
3951.044117
3951.044117
3951.044117
3951.044117
3951.044117
3951.044117
3951.044117
3951.044117
3951.044117
3951.044117
3951.044117
3951.044117
3951.044117
3951.044117
3951.044117
3951.044117
3951.044117
3951.044117
3951.044117
3951.044117
3951.044117
3951.044117
3949.322669
3949.322669
3949.322669
3949.322669
3949.322669
3949.322669
3949.322669
3949.322669
3949.322669
3949.322669
3949.322669
3949.322669
3949.322669
3949.322669
3949.322669
3949.322669
3949.322669
3949.322669
3949.322669
3949.322669
3949.322669
3949.322669
3949.322669
3949.322669
3949.322669
3949.322669
3949.322669
3949.322669
3949.322669
3949.322669
3949.322669
3949.322669
3949.322669
3949.322669
3949.322669
3949.322669
3949.322669
3949.322669
3949.322669
3949.322669
3949.322669
3949.322669
3949.322669
3949.322669
3949.322669
3949.322669
3949.322669
3949.322669
3949.322669
3949.322669
3949.322669
3949.322669
3949.322669
3949.322669
3949.322669
3949.322669
3949.322669
3949.322669
3949.322669
3949.322669
3949.322669
3949.322669
3949.322669
3949.322669
3949.322669
3949.322669
3949.322669
3949.322669
3949.322669
3949.322669
3949.322669
3949.322669
3949.322669
3949.322669
3949.322669
3949.322669
3949.322669
3949.322669
3949.322669
3949.322669
3949.322669
3949.322669
3949.322669
3949.322669
3949.322669
3949.322669
3949.322669
3949.322669
3949.322669
3949.322669
3949.322669
3949.322669
3949.322669
3949.322669
3949.219910
3949.219910
3949.219910
3949.219910
3949.219910
3948.751995
3948.751995
3948.751995
3948.751995
3948.751995
3948.751995
3948.751995
3948.751995
3948.751995
3948.751995
3948.751995
3948.751995
3948.751995
3948.751995
3948.751995
3948.751995
3948.751995
3948.751995
3948.751995
3948.751995
3948.751995
3948.751995
3948.751995
3948.751995
3948.751995
3948.751995
3948.751995
3948.751995
3948.751995
3948.751995
3948.751995
3948.751995
3948.751995
3948.751995
3948.751995
3948.751995
3948.751995
3948.751995
3948.751995
3948.751995
3948.751995
3948.751995
3948.751995
3948.751995
3948.751995
3948.751995
3948.751995
3948.751995
3948.751995
3948.751995
3948.751995
3948.751995
3948.751995
3948.751995
3948.751995
3948.751995
3948.751995
3948.751995
3948.751995
3948.751995
3948.751995
3948.751995
3948.751995
3948.751995
3948.751995
3948.751995
3948.751995
3948.751995
3948.751995
3948.751995
3948.751995
3948.751995
3948.751995
3948.696254
3948.696254
3948.696254
3948.696254
3948.696254
3948.696254
3948.696254
3948.696254
3948.696254
3948.696254
3948.696254
3948.696254
3948.696254
3948.696254
3948.696254
3948.696254
3948.696254
3948.696254
3948.696254
3948.696254
3948.696254
3948.696254
3948.696254
3948.696254
3948.696254
3948.696254
3948.696254
3948.696254
3948.696254
3948.696254
3948.696254
3948.696254
3948.696254
3948.696254
3948.696254
3948.696254
3948.696254
3948.696254
3948.696254
3948.696254
3948.696254
3948.696254
3948.696254
3948.696254
3948.696254
3948.696254
3948.496347
3947.947120
3947.947120
3947.947120
3947.947120
3947.947120
3947.947120
3947.947120
3947.947120
3947.947120
3947.947120
3947.947120
3947.947120
3947.947120
3947.947120
3947.947120
3947.947120
3947.947120
3947.947120
3947.947120
3947.947120
3947.947120
3947.947120
3947.947120
3947.947120
3947.947120
3947.947120
3947.947120
3947.947120
3947.947120
3947.947120
3947.947120
3947.947120
3947.947120
3947.947120
3947.947120
3947.947120
3947.947120
3947.947120
3947.947120
3947.947120
3947.947120
3947.947120
3947.947120
3947.947120
3947.947120
3947.947120
3947.947120
3947.947120
3947.947120
3947.947120
3947.947120
3947.947120
3947.947120
3947.947120
3947.947120
3947.947120
3947.947120
3947.947120
3947.947120
3947.947120
3947.947120
3947.947120
3947.947120
3947.947120
3947.947120
3947.947120
3947.947120
3947.947120
3947.947120
3947.947120
3947.947120
3947.947120
3947.947120
3947.947120
3947.947120
3947.947120
3947.947120
3947.947120
3947.947120
3947.947120
3947.947120
3947.947120
3947.947120
3947.947120
3947.947120
3947.947120
3947.947120
3947.947120
3947.947120
3947.947120
3947.947120
3947.947120
3947.947120
3947.947120
3947.947120
3947.947120
3947.947120
3947.947120
3947.947120
3947.947120
3947.947120
3947.947120
3947.947120
3947.947120
3947.947120
3947.947120
3947.947120
3947.947120
3947.947120
3947.947120
3947.947120
3947.947120
3947.947120
3947.947120
3947.947120
3947.947120
3947.947120
3947.947120
3947.947120
3947.947120
3947.947120
3947.947120
3947.947120
3947.947120
3947.947120
3947.947120
3947.947120
3947.947120
3947.947120
3947.947120
3947.947120
3947.947120
3947.947120
3947.947120
3947.947120
3947.947120
3947.947120
3947.947120
3947.947120
3947.947120
3947.947120
3947.947120
3947.947120
3947.947120
3947.947120
3947.947120
3947.947120
3947.947120
3947.947120
3947.947120
3947.947120
3947.947120
3947.947120
3947.947120
3947.947120
3947.947120
3947.947120
3947.947120
3947.947120
3947.947120
3947.947120
3947.947120
3947.947120
3947.947120
3947.947120
3947.947120
3947.947120
3947.947120
3947.947120
3947.947120
3947.947120
3947.947120
3947.947120
3947.947120
3947.947120
3947.947120
3947.947120
3947.947120
3947.947120
3947.947120
3947.947120
3947.947120
3947.947120
3947.947120
3947.947120
3947.947120
3947.947120
3947.947120
3947.947120
3947.947120
3947.947120
3947.947120
3947.947120
3947.947120
3947.947120
3947.947120
3947.947120
3947.947120
3947.947120
3947.947120
3947.947120
3947.947120
3947.947120
3947.947120
3947.947120
3947.947120
3947.947120
3947.947120
3947.947120
3947.947120
3947.947120
3947.947120
3947.947120
3947.947120
3947.947120
3947.947120
3947.947120
3947.947120
3947.947120
3947.947120
3947.947120
3947.947120
3947.947120
3947.947120
3947.947120
3947.947120
3947.947120
3947.801173
3947.801173
3947.801173
3947.801173
3947.784357
3947.784357
3947.784357
3947.784357
3947.784357
3947.784357
3947.784357
3947.784357
3947.784357
3947.784357
3947.784357
3947.784357
3947.784357
3947.784357
3947.784357
3947.784357
3947.784357
3947.784357
3947.784357
3947.784357
3947.784357
3947.596136
3947.596136
3947.596136
3947.596136
3947.596136
3947.596136
3947.596136
3947.596136
3947.596136
3947.596136
3947.596136
3947.596136
3947.596136
3947.596136
3947.596136
3947.596136
3947.596136
3947.596136
3947.596136
3947.596136
3947.596136
3947.596136
3947.596136
3947.596136
3947.596136
3947.596136
3947.596136
3947.596136
3947.596136
3947.596136
3947.596136
3947.596136
3947.596136
3947.596136
3947.596136
3947.596136
3947.596136
3947.596136
3947.596136
3947.596136
3947.596136
3947.596136
3947.596136
3947.596136
3947.596136
3947.596136
3947.596136
3947.519351
3947.519351
3947.519351
3947.519351
3947.519351
3947.519351
3947.519351
3947.519351
3947.519351
3947.519351
3947.519351
3947.519351
3947.519351
3947.519351
3947.519351
3947.519351
3947.519351
3947.519351
3947.178948
3947.178948
3947.178948
3947.178948
3947.178948
3947.178948
3947.178948
3947.178948
3947.178948
3947.178948
3947.178948
3947.178948
3947.178948
3947.178948
3947.167914
3947.167914
3947.167914
3947.167914
3947.167914
3947.167914
3947.167914
3947.167914
3947.167914
3947.167914
3947.167914
3946.749006
3946.749006
3946.749006
3946.749006
3946.749006
3946.749006
3946.749006
3946.749006
3946.749006
3946.749006
3946.749006
3946.749006
3946.749006
3946.749006
3946.749006
3946.749006
3946.749006
3946.749006
3946.749006
3946.749006
3946.749006
3946.749006
3946.749006
3946.749006
3946.749006
3946.749006
3946.749006
3946.749006
3946.749006
3946.749006
3946.749006
3946.749006
3946.749006
3946.749006
3946.749006
3946.749006
3946.749006
3946.749006
3946.749006
3946.749006
3946.749006
3946.749006
3946.749006
3946.749006
3946.749006
3946.749006
3946.749006
3946.749006
3946.749006
3946.749006
3946.749006
3946.749006
3946.749006
3946.749006
3946.749006
3946.749006
3946.749006
3946.749006
3946.749006
3946.749006
3946.749006
3946.749006
3946.749006
3946.749006
3946.749006
3946.749006
3946.749006
3946.749006
3946.749006
3946.749006
3946.749006
3946.749006
3946.749006
3946.749006
3946.749006
3946.749006
3946.749006
3946.749006
3946.749006
3946.749006
3946.749006
3946.749006
3946.749006
3946.749006
3946.749006
3946.749006
3946.749006
3946.749006
3946.749006
3946.749006
3946.749006
3946.749006
3946.749006
3946.749006
3946.749006
3946.749006
3946.749006
3946.749006
3946.749006
3946.749006
3946.749006
3946.749006
3946.749006
3946.749006
3946.606843
3946.606843
3946.606843
3946.606843
3946.606843
3946.606843
3946.606843
3946.606843
3946.606843
3945.819204
3945.819204
3945.819204
3945.819204
3945.819204
3945.819204
3945.819204
3945.819204
3945.819204
3945.819204
3945.819204
3945.819204
3945.819204
3945.819204
3945.819204
3945.819204
3945.819204
3945.819204
3945.819204
3945.819204
3945.819204
3945.819204
3945.819204
3945.819204
3945.819204
3945.819204
3945.819204
3945.819204
3945.819204
3945.819204
3945.819204
3945.819204
3945.819204
3945.819204
3945.819204
3945.819204
3945.819204
3945.819204
3945.819204
3945.819204
3945.819204
3945.819204
3945.819204
3945.819204
3945.819204
3945.819204
3945.819204
3945.819204
3945.819204
3945.819204
3945.819204
3945.819204
3945.819204
3945.819204
3944.832019
3944.832019
3944.832019
3944.832019
3944.832019
3944.832019
3944.832019
3944.832019
3944.832019
3944.832019
3944.832019
3944.832019
3944.832019
3944.832019
3944.832019
3944.832019
3944.832019
3944.832019
3944.832019
3944.832019
3944.832019
3944.832019
3944.832019
3944.832019
3944.832019
3944.832019
3944.832019
3944.832019
3944.832019
3944.832019
3944.832019
3944.832019
3944.832019
3944.832019
3944.832019
3944.832019
3944.832019
3944.832019
3944.832019
3944.832019
3944.832019
3944.832019
3944.832019
3944.832019
3944.832019
3944.832019
3944.832019
3944.832019
3944.832019
3944.832019
3944.832019
3944.832019
3944.832019
3944.832019
3944.832019
3944.832019
3944.832019
3944.832019
3944.832019
3944.832019
3944.832019
3944.832019
3944.832019
3944.832019
3944.832019
3944.832019
3944.832019
3944.832019
3944.832019
3944.832019
3944.832019
3944.832019
3944.832019
3944.832019
3944.832019
3944.832019
3944.832019
3944.832019
3944.832019
3944.832019
3944.832019
3944.832019
3944.832019
3944.832019
3944.832019
3944.832019
3944.832019
3944.832019
3944.832019
3944.832019
3944.832019
3944.832019
3944.832019
3944.832019
3944.832019
3944.832019
3944.832019
3944.832019
3944.832019
3944.832019
3944.832019
3944.832019
3944.832019
3944.832019
3944.832019
3944.832019
3944.832019
3944.832019
3944.832019
3944.832019
3944.832019
3944.832019
3944.832019
3944.832019
3944.832019
3944.832019
3944.832019
3944.832019
3944.832019
3944.832019
3944.832019
3944.832019
3944.832019
3944.832019
3944.832019
3944.832019
3944.832019
3944.832019
3944.832019
3944.832019
3944.832019
3944.832019
3944.832019
3944.832019
3944.832019
3944.832019
3944.832019
3944.832019
3944.832019
3944.832019
3944.832019
3944.832019
3944.832019
3944.832019
3944.832019
3944.832019
3944.832019
3944.832019
3944.832019
3944.832019
3944.832019
3944.832019
3944.832019
3944.832019
3944.832019
3944.832019
3944.832019
3944.832019
3944.832019
3944.832019
3944.832019
3944.832019
3944.832019
3944.832019
3944.832019
3944.832019
3944.832019
3944.832019
3944.832019
3944.832019
3944.832019
3944.832019
3944.832019
3944.832019
3944.832019
3944.832019
3944.832019
3944.832019
3944.832019
3944.832019
3944.832019
3944.832019
3944.832019
3944.832019
3944.832019
3944.832019
3944.832019
3944.832019
3944.832019
3944.832019
3944.832019
3944.832019
3944.832019
3944.832019
3944.832019
3944.832019
3944.832019
3944.832019
3944.832019
3944.832019
3944.832019
3944.832019
3944.832019
3944.832019
3944.832019
3944.832019
3944.832019
3944.832019
3944.832019
3944.832019
3944.832019
3944.832019
3944.832019
3944.832019
3944.832019
3944.832019
3944.832019
3944.832019
3944.832019
3944.832019
3944.832019
3944.832019
3944.832019
3944.832019
3944.832019
3944.832019
3944.832019
3944.832019
3944.832019
3944.832019
3944.832019
3944.832019
3944.832019
3944.803538
3944.803538
3944.803538
3944.609686
3944.609686
3944.609686
3944.609686
3944.609686
3944.609686
3944.609686
3944.609686
3944.609686
3944.609686
3944.609686
3944.609686
3944.609686
3944.609686
3944.609686
3944.609686
3944.609686
3944.609686
3944.609686
3944.609686
3944.609686
3944.609686
3944.609686
3944.609686
3944.609686
3944.609686
3944.609686
3944.609686
3944.609686
3944.609686
3944.609686
3944.609686
3944.609686
3944.609686
3944.609686
3944.609686
3944.609686
3944.609686
3944.609686
3944.609686
3944.609686
3944.609686
3944.609686
3944.609686
3944.609686
3944.609686
3944.609686
3944.349503
3944.349503
3944.349503
3944.349503
3944.349503
3944.349503
3944.349503
3944.349503
3944.349503
3944.349503
3944.349503
3944.349503
3944.349503
3944.349503
3944.349503
3944.349503
3944.349503
3944.349503
3944.349503
3944.349503
3944.025392
3944.025392
3944.025392
3944.025392
3944.025392
3944.025392
3944.016622
3944.016622
3944.016622
3944.016622
3944.016622
3944.016622
3944.016622
3944.016622
3944.016622
3944.016622
3944.016622
3944.016622
3944.016622
3944.016622
3944.016622
3944.016622
3944.016622
3944.016622
3944.016622
3944.016622
3944.016622
3944.016622
3944.016622
3944.016622
3944.016622
3944.016622
3944.016622
3944.016622
3944.016622
3944.016622
3944.016622
3944.016622
3944.016622
3944.016622
3944.016622
3944.016622
3944.016622
3943.647053
3943.647053
3943.647053
3943.647053
3943.647053
3943.647053
3943.647053
3943.647053
3943.647053
3943.647053
3943.647053
3943.647053
3943.647053
3943.647053
3943.647053
3943.647053
3943.647053
3943.647053
3943.647053
3943.647053
3943.647053
3943.647053
3943.647053
3943.647053
3943.647053
3943.647053
3943.647053
3943.647053
3943.647053
3943.647053
3943.647053
3943.647053
3943.647053
3943.647053
3943.647053
3943.647053
3943.647053
3943.493804
3943.493804
3943.493804
3943.493804
3943.493804
3943.493804
3943.493804
3943.493804
3943.493804
3943.493804
3943.493804
3943.493804
3943.493804
3943.493804
3943.493804
3943.493804
3943.353842
3943.353842
3943.353842
3943.353842
3943.353842
3943.353842
3943.353842
3943.353842
3943.353842
3942.983740
3942.983740
3942.983740
3942.983740
3942.983740
3942.983740
3942.983740
3942.983740
3942.983740
3942.983740
3942.983740
3942.983740
3942.983740
3942.983740
3942.983740
3942.983740
3942.983740
3942.983740
3942.983740
3942.983740
3942.983740
3942.983740
3942.983740
3942.983740
3942.983740
3942.983740
3942.983740
3942.983740
3942.983740
3942.983740
3942.983740
3942.983740
3942.983740
3942.983740
3942.983740
3942.983740
3942.983740
3942.983740
3942.983740
3942.983740
3942.983740
3942.983740
3942.983740
3942.983740
3942.983740
3942.983740
3942.983740
3942.983740
3942.983740
3942.983740
3942.983740
3942.983740
3942.983740
3942.983740
3942.983740
3942.983740
3942.983740
3942.983740
3942.983740
3942.983740
3942.983740
3942.983740
3942.983740
3942.977058
3942.977058
3942.977058
3942.977058
3942.977058
3942.977058
3942.977058
3942.977058
3942.977058
3942.977058
3942.977058
3942.977058
3942.977058
3942.977058
3942.977058
3942.977058
3942.977058
3942.977058
3942.977058
3942.977058
3942.977058
3942.977058
3942.977058
3942.977058
3942.977058
3942.977058
3942.977058
3942.977058
3942.977058
3942.977058
3942.977058
3942.977058
3942.977058
3942.977058
3942.977058
3942.977058
3942.977058
3942.977058
3942.977058
3942.784133
3942.784133
3942.784133
3942.784133
3942.784133
3942.784133
3942.784133
3942.784133
3942.784133
3942.784133
3942.784133
3942.784133
3942.784133
3942.784133
3942.784133
3942.784133
3942.784133
3942.784133
3942.784133
3942.784133
3942.784133
3942.784133
3942.784133
3942.784133
3942.784133
3942.784133
3942.784133
3942.784133
3942.784133
3942.784133
3942.562011
3942.562011
3942.562011
3942.562011
3942.562011
3942.562011
3942.562011
3942.562011
3942.562011
3942.562011
3942.562011
3942.562011
3942.562011
3942.562011
3942.562011
3942.562011
3942.562011
3942.562011
3942.562011
3942.562011
3942.562011
3942.562011
3942.562011
3942.562011
3942.562011
3942.562011
3942.562011
3942.562011
3942.562011
3942.562011
3942.562011
3942.562011
3942.562011
3942.090236
3942.090236
3942.090236
3942.090236
3942.090236
3942.090236
3942.090236
3942.090236
3942.090236
3942.090236
3942.090236
3942.090236
3942.090236
3942.090236
3942.090236
3942.090236
3942.090236
3942.090236
3941.768267
3941.768267
3941.768267
3941.768267
3941.768267
3941.768267
3941.768267
3941.768267
3941.768267
3941.768267
3941.768267
3941.768267
3941.768267
3941.768267
3941.768267
3941.768267
3941.768267
3941.768267
3941.768267
3941.768267
3941.768267
3941.768267
3941.768267
3941.768267
3941.768267
3941.768267
3941.768267
3941.768267
3941.768267
3941.768267
3941.768267
3941.768267
3941.768267
3941.768267
3941.768267
3941.768267
3941.768267
3941.768267
3941.768267
3941.768267
3941.768267
3941.768267
3941.768267
3941.768267
3941.768267
3941.768267
3941.768267
3941.768267
3941.768267
3941.768267
3941.768267
3941.768267
3941.768267
3941.768267
3941.768267
3941.768267
3941.768267
3941.370815
3941.370815
3941.370815
3941.370815
3941.370815
3941.370815
3941.370815
3941.370815
3941.370815
3941.370815
3941.370815
3941.370815
3941.370815
3941.370815
3941.370815
3941.370815
3941.370815
3941.370815
3941.370815
3941.370815
3941.370815
3941.370815
3941.370815
3941.370815
3941.370815
3941.223406
3941.223406
3941.223406
3941.223406
3941.223406
3941.223406
3941.223406
3941.223406
3941.223406
3941.223406
3941.223406
3941.223406
3941.223406
3941.223406
3941.223406
3941.223406
3941.223406
3941.223406
3941.223406
3941.223406
3941.223406
3941.223406
3941.223406
3941.223406
3941.223406
3940.636083
3940.636083
3940.630716
3940.630716
3940.630716
3940.630716
3940.630716
3940.630716
3940.630716
3940.630716
3940.630716
3940.630716
3940.630716
3940.630716
3940.630716
3940.630716
3940.630716
3940.630716
3940.630716
3940.630716
3940.630716
3940.630716
3940.630716
3940.630716
3940.630716
3940.630716
3940.630716
3940.630716
3940.630716
3940.630716
3940.583695
3940.583695
3940.583695
3940.583695
3940.583695
3940.583695
3940.583695
3940.583695
3940.583695
3940.583695
3940.583695
3940.583695
3940.583695
3940.583695
3940.583695
3940.583695
3940.583695
3940.583695
3940.583695
3940.583695
3940.583695
3940.583695
3940.583695
3940.583695
3940.583695
3940.583695
3940.583695
3940.583695
3940.583695
3940.583695
3940.583695
3940.583695
3940.583695
3940.583695
3940.583695
3940.146370
3940.146370
3940.146370
3940.146370
3940.146370
3940.146370
3940.146370
3940.146370
3940.146370
3940.146370
3940.146370
3940.146370
3940.146370
3940.146370
3940.146370
3940.146370
3940.146370
3940.146370
3940.146370
3940.146370
3940.146370
3940.146370
3940.146370
3940.146370
3940.146370
3940.146370
3940.146370
3940.146370
3940.146370
3940.146370
3940.146370
3940.146370
3940.146370
3940.146370
3940.146370
3940.146370
3940.146370
3940.146370
3940.146370
3940.146370
3940.146370
3940.146370
3940.146370
3940.146370
3940.146370
3940.146370
3940.146370
3940.146370
3940.146370
3940.146370
3940.146370
3940.146370
3940.146370
3940.146370
3940.146370
3940.146370
3940.146370
3940.146370
3940.146370
3940.146370
3940.146370
3940.146370
3940.146370
3940.146370
3940.146370
3940.146370
3940.146370
3940.146370
3940.146370
3940.146370
3940.146370
3940.146370
3940.146370
3940.146370
3940.146370
3940.146370
3940.146370
3940.146370
3940.146370
3940.146370
3940.146370
3940.146370
3940.146370
3939.652710
3939.652710
3939.652710
3939.652710
3939.652710
3939.652710
3939.652710
3939.652710
3939.652710
3939.652710
3939.652710
3939.652710
3939.652710
3939.652710
3939.652710
3939.652710
3939.652710
3939.652710
3939.652710
3939.652710
3939.652710
3939.652710
3939.652710
3939.652710
3939.652710
3939.652710
3939.652710
3939.652710
3939.652710
3939.652710
3939.652710
3939.652710
3939.652710
3939.652710
3939.652710
3939.652710
3939.652710
3939.652710
3939.652710
3939.652710
3939.652710
3939.652710
3939.652710
3939.652710
3939.652710
3939.652710
3939.652710
3939.652710
3939.652710
3939.652710
3939.652710
3939.652710
3939.613424
3939.613424
3939.613424
3939.613424
3939.613424
3939.613424
3939.613424
3939.613424
3939.613424
3939.613424
3939.613424
3939.613424
3939.613424
3939.613424
3939.613424
3939.613424
3939.613424
3939.613424
3939.613424
3939.613424
3939.613424
3939.613424
3939.613424
3939.613424
3939.613424
3939.613424
3939.613424
3939.613424
3938.942550
3938.942550
3938.942550
3938.942550
3938.942550
3938.942550
3938.942550
3938.942550
3938.942550
3938.942550
3938.942550
3938.942550
3938.942550
3938.942550
3938.942550
3938.942550
3938.942550
3938.942550
3938.942550
3938.942550
3938.942550
3938.942550
3938.942550
3938.942550
3938.942550
3938.942550
3938.942550
3938.942550
3938.942550
3938.942550
3938.942550
3938.942550
3938.942550
3938.942550
3938.942550
3938.942550
3938.402584
3938.402584
3938.402584
3938.402584
3938.402584
3938.402584
3938.402584
3938.402584
3938.402584
3938.402584
3938.402584
3938.402584
3938.402584
3938.402584
3938.402584
3938.402584
3938.402584
3938.402584
3938.402584
3938.402584
3938.402584
3938.402584
3938.402584
3938.402584
3938.402584
3938.402584
3938.402584
3938.402584
3938.402584
3938.402584
3938.402584
3938.293971
3938.293971
3938.293971
3938.293971
3938.293971
3938.293971
3938.293971
3938.293971
3938.293971
3938.293971
3938.293971
3938.293971
3938.293971
3938.293971
3938.293971
3938.293971
3938.293971
3938.293971
3938.293971
3938.293971
3938.293971
3938.293971
3938.293971
3938.293971
3938.293971
3938.293971
3938.293971
3938.293971
3938.293971
3938.293971
3938.293971
3938.293971
3938.293971
3938.293971
3938.293971
3938.293971
3938.293971
3938.293971
3938.293971
3938.293971
3938.293971
3938.293971
3938.293971
3938.293971
3938.293971
3938.293971
3938.293971
3938.293971
3938.293971
3938.293971
3938.293971
3938.293971
3938.293971
3938.293971
3938.293971
3938.293971
3938.293971
3938.293971
3938.293971
3938.293971
3938.293971
3938.293971
3938.293971
3938.293971
3938.293971
3938.293971
3938.293971
3938.293971
3938.293971
3938.293971
3938.293971
3938.293971
3938.060140
3938.060140
3938.060140
3938.060140
3938.060140
3938.060140
3938.060140
3938.060140
3938.060140
3938.060140
3938.060140
3938.060140
3938.060140
3938.060140
3938.060140
3938.060140
3938.060140
3938.060140
3938.060140
3938.060140
3938.060140
3938.060140
3938.060140
3938.060140
3938.060140
3938.060140
3938.060140
3938.060140
3938.060140
3938.060140
3938.060140
3938.060140
3938.060140
3938.060140
3938.060140
3938.060140
3938.060140
3938.060140
3938.060140
3937.774132
3937.774132
3937.774132
3937.774132
3937.774132
3937.774132
3937.774132
3937.774132
3937.774132
3937.774132
3937.774132
3937.774132
3937.774132
3937.774132
3937.774132
3937.774132
3937.774132
3937.774132
3937.774132
3937.774132
3937.774132
3937.774132
3937.774132
3937.774132
3937.774132
3937.774132
3937.774132
3937.774132
3937.774132
3937.774132
3937.774132
3937.774132
3937.774132
3937.487650
3937.487650
3937.487650
3937.487650
3937.487650
3937.487650
3937.487650
3937.487650
3937.487650
3937.487650
3937.487650
3937.487650
3937.487650
3937.487650
3937.487650
3937.487650
3937.487650
3937.487650
3937.487650
3936.704799
3936.704799
3936.704799
3936.704799
3936.704799
3936.704799
3936.704799
3936.704799
3936.704799
3936.704799
3936.704799
3936.704799
3936.704799
3936.704799
3936.704799
3936.704799
3936.704799
3936.704799
3936.704799
3936.704799
3936.704799
3936.704799
3936.704799
3936.704799
3936.704799
3936.704799
3936.704799
3936.704799
3936.704799
3936.704799
3936.704799
3936.704799
3936.704799
3936.704799
3936.704799
3936.704799
3936.704799
3936.704799
3936.704799
3936.704799
3936.704799
3936.704799
3936.704799
3936.704799
3936.704799
3936.704799
3936.704799
3936.704799
3936.620026
3936.620026
3936.620026
3936.620026
3936.620026
3936.620026
3936.620026
3936.620026
3936.620026
3936.620026
3936.620026
3936.620026
3936.620026
3936.620026
3936.620026
3936.620026
3936.620026
3936.620026
3936.620026
3936.620026
3936.620026
3936.620026
3936.620026
3936.620026
3936.620026
3936.620026
3936.620026
3936.620026
3936.620026
3936.620026
3936.620026
3936.620026
3936.620026
3936.620026
3936.620026
3936.620026
3936.005152
3936.005152
3936.005152
3936.005152
3936.005152
3936.005152
3936.005152
3936.005152
3936.005152
3936.005152
3936.005152
3936.005152
3936.005152
3936.005152
3936.005152
3936.005152
3936.005152
3936.005152
3936.005152
3936.005152
3936.005152
3936.005152
3936.005152
3936.005152
3936.005152
3936.005152
3936.005152
3936.005152
3936.005152
3936.005152
3936.005152
3936.005152
3936.005152
3936.005152
3936.005152
3936.005152
3936.005152
3936.005152
3936.005152
3936.005152
3936.005152
3936.005152
3936.005152
3936.005152
3936.005152
3936.005152
3936.005152
3936.005152
3936.005152
3936.005152
3936.005152
3936.005152
3936.005152
3936.005152
3936.005152
3936.005152
3936.005152
3936.005152
3936.005152
3936.005152
3936.005152
3935.839276
3935.839276
3935.839276
3935.839276
3935.839276
3935.839276
3935.839276
3935.839276
3935.839276
3935.839276
3935.839276
3935.839276
3935.839276
3935.839276
3935.839276
3935.839276
3935.839276
3935.839276
3935.839276
3935.839276
3935.839276
3935.839276
3935.839276
3935.839276
3935.839276
3935.839276
3935.839276
3935.839276
3935.839276
3935.839276
3935.839276
3935.839276
3935.839276
3935.839276
3935.839276
3935.839276
3935.839276
3935.839276
3935.839276
3935.770120
3935.770120
3935.770120
3935.770120
3935.770120
3935.770120
3935.770120
3935.770120
3935.770120
3935.770120
3935.770120
3935.770120
3935.770120
3935.770120
3935.770120
3935.770120
3935.770120
3935.770120
3935.493737
3935.493737
3935.493737
3935.493737
3935.493737
3935.493737
3935.493737
3935.493737
3935.493737
3935.493737
3935.493737
3935.493737
3935.493737
3935.493737
3935.493737
3935.493737
3935.493737
3935.493737
3935.493737
3935.493737
3935.493737
3935.493737
3935.493737
3935.493737
3935.493737
3935.493737
3935.493737
3935.493737
3935.493737
3935.493737
3935.493737
3935.493737
3935.493737
3935.244977
3935.244977
3935.244977
3935.244977
3935.244977
3935.244977
3935.244977
3935.244977
3935.244977
3935.244977
3935.244977
3935.244977
3935.244977
3935.244977
3935.244977
3935.244977
3935.069545
3935.069545
3935.069545
3935.069545
3935.069545
3935.069545
3935.069545
3935.069545
3935.069545
3935.069545
3935.069545
3935.069545
3935.069545
3935.069545
3935.069545
3935.069545
3935.069545
3935.069545
3935.069545
3935.069545
3935.069545
3935.069545
3935.069545
3935.069545
3935.069545
3935.069545
3935.069545
3935.069545
3935.069545
3935.069545
3935.069545
3935.069545
3935.069545
3935.069545
3935.069545
3935.069545
3935.069545
3935.069545
3935.069545
3935.069545
3935.069545
3935.069545
3935.069545
3935.069545
3935.069545
3935.069545
3935.069545
3935.069545
3935.069545
3935.069545
3935.069545
3935.069545
3935.069545
3935.069545
3935.069545
3935.069545
3935.069545
3935.069545
3935.069545
3935.069545
3935.069545
3935.069545
3935.069545
3935.069545
3935.069545
3935.069545
3935.069545
3935.069545
3935.069545
3935.069545
3935.069545
3935.069545
3935.069545
3935.069545
3935.069545
3935.012364
3935.012364
3935.012364
3935.012364
3935.012364
3935.012364
3935.012364
3935.012364
3935.012364
3935.012364
3935.012364
3935.012364
3935.012364
3935.012364
3935.012364
3935.012364
3935.012364
3935.012364
3934.855546
3934.855546
3934.855546
3934.855546
3934.855546
3934.855546
3934.855546
3934.855546
3934.855546
3934.855546
3934.855546
3934.855546
3934.855546
3934.855546
3934.855546
3934.855546
3934.855546
3934.855546
3934.855546
3934.855546
3934.855546
3934.855546
3934.855546
3934.855546
3934.855546
3934.855546
3934.855546
3934.855546
3934.855546
3934.393577
3934.393577
3934.393577
3934.393577
3934.393577
3934.393577
3934.393577
3934.393577
3934.393577
3934.393577
3934.393577
3934.393577
3934.393577
3934.393577
3934.226242
3934.226242
3934.226242
3934.226242
3934.226242
3934.226242
3934.226242
3934.226242
3934.226242
3934.226242
3934.226242
3934.226242
3934.226242
3934.226242
3934.189382
3934.189382
3934.189382
3934.189382
3934.189382
3934.189382
3934.189382
3934.189382
3934.189382
3934.189382
3934.189382
3934.189382
3934.189382
3934.189382
3934.189382
3934.189382
3934.189382
3934.189382
3934.189382
3934.189382
3934.189382
3934.189382
3934.189382
3934.189382
3934.189382
3934.189382
3934.189382
3934.189382
3934.189382
3933.884889
3933.884889
3933.884889
3933.884889
3933.884889
3933.884889
3933.884889
3933.884889
3933.884889
3933.884889
3933.884889
3933.884889
3933.884889
3933.884889
3933.884889
3933.884889
3933.884889
3933.884889
3933.884889
3933.884889
3933.884889
3933.884889
3933.884889
3933.884889
3933.884889
3933.884889
3933.884889
3933.884889
3933.884889
3933.884889
3933.884889
3933.884889
3933.884889
3933.884889
3933.884889
3933.884889
3933.884889
3933.884889
3933.884889
3933.884889
3933.884889
3933.884889
3933.884889
3933.884889
3933.884889
3933.884889
3933.884889
3933.884889
3933.884889
3933.884889
3933.884889
3933.884889
3933.884889
3933.884889
3933.884889
3933.884889
3933.884889
3933.884889
3933.884889
3933.884889
3933.884889
3933.884889
3933.884889
3933.884889
3933.884889
3933.884889
3933.884889
3933.884889
3933.884889
3933.884889
3933.884889
3933.884889
3933.884889
3933.884889
3933.884889
3933.884889
3933.884889
3933.884889
3933.505593
3933.505593
3933.505593
3933.505593
3933.505593
3933.505593
3933.505593
3933.505593
3933.505593
3933.505593
3933.505593
3933.505593
3933.505593
3933.505593
3933.505593
3933.505593
3933.505593
3933.505593
3933.505593
3933.505593
3933.505593
3933.505593
3933.505593
3933.505593
3933.505593
3933.505593
3933.505593
3933.505593
3933.505593
3933.505593
3933.505593
3933.505593
3933.505593
3933.505593
3933.505593
3933.505593
3933.505593
3933.505593
3933.505593
3933.505593
3933.505593
3933.505593
3933.505593
3933.505593
3933.505593
3933.505593
3933.505593
3933.505593
3933.505593
3933.505593
3933.505593
3933.505593
3933.505593
3933.505593
3933.505593
3933.505593
3933.505593
3933.505593
3933.505593
3933.505593
3933.505593
3933.505593
3933.505593
3933.505593
3933.505593
3933.505593
3933.505593
3933.505593
3933.505593
3933.505593
3933.505593
3933.505593
3933.505593
3933.505593
3933.505593
3933.505593
3933.505593
3933.505593
3933.505593
3933.505593
3933.505593
3933.505593
3933.505593
3933.505593
3933.505593
3933.505593
3933.505593
3933.505593
3933.505593
3933.505593
3933.505593
3933.505593
3933.505593
3933.505593
3933.505593
3933.505593
3933.505593
3933.505593
3933.505593
3933.505593
3933.505593
3933.505593
3933.505593
3933.505593
3933.505593
3933.505593
3933.505593
3933.505593
3933.505593
3933.505593
3933.505593
3933.505593
3933.505593
3933.505593
3933.505593
3933.505593
3933.505593
3933.505593
3933.505593
3933.505593
3933.505593
3933.505593
3933.505593
3933.505593
3933.505593
3933.505593
3933.505593
3933.505593
3933.505593
3933.505593
3933.505593
3933.505593
3933.505593
3933.462188
3933.462188
3933.462188
3933.462188
3933.462188
3933.462188
3933.462188
3933.462188
3933.462188
3933.171361
3933.171361
3933.171361
3933.171361
3933.171361
3933.171361
3933.171361
3933.171361
3933.171361
3933.171361
3933.171361
3933.171361
3933.171361
3933.171361
3933.171361
3933.171361
3933.171361
3933.171361
3933.171361
3933.171361
3933.171361
3933.171361
3933.171361
3933.171361
3933.171361
3933.171361
3933.171361
3933.171361
3933.171361
3933.171361
3933.171361
3933.171361
3933.171361
3933.171361
3933.171361
3933.171361
3933.171361
3933.171361
3933.171361
3933.171361
3933.171361
3933.171361
3933.171361
3933.171361
3933.171361
3933.171361
3933.171361
3933.171361
3933.171361
3933.171361
3933.171361
3933.171361
3933.171361
3933.171361
3933.171361
3933.171361
3933.171361
3933.171361
3933.171361
3933.171361
3933.171361
3933.171361
3933.171361
3933.171361
3933.171361
3933.171361
3933.171361
3933.171361
3933.171361
3933.171361
3933.171361
3933.171361
3933.171361
3933.171361
3933.171361
3933.171361
3933.171361
3933.171361
3933.171361
3933.171361
3933.171361
3933.171361
3933.171361
3933.171361
3933.171361
3933.171361
3933.171361
3933.171361
3933.171361
3933.171361
3933.171361
3933.171361
3933.171361
3933.171361
3933.171361
3933.171361
3933.171361
3933.171361
3933.171361
3933.171361
3933.171361
3933.171361
3933.171361
3933.171361
3933.171361
3933.171361
3933.171361
3933.171361
3933.171361
3933.171361
3933.171361
3933.171361
3933.171361
3933.171361
3933.171361
3933.171361
3933.171361
3933.171361
3933.171361
3933.171361
3933.171361
3933.171361
3933.171361
3933.171361
3933.171361
3933.171361
3933.171361
3933.171361
3933.171361
3933.171361
3933.171361
3933.171361
3933.171361
3933.171361
3933.171361
3933.171361
3933.171361
3933.171361
3933.171361
3933.171361
3933.171361
3933.171361
3933.171361
3933.171361
3933.171361
3933.171361
3933.171361
3933.171361
3933.171361
3933.171361
3933.171361
3933.171361
3933.171361
3933.171361
3933.171361
3933.171361
3933.171361
3933.171361
3933.171361
3933.171361
3933.171361
3933.171361
3933.171361
3933.171361
3932.945901
3932.945901
3932.945901
3932.945901
3932.945901
3932.945901
3932.945901
3932.945901
3932.945901
3932.945901
3932.945901
3932.945901
3932.945901
3932.945901
3932.945901
3932.945901
3932.945901
3932.945901
3932.945901
3932.945901
3932.945901
3932.945901
3932.945901
3932.945901
3932.945901
3932.945901
3932.945901
3932.945901
3932.945901
3932.945901
3932.945901
3932.945901
3932.945901
3932.945901
3932.945901
3932.945901
3932.945901
3932.945901
3932.945901
3932.945901
3932.945901
3932.945901
3932.945901
3932.945901
3932.945901
3932.945901
3932.945901
3932.945901
3932.945901
3932.945901
3932.945901
3932.945901
3932.945901
3932.945901
3932.945901
3932.945901
3932.945901
3932.945901
3932.945901
3932.945901
3932.945901
3932.945901
3932.945901
3932.945901
3932.945901
3932.945901
3932.477288
3932.477288
3932.477288
3932.477288
3932.477288
3932.477288
3932.477288
3932.477288
3932.477288
3932.477288
3932.477288
3932.477288
3932.477288
3932.477288
3932.477288
3932.477288
3932.477288
3932.477288
3932.477288
3932.477288
3932.477288
3932.477288
3932.477288
3932.477288
3932.477288
3932.477288
3932.477288
3932.477288
3932.477288
3932.477288
3932.477288
3932.477288
3932.477288
3932.477288
3932.477288
3932.477288
3932.477288
3932.477288
3932.477288
3932.477288
3932.477288
3932.477288
3932.477288
3932.477288
3932.477288
3932.477288
3932.477288
3932.477288
3932.477288
3932.477288
3932.477288
3932.477288
3932.477288
3932.477288
3932.477288
3932.477288
3932.477288
3932.477288
3932.477288
3932.477288
3932.477288
3932.477288
3932.477288
3932.477288
3932.477288
3932.477288
3932.477288
3932.477288
3932.477288
3932.477288
3932.477288
3932.477288
3932.477288
3932.477288
3932.477288
3932.477288
3932.477288
3932.477288
3932.477288
3932.477288
3932.477288
3932.477288
3932.477288
3932.477288
3932.477288
3932.477288
3932.477288
3932.477288
3932.477288
3932.477288
3932.477288
3932.477288
3932.477288
3932.477288
3932.477288
3932.477288
3932.477288
3932.477288
3932.477288
3932.477288
3932.477288
3932.477288
3932.477288
3932.477288
3932.477288
3932.477288
3932.477288
3932.477288
3932.477288
3932.477288
3932.477288
3932.477288
3932.477288
3932.477288
3932.477288
3932.477288
3932.477288
3932.477288
3932.477288
3932.477288
3932.477288
3932.477288
3932.477288
3932.477288
3932.477288
3932.477288
3932.477288
3932.477288
3932.477288
3932.477288
3932.477288
3932.477288
3932.477288
3932.477288
3932.477288
3932.477288
3932.477288
3932.477288
3932.477288
3932.477288
3932.477288
3932.234678
3932.234678
3932.234678
3932.234678
3932.234678
3932.234678
3932.234678
3932.234678
3932.189789
3932.189789
3932.189789
3932.189789
3932.189789
3932.189789
3932.189789
3932.189789
3932.189789
3932.189789
3932.189789
3932.189789
3932.189789
3932.189789
3932.088691
3932.088691
3932.088691
3932.088691
3932.088691
3932.088691
3932.088691
3932.088691
3932.088691
3932.088691
3932.088691
3932.088691
3932.088691
3932.088691
3932.088691
3932.088691
3932.088691
3932.088691
3932.088691
3932.088691
3932.088691
3932.088691
3932.088691
3932.088691
3932.088691
3932.088691
3932.088691
3932.088691
3932.088691
3932.088691
3932.088691
3932.088691
3932.088691
3932.088691
3932.088691
3932.088691
3932.088691
3932.088691
3932.088691
3932.088691
3932.088691
3932.088691
3932.088691
3932.088691
3932.088691
3932.088691
3932.088691
3932.088691
3932.088691
3932.088691
3932.088691
3932.088691
3932.088691
3932.088691
3932.088691
3932.088691
3932.088691
3932.088691
3932.088691
3932.088691
3932.088691
3932.088691
3932.088691
3932.088691
3932.088691
3932.088691
3932.088691
3932.088691
3932.088691
3932.088691
3932.088691
3932.088691
3932.088691
3932.088691
3932.088691
3932.088691
3932.088691
3932.088691
3932.088691
3932.040993
3932.040993
3932.040993
3932.040993
3932.040993
3932.040993
3932.040993
3932.040993
3932.040993
3932.040993
3932.040993
3932.040993
3932.040993
3932.040993
3932.040993
3932.040993
3932.040993
3932.040993
3932.040993
3932.040993
3932.040993
3931.953005
3931.953005
3931.953005
3931.953005
3931.953005
3931.953005
3931.862782
3931.862782
3931.862782
3931.862782
3931.862782
3931.862782
3931.862782
3931.862782
3931.862782
3931.862782
3931.862782
3931.862782
3931.862782
3931.862782
3931.862782
3931.862782
3931.862782
3931.862782
3931.862782
3931.862782
3931.862782
3931.862782
3931.862782
3931.862782
3931.862782
3931.862782
3931.862782
3931.862782
3931.862782
3931.862782
3931.862782
3931.862782
3931.862782
3931.862782
3931.862782
3931.862782
3931.862782
3931.862782
3931.862782
3931.862782
3931.862782
3931.862782
3931.862782
3931.862782
3931.862782
3931.862782
3931.862782
3931.862782
3931.862782
3931.862782
3931.862782
3931.862782
3931.862782
3931.862782
3931.862782
3931.862782
3931.862782
3931.862782
3931.862782
3931.862782
3931.862782
3931.862782
3931.862782
3931.862782
3931.862782
3931.862782
3931.862782
3931.862782
3931.862782
3931.862782
3931.862782
3931.862782
3931.504984
3931.504984
3931.504984
3931.504984
3931.504984
3931.504984
3931.279875
3931.279875
3931.279875
3931.279875
3931.279875
3931.279875
3931.279875
3931.279875
3931.279875
3931.279875
3931.279875
3931.279875
3931.279875
3931.279875
3931.279875
3930.880726
3930.880726
3930.880726
3930.880726
3930.880726
3930.880726
3930.880726
3930.880726
3930.880726
3930.880726
3930.880726
3930.880726
3930.880726
3930.880726
3930.880726
3930.880726
3930.880726
3930.880726
3930.880726
3930.880726
3930.880726
3930.880726
3930.880726
3930.880726
3930.880726
3930.880726
3930.880726
3930.880726
3930.880726
3930.880726
3930.880726
3930.880726
3930.880726
3930.880726
3930.880726
3930.880726
3930.880726
3930.880726
3930.880726
3930.880726
3930.880726
3930.880726
3930.880726
3930.880726
3930.880726
3930.880726
3930.880726
3930.880726
3930.880726
3930.880726
3930.880726
3930.880726
3930.880726
3930.880726
3930.880726
3930.880726
3930.880726
3930.880726
3930.880726
3930.880726
3930.880726
3930.880726
3930.880726
3930.880726
3930.880726
3930.880726
3930.880726
3930.712450
3930.712450
3930.712450
3930.712450
3930.712450
3930.712450
3930.712450
3930.712450
3930.712450
3930.712450
3930.712450
3930.712450
3930.712450
3930.712450
3930.712450
3930.712450
3930.712450
3930.712450
3930.712450
3930.712450
3930.712450
3930.712450
3930.712450
3930.712450
3930.712450
3930.712450
3930.712450
3930.712450
3930.712450
3930.712450
3930.712450
3930.712450
3930.712450
3930.712450
3930.712450
3930.712450
3930.712450
3930.712450
3930.712450
3930.712450
3930.712450
3930.712450
3930.712450
3930.712450
3930.712450
3930.712450
3930.712450
3930.712450
3930.712450
3930.712450
3930.712450
3930.712450
3930.712450
3930.712450
3930.712450
3930.712450
3930.712450
3930.712450
3930.712450
3930.712450
3930.712450
3930.712450
3930.712450
3930.712450
3930.712450
3930.712450
3930.712450
3930.712450
3930.712450
3930.712450
3930.712450
3930.712450
3930.712450
3930.712450
3930.712450
3930.712450
3930.712450
3930.712450
3930.712450
3930.712450
3930.712450
3930.712450
3930.712450
3930.712450
3930.712450
3930.712450
3930.712450
3930.712450
3930.712450
3930.712450
3930.712450
3930.712450
3930.635463
3930.635463
3930.635463
3930.635463
3930.635463
3930.635463
3930.635463
3930.635463
3930.635463
3930.635463
3930.635463
3930.635463
3930.635463
3930.635463
3930.635463
3930.635463
3930.635463
3930.635463
3930.635463
3930.635463
3930.635463
3930.635463
3930.635463
3930.635463
3930.635463
3930.635463
3930.635463
3930.635463
3930.635463
3930.635463
3930.635463
3930.635463
3930.635463
3930.635463
3930.635463
3930.562903
3930.562903
3930.562903
3930.562903
3930.562903
3930.562903
3930.366002
3930.366002
3930.366002
3930.275581
3930.275581
3930.275581
3930.275581
3930.275581
3930.275581
3930.275581
3930.275581
3930.275581
3930.275581
3930.275581
3930.275581
3930.275581
3930.275581
3930.275581
3930.275581
3930.275581
3930.275581
3930.275581
3930.275581
3930.275581
3930.275581
3930.275581
3930.275581
3930.275581
3930.275581
3930.275581
3930.275581
3930.275581
3930.275581
3930.275581
3930.275581
3930.275581
3930.275581
3930.275581
3930.275581
3930.275581
3930.275581
3930.232647
3930.232647
3930.232647
3930.232647
3930.232647
3930.232647
3930.232647
3930.232647
3930.232647
3930.232647
3930.232647
3930.232647
3930.232647
3930.232647
3930.232647
3930.232647
3930.232647
3930.232647
3930.232647
3930.232647
3930.232647
3930.232647
3930.232647
3930.232647
3930.232647
3930.232647
3930.232647
3930.232647
3930.232647
3930.232647
3930.232647
3930.232647
3930.232647
3930.232647
3930.232647
3930.232647
3930.232647
3930.232647
3930.232647
3930.232647
3930.232647
3930.232647
3930.232647
3930.232647
3930.232647
3930.232647
3930.232647
3930.232647
3930.232647
3930.232647
3930.151200
3930.151200
3930.151200
3930.151200
3930.151200
3930.135705
3930.135705
3930.135705
3930.135705
3930.135705
3930.135705
3928.563199
3928.563199
3928.563199
3928.563199
3928.563199
3928.563199
3928.563199
3928.563199
3928.563199
3928.563199
3928.563199
3928.563199
3928.563199
3928.563199
3928.563199
3928.563199
3928.563199
3928.563199
3928.563199
3928.563199
3928.563199
3928.563199
3928.563199
3928.563199
3928.563199
3928.563199
3928.563199
3928.563199
3928.563199
3928.563199
3928.563199
3928.563199
3928.563199
3928.563199
3928.563199
3928.563199
3928.563199
3928.563199
3928.563199
3928.563199
3928.563199
3928.563199
3928.563199
3928.563199
3928.563199
3928.563199
3928.563199
3928.563199
3928.563199
3928.563199
3928.563199
3928.563199
3928.563199
3928.563199
3928.563199
3928.563199
3928.563199
3928.563199
3928.563199
3928.563199
3928.563199
3928.563199
3928.563199
3928.563199
3928.563199
3928.563199
3928.563199
3928.563199
3928.563199
3928.563199
3928.563199
3928.563199
3928.563199
3928.563199
3928.563199
3928.563199
3928.563199
3928.563199
3928.563199
3928.563199
3928.563199
3928.563199
3928.563199
3928.563199
3928.563199
3928.563199
3928.563199
3928.563199
3928.563199
3928.563199
3928.563199
3928.563199
3928.563199
3928.563199
3928.563199
3928.563199
3928.563199
3928.563199
3928.563199
3928.563199
3928.563199
3928.563199
3928.563199
3928.563199
3928.563199
3928.563199
3928.563199
3928.563199
3928.563199
3928.272283
3928.272283
3928.272283
3928.272283
3928.272283
3928.272283
3928.272283
3928.272283
3928.272283
3928.272283
3928.272283
3928.272283
3928.272283
3928.272283
3928.272283
3928.272283
3928.272283
3928.272283
3928.272283
3928.272283
3928.272283
3928.272283
3928.272283
3928.272283
3928.272283
3928.272283
3928.272283
3928.272283
3928.272283
3928.272283
3928.272283
3928.272283
3928.272283
3928.272283
3928.272283
3928.272283
3928.272283
3928.272283
3928.272283
3928.272283
3928.272283
3928.272283
3928.272283
3928.272283
3928.272283
3928.272283
3928.272283
3928.272283
3928.272283
3928.272283
3928.272283
3928.272283
3928.272283
3928.272283
3928.272283
3928.272283
3928.272283
3928.272283
3927.548264
3927.548264
3927.548264
3927.548264
3927.548264
3927.548264
3927.548264
3927.548264
3927.548264
3927.548264
3927.548264
3927.548264
3927.548264
3927.548264
3927.548264
3927.548264
3927.548264
3927.548264
3927.548264
3927.548264
3927.548264
3927.548264
3927.548264
3927.548264
3927.548264
3927.548264
3927.548264
3927.548264
3927.548264
3927.548264
3927.548264
3927.548264
3927.548264
3927.548264
3927.548264
3927.548264
3927.548264
3927.548264
3927.548264
3927.548264
3927.548264
3927.548264
3927.548264
3927.548264
3927.548264
3927.548264
3927.548264
3927.548264
3927.548264
3927.548264
3927.548264
3927.548264
3927.548264
3927.548264
3927.548264
3927.548264
3927.548264
3927.548264
3927.548264
3927.548264
3927.548264
3927.548264
3927.548264
3927.548264
3927.548264
3927.548264
3927.548264
3927.548264
3927.548264
3927.548264
3927.548264
3927.548264
3927.548264
3927.548264
3927.548264
3927.548264
3927.548264
3927.548264
3927.548264
3927.548264
3927.548264
3927.548264
3927.548264
3927.548264
3927.548264
3927.548264
3927.548264
3927.548264
3927.548264
3927.548264
3927.548264
3927.548264
3927.548264
3927.548264
3927.548264
3927.548264
3927.548264
3927.548264
3927.548264
3927.548264
3927.548264
3927.175892
3927.175892
3927.175892
3927.175892
3927.175892
3927.175892
3927.175892
3927.175892
3927.175892
3927.175892
3927.175892
3927.175892
3927.175892
3927.175892
3927.175892
3927.175892
3927.175892
3927.175892
3927.175892
3927.175892
3927.175892
3927.175892
3927.175892
3927.175892
3927.175892
3927.175892
3927.175892
3927.175892
3927.175892
3927.175892
3927.175892
3927.175892
3927.175892
3927.175892
3927.175892
3927.175892
3927.175892
3927.175892
3927.175892
3927.175892
3927.175892
3927.175892
3927.175892
3927.175892
3927.175892
3927.175892
3927.175892
3927.175892
3927.175892
3927.175892
3927.175892
3927.175892
3927.175892
3927.175892
3927.175892
3927.175892
3927.175892
3927.175892
3927.175892
3927.175892
3927.175892
3927.175892
3927.175892
3927.175892
3927.175892
3927.175892
3927.175892
3927.175892
3927.175892
3927.175892
3927.175892
3927.175892
3927.175892
3927.175892
3927.175892
3927.175892
3927.175892
3927.175892
3927.175892
3927.175892
3927.175892
3927.175892
3927.175892
3927.175892
3927.175892
3927.175892
3927.175892
3927.175892
3927.175892
3927.175892
3927.175892
3927.175892
3927.175892
3927.175892
3927.175892
3927.175892
3927.175892
3927.175892
3927.175892
3927.175892
3927.175892
3927.175892
3927.175892
3927.175892
3927.175892
3927.175892
3927.175892
3927.175892
3926.959300
3926.959300
3926.959300
3926.959300
3926.959300
3926.959300
3926.959300
3926.959300
3926.959300
3926.959300
3926.959300
3926.959300
3926.959300
3926.959300
3926.959300
3926.886383
3926.886383
3926.886383
3926.886383
3926.886383
3926.886383
3926.886383
3926.886383
3926.886383
3926.886383
3926.886383
3926.886383
3926.886383
3926.886383
3926.251979
3926.251979
3926.251979
3926.251979
3926.251979
3926.251979
3926.251979
3926.251979
3926.251979
3926.251979
3926.251979
3926.251979
3926.251979
3926.251979
3926.251979
3926.251979
3926.251979
3926.251979
3926.251979
3926.251979
3926.251979
3926.251979
3926.251979
3926.251979
3926.251979
3926.251979
3926.251979
3926.251979
3926.251979
3926.251979
3926.251979
3926.251979
3926.251979
3926.251979
3926.251979
3926.251979
3926.251979
3926.251979
3926.251979
3926.251979
3926.251979
3926.251979
3926.251979
3926.251979
3926.251979
3926.251979
3926.251979
3926.251979
3926.251979
3926.251979
3926.251979
3926.251979
3926.251979
3926.251979
3926.251979
3926.251979
3926.251979
3926.251979
3926.251979
3926.201559
3926.201559
3926.201559
3926.201559
3926.201559
3926.201559
3926.201559
3926.201559
3926.201559
3926.201559
3926.201559
3926.201559
3926.201559
3926.201559
3926.201559
3926.201559
3926.201559
3926.201559
3926.201559
3926.201559
3926.201559
3926.201559
3926.201559
3926.201559
3926.201559
3926.201559
3926.201559
3926.201559
3926.201559
3926.201559
3926.201559
3926.201559
3926.201559
3926.201559
3926.201559
3926.201559
3926.201559
3926.201559
3926.201559
3926.201559
3926.201559
3926.201559
3926.201559
3926.201559
3926.201559
3926.201559
3926.201559
3926.201559
3926.201559
3926.201559
3926.201559
3926.201559
3926.201559
3926.201559
3926.201559
3926.201559
3926.201559
3926.201559
3926.201559
3926.201559
3926.201559
3926.201559
3926.201559
3926.201559
3926.201559
3926.201559
3926.201559
3926.201559
3926.201559
3925.928529
3925.928529
3925.928529
3925.928529
3925.928529
3925.928529
3925.928529
3925.928529
3925.928529
3925.928529
3925.928529
3925.928529
3925.928529
3925.928529
3925.928529
3925.928529
3925.928529
3925.928529
3925.928529
3925.928529
3925.928529
3925.928529
3924.779325
3924.779325
3924.779325
3924.779325
3924.779325
3924.779325
3924.779325
3924.779325
3924.779325
3924.779325
3924.779325
3924.779325
3924.779325
3924.779325
3924.779325
3924.779325
3924.779325
3924.779325
3924.779325
3924.779325
3924.779325
3924.779325
3924.779325
3924.779325
3924.779325
3924.779325
3924.779325
3924.779325
3924.779325
3924.779325
3924.779325
3924.779325
3924.779325
3924.779325
3924.779325
3924.779325
3924.779325
3924.779325
3924.779325
3924.779325
3924.779325
3924.779325
3924.779325
3924.779325
3924.779325
3924.779325
3924.779325
3924.779325
3924.779325
3924.779325
3924.779325
3924.779325
3924.779325
3924.779325
3924.779325
3924.779325
3924.779325
3924.779325
3924.779325
3924.779325
3924.779325
3924.779325
3924.779325
3924.779325
3924.779325
3924.779325
3924.779325
3924.779325
3924.779325
3924.779325
3924.779325
3924.779325
3924.779325
3924.779325
3924.779325
3924.779325
3924.779325
3924.779325
3924.779325
3924.779325
3924.779325
3924.779325
3924.779325
3924.779325
3924.779325
3924.779325
3924.779325
3924.779325
3924.779325
3924.779325
3924.779325
3924.779325
3924.779325
3924.779325
3924.779325
3924.779325
3924.779325
3924.779325
3924.779325
3924.779325
3924.779325
3924.779325
3924.779325
3924.779325
3924.779325
3924.779325
3924.779325
3924.779325
3924.779325
3924.779325
3924.779325
3924.779325
3924.779325
3924.779325
3924.779325
3924.779325
3924.779325
3924.779325
3924.779325
3924.779325
3924.779325
3924.779325
3924.779325
3924.779325
3924.779325
3924.779325
3924.779325
3924.691293
3924.691293
3924.691293
3924.691293
3924.691293
3924.691293
3924.691293
3924.691293
3924.691293
3924.691293
3924.691293
3924.691293
3924.691293
3924.691293
3924.691293
3924.523389
3924.523389
3924.523389
3924.523389
3924.523389
3924.523389
3924.523389
3924.523389
3924.523389
3924.523389
3924.523389
3924.523389
3924.523389
3924.523389
3924.523389
3924.523389
3924.523389
3924.523389
3924.523389
3924.523389
3924.523389
3924.523389
3924.523389
3924.523389
3924.523389
3924.523389
3924.523389
3924.523389
3924.523389
3924.523389
3924.523389
3924.523389
3924.523389
3924.523389
3924.523389
3924.523389
3924.523389
3924.523389
3924.523389
3924.523389
3924.523389
3924.523389
3924.523389
3924.523389
3924.523389
3924.523389
3924.523389
3924.523389
3924.523389
3924.523389
3924.523389
3924.523389
3924.523389
3924.523389
3924.523389
3924.523389
3924.523389
3924.523389
3924.523389
3924.523389
3924.523389
3924.523389
3924.523389
3924.523389
3924.487189
3924.487189
3924.487189
3924.487189
3924.487189
3924.487189
3924.487189
3924.487189
3924.487189
3924.487189
3924.487189
3924.487189
3924.487189
3924.487189
3924.487189
3924.487189
3924.487189
3924.487189
3924.487189
3924.487189
3924.487189
3924.487189
3924.487189
3924.487189
3924.487189
3924.487189
3923.988372
3923.988372
3923.988372
3923.826069
3923.826069
3923.826069
3923.826069
3923.826069
3923.826069
3923.826069
3923.826069
3923.826069
3923.826069
3923.826069
3923.826069
3923.826069
3923.826069
3923.826069
3923.826069
3923.826069
3923.826069
3923.826069
3923.826069
3923.826069
3923.826069
3923.826069
3923.826069
3923.826069
3923.826069
3923.826069
3923.826069
3923.826069
3923.826069
3923.826069
3923.826069
3923.826069
3923.826069
3923.826069
3923.826069
3923.826069
3923.826069
3923.826069
3923.826069
3923.826069
3923.826069
3923.826069
3923.826069
3923.826069
3923.826069
3923.826069
3923.826069
3923.826069
3923.826069
3923.826069
3923.826069
3923.826069
3923.826069
3923.826069
3923.826069
3923.826069
3923.826069
3923.826069
3923.826069
3923.826069
3923.826069
3923.826069
3923.826069
3923.826069
3923.826069
3923.826069
3923.826069
3923.826069
3923.826069
3923.826069
3923.826069
3923.826069
3923.826069
3923.826069
3923.826069
3923.826069
3923.826069
3923.826069
3923.826069
3923.826069
3923.826069
3923.826069
3923.826069
3923.826069
3923.826069
3923.826069
3923.826069
3923.826069
3923.826069
3923.826069
3923.826069
3923.826069
3923.826069
3923.826069
3923.826069
3923.826069
3923.826069
3923.826069
3923.826069
3923.826069
3923.826069
3923.629985
3923.629985
3923.629985
3923.629985
3923.629985
3923.629985
3923.629985
3923.629985
3923.629985
3923.629985
3923.629985
3923.629985
3923.629985
3923.629985
3923.629985
3923.629985
3923.629985
3923.629985
3923.629985
3923.629985
3923.629985
3923.629985
3923.629985
3923.629985
3923.629985
3923.629985
3923.629985
3923.629985
3923.629985
3923.629985
3923.629985
3923.629985
3923.629985
3923.629985
3923.629985
3923.629985
3923.629985
3923.629985
3923.629985
3923.629985
3923.629985
3923.629985
3923.629985
3923.629985
3923.629985
3923.629985
3923.629985
3923.629985
3923.629985
3923.629985
3923.629985
3923.629985
3923.629985
3923.629985
3923.629985
3923.629985
3923.629985
3923.629985
3923.629985
3923.629985
3923.629985
3923.629985
3923.629985
3923.629985
3923.629985
3923.629985
3923.629985
3923.629985
3923.629985
3923.629985
3923.629985
3923.629985
3923.629985
3923.629985
3923.629985
3923.629985
3923.629985
3923.629985
3923.629985
3923.629985
3923.629985
3923.629985
3923.629985
3923.629985
3923.629985
3923.629985
3923.629985
3923.629985
3923.629985
3923.629985
3923.629985
3923.629985
3923.612316
3923.612316
3923.612316
3923.612316
3923.612316
3923.612316
3923.612316
3923.612316
3923.612316
3923.612316
3923.474997
3923.474997
3923.474997
3923.474997
3923.474997
3923.474997
3923.474997
3923.474997
3923.474997
3923.474997
3923.474997
3923.474997
3923.426098
3923.426098
3923.426098
3923.426098
3923.426098
3923.426098
3923.426098
3923.426098
3923.426098
3923.426098
3923.426098
3923.426098
3923.426098
3923.426098
3923.426098
3923.426098
3923.426098
3923.426098
3923.426098
3923.426098
3923.426098
3923.426098
3923.426098
3923.426098
3923.426098
3923.426098
3923.426098
3923.426098
3923.426098
3923.426098
3923.426098
3923.426098
3923.426098
3923.426098
3923.426098
3923.426098
3923.426098
3923.426098
3923.426098
3923.426098
3923.426098
3923.426098
3923.426098
3923.426098
3923.426098
3923.426098
3923.426098
3923.426098
3923.426098
3923.426098
3923.426098
3923.426098
3923.245439
3923.245439
3923.245439
3923.245439
3923.245439
3923.245439
3923.245439
3923.245439
3923.245439
3923.245439
3923.245439
3923.245439
3923.245439
3923.245439
3923.245439
3923.245439
3923.245439
3923.245439
3923.245439
3923.245439
3923.245439
3923.245439
3923.245439
3923.245439
3923.245439
3923.245439
3923.245439
3923.245439
3922.925329
3922.925329
3922.925329
3922.925329
3922.925329
3922.925329
3922.925329
3922.925329
3922.925329
3922.925329
3922.925329
3922.925329
3922.925329
3922.925329
3922.925329
3922.925329
3922.925329
3922.925329
3922.925329
3922.925329
3922.925329
3922.925329
3922.925329
3922.925329
3922.925329
3922.925329
3922.925329
3922.925329
3922.925329
3922.925329
3922.925329
3922.925329
3922.925329
3922.925329
3922.925329
3922.925329
3922.925329
3922.925329
3922.925329
3922.925329
3922.925329
3922.925329
3922.925329
3922.925329
3922.925329
3922.925329
3922.925329
3922.925329
3922.925329
3922.925329
3922.925329
3922.925329
3922.925329
3922.925329
3922.925329
3922.876167
3922.876167
3922.876167
3922.876167
3922.876167
3922.876167
3922.876167
3922.876167
3922.876167
3922.876167
3922.876167
3922.876167
3922.876167
3922.876167
3922.876167
3922.876167
3922.876167
3922.876167
3922.876167
3922.876167
3922.876167
3922.876167
3922.876167
3922.876167
3922.726516
3922.726516
3922.726516
3922.726516
3922.726516
3922.726516
3922.726516
3922.726516
3922.726516
3922.726516
3922.726516
3922.726516
3922.726516
3922.726516
3922.726516
3922.726516
3922.726516
3922.726516
3922.726516
3922.596223
3922.596223
3922.596223
3922.596223
3922.596223
3922.596223
3922.596223
3922.596223
3922.596223
3922.596223
3922.596223
3922.172932
3922.172932
3922.172932
3922.172932
3922.172932
3922.172932
3922.172932
3922.172932
3922.172932
3922.172932
3922.172932
3922.172932
3922.172932
3922.172932
3922.172932
3922.172932
3922.172932
3922.172932
3922.172932
3922.172932
3922.172932
3922.172932
3922.172932
3922.172932
3922.172932
3922.172932
3922.172932
3922.172932
3922.172932
3922.172932
3922.172932
3922.172932
3922.172932
3922.172932
3922.172932
3922.172932
3922.172932
3922.172932
3922.172932
3922.172932
3922.172932
3922.172932
3922.172932
3922.172932
3922.172932
3922.172932
3922.088161
3922.088161
3922.088161
3922.088161
3922.088161
3922.088161
3921.714425
3921.714425
3921.714425
3921.714425
3921.714425
3921.714425
3921.714425
3921.714425
3921.714425
3921.714425
3921.714425
3921.714425
3921.714425
3921.714425
3921.714425
3921.714425
3921.714425
3921.714425
3921.714425
3921.714425
3921.714425
3921.714425
3921.714425
3921.714425
3921.714425
3921.714425
3921.714425
3921.714425
3921.714425
3921.714425
3921.714425
3921.714425
3921.714425
3921.714425
3921.714425
3921.714425
3921.714425
3921.714425
3921.714425
3921.714425
3921.714425
3921.714425
3921.714425
3921.714425
3921.714425
3921.714425
3921.714425
3921.714425
3921.714425
3921.714425
3921.714425
3921.714425
3921.714425
3921.714425
3921.714425
3921.714425
3921.714425
3921.714425
3921.714425
3921.714425
3921.523119
3921.523119
3921.523119
3921.523119
3921.523119
3921.523119
3921.523119
3921.523119
3921.523119
3921.523119
3921.523119
3921.523119
3921.523119
3921.523119
3921.523119
3921.523119
3921.523119
3921.523119
3921.523119
3921.523119
3921.523119
3921.523119
3921.523119
3921.523119
3921.523119
3921.523119
3921.523119
3921.523119
3921.523119
3921.523119
3921.523119
3921.523119
3921.523119
3921.523119
3921.523119
3921.523119
3921.523119
3921.523119
3921.523119
3921.523119
3921.523119
3921.523119
3921.523119
3921.523119
3921.523119
3921.504003
3921.504003
3921.504003
3921.504003
3921.504003
3920.899069
3920.899069
3920.899069
3920.899069
3920.899069
3920.899069
3920.899069
3920.899069
3920.899069
3920.899069
3920.899069
3920.899069
3920.899069
3920.899069
3920.899069
3920.899069
3920.899069
3920.899069
3920.899069
3920.899069
3920.899069
3920.899069
3920.899069
3920.899069
3920.899069
3920.899069
3920.899069
3920.899069
3920.899069
3920.899069
3920.899069
3920.899069
3920.899069
3920.899069
3920.899069
3920.899069
3920.899069
3920.899069
3920.899069
3920.899069
3920.899069
3920.899069
3920.899069
3920.899069
3920.899069
3920.899069
3920.899069
3920.899069
3920.899069
3920.899069
3920.899069
3920.899069
3920.899069
3920.899069
3920.899069
3920.899069
3920.899069
3920.899069
3920.899069
3920.899069
3920.899069
3920.899069
3920.899069
3920.899069
3920.899069
3920.899069
3920.899069
3920.899069
3920.899069
3920.899069
3920.899069
3920.899069
3920.899069
3920.899069
3920.899069
3920.899069
3920.899069
3920.899069
3920.899069
3920.899069
3920.899069
3920.899069
3920.899069
3920.899069
3920.899069
3920.899069
3920.899069
3920.899069
3920.899069
3920.899069
3920.899069
3920.899069
3920.899069
3920.899069
3920.899069
3920.899069
3920.899069
3920.899069
3920.899069
3920.899069
3920.899069
3920.899069
3920.899069
3920.899069
3920.899069
3920.899069
3920.899069
3920.899069
3920.899069
3920.899069
3920.899069
3920.899069
3920.899069
3920.899069
3920.899069
3920.899069
3920.899069
3920.899069
3920.899069
3920.899069
3920.899069
3920.899069
3920.899069
3920.899069
3920.899069
3920.899069
3920.899069
3920.899069
3920.899069
3920.899069
3920.899069
3920.899069
3920.899069
3920.899069
3920.899069
3920.899069
3920.899069
3920.899069
3920.899069
3920.899069
3920.899069
3920.899069
3920.899069
3920.899069
3920.760576
3920.760576
3920.760576
3920.760576
3920.760576
3920.760576
3920.760576
3920.760576
3920.760576
3920.760576
3920.760576
3920.760576
3920.760576
3920.693994
3920.693994
3920.693994
3920.693994
3920.693994
3920.693994
3920.693994
3920.693994
3920.693994
3920.693994
3920.693994
3920.693994
3920.693994
3920.693994
3920.693994
3920.693994
3920.693994
3920.693994
3920.693994
3920.693994
3920.693994
3920.693994
3920.693994
3920.693994
3920.571903
3920.571903
3920.571903
3920.571903
3920.571903
3920.571903
3920.082106
3920.082106
3920.082106
3920.082106
3920.082106
3920.082106
3920.082106
3920.082106
3920.082106
3920.082106
3920.082106
3920.082106
3920.082106
3920.082106
3920.082106
3920.082106
3920.082106
3920.082106
3920.082106
3920.082106
3920.082106
3920.082106
3920.082106
3920.082106
3920.082106
3920.082106
3920.082106
3920.082106
3920.082106
3920.082106
3920.082106
3920.082106
3920.082106
3920.082106
3920.082106
3920.082106
3920.082106
3920.082106
3920.082106
3920.082106
3920.082106
3920.082106
3920.082106
3920.082106
3920.082106
3920.082106
3920.082106
3920.082106
3920.082106
3920.082106
3920.082106
3920.082106
3920.082106
3920.082106
3920.082106
3920.082106
3920.082106
3920.082106
3920.082106
3920.082106
3920.082106
3918.856241
3918.856241
3918.856241
3918.856241
3918.856241
3918.856241
3918.856241
3918.856241
3918.856241
3918.856241
3918.856241
3918.856241
3918.856241
3918.856241
3918.856241
3918.856241
3918.856241
3918.856241
3918.856241
3918.856241
3918.856241
3918.856241
3918.856241
3918.856241
3918.856241
3918.856241
3918.856241
3918.856241
3918.856241
3918.856241
3918.856241
3918.856241
3918.856241
3918.856241
3918.856241
3918.856241
3918.856241
3918.856241
3918.856241
3918.856241
3918.856241
3918.856241
3918.856241
3918.856241
3918.856241
3918.856241
3918.856241
3918.856241
3918.856241
3918.856241
3918.856241
3918.856241
3918.856241
3918.856241
3918.856241
3918.505130
3918.505130
3918.505130
3918.505130
3918.505130
3918.505130
3918.505130
3918.505130
3918.505130
3918.505130
3918.505130
3918.505130
3918.505130
3918.505130
3918.505130
3918.505130
3918.505130
3918.505130
3918.505130
3918.505130
3918.505130
3918.505130
3918.505130
3918.505130
3918.505130
3918.505130
3918.505130
3918.505130
3918.505130
3918.505130
3917.933322
3917.933322
3917.933322
3917.933322
3917.933322
3917.933322
3917.933322
3917.933322
3917.933322
3917.933322
3917.933322
3917.933322
3917.933322
3917.933322
3917.933322
3917.933322
3917.933322
3917.933322
3917.933322
3917.933322
3917.933322
3917.933322
3917.933322
3917.933322
3917.933322
3917.933322
3917.933322
3917.933322
3917.933322
3917.933322
3917.933322
3917.933322
3917.933322
3917.933322
3917.933322
3917.933322
3917.933322
3917.933322
3917.933322
3917.933322
3917.933322
3917.933322
3917.933322
3917.933322
3917.933322
3917.933322
3917.933322
3917.933322
3917.933322
3917.933322
3917.933322
3917.933322
3917.933322
3917.933322
3917.933322
3917.933322
3917.933322
3917.933322
3917.933322
3917.933322
3917.933322
3917.933322
3917.933322
3917.933322
3917.933322
3917.933322
3917.933322
3917.933322
3917.933322
3917.933322
3917.933322
3917.933322
3917.933322
3917.933322
3917.933322
3917.933322
3917.933322
3917.933322
3917.933322
3917.933322
3917.933322
3917.933322
3917.933322
3917.933322
3917.933322
3917.933322
3917.933322
3917.933322
3917.933322
3917.933322
3917.933322
3917.933322
3917.933322
3917.933322
3917.933322
3917.933322
3917.933322
3917.933322
3917.933322
3917.278546
3917.278546
3917.278546
3917.278546
3917.278546
3917.278546
3917.278546
3917.215672
3917.215672
3917.215672
3917.215672
3917.215672
3917.215672
3917.215672
3917.215672
3917.215672
3917.215672
3917.215672
3917.215672
3917.215672
3917.215672
3917.215672
3917.215672
3917.215672
3917.215672
3917.215672
3917.215672
3917.215672
3917.025330
3917.025330
3917.025330
3917.025330
3917.025330
3917.025330
3917.025330
3917.025330
3917.025330
3917.025330
3917.025330
3917.025330
3917.025330
3917.025330
3917.025330
3917.025330
3917.025330
3917.025330
3917.025330
3917.025330
3916.733975
3916.733975
3916.733975
3916.733975
3916.733975
3916.733975
3916.733975
3916.733975
3916.733975
3916.733975
3916.733975
3916.733975
3916.733975
3916.733975
3914.070794
3914.070794
3914.070794
3914.070794
3914.070794
3914.070794
3914.070794
3914.070794
3914.070794
3914.070794
3914.070794
3914.070794
3914.070794
3914.070794
3914.070794
3914.070794
3914.070794
3914.070794
3914.070794
3914.070794
3914.070794
3914.070794
3914.070794
3914.070794
3914.070794
3914.070794
3914.070794
3914.070794
3914.070794
3914.070794
3914.070794
3914.070794
3914.070794
3914.070794
3914.070794
3914.070794
3914.070794
3914.070794
3914.070794
3914.070794
3914.070794
3914.070794
3914.070794
3914.070794
3914.070794
3914.070794
3914.070794
3914.070794
3914.070794
3914.070794
3914.070794
3914.070794
3914.070794
3914.070794
3914.070794
3914.070794
3914.070794
3914.070794
3914.070794
3914.070794
3914.070794
3914.070794
3914.070794
3914.070794
3914.070794
3914.070794
3914.070794
3914.070794
3914.070794
3914.070794
3914.070794
3914.070794
3914.070794
3914.070794
3914.070794
3914.070794
3914.070794
3914.070794
3914.070794
3914.070794
3914.070794
3914.070794
3914.070794
3914.070794
3914.070794
3914.070794
3914.070794
3914.070794
3914.070794
3914.070794
3914.070794
3914.070794
3914.070794
3914.070794
3914.070794
3914.070794
3914.070794
3914.070794
3914.070794
3914.070794
3914.070794
3914.070794
3914.070794
3914.070794
3914.070794
3914.070794
3914.070794
3914.070794
3914.070794
3914.070794
3914.070794
3914.070794
3914.070794
3914.070794
3914.070794
3914.070794
3914.070794
3914.070794
3914.070794
3914.070794
3914.070794
3914.070794
3914.070794
3914.070794
3914.070794
3914.070794
3914.070794
3914.070794
3914.070794
3914.070794
3914.070794
3914.070794
3914.070794
3914.070794
3914.070794
3914.070794
3914.070794
3914.070794
3914.070794
3914.070794
3914.070794
3914.070794
3914.070794
3912.671204
3912.671204
3912.671204
3912.671204
3912.671204
3912.671204
3912.671204
3912.671204
3912.671204
3912.671204
3912.671204
3912.671204
3912.671204
3912.671204
3912.671204
3912.671204
3912.671204
3912.671204
3912.671204
3912.671204
3912.671204
3912.671204
3912.671204
3912.671204
3912.671204
3912.671204
3912.671204
3912.671204
3912.671204
3912.671204
3912.671204
3912.671204
3912.671204
3912.671204
3912.671204
3912.671204
3912.671204
3912.671204
3912.671204
3912.671204
3912.671204
3912.671204
3912.671204
3912.671204
3912.671204
3912.671204
3912.671204
3912.671204
3912.671204
3912.671204
3912.671204
3912.671204
3912.671204
3912.671204
3912.671204
3912.671204
3912.671204
3912.671204
3912.671204
3912.671204
3912.671204
3912.671204
3912.671204
3912.671204
3912.671204
3912.671204
3912.671204
3912.663956
3912.663956
3912.663956
3912.663956
3912.663956
3912.663956
3912.663956
3912.663956
3912.288202
3912.288202
3912.288202
3912.288202
3912.288202
3912.288202
3912.288202
3912.288202
3912.288202
3912.288202
3912.288202
3912.288202
3912.288202
3912.288202
3912.288202
3912.288202
3912.288202
3912.288202
3912.288202
3912.288202
3912.288202
3912.288202
3912.288202
3912.288202
3912.288202
3912.288202
3912.288202
3912.288202
3912.288202
3912.288202
3912.288202
3912.288202
3912.288202
3912.288202
3912.288202
3912.288202
3912.288202
3912.288202
3912.288202
3912.288202
3912.288202
3912.288202
3912.162271
3912.162271
3912.162271
3912.162271
3912.162271
3912.162271
3912.162271
3912.162271
3912.162271
3912.162271
3912.162271
3912.162271
3912.162271
3912.162271
3912.162271
3912.162271
3912.162271
3912.162271
3912.162271
3912.162271
3912.162271
3912.162271
3912.162271
3912.162271
3912.162271
3912.162271
3912.162271
3912.162271
3912.162271
3912.162271
3912.162271
3912.162271
3912.162271
3912.162271
3912.162271
3912.162271
3912.162271
3912.162271
3912.162271
3912.162271
3912.162271
3912.162271
3912.162271
3912.162271
3912.162271
3912.162271
3912.162271
3912.162271
3912.162271
3912.162271
3912.162271
3912.162271
3912.162271
3912.162271
3912.162271
3912.162271
3912.162271
3912.162271
3912.162271
3912.162271
3912.162271
3912.152055
3912.152055
3912.152055
3912.152055
3912.152055
3912.152055
3912.152055
3912.152055
3912.152055
3912.152055
3912.152055
3912.152055
3912.152055
3912.152055
3912.152055
3912.152055
3912.152055
3912.152055
3912.152055
3912.152055
3912.152055
3912.152055
3911.978468
3911.978468
3911.978468
3911.978468
3911.978468
3911.978468
3911.978468
3911.978468
3911.978468
3911.978468
3911.978468
3911.978468
3911.978468
3911.978468
3911.978468
3911.978468
3911.978468
3911.978468
3911.978468
3911.978468
3911.978468
3911.978468
3911.978468
3911.978468
3911.978468
3911.978468
3911.978468
3911.978468
3911.978468
3911.978468
3911.978468
3911.978468
3911.978468
3911.978468
3911.978468
3911.978468
3911.978468
3911.978468
3911.978468
3911.978468
3911.978468
3911.978468
3911.978468
3911.978468
3911.978468
3911.978468
3911.978468
3911.978468
3911.978468
3911.446295
3910.706850
3910.706850
3910.706850
3910.706850
3910.706850
3910.706850
3910.706850
3910.706850
3910.706850
3910.706850
3910.706850
3910.706850
3910.706850
3910.706850
3910.706850
3910.706850
3910.706850
3910.706850
3910.706850
3910.706850
3910.706850
3910.706850
3910.706850
3910.706850
3910.706850
3910.706850
3910.706850
3910.706850
3910.706850
3910.706850
3910.706850
3910.706850
3910.706850
3910.706850
3910.706850
3910.706850
3910.706850
3910.706850
3910.706850
3910.706850
3910.706850
3910.706850
3910.706850
3910.706850
3910.706850
3910.706850
3910.706850
3910.572539
3910.572539
3910.572539
3910.572539
3910.572539
3910.572539
3910.572539
3910.572539
3910.572539
3910.572539
3910.572539
3910.572539
3910.572539
3910.572539
3910.572539
3910.572539
3910.572539
3910.572539
3910.572539
3910.572539
3910.572539
3910.572539
3910.572539
3910.572539
3910.572539
3910.572539
3910.572539
3910.572539
3910.572539
3910.572539
3910.572539
3910.572539
3910.572539
3910.572539
3910.572539
3910.572539
3910.572539
3910.572539
3910.572539
3910.572539
3910.572539
3910.572539
3910.572539
3910.572539
3910.572539
3910.572539
3910.572539
3910.572539
3910.572539
3910.572539
3910.572539
3910.572539
3910.572539
3910.572539
3910.572539
3910.572539
3910.572539
3909.490908
3909.490908
3909.490908
3909.490908
3909.490908
3909.490908
3909.490908
3909.490908
3909.490908
3909.490908
3909.490908
3909.490908
3909.490908
3909.490908
3909.490908
3909.490908
3909.490908
3909.490908
3909.490908
3909.490908
3909.490908
3909.490908
3909.490908
3909.490908
3909.490908
3909.490908
3909.490908
3909.490908
3909.490908
3909.490908
3909.490908
3909.490908
3909.490908
3909.490908
3909.490908
3909.490908
3909.490908
3909.490908
3909.490908
3909.490908
3909.490908
3909.256140
3909.256140
3909.256140
3909.256140
3909.256140
3909.256140
3909.256140
3909.256140
3909.256140
3909.256140
3909.256140
3909.256140
3909.256140
3909.256140
3909.256140
3909.256140
3909.256140
3909.256140
3909.256140
3909.256140
3909.256140
3909.256140
3909.256140
3909.256140
3909.256140
3909.256140
3909.256140
3909.256140
3908.985389
3908.985389
3908.985389
3908.985389
3908.985389
3908.985389
3908.985389
3908.335043
3908.335043
3908.335043
3908.335043
3908.335043
3908.335043
3908.335043
3908.335043
3908.335043
3908.335043
3908.335043
3908.335043
3908.335043
3908.335043
3908.335043
3908.335043
3908.335043
3908.335043
3908.335043
3908.335043
3908.335043
3908.335043
3908.335043
3908.335043
3908.335043
3908.335043
3908.335043
3908.335043
3908.335043
3908.335043
3908.335043
3908.335043
3908.335043
3908.335043
3908.335043
3907.913769
3907.913769
3907.913769
3907.913769
3907.856963
3907.856963
3907.856963
3907.856963
3907.856963
3907.856963
3907.856963
3907.856963
3907.856963
3907.856963
3907.856963
3907.856963
3907.856963
3907.856963
3907.856963
3907.856963
3907.856963
3907.856963
3907.856963
3907.856963
3907.856963
3907.856963
3907.856963
3907.856963
3907.856963
3907.856963
3907.856963
3907.856963
3907.856963
3907.856963
3907.856963
3907.856963
3907.840429
3907.840429
3907.840429
3907.840429
3907.840429
3907.840429
3907.840429
3907.840429
3907.840429
3907.840429
3907.840429
3907.840429
3907.840429
3907.840429
3907.840429
3907.840429
3907.840429
3907.840429
3907.840429
3907.840429
3907.840429
3907.840429
3907.840429
3907.840429
3907.840429
3907.840429
3907.840429
3907.840429
3907.840429
3907.061052
3907.061052
3907.061052
3907.061052
3907.061052
3907.061052
3907.061052
3907.061052
3907.061052
3907.061052
3907.061052
3907.061052
3907.061052
3907.061052
3907.061052
3907.061052
3907.061052
3906.360860
3906.360860
3906.360860
3906.360860
3906.360860
3906.360860
3906.360860
3906.360860
3906.360860
3906.360860
3906.360860
3906.360860
3906.360860
3906.360860
3906.360860
3906.360860
3906.360860
3906.360860
3906.360860
3906.360860
3906.360860
3906.360860
3906.360860
3906.360860
3906.360860
3906.360860
3906.360860
3906.360860
3906.360860
3906.360860
3906.360860
3906.360860
3906.360860
3906.360860
3906.360860
3906.360860
3906.360860
3906.360860
3906.360860
3906.360860
3906.360860
3906.360860
3906.360860
3906.360860
3906.360860
3906.360860
3905.928271
3905.928271
3905.928271
3905.928271
3905.928271
3905.928271
3905.928271
3905.928271
3905.928271
3905.928271
3905.928271
3905.928271
3905.928271
3905.928271
3905.928271
3905.928271
3905.928271
3905.928271
3905.928271
3905.928271
3905.928271
3905.928271
3905.928271
3905.928271
3905.928271
3905.928271
3905.928271
3905.928271
3905.928271
3905.928271
3905.928271
3905.928271
3905.928271
3905.928271
3905.928271
3905.928271
3905.928271
3905.928271
3905.928271
3905.928271
3905.928271
3905.928271
3905.928271
3905.928271
3905.928271
3905.928271
3905.928271
3905.928271
3905.928271
3905.928271
3905.928271
3905.928271
3905.928271
3905.928271
3905.928271
3905.928271
3905.928271
3905.928271
3905.928271
3905.928271
3905.928271
3905.928271
3905.928271
3905.928271
3905.928271
3905.928271
3905.928271
3904.241447
3904.241447
3904.241447
3904.241447
3904.241447
3904.241447
3904.241447
3904.241447
3904.241447
3904.241447
3904.241447
3904.241447
3904.241447
3904.241447
3904.241447
3904.241447
3904.241447
3904.241447
3904.241447
3904.241447
3904.241447
3904.241447
3904.241447
3904.241447
3904.241447
3904.241447
3904.241447
3904.241447
3904.241447
3904.241447
3904.241447
3904.241447
3904.241447
3904.241447
3904.241447
3903.065968
3903.065968
3903.065968
3903.065968
3903.065968
3903.065968
3903.065968
3903.065968
3903.065968
3903.065968
3903.065968
3903.065968
3903.065968
3903.065968
3903.065968
3903.065968
3903.065968
3903.065968
3903.065968
3903.065968
3903.065968
3903.065968
3903.065968
3903.065968
3903.065968
3903.065968
3903.065968
3903.065968
3903.065968
3903.065968
3903.065968
3903.065968
3903.065968
3903.065968
3903.065968
3903.065968
3903.065968
3903.065968
3903.065968
3903.065968
3903.065968
3903.065968
3903.065968
3903.065968
3903.065968
3903.065968
3903.065968
3903.065968
3903.065968
3903.065968
3903.065968
3903.065968
3903.065968
3903.065968
3903.065968
3903.065968
3903.065968
3903.065968
3903.065968
3903.065968
3903.065968
3903.065968
3903.065968
3903.065968
3903.065968
3903.065968
3903.065968
3903.065968
3903.065968
3903.065968
3903.065968
3903.065968
3903.065968
3903.065968
3903.065968
3903.065968
3903.065968
3903.065968
3903.065968
3903.065968
3903.065968
3903.065968
3903.065968
3903.065968
3903.065968
3903.065968
3903.065968
3903.065968
3903.065968
3903.065968
3903.065968
3903.065968
3903.065968
3903.065968
3903.065968
3903.065968
3903.065968
3903.065968
3903.065968
3903.065968
3903.065968
3903.065968
3903.065968
3903.065968
3903.065968
3903.065968
3903.065968
3903.065968
3903.065968
3903.065968
3903.065968
3903.065968
3903.065968
3903.065968
3903.065968
3903.065968
3903.065968
3903.065968
3903.065968
3903.065968
3903.065968
3903.065968
3903.065968
3903.065968
3903.065968
3903.065968
3903.065968
3903.065968
3903.065968
3903.065968
3903.065968
3903.065968
3903.065968
3903.065968
3903.065968
3903.065968
3903.065968
3903.065968
3903.065968
3903.065968
3903.065968
3903.065968
3903.065968
3903.065968
3903.065968
3903.065968
3903.065968
3903.065968
3902.632598
3902.632598
3902.632598
3902.632598
3902.632598
3902.632598
3902.632598
3902.632598
3902.632598
3902.632598
3902.632598
3902.586506
3902.586506
3902.586506
3902.586506
3902.586506
3902.586506
3902.586506
3902.586506
3902.586506
3902.586506
3902.586506
3902.586506
3902.586506
3902.586506
3902.586506
3902.586506
3902.586506
3902.586506
3902.586506
3902.586506
3902.586506
3902.586506
3902.586506
3902.586506
3902.586506
3902.586506
3902.586506
3902.586506
3902.586506
3902.586506
3902.586506
3902.586506
3902.586506
3902.586506
3902.586506
3902.586506
3902.586506
3902.586506
3902.586506
3902.586506
3902.586506
3902.586506
3902.586506
3902.586506
3902.586506
3902.586506
3902.586506
3900.270374
3900.270374
3900.270374
3900.270374
3900.270374
3900.270374
3900.270374
3900.270374
3900.270374
3900.270374
3900.270374
3900.270374
3900.270374
3900.270374
3900.270374
3900.270374
3900.270374
3900.270374
3900.270374
3900.270374
3900.270374
3900.270374
3900.270374
3900.270374
3900.270374
3900.270374
3900.270374
3900.270374
3900.270374
3900.270374
3900.270374
3900.270374
3900.270374
3900.270374
3900.270374
3900.270374
3900.270374
3900.270374
3900.270374
3900.270374
3900.270374
3900.270374
3900.270374
3900.270374
3900.270374
3900.270374
3900.270374
3900.270374
3900.270374
3900.270374
3900.270374
3900.270374
3900.270374
3900.270374
3900.270374
3900.270374
3900.270374
3900.270374
3900.270374
3900.270374
3900.270374
3900.270374
3900.270374
3900.270374
3900.270374
3900.270374
3900.270374
3900.270374
3900.270374
3900.270374
3900.270374
3900.270374
3900.270374
3900.270374
3900.270374
3900.270374
3900.270374
3900.270374
3900.270374
3900.270374
3900.270374
3900.270374
3900.270374
3900.270374
3900.270374
3900.270374
3900.270374
3900.270374
3900.270374
3900.270374
3900.270374
3900.270374
3900.270374
3900.270374
3900.270374
3900.270374
3900.270374
3900.270374
3900.270374
3900.270374
3900.270374
3900.270374
3900.270374
3900.270374
3900.270374
3900.270374
3900.270374
3900.270374
3900.270374
3900.270374
3900.270374
3900.270374
3900.270374
3900.270374
3900.270374
3900.270374
3900.270374
3900.270374
3900.270374
3900.270374
3900.270374
3900.270374
3900.270374
3900.270374
3900.270374
3900.270374
3900.270374
3900.270374
3900.270374
3900.270374
3900.270374
3900.270374
3900.270374
3900.270374
3900.270374
3900.270374
3900.270374
3900.270374
3900.270374
3900.270374
3900.270374
3900.270374
3900.270374
3900.270374
3900.270374
3900.270374
3900.270374
3900.270374
3900.270374
3900.270374
3900.270374
3900.270374
3900.270374
3900.270374
3900.270374
3900.270374
3900.270374
3900.270374
3900.270374
3900.270374
3900.270374
3900.270374
3900.270374
3900.270374
3900.270374
3900.270374
3900.270374
3900.270374
3900.270374
3900.270374
3900.270374
3900.270374
3900.270374
3900.270374
3900.270374
3900.270374
3900.270374
3900.270374
3900.270374
3900.270374
3900.270374
3900.270374
3900.270374
3900.270374
3900.270374
3900.270374
3900.270374
3900.270374
3900.270374
3900.270374
3900.270374
3900.270374
3900.270374
3900.270374
3900.270374
3900.270374
3900.270374
3900.270374
3900.270374
3900.270374
3900.270374
3900.270374
3900.270374
3900.270374
3900.270374
3900.270374
3900.270374
3900.270374
3900.270374
3900.270374
3900.270374
3900.270374
3900.270374
3900.270374
3900.270374
3900.270374
3900.270374
3900.270374
3900.270374
3900.270374
3900.270374
3900.270374
3900.270374
3900.270374
3900.270374
3900.270374
3900.270374
3900.270374
3900.270374
3900.270374
3900.270374
3900.270374
3900.270374
3900.270374
3900.270374
3900.270374
3900.270374
3900.270374
3900.270374
3900.270374
3900.270374
3900.270374
3900.270374
3900.270374
3900.270374
3900.270374
3900.270374
3900.270374
3900.270374
3900.270374
3900.057662
3900.057662
3900.057662
3900.057662
3900.057662
3900.057662
3900.057662
3900.057662
3900.057662
3900.057662
3900.057662
3900.057662
3900.057662
3900.057662
3900.057662
3900.057662
3900.057662
3900.057662
3900.057662
3900.057662
3900.057662
3900.057662
3900.057662
3900.057662
3900.057662
3900.057662
3900.057662
3900.057662
3900.057662
3900.057662
3900.057662
3900.057662
3900.057662
3900.057662
3900.057662
3900.057662
3900.057662
3900.057662
3900.057662
3900.057662
3900.057662
3900.057662
3900.057662
3900.057662
3900.057662
3900.057662
3900.057662
3900.057662
3900.057662
3900.057662
3900.057662
3900.057662
3900.057662
3900.057662
3900.057662
3900.057662
3900.057662
3900.057662
3900.057662
3900.057662
3900.057662
3900.057662
3900.057662
3900.057662
3900.017861
3900.017861
3900.017861
3900.017861
3900.017861
3900.017861
3900.017861
3900.017861
3900.017861
3900.017861
3900.017861
3900.017861
3900.017861
3900.017861
3900.017861
3900.017861
3900.017861
3900.017861
3900.017861
3900.017861
3900.017861
3900.017861
3900.017861
3900.017861
3900.017861
3900.017861
3900.017861
3899.386105
3899.386105
3899.386105
3899.386105
3899.386105
3899.386105
3899.386105
3899.386105
3899.386105
3899.386105
3899.386105
3899.386105
3899.386105
3899.386105
3899.386105
3899.386105
3899.386105
3899.386105
3899.386105
3899.386105
3899.386105
3899.386105
3899.386105
3899.386105
3899.158328
3899.158328
3899.158328
3899.158328
3899.158328
3899.158328
3899.158328
3899.158328
3899.158328
3899.158328
3899.158328
3899.158328
3899.158328
3899.158328
3899.158328
3899.158328
3899.158328
3899.158328
3899.158328
3898.619278
3898.619278
3898.619278
3898.619278
3898.619278
3898.619278
3898.619278
3898.619278
3898.619278
3898.619278
3898.619278
3898.619278
3898.619278
3898.619278
3898.619278
3898.619278
3898.619278
3898.619278
3898.619278
3898.619278
3898.619278
3898.619278
3898.619278
3898.619278
3898.619278
3898.619278
3898.619278
3898.619278
3898.619278
3898.619278
3898.619278
3898.619278
3898.619278
3898.619278
3898.619278
3898.619278
3898.619278
3898.619278
3898.619278
3898.619278
3898.619278
3898.619278
3898.619278
3898.619278
3898.619278
3898.619278
3898.619278
3898.619278
3898.619278
3898.619278
3898.619278
3898.619278
3898.619278
3898.619278
3898.619278
3898.619278
3898.619278
3898.619278
3898.619278
3898.619278
3898.619278
3898.619278
3898.619278
3898.619278
3898.619278
3898.619278
3898.619278
3898.619278
3898.619278
3898.619278
3898.619278
3898.619278
3898.619278
3898.619278
3898.619278
3898.619278
3898.619278
3898.619278
3898.619278
3898.619278
3898.619278
3898.619278
3898.619278
3898.619278
3898.619278
3898.619278
3898.619278
3898.619278
3898.619278
3898.619278
3898.619278
3898.619278
3898.619278
3898.619278
3898.619278
3898.619278
3898.619278
3898.533175
3898.533175
3898.533175
3898.533175
3898.533175
3898.533175
3898.533175
3898.533175
3898.533175
3898.533175
3898.533175
3898.533175
3898.533175
3898.533175
3898.533175
3898.533175
3898.533175
3898.533175
3898.533175
3898.533175
3898.533175
3898.533175
3898.533175
3898.533175
3898.533175
3898.533175
3898.533175
3898.533175
3898.346511
3898.346511
3897.877609
3897.877609
3897.877609
3897.877609
3897.877609
3897.877609
3897.877609
3897.877609
3897.877609
3897.877609
3897.877609
3897.877609
3897.877609
3897.877609
3897.877609
3897.877609
3897.877609
3897.877609
3897.877609
3897.877609
3897.877609
3897.877609
3897.877609
3897.877609
3897.877609
3897.877609
3897.877609
3897.877609
3897.877609
3897.877609
3897.877609
3897.877609
3897.877609
3897.877609
3897.877609
3897.877609
3897.877609
3897.877609
3896.777559
3896.777559
3896.777559
3896.777559
3896.777559
3896.777559
3896.777559
3896.777559
3896.777559
3896.777559
3896.777559
3896.777559
3896.777559
3896.777559
3896.777559
3896.777559
3896.777559
3896.777559
3896.777559
3896.777559
3896.777559
3896.777559
3896.777559
3896.777559
3896.777559
3896.777559
3896.777559
3896.777559
3896.777559
3896.777559
3896.777559
3896.777559
3896.777559
3896.777559
3896.777559
3896.777559
3896.777559
3896.777559
3896.777559
3896.777559
3896.777559
3896.777559
3896.777559
3896.777559
3896.777559
3896.777559
3896.777559
3896.777559
3896.777559
3896.777559
3896.777559
3896.777559
3896.777559
3896.777559
3896.777559
3896.777559
3896.777559
3896.777559
3896.777559
3896.777559
3896.777559
3896.777559
3896.777559
3896.777559
3896.777559
3896.777559
3896.777559
3896.777559
3896.777559
3896.777559
3896.777559
3896.777559
3896.777559
3896.777559
3896.777559
3896.777559
3896.777559
3896.777559
3896.777559
3896.777559
3896.777559
3896.777559
3896.777559
3896.777559
3896.777559
3896.777559
3896.777559
3896.777559
3896.777559
3896.777559
3896.777559
3896.777559
3896.777559
3896.777559
3896.777559
3896.657003
3896.657003
3896.657003
3896.657003
3896.657003
3896.657003
3896.657003
3896.657003
3896.657003
3896.657003
3896.657003
3896.657003
3896.657003
3896.657003
3896.657003
3896.657003
3896.657003
3896.657003
3896.657003
3896.657003
3896.657003
3896.657003
3896.657003
3896.657003
3896.657003
3896.657003
3896.657003
3896.657003
3896.657003
3896.657003
3896.657003
3896.657003
3896.584234
3896.584234
3896.584234
3896.584234
3896.584234
3896.584234
3896.584234
3896.584234
3896.584234
3896.584234
3896.584234
3896.584234
3896.584234
3896.584234
3896.584234
3896.584234
3896.584234
3896.584234
3896.584234
3896.584234
3896.584234
3896.584234
3896.584234
3896.584234
3896.584234
3896.584234
3896.584234
3896.584234
3896.584234
3896.584234
3896.584234
3896.584234
3896.584234
3896.584234
3896.584234
3896.584234
3896.584234
3896.584234
3896.584234
3896.584234
3896.584234
3896.584234
3896.584234
3896.584234
3896.584234
3896.584234
3896.584234
3896.584234
3896.584234
3896.584234
3896.584234
3896.584234
3896.584234
3896.584234
3896.584234
3896.584234
3896.584234
3896.584234
3896.584234
3896.584234
3896.584234
3896.584234
3896.584234
3896.584234
3896.584234
3896.355882
3895.911862
3895.911862
3895.911862
3895.911862
3895.911862
3895.911862
3895.911862
3895.911862
3895.911862
3895.911862
3895.911862
3895.911862
3895.911862
3895.911862
3895.911862
3895.911862
3895.911862
3895.911862
3895.911862
3895.911862
3895.911862
3895.911862
3895.911862
3895.911862
3895.911862
3895.911862
3895.911862
3895.911862
3895.911862
3895.911862
3895.911862
3895.911862
3895.911862
3895.911862
3895.911862
3895.911862
3895.911862
3895.911862
3895.911862
3895.911862
3895.911862
3895.911862
3895.911862
3895.911862
3895.911862
3895.911862
3895.911862
3895.911862
3895.911862
3895.911862
3895.911862
3895.911862
3895.911862
3895.911862
3895.911862
3895.911862
3895.911862
3895.911862
3895.911862
3895.911862
3895.911862
3895.911862
3895.911862
3895.911862
3895.911862
3895.911862
3895.911862
3895.911862
3895.911862
3895.911862
3895.597958
3895.597958
3895.597958
3895.597958
3895.597958
3895.597958
3895.597958
3895.597958
3895.597958
3895.597958
3895.597958
3895.597958
3895.597958
3895.597958
3895.597958
3895.597958
3895.597958
3895.597958
3895.597958
3895.597958
3895.597958
3895.597958
3895.597958
3895.597958
3895.597958
3895.597958
3895.597958
3895.597958
3895.597958
3895.597958
3895.597958
3895.597958
3895.597958
3895.597958
3895.497131
3895.497131
3895.497131
3895.497131
3895.497131
3895.497131
3895.497131
3895.497131
3895.497131
3895.497131
3895.497131
3895.497131
3895.497131
3894.839981
3894.839981
3894.839981
3894.839981
3894.839981
3894.839981
3894.839981
3894.839981
3894.839981
3894.839981
3894.839981
3894.839981
3894.839981
3894.839981
3894.839981
3894.839981
3894.839981
3894.839981
3894.839981
3894.839981
3894.839981
3894.839981
3894.839981
3894.839981
3894.839981
3894.839981
3894.839981
3894.839981
3894.839981
3894.839981
3894.839981
3894.839981
3894.839981
3894.839981
3894.839981
3894.839981
3894.839981
3894.839981
3894.472926
3894.472926
3894.472926
3894.472926
3894.472926
3894.472926
3894.472926
3894.472926
3894.472926
3894.472926
3894.472926
3894.472926
3894.472926
3894.472926
3894.472926
3894.472926
3894.472926
3894.472926
3894.472926
3894.472926
3894.472926
3894.472926
3894.472926
3894.472926
3894.472926
3894.472926
3894.472926
3894.472926
3894.472926
3894.472926
3894.472926
3894.472926
3894.472926
3894.472926
3894.472926
3894.472926
3894.472926
3894.472926
3894.472926
3894.472926
3894.472926
3894.472926
3894.472926
3894.472926
3894.472926
3894.472926
3894.472926
3894.472926
3894.472926
3894.472926
3894.472926
3894.472926
3894.472926
3894.472926
3894.472926
3894.472926
3894.472926
3894.472926
3894.472926
3894.472926
3894.472926
3894.472926
3894.472926
3894.472926
3894.472926
3894.472926
3894.472926
3894.472926
3894.472926
3894.472926
3894.472926
3894.472926
3894.472926
3894.472926
3894.472926
3894.472926
3894.472926
3894.472926
3894.472926
3894.472926
3894.472926
3894.472926
3894.472926
3894.472926
3894.472926
3894.472926
3894.472926
3894.472926
3894.472926
3894.472926
3894.472926
3894.472926
3894.472926
3894.472926
3894.472926
3894.472926
3894.472926
3894.472926
3894.472926
3894.472926
3894.472926
3894.472926
3894.472926
3894.472926
3894.472926
3894.472926
3894.354153
3894.354153
3894.354153
3894.354153
3894.354153
3894.354153
3894.354153
3894.354153
3894.354153
3894.354153
3894.354153
3894.354153
3894.354153
3894.354153
3894.354153
3894.354153
3894.354153
3894.354153
3894.354153
3894.354153
3894.354153
3894.354153
3894.354153
3894.354153
3894.354153
3894.354153
3894.354153
3894.354153
3894.354153
3894.354153
3894.354153
3894.354153
3894.354153
3894.354153
3894.354153
3894.354153
3894.354153
3894.354153
3894.354153
3894.097949
3894.097949
3894.097949
3894.097949
3894.097949
3894.097949
3894.097949
3894.097949
3894.097949
3894.097949
3894.097949
3894.097949
3894.097949
3894.097949
3894.097949
3894.097949
3894.097949
3894.097949
3894.097949
3894.097949
3894.097949
3894.097949
3894.097949
3894.097949
3894.097949
3894.097949
3894.097949
3894.097949
3894.097949
3894.097949
3894.097949
3894.097949
3894.097949
3894.097949
3894.097949
3894.097949
3894.097949
3894.097949
3894.097949
3894.097949
3894.097949
3894.097949
3894.097949
3894.097949
3894.097949
3894.097949
3894.097949
3894.097949
3894.097949
3894.097949
3894.097949
3894.097949
3894.097949
3894.097949
3894.097949
3894.097949
3894.097949
3894.097949
3894.097949
3894.097949
3894.097949
3894.097949
3894.097949
3894.097949
3894.097949
3894.097949
3894.097949
3894.097949
3894.097949
3894.097949
3894.097949
3894.097949
3894.097949
3894.097949
3894.097949
3894.097949
3894.097949
3894.097949
3894.097949
3894.097949
3894.097949
3894.097949
3894.068214
3894.068214
3894.068214
3894.068214
3894.068214
3894.068214
3894.068214
3894.068214
3894.068214
3894.068214
3894.068214
3894.068214
3894.068214
3894.068214
3894.003768
3894.003768
3894.003768
3894.003768
3894.003768
3894.003768
3894.003768
3894.003768
3894.003768
3894.003768
3894.003768
3894.003768
3894.003768
3894.003768
3894.003768
3893.925876
3893.925876
3893.925876
3893.925876
3893.925876
3893.925876
3893.925876
3893.925876
3893.925876
3893.925876
3893.925876
3893.925876
3893.925876
3893.925876
3893.925876
3893.925876
3893.925876
3893.925876
3893.925876
3893.925876
3893.925876
3893.925876
3893.925876
3893.925876
3893.925876
3893.858910
3893.858910
3893.858910
3893.858910
3893.858910
3893.858910
3893.858910
3893.858910
3893.858910
3893.858910
3893.858910
3893.858910
3893.858910
3893.858910
3893.858910
3893.695961
3893.695961
3893.695961
3893.695961
3893.594801
3893.594801
3893.594801
3893.594801
3893.594801
3893.594801
3893.594801
3893.594801
3893.594801
3893.594801
3893.594801
3893.594801
3893.020863
3893.020863
3893.020863
3893.020863
3893.020863
3893.020863
3893.020863
3893.020863
3893.020863
3893.020863
3893.020863
3893.020863
3893.020863
3893.020863
3893.020863
3893.020863
3893.020863
3893.020863
3893.020863
3893.020863
3893.020863
3893.020863
3893.020863
3893.020863
3893.020863
3893.020863
3893.020863
3893.020863
3893.020863
3893.020863
3893.020863
3893.020863
3893.020863
3893.020863
3893.020863
3893.020863
3893.020863
3893.020863
3893.020863
3893.020863
3893.020863
3893.020863
3893.020863
3893.020863
3893.020863
3893.020863
3893.020863
3893.020863
3893.020863
3893.020863
3893.020863
3893.020863
3893.020863
3893.020863
3893.020863
3893.020863
3893.020863
3893.020863
3893.020863
3893.020863
3893.020863
3893.020863
3893.020863
3893.020863
3893.020863
3893.020863
3893.020863
3893.020863
3892.703436
3892.703436
3892.703436
3892.703436
3892.703436
3892.703436
3892.703436
3892.703436
3892.703436
3892.703436
3892.703436
3892.703436
3892.703436
3892.703436
3892.703436
3892.703436
3892.703436
3892.703436
3892.703436
3892.703436
3892.703436
3892.703436
3892.703436
3892.703436
3892.703436
3892.703436
3892.445348
3892.445348
3892.445348
3892.445348
3892.445348
3892.445348
3892.445348
3892.445348
3892.445348
3892.445348
3892.445348
3892.445348
3892.445348
3892.445348
3892.445348
3892.445348
3892.445348
3892.445348
3892.445348
3892.445348
3892.445348
3892.445348
3892.445348
3892.445348
3892.445348
3892.438339
3892.438339
3892.438339
3892.438339
3892.438339
3892.438339
3892.438339
3892.438339
3892.438339
3892.438339
3892.438339
3892.438339
3892.438339
3892.438339
3892.438339
3892.212477
3892.212477
3892.212477
3892.212477
3892.212477
3892.212477
3892.212477
3892.212477
3892.212477
3892.212477
3892.212477
3892.212477
3892.212477
3892.212477
3892.212477
3892.212477
3892.212477
3892.212477
3892.212477
3892.212477
3892.212477
3892.212477
3892.212477
3892.212477
3892.212477
3892.212477
3892.212477
3892.212477
3892.212477
3892.212477
3892.212477
3892.212477
3892.212477
3892.212477
3892.212477
3892.051765
3892.051765
3892.051765
3892.051765
3892.051765
3892.051765
3892.051765
3892.051765
3892.051765
3892.051765
3892.051765
3892.051765
3892.051765
3892.051765
3892.051765
3892.051765
3892.051765
3892.051765
3892.051765
3892.051765
3892.051765
3892.051765
3892.051765
3892.051765
3892.051765
3892.051765
3892.051765
3892.051765
3892.051765
3892.051765
3892.051765
3892.051765
3892.051765
3892.051765
3892.051765
3892.051765
3892.051765
3892.051765
3892.051765
3892.051765
3891.409560
3891.409560
3891.409560
3891.409560
3891.409560
3891.409560
3891.409560
3891.409560
3891.409560
3891.409560
3891.409560
3891.409560
3891.318645
3891.318645
3891.318645
3891.318645
3891.318645
3891.318645
3891.318645
3891.318645
3891.318645
3891.318645
3891.318645
3891.099764
3891.099764
3891.099764
3891.099764
3891.099764
3891.099764
3891.099764
3891.099764
3891.099764
3891.099764
3891.099764
3891.099764
3891.099764
3891.099764
3891.099764
3891.099764
3891.099764
3891.099764
3891.099764
3891.099764
3891.099764
3891.099764
3891.099764
3891.099764
3891.099764
3891.099764
3891.099764
3891.099764
3891.099764
3891.099764
3891.099764
3891.099764
3891.099764
3891.099764
3891.099764
3890.900315
3890.900315
3890.900315
3890.900315
3890.900315
3890.900315
3890.900315
3890.900315
3890.900315
3890.900315
3890.900315
3890.900315
3890.900315
3890.900315
3890.900315
3890.900315
3890.900315
3890.900315
3890.900315
3890.841095
3890.841095
3890.841095
3890.841095
3890.841095
3890.841095
3890.841095
3890.841095
3890.841095
3890.841095
3890.841095
3890.841095
3890.841095
3890.841095
3890.841095
3890.841095
3890.841095
3890.841095
3890.841095
3890.841095
3890.841095
3890.841095
3890.841095
3890.079187
3890.079187
3890.079187
3890.079187
3890.079187
3890.079187
3890.079187
3890.079187
3890.079187
3890.079187
3890.079187
3890.079187
3890.079187
3890.079187
3890.079187
3890.079187
3890.079187
3890.079187
3890.079187
3890.079187
3890.079187
3890.079187
3890.079187
3890.079187
3890.079187
3890.079187
3889.287017
3889.287017
3889.287017
3889.287017
3889.287017
3889.287017
3889.287017
3889.287017
3889.287017
3889.287017
3889.287017
3889.287017
3889.287017
3889.287017
3889.287017
3889.287017
3889.287017
3889.287017
3889.287017
3889.287017
3889.287017
3889.287017
3889.287017
3889.287017
3889.287017
3889.287017
3889.287017
3889.287017
3889.287017
3889.287017
3889.287017
3889.287017
3889.287017
3889.287017
3889.287017
3889.287017
3889.287017
3889.287017
3889.287017
3889.287017
3889.287017
3889.287017
3889.287017
3889.287017
3889.287017
3889.287017
3889.287017
3889.287017
3889.287017
3889.287017
3889.287017
3889.287017
3888.791876
3888.791876
3888.791876
3888.791876
3888.791876
3888.791876
3888.791876
3888.791876
3888.791876
3888.791876
3888.791876
3888.791876
3888.791876
3888.791876
3888.791876
3888.791876
3888.791876
3888.791876
3888.791876
3888.791876
3888.791876
3888.791876
3888.791876
3888.791876
3888.791876
3888.791876
3888.791876
3888.791876
3888.791876
3888.791876
3888.791876
3888.791876
3888.791876
3888.791876
3888.791876
3888.791876
3888.791876
3888.791876
3888.791876
3888.791876
3888.791876
3888.791876
3888.791876
3888.791876
3888.791876
3888.791876
3888.791876
3888.791876
3888.791876
3888.791876
3888.791876
3888.791876
3888.791876
3888.791876
3888.791876
3888.791876
3888.791876
3888.791876
3888.791876
3888.791876
3888.791876
3888.791876
3888.791876
3888.791876
3888.791876
3888.791876
3888.791876
3888.791876
3888.791876
3888.791876
3888.791876
3888.791876
3888.791876
3888.791876
3888.791876
3888.791876
3888.791876
3888.791876
3888.791876
3888.791876
3888.791876
3888.791876
3888.791876
3888.791876
3888.791876
3888.791876
3888.791876
3888.791876
3888.791876
3888.791876
3888.791876
3888.791876
3888.791876
3888.791876
3888.791876
3888.791876
3888.791876
3888.791876
3888.791876
3888.791876
3888.791876
3888.638967
3888.638967
3888.638967
3888.638967
3888.638967
3888.638967
3888.638967
3888.638967
3888.502724
3888.502724
3888.054333
3888.054333
3888.054333
3888.054333
3888.054333
3888.054333
3888.054333
3888.054333
3887.349519
3887.349519
3887.349519
3887.349519
3887.349519
3887.349519
3887.349519
3887.349519
3887.349519
3887.349519
3887.349519
3887.349519
3887.349519
3887.349519
3887.349519
3887.349519
3887.349519
3887.349519
3887.349519
3887.349519
3887.349519
3887.349519
3887.349519
3887.349519
3887.349519
3887.349519
3887.349519
3887.349519
3887.349519
3887.349519
3887.349519
3887.349519
3887.349519
3887.349519
3887.349519
3887.349519
3887.349519
3887.349519
3887.349519
3887.349519
3887.349519
3887.349519
3887.349519
3887.349519
3887.349519
3887.349519
3887.349519
3887.349519
3887.349519
3887.349519
3887.349519
3887.349519
3887.349519
3887.349519
3887.349519
3887.349519
3887.349519
3887.349519
3887.349519
3887.349519
3887.349519
3887.349519
3887.349519
3887.349519
3887.349519
3887.349519
3887.349519
3887.349519
3887.349519
3887.349519
3887.349519
3887.349519
3887.349519
3887.349519
3887.349519
3887.349519
3887.349519
3887.349519
3887.349519
3887.349519
3887.349519
3887.349519
3887.349519
3887.349519
3887.349519
3887.349519
3887.349519
3887.349519
3887.349519
3887.349519
3887.349519
3887.349519
3886.622290
3886.622290
3886.622290
3886.622290
3886.622290
3886.622290
3886.622290
3886.622290
3886.622290
3886.622290
3886.622290
3886.622290
3886.622290
3886.622290
3886.622290
3886.622290
3886.622290
3886.622290
3886.622290
3886.622290
3886.622290
3886.622290
3886.622290
3886.622290
3886.622290
3886.622290
3886.622290
3886.622290
3886.622290
3886.622290
3886.622290
3886.622290
3886.622290
3886.622290
3886.622290
3886.217705
3886.217705
3886.217705
3886.217705
3886.217705
3886.217705
3886.217705
3886.217705
3886.217705
3886.217705
3886.217705
3886.217705
3886.217705
3886.217705
3886.217705
3886.217705
3886.217705
3886.217705
3886.217705
3886.217705
3886.217705
3886.217705
3886.217705
3886.217705
3886.217705
3886.217705
3886.217705
3886.217705
3886.217705
3886.217705
3886.217705
3886.217705
3886.217705
3886.217705
3886.217705
3886.217705
3886.217705
3886.217705
3886.217705
3886.217705
3886.217705
3886.217705
3886.217705
3886.217705
3886.217705
3886.217705
3886.217705
3886.217705
3886.217705
3883.533586
3883.533586
3883.533586
3883.533586
3883.533586
3883.533586
3883.533586
3883.533586
3883.533586
3883.533586
3883.533586
3883.533586
3883.533586
3883.533586
3883.533586
3883.533586
3883.533586
3883.533586
3883.533586
3883.533586
3883.533586
3883.533586
3883.533586
3883.533586
3883.533586
3883.533586
3883.533586
3883.533586
3883.533586
3883.533586
3883.533586
3883.533586
3883.533586
3883.533586
3883.533586
3883.533586
3883.533586
3883.533586
3883.533586
3883.533586
3883.533586
3883.533586
3883.533586
3883.533586
3883.533586
3883.533586
3883.533586
3883.533586
3883.533586
3883.533586
3883.533586
3883.533586
3883.533586
3883.533586
3883.533586
3883.533586
3883.533586
3883.533586
3883.533586
3883.533586
3883.533586
3883.533586
3883.533586
3883.533586
3883.533586
3883.533586
3883.533586
3883.533586
3883.533586
3882.379780
3882.379780
3882.379780
3882.379780
3882.379780
3882.379780
3882.379780
3882.379780
3882.379780
3882.379780
3882.379780
3882.379780
3882.379780
3882.379780
3882.379780
3882.379780
3882.379780
3882.379780
3882.379780
3882.379780
3882.379780
3882.379780
3882.379780
3882.379780
3882.379780
3882.379780
3882.379780
3882.379780
3882.379780
3882.379780
3882.379780
3882.379780
3882.379780
3882.379780
3880.779948
3880.779948
3880.779948
3880.779948
3880.779948
3880.779948
3880.779948
3880.779948
3880.779948
3880.779948
3880.779948
3880.779948
3880.779948
3880.779948
3880.779948
3880.779948
3880.779948
3880.779948
3880.779948
3880.779948
3880.779948
3880.779948
3880.779948
3880.779948
3880.779948
3880.779948
3880.779948
3880.779948
3880.779948
3880.779948
3880.779948
3880.779948
3880.779948
3880.779948
3880.779948
3880.779948
3880.779948
3880.779948
3880.779948
3880.779948
3880.779948
3880.779948
3880.779948
3880.779948
3880.779948
3880.779948
3880.779948
3880.779948
3880.532506
3880.532506
3880.532506
3880.532506
3880.532506
3880.532506
3880.532506
3880.532506
3880.532506
3880.532506
3880.532506
3880.532506
3880.532506
3880.532506
3880.532506
3880.532506
3880.532506
3880.532506
3880.532506
3880.532506
3880.532506
3880.532506
3880.532506
3880.532506
3880.532506
3880.532506
3880.532506
3880.532506
3880.532506
3880.532506
3880.532506
3880.532506
3880.532506
3880.532506
3880.532506
3880.532506
3880.257401
3880.257401
3880.257401
3880.257401
3880.257401
3880.257401
3880.257401
3880.257401
3880.257401
3880.257401
3880.257401
3880.257401
3880.257401
3880.257401
3880.257401
3880.257401
3880.257401
3880.257401
3880.257401
3880.257401
3880.257401
3880.257401
3880.257401
3880.257401
3880.257401
3880.257401
3880.257401
3880.257401
3880.257401
3880.257401
3880.257401
3880.257401
3880.257401
3880.257401
3880.257401
3880.257401
3880.257401
3880.044581
3878.935717
3878.935717
3878.935717
3878.935717
3878.935717
3878.935717
3878.935717
3878.935717
3878.935717
3878.935717
3878.935717
3878.935717
3878.935717
3878.935717
3878.935717
3878.935717
3878.935717
3878.935717
3878.935717
3878.935717
3878.935717
3878.935717
3878.935717
3878.935717
3878.935717
3878.935717
3878.935717
3878.935717
3878.935717
3878.935717
3878.935717
3878.935717
3878.935717
3878.935717
3878.935717
3878.935717
3878.935717
3878.935717
3878.935717
3878.935717
3878.935717
3878.935717
3878.935717
3878.935717
3878.935717
3878.935717
3878.935717
3878.935717
3878.935717
3878.935717
3878.935717
3878.935717
3878.935717
3878.935717
3878.935717
3878.935717
3878.935717
3878.935717
3878.935717
3878.935717
3878.935717
3878.935717
3878.935717
3878.935717
3878.935717
3878.935717
3878.935717
3878.935717
3878.935717
3878.935717
3878.935717
3878.935717
3878.935717
3878.935717
3878.935717
3878.935717
3878.935717
3878.935717
3878.935717
3878.935717
3878.935717
3878.935717
3878.935717
3878.935717
3878.935717
3878.935717
3878.935717
3878.935717
3878.935717
3878.935717
3878.935717
3878.935717
3878.935717
3878.935717
3878.935717
3878.935717
3878.935717
3878.935717
3878.935717
3878.935717
3878.935717
3878.935717
3878.935717
3878.935717
3878.263789
3878.263789
3878.263789
3878.263789
3878.263789
3878.263789
3878.263789
3878.263789
3878.263789
3878.263789
3878.263789
3878.263789
3878.263789
3878.263789
3878.263789
3878.263789
3878.263789
3878.263789
3878.263789
3878.263789
3878.263789
3878.263789
3878.263789
3878.263789
3878.263789
3878.263789
3878.263789
3878.263789
3878.263789
3878.263789
3878.263789
3878.263789
3878.263789
3878.263789
3878.263789
3878.263789
3878.263789
3878.263789
3878.263789
3878.263789
3878.263789
3878.263789
3878.263789
3878.263789
3878.263789
3878.263789
3876.092751
3876.092751
3876.092751
3876.092751
3876.092751
3876.092751
3876.092751
3876.092751
3876.092751
3876.092751
3876.092751
3876.092751
3876.092751
3876.092751
3876.092751
3876.092751
3876.092751
3876.092751
3876.092751
3876.092751
3876.092751
3876.092751
3876.092751
3876.092751
3876.092751
3876.092751
3876.092751
3876.092751
3876.092751
3876.092751
3876.092751
3876.092751
3876.092751
3876.092751
3876.092751
3876.092751
3876.092751
3876.092751
3876.092751
3876.092751
3876.092751
3876.092751
3874.307773
3874.307773
3874.307773
3874.307773
3874.307773
3874.307773
3874.307773
3874.307773
3874.307773
3874.307773
3874.307773
3874.307773
3874.307773
3874.307773
3874.307773
3874.307773
3874.307773
3874.307773
3874.307773
3874.307773
3874.307773
3874.307773
3874.307773
3874.307773
3874.307773
3874.307773
3874.307773
3874.307773
3874.307773
3874.307773
3874.307773
3874.307773
3874.307773
3874.307773
3874.307773
3874.307773
3874.307773
3874.307773
3874.307773
3874.307773
3874.307773
3874.307773
3874.307773
3874.307773
3874.307773
3874.307773
3874.307773
3874.307773
3874.307773
3874.307773
3874.307773
3874.307773
3874.307773
3874.307773
3874.307773
3874.307773
3874.307773
3873.819518
3873.819518
3873.819518
3873.819518
3873.819518
3873.819518
3873.819518
3873.819518
3873.819518
3873.819518
3873.819518
3873.819518
3873.819518
3873.819518
3873.819518
3873.819518
3873.819518
3873.819518
3873.819518
3873.819518
3873.819518
3873.819518
3873.819518
3873.819518
3873.819518
3873.819518
3873.819518
3873.819518
3873.819518
3873.819518
3873.819518
3873.819518
3873.819518
3873.819518
3873.819518
3873.819518
3873.819518
3873.819518
3873.819518
3873.819518
3873.819518
3873.819518
3873.819518
3873.819518
3873.819518
3873.819518
3873.819518
3873.819518
3873.819518
3873.819518
3873.037941
3873.037941
3873.037941
3873.037941
3873.037941
3873.037941
3873.037941
3873.037941
3873.037941
3873.037941
3873.037941
3870.372911
3870.372911
3870.372911
3870.372911
3870.372911
3870.372911
3870.372911
3870.372911
3870.372911
3870.372911
3870.372911
3870.372911
3870.372911
3870.372911
3870.372911
3870.372911
3870.372911
3870.372911
3870.372911
3870.372911
3870.372911
3870.372911
3870.372911
3870.372911
3870.372911
3870.372911
3870.372911
3870.372911
3870.372911
3870.372911
3870.372911
3870.236176
3870.236176
3870.236176
3870.236176
3870.236176
3870.236176
3870.236176
3870.236176
3870.236176
3870.236176
3870.236176
3870.236176
3870.236176
3870.236176
3870.236176
3870.236176
3870.236176
3870.236176
3870.236176
3870.236176
3870.236176
3870.236176
3870.236176
3870.236176
3870.236176
3870.236176
3867.212972
3867.212972
3867.212972
3867.212972
3867.212972
3867.212972
3867.212972
3867.212972
3867.212972
3867.212972
3867.212972
3867.212972
3867.212972
3867.212972
3867.212972
3867.212972
3867.212972
3867.212972
3867.212972
3867.212972
3867.212972
3867.212972
3867.212972
3867.212972
3867.212972
3867.212972
3867.212972
3867.212972
3867.212972
3867.212972
3867.212972
3866.352332
3866.352332
3866.352332
3866.352332
3866.352332
3866.352332
3866.352332
3866.352332
3866.352332
3866.352332
3866.352332
3866.352332
3866.352332
3866.352332
3866.352332
3866.352332
3866.352332
3866.352332
3866.352332
3866.352332
3866.352332
3866.352332
3866.352332
3866.352332
3866.352332
3866.352332
3866.352332
3866.352332
3866.352332
3866.352332
3865.371069
3865.371069
3865.371069
3865.371069
3865.371069
3865.371069
3865.371069
3865.371069
3865.371069
3865.371069
3865.371069
3865.371069
3865.371069
3865.371069
3865.371069
3865.371069
3865.371069
3865.371069
3865.371069
3865.371069
3865.371069
3865.371069
3865.371069
3865.371069
3865.371069
3865.371069
3865.371069
3865.371069
3865.371069
3865.371069
3865.371069
3865.371069
3865.371069
3865.371069
3865.371069
3865.371069
3865.371069
3865.371069
3865.371069
3865.371069
3865.371069
3865.371069
3865.371069
3865.371069
3865.371069
3865.371069
3865.371069
3865.371069
3865.371069
3865.371069
3865.371069
3865.371069
3865.371069
3865.371069
3865.371069
3865.371069
3865.371069
3865.371069
3865.371069
3865.371069
3865.371069
3865.371069
3865.371069
3865.371069
3865.371069
3865.155771
3865.155771
3865.155771
3865.155771
3865.155771
3864.798856
3864.798856
3864.798856
3864.798856
3864.798856
3864.798856
3864.798856
3864.798856
3864.798856
3864.798856
3864.798856
3864.798856
3864.798856
3864.798856
3864.798856
3864.798856
3863.397721
3863.397721
3863.397721
3863.397721
3863.397721
3863.397721
3863.397721
3863.397721
3863.397721
3863.397721
3863.397721
3863.397721
3863.397721
3863.397721
3863.397721
3863.397721
3863.397721
3863.397721
3863.397721
3863.397721
3863.397721
3863.397721
3863.397721
3863.397721
3863.397721
3863.397721
3863.397721
3863.397721
3863.397721
3863.397721
3863.156611
3863.156611
3863.156611
3863.156611
3863.156611
3863.156611
3863.156611
3863.156611
3863.156611
3863.156611
3863.156611
3863.156611
3863.156611
3863.156611
3863.156611
3863.156611
3863.156611
3863.156611
3863.156611
3863.156611
3863.156611
3863.156611
3863.156611
3863.156611
3863.156611
3863.156611
3863.156611
3863.156611
3863.156611
3863.156611
3863.156611
3863.156611
3863.156611
3863.156611
3863.156611
3863.156611
3863.156611
3863.156611
3863.156611
3863.156611
3863.156611
3863.156611
3863.156611
3859.755535
3859.755535
3859.755535
3859.755535
3859.755535
3859.755535
3859.755535
3859.755535
3859.755535
3859.755535
3859.755535
3859.755535
3859.755535
3859.755535
3859.755535
3859.755535
3859.755535
3859.755535
3859.755535
3859.755535
3859.755535
3859.755535
3859.755535
3859.755535
3859.755535
3859.755535
3859.755535
3859.755535
3859.755535
3859.755535
3859.755535
3859.648672
3859.648672
3859.648672
3859.648672
3859.648672
3859.648672
3859.648672
3859.648672
3859.648672
3859.648672
3859.648672
3859.648672
3859.648672
3859.648672
3859.648672
3859.648672
3859.648672
3859.648672
3859.648672
3859.648672
3859.648672
3859.648672
3859.072701
3859.072701
3859.072701
3859.072701
3859.072701
3859.072701
3859.072701
3859.072701
3859.072701
3859.072701
3859.072701
3859.072701
3859.072701
3859.072701
3859.072701
3859.072701
3859.072701
3859.072701
3859.072701
3859.072701
3859.072701
3859.072701
3859.072701
3859.072701
3859.072701
3859.072701
3859.072701
3859.072701
3859.072701
3859.072701
3859.072701
3859.072701
3859.072701
3859.072701
3859.072701
3859.072701
3859.072701
3859.072701
3859.072701
3859.072701
3859.072701
3859.072701
3859.072701
3859.072701
3859.072701
3859.072701
3859.072701
3859.072701
3859.072701
3859.072701
3859.072701
3859.072701
3859.072701
3859.072701
3859.072701
3859.072701
3859.072701
3859.072701
3859.072701
3859.072701
3859.072701
3859.072701
3859.072701
3859.072701
3859.072701
3859.072701
3856.845995
3856.845995
3856.845995
3856.845995
3856.845995
3856.845995
3856.845995
3856.845995
3856.845995
3856.845995
3856.845995
3856.845995
3856.845995
3856.845995
3856.845995
3856.845995
3856.845995
3856.845995
3856.845995
3856.845995
3856.845995
3856.845995
3856.845995
3856.845995
3856.845995
3856.143216
3856.143216
3856.143216
3856.143216
3856.143216
3856.143216
3856.143216
3856.143216
3856.143216
3856.143216
3856.143216
3856.143216
3856.143216
3856.143216
3856.143216
3856.143216
3856.143216
3856.143216
3856.143216
3856.143216
3856.143216
3856.143216
3856.143216
3856.143216
3856.143216
3856.143216
3856.143216
3856.143216
3856.143216
3856.143216
3856.143216
3856.143216
3856.143216
3856.143216
3856.143216
3856.143216
3854.367378
3854.367378
3854.367378
3854.367378
3854.367378
3854.367378
3854.367378
3854.367378
3854.367378
3854.367378
3854.367378
3854.367378
3854.367378
3854.367378
3854.367378
3854.367378
3854.367378
3854.367378
3854.367378
3854.367378
3854.367378
3854.367378
3854.367378
3854.367378
3854.367378
3854.367378
3854.367378
3854.367378
3854.367378
3854.367378
3854.367378
3852.178368
3852.178368
3852.178368
3852.178368
3852.178368
3852.178368
3852.178368
3852.178368
3852.178368
3852.178368
3852.178368
3852.178368
3852.178368
3852.178368
3852.178368
3852.178368
3852.178368
3852.178368
3852.178368
3852.178368
3852.178368
3852.178368
3852.178368
3852.178368
3852.178368
3852.178368
3852.178368
3852.178368
3852.178368
3852.178368
3852.178368
3852.178368
3852.178368
3852.178368
3852.178368
3852.178368
3852.178368
3852.178368
3852.178368
3852.178368
3852.178368
3852.178368
3852.178368
3852.178368
3852.178368
3852.178368
3852.178368
3852.178368
3852.178368
3852.178368
3852.178368
3852.178368
3852.178368
3852.178368
3852.178368
3852.178368
3852.178368
3852.178368
3852.178368
3852.178368
3852.178368
3852.178368
3852.178368
3852.178368
3852.178368
3852.178368
3852.178368
3852.178368
3852.178368
3852.178368
3852.178368
3852.178368
3852.178368
3852.178368
3852.178368
3852.178368
3852.178368
3852.178368
3852.178368
3852.178368
3852.178368
3852.178368
3849.551188
3849.551188
3849.551188
3849.551188
3849.551188
3849.551188
3849.551188
3849.551188
3849.525895
3849.525895
3849.525895
3849.525895
3849.525895
3849.525895
3849.525895
3849.525895
3849.525895
3849.525895
3849.525895
3849.525895
3849.525895
3849.525895
3849.525895
3849.525895
3849.525895
3849.525895
3849.525895
3849.525895
3849.525895
3849.525895
3849.525895
3849.525895
3849.525895
3849.525895
3849.525895
3849.525895
3849.525895
3849.525895
3849.525895
3849.525895
3849.525895
3849.525895
3849.525895
3849.525895
3849.525895
3849.525895
3849.525895
3849.525895
3849.525895
3849.525895
3849.525895
3849.525895
3849.525895
3849.525895
3849.525895
3849.525895
3849.525895
3849.525895
3849.525895
3849.525895
3849.525895
3849.525895
3849.525895
3849.525895
3849.525895
3849.525895
3849.525895
3849.221099
3849.221099
3849.221099
3849.221099
3849.221099
3849.221099
3849.221099
3849.221099
3849.221099
3849.221099
3849.221099
3849.221099
3849.221099
3849.221099
3849.221099
3849.221099
3849.221099
3849.221099
3849.221099
3849.221099
3849.221099
3849.221099
3849.221099
3849.221099
3849.221099
3849.221099
3849.221099
3849.221099
3849.221099
3849.221099
3849.221099
3849.221099
3849.221099
3849.221099
3849.221099
3849.221099
3849.221099
3849.221099
3849.221099
3849.221099
3848.193801
3848.193801
3848.193801
3848.193801
3848.193801
3848.193801
3848.193801
3848.193801
3848.193801
3848.193801
3848.193801
3848.193801
3848.193801
3848.193801
3848.193801
3848.193801
3848.193801
3848.193801
3848.193801
3848.193801
3848.193801
3848.193801
3848.193801
3848.193801
3847.311962
3847.311962
3847.311962
3847.311962
3847.311962
3847.311962
3847.311962
3847.311962
3847.311962
3847.311962
3847.311962
3847.311962
3847.311962
3847.311962
3847.311962
3847.311962
3847.311962
3847.311962
3847.311962
3847.311962
3847.311962
3847.311962
3847.311962
3847.311962
3847.311962
3847.311962
3847.311962
3847.311962
3847.311962
3847.311962
3847.311962
3847.311962
3845.126289
3845.126289
3845.126289
3845.126289
3845.126289
3845.126289
3845.126289
3845.126289
3845.126289
3845.126289
3845.126289
3845.126289
3845.126289
3845.126289
3845.126289
3845.126289
3845.126289
3845.126289
3845.126289
3845.126289
3845.126289
3845.126289
3845.126289
3845.126289
3845.126289
3845.126289
3845.126289
3845.126289
3843.841876
3843.841876
3843.841876
3843.841876
3843.841876
3843.841876
3843.841876
3843.841876
3843.841876
3843.841876
3843.841876
3843.841876
3843.841876
3843.841876
3843.841876
3843.841876
3843.841876
3843.841876
3843.841876
3843.841876
3843.841876
3843.841876
3843.841876
3843.841876
3843.841876
3843.841876
3843.841876
3843.841876
3843.841876
3843.841876
3843.841876
3843.841876
3843.841876
3843.841876
3843.841876
3843.841876
3843.841876
3843.841876
3843.841876
3843.841876
3843.841876
3843.841876
3843.841876
3843.841876
3843.841876
3843.841876
3843.841876
3843.841876
3843.841876
3843.841876
3843.841876
3843.841876
3843.841876
3843.841876
3843.841876
3843.841876
3843.841876
3843.595473
3843.595473
3843.595473
3843.595473
3843.595473
3843.595473
3843.595473
3843.595473
3843.595473
3843.595473
3843.595473
3843.595473
3843.262609
3843.262609
3843.262609
3843.262609
3843.262609
3843.262609
3843.262609
3843.262609
3843.262609
3843.262609
3843.262609
3843.262609
3843.262609
3843.262609
3843.262609
3843.262609
3843.262609
3843.262609
3843.262609
3843.262609
3843.262609
3843.262609
3843.262609
3841.036032
3841.036032
3841.036032
3841.036032
3841.036032
3841.036032
3841.036032
3841.036032
3841.036032
3841.036032
3841.036032
3841.036032
3841.036032
3841.036032
3841.036032
3841.036032
3841.036032
3841.036032
3841.036032
3841.036032
3841.036032
3841.036032
3841.036032
3841.036032
3841.036032
3841.036032
3841.036032
3841.036032
3841.036032
3841.036032
3841.036032
3841.036032
3841.036032
3841.036032
3841.036032
3841.036032
3841.036032
3841.036032
3841.036032
3840.152134
3840.152134
3840.152134
3840.152134
3840.152134
3840.152134
3840.152134
3840.152134
3840.152134
3840.152134
3840.152134
3840.152134
3840.152134
3840.152134
3840.152134
3840.152134
3840.152134
3840.152134
3840.152134
3840.152134
3840.152134
3840.152134
3840.152134
3840.152134
3840.152134
3840.152134
3840.152134
3840.152134
3840.152134
3840.152134
3840.152134
3840.152134
3840.152134
3840.152134
3840.152134
3840.152134
3840.152134
3840.152134
3840.152134
3840.152134
3840.152134
3840.152134
3840.152134
3840.152134
3840.152134
3840.152134
3840.152134
3840.152134
3840.152134
3840.152134
3840.152134
3840.152134
3840.152134
3840.152134
3840.152134
3840.152134
3840.152134
3840.152134
3840.152134
3840.152134
3840.152134
3840.152134
3840.152134
3840.152134
3840.152134
3840.152134
3840.152134
3840.152134
3840.152134
3840.152134
3840.152134
3840.152134
3840.152134
3840.152134
3840.152134
3840.152134
3840.152134
3840.152134
3840.152134
3840.152134
3840.152134
3840.152134
3840.152134
3840.152134
3840.152134
3840.152134
3840.152134
3840.152134
3840.152134
3840.152134
3840.152134
3840.152134
3840.152134
3840.152134
3840.152134
3840.152134
3840.152134
3840.152134
3840.152134
3840.152134
3840.152134
3840.152134
3840.152134
3840.152134
3840.152134
3840.152134
3840.152134
3840.152134
3840.152134
3840.152134
3840.152134
3840.152134
3840.152134
3840.152134
3840.152134
3840.152134
3840.152134
3840.152134
3840.152134
3840.152134
3840.152134
3840.152134
3840.152134
3840.152134
3840.152134
3840.152134
3840.152134
3840.152134
3840.152134
3840.152134
3840.152134
3840.152134
3840.152134
3840.152134
3840.152134
3840.152134
3840.152134
3840.152134
3840.152134
3840.152134
3840.152134
3840.152134
3840.152134
3839.851385
3839.851385
3839.851385
3839.851385
3839.851385
3839.851385
3839.851385
3839.851385
3839.851385
3839.851385
3839.851385
3839.851385
3839.851385
3839.851385
3839.851385
3839.851385
3839.851385
3839.851385
3839.851385
3839.851385
3839.851385
3839.851385
3839.851385
3839.851385
3839.851385
3839.851385
3839.851385
3839.851385
3839.851385
3839.851385
3839.851385
3839.851385
3839.851385
3839.851385
3839.851385
3839.851385
3839.851385
3839.851385
3839.851385
3839.851385
3839.851385
3839.851385
3839.851385
3839.851385
3839.851385
3839.851385
3839.851385
3839.851385
3839.851385
3839.851385
3839.851385
3839.851385
3839.851385
3839.851385
3839.851385
3839.851385
3839.851385
3839.851385
3839.851385
3839.851385
3839.851385
3839.851385
3839.851385
3839.851385
3839.851385
3839.851385
3839.851385
3839.851385
3839.851385
3839.851385
3839.851385
3839.851385
3839.851385
3839.851385
3839.851385
3839.851385
3839.851385
3839.851385
3839.851385
3839.851385
3839.851385
3839.851385
3839.851385
3839.851385
3839.851385
3839.851385
3839.851385
3839.851385
3839.851385
3839.851385
3839.851385
3839.851385
3839.851385
3839.851385
3839.851385
3839.851385
3839.851385
3839.851385
3839.791522
3839.791522
3839.386355
3839.386355
3839.386355
3839.386355
3839.386355
3839.386355
3839.386355
3839.386355
3839.386355
3839.386355
3839.386355
3839.386355
3839.386355
3839.386355
3839.386355
3839.386355
3839.386355
3839.386355
3839.386355
3839.386355
3839.386355
3839.386355
3839.386355
3839.386355
3839.386355
3839.386355
3839.386355
3839.386355
3839.386355
3839.386355
3839.386355
3839.386355
3839.386355
3839.386355
3839.386355
3839.386355
3839.386355
3839.386355
3839.386355
3839.386355
3839.386355
3839.386355
3839.386355
3839.386355
3839.386355
3839.386355
3839.386355
3839.386355
3839.386355
3839.386355
3839.386355
3839.386355
3839.386355
3839.386355
3839.386355
3839.386355
3839.386355
3839.386355
3839.386355
3839.209964
3839.209964
3839.209964
3839.209964
3838.475885
3838.475885
3838.475885
3838.475885
3838.475885
3838.475885
3838.475885
3838.475885
3838.475885
3838.475885
3838.475885
3838.475885
3838.475885
3838.475885
3835.937438
3835.937438
3835.937438
3835.937438
3835.937438
3835.937438
3835.937438
3835.937438
3835.937438
3835.937438
3835.937438
3835.937438
3835.937438
3835.937438
3835.937438
3835.937438
3835.937438
3835.937438
3835.937438
3835.937438
3835.937438
3835.937438
3835.937438
3835.937438
3835.937438
3835.937438
3835.937438
3835.937438
3835.937438
3835.937438
3835.937438
3835.937438
3835.937438
3835.937438
3835.937438
3835.937438
3835.937438
3835.937438
3835.937438
3835.937438
3835.937438
3835.937438
3835.937438
3835.937438
3835.937438
3835.937438
3835.937438
3835.937438
3835.937438
3835.937438
3835.937438
3835.937438
3835.937438
3835.937438
3835.937438
3835.937438
3835.937438
3835.937438
3835.937438
3835.937438
3835.937438
3835.937438
3835.937438
3835.937438
3835.937438
3835.937438
3835.937438
3835.937438
3835.937438
3835.937438
3835.937438
3835.937438
3835.937438
3835.937438
3835.937438
3835.937438
3835.937438
3835.937438
3835.937438
3835.937438
3835.937438
3835.937438
3835.937438
3835.937438
3835.937438
3835.937438
3835.937438
3835.937438
3835.937438
3835.937438
3835.937438
3835.937438
3835.937438
3835.937438
3835.937438
3835.937438
3835.937438
3835.782026
3835.782026
3835.782026
3835.782026
3835.782026
3835.782026
3835.782026
3835.782026
3835.782026
3835.782026
3835.782026
3835.782026
3835.782026
3835.782026
3835.782026
3835.782026
3835.782026
3835.782026
3835.782026
3835.782026
3835.782026
3835.782026
3835.782026
3835.782026
3835.782026
3835.782026
3835.782026
3835.782026
3835.782026
3830.776855
3830.776855
3830.776855
3830.776855
3830.776855
3830.776855
3830.776855
3830.776855
3830.776855
3830.776855
3830.776855
3830.776855
3830.776855
3830.776855
3829.516410
3829.516410
3829.516410
3829.516410
3829.516410
3829.516410
3829.516410
3829.516410
3829.516410
3829.516410
3829.516410
3829.516410
3829.516410
3829.516410
3829.516410
3829.516410
3829.516410
3829.516410
3829.516410
3829.516410
3829.516410
3829.516410
3829.516410
3829.516410
3829.516410
3829.516410
3829.516410
3829.516410
3829.516410
3829.516410
3829.516410
3829.516410
3829.516410
3829.516410
3829.516410
3829.516410
3829.516410
3829.516410
3829.516410
3829.516410
3829.516410
3829.516410
3829.516410
3829.516410
3829.516410
3829.516410
3829.516410
3829.516410
3829.516410
3829.516410
3829.516410
3829.516410
3829.516410
3829.516410
3829.516410
3829.516410
3829.516410
3829.516410
3829.516410
3829.516410
3829.516410
3829.516410
3829.516410
3829.516410
3829.516410
3829.516410
3826.954591
3826.954591
3826.954591
3826.954591
3826.954591
3826.954591
3826.954591
3826.954591
3826.954591
3826.954591
3826.954591
3826.954591
3826.954591
3826.954591
3826.954591
3826.954591
3826.954591
3826.954591
3826.954591
3826.954591
3826.954591
3826.954591
3826.954591
3826.954591
3826.954591
3826.954591
3826.954591
3826.954591
3826.954591
3826.954591
3826.954591
3826.954591
3826.954591
3826.954591
3826.954591
3826.954591
3826.954591
3826.954591
3826.954591
3826.954591
3826.954591
3826.954591
3826.954591
3826.954591
3826.954591
3826.954591
3826.954591
3826.954591
3826.954591
3826.954591
3826.954591
3826.954591
3826.954591
3826.954591
3826.954591
3826.954591
3826.954591
3826.954591
3826.954591
3826.954591
3826.954591
3826.954591
3826.954591
3826.954591
3826.954591
3826.954591
3826.954591
3826.954591
3826.954591
3826.954591
3826.954591
3826.954591
3818.228804
3818.228804
3818.228804
3818.228804
3818.228804
3818.228804
3818.228804
3818.228804
3818.228804
3818.228804
3818.228804
3818.228804
3818.228804
3818.228804
3818.228804
3818.228804
3818.228804
3818.228804
3818.228804
3818.228804
3818.228804
3818.228804
3818.228804
3818.228804
3818.228804
3818.228804
3818.228804
3818.228804
3813.401708
3813.401708
3813.401708
3813.401708
3813.401708
3813.401708
3813.401708
3813.401708
3813.401708
3813.401708
3813.401708
3813.401708
3813.401708
3813.401708
3813.401708
3813.401708
3813.401708
3813.401708
3813.401708
3813.401708
3813.401708
3813.401708
3813.401708
3813.401708
3813.401708
3813.401708
3813.401708
3813.401708
3813.401708
3813.401708
3813.401708
3813.401708
3813.401708
3813.401708
3813.401708
3813.401708
3813.401708
3813.401708
3813.401708
3813.401708
3813.401708
3813.401708
3813.401708
3813.401708
3813.401708
3813.401708
3813.401708
3813.401708
3813.401708
3813.401708
3813.401708
3813.401708
3813.401708
3813.401708
3813.401708
3813.401708
3813.401708
3813.401708
3813.401708
3813.401708
3813.401708
3813.401708
3813.401708
3813.401708
3813.401708
3813.401708
3813.401708
3813.401708
3813.401708
3813.401708
3813.401708
3813.401708
3813.401708
3813.401708
3813.401708
3813.401708
3813.401708
3813.401708
3813.401708
3813.401708
3813.401708
3813.401708
3813.401708
3813.401708
3813.401708
3813.401708
3813.401708
3813.401708
3813.401708
3813.401708
3813.401708
3813.401708
3813.401708
3813.401708
3813.401708
3813.401708
3813.401708
3813.401708
3813.401708
3813.401708
3806.240621
3806.240621
3806.240621
3806.240621
3806.240621
3806.240621
3806.240621
3806.240621
3806.240621
3806.240621
3806.240621
3806.240621
3806.240621
3806.240621
3806.240621
3806.240621
3806.240621
3806.240621
3806.240621
3806.240621
3806.240621
3806.240621
3806.240621
3806.240621
3806.240621
3806.240621
3806.240621
3806.240621
3806.240621
3806.240621
3806.240621
3806.240621
3806.240621
3806.240621
3806.240621
3806.240621
3806.240621
3806.240621
3806.240621
3806.240621
3806.240621
3806.240621
3806.240621
3806.240621
3806.240621
3806.240621
3806.240621
3806.240621
3806.240621
3806.240621
3806.240621
3806.240621
3806.240621
3806.240621
3806.240621
3806.240621
3806.240621
3806.240621
3806.240621
3806.240621
3806.240621
3806.240621
3806.240621
3806.240621
3806.240621
3806.240621
3806.240621
3806.240621
3806.240621
3806.240621
3806.240621
3806.240621
3806.240621
3806.240621
3806.240621
3806.240621
3806.240621
3806.240621
3806.240621
3806.240621
3806.240621
3806.240621
3806.240621
3806.240621
3806.240621
3806.240621
3806.240621
3806.240621
3806.240621
3806.240621
3806.240621
3806.240621
3806.240621
3806.240621
3806.240621
3806.240621
3806.240621
3806.240621
3806.240621
3806.240621
3806.240621
3806.240621
3806.240621
3806.240621
3806.240621
3806.240621
3806.240621
3806.240621
3806.240621
3806.240621
3806.240621
3806.240621
3806.240621
3806.240621
3806.240621
3806.240621
3806.240621
3806.240621
3806.240621
3806.240621
3806.240621
3806.240621
3806.240621
3806.240621
3806.240621
3806.240621
3806.240621
3806.240621
3806.240621
3806.240621
3806.240621
3806.240621
3806.240621
3806.240621
3806.240621
3806.240621
3806.240621
3806.240621
3806.240621
3806.240621
3806.240621
3806.240621
3806.240621
3806.240621
3806.240621
3806.240621
3806.240621
3806.240621
3806.240621
3806.240621
3806.240621
3806.240621
3806.240621
3806.240621
3806.240621
3806.240621
3806.240621
3806.240621
3806.240621
3806.240621
3806.240621
3806.240621
3806.240621
3806.240621
3806.240621
3806.240621
3806.240621
3806.240621
3806.240621
3806.240621
3806.240621
3806.240621
3806.240621
3806.240621
3806.240621
3806.240621
3806.240621
3806.240621
3806.240621
3806.240621
3806.240621
3806.240621
3806.240621
3806.240621
3806.240621
3806.240621
3806.240621
3806.240621
3806.240621
3806.240621
3806.240621
3806.240621
3806.240621
3806.240621
3806.240621
3806.240621
3806.240621
3806.240621
3806.240621
3806.240621
3806.240621
3806.240621
3806.240621
3806.240621
3806.240621
3806.240621
3806.240621
3806.240621
3806.240621
3806.240621
3806.240621
3806.240621
3806.240621
3806.240621
3806.240621
3806.240621
3806.240621
3806.240621
3806.240621
3806.240621
3806.240621
3806.240621
3806.240621
3806.240621
3806.240621
3806.240621
3806.240621
3806.240621
3806.240621
3806.240621
3806.240621
3805.156068
3805.156068
3805.156068
3805.156068
3805.156068
3805.156068
3805.156068
3805.156068
3805.156068
3805.156068
3805.156068
3805.156068
3805.156068
3805.156068
3805.156068
3805.156068
3805.156068
3805.156068
3805.156068
3805.156068
3805.156068
3805.156068
3805.156068
3805.156068
3805.156068
3805.156068
3805.156068
3805.156068
3805.156068
3802.219061
3802.219061
3802.219061
3802.219061
3802.219061
3802.219061
3802.219061
3802.219061
3802.219061
3802.219061
3802.219061
3802.219061
3802.219061
3802.219061
3802.219061
3802.219061
3802.219061
3802.219061
3802.219061
3802.219061
3802.219061
3802.219061
3802.219061
3802.219061
3802.219061
3802.219061
3802.219061
3802.219061
3802.219061
3802.219061
3802.219061
3802.219061
3802.219061
3802.219061
3802.219061
3802.219061
3802.219061
3802.219061
3802.219061
3802.219061
3802.219061
3802.219061
3802.219061
3802.219061
3802.219061
3802.219061
3802.219061
3802.219061
3800.997810
3800.997810
3800.997810
3800.997810
3800.997810
3800.997810
3800.997810
3800.997810
3800.997810
3800.997810
3800.997810
3800.997810
3800.997810
3800.997810
3800.997810
3800.997810
3800.997810
3800.997810
3800.997810
3800.997810
3800.997810
3800.997810
3800.997810
3800.997810
3800.997810
3800.997810
3800.997810
3800.997810
3800.997810
3800.997810
3800.997810
3800.997810
3800.997810
3800.997810
3800.997810
3800.997810
3800.997810
3800.997810
3800.997810
3800.997810
3800.997810
3800.997810
3800.997810
3800.997810
3798.172195
3798.172195
3798.172195
3798.172195
3798.172195
3798.172195
3798.172195
3798.172195
3798.172195
3798.172195
3798.172195
3798.172195
3798.172195
3798.172195
3798.172195
3798.172195
3798.172195
3798.172195
3798.172195
3798.172195
3798.172195
3798.172195
3798.172195
3798.172195
3798.172195
3798.172195
3798.172195
3798.172195
3798.172195
3798.172195
3798.172195
3798.172195
3798.172195
3798.172195
3798.172195
3798.172195
3798.172195
3798.172195
3798.172195
3798.172195
3798.172195
3798.172195
3798.172195
3798.172195
3798.172195
3798.172195
3798.172195
3798.172195
3798.172195
3798.172195
3798.172195
3798.172195
3798.172195
3798.172195
3798.172195
3798.172195
3798.172195
3798.172195
3798.172195
3798.172195
3798.172195
3798.172195
3798.172195
3798.172195
3798.172195
3798.172195
3798.172195
3798.172195
3798.172195
3798.172195
3798.172195
3798.172195
3798.172195
3798.172195
3798.172195
3798.172195
3798.172195
3798.172195
3798.172195
3798.172195
3798.172195
3798.172195
3798.172195
3798.172195
3798.172195
3798.172195
3798.172195
3798.172195
3798.172195
3798.172195
3797.792854
3797.792854
3797.792854
3797.792854
3797.792854
3797.792854
3797.792854
3797.792854
3796.158944
3796.158944
3796.158944
3796.158944
3796.158944
3796.158944
3796.158944
3796.158944
3796.158944
3796.158944
3796.158944
3796.158944
3795.030084
3795.030084
3795.030084
3795.030084
3795.030084
3795.030084
3795.030084
3795.030084
3795.030084
3795.030084
3795.030084
3795.030084
3795.030084
3795.030084
3795.030084
3795.030084
3795.030084
3795.030084
3795.030084
3795.030084
3795.030084
3795.030084
3795.030084
3795.030084
3795.030084
3795.030084
3795.030084
3795.030084
3795.030084
3795.030084
3795.030084
3795.030084
3795.030084
3795.030084
3795.030084
3795.030084
3795.030084
3795.030084
3795.030084
3791.686412
3791.686412
3791.686412
3791.686412
3791.686412
3791.686412
3791.686412
3791.686412
3791.686412
3791.686412
3791.686412
3791.686412
3791.686412
3791.686412
3791.686412
3791.686412
3791.686412
3791.686412
3791.686412
3791.686412
3791.686412
3791.686412
3791.686412
3791.686412
3791.686412
3791.686412
3791.686412
3791.686412
3791.686412
3791.686412
3791.686412
3791.686412
3791.686412
3791.686412
3791.686412
3791.686412
3791.686412
3791.686412
3791.686412
3791.686412
3791.686412
3791.686412
3791.686412
3789.125573
3789.125573
3789.125573
3789.125573
3789.125573
3789.125573
3789.125573
3789.125573
3789.125573
3789.125573
3789.125573
3789.125573
3789.125573
3789.125573
3789.125573
3789.125573
3789.125573
3789.125573
3789.125573
3789.125573
3789.125573
3789.125573
3789.125573
3789.125573
3789.125573
3789.125573
3789.125573
3789.125573
3789.125573
3789.125573
3789.125573
3789.125573
3789.125573
3789.125573
3789.125573
3789.125573
3789.125573
3789.125573
3789.125573
3789.125573
3789.125573
3789.125573
3789.125573
3789.125573
3781.899691
3781.899691
3781.899691
3781.899691
3781.899691
3781.899691
3781.899691
3781.899691
3781.899691
3781.899691
3781.899691
3781.899691
3781.899691
3781.899691
3781.899691
3781.899691
3781.899691
3781.899691
3781.899691
3781.899691
3781.899691
3781.899691
3781.899691
3781.899691
3781.899691
3781.899691
3781.899691
3781.899691
3781.899691
3781.899691
3781.899691
3781.899691
3781.899691
3781.899691
3781.899691
3781.899691
3781.899691
3781.899691
3781.899691
3781.899691
3781.899691
3781.899691
3781.899691
3781.899691
3781.899691
3781.420178
3781.420178
3781.420178
3781.420178
3781.420178
3781.420178
3781.420178
3781.420178
3781.420178
3781.420178
3781.420178
3781.420178
3781.420178
3781.420178
3781.420178
3781.420178
3781.420178
3781.420178
3781.420178
3781.420178
3781.420178
3781.420178
3781.420178
3781.420178
3781.420178
3781.420178
3781.420178
3781.420178
3779.945287
3779.945287
3779.945287
3779.945287
3779.945287
3779.945287
3779.945287
3779.945287
3779.945287
3779.945287
3779.945287
3779.945287
3779.945287
3779.945287
3779.945287
3779.945287
3779.945287
3779.945287
3779.945287
3779.945287
3779.945287
3779.945287
3779.945287
3779.945287
3779.945287
3779.945287
3779.945287
3779.945287
3779.945287
3779.945287
3779.945287
3779.945287
3779.945287
3779.945287
3779.945287
3779.945287
3779.945287
3779.945287
3779.945287
3779.945287
3779.945287
3779.945287
3779.945287
3779.945287
3779.945287
3779.945287
3779.945287
3779.945287
3779.945287
3779.945287
3779.945287
3779.945287
3779.945287
3779.945287
3779.945287
3779.945287
3779.239640
3779.206029
3779.206029
3779.206029
3779.206029
3779.206029
3778.440463
3778.440463
3778.440463
3771.229615
3771.229615
3771.229615
3771.229615
3771.229615
3771.229615
3771.229615
3771.229615
3771.229615
3771.229615
3771.229615
3771.229615
3771.229615
3771.229615
3771.229615
3771.229615
3771.229615
3771.229615
3771.229615
3771.229615
3771.229615
3771.229615
3771.229615
3771.229615
3771.229615
3771.229615
3771.229615
3771.229615
3771.229615
3771.229615
3771.229615
3771.229615
3771.229615
3771.229615
3771.229615
3771.229615
3771.229615
3771.229615
3771.229615
3771.229615
3771.229615
3771.229615
3771.229615
3771.229615
3771.229615
3771.229615
3771.229615
3771.229615
3771.229615
3771.229615
3771.229615
3771.229615
3771.229615
3771.229615
3771.229615
3771.229615
3771.229615
3771.229615
3771.229615
3771.229615
3771.229615
3771.229615
3771.229615
3771.229615
3771.229615
3771.229615
3771.229615
3771.229615
3771.229615
3771.229615
3771.229615
3771.229615
3771.229615
3771.229615
3771.229615
3771.229615
3771.229615
3771.229615
3771.229615
3771.229615
3771.229615
3771.229615
3771.229615
3771.229615
3771.229615
3771.229615
3771.229615
3768.875384
3768.875384
3768.875384
3768.875384
3768.875384
3768.875384
3768.875384
3768.875384
3768.875384
3768.875384
3768.875384
3768.875384
3768.875384
3768.875384
3768.875384
3768.875384
3768.875384
3768.875384
3768.875384
3768.875384
3768.875384
3768.875384
3768.875384
3768.875384
3768.875384
3768.875384
3768.875384
3768.875384
3768.875384
3768.875384
3768.875384
3768.875384
3768.875384
3768.875384
3768.875384
3768.875384
3768.875384
3768.875384
3768.875384
3761.556433
3761.556433
3761.556433
3761.556433
3761.556433
3761.556433
3761.556433
3761.556433
3761.556433
3761.556433
3761.556433
3761.556433
3761.556433
3761.556433
3761.556433
3761.556433
3761.556433
3761.556433
3761.556433
3761.556433
3761.556433
3761.556433
3761.556433
3761.556433
3761.556433
3761.556433
3761.556433
3761.556433
3761.556433
3761.556433
3761.556433
3761.556433
3761.556433
3761.556433
3761.556433
3761.556433
3761.556433
3761.556433
3761.556433
3761.556433
3761.556433
3761.556433
3761.556433
3761.556433
3761.556433
3761.556433
3761.556433
3761.556433
3761.556433
3761.556433
3761.556433
3761.556433
3761.556433
3761.556433
3761.556433
3761.556433
3761.556433
3761.556433
3761.556433
3761.556433
3761.556433
3761.556433
3761.556433
3761.556433
3761.556433
3761.556433
3761.556433
3761.556433
3761.556433
3761.556433
3761.556433
3761.556433
3761.556433
3761.556433
3761.556433
3761.556433
3761.556433
3761.556433
3761.556433
3761.556433
3761.556433
3761.556433
3761.556433
3761.556433
3761.556433
3761.556433
3761.556433
3761.556433
3761.556433
3761.556433
3761.556433
3761.556433
3761.556433
3761.556433
3761.556433
3761.556433
3761.556433
3761.556433
3761.556433
3761.556433
3761.556433
3761.556433
3761.556433
3761.556433
3761.556433
3761.556433
3761.556433
3761.556433
3761.556433
3761.556433
3761.556433
3761.556433
3761.556433
3761.556433
3761.556433
3761.556433
3761.556433
3761.556433
3757.768139
3757.768139
3757.768139
3757.768139
3757.768139
3757.768139
3757.768139
3757.768139
3757.768139
3757.768139
3757.768139
3757.768139
3757.768139
3757.768139
3757.768139
3757.768139
3757.768139
3757.768139
3757.768139
3757.768139
3757.768139
3757.768139
3757.768139
3757.768139
3757.768139
3757.768139
3757.768139
3757.768139
3752.394712
3752.394712
3752.394712
3752.394712
3752.394712
3752.394712
3752.394712
3752.394712
3752.394712
3752.394712
3752.394712
3752.394712
3752.394712
3752.394712
3752.394712
3752.394712
3752.394712
3752.394712
3752.394712
3752.394712
3752.394712
3752.394712
3752.394712
3752.394712
3752.394712
3752.394712
3752.394712
3752.394712
3752.394712
3752.394712
3752.394712
3752.394712
3752.394712
3752.394712
3752.394712
3752.394712
3752.394712
3752.394712
3752.394712
3752.394712
3752.394712
3752.394712
3752.394712
3752.394712
3752.394712
3752.394712
3752.394712
3752.394712
3752.394712
3752.394712
3752.394712
3752.394712
3752.394712
3752.394712
3748.306015
3748.306015
3748.306015
3748.306015
3748.306015
3748.306015
3748.306015
3748.306015
3748.306015
3748.306015
3748.306015
3748.306015
3748.306015
3748.306015
3748.306015
3748.306015
3748.306015
3748.306015
3748.306015
3748.306015
3748.306015
3748.306015
3748.306015
3748.306015
3748.306015
3748.306015
3748.306015
3748.306015
3748.306015
3748.306015
3748.306015
3748.306015
3748.306015
3748.306015
3748.306015
3748.306015
3748.306015
3748.306015
3748.306015
3748.306015
3748.306015
3748.306015
3748.306015
3748.306015
3748.306015
3748.306015
3748.306015
3748.306015
3748.306015
3748.306015
3748.306015
3748.306015
3748.306015
3748.306015
3748.306015
3748.306015
3748.306015
3748.306015
3748.306015
3748.306015
3748.306015
3748.306015
3748.306015
3748.306015
3748.306015
3748.306015
3748.306015
3748.306015
3748.306015
3748.306015
3748.306015
3748.306015
3748.306015
3748.306015
3748.306015
3748.306015
3748.306015
3748.306015
3748.306015
3748.306015
3741.686664
3741.686664
3741.686664
3741.686664
3741.686664
3741.686664
3741.686664
3741.686664
3741.686664
3741.686664
3741.686664
3741.686664
3741.686664
3741.686664
3741.686664
3741.686664
3741.686664
3741.686664
3741.686664
3741.686664
3741.686664
3741.686664
3741.686664
3741.686664
3741.686664
3741.686664
3740.981337
3740.981337
3740.981337
3740.981337
3740.981337
3740.981337
3740.981337
3740.981337
3740.981337
3740.981337
3740.981337
3740.981337
3740.981337
3740.981337
3740.981337
3740.981337
3740.981337
3740.981337
3740.981337
3740.981337
3740.981337
3740.981337
3740.981337
3740.981337
3740.981337
3740.981337
3740.981337
3740.981337
3740.981337
3740.981337
3740.981337
3740.981337
3740.981337
3740.981337
3740.981337
3740.981337
3740.981337
3740.981337
3740.981337
3740.981337
3740.981337
3740.981337
3740.981337
3740.981337
3740.981337
3740.981337
3740.981337
3740.981337
3740.981337
3740.981337
3740.981337
3740.981337
3740.981337
3740.981337
3740.981337
3740.981337
3740.981337
3740.981337
3740.981337
3740.981337
3740.981337
3740.981337
3740.981337
3740.981337
3740.981337
3739.304455
3739.304455
3739.304455
3739.304455
3739.304455
3739.304455
3739.304455
3739.304455
3739.304455
3739.304455
3739.304455
3739.304455
3739.304455
3739.304455
3739.304455
3739.304455
3739.304455
3739.304455
3739.304455
3739.304455
3739.304455
3739.304455
3739.304455
3739.304455
3739.304455
3739.304455
3739.304455
3739.304455
3739.304455
3737.876005
3737.876005
3737.876005
3737.876005
3737.876005
3737.876005
3737.876005
3737.876005
3737.876005
3737.876005
3737.876005
3737.876005
3737.876005
3737.876005
3737.876005
3737.876005
3737.569827
3737.569827
3737.569827
3737.569827
3737.569827
3737.569827
3737.569827
3737.569827
3737.569827
3737.569827
3737.569827
3737.569827
3737.569827
3737.569827
3737.569827
3737.569827
3737.569827
3737.569827
3737.569827
3737.569827
3737.569827
3737.569827
3737.569827
3737.569827
3737.569827
3737.569827
3737.569827
3737.569827
3737.569827
3732.529934
3732.529934
3732.529934
3732.529934
3732.529934
3732.529934
3732.529934
3732.529934
3732.529934
3732.529934
3732.529934
3732.529934
3732.529934
3731.981359
3731.981359
3731.981359
3731.981359
3731.981359
3731.981359
3731.981359
3731.981359
3731.981359
3731.981359
3731.981359
3731.981359
3731.981359
3731.981359
3731.981359
3731.981359
3731.981359
3731.981359
3731.981359
3731.981359
3731.981359
3731.981359
3730.849426
3730.849426
3730.849426
3730.849426
3730.849426
3730.849426
3730.849426
3730.849426
3730.849426
3730.849426
3730.849426
3730.849426
3730.849426
3730.849426
3730.849426
3730.849426
3730.849426
3730.849426
3730.849426
3730.849426
3730.849426
3730.849426
3730.849426
3730.849426
3730.849426
3730.849426
3730.849426
3730.849426
3729.454652
3729.454652
3729.454652
3729.454652
3729.454652
3729.454652
3729.454652
3707.684831
3707.684831
3707.684831
3707.684831
3707.684831
3707.684831
3707.684831
3707.684831
3707.684831
3707.684831
3707.684831
3707.684831
3707.684831
3707.684831
3707.684831
3707.684831
3707.684831
3707.684831
3707.684831
3707.684831
3707.684831
3707.684831
3707.684831
3707.684831
3707.684831
3707.684831
3707.684831
3707.684831
3707.684831
3707.684831
3707.684831
3707.684831
3707.684831
3707.684831
3707.684831
3707.684831
3707.684831
3707.684831
3707.684831
3707.684831
3707.684831
3707.684831
3707.684831
3707.684831
3707.684831
3707.684831
3707.684831
3707.684831
3707.684831
3707.684831
3707.684831
3707.684831
3707.684831
3707.684831
3707.684831
3707.684831
3707.684831
3707.684831
3707.684831
3707.684831
3707.684831
3707.684831
3707.684831
3707.684831
3707.684831
3707.684831
3707.684831
3707.684831
3707.684831
3707.684831
3707.684831
3707.684831
3707.684831
3707.684831
3707.684831
3707.684831
3707.684831
3707.684831
3707.684831
3707.684831
3707.684831
3707.684831
3707.684831
3707.684831
3707.684831
3707.684831
3707.684831
3707.684831
3707.684831
3707.684831
3707.684831
3707.684831
3707.684831
3707.684831
3707.684831
3707.684831
3694.074745
3694.074745
3694.074745
3694.074745
3694.074745
3694.074745
3694.074745
3694.074745
3694.074745
3694.074745
3694.074745
3694.074745
3694.074745
3694.074745
3694.074745
3694.074745
3694.074745
3694.074745
3694.074745
3694.074745
3694.074745
3694.074745
3694.074745
3694.074745
3694.074745
3694.074745
3694.074745
3694.074745
3694.074745
3694.074745
3694.074745
3694.074745
3694.074745
3694.074745
3694.074745
3694.074745
3694.074745
3694.074745
3694.074745
3694.074745
3694.074745
3694.074745
3694.074745
3692.646430
3692.646430
3692.646430
3692.646430
3692.646430
3692.646430
3689.680283
3689.680283
3689.680283
3689.680283
3689.680283
3689.680283
3689.680283
3689.680283
3689.680283
3689.680283
3689.680283
3689.680283
3689.680283
3689.680283
3689.680283
3689.680283
3689.680283
3689.680283
3689.680283
3689.680283
3668.057296
3668.057296
3668.057296
3668.057296
3668.057296
3668.057296
3668.057296
3668.057296
3668.057296
3668.057296
3668.057296
3668.057296
3668.057296
3668.057296
3668.057296
3668.057296
3668.057296
3668.057296
3668.057296
3668.057296
3668.057296
3668.057296
3668.057296
3668.057296
3668.057296
3668.057296
3668.057296
3668.057296
3668.057296
3668.057296
3668.057296
3668.057296
3668.057296
3668.057296
3668.057296
3668.057296
3668.057296
3668.057296
3668.057296
3668.057296
3668.057296
3668.057296
3668.057296
3668.057296
3668.057296
3668.057296
3668.057296
3668.057296
3668.057296
3668.057296
3668.057296
3668.057296
3668.057296
3668.057296
3668.057296
3668.057296
3668.057296
3668.057296
3668.057296
3668.057296
3668.057296
3668.057296
3668.057296
3668.057296
3668.057296
3668.057296
3668.057296
3668.057296
3668.057296
3668.057296
3668.057296
3668.057296
3668.057296
3668.057296
3668.057296
3668.057296
3668.057296
3668.057296
3668.057296
3668.057296
3668.057296
3668.057296
3668.057296
3668.057296
3668.057296
3668.057296
3668.057296
3668.057296
3668.057296
3668.057296
3668.057296
3668.057296
3668.057296
3668.057296
3668.057296
3668.057296
3668.057296
3668.057296
3668.057296
3668.057296
3668.057296
3668.057296
3668.057296
3668.057296
3668.057296
3668.057296
3668.057296
3668.057296
3668.057296
3668.057296
3668.057296
3668.057296
3668.057296
3668.057296
3668.057296
3668.057296
3668.057296
3668.057296
3668.057296
3668.057296
3668.057296
3668.057296
3668.057296
3668.057296
3668.057296
3668.057296
3668.057296
3668.057296
3668.057296
3668.057296
3660.419040
3660.419040
3660.419040
3660.419040
3660.419040
3660.419040
3660.419040
3660.419040
3660.419040
3660.419040
3660.419040
3660.419040
3660.419040
3660.419040
3660.419040
3660.419040
3660.419040
3660.419040
3660.419040
3660.419040
3653.987507
3653.987507
3653.987507
3653.987507
3653.987507
3653.987507
3653.987507
3653.987507
3653.987507
3653.987507
3653.987507
3653.987507
3653.987507
3653.987507
3653.987507
3653.987507
3653.987507
3646.558176
3646.558176
3646.558176
3646.558176
3631.897362
3631.897362
3631.897362
3631.897362
3631.897362
3631.897362
3631.897362
3631.897362
3631.897362
3631.897362
3631.897362
3631.897362
3631.897362
3631.897362
3631.897362
3631.897362
3631.897362
3631.897362
3631.897362
3631.897362
3631.897362
3631.897362
3631.897362
3631.897362
3631.897362
3631.897362
3631.897362
3631.897362
3631.897362
3631.897362
3631.897362
3631.897362
3631.897362
3631.897362
3631.897362
3631.897362
3631.897362
3631.897362
3631.897362
3631.897362
3631.897362
3631.897362
3631.897362
3631.897362
3631.897362
3631.897362
3631.897362
3631.897362
3631.897362
3631.897362
3631.897362
3631.897362
3631.897362
3631.897362
3619.519461
3619.519461
3619.519461
3619.519461
3619.519461
3619.519461
3619.519461
3619.519461
3619.519461
3619.519461
3619.519461
3619.519461
3619.519461
3619.519461
3619.519461
3619.519461
3619.519461
3619.519461
3619.519461
3619.519461
3619.519461
3619.519461
3619.519461
3619.519461
3619.519461
3619.519461
3619.519461
3619.519461
3619.519461
3619.519461
3619.519461
3619.519461
3619.519461
3619.519461
3619.519461
3619.519461
3619.519461
3619.519461
3619.519461
3619.519461
3619.519461
3613.146200
3613.146200
3613.146200
3613.146200
3613.146200
3613.146200
3613.146200
3613.146200
3613.146200
3613.146200
3613.146200
3613.146200
3613.146200
3613.146200
3613.146200
3613.146200
3613.146200
3613.146200
3613.146200
3613.146200
3613.146200
3613.146200
3613.146200
3613.146200
3600.345096
3600.345096
3600.345096
3600.345096
3597.142292
3597.142292
3597.142292
3597.142292
3597.142292
3597.142292
3597.142292
3597.142292
3597.142292
3597.142292
3597.142292
3597.142292
3597.142292
3597.142292
3597.142292
3597.142292
3597.142292
3597.142292
3597.142292
3597.142292
3597.142292
3597.142292
3597.142292
3597.142292
3597.142292
3597.142292
3597.142292
3597.142292
3597.142292
3597.142292
3597.142292
3597.142292
3597.142292
3597.142292
3597.142292
3597.142292
3597.142292
3597.142292
3597.142292
3597.142292
3597.142292
3597.142292
3597.142292
3587.449263
3587.449263
3587.449263
3587.449263
3587.449263
3587.449263
3587.449263
3587.449263
3587.449263
3587.449263
3587.449263
3587.449263
3587.449263
3587.449263
3587.449263
3587.449263
3587.449263
3587.449263
3587.449263
3587.449263
3587.449263
3587.449263
3587.449263
3587.449263
3587.449263
3587.449263
3587.449263
3587.449263
3587.449263
3587.449263
3587.449263
3587.449263
3587.449263
3587.449263
3587.449263
3587.449263
3587.449263
3587.449263
3587.449263
3587.449263
3587.449263
3587.449263
3587.449263
3587.449263
3587.449263
3587.449263
3587.449263
3587.449263
3587.449263
3587.449263
3587.449263
3587.449263
3587.449263
3587.449263
3587.449263
3587.449263
3587.449263
3587.449263
3587.449263
3587.449263
3587.449263
3587.449263
3587.449263
3587.449263
3587.449263
3587.449263
3587.449263
3587.449263
3587.449263
3587.449263
3587.449263
3587.449263
3587.449263
3587.449263
3587.449263
3587.449263
3587.449263
3587.449263
3587.449263
3587.449263
3587.449263
3587.449263
3543.502550
3543.502550
3543.502550
3543.502550
3543.502550
3543.502550
3543.502550
3543.502550
3543.502550
3543.502550
3543.502550
3543.502550
3543.502550
3543.502550
3543.502550
3543.502550
3543.502550
3543.502550
3543.502550
3543.502550
3543.502550
3543.502550
3543.502550
3543.502550
3543.502550
3543.502550
3543.502550
3543.502550
3543.502550
3543.502550
3543.502550
3543.502550
3543.502550
3543.502550
3543.502550
3543.502550
3543.502550
3543.502550
3543.502550
3543.502550
3543.502550
3543.502550
3543.502550
3543.502550
3543.502550
3543.502550
3543.502550
3543.502550
3543.502550
3543.502550
3543.502550
3543.502550
3543.502550
3543.502550
3543.502550
3543.502550
3543.502550
3543.502550
3543.502550
3543.502550
3543.502550
3543.502550
3543.502550
3543.502550
3543.502550
3543.502550
3543.502550
3543.502550
3543.502550
3543.502550
3543.502550
3543.502550
3543.502550
3543.502550
3543.502550
3543.502550
3543.502550
3543.502550
3543.502550
3543.502550
3543.502550
3543.502550
3543.502550
3543.502550
3543.502550
3543.502550
3543.502550
3543.502550
3543.502550
3543.502550
3543.502550
3543.502550
3543.502550
3543.502550
3543.502550
3543.502550
3543.502550
3543.502550
3543.502550
3543.502550
3543.502550
3543.502550
3543.502550
3543.502550
3543.502550
3543.502550
3509.900958
3509.900958
3509.900958
3509.900958
3509.900958
3509.900958
3509.900958
3509.900958
3509.900958
3509.900958
3509.900958
3509.900958
3509.900958
3509.900958
3509.900958
3509.900958
3509.900958
3509.900958
3509.900958
3509.900958
3509.900958
3509.900958
3509.900958
3509.900958
3509.900958
3509.900958
3509.900958
3509.900958
3509.900958
3509.900958
3509.900958
3509.900958
3509.900958
3509.900958
3509.900958
3509.900958
3509.900958
3509.900958
3509.900958
3509.900958
3509.900958
3509.900958
3509.900958
3509.900958
3509.900958
3509.900958
3509.900958
3509.900958
3509.900958
3509.900958
3509.900958
3509.900958
3509.900958
3509.900958
3509.900958
3509.900958
3509.900958
3509.900958
3509.900958
3509.900958
3509.900958
3509.900958
3509.900958
3509.900958
3509.900958
3509.900958
3509.900958
3509.900958
3509.900958
3509.900958
3509.900958
3509.900958
3509.900958
3509.900958
3509.900958
3509.900958
3509.900958
3509.900958
3509.900958
3509.900958
3509.900958
3509.900958
3509.900958
3509.900958
3509.900958
3509.900958
3509.900958
3509.900958
3509.900958
3509.900958
3509.900958
3509.900958
3509.900958
3509.900958
3509.900958
3509.900958
3509.900958
3509.900958
3509.900958
3509.900958
3509.900958
3509.900958
3509.900958
3509.900958
3509.900958
3509.900958
3509.900958
3509.900958
3509.900958
3509.900958
3509.900958
3509.900958
3509.900958
3509.900958
3509.900958
3509.900958
3509.900958
3509.900958
3509.900958
3509.900958
3509.900958
3509.900958
3509.900958
3509.900958
3509.900958
3509.900958
3509.900958
3509.900958
3509.900958
3509.900958
3509.900958
3509.900958
3509.900958
3509.900958
3509.900958
3509.900958
3509.900958
3509.900958
3509.900958
3509.900958
3509.900958
3509.900958
3509.900958
3509.900958
3509.900958
3509.900958
3509.900958
3509.900958
3509.900958
3509.900958
3460.988905
3460.988905
3460.988905
3460.988905
3460.988905
3460.988905
3460.988905
3460.988905
3460.988905
3460.988905
3460.988905
3460.988905
3460.988905
3460.988905
3460.988905
3460.988905
3460.988905
3460.988905
3460.988905
3460.988905
3460.988905
3460.988905
3460.988905
3460.988905
3460.988905
3460.988905
3460.988905
3460.988905
3460.988905
3460.988905
3460.988905
3460.988905
3460.988905
3460.988905
3460.988905
3460.988905
3460.988905
3460.988905
3460.988905
3460.988905
3460.988905
3460.988905
3460.988905
3460.988905
3460.988905
3460.988905
3460.988905
3460.988905
3460.988905
3460.988905
3460.988905
3460.988905
3460.988905
3460.988905
3460.988905
3460.988905
3460.988905
3460.988905
3460.988905
3460.988905
3460.988905
3460.988905
3460.988905
3460.988905
3460.988905
3460.988905
3460.988905
3460.988905
3460.988905
3460.988905
3460.988905
3460.988905
3460.988905
3460.988905
3460.988905
3460.988905
3460.988905
3460.988905
3460.988905
3460.988905
3460.988905
3460.988905
3460.988905
3460.988905
3460.988905
3460.988905
3460.988905
3460.988905
3460.988905
3460.988905
3460.988905
3460.988905
3460.988905
3460.988905
3460.988905
3460.988905
3460.988905
3460.988905
3460.988905
3460.988905
3460.988905
3460.988905
3460.988905
3460.988905
3460.988905
3460.988905
3460.988905
3460.988905
3460.988905
3460.988905
3460.988905
3460.988905
3460.988905
3460.988905
3460.988905
3418.908339
3418.908339
3418.908339
3418.908339
3418.908339
3418.908339
3418.908339
3418.908339
3418.908339
3418.908339
3418.908339
3418.908339
3418.908339
3418.908339
3418.908339
3418.908339
3418.908339
3418.908339
3418.908339
3418.908339
3418.908339
3418.908339
3418.908339
3418.908339
3418.908339
3418.908339
3418.908339
3418.908339
3418.908339
3418.908339
3418.908339
3418.908339
3418.908339
3418.908339
3418.908339
3418.908339
3418.908339
3418.908339
3417.953842
3417.953842
3417.953842
3417.953842
3417.953842
3417.953842
3398.053466
3398.053466
3398.053466
3398.053466
3398.053466
3398.053466
3398.053466
3398.053466
3398.053466
3398.053466
3398.053466
3398.053466
3398.053466
3398.053466
3398.053466
3398.053466
3398.053466
3398.053466
3398.053466
3398.053466
3398.053466
3398.053466
3398.053466
3398.053466
3398.053466
3398.053466
3398.053466
3398.053466
3398.053466
3398.053466
3398.053466
3398.053466
3398.053466
3398.053466
3398.053466
3398.053466
3398.053466
3398.053466
3398.053466
3398.053466
3398.053466
3398.053466
3398.053466
3398.053466
3398.053466
3398.053466
3398.053466
3398.053466
3398.053466
3398.053466
3398.053466
3398.053466
3398.053466
3398.053466
3398.053466
3398.053466
3398.053466
3398.053466
3398.053466
3398.053466
3398.053466
3398.053466
3398.053466
3369.399548
3369.399548
3369.399548
3369.399548
3369.399548
3369.399548
3369.399548
3369.399548
3369.399548
3369.399548
3369.399548
3369.399548
3369.399548
3369.399548
3369.399548
3369.399548
3369.399548
3369.399548
3369.399548
3369.399548
3369.399548
3369.399548
3369.399548
3369.399548
3369.399548
3369.399548
3369.399548
3369.399548
3369.399548
3369.399548
3369.399548
3369.399548
3369.399548
3369.399548
3369.399548
3369.399548
3369.399548
3369.399548
3369.399548
3369.399548
3369.399548
3369.399548
3369.399548
3369.399548
3369.399548
3369.399548
3369.399548
3369.399548
3369.399548
3369.399548
3369.399548
3369.399548
3369.399548
3369.399548
3369.399548
3369.399548
3369.399548
3369.399548
3369.399548
3369.399548
3369.399548
3369.399548
3369.399548
3369.399548
3369.399548
3369.399548
3369.399548
3369.399548
3369.399548
3369.399548
3369.399548
3369.399548
3369.399548
3369.399548
3369.399548
3369.399548
3369.399548
3369.399548
3369.399548
3369.399548
3369.399548
3369.399548
3369.399548
3369.399548
3369.399548
3369.399548
3369.399548
3369.399548
3369.399548
3369.399548
3369.399548
3369.399548
3369.399548
3369.399548
3369.399548
3369.399548
3369.399548
3369.399548
3369.399548
3369.399548
3369.399548
3369.399548
3369.399548
3369.399548
3369.399548
3369.399548
3369.399548
3367.526275
3367.526275
3367.526275
3367.526275
3367.526275
3367.526275
3367.526275
3367.526275
3367.526275
3367.526275
3367.526275
3367.526275
3367.526275
3367.526275
3367.526275
3367.526275
3367.526275
3367.526275
3367.526275
3367.526275
3367.526275
3367.526275
3367.526275
3367.526275
3367.526275
3367.526275
3367.526275
3356.428325
3356.428325
3356.428325
3356.428325
3356.428325
3356.428325
3356.428325
3356.428325
3356.428325
3356.428325
3356.428325
3356.428325
3356.428325
3356.428325
3356.428325
3356.428325
3356.428325
3356.428325
3356.428325
3356.428325
3356.428325
3356.428325
3356.428325
3356.428325
3356.428325
3356.428325
3356.428325
3356.428325
3356.428325
3356.428325
3356.428325
3356.428325
3356.428325
3356.428325
3356.428325
3356.428325
3356.428325
3356.428325
3356.428325
3356.428325
3356.428325
3356.428325
3356.428325
3356.428325
3356.428325
3356.428325
3356.428325
3356.428325
3356.428325
3356.428325
3356.428325
3356.428325
3356.428325
3356.428325
3356.428325
3356.428325
3356.428325
3356.428325
3356.428325
3356.428325
3356.428325
3356.428325
3356.428325
3356.428325
3356.428325
3341.349381
3341.349381
3341.349381
3341.349381
3341.349381
3341.349381
3341.349381
3341.349381
3341.349381
3341.349381
3341.349381
3341.349381
3341.349381
3341.349381
3341.349381
3341.349381
3341.349381
3341.349381
3341.349381
3341.349381
3341.349381
3341.349381
3341.349381
3341.349381
3341.349381
3341.349381
3341.349381
3341.349381
3341.349381
3341.349381
3341.349381
3341.349381
3341.349381
3341.349381
3341.349381
3341.349381
3341.349381
3341.349381
3341.349381
3341.349381
3341.349381
3341.349381
3341.349381
3329.107871
3329.107871
3329.107871
3329.107871
3329.107871
3329.107871
3329.107871
3329.107871
3329.107871
3329.107871
3329.107871
3329.107871
3329.107871
3329.107871
3329.107871
3329.107871
3329.107871
3329.107871
3329.107871
3329.107871
3329.107871
3329.107871
3329.107871
3329.107871
3329.107871
3329.107871
3329.107871
3329.107871
3329.107871
3329.107871
3329.107871
3329.107871
3329.107871
3329.107871
3329.107871
3329.107871
3329.107871
3329.107871
3329.107871
3329.107871
3329.107871
3329.107871
3329.107871
3329.107871
3329.107871
3329.107871
3329.107871
3329.107871
3329.107871
3329.107871
3329.107871
3329.107871
3329.107871
3329.107871
3329.107871
3329.107871
3329.107871
3329.107871
3329.107871
3329.107871
3329.107871
3329.107871
3329.107871
3329.107871
3329.107871
3329.107871
3329.107871
3329.107871
3329.107871
3329.107871
3329.107871
3329.107871
3329.107871
3329.107871
3329.107871
3329.107871
3329.107871
3329.107871
3329.107871
3329.107871
3329.107871
3329.107871
3329.107871
3329.107871
3329.107871
3329.107871
3329.107871
3329.107871
3329.107871
3329.107871
3329.107871
3329.107871
3329.107871
3329.107871
3329.107871
3329.107871
3329.107871
3329.107871
3329.107871
3329.107871
3329.107871
3329.107871
3329.107871
3329.107871
3329.107871
3329.107871
3329.107871
3329.107871
3310.738489
3310.738489
3310.738489
3310.738489
3310.738489
3310.738489
3310.738489
3310.738489
3310.738489
3310.738489
3310.738489
3310.738489
3310.738489
3310.738489
3310.738489
3310.738489
3310.738489
3310.738489
3310.738489
3310.738489
3310.738489
3310.738489
3310.738489
3310.738489
3310.738489
3310.738489
3310.738489
3310.738489
3310.738489
3310.738489
3310.738489
3310.738489
3310.738489
3310.738489
3310.738489
3310.738489
3310.738489
3310.738489
3307.256813
3307.256813
3307.256813
3307.256813
3307.256813
3307.256813
3307.256813
3307.256813
3307.256813
3307.256813
3307.256813
3307.256813
3307.256813
3307.256813
3307.256813
3307.256813
3307.256813
3307.256813
3307.256813
3307.256813
3307.256813
3307.256813
3307.256813
3307.256813
3307.256813
3307.256813
3307.256813
3307.256813
3307.256813
3307.256813
3307.256813
3307.256813
3307.256813
3307.256813
3307.256813
3307.256813
3307.256813
3307.256813
3307.256813
3307.256813
3307.256813
3307.256813
3307.256813
3307.256813
3307.256813
3307.256813
3307.256813
3307.256813
3307.256813
3307.256813
3307.256813
3307.256813
3307.256813
3307.256813
3307.256813
3307.256813
3307.256813
3307.256813
3307.256813
3307.256813
3307.256813
3307.256813
3307.256813
3307.256813
3307.256813
3307.256813
3307.256813
3307.256813
3307.256813
3307.256813
3307.256813
3307.256813
3307.256813
3307.256813
3307.256813
3307.256813
3307.256813
3307.256813
3307.256813
3307.256813
3307.256813
3307.256813
3307.256813
3307.256813
3307.256813
3307.256813
3307.256813
3307.256813
3307.256813
3307.256813
3307.256813
3307.256813
3307.256813
3307.256813
3307.256813
3307.256813
3307.256813
3307.256813
3307.256813
3307.256813
3307.256813
3307.256813
3307.256813
3307.256813
3307.256813
3307.256813
3307.256813
3307.256813
3307.256813
3307.256813
3307.256813
3307.256813
3307.256813
3307.256813
3307.256813
3307.256813
3307.256813
3307.256813
3307.256813
3307.256813
3307.256813
3307.256813
3307.256813
3307.256813
3307.256813
3307.256813
3307.256813
3307.256813
3307.256813
3307.256813
3307.256813
3307.256813
3307.256813
3307.256813
3307.256813
3307.256813
3307.256813
3307.256813
3307.256813
3307.256813
3307.256813
3307.256813
3307.256813
3307.256813
3307.256813
3307.256813
3307.256813
3307.256813
3307.256813
3307.256813
3307.256813
3307.256813
3307.256813
3307.256813
3307.256813
3307.256813
3307.256813
3307.256813
3307.256813
3307.256813
3307.256813
3307.256813
3307.256813
3307.256813
3307.256813
3307.256813
3307.256813
3307.256813
3307.256813
3307.256813
3307.256813
3307.256813
3307.256813
3307.256813
3307.256813
3307.256813
3307.256813
3307.256813
3307.256813
3307.256813
3307.256813
3307.256813
3307.256813
3307.256813
3307.256813
3307.256813
3307.256813
3307.256813
3307.256813
3307.256813
3307.256813
3307.256813
3307.256813
3307.256813
3307.256813
3307.256813
3307.256813
3307.256813
3307.256813
3307.256813
3307.256813
3307.256813
3307.256813
3307.256813
3307.256813
3307.256813
3307.256813
3307.256813
3307.256813
3307.256813
3307.256813
3307.256813
3307.256813
3307.256813
3307.256813
3307.256813
3307.256813
3307.256813
3307.256813
3307.256813
3307.256813
3307.256813
3307.256813
3307.256813
3307.256813
3307.256813
3307.256813
3307.256813
3307.256813
3307.256813
3307.256813
3307.256813
3307.256813
3307.256813
3307.256813
3307.256813
3307.256813
3307.256813
3307.256813
3307.256813
3307.256813
3307.256813
3307.256813
3307.256813
3307.256813
3307.256813
3307.256813
3307.256813
3307.256813
3307.256813
3307.256813
3307.256813
3307.256813
3307.256813
3307.256813
3307.256813
3307.256813
3307.256813
3307.256813
3307.256813
3307.256813
3307.256813
3307.256813
3307.256813
3307.256813
3307.256813
3307.256813
3307.256813
3307.256813
3307.256813
3307.256813
3307.256813
3307.256813
3307.256813
3307.256813
3307.256813
3307.256813
3307.256813
3307.256813
3307.256813
3307.256813
3307.256813
3307.256813
3307.256813
3307.256813
3307.256813
3307.256813
3307.256813
3307.256813
3307.256813
3307.256813
3307.256813
3307.256813
3307.256813
3307.256813
3307.256813
3307.256813
3307.256813
3307.256813
3307.256813
3307.256813
3307.256813
3307.256813
3307.256813
3307.256813
3307.256813
3307.256813
3307.256813
3307.256813
3307.256813
3307.256813
3307.256813
3307.256813
3307.256813
3307.256813
3307.256813
3307.256813
3307.256813
3307.256813
3307.256813
3307.256813
3307.256813
3307.256813
3307.256813
3307.256813
3307.256813
3307.256813
3307.256813
3307.256813
3307.256813
3307.256813
3307.256813
3307.256813
3307.256813
3307.256813
3307.256813
3307.256813
3307.256813
3307.256813
3307.256813
3307.256813
3307.256813
3307.256813
3307.256813
3307.256813
3307.256813
3307.256813
3307.256813
3307.256813
3307.256813
3307.256813
3307.256813
3307.256813
3307.256813
3307.256813
3307.256813
3307.256813
3307.256813
3307.256813
3307.256813
3307.256813
3307.256813
3307.256813
3307.256813
3307.256813
3307.256813
3307.256813
3307.256813
3307.256813
3307.256813
3307.256813
3307.256813
3307.256813
3307.256813
3304.625836
3304.625836
3304.625836
3304.625836
3304.625836
3304.625836
3304.625836
3304.625836
3304.625836
3304.625836
3304.625836
3304.625836
3304.625836
3304.625836
3304.625836
3304.625836
3304.625836
3304.625836
3304.625836
3304.625836
3304.625836
3304.625836
3304.625836
3304.625836
3304.625836
3304.625836
3304.625836
3304.625836
3304.625836
3304.625836
3304.625836
3304.625836
3304.625836
3304.625836
3304.625836
3304.625836
3304.625836
3304.625836
3304.625836
3304.625836
3304.625836
3304.625836
3304.625836
3304.625836
3304.625836
3304.625836
3304.625836
3304.625836
3304.625836
3304.625836
3302.490220
3302.490220
3302.490220
3302.490220
3302.490220
3302.490220
3302.490220
3302.490220
3302.490220
3302.490220
3302.490220
3302.490220
3302.490220
3302.490220
3302.490220
3302.490220
3302.490220
3302.490220
3302.490220
3296.196034
3296.196034
3296.196034
3296.196034
3296.196034
3296.196034
3296.196034
3296.196034
3296.196034
3296.196034
3296.196034
3296.196034
3296.196034
3296.196034
3296.196034
3296.196034
3296.196034
3296.196034
3296.196034
3296.196034
3296.196034
3296.196034
3296.196034
3296.196034
3296.196034
3296.196034
3296.196034
3296.196034
3296.196034
3296.196034
3296.196034
3296.196034
3296.196034
3296.196034
3296.196034
3296.196034
3296.196034
3296.196034
3296.196034
3296.196034
3296.196034
3296.196034
3296.196034
3296.196034
3296.196034
3296.196034
3296.196034
3296.196034
3296.196034
3296.196034
3296.196034
3296.196034
3296.196034
3296.196034
3296.196034
3296.196034
3296.196034
3296.196034
3296.196034
3296.196034
3296.196034
3296.196034
3296.196034
3296.196034
3296.196034
3296.196034
3296.196034
3296.196034
3296.196034
3296.196034
3296.196034
3296.196034
3296.196034
3296.196034
3296.196034
3296.196034
3296.196034
3296.196034
3296.196034
3296.196034
3296.196034
3296.196034
3296.196034
3296.196034
3296.196034
3296.196034
3296.196034
3296.196034
3296.196034
3296.196034
3296.196034
3296.196034
3296.196034
3296.196034
3296.196034
3296.196034
3296.196034
3296.196034
3296.196034
3296.196034
3296.196034
3296.196034
3296.196034
3296.196034
3296.196034
3296.196034
3296.196034
3296.196034
3296.196034
3296.196034
3296.196034
3296.196034
3296.196034
3296.196034
3296.196034
3296.196034
3296.196034
3296.196034
3296.196034
3296.196034
3296.196034
3296.196034
3296.196034
3296.196034
3296.196034
3296.196034
3296.196034
3296.196034
3296.196034
3296.196034
3296.196034
3296.196034
3296.196034
3296.196034
3296.196034
3296.196034
3296.196034
3296.196034
3296.196034
3296.196034
3296.196034
3296.196034
3296.196034
3296.196034
3296.196034
3296.196034
3296.196034
3296.196034
3296.196034
3296.196034
3288.636223
3288.636223
3288.636223
3288.636223
3288.636223
3288.636223
3288.636223
3288.636223
3288.636223
3288.636223
3288.636223
3288.636223
3288.636223
3288.636223
3288.636223
3288.636223
3288.636223
3288.636223
3288.636223
3288.636223
3288.636223
3288.636223
3288.636223
3288.636223
3288.636223
3288.636223
3288.636223
3288.636223
3288.636223
3288.636223
3288.636223
3288.636223
3288.636223
3288.636223
3288.636223
3288.636223
3288.636223
3288.636223
3288.636223
3288.636223
3288.636223
3288.636223
3288.636223
3288.636223
3288.636223
3288.636223
3288.636223
3288.636223
3288.636223
3288.636223
3288.636223
3288.636223
3288.636223
3288.636223
3288.636223
3288.636223
3288.636223
3288.636223
3288.636223
3288.636223
3288.636223
3279.897388
3279.897388
3279.897388
3279.897388
3279.897388
3279.897388
3279.897388
3279.897388
3279.897388
3279.897388
3279.897388
3279.897388
3279.897388
3279.897388
3279.897388
3279.897388
3279.897388
3279.897388
3279.897388
3279.897388
3279.897388
3279.897388
3279.897388
3279.897388
3279.897388
3279.897388
3279.897388
3279.897388
3279.897388
3279.897388
3279.897388
3279.897388
3279.897388
3279.897388
3279.897388
3279.897388
3279.897388
3279.897388
3279.897388
3279.897388
3279.897388
3279.897388
3279.897388
3279.897388
3279.897388
3279.897388
3279.897388
3279.897388
3279.897388
3279.897388
3279.897388
3279.897388
3279.897388
3279.897388
3279.897388
3279.897388
3279.897388
3279.897388
3279.897388
3279.897388
3279.897388
3279.897388
3279.897388
3279.897388
3279.897388
3279.897388
3279.897388
3279.897388
3279.897388
3279.897388
3279.897388
3279.897388
3279.897388
3279.897388
3279.897388
3279.897388
3279.897388
3279.897388
3279.897388
3279.897388
3279.897388
3279.897388
3279.897388
3279.897388
3279.897388
3279.897388
3279.897388
3279.897388
3279.897388
3279.897388
3279.897388
3279.897388
3279.897388
3279.897388
3279.897388
3279.897388
3279.897388
3279.897388
3279.897388
3279.897388
3279.897388
3279.897388
3279.897388
3279.897388
3279.897388
3279.897388
3279.897388
3279.897388
3279.897388
3279.897388
3279.897388
3279.897388
3279.897388
3279.897388
3279.897388
3279.897388
3279.897388
3279.897388
3279.897388
3279.897388
3279.897388
3279.897388
3279.897388
3279.897388
3279.897388
3279.897388
3279.897388
3279.897388
3279.897388
3279.897388
3279.897388
3279.897388
3279.897388
3279.897388
3279.897388
3279.897388
3279.897388
3279.897388
3279.897388
3279.897388
3279.897388
3279.897388
3279.897388
3279.897388
3279.897388
3279.897388
3279.897388
3279.897388
3279.897388
3279.897388
3279.897388
3279.897388
3279.897388
3279.897388
3279.897388
3276.464054
3276.464054
3276.464054
3276.464054
3276.464054
3276.464054
3276.464054
3276.464054
3276.464054
3276.464054
3275.442232
3275.442232
3275.442232
3275.442232
3275.442232
3275.442232
3275.442232
3275.442232
3275.442232
3275.442232
3275.442232
3275.442232
3275.442232
3275.442232
3275.442232
3275.442232
3275.442232
3275.442232
3275.442232
3275.442232
3275.442232
3275.442232
3275.442232
3275.442232
3275.442232
3275.442232
3275.442232
3275.442232
3275.442232
3275.442232
3275.442232
3275.442232
3275.442232
3264.696421
3264.696421
3264.696421
3264.696421
3264.696421
3264.696421
3264.696421
3264.696421
3264.696421
3264.696421
3264.696421
3264.696421
3264.696421
3264.696421
3264.696421
3264.696421
3264.696421
3264.696421
3264.696421
3264.696421
3264.696421
3264.696421
3264.696421
3264.696421
3264.696421
3264.696421
3264.696421
3264.696421
3264.696421
3264.696421
3264.696421
3264.696421
3264.696421
3264.696421
3264.696421
3264.696421
3264.696421
3264.696421
3264.696421
3264.696421
3264.696421
3264.696421
3264.696421
3264.696421
3264.696421
3264.696421
3264.696421
3264.696421
3264.696421
3264.696421
3264.696421
3264.696421
3264.696421
3264.696421
3264.696421
3264.696421
3264.696421
3264.696421
3264.696421
3264.696421
3264.696421
3264.696421
3264.696421
3264.696421
3264.696421
3264.696421
3264.696421
3264.696421
3264.696421
3264.696421
3264.696421
3264.696421
3264.696421
3264.696421
3264.696421
3264.696421
3264.696421
3264.696421
3264.696421
3264.696421
3264.696421
3264.696421
3264.696421
3264.696421
3264.696421
3264.696421
3264.696421
3264.696421
3264.696421
3264.696421
3264.696421
3264.696421
3264.696421
3264.696421
3264.696421
3264.696421
3264.696421
3264.696421
3264.696421
3264.696421
3264.696421
3264.696421
3264.696421
3264.696421
3264.696421
3264.696421
3264.696421
3264.696421
3264.696421
3264.696421
3264.696421
3264.696421
3264.696421
3264.696421
3264.696421
3264.696421
3264.696421
3264.696421
3264.696421
3264.696421
3264.696421
3264.696421
3264.696421
3264.696421
3264.696421
3264.696421
3264.696421
3264.696421
3264.696421
3264.696421
3264.696421
3264.696421
3264.696421
3264.696421
3264.696421
3264.696421
3264.696421
3264.696421
3264.696421
3264.696421
3264.696421
3264.696421
3264.696421
3264.696421
3264.696421
3264.696421
3264.696421
3264.696421
3264.696421
3264.696421
3264.696421
3264.696421
3264.696421
3264.696421
3264.696421
3264.696421
3264.696421
3264.696421
3264.696421
3264.696421
3264.696421
3264.696421
3264.696421
3264.696421
3264.696421
3264.696421
3264.696421
3264.696421
3264.696421
3264.696421
3264.160482
3264.160482
3264.160482
3264.160482
3264.160482
3264.160482
3264.160482
3264.160482
3264.160482
3264.160482
3256.928418
3256.928418
3256.928418
3256.928418
3256.928418
3256.928418
3256.928418
3256.928418
3256.928418
3256.928418
3256.928418
3253.424094
3253.424094
3253.424094
3253.424094
3253.424094
3253.424094
3253.424094
3253.424094
3253.424094
3253.424094
3253.424094
3253.424094
3253.424094
3253.424094
3253.424094
3253.424094
3253.424094
3253.424094
3253.424094
3253.424094
3253.424094
3253.424094
3253.424094
3253.424094
3253.424094
3253.424094
3253.424094
3250.919529
3250.919529
3250.919529
3250.919529
3250.919529
3250.919529
3250.919529
3250.919529
3250.919529
3250.919529
3250.919529
3245.814334
3245.814334
3245.814334
3245.814334
3245.814334
3245.814334
3245.814334
3245.814334
3245.814334
3245.814334
3245.814334
3245.814334
3243.144279
3243.144279
3243.144279
3243.144279
3243.144279
3243.144279
3243.144279
3243.144279
3243.144279
3243.144279
3241.240485
3241.240485
3241.240485
3241.240485
3241.240485
3241.240485
3241.240485
3241.240485
3241.240485
3241.240485
3241.240485
3241.240485
3241.240485
3241.240485
3241.240485
3241.186267
3241.186267
3241.186267
3241.186267
3241.186267
3241.186267
3241.186267
3241.186267
3241.186267
3241.186267
3241.186267
3241.186267
3241.186267
3241.186267
3241.186267
3241.186267
3241.186267
3241.186267
3241.186267
3241.186267
3241.186267
3241.186267
3241.186267
3241.186267
3241.186267
3241.186267
3241.186267
3241.186267
3241.186267
3241.186267
3241.186267
3241.186267
3241.186267
3241.186267
3241.186267
3230.642400
3230.642400
3230.642400
3230.642400
3230.642400
3230.642400
3230.642400
3230.642400
3230.642400
3230.642400
3230.642400
3230.642400
3230.642400
3230.642400
3230.642400
3230.642400
3230.642400
3230.642400
3230.642400
3230.642400
3230.642400
3230.642400
3230.642400
3230.642400
3230.642400
3230.642400
3230.642400
3230.642400
3230.642400
3230.642400
3230.642400
3230.642400
3230.642400
3230.642400
3230.642400
3230.642400
3230.642400
3230.642400
3230.642400
3230.642400
3230.642400
3230.642400
3230.642400
3230.642400
3230.642400
3230.642400
3230.642400
3230.642400
3230.642400
3230.642400
3230.642400
3230.642400
3230.642400
3230.642400
3230.642400
3230.642400
3230.642400
3230.642400
3230.642400
3230.642400
3228.821835
3228.821835
3228.821835
3228.821835
3228.821835
3228.821835
3228.821835
3228.821835
3228.821835
3228.821835
3228.821835
3228.821835
3228.821835
3228.821835
3228.821835
3228.821835
3228.821835
3228.821835
3228.821835
3228.821835
3228.821835
3228.821835
3228.821835
3228.821835
3228.821835
3228.821835
3228.821835
3228.821835
3228.821835
3228.821835
3228.821835
3228.821835
3228.821835
3228.821835
3228.821835
3228.821835
3227.456451
3227.456451
3227.456451
3227.456451
3227.456451
3227.456451
3227.456451
3227.456451
3227.456451
3227.456451
3227.456451
3227.456451
3227.456451
3227.456451
3227.456451
3227.456451
3227.456451
3227.456451
3227.456451
3227.456451
3227.456451
3227.456451
3227.456451
3227.456451
3227.456451
3227.456451
3227.456451
3227.456451
3227.456451
3227.456451
3227.456451
3227.456451
3227.456451
3227.456451
3227.456451
3227.456451
3227.456451
3227.456451
3227.456451
3227.456451
3227.456451
3227.456451
3227.456451
3227.456451
3227.456451
3227.456451
3227.456451
3227.456451
3227.456451
3227.456451
3227.456451
3227.456451
3227.456451
3227.456451
3227.456451
3227.456451
3227.456451
3227.456451
3227.456451
3227.456451
3227.456451
3227.456451
3227.456451
3226.308295
3226.308295
3226.308295
3226.308295
3226.308295
3226.308295
3226.308295
3226.308295
3226.308295
3226.308295
3226.308295
3226.308295
3226.308295
3221.953293
3221.953293
3221.953293
3221.953293
3221.953293
3221.953293
3221.953293
3221.953293
3221.953293
3221.953293
3221.953293
3221.953293
3221.953293
3221.953293
3221.953293
3218.687143
3218.687143
3218.687143
3218.687143
3218.687143
3218.687143
3218.687143
3218.687143
3218.687143
3218.687143
3218.687143
3218.687143
3218.687143
3218.687143
3218.687143
3215.166053
3215.166053
3215.166053
3215.166053
3214.529404
3214.529404
3214.529404
3214.529404
3214.529404
3214.529404
3214.529404
3214.529404
3214.529404
3214.529404
3214.529404
3214.529404
3214.529404
3214.529404
3214.529404
3214.529404
3209.515814
3202.696305
3202.696305
3202.696305
3202.696305
3202.696305
3202.696305
3202.696305
3202.696305
3202.696305
3202.696305
3202.696305
3202.696305
3202.696305
3202.696305
3202.696305
3202.696305
3202.696305
3202.696305
3202.696305
3202.696305
3202.696305
3202.696305
3202.696305
3202.696305
3202.696305
3202.696305
3202.696305
3202.696305
3202.696305
3202.696305
3202.696305
3202.696305
3202.696305
3202.696305
3202.696305
3202.696305
3202.696305
3202.696305
3202.696305
3202.696305
3202.696305
3202.696305
3202.696305
3202.696305
3202.696305
3202.696305
3202.696305
3202.696305
3202.696305
3202.696305
3202.696305
3202.696305
3202.696305
3202.696305
3202.696305
3202.696305
3202.696305
3202.696305
3202.696305
3202.696305
3202.696305
3202.696305
3202.097993
3202.097993
3202.097993
3202.097993
3202.097993
3202.097993
3202.097993
3202.097993
3202.097993
3202.097993
3202.097993
3202.097993
3202.097993
3202.097993
3202.097993
3202.097993
3202.097993
3202.097993
3202.097993
3202.097993
3202.097993
3202.097993
3202.097993
3202.097993
3202.097993
3202.097993
3202.097993
3202.097993
3202.097993
3202.097993
3202.097993
3202.097993
3202.097993
3202.097993
3202.097993
3202.097993
3202.097993
3202.097993
3202.097993
3202.097993
3202.097993
3202.097993
3202.097993
3202.097993
3202.097993
3202.097993
3202.097993
3202.097993
3202.097993
3202.097993
3202.097993
3202.097993
3202.097993
3202.097993
3202.097993
3202.097993
3202.097993
3202.097993
3202.097993
3202.097993
3202.097993
3202.097993
3202.097993
3202.097993
3202.097993
3202.097993
3202.097993
3202.097993
3202.097993
3202.097993
3202.097993
3202.097993
3202.097993
3202.097993
3202.097993
3202.097993
3202.097993
3202.097993
3202.097993
3202.097993
3202.097993
3202.097993
3202.097993
3202.097993
3202.097993
3202.097993
3202.097993
3202.097993
3202.097993
3202.097993
3202.097993
3202.097993
3202.097993
3202.097993
3202.097993
3202.097993
3202.097993
3202.097993
3202.097993
3202.097993
3202.097993
3202.097993
3202.097993
3202.097993
3202.097993
3202.097993
3202.097993
3202.097993
3202.097993
3202.097993
3202.097993
3202.097993
3202.097993
3202.097993
3202.097993
3202.097993
3202.097993
3202.097993
3202.097993
3202.097993
3202.097993
3202.097993
3202.097993
3202.097993
3202.097993
3202.097993
3202.097993
3202.097993
3202.097993
3202.097993
3202.097993
3202.097993
3202.097993
3202.097993
3202.097993
3202.097993
3202.097993
3202.097993
3202.097993
3202.097993
3202.097993
3202.097993
3202.097993
3202.097993
3202.097993
3202.097993
3202.097993
3202.097993
3202.097993
3202.097993
3202.097993
3202.097993
3202.097993
3202.097993
3202.097993
3202.097993
3202.097993
3201.461623
3201.461623
3201.461623
3201.461623
3201.461623
3201.461623
3201.461623
3201.461623
3201.461623
3201.461623
3201.461623
3201.461623
3201.461623
3201.461623
3201.461623
3201.461623
3201.461623
3201.461623
3201.461623
3201.461623
3201.461623
3201.461623
3201.461623
3201.461623
3201.461623
3201.461623
3201.461623
3201.461623
3201.461623
3201.461623
3201.461623
3201.461623
3201.461623
3201.461623
3201.461623
3201.461623
3201.461623
3201.461623
3201.461623
3199.788733
3199.788733
3199.788733
3199.788733
3199.788733
3199.788733
3199.788733
3199.788733
3199.788733
3199.788733
3199.788733
3199.788733
3199.788733
3199.788733
3199.788733
3199.788733
3199.788733
3199.788733
3199.788733
3199.788733
3199.788733
3199.788733
3199.788733
3199.788733
3199.788733
3199.788733
3199.788733
3199.788733
3199.788733
3199.788733
3199.788733
3199.788733
3199.788733
3199.788733
3199.788733
3199.788733
3199.788733
3199.788733
3199.788733
3199.788733
3199.788733
3199.788733
3199.788733
3199.788733
3199.788733
3199.788733
3199.788733
3199.788733
3199.788733
3199.788733
3199.788733
3199.788733
3199.788733
3199.788733
3199.788733
3199.788733
3199.788733
3199.788733
3199.788733
3199.788733
3199.788733
3199.788733
3199.788733
3199.788733
3199.788733
3199.788733
3199.788733
3199.788733
3199.788733
3199.788733
3199.788733
3199.788733
3199.788733
3199.788733
3199.788733
3199.788733
3199.788733
3199.788733
3199.788733
3199.788733
3199.788733
3199.788733
3199.788733
3199.788733
3199.788733
3199.788733
3199.788733
3199.788733
3199.788733
3199.788733
3199.788733
3199.788733
3199.788733
3199.788733
3199.788733
3199.788733
3199.788733
3199.788733
3199.788733
3199.788733
3199.788733
3199.788733
3199.788733
3199.788733
3199.788733
3199.788733
3199.788733
3199.788733
3199.788733
3199.788733
3199.788733
3199.788733
3199.788733
3199.788733
3199.788733
3199.788733
3199.788733
3199.788733
3199.788733
3199.788733
3199.788733
3199.788733
3199.788733
3199.788733
3199.788733
3199.788733
3199.788733
3199.788733
3199.788733
3199.788733
3199.788733
3199.788733
3199.788733
3199.788733
3199.788733
3199.788733
3199.788733
3199.788733
3193.669742
3193.669742
3193.669742
3193.669742
3193.669742
3193.669742
3193.669742
3193.669742
3193.669742
3193.669742
3193.669742
3193.669742
3193.669742
3193.669742
3193.669742
3193.669742
3193.669742
3193.669742
3193.669742
3193.669742
3193.669742
3193.669742
3193.669742
3193.669742
3193.669742
3193.669742
3193.669742
3193.669742
3193.669742
3193.669742
3193.669742
3193.669742
3193.669742
3193.669742
3193.669742
3193.669742
3193.669742
3193.669742
3193.669742
3193.669742
3193.669742
3193.669742
3187.174427
3187.174427
3187.174427
3187.174427
3187.174427
3187.174427
3187.174427
3187.174427
3187.174427
3187.174427
3187.174427
3187.174427
3187.174427
3187.174427
3187.174427
3187.174427
3187.174427
3187.174427
3187.174427
3187.174427
3187.174427
3187.174427
3187.174427
3187.174427
3187.174427
3187.174427
3187.174427
3187.174427
3187.174427
3187.174427
3187.174427
3187.174427
3187.174427
3187.174427
3187.174427
3187.174427
3187.174427
3187.174427
3187.174427
3187.174427
3187.174427
3178.619547
3178.619547
3178.619547
3178.619547
3178.619547
3178.619547
3178.619547
3178.619547
3178.619547
3178.619547
3178.619547
3178.619547
3178.619547
3178.619547
3178.619547
3178.619547
3178.619547
3178.619547
3178.619547
3178.619547
3178.619547
3178.619547
3178.619547
3178.619547
3178.619547
3178.619547
3178.619547
3178.619547
3178.619547
3178.619547
3178.619547
3178.619547
3178.619547
3178.619547
3178.619547
3178.619547
3178.619547
3178.619547
3178.619547
3178.619547
3174.416853
3174.416853
3174.416853
3174.416853
3174.416853
3174.416853
3174.416853
3174.416853
3174.416853
3174.416853
3174.416853
3174.416853
3174.416853
3174.416853
3174.416853
3174.416853
3174.416853
3174.416853
3174.416853
3174.416853
3174.416853
3174.416853
3174.416853
3174.416853
3174.416853
3174.416853
3174.416853
3174.416853
3174.416853
3174.416853
3174.416853
3174.416853
3174.416853
3174.416853
3174.416853
3174.416853
3174.416853
3174.416853
3174.416853
3174.416853
3174.416853
3174.416853
3174.416853
3174.416853
3174.416853
3174.416853
3174.416853
3174.416853
3174.416853
3174.416853
3174.416853
3174.416853
3174.416853
3174.416853
3174.416853
3174.416853
3174.416853
3174.416853
3174.416853
3174.416853
3174.416853
3174.416853
3174.416853
3174.416853
3174.416853
3174.416853
3174.416853
3174.416853
3174.416853
3174.416853
3174.416853
3174.416853
3174.416853
3174.416853
3174.416853
3174.416853
3174.416853
3174.416853
3174.416853
3174.416853
3174.416853
3174.416853
3174.416853
3174.416853
3174.416853
3174.416853
3174.416853
3174.416853
3174.416853
3174.416853
3174.416853
3174.416853
3174.416853
3174.416853
3174.416853
3174.416853
3174.416853
3174.416853
3174.416853
3174.416853
3174.416853
3174.416853
3174.416853
3174.416853
3174.416853
3174.416853
3174.416853
3174.416853
3174.416853
3174.416853
3174.416853
3174.416853
3172.467572
3167.108208
3167.108208
3167.108208
3167.108208
3167.108208
3167.108208
3167.108208
3167.108208
3167.108208
3167.108208
3167.108208
3167.108208
3167.108208
3167.108208
3167.108208
3167.108208
3167.108208
3167.108208
3167.108208
3167.108208
3167.108208
3167.108208
3167.108208
3167.108208
3167.108208
3167.108208
3167.108208
3167.108208
3167.108208
3167.108208
3167.108208
3167.108208
3167.108208
3167.108208
3167.108208
3167.108208
3167.108208
3167.108208
3167.108208
3167.108208
3167.108208
3167.108208
3167.108208
3167.108208
3167.108208
3167.108208
3167.108208
3167.108208
3167.108208
3167.108208
3167.108208
3167.108208
3167.108208
3167.108208
3167.108208
3167.108208
3167.108208
3167.108208
3167.108208
3167.108208
3167.108208
3167.108208
3167.108208
3163.806454
3163.806454
3163.806454
3163.806454
3163.806454
3163.806454
3163.806454
3163.806454
3163.806454
3163.806454
3163.806454
3163.806454
3163.806454
3163.806454
3163.806454
3163.806454
3163.806454
3163.806454
3163.806454
3163.806454
3163.806454
3163.806454
3163.806454
3163.806454
3163.806454
3163.806454
3163.806454
3163.806454
3163.806454
3163.806454
3163.806454
3163.806454
3163.806454
3163.806454
3163.806454
3163.806454
3163.806454
3163.806454
3163.806454
3163.806454
3163.806454
3163.806454
3163.806454
3163.806454
3163.806454
3163.806454
3163.806454
3163.806454
3163.806454
3163.806454
3163.806454
3163.806454
3163.806454
3163.806454
3163.806454
3163.806454
3163.806454
3162.633801
3162.633801
3162.633801
3162.633801
3162.633801
3162.633801
3162.633801
3162.633801
3162.633801
3162.633801
3162.633801
3162.633801
3162.633801
3162.633801
3162.633801
3162.633801
3162.633801
3162.633801
3162.633801
3162.633801
3162.633801
3161.312915
3161.312915
3161.312915
3161.312915
3161.312915
3161.312915
3161.312915
3161.312915
3161.312915
3161.312915
3161.312915
3161.312915
3161.312915
3161.312915
3161.312915
3161.312915
3161.312915
3161.312915
3161.312915
3161.312915
3161.312915
3161.312915
3161.312915
3161.312915
3161.312915
3161.312915
3161.312915
3161.312915
3161.312915
3161.312915
3161.312915
3161.312915
3161.312915
3156.673887
3156.673887
3156.673887
3156.673887
3156.673887
3156.673887
3156.673887
3156.673887
3156.673887
3156.673887
3156.673887
3156.673887
3156.673887
3156.673887
3156.673887
3156.673887
3156.673887
3156.673887
3156.673887
3156.673887
3156.673887
3156.673887
3156.673887
3156.673887
3156.673887
3156.673887
3156.673887
3156.673887
3156.673887
3156.673887
3156.673887
3156.673887
3156.673887
3156.673887
3156.673887
3156.673887
3156.673887
3156.673887
3156.673887
3156.673887
3156.673887
3156.673887
3156.673887
3156.673887
3156.673887
3156.673887
3156.673887
3156.673887
3156.673887
3156.673887
3156.673887
3156.673887
3156.673887
3156.673887
3156.673887
3156.673887
3156.673887
3156.673887
3156.673887
3156.673887
3156.673887
3156.673887
3156.673887
3156.673887
3156.673887
3156.673887
3156.673887
3156.673887
3156.673887
3156.673887
3156.673887
3156.673887
3156.673887
3156.673887
3156.673887
3156.673887
3156.673887
3156.673887
3156.673887
3156.673887
3156.673887
3156.673887
3156.673887
3156.673887
3156.673887
3156.673887
3156.673887
3156.673887
3156.673887
3156.673887
3156.673887
3156.673887
3156.673887
3156.673887
3156.673887
3156.673887
3156.673887
3156.673887
3156.673887
3156.673887
3156.673887
3156.673887
3156.673887
3156.673887
3156.673887
3156.673887
3156.673887
3156.673887
3156.673887
3156.673887
3156.673887
3156.673887
3156.673887
3156.673887
3156.673887
3156.673887
3156.673887
3156.673887
3156.673887
3156.673887
3156.673887
3156.673887
3156.673887
3156.673887
3156.673887
3156.673887
3156.673887
3156.673887
3156.673887
3156.673887
3156.673887
3156.673887
3156.673887
3156.673887
3156.673887
3156.673887
3156.673887
3156.673887
3156.673887
3156.673887
3156.673887
3156.673887
3156.673887
3156.673887
3156.673887
3156.673887
3156.673887
3156.673887
3156.673887
3156.673887
3156.673887
3156.673887
3156.673887
3156.673887
3156.673887
3156.673887
3156.673887
3156.673887
3156.673887
3156.673887
3156.673887
3156.673887
3153.092530
3153.092530
3153.092530
3153.092530
3153.092530
3153.092530
3153.092530
3153.092530
3153.092530
3153.092530
3153.092530
3153.092530
3153.092530
3153.092530
3153.092530
3153.092530
3153.092530
3153.092530
3153.092530
3153.092530
3153.092530
3153.092530
3153.092530
3153.092530
3153.092530
3153.092530
3153.092530
3153.092530
3153.092530
3153.092530
3153.092530
3153.092530
3153.092530
3153.092530
3153.092530
3153.092530
3153.092530
3153.092530
3153.092530
3153.092530
3153.092530
3153.092530
3153.092530
3153.092530
3153.092530
3153.092530
3153.092530
3153.092530
3153.092530
3153.092530
3153.092530
3153.092530
3153.092530
3153.092530
3153.092530
3153.092530
3153.092530
3153.092530
3153.092530
3153.092530
3153.092530
3153.092530
3153.092530
3153.092530
3153.092530
3153.092530
3153.092530
3153.092530
3153.092530
3153.092530
3153.092530
3153.092530
3153.092530
3153.092530
3153.092530
3153.092530
3152.557413
3152.557413
3152.557413
3152.557413
3152.557413
3152.557413
3152.557413
3152.557413
3152.557413
3152.557413
3152.557413
3152.557413
3152.557413
3152.557413
3152.557413
3152.557413
3152.557413
3152.557413
3152.557413
3152.557413
3152.557413
3152.557413
3152.557413
3152.557413
3152.557413
3152.557413
3152.557413
3152.557413
3152.557413
3152.318856
3152.318856
3152.318856
3152.318856
3152.318856
3152.318856
3152.318856
3152.318856
3152.318856
3152.318856
3152.318856
3152.318856
3152.318856
3152.318856
3152.318856
3152.318856
3152.318856
3152.318856
3152.318856
3152.318856
3152.318856
3152.318856
3152.318856
3152.318856
3152.318856
3152.318856
3152.318856
3152.318856
3152.318856
3152.318856
3152.318856
3152.318856
3152.318856
3152.318856
3152.318856
3152.318856
3152.318856
3152.318856
3146.194535
3146.194535
3146.194535
3146.194535
3146.194535
3146.194535
3146.194535
3146.194535
3146.194535
3146.194535
3146.194535
3146.194535
3146.194535
3146.194535
3146.194535
3146.194535
3146.194535
3146.194535
3146.194535
3146.194535
3146.194535
3146.194535
3146.194535
3146.194535
3146.194535
3146.194535
3146.194535
3146.194535
3146.194535
3146.194535
3146.194535
3146.194535
3146.194535
3146.194535
3146.194535
3146.194535
3146.194535
3146.194535
3146.194535
3146.194535
3146.194535
3146.194535
3146.194535
3146.194535
3146.194535
3146.194535
3146.194535
3146.194535
3146.194535
3146.194535
3146.194535
3146.194535
3146.194535
3146.194535
3146.194535
3146.194535
3146.194535
3146.194535
3146.194535
3146.194535
3146.194535
3146.194535
3146.194535
3146.194535
3146.194535
3146.194535
3146.194535
3146.194535
3146.194535
3146.194535
3146.194535
3146.194535
3146.194535
3146.194535
3146.194535
3146.194535
3146.194535
3146.194535
3146.194535
3146.194535
3146.194535
3146.194535
3146.194535
3146.194535
3146.194535
3146.194535
3146.194535
3146.194535
3146.194535
3146.194535
3146.194535
3146.194535
3146.194535
3146.194535
3146.194535
3146.194535
3146.194535
3146.194535
3146.194535
3146.194535
3143.174985
3143.174985
3143.174985
3143.174985
3143.174985
3143.174985
3143.174985
3143.174985
3143.174985
3143.174985
3143.174985
3143.174985
3143.174985
3143.174985
3143.174985
3143.174985
3143.174985
3143.174985
3143.174985
3143.174985
3143.174985
3143.174985
3143.174985
3143.174985
3143.174985
3143.174985
3143.174985
3143.174985
3143.174985
3143.174985
3143.174985
3143.174985
3143.174985
3143.174985
3143.174985
3143.174985
3143.174985
3143.174985
3143.174985
3143.174985
3143.174985
3143.174985
3143.174985
3143.174985
3143.174985
3143.174985
3143.174985
3143.174985
3143.174985
3143.174985
3143.174985
3143.174985
3143.174985
3143.174985
3143.174985
3143.174985
3143.174985
3143.174985
3143.174985
3143.174985
3143.174985
3140.318116
3140.318116
3140.318116
3140.318116
3140.318116
3140.318116
3140.318116
3140.318116
3140.318116
3140.318116
3140.318116
3140.318116
3140.318116
3140.318116
3140.318116
3140.318116
3140.318116
3140.318116
3140.318116
3140.318116
3140.318116
3140.318116
3140.318116
3140.318116
3140.318116
3140.318116
3140.318116
3140.318116
3140.318116
3140.318116
3140.318116
3140.318116
3140.318116
3140.318116
3140.318116
3140.318116
3140.318116
3137.622070
3137.622070
3137.622070
3137.622070
3137.622070
3137.622070
3137.622070
3137.622070
3137.622070
3137.622070
3137.622070
3137.622070
3137.622070
3137.622070
3136.396926
3136.396926
3136.396926
3136.396926
3136.396926
3136.396926
3136.396926
3136.396926
3136.396926
3136.396926
3136.396926
3136.396926
3133.802342
3133.802342
3133.802342
3133.802342
3133.802342
3133.802342
3133.802342
3133.802342
3133.802342
3133.802342
3133.802342
3133.802342
3133.802342
3132.188855
3132.188855
3132.188855
3132.188855
3132.188855
3132.188855
3132.188855
3132.188855
3132.188855
3132.188855
3132.188855
3132.188855
3132.188855
3132.188855
3132.188855
3132.188855
3132.188855
3132.188855
3132.188855
3132.188855
3132.188855
3132.188855
3132.188855
3132.188855
3132.188855
3132.188855
3132.188855
3132.188855
3132.188855
3132.188855
3132.188855
3132.188855
3132.188855
3132.188855
3132.188855
3132.188855
3132.188855
3132.188855
3132.188855
3132.188855
3132.188855
3132.188855
3132.188855
3132.188855
3132.188855
3132.188855
3132.188855
3132.188855
3132.188855
3132.188855
3132.188855
3132.188855
3132.188855
3132.188855
3132.188855
3132.188855
3132.188855
3132.188855
3132.188855
3132.188855
3132.188855
3132.188855
3132.188855
3132.188855
3132.188855
3132.188855
3132.188855
3132.188855
3132.188855
3132.188855
3132.188855
3132.188855
3132.188855
3132.188855
3132.188855
3132.188855
3129.726678
3129.726678
3129.726678
3129.726678
3129.726678
3129.726678
3129.726678
3129.726678
3129.726678
3129.726678
3129.726678
3129.726678
3129.726678
3129.726678
3129.726678
3129.726678
3129.726678
3129.726678
3129.726678
3129.726678
3129.726678
3129.726678
3129.726678
3129.726678
3129.726678
3129.726678
3129.726678
3129.726678
3129.726678
3129.726678
3129.726678
3126.274548
3126.274548
3126.274548
3126.274548
3126.274548
3126.274548
3126.274548
3126.274548
3126.274548
3126.274548
3126.274548
3126.274548
3126.274548
3126.274548
3126.274548
3126.274548
3126.274548
3126.274548
3126.274548
3126.274548
3126.274548
3126.274548
3126.274548
3126.274548
3126.274548
3126.274548
3126.274548
3126.274548
3126.274548
3126.274548
3126.274548
3126.274548
3126.274548
3126.274548
3126.274548
3126.274548
3126.274548
3126.274548
3126.274548
3126.274548
3126.274548
3126.274548
3126.274548
3126.274548
3126.274548
3126.274548
3126.274548
3126.274548
3126.274548
3126.274548
3126.274548
3126.274548
3126.274548
3126.274548
3123.503405
3123.503405
3123.503405
3123.503405
3123.503405
3123.503405
3123.503405
3123.503405
3117.064342
3117.064342
3117.064342
3117.064342
3117.064342
3117.064342
3117.064342
3117.064342
3117.064342
3117.064342
3117.064342
3117.064342
3117.064342
3117.064342
3117.064342
3117.064342
3117.064342
3117.064342
3117.064342
3117.064342
3117.064342
3117.064342
3117.064342
3117.064342
3117.064342
3117.064342
3117.064342
3117.064342
3117.064342
3117.064342
3117.064342
3117.064342
3117.064342
3117.064342
3117.064342
3117.064342
3117.064342
3117.064342
3117.064342
3117.064342
3117.064342
3117.064342
3117.064342
3117.064342
3117.064342
3117.064342
3117.064342
3117.064342
3117.064342
3117.064342
3117.064342
3117.064342
3117.064342
3117.064342
3117.064342
3117.064342
3117.064342
3117.064342
3117.064342
3117.064342
3117.064342
3117.064342
3117.064342
3117.064342
3117.064342
3117.064342
3117.064342
3117.064342
3117.064342
3117.064342
3117.064342
3117.064342
3117.064342
3117.064342
3117.064342
3117.064342
3117.064342
3117.064342
3117.064342
3117.064342
3117.064342
3117.064342
3117.064342
3117.064342
3117.064342
3117.064342
3116.170261
3116.170261
3116.170261
3116.170261
3114.731445
3114.731445
3114.731445
3114.731445
3114.731445
3114.731445
3114.731445
3114.399671
3114.399671
3114.399671
3114.399671
3114.399671
3114.399671
3114.399671
3114.399671
3114.399671
3114.399671
3114.399671
3114.399671
3114.399671
3114.399671
3114.399671
3114.399671
3114.073577
3114.073577
3114.073577
3114.073577
3114.073577
3114.073577
3114.073577
3114.073577
3114.073577
3114.073577
3114.073577
3114.073577
3114.073577
3114.073577
3114.073577
3114.073577
3114.073577
3114.073577
3114.073577
3114.073577
3114.073577
3114.073577
3114.073577
3114.073577
3114.073577
3114.073577
3114.073577
3114.073577
3114.073577
3114.073577
3114.073577
3114.073577
3114.073577
3114.073577
3113.439523
3113.439523
3113.439523
3113.439523
3113.439523
3113.439523
3113.439523
3113.439523
3113.439523
3113.439523
3112.887396
3112.887396
3112.887396
3112.887396
3112.887396
3112.887396
3112.887396
3112.887396
3101.463260
3101.463260
3101.463260
3101.463260
3101.463260
3101.463260
3101.463260
3101.463260
3101.463260
3101.463260
3101.463260
3101.463260
3101.463260
3101.463260
3101.463260
3101.463260
3101.463260
3101.463260
3101.463260
3101.463260
3101.463260
3101.463260
3101.463260
3101.463260
3101.463260
3101.463260
3101.463260
3101.463260
3101.463260
3101.463260
3101.463260
3101.463260
3101.463260
3101.463260
3101.463260
3101.463260
3101.463260
3101.463260
3101.463260
3101.463260
3101.463260
3101.463260
3101.463260
3101.463260
3101.463260
3101.463260
3101.463260
3101.463260
3101.463260
3101.463260
3101.463260
3101.463260
3101.463260
3101.463260
3101.463260
3101.463260
3101.463260
3101.463260
3101.463260
3101.463260
3101.463260
3101.463260
3101.463260
3101.463260
3101.463260
3101.463260
3101.463260
3101.463260
3101.463260
3101.463260
3101.463260
3101.463260
3101.463260
3101.463260
3101.463260
3101.463260
3101.463260
3101.463260
3101.463260
3101.463260
3101.463260
3101.463260
3101.463260
3101.463260
3101.463260
3101.463260
3101.463260
3095.502962
3095.502962
3095.502962
3095.502962
3095.502962
3095.502962
3095.502962
3095.502962
3095.502962
3095.502962
3095.502962
3095.502962
3095.502962
3095.502962
3095.502962
3095.502962
3095.502962
3095.502962
3095.502962
3095.502962
3095.502962
3095.502962
3095.502962
3095.502962
3095.502962
3095.502962
3095.502962
3095.502962
3095.502962
3095.502962
3095.502962
3095.502962
3095.502962
3095.502962
3095.502962
3095.502962
3095.502962
3095.502962
3095.502962
3095.502962
3095.502962
3095.502962
3095.502962
3095.502962
3095.502962
3095.502962
3095.502962
3095.502962
3095.502962
3095.502962
3095.502962
3095.502962
3095.502962
3095.502962
3095.502962
3095.502962
3095.502962
3095.502962
3095.502962
3095.502962
3095.502962
3095.502962
3095.502962
3095.502962
3095.502962
3095.502962
3095.502962
3095.502962
3095.502962
3095.502962
3095.502962
3095.502962
3095.502962
3095.502962
3095.502962
3095.502962
3095.502962
3095.502962
3095.502962
3095.502962
3095.502962
3095.502962
3095.502962
3095.502962
3095.502962
3095.502962
3095.502962
3089.861976
3089.861976
3089.861976
3089.861976
3089.861976
3089.861976
3089.861976
3089.861976
3089.861976
3089.861976
3089.861976
3089.861976
3089.861976
3089.861976
3089.861976
3089.861976
3089.861976
3089.861976
3089.861976
3089.861976
3089.861976
3089.861976
3089.861976
3089.861976
3089.861976
3089.861976
3089.861976
3089.861976
3089.861976
3089.861976
3089.861976
3089.861976
3089.861976
3089.861976
3089.861976
3089.861976
3089.861976
3089.861976
3089.861976
3089.861976
3089.861976
3089.861976
3089.861976
3089.861976
3089.861976
3089.861976
3089.861976
3089.861976
3089.861976
3089.861976
3089.861976
3089.861976
3089.861976
3089.861976
3089.861976
3089.861976
3089.861976
3089.861976
3089.861976
3089.861976
3089.861976
3089.861976
3089.861976
3089.861976
3089.861976
3089.861976
3089.861976
3089.861976
3089.861976
3089.861976
3089.861976
3089.861976
3089.861976
3089.861976
3089.861976
3089.861976
3089.861976
3089.861976
3089.861976
3089.861976
3089.861976
3089.861976
3089.861976
3089.861976
3089.861976
3089.861976
3089.861976
3089.861976
3089.861976
3089.861976
3089.861976
3089.861976
3089.861976
3089.861976
3089.861976
3089.861976
3089.861976
3089.861976
3089.861976
3089.861976
3089.861976
3089.861976
3089.861976
3089.861976
3089.861976
3089.861976
3089.861976
3089.861976
3089.861976
3089.861976
3089.861976
3089.861976
3089.861976
3089.861976
3089.861976
3089.861976
3089.861976
3089.861976
3089.861976
3089.861976
3089.861976
3089.861976
3089.861976
3089.861976
3089.861976
3089.861976
3089.861976
3089.861976
3089.861976
3089.861976
3089.861976
3089.861976
3089.861976
3089.861976
3089.861976
3089.861976
3089.861976
3089.861976
3089.861976
3089.861976
3089.861976
3089.861976
3089.861976
3089.861976
3089.861976
3089.861976
3089.861976
3089.861976
3089.861976
3089.861976
3089.861976
3089.861976
3089.861976
3089.861976
3089.861976
3089.861976
3089.861976
3089.861976
3089.861976
3089.861976
3089.861976
3089.861976
3089.861976
3089.861976
3089.861976
3089.861976
3089.861976
3089.861976
3089.861976
3089.861976
3089.861976
3089.861976
3089.861976
3089.861976
3089.861976
3089.861976
3089.861976
3089.861976
3089.861976
3089.861976
3089.861976
3089.861976
3089.861976
3089.861976
3089.861976
3089.861976
3089.861976
3089.861976
3089.861976
3089.861976
3089.861976
3089.861976
3089.861976
3089.861976
3089.861976
3089.861976
3089.861976
3089.861976
3089.861976
3089.861976
3089.861976
3089.861976
3089.861976
3089.861976
3089.861976
3089.861976
3089.861976
3089.861976
3089.861976
3089.861976
3089.861976
3089.861976
3089.861976
3089.861976
3089.861976
3089.861976
3089.861976
3089.861976
3089.861976
3089.861976
3089.861976
3089.861976
3089.861976
3089.861976
3089.861976
3089.861976
3089.861976
3089.861976
3089.861976
3089.861976
3089.861976
3089.861976
3089.861976
3089.861976
3089.861976
3089.861976
3089.861976
3089.571693
3089.571693
3089.571693
3089.571693
3089.571693
3089.571693
3089.571693
3089.571693
3089.571693
3089.571693
3089.571693
3089.571693
3089.571693
3089.571693
3089.571693
3088.406086
3088.406086
3088.406086
3088.406086
3088.406086
3088.406086
3088.406086
3088.406086
3088.406086
3088.406086
3088.406086
3088.406086
3088.406086
3088.406086
3088.406086
3088.406086
3088.406086
3088.406086
3088.406086
3088.406086
3088.406086
3088.406086
3088.406086
3088.406086
3088.406086
3088.406086
3088.406086
3088.406086
3088.406086
3088.406086
3088.406086
3088.406086
3088.406086
3088.406086
3088.406086
3088.406086
3088.406086
3088.406086
3088.406086
3088.406086
3088.406086
3088.406086
3088.406086
3088.406086
3088.406086
3088.406086
3088.406086
3088.406086
3088.406086
3088.406086
3088.406086
3088.406086
3088.406086
3088.406086
3088.406086
3088.406086
3088.406086
3088.406086
3088.406086
3088.406086
3088.406086
3088.406086
3088.406086
3088.406086
3088.406086
3088.406086
3088.406086
3088.406086
3088.406086
3088.406086
3088.406086
3088.406086
3088.406086
3088.406086
3088.406086
3088.406086
3088.406086
3088.406086
3088.406086
3088.406086
3087.354097
3087.354097
3087.354097
3087.354097
3087.354097
3087.354097
3087.354097
3087.354097
3087.354097
3087.354097
3087.354097
3087.354097
3087.354097
3082.363310
3082.363310
3082.363310
3082.363310
3082.363310
3080.769450
3080.769450
3080.769450
3080.769450
3080.769450
3080.769450
3080.769450
3080.769450
3080.769450
3080.769450
3080.769450
3080.769450
3080.769450
3080.769450
3080.769450
3080.769450
3080.769450
3080.769450
3080.769450
3080.769450
3080.769450
3080.769450
3080.769450
3080.769450
3080.769450
3080.769450
3080.769450
3080.769450
3080.769450
3080.769450
3080.769450
3080.769450
3080.769450
3080.769450
3080.769450
3080.769450
3080.769450
3080.769450
3080.769450
3080.769450
3080.769450
3080.769450
3080.769450
3080.769450
3080.769450
3080.769450
3080.769450
3080.769450
3080.769450
3080.769450
3080.769450
3080.769450
3080.769450
3080.769450
3080.769450
3080.769450
3080.769450
3080.769450
3080.769450
3080.769450
3080.769450
3080.769450
3080.769450
3080.769450
3080.769450
3080.769450
3080.769450
3080.769450
3080.769450
3080.769450
3080.769450
3080.769450
3080.769450
3080.769450
3080.769450
3080.769450
3080.769450
3080.769450
3080.769450
3080.769450
3080.769450
3080.769450
3080.769450
3080.769450
3080.769450
3080.769450
3080.769450
3080.769450
3080.769450
3080.769450
3080.769450
3080.769450
3080.769450
3080.769450
3080.769450
3080.769450
3080.769450
3080.769450
3080.769450
3080.769450
3080.769450
3080.769450
3080.769450
3080.769450
3080.769450
3080.769450
3080.769450
3080.769450
3080.769450
3080.769450
3080.769450
3080.769450
3080.769450
3080.769450
3080.769450
3080.769450
3080.769450
3080.769450
3080.769450
3080.769450
3080.769450
3080.769450
3080.769450
3080.769450
3080.769450
3080.769450
3080.769450
3079.534057
3079.534057
3079.534057
3079.534057
3079.534057
3079.534057
3079.534057
3079.534057
3079.534057
3079.534057
3079.534057
3079.534057
3079.534057
3079.534057
3079.534057
3079.534057
3079.534057
3079.534057
3079.534057
3079.534057
3079.534057
3079.534057
3079.534057
3079.534057
3079.534057
3079.534057
3078.332714
3078.332714
3078.332714
3078.332714
3078.332714
3078.332714
3078.332714
3078.332714
3078.332714
3078.332714
3078.332714
3078.332714
3078.332714
3078.332714
3078.332714
3078.332714
3078.332714
3078.332714
3078.332714
3078.332714
3078.332714
3078.332714
3078.332714
3078.332714
3078.332714
3078.332714
3078.332714
3078.332714
3078.332714
3078.104027
3078.104027
3078.104027
3078.104027
3078.104027
3078.104027
3078.104027
3078.104027
3078.104027
3078.104027
3078.104027
3078.104027
3078.104027
3078.104027
3078.104027
3078.104027
3078.104027
3078.104027
3078.104027
3078.104027
3078.104027
3078.104027
3078.104027
3078.104027
3078.104027
3078.104027
3078.104027
3078.104027
3078.104027
3078.104027
3078.104027
3078.104027
3078.104027
3078.104027
3078.104027
3078.104027
3078.104027
3078.104027
3078.104027
3078.104027
3078.104027
3078.104027
3078.104027
3078.104027
3078.104027
3078.104027
3078.104027
3078.104027
3078.104027
3078.104027
3078.104027
3078.104027
3078.104027
3078.104027
3078.104027
3078.104027
3078.104027
3078.104027
3078.104027
3078.104027
3078.104027
3078.104027
3078.104027
3078.104027
3078.104027
3078.104027
3078.104027
3078.104027
3078.104027
3078.104027
3078.104027
3078.104027
3078.104027
3078.104027
3078.104027
3078.104027
3078.104027
3078.104027
3078.104027
3078.104027
3078.104027
3078.104027
3078.104027
3078.104027
3078.104027
3078.104027
3078.104027
3078.104027
3077.621473
3077.621473
3077.621473
3077.621473
3077.621473
3077.621473
3077.621473
3077.621473
3077.621473
3077.621473
3077.621473
3077.621473
3077.621473
3077.621473
3077.621473
3077.621473
3077.621473
3077.621473
3077.621473
3077.621473
3077.621473
3077.621473
3077.621473
3077.621473
3077.621473
3077.621473
3077.621473
3077.621473
3077.621473
3077.621473
3077.621473
3077.621473
3077.621473
3077.621473
3077.621473
3077.621473
3077.621473
3077.621473
3077.621473
3077.621473
3077.621473
3077.621473
3077.243485
3077.243485
3077.243485
3077.243485
3077.243485
3077.243485
3077.243485
3077.243485
3077.243485
3077.243485
3077.243485
3077.243485
3077.243485
3077.243485
3077.243485
3077.243485
3077.243485
3077.243485
3077.243485
3077.243485
3077.243485
3077.243485
3077.243485
3077.243485
3077.243485
3077.243485
3077.243485
3077.243485
3077.243485
3077.243485
3077.243485
3077.243485
3077.243485
3077.243485
3077.243485
3077.243485
3077.243485
3077.243485
3077.243485
3077.243485
3077.243485
3077.243485
3077.243485
3077.243485
3077.243485
3077.243485
3077.243485
3077.243485
3077.243485
3077.243485
3077.243485
3077.243485
3077.243485
3077.243485
3077.243485
3077.243485
3077.243485
3077.243485
3075.279156
3075.279156
3075.279156
3075.279156
3075.279156
3075.279156
3075.279156
3075.279156
3075.279156
3075.279156
3075.279156
3075.279156
3075.279156
3075.279156
3075.279156
3075.279156
3075.279156
3075.279156
3075.279156
3075.279156
3075.279156
3075.279156
3075.279156
3075.279156
3075.279156
3075.279156
3075.279156
3075.279156
3075.279156
3075.279156
3075.279156
3075.279156
3075.279156
3075.279156
3075.279156
3075.279156
3075.279156
3075.279156
3075.279156
3075.279156
3075.279156
3075.279156
3075.279156
3075.279156
3075.279156
3075.279156
3075.279156
3075.279156
3075.279156
3075.279156
3075.279156
3075.279156
3075.279156
3075.279156
3075.279156
3075.279156
3075.279156
3075.279156
3075.279156
3075.279156
3075.279156
3075.279156
3075.279156
3075.279156
3075.279156
3075.279156
3075.279156
3075.279156
3075.279156
3075.279156
3075.279156
3075.279156
3075.279156
3075.279156
3075.279156
3075.279156
3075.279156
3075.279156
3075.279156
3075.279156
3075.279156
3075.279156
3075.279156
3075.279156
3075.279156
3075.279156
3075.279156
3075.279156
3075.279156
3075.279156
3075.279156
3075.279156
3075.279156
3075.279156
3075.279156
3075.279156
3075.279156
3075.279156
3075.279156
3075.279156
3075.279156
3075.279156
3075.279156
3075.279156
3075.279156
3075.279156
3075.279156
3075.279156
3075.279156
3075.279156
3075.279156
3075.279156
3075.279156
3075.279156
3075.279156
3075.279156
3075.279156
3075.279156
3075.279156
3075.279156
3075.279156
3075.279156
3075.279156
3075.279156
3075.279156
3075.279156
3075.279156
3075.279156
3075.279156
3075.279156
3075.279156
3075.279156
3075.279156
3075.279156
3075.279156
3075.279156
3075.279156
3075.279156
3075.279156
3075.279156
3075.279156
3075.279156
3075.279156
3075.279156
3075.279156
3075.279156
3075.245944
3075.245944
3075.245944
3075.245944
3075.245944
3075.245944
3075.245944
3075.245944
3075.245944
3075.245944
3075.245944
3075.245944
3075.245944
3075.245944
3075.245944
3075.245944
3075.245944
3075.245944
3075.245944
3075.245944
3075.245944
3075.245944
3075.245944
3075.245944
3075.245944
3075.245944
3075.245944
3075.245944
3075.245944
3075.245944
3075.245944
3075.245944
3075.245944
3075.245944
3074.905711
3074.905711
3074.905711
3074.905711
3074.905711
3074.905711
3074.905711
3074.905711
3074.905711
3074.905711
3074.905711
3074.905711
3074.905711
3074.905711
3074.905711
3074.905711
3074.905711
3074.905711
3074.905711
3074.905711
3074.905711
3073.973182
3073.973182
3073.973182
3073.973182
3073.973182
3073.973182
3073.973182
3073.973182
3073.973182
3073.973182
3073.973182
3073.973182
3073.973182
3073.973182
3073.973182
3073.973182
3073.973182
3073.973182
3073.973182
3070.922182
3070.922182
3070.922182
3070.922182
3070.922182
3070.922182
3070.922182
3070.922182
3070.922182
3070.922182
3070.922182
3070.922182
3070.922182
3070.922182
3070.922182
3070.922182
3070.922182
3070.922182
3070.922182
3070.922182
3070.922182
3070.922182
3070.922182
3070.922182
3070.922182
3070.922182
3070.922182
3070.922182
3070.922182
3070.922182
3070.922182
3070.922182
3070.922182
3070.922182
3070.922182
3070.922182
3070.922182
3070.922182
3070.922182
3070.922182
3070.922182
3070.922182
3070.922182
3070.922182
3070.922182
3070.922182
3070.922182
3070.922182
3070.922182
3070.922182
3070.922182
3070.922182
3070.922182
3070.922182
3070.922182
3070.922182
3070.922182
3070.922182
3070.922182
3070.922182
3070.922182
3070.922182
3070.922182
3070.922182
3070.922182
3070.922182
3070.922182
3070.922182
3070.922182
3070.922182
3070.922182
3070.922182
3070.922182
3070.922182
3070.922182
3070.922182
3070.922182
3070.922182
3070.922182
3070.922182
3070.922182
3070.922182
3070.922182
3070.922182
3070.922182
3070.922182
3070.922182
3070.922182
3070.922182
3070.922182
3070.922182
3070.922182
3070.922182
3070.922182
3070.922182
3070.922182
3070.922182
3070.922182
3070.887021
3070.887021
3070.887021
3070.887021
3070.887021
3070.887021
3070.887021
3070.887021
3070.887021
3070.887021
3070.887021
3070.887021
3070.887021
3070.887021
3070.887021
3070.887021
3070.887021
3070.887021
3070.887021
3070.887021
3070.887021
3070.887021
3070.887021
3070.887021
3069.262984
3069.262984
3069.262984
3069.262984
3069.262984
3069.262984
3069.262984
3068.437897
3068.437897
3068.437897
3068.437897
3068.437897
3068.437897
3068.437897
3068.437897
3068.437897
3068.437897
3068.437897
3068.437897
3068.437897
3068.437897
3068.437897
3068.437897
3068.437897
3068.437897
3068.437897
3068.437897
3068.437897
3068.437897
3068.437897
3068.437897
3068.437897
3068.437897
3068.437897
3068.437897
3068.437897
3068.437897
3068.437897
3068.437897
3068.437897
3068.437897
3068.437897
3068.437897
3068.437897
3068.437897
3068.437897
3068.437897
3068.437897
3068.437897
3068.437897
3068.437897
3068.437897
3068.437897
3068.437897
3068.437897
3068.437897
3068.437897
3068.437897
3068.437897
3068.437897
3068.437897
3068.437897
3068.437897
3068.437897
3068.437897
3068.437897
3068.437897
3068.437897
3068.437897
3068.437897
3068.437897
3068.437897
3068.437897
3068.437897
3068.437897
3068.437897
3068.437897
3068.437897
3068.437897
3068.437897
3068.437897
3068.437897
3068.437897
3068.437897
3068.437897
3068.437897
3068.437897
3068.437897
3068.437897
3068.437897
3068.437897
3068.437897
3068.437897
3068.437897
3068.437897
3068.437897
3068.437897
3068.437897
3068.437897
3068.437897
3068.437897
3068.437897
3068.437897
3068.437897
3068.437897
3068.437897
3068.437897
3068.437897
3068.437897
3068.437897
3068.437897
3068.437897
3068.437897
3068.437897
3068.437897
3068.437897
3068.437897
3068.437897
3068.437897
3068.437897
3068.437897
3068.437897
3068.437897
3065.041822
3065.041822
3065.041822
3065.041822
3065.041822
3065.041822
3065.041822
3065.041822
3065.041822
3065.041822
3065.041822
3065.041822
3065.041822
3065.041822
3065.041822
3065.041822
3059.278478
3059.278478
3059.278478
3059.278478
3059.278478
3059.278478
3059.278478
3059.278478
3059.278478
3059.278478
3059.278478
3059.278478
3059.278478
3059.278478
3059.278478
3059.278478
3059.278478
3059.278478
3059.278478
3059.278478
3059.278478
3059.278478
3059.278478
3059.278478
3059.278478
3059.278478
3059.278478
3059.278478
3059.278478
3059.278478
3059.278478
3059.278478
3059.278478
3059.278478
3059.278478
3059.278478
3059.278478
3059.278478
3059.278478
3059.278478
3059.278478
3059.278478
3059.278478
3059.278478
3059.278478
3059.278478
3059.278478
3059.278478
3059.278478
3059.278478
3059.278478
3059.278478
3059.278478
3059.278478
3059.278478
3059.278478
3059.278478
3059.278478
3059.278478
3059.278478
3059.278478
3059.278478
3059.278478
3059.278478
3059.278478
3059.278478
3059.278478
3059.278478
3059.278478
3059.278478
3059.278478
3059.278478
3059.278478
3059.278478
3059.278478
3059.278478
3059.278478
3059.278478
3059.278478
3059.278478
3059.278478
3059.278478
3059.278478
3059.278478
3059.278478
3059.278478
3059.278478
3059.278478
3059.278478
3059.278478
3059.278478
3059.278478
3059.278478
3059.278478
3059.278478
3059.278478
3059.278478
3059.278478
3059.278478
3059.278478
3059.278478
3059.278478
3059.278478
3059.278478
3059.278478
3059.278478
3059.278478
3059.278478
3059.278478
3059.278478
3059.278478
3059.278478
3059.278478
3059.278478
3059.278478
3059.278478
3059.278478
3059.278478
3059.278478
3059.278478
3059.278478
3059.278478
3059.278478
3059.278478
3059.278478
3059.278478
3059.278478
3059.278478
3059.278478
3059.278478
3059.278478
3059.278478
3059.278478
3059.278478
3059.278478
3059.278478
3059.278478
3059.278478
3059.278478
3059.278478
3059.278478
3059.278478
3059.278478
3059.278478
3059.278478
3059.278478
3059.278478
3059.278478
3059.278478
3059.278478
3059.278478
3059.278478
3059.278478
3059.278478
3059.278478
3059.278478
3059.278478
3058.190102
3058.190102
3058.190102
3058.190102
3058.190102
3058.190102
3058.190102
3058.190102
3058.190102
3058.190102
3058.190102
3058.190102
3058.190102
3058.190102
3058.190102
3058.190102
3058.190102
3058.190102
3058.190102
3058.190102
3058.190102
3058.190102
3058.190102
3058.190102
3058.190102
3058.190102
3058.190102
3058.190102
3058.190102
3058.190102
3058.190102
3058.190102
3058.190102
3058.190102
3058.190102
3058.190102
3058.190102
3058.190102
3058.190102
3058.190102
3058.190102
3058.190102
3058.190102
3058.190102
3058.190102
3058.190102
3058.190102
3058.190102
3058.190102
3058.190102
3058.190102
3058.190102
3058.190102
3058.190102
3058.190102
3058.190102
3058.190102
3058.190102
3058.190102
3058.190102
3058.190102
3058.190102
3058.190102
3058.190102
3058.190102
3058.190102
3058.190102
3058.114576
3058.114576
3058.114576
3058.114576
3058.114576
3058.114576
3058.114576
3058.114576
3058.114576
3058.114576
3058.114576
3058.114576
3058.114576
3058.114576
3058.114576
3058.114576
3058.114576
3058.114576
3058.114576
3058.114576
3058.114576
3058.114576
3058.114576
3058.114576
3058.114576
3058.114576
3058.114576
3058.114576
3058.114576
3058.114576
3058.114576
3058.114576
3058.114576
3058.114576
3058.114576
3058.114576
3058.114576
3058.114576
3058.114576
3058.114576
3058.114576
3058.114576
3058.114576
3058.114576
3058.114576
3058.114576
3058.114576
3058.114576
3058.114576
3058.114576
3058.114576
3058.114576
3058.114576
3058.114576
3058.114576
3058.114576
3058.114576
3058.114576
3058.114576
3058.114576
3058.114576
3058.114576
3058.114576
3058.114576
3058.114576
3058.114576
3058.114576
3058.114576
3058.114576
3058.114576
3058.114576
3058.114576
3058.114576
3058.114576
3058.114576
3058.114576
3058.114576
3058.114576
3058.114576
3058.114576
3058.114576
3058.114576
3058.114576
3058.114576
3058.114576
3058.114576
3058.114576
3058.114576
3058.114576
3057.182951
3057.182951
3057.182951
3057.182951
3057.182951
3057.182951
3057.182951
3057.182951
3057.182951
3057.182951
3057.182951
3057.182951
3057.182951
3057.182951
3057.182951
3057.182951
3057.182951
3057.182951
3057.182951
3057.182951
3057.182951
3057.182951
3057.182951
3057.182951
3057.182951
3057.182951
3057.182951
3057.182951
3057.182951
3057.182951
3057.182951
3057.182951
3057.182951
3057.182951
3057.182951
3057.182951
3057.182951
3057.182951
3057.182951
3057.182951
3057.182951
3057.182951
3057.182951
3057.182951
3057.182951
3057.182951
3057.182951
3057.182951
3057.182951
3057.182951
3054.742395
3054.742395
3054.742395
3054.742395
3054.742395
3054.742395
3054.742395
3054.742395
3054.742395
3054.742395
3054.742395
3054.742395
3054.742395
3054.742395
3054.742395
3054.033073
3054.033073
3054.033073
3054.033073
3054.033073
3054.033073
3054.033073
3054.033073
3054.033073
3054.033073
3054.033073
3054.033073
3054.033073
3054.033073
3054.033073
3054.033073
3054.033073
3054.033073
3054.033073
3054.033073
3054.033073
3054.033073
3054.033073
3054.033073
3054.033073
3054.033073
3054.033073
3054.033073
3054.033073
3054.033073
3054.033073
3054.033073
3054.033073
3054.033073
3054.033073
3054.033073
3054.033073
3054.033073
3054.033073
3054.033073
3054.033073
3054.033073
3054.033073
3054.033073
3054.033073
3054.033073
3054.033073
3054.033073
3054.033073
3054.033073
3054.033073
3054.033073
3054.033073
3054.033073
3054.033073
3054.033073
3054.033073
3054.033073
3054.033073
3054.033073
3054.033073
3054.033073
3054.033073
3054.033073
3054.033073
3054.033073
3054.033073
3054.033073
3054.033073
3054.033073
3054.033073
3054.033073
3054.033073
3054.033073
3054.033073
3054.033073
3054.033073
3054.033073
3054.033073
3054.033073
3054.033073
3054.033073
3054.033073
3054.033073
3054.033073
3054.033073
3054.033073
3054.033073
3054.033073
3054.033073
3054.033073
3054.033073
3054.033073
3053.781825
3053.781825
3053.781825
3053.781825
3053.781825
3053.781825
3053.781825
3053.781825
3053.781825
3053.781825
3052.197503
3052.197503
3052.197503
3052.197503
3052.197503
3052.197503
3052.197503
3052.197503
3052.197503
3052.197503
3052.197503
3052.197503
3052.197503
3052.197503
3052.197503
3052.197503
3052.197503
3052.197503
3052.197503
3052.197503
3052.197503
3052.197503
3051.343854
3051.343854
3051.343854
3051.343854
3051.343854
3051.343854
3051.343854
3051.343854
3051.343854
3051.343854
3051.343854
3051.343854
3051.343854
3051.343854
3051.343854
3051.343854
3051.343854
3051.343854
3051.343854
3051.343854
3051.343854
3051.343854
3051.343854
3051.343854
3051.343854
3051.343854
3051.343854
3051.343854
3051.343854
3051.343854
3051.343854
3051.343854
3051.343854
3051.343854
3051.343854
3051.343854
3051.343854
3051.343854
3051.343854
3051.343854
3051.343854
3051.343854
3051.343854
3051.343854
3051.343854
3051.343854
3051.343854
3051.343854
3051.343854
3051.343854
3051.343854
3051.343854
3051.343854
3051.343854
3051.343854
3051.343854
3051.343854
3051.343854
3051.343854
3051.343854
3048.027000
3048.027000
3048.027000
3048.027000
3048.027000
3048.027000
3048.027000
3048.027000
3048.027000
3048.027000
3048.027000
3047.778669
3047.778669
3047.778669
3047.778669
3047.778669
3047.778669
3047.778669
3047.778669
3047.778669
3047.778669
3047.778669
3047.778669
3047.778669
3047.778669
3047.778669
3047.778669
3047.778669
3047.778669
3047.778669
3047.778669
3047.778669
3047.778669
3047.778669
3047.778669
3047.778669
3047.778669
3047.778669
3047.778669
3047.778669
3047.778669
3047.778669
3047.778669
3047.778669
3047.778669
3047.778669
3047.778669
3047.778669
3047.778669
3047.778669
3047.778669
3047.778669
3047.778669
3047.778669
3047.778669
3047.778669
3047.778669
3047.778669
3047.778669
3047.778669
3047.778669
3047.778669
3047.778669
3047.778669
3047.778669
3047.778669
3047.778669
3047.778669
3047.778669
3047.778669
3047.778669
3047.778669
3047.778669
3047.778669
3047.778669
3047.778669
3047.778669
3047.778669
3047.778669
3047.377673
3047.377673
3047.377673
3047.377673
3047.377673
3047.377673
3047.377673
3047.377673
3047.377673
3047.377673
3047.377673
3047.377673
3047.377673
3047.377673
3047.377673
3047.377673
3047.377673
3047.377673
3047.377673
3047.377673
3047.377673
3047.377673
3047.377673
3047.377673
3046.473302
3046.473302
3046.473302
3046.473302
3046.473302
3046.473302
3046.473302
3046.473302
3046.473302
3046.473302
3046.473302
3046.473302
3046.473302
3046.473302
3046.473302
3046.473302
3046.473302
3046.473302
3046.473302
3046.473302
3046.473302
3046.473302
3046.473302
3046.473302
3046.473302
3046.473302
3046.473302
3046.473302
3046.473302
3046.473302
3046.473302
3046.473302
3046.473302
3046.473302
3046.473302
3046.473302
3046.473302
3046.473302
3046.473302
3046.473302
3046.473302
3046.473302
3046.473302
3046.473302
3046.473302
3046.473302
3046.473302
3046.473302
3046.473302
3046.473302
3046.473302
3046.473302
3046.473302
3046.473302
3046.473302
3046.473302
3046.473302
3046.473302
3046.473302
3046.473302
3046.473302
3046.473302
3046.473302
3046.473302
3046.473302
3046.473302
3046.473302
3046.473302
3046.473302
3046.473302
3046.473302
3046.473302
3046.473302
3046.473302
3046.473302
3046.473302
3046.473302
3046.473302
3046.473302
3046.473302
3046.473302
3046.473302
3046.473302
3046.473302
3046.473302
3046.473302
3046.473302
3046.473302
3046.473302
3046.473302
3046.473302
3046.473302
3046.473302
3046.473302
3046.473302
3046.473302
3046.473302
3046.473302
3046.473302
3046.473302
3046.473302
3046.473302
3046.473302
3046.473302
3046.473302
3046.473302
3046.473302
3046.473302
3046.473302
3046.473302
3046.473302
3046.473302
3046.473302
3046.473302
3046.473302
3046.473302
3046.473302
3046.473302
3044.291952
3044.291952
3044.291952
3044.291952
3044.291952
3044.291952
3044.291952
3044.291952
3044.291952
3044.291952
3044.291952
3044.291952
3044.291952
3044.291952
3044.291952
3044.291952
3044.291952
3044.291952
3044.291952
3044.291952
3044.291952
3044.291952
3044.291952
3044.291952
3044.291952
3044.291952
3044.291952
3044.291952
3044.291952
3044.291952
3044.291952
3044.291952
3044.291952
3044.291952
3044.291952
3044.291952
3044.291952
3044.291952
3044.291952
3044.291952
3044.291952
3044.291952
3044.291952
3044.291952
3044.291952
3044.291952
3044.291952
3044.291952
3044.291952
3044.291952
3044.291952
3044.291952
3044.291952
3044.291952
3044.236386
3044.236386
3044.236386
3044.236386
3044.236386
3044.236386
3044.236386
3044.236386
3044.236386
3044.236386
3044.236386
3044.236386
3044.236386
3044.236386
3044.236386
3044.236386
3044.236386
3044.236386
3044.236386
3044.236386
3044.236386
3044.236386
3044.236386
3044.236386
3044.236386
3044.236386
3044.236386
3044.236386
3044.236386
3044.236386
3044.236386
3044.236386
3044.236386
3044.236386
3044.236386
3044.236386
3044.236386
3044.236386
3044.236386
3044.236386
3044.236386
3044.236386
3044.236386
3044.236386
3044.236386
3044.236386
3044.236386
3044.236386
3044.236386
3044.236386
3044.236386
3044.236386
3044.236386
3044.236386
3044.236386
3044.236386
3044.236386
3044.236386
3044.236386
3044.236386
3044.236386
3044.236386
3044.236386
3044.236386
3044.236386
3044.236386
3044.236386
3044.236386
3044.236386
3044.236386
3044.236386
3044.236386
3044.236386
3044.236386
3044.236386
3044.236386
3044.236386
3044.236386
3044.236386
3043.829955
3043.829955
3043.829955
3043.829955
3043.829955
3043.829955
3043.829955
3043.829955
3043.829955
3043.829955
3043.829955
3043.829955
3043.829955
3043.829955
3043.829955
3043.829955
3043.829955
3043.829955
3043.829955
3043.829955
3043.829955
3043.829955
3043.829955
3043.829955
3043.829955
3043.829955
3043.829955
3043.829955
3043.829955
3043.829955
3043.829955
3043.829955
3043.829955
3043.829955
3043.829955
3043.829955
3043.829955
3043.829955
3043.829955
3043.829955
3043.829955
3043.829955
3043.829955
3043.829955
3043.829955
3043.829955
3043.829955
3043.829955
3043.829955
3043.829955
3043.829955
3043.829955
3043.829955
3043.829955
3043.829955
3043.829955
3043.676816
3043.676816
3043.334728
3043.334728
3043.334728
3043.334728
3043.334728
3043.334728
3043.334728
3043.334728
3043.334728
3043.334728
3043.334728
3043.334728
3043.334728
3043.334728
3043.334728
3043.334728
3043.334728
3043.334728
3043.334728
3043.334728
3043.334728
3043.334728
3043.334728
3043.334728
3043.334728
3043.334728
3043.334728
3043.334728
3043.334728
3043.334728
3043.334728
3042.703149
3042.703149
3042.703149
3042.703149
3042.703149
3042.703149
3042.703149
3042.703149
3042.703149
3042.703149
3042.703149
3042.703149
3042.703149
3042.703149
3042.703149
3042.703149
3042.703149
3042.703149
3042.703149
3042.703149
3042.703149
3042.703149
3042.703149
3042.703149
3042.703149
3042.703149
3042.703149
3042.703149
3042.703149
3042.703149
3042.703149
3042.703149
3042.703149
3042.703149
3042.703149
3042.703149
3042.703149
3042.703149
3042.703149
3042.703149
3042.703149
3042.703149
3042.703149
3042.328354
3042.328354
3042.328354
3042.328354
3042.328354
3042.328354
3042.133368
3042.133368
3042.133368
3042.133368
3042.133368
3042.133368
3042.133368
3042.133368
3042.133368
3042.133368
3042.133368
3042.133368
3042.133368
3042.133368
3042.133368
3042.133368
3042.133368
3042.133368
3042.133368
3042.133368
3042.133368
3042.133368
3042.133368
3042.133368
3042.133368
3042.133368
3042.133368
3042.133368
3042.133368
3042.133368
3042.133368
3042.133368
3042.047972
3042.047972
3042.047972
3042.047972
3042.047972
3042.047972
3042.047972
3042.047972
3042.047972
3042.047972
3042.047972
3042.047972
3042.047972
3042.047972
3042.047972
3041.988544
3041.988544
3041.988544
3041.988544
3041.988544
3041.988544
3041.988544
3041.988544
3041.988544
3040.317970
3040.317970
3040.317970
3039.462110
3039.462110
3039.462110
3039.462110
3039.462110
3039.462110
3039.462110
3039.462110
3039.462110
3039.462110
3039.462110
3039.462110
3039.462110
3039.462110
3039.462110
3039.462110
3039.462110
3039.462110
3039.462110
3039.462110
3039.462110
3039.462110
3039.462110
3039.462110
3039.462110
3039.462110
3039.462110
3039.462110
3039.462110
3039.462110
3039.462110
3039.462110
3039.462110
3039.462110
3039.462110
3039.462110
3039.462110
3039.462110
3039.462110
3039.462110
3039.462110
3039.462110
3039.462110
3039.462110
3039.462110
3039.462110
3039.462110
3039.462110
3039.462110
3039.462110
3039.462110
3039.462110
3039.462110
3039.462110
3039.462110
3039.462110
3039.462110
3039.462110
3039.462110
3039.462110
3039.462110
3039.462110
3039.462110
3039.462110
3039.462110
3039.462110
3039.462110
3039.462110
3039.462110
3039.462110
3039.462110
3039.462110
3039.462110
3039.462110
3039.462110
3039.462110
3039.462110
3039.462110
3039.462110
3039.462110
3039.462110
3039.462110
3039.462110
3039.462110
3039.462110
3039.462110
3038.524559
3038.524559
3038.524559
3038.524559
3038.524559
3038.524559
3038.524559
3038.524559
3038.524559
3038.524559
3038.524559
3038.524559
3038.524559
3038.524559
3038.524559
3038.524559
3038.524559
3038.524559
3038.524559
3038.524559
3038.524559
3038.524559
3038.524559
3038.524559
3038.524559
3038.524559
3038.524559
3038.524559
3038.524559
3038.524559
3038.524559
3038.524559
3038.524559
3038.524559
3038.524559
3038.524559
3038.524559
3038.524559
3038.524559
3038.524559
3038.524559
3038.524559
3038.524559
3038.524559
3038.524559
3038.524559
3038.524559
3038.524559
3038.524559
3038.524559
3038.162607
3038.162607
3038.162607
3038.162607
3038.162607
3038.162607
3038.162607
3038.162607
3038.162607
3038.162607
3038.162607
3037.813162
3037.813162
3037.231709
3037.231709
3037.231709
3037.231709
3037.231709
3037.231709
3037.231709
3037.231709
3037.231709
3037.231709
3037.231709
3037.231709
3037.231709
3037.231709
3037.231709
3037.231709
3037.231709
3037.231709
3037.231709
3037.231709
3037.231709
3036.686654
3036.686654
3036.686654
3036.686654
3036.686654
3036.686654
3036.686654
3036.686654
3036.517645
3036.517645
3036.517645
3036.517645
3036.517645
3036.517645
3036.517645
3036.517645
3036.517645
3036.517645
3036.517645
3036.517645
3036.517645
3036.517645
3036.517645
3036.517645
3036.517645
3036.517645
3036.517645
3036.517645
3036.517645
3036.517645
3036.517645
3036.517645
3036.517645
3036.517645
3036.517645
3036.517645
3036.517645
3036.517645
3036.517645
3036.408746
3036.408746
3036.408746
3036.408746
3036.408746
3036.408746
3036.408746
3036.408746
3036.408746
3036.408746
3036.408746
3036.408746
3036.408746
3035.626661
3035.626661
3035.626661
3035.626661
3035.626661
3035.626661
3035.626661
3035.626661
3035.626661
3035.626661
3035.626661
3035.626661
3035.626661
3035.626661
3035.626661
3035.626661
3035.626661
3035.626661
3035.626661
3035.626661
3035.626661
3035.626661
3035.626661
3035.626661
3035.626661
3035.626661
3035.626661
3035.626661
3035.626661
3035.626661
3035.626661
3035.626661
3035.626661
3035.626661
3035.626661
3035.626661
3035.626661
3035.626661
3035.626661
3035.626661
3035.626661
3035.626661
3035.626661
3035.626661
3035.626661
3035.626661
3035.626661
3035.626661
3035.626661
3035.626661
3035.626661
3034.434231
3034.434231
3034.434231
3034.434231
3034.434231
3034.434231
3034.434231
3034.434231
3034.434231
3034.434231
3034.434231
3034.434231
3034.434231
3034.434231
3034.385891
3034.385891
3034.385891
3034.385891
3034.385891
3034.385891
3034.385891
3034.385891
3034.385891
3034.385891
3034.385891
3034.385891
3034.385891
3034.385891
3034.385891
3034.385891
3034.385891
3034.385891
3034.385891
3034.385891
3034.385891
3034.385891
3034.385891
3034.385891
3034.385891
3034.385891
3034.385891
3034.385891
3034.385891
3034.385891
3034.385891
3034.385891
3034.385891
3034.385891
3034.385891
3034.385891
3034.385891
3034.385891
3034.385891
3034.385891
3034.385891
3034.385891
3034.385891
3034.385891
3034.385891
3034.385891
3034.385891
3034.385891
3034.385891
3034.385891
3034.385891
3034.385891
3034.385891
3032.288719
3032.288719
3032.288719
3032.288719
3032.288719
3032.288719
3032.288719
3032.288719
3032.288719
3032.288719
3032.288719
3032.288719
3032.288719
3032.288719
3032.288719
3032.288719
3032.288719
3032.288719
3032.288719
3032.288719
3032.288719
3032.288719
3032.288719
3032.288719
3032.288719
3032.288719
3032.288719
3032.288719
3032.288719
3032.288719
3032.288719
3032.288719
3032.288719
3032.288719
3032.288719
3032.288719
3032.288719
3032.288719
3032.288719
3032.288719
3032.288719
3032.288719
3032.288719
3032.288719
3032.288719
3032.288719
3032.288719
3032.288719
3032.288719
3032.288719
3032.288719
3031.897594
3031.897594
3031.897594
3031.897594
3031.897594
3031.897594
3031.897594
3031.897594
3031.897594
3031.897594
3031.897594
3031.394794
3031.394794
3031.394794
3031.394794
3031.394794
3031.394794
3031.394794
3031.394794
3031.394794
3031.394794
3031.394794
3031.394794
3031.394794
3031.394794
3031.394794
3031.394794
3031.394794
3031.394794
3031.394794
3031.394794
3031.394794
3031.394794
3031.394794
3031.394794
3031.394794
3031.394794
3031.394794
3031.394794
3031.394794
3031.394794
3031.394794
3031.394794
3031.394794
3031.394794
3031.394794
3031.394794
3031.394794
3031.394794
3031.394794
3031.394794
3031.394794
3031.394794
3031.394794
3031.394794
3031.394794
3031.394794
3031.355378
3031.355378
3031.355378
3031.355378
3031.355378
3031.355378
3031.355378
3031.355378
3031.355378
3031.355378
3031.355378
3031.355378
3031.355378
3031.355378
3031.355378
3031.355378
3031.355378
3031.355378
3031.355378
3031.355378
3031.355378
3031.355378
3031.355378
3031.355378
3031.355378
3031.355378
3031.355378
3031.355378
3031.355378
3031.355378
3031.355378
3031.355378
3031.355378
3031.355378
3031.355378
3031.355378
3031.355378
3031.173930
3031.173930
3031.173930
3031.173930
3031.173930
3031.173930
3031.173930
3031.173930
3031.173930
3031.173930
3031.173930
3031.173930
3031.173930
3031.173930
3031.173930
3031.173930
3031.173930
3031.173930
3031.173930
3031.173930
3031.173930
3031.173930
3031.173930
3031.173930
3031.173930
3031.173930
3031.173930
3031.173930
3031.173930
3031.173930
3031.173930
3031.173930
3031.173930
3031.173930
3031.173930
3031.173930
3028.992731
3028.992731
3028.992731
3028.992731
3028.992731
3028.992731
3028.992731
3028.992731
3028.992731
3028.992731
3028.992731
3028.992731
3028.992731
3028.992731
3028.992731
3028.992731
3028.992731
3028.992731
3028.992731
3028.992731
3028.992731
3028.992731
3028.992731
3028.992731
3028.992731
3028.992731
3028.992731
3028.992731
3028.992731
3028.992731
3028.992731
3028.992731
3028.992731
3028.992731
3028.992731
3028.992731
3028.992731
3028.992731
3028.992731
3028.992731
3028.992731
3028.992731
3028.992731
3028.992731
3028.992731
3028.992731
3028.992731
3028.992731
3028.992731
3028.992731
3028.992731
3028.992731
3028.992731
3028.992731
3028.992731
3028.992731
3028.992731
3028.992731
3028.992731
3028.992731
3028.992731
3028.992731
3028.992731
3028.992731
3028.992731
3028.992731
3028.992731
3028.992731
3028.992731
3028.992731
3028.992731
3028.992731
3028.992731
3028.992731
3028.992731
3028.992731
3028.992731
3028.992731
3028.992731
3028.992731
3028.992731
3028.992731
3028.992731
3028.992731
3028.992731
3028.992731
3028.992731
3028.992731
3028.992731
3028.992731
3028.992731
3028.992731
3028.992731
3028.992731
3028.992731
3028.992731
3028.992731
3028.992731
3028.992731
3028.992731
3028.992731
3028.992731
3028.992731
3028.992731
3028.992731
3028.992731
3028.992731
3028.992731
3028.992731
3028.992731
3028.992731
3028.992731
3028.992731
3028.992731
3028.992731
3028.992731
3028.992731
3028.992731
3028.992731
3028.992731
3028.992731
3028.992731
3028.992731
3028.992731
3028.992731
3028.992731
3028.992731
3028.992731
3028.992731
3028.992731
3028.992731
3028.992731
3028.992731
3028.992731
3028.992731
3028.992731
3028.992731
3028.992731
3028.992731
3028.992731
3028.992731
3028.992731
3028.992731
3028.992731
3028.992731
3028.992731
3028.992731
3028.992731
3028.992731
3028.992731
3028.992731
3028.992731
3028.992731
3028.992731
3028.992731
3028.992731
3028.992731
3028.992731
3028.992731
3028.992731
3028.992731
3028.992731
3028.992731
3028.992731
3028.992731
3028.992731
3028.992731
3028.992731
3028.992731
3028.992731
3028.992731
3028.992731
3028.992731
3028.992731
3028.992731
3028.992731
3028.992731
3028.992731
3028.992731
3028.992731
3028.992731
3028.992731
3028.992731
3028.992731
3028.992731
3028.992731
3028.992731
3028.797652
3027.166507
3027.166507
3027.166507
3027.166507
3027.166507
3027.166507
3027.166507
3027.166507
3027.166507
3027.166507
3027.166507
3027.166507
3027.166507
3027.166507
3027.166507
3027.166507
3027.166507
3027.166507
3027.166507
3027.166507
3027.166507
3027.166507
3027.166507
3027.166507
3027.166507
3027.166507
3027.166507
3027.166507
3027.166507
3027.166507
3027.166507
3027.166507
3027.166507
3027.166507
3027.166507
3027.166507
3027.166507
3027.166507
3027.166507
3027.166507
3027.166507
3027.166507
3027.166507
3027.166507
3027.166507
3027.166507
3027.166507
3027.166507
3027.166507
3027.166507
3027.166507
3027.166507
3027.166507
3027.166507
3027.166507
3027.166507
3027.166507
3027.166507
3027.166507
3027.166507
3027.166507
3027.166507
3027.166507
3027.166507
3027.166507
3027.166507
3025.971822
3025.971822
3025.971822
3025.971822
3025.971822
3025.971822
3025.971822
3025.971822
3025.971822
3025.971822
3025.971822
3025.971822
3025.971822
3025.971822
3025.971822
3025.971822
3025.971822
3025.971822
3025.971822
3025.971822
3025.971822
3025.971822
3025.971822
3025.971822
3025.971822
3025.971822
3025.971822
3025.971822
3025.971822
3025.971822
3025.971822
3025.971822
3025.971822
3025.971822
3025.971822
3025.971822
3025.971822
3025.971822
3025.971822
3025.971822
3025.971822
3025.971822
3025.971822
3025.971822
3025.971822
3025.971822
3025.971822
3025.971822
3025.971822
3025.971822
3025.971822
3025.971822
3025.971822
3025.971822
3025.971822
3025.971822
3025.971822
3025.971822
3025.971822
3025.971822
3025.971822
3025.971822
3025.971822
3025.971822
3025.971822
3025.971822
3025.971822
3025.971822
3025.971822
3025.971822
3025.971822
3025.971822
3025.971822
3025.971822
3025.971822
3025.971822
3025.971822
3025.971822
3025.971822
3025.971822
3025.971822
3024.774381
3024.774381
3024.774381
3024.774381
3024.774381
3024.774381
3024.774381
3024.774381
3024.774381
3024.774381
3024.774381
3024.774381
3024.774381
3024.774381
3024.774381
3024.774381
3024.774381
3024.774381
3024.774381
3024.535782
3024.535782
3024.535782
3024.535782
3024.535782
3024.535782
3024.535782
3024.535782
3024.535782
3024.535782
3024.535782
3024.535782
3024.535782
3024.535782
3024.535782
3024.535782
3024.535782
3024.535782
3024.535782
3024.535782
3024.535782
3024.535782
3024.535782
3024.535782
3024.535782
3024.535782
3024.535782
3024.535782
3024.535782
3024.535782
3024.535782
3024.535782
3024.535782
3024.535782
3024.433425
3024.433425
3024.433425
3024.433425
3024.433425
3024.433425
3024.433425
3024.433425
3024.433425
3024.433425
3024.433425
3024.433425
3024.433425
3024.433425
3024.433425
3024.433425
3024.433425
3024.433425
3024.433425
3024.433425
3024.433425
3024.433425
3024.433425
3024.433425
3024.433425
3024.433425
3024.433425
3024.433425
3024.433425
3024.433425
3024.433425
3024.433425
3023.263202
3023.263202
3023.263202
3023.263202
3023.263202
3023.263202
3023.263202
3023.263202
3023.263202
3023.263202
3023.263202
3023.263202
3023.263202
3023.263202
3023.263202
3023.263202
3023.263202
3023.263202
3023.263202
3023.263202
3023.263202
3023.263202
3023.263202
3023.263202
3023.263202
3023.263202
3023.263202
3023.263202
3023.263202
3023.263202
3023.263202
3023.263202
3023.263202
3023.263202
3023.263202
3023.263202
3023.263202
3023.263202
3023.263202
3022.732434
3022.732434
3022.732434
3022.732434
3022.732434
3022.061862
3022.061862
3022.061862
3022.061862
3022.061862
3022.061862
3022.061862
3022.061862
3022.061862
3022.061862
3022.061862
3022.061862
3022.061862
3022.061862
3021.693952
3021.693952
3021.693952
3021.693952
3021.693952
3021.693952
3021.693952
3021.693952
3021.693952
3021.693952
3021.693952
3021.693952
3021.693952
3021.693952
3021.693952
3021.693952
3021.693952
3021.693952
3021.693952
3021.693952
3021.693952
3021.693952
3021.693952
3021.693952
3021.693952
3021.693952
3021.693952
3021.693952
3021.693952
3021.693952
3021.693952
3021.693952
3021.693952
3021.693952
3021.689170
3021.689170
3021.689170
3021.689170
3021.689170
3021.689170
3021.689170
3021.689170
3021.689170
3021.689170
3021.687256
3021.687256
3021.687256
3021.687256
3021.687256
3021.687256
3021.687256
3021.687256
3021.687256
3021.687256
3021.687256
3021.687256
3021.687256
3021.687256
3021.687256
3021.687256
3021.687256
3021.687256
3021.687256
3021.406800
3021.406800
3021.406800
3021.406800
3021.406800
3021.406800
3021.406800
3021.406800
3021.406800
3021.406800
3021.406800
3021.406800
3021.406800
3021.406800
3021.406800
3021.406800
3021.406800
3021.406800
3021.406800
3021.406800
3021.406800
3021.406800
3021.406800
3021.406800
3021.406800
3021.406800
3021.406800
3021.056718
3021.056718
3021.056718
3021.056718
3021.056718
3021.056718
3021.056718
3021.056718
3021.056718
3021.056718
3021.056718
3021.056718
3021.056718
3021.056718
3021.056718
3021.056718
3021.056718
3021.056718
3021.056718
3021.056718
3021.056718
3020.251607
3020.251607
3020.251607
3020.251607
3020.251607
3019.687243
3019.687243
3019.687243
3019.687243
3019.687243
3019.687243
3019.687243
3019.687243
3019.687243
3019.687243
3019.687243
3019.687243
3019.687243
3019.687243
3019.687243
3019.687243
3019.687243
3019.687243
3019.687243
3019.687243
3019.687243
3019.687243
3019.687243
3019.687243
3019.687243
3019.687243
3019.687243
3019.687243
3019.687243
3019.687243
3019.687243
3019.687243
3019.652343
3019.652343
3019.652343
3019.652343
3019.652343
3019.652343
3019.652343
3019.652343
3019.652343
3019.652343
3019.652343
3019.652343
3016.287585
3016.287585
3016.287585
3016.287585
3016.287585
3016.287585
3016.287585
3016.287585
3016.287585
3016.287585
3016.287585
3016.287585
3016.287585
3016.287585
3016.287585
3016.287585
3016.287585
3016.287585
3016.287585
3016.287585
3016.287585
3016.287585
3016.287585
3016.287585
3016.287585
3016.287585
3016.287585
3016.287585
3016.287585
3016.287585
3016.287585
3016.287585
3016.287585
3016.287585
3016.287585
3016.287585
3016.287585
3016.287585
3016.287585
3016.287585
3016.287585
3016.287585
3016.287585
3016.287585
3016.287585
3016.287585
3016.287585
3016.287585
3016.287585
3016.287585
3016.287585
3016.287585
3016.287585
3016.287585
3016.287585
3016.287585
3016.287585
3016.287585
3016.287585
3016.287585
3016.287585
3016.287585
3016.287585
3016.287585
3016.287585
3016.287585
3016.287585
3016.287585
3016.287585
3016.287585
3016.287585
3016.287585
3016.287585
3016.287585
3016.287585
3016.287585
3016.287585
3016.287585
3016.287585
3016.287585
3016.287585
3016.287585
3016.287585
3016.287585
3016.287585
3016.287585
3016.287585
3016.287585
3016.287585
3016.287585
3016.287585
3016.287585
3016.287585
3016.287585
3016.036992
3016.036992
3016.036992
3016.036992
3016.036992
3016.036992
3016.036992
3016.036992
3016.036992
3016.036992
3016.036992
3016.036992
3016.036992
3016.036992
3016.036992
3016.036992
3016.036992
3016.036992
3015.828250
3015.828250
3015.828250
3015.828250
3015.828250
3015.828250
3015.828250
3015.828250
3015.828250
3015.828250
3015.828250
3015.828250
3015.828250
3015.828250
3015.828250
3015.828250
3015.828250
3015.828250
3015.828250
3015.828250
3015.828250
3015.828250
3015.828250
3015.828250
3015.828250
3015.828250
3015.828250
3015.828250
3015.828250
3015.828250
3015.828250
3015.828250
3015.828250
3015.828250
3015.828250
3015.828250
3015.828250
3015.828250
3015.828250
3015.828250
3015.828250
3015.828250
3015.828250
3015.828250
3015.828250
3015.828250
3015.828250
3015.828250
3015.828250
3015.828250
3015.828250
3015.339839
3015.339839
3015.339839
3015.339839
3015.339839
3014.114670
3014.114670
3014.114670
3014.114670
3014.114670
3014.114670
3014.114670
3014.114670
3014.114670
3014.114670
3014.114670
3014.114670
3014.114670
3014.114670
3014.114670
3014.114670
3014.114670
3014.114670
3014.114670
3014.114670
3014.114670
3014.114670
3014.114670
3014.114670
3014.114670
3014.114670
3014.114670
3014.114670
3014.114670
3011.816481
3011.816481
3011.816481
3011.816481
3011.816481
3011.816481
3011.816481
3011.816481
3011.816481
3011.816481
3011.816481
3011.816481
3011.816481
3011.816481
3011.816481
3011.816481
3011.816481
3011.816481
3011.816481
3011.816481
3011.816481
3011.816481
3011.816481
3011.816481
3011.816481
3011.816481
3011.816481
3011.816481
3011.816481
3011.816481
3011.816481
3011.816481
3011.816481
3011.816481
3011.816481
3011.816481
3011.816481
3011.816481
3011.816481
3011.816481
3011.816481
3011.816481
3011.816481
3011.816481
3011.816481
3011.816481
3011.816481
3011.816481
3011.816481
3011.816481
3011.502904
3011.502904
3011.502904
3011.502904
3011.502904
3011.502904
3011.502904
3011.502904
3011.502904
3011.502904
3011.502904
3011.502904
3011.502904
3011.502904
3011.502904
3011.502904
3010.827695
3010.827695
3010.827695
3010.827695
3010.827695
3010.827695
3010.827695
3010.827695
3010.827695
3010.827695
3010.827695
3010.827695
3010.827695
3010.827695
3010.827695
3010.827695
3010.827695
3010.827695
3010.827695
3010.827695
3010.506981
3010.506981
3010.506981
3010.506981
3010.506981
3010.506981
3010.506981
3010.506981
3010.506981
3010.506981
3010.506981
3010.506981
3010.506981
3010.506981
3010.506981
3010.506981
3010.506981
3010.506981
3010.506981
3010.506981
3010.506981
3010.506981
3010.506981
3010.506981
3010.506981
3010.506981
3010.506981
3010.506981
3010.506981
3010.506981
3010.506981
3010.506981
3010.506981
3010.506981
3010.506981
3010.506981
3010.506981
3010.506981
3010.506981
3010.506981
3010.506981
3010.506981
3010.506981
3010.506981
3010.506981
3010.506981
3010.506981
3010.506981
3010.506981
3010.506981
3010.506981
3010.506981
3010.506981
3010.506981
3010.506981
3010.506981
3010.506981
3010.506981
3010.506981
3010.506981
3010.506981
3010.506981
3010.506981
3010.506981
3010.506981
3010.506981
3010.506981
3010.506981
3010.506981
3010.506981
3010.506981
3010.506981
3010.506981
3008.850325
3008.850325
3008.850325
3008.850325
3008.850325
3008.850325
3008.850325
3008.850325
3008.850325
3008.850325
3008.850325
3008.850325
3008.850325
3008.850325
3008.850325
3008.850325
3008.850325
3008.850325
3008.850325
3008.850325
3008.850325
3008.850325
3008.850325
3008.850325
3008.850325
3008.850325
3008.850325
3008.850325
3008.850325
3008.850325
3008.850325
3008.850325
3008.850325
3008.850325
3008.850325
3008.850325
3008.850325
3008.850325
3008.850325
3008.850325
3008.850325
3008.850325
3008.850325
3008.850325
3008.850325
3008.850325
3008.850325
3008.850325
3008.850325
3008.850325
3008.850325
3008.850325
3008.850325
3008.850325
3008.850325
3008.850325
3008.850325
3008.850325
3008.850325
3008.850325
3008.850325
3008.850325
3008.850325
3008.850325
3008.850325
3008.850325
3008.850325
3008.850325
3008.850325
3008.850325
3008.850325
3008.850325
3008.850325
3008.850325
3008.850325
3008.850325
3008.850325
3008.850325
3008.850325
3008.850325
3008.850325
3008.850325
3008.850325
3008.850325
3008.850325
3008.850325
3008.850325
3008.850325
3008.850325
3008.850325
3008.850325
3008.850325
3008.850325
3008.850325
3008.850325
3008.850325
3008.850325
3008.850325
3008.850325
3008.850325
3008.850325
3008.850325
3008.850325
3008.850325
3008.850325
3008.850325
3008.850325
3008.850325
3008.850325
3008.850325
3008.850325
3008.850325
3008.850325
3008.850325
3008.850325
3008.850325
3008.850325
3008.850325
3008.850325
3008.850325
3008.850325
3008.850325
3008.850325
3008.850325
3008.850325
3008.850325
3008.850325
3008.693881
3008.693881
3008.693881
3008.693881
3008.693881
3008.693881
3008.693881
3008.693881
3008.693881
3008.693881
3008.693881
3008.693881
3007.912979
3007.912979
3007.912979
3007.912979
3007.912979
3007.912979
3007.912979
3007.912979
3007.912979
3007.912979
3007.912979
3007.912979
3007.912979
3007.912979
3007.912979
3007.912979
3007.912979
3007.912979
3007.912979
3007.912979
3007.912979
3007.912979
3007.912979
3007.912979
3007.912979
3007.912979
3007.912979
3007.912979
3007.912979
3007.912979
3007.912979
3007.912979
3007.912979
3007.912979
3007.912979
3007.912979
3007.912979
3007.912979
3007.912979
3007.912979
3007.912979
3007.912979
3007.912979
3007.912979
3007.912979
3007.912979
3007.912979
3007.912979
3007.912979
3007.912979
3007.912979
3007.912979
3007.912979
3007.912979
3007.912979
3007.912979
3007.912979
3007.912979
3007.912979
3007.912979
3007.912979
3007.912979
3007.912979
3007.912979
3007.912979
3007.912979
3007.912979
3007.912979
3007.912979
3007.912979
3007.912979
3007.912979
3007.912979
3007.912979
3007.912979
3007.912979
3007.912979
3007.912979
3006.898831
3006.898831
3006.898831
3006.898831
3006.898831
3006.898831
3006.898831
3006.898831
3006.898831
3006.898831
3006.898831
3006.898831
3006.898831
3006.898831
3006.898831
3006.898831
3006.898831
3006.898831
3006.898831
3006.898831
3006.898831
3006.898831
3006.898831
3006.898831
3006.898831
3006.898831
3006.898831
3006.898831
3006.898831
3006.898831
3006.898831
3006.898831
3006.898831
3006.898831
3006.898831
3006.898831
3006.898831
3006.898831
3006.898831
3006.898831
3006.898831
3006.898831
3006.898831
3006.863651
3006.863651
3006.863651
3006.863651
3006.863651
3006.863651
3006.863651
3006.863651
3006.863651
3004.898796
3004.898796
3004.898796
3004.898796
3004.898796
3004.898796
3004.898796
3004.898796
3004.898796
3004.898796
3004.898796
3004.898796
3004.898796
3004.898796
3004.898796
3004.898796
3004.898796
3004.898796
3004.898796
3004.898796
3004.898796
3004.898796
3004.898796
3004.898796
3004.898796
3004.898796
3004.898796
3004.898796
3004.898796
3004.898796
3004.898796
3004.898796
3004.898796
3004.898796
3004.898796
3004.898796
3004.898796
3004.898796
3004.898796
3004.898796
3004.898796
3004.898796
3004.898796
3004.898796
3004.898796
3004.898796
3004.898796
3004.898796
3004.898796
3004.898796
3004.898796
3004.898796
3004.898796
3004.623955
3004.623955
3004.623955
3004.623955
3004.344148
3004.344148
3004.344148
3004.344148
3004.344148
3004.344148
3004.344148
3004.344148
3004.344148
3004.344148
3004.344148
3004.344148
3004.344148
3004.344148
3004.344148
3004.344148
3004.344148
3004.344148
3004.344148
3004.344148
3004.344148
3004.344148
3004.344148
3004.344148
3004.344148
3004.344148
3004.344148
3004.344148
3004.344148
3004.344148
3004.344148
3004.344148
3004.344148
3004.344148
3004.344148
3004.344148
3004.344148
3004.344148
3004.344148
3004.343597
3004.343597
3004.343597
3004.343597
3004.343597
3004.343597
3004.343597
3004.343597
3004.343597
3004.256725
3004.256725
3004.256725
3004.256725
3004.174075
3002.751205
3002.751205
3002.751205
3002.751205
3002.751205
3002.751205
3002.751205
3002.751205
3002.751205
3002.751205
3002.751205
3002.751205
3002.751205
3002.751205
3002.751205
3002.751205
3002.751205
3002.751205
3002.751205
3002.751205
3002.751205
3002.751205
3002.751205
3002.751205
3002.751205
3002.751205
3002.751205
3002.751205
3002.751205
3002.751205
3002.751205
3002.751205
3002.751205
3002.751205
3002.751205
3002.751205
3002.751205
3002.751205
3002.751205
3002.751205
3002.751205
3002.751205
3002.751205
3002.751205
3002.751205
3002.751205
3002.751205
3002.751205
3002.751205
3002.751205
3002.751205
3002.751205
3002.751205
3002.751205
3002.751205
3002.751205
3002.751205
3002.751205
3002.751205
3002.751205
3002.751205
3002.751205
3002.751205
3002.751205
3002.751205
3002.751205
3002.751205
3002.751205
3002.751205
3002.751205
3002.751205
3002.751205
3002.751205
3002.751205
3002.751205
3002.751205
3002.751205
3002.751205
3002.751205
3002.751205
3002.751205
3002.751205
3002.751205
3002.751205
3002.751205
3002.751205
3002.751205
3002.751205
3002.751205
3002.751205
3002.751205
3002.751205
3002.751205
3002.751205
3002.676238
3002.676238
3002.676238
3002.676238
3002.676238
3002.676238
3002.676238
3002.676238
3002.676238
3002.654441
3002.654441
3002.654441
3002.654441
3002.654441
3002.654441
3002.654441
3002.654441
3002.654441
3002.654441
3002.654441
3002.654441
3002.654441
3002.654441
3002.062092
3002.062092
3001.995435
3001.995435
3001.995435
3001.995435
3001.995435
3001.995435
3001.995435
3001.995435
3001.995435
3001.995435
3001.995435
3001.995435
3001.995435
3001.995435
3001.995435
3001.995435
3001.995435
3001.995435
3001.995435
3001.995435
3001.995435
3001.995435
3001.995435
3001.995435
3001.995435
3001.995435
3001.995435
3001.995435
3001.995435
3001.995435
3001.995435
3001.995435
3001.995435
3001.995435
3001.995435
3001.995435
3001.995435
3001.995435
3001.995435
3001.995435
3001.995435
3001.995435
3001.995435
3001.995435
3001.995435
3001.995435
3001.995435
3001.995435
3001.995435
3001.995435
3001.995435
3001.995435
3001.995435
3001.995435
3001.995435
3001.995435
3001.995435
3001.995435
3001.995435
3001.995435
3001.995435
3001.995435
3001.995435
3001.995435
3001.995435
3001.995435
3001.995435
3001.995435
3001.995435
3001.995435
3001.995435
3001.995435
3001.995435
3001.995435
3001.995435
3001.995435
3001.995435
3001.995435
3001.995435
3001.995435
3001.995435
3001.995435
3001.995435
3001.995435
3001.995435
3001.995435
3001.995435
3001.995435
3001.995435
3001.995435
3001.995435
3001.995435
3001.995435
3001.995435
3001.995435
3001.995435
3001.995435
3001.995435
3001.995435
3001.995435
3001.995435
3001.995435
3001.995435
3001.995435
3001.995435
3001.995435
3001.995435
3001.995435
3001.995435
3001.995435
3001.995435
3001.995435
3001.995435
3001.995435
3001.995435
3001.995435
3001.995435
3001.995435
3001.995435
3001.995435
3001.995435
3001.995435
3001.995435
3001.995435
3001.995435
3001.828514
3001.828514
3001.828514
3001.828514
3001.828514
3001.828514
3001.828514
3001.828514
3001.828514
3001.828514
3001.828514
3001.828514
3001.828514
3001.828514
3001.828514
3001.828514
3001.828514
3001.828514
3001.828514
3001.828514
3000.765678
3000.765678
3000.765678
3000.765678
3000.765678
3000.765678
3000.765678
3000.765678
3000.765678
3000.765678
3000.765678
3000.765678
3000.765678
3000.765678
3000.765678
3000.765678
3000.765678
3000.765678
3000.765678
3000.765678
3000.765678
3000.765678
3000.765678
3000.765678
3000.765678
3000.765678
3000.765678
3000.765678
3000.765678
3000.765678
3000.765678
3000.765678
3000.765678
3000.765678
3000.765678
3000.765678
3000.765678
3000.765678
3000.765678
3000.765678
3000.765678
3000.765678
3000.765678
3000.765678
3000.765678
3000.765678
3000.765678
3000.765678
3000.765678
3000.765678
3000.765678
3000.765678
3000.765678
3000.765678
3000.765678
3000.765678
3000.594575
3000.594575
3000.594575
3000.594575
3000.594575
3000.594575
3000.594575
3000.594575
3000.594575
3000.594575
3000.594575
3000.594575
3000.594575
3000.594575
3000.594575
3000.594575
3000.594575
3000.594575
3000.594575
3000.594575
3000.594575
3000.594575
3000.594575
3000.594575
3000.594575
2999.938475
2999.938475
2999.938475
2999.938475
2999.938475
2999.938475
2999.938475
2999.938475
2999.938475
2999.938475
2999.938475
2999.938475
2999.938475
2999.938475
2999.938475
2999.938475
2999.938475
2999.938475
2999.938475
2999.938475
2999.938475
2999.938475
2999.938475
2999.938475
2999.938475
2999.938475
2999.938475
2999.938475
2999.938475
2999.938475
2999.938475
2999.938475
2999.938475
2999.938475
2999.938475
2999.938475
2999.938475
2999.938475
2999.938475
2999.938475
2999.938475
2999.938475
2999.938475
2999.938475
2999.938475
2999.938475
2999.938475
2999.938475
2999.938475
2999.938475
2999.938475
2999.938475
2999.938475
2999.938475
2999.938475
2999.938475
2999.938475
2999.938475
2999.938475
2999.938475
2999.938475
2999.938475
2999.938475
2999.938475
2999.938475
2999.938475
2999.938475
2999.938475
2999.938475
2999.938475
2999.938475
2999.938475
2999.938475
2999.938475
2999.938475
2999.938475
2999.938475
2999.938475
2999.938475
2999.938475
2999.938475
2999.624244
2999.624244
2999.624244
2999.624244
2999.624244
2999.624244
2999.624244
2999.624244
2999.624244
2999.624244
2999.624244
2999.624244
2999.624244
2999.624244
2999.624244
2999.624244
2999.624244
2999.624244
2999.535414
2999.535414
2999.535414
2999.535414
2999.535414
2999.535414
2999.535414
2999.535414
2999.535414
2999.535414
2999.535414
2999.535414
2999.535414
2999.535414
2999.535414
2999.535414
2999.535414
2999.535414
2996.953169
2996.953169
2996.953169
2996.953169
2996.953169
2996.953169
2996.953169
2996.662367
2996.662367
2996.662367
2996.662367
2996.662367
2996.662367
2996.662367
2996.662367
2996.662367
2996.662367
2996.662367
2996.662367
2996.662367
2996.662367
2996.662367
2996.662367
2996.662367
2996.662367
2996.662367
2996.662367
2996.662367
2996.662367
2996.662367
2996.662367
2996.662367
2996.662367
2996.662367
2996.662367
2996.662367
2996.662367
2996.662367
2996.662367
2996.382093
2996.382093
2996.375728
2996.375728
2996.375728
2996.375728
2996.375728
2996.375728
2996.375728
2996.375728
2996.375728
2996.375728
2996.375728
2996.375728
2996.375728
2996.375728
2996.375728
2996.375728
2996.375728
2996.360823
2996.360823
2996.360823
2996.360823
2996.360823
2996.360823
2996.360823
2996.360823
2996.360823
2996.360823
2996.360823
2996.360823
2996.360823
2996.360823
2996.360823
2996.360823
2996.360823
2996.360823
2996.360823
2996.360823
2996.360823
2995.218046
2995.218046
2995.218046
2995.218046
2995.218046
2995.218046
2995.218046
2995.218046
2995.218046
2995.218046
2995.218046
2995.218046
2995.218046
2995.218046
2995.218046
2995.218046
2995.218046
2995.218046
2995.218046
2995.218046
2995.218046
2995.218046
2995.218046
2995.218046
2995.218046
2995.218046
2995.218046
2995.218046
2995.218046
2995.218046
2995.218046
2995.218046
2995.218046
2995.218046
2995.218046
2995.218046
2995.218046
2995.218046
2995.218046
2995.218046
2995.218046
2995.218046
2995.218046
2995.218046
2995.218046
2995.218046
2995.218046
2995.218046
2995.218046
2995.218046
2995.218046
2995.218046
2995.218046
2995.218046
2995.218046
2995.218046
2995.218046
2995.218046
2995.218046
2995.218046
2995.218046
2995.218046
2995.218046
2995.218046
2995.218046
2995.218046
2994.369952
2994.369952
2994.369952
2994.369952
2994.369952
2994.369952
2994.369952
2994.369952
2994.369952
2994.369952
2994.369952
2994.369952
2994.369952
2994.369952
2994.369952
2994.369952
2994.369952
2994.369952
2994.369952
2994.369952
2994.369952
2994.369952
2994.369952
2994.369952
2994.369952
2994.369952
2994.369952
2994.369952
2994.369952
2994.369952
2994.369952
2994.369952
2994.369952
2994.369952
2993.952513
2993.952513
2993.952513
2993.952513
2993.952513
2993.952513
2993.952513
2993.952513
2992.989627
2992.989627
2992.989627
2992.989627
2992.989627
2992.989627
2992.989627
2992.989627
2992.989627
2992.989627
2992.989627
2992.989627
2992.989627
2992.989627
2992.989627
2992.989627
2992.989627
2992.989627
2992.989627
2992.989627
2992.989627
2992.989627
2992.989627
2992.989627
2992.989627
2992.989627
2992.989627
2992.989627
2992.989627
2992.989627
2992.989627
2992.989627
2992.989627
2992.989627
2992.989627
2992.989627
2992.989627
2992.989627
2992.989627
2992.989627
2992.989627
2992.989627
2991.715203
2991.715203
2991.715203
2991.715203
2991.715203
2991.715203
2991.715203
2991.715203
2991.715203
2991.715203
2991.715203
2991.715203
2991.715203
2991.715203
2991.715203
2991.715203
2991.715203
2991.715203
2991.715203
2991.715203
2991.715203
2991.715203
2991.715203
2991.715203
2991.715203
2991.715203
2991.715203
2991.715203
2991.715203
2991.715203
2991.715203
2991.715203
2991.715203
2991.715203
2991.715203
2991.715203
2991.715203
2991.715203
2991.715203
2991.715203
2991.715203
2991.715203
2991.715203
2991.715203
2991.715203
2991.715203
2991.715203
2991.715203
2991.715203
2991.715203
2991.715203
2991.715203
2991.715203
2991.715203
2991.715203
2991.715203
2991.715203
2991.715203
2991.715203
2991.715203
2991.715203
2991.699104
2991.699104
2991.699104
2991.699104
2991.699104
2991.699104
2991.699104
2991.699104
2991.699104
2991.699104
2991.699104
2991.699104
2991.699104
2991.699104
2991.699104
2989.842773
2989.842773
2989.842773
2989.842773
2989.842773
2989.842773
2989.842773
2989.842773
2989.842773
2989.842773
2989.842773
2989.842773
2989.842773
2989.842773
2989.842773
2989.842773
2989.842773
2989.842773
2989.842773
2989.842773
2989.842773
2989.842773
2989.842773
2989.842773
2989.842773
2989.842773
2989.842773
2989.842773
2989.842773
2989.842773
2989.842773
2989.842773
2989.842773
2989.842773
2989.842773
2989.842773
2989.842773
2989.842773
2989.842773
2989.842773
2989.842773
2989.842773
2989.842773
2989.842773
2989.842773
2989.842773
2989.842773
2989.842773
2989.842773
2989.842773
2989.842773
2989.842773
2989.842773
2989.842773
2989.842773
2989.842773
2989.842773
2989.842773
2989.842773
2989.842773
2989.842773
2989.842773
2989.169376
2989.169376
2989.169376
2989.169376
2989.169376
2989.169376
2989.169376
2989.169376
2989.169376
2989.169376
2985.253156
2985.253156
2985.253156
2985.253156
2985.253156
2985.253156
2985.253156
2985.253156
2985.253156
2985.253156
2985.253156
2985.253156
2985.253156
2985.253156
2985.253156
2985.253156
2985.253156
2985.253156
2985.253156
2985.253156
2985.253156
2985.253156
2985.253156
2985.253156
2985.253156
2985.253156
2985.253156
2985.253156
2985.253156
2985.253156
2985.253156
2985.253156
2985.253156
2985.253156
2985.253156
2985.253156
2985.253156
2985.253156
2985.253156
2985.253156
2985.253156
2985.253156
2985.253156
2985.253156
2985.253156
2985.253156
2985.253156
2985.253156
2985.253156
2985.253156
2985.253156
2985.253156
2985.253156
2985.253156
2985.253156
2985.253156
2985.253156
2985.253156
2985.253156
2985.253156
2985.253156
2985.253156
2985.253156
2985.253156
2985.253156
2985.253156
2985.253156
2985.253156
2985.253156
2985.253156
2985.253156
2985.253156
2985.253156
2985.253156
2985.253156
2985.253156
2985.253156
2985.253156
2985.253156
2985.253156
2985.253156
2985.253156
2985.253156
2985.253156
2985.253156
2985.253156
2985.253156
2984.547430
2984.547430
2984.547430
2984.547430
2984.547430
2984.547430
2984.547430
2984.547430
2984.547430
2984.547430
2984.547430
2984.547430
2984.547430
2984.547430
2984.547430
2984.547430
2984.547430
2984.547430
2984.547430
2984.547430
2984.547430
2984.547430
2981.881589
2981.881589
2981.881589
2981.881589
2981.881589
2981.881589
2981.881589
2981.881589
2981.881589
2981.881589
2981.881589
2981.881589
2981.881589
2981.881589
2981.881589
2981.881589
2981.881589
2981.881589
2981.881589
2981.881589
2981.881589
2981.881589
2981.881589
2981.881589
2981.881589
2981.881589
2981.881589
2981.881589
2981.881589
2981.881589
2981.881589
2981.881589
2981.881589
2981.881589
2981.881589
2981.881589
2981.881589
2981.881589
2981.881589
2981.881589
2981.881589
2981.881589
2981.881589
2981.881589
2981.881589
2981.881589
2981.881589
2981.881589
2981.881589
2981.881589
2981.881589
2981.881589
2981.881589
2981.881589
2981.881589
2981.881589
2981.881589
2981.881589
2981.881589
2981.881589
2981.881589
2981.881589
2981.881589
2981.881589
2979.860965
2979.860965
2979.860965
2979.860965
2979.860965
2979.860965
2979.860965
2979.860965
2979.860965
2979.860965
2979.860965
2979.860965
2979.860965
2979.860965
2979.860965
2979.860965
2979.860965
2979.860965
2979.860965
2979.860965
2979.860965
2979.860965
2979.860965
2979.860965
2979.860965
2979.860965
2979.860965
2979.860965
2979.860965
2978.171107
2978.171107
2978.171107
2978.171107
2978.171107
2978.171107
2978.171107
2978.171107
2978.171107
2978.171107
2978.171107
2978.171107
2978.171107
2978.171107
2978.171107
2978.171107
2978.171107
2978.171107
2978.171107
2978.171107
2978.171107
2978.171107
2978.171107
2978.171107
2978.171107
2978.171107
2978.171107
2978.171107
2978.171107
2978.171107
2978.171107
2978.171107
2978.171107
2978.171107
2978.171107
2978.171107
2978.171107
2978.171107
2978.171107
2978.171107
2978.171107
2978.171107
2978.171107
2978.171107
2978.171107
2978.171107
2978.171107
2978.171107
2978.171107
2978.171107
2978.171107
2978.171107
2978.171107
2978.171107
2978.171107
2978.171107
2978.171107
2978.171107
2977.076492
2977.076492
2977.076492
2977.048055
2977.048055
2977.048055
2977.048055
2977.048055
2977.048055
2977.048055
2977.048055
2977.048055
2977.048055
2977.048055
2977.048055
2977.048055
2977.048055
2977.048055
2977.048055
2977.048055
2977.048055
2977.048055
2977.048055
2971.393986
2971.393986
2971.393986
2971.393986
2971.393986
2971.393986
2971.393986
2971.393986
2971.393986
2971.393986
2971.393986
2971.393986
2971.393986
2971.393986
2971.393986
2971.393986
2971.393986
2966.641485
2966.641485
2966.641485
2966.641485
2966.641485
2966.641485
2966.641485
2966.641485
2966.641485
2966.641485
2966.641485
2966.641485
2966.641485
2966.641485
2966.641485
2966.641485
2966.641485
2966.641485
2966.641485
2966.641485
2966.641485
2966.641485
2966.641485
2966.641485
2966.641485
2966.641485
2966.641485
2966.641485
2966.641485
2966.641485
2966.641485
2966.641485
2966.641485
2966.641485
2966.641485
2966.641485
2966.641485
2966.641485
2966.641485
2966.641485
2966.641485
2966.641485
2966.641485
2966.641485
2966.641485
2966.641485
2966.641485
2966.641485
2966.641485
2966.641485
2966.641485
2966.641485
2966.641485
2966.641485
2966.641485
2966.641485
2966.641485
2966.641485
2966.641485
2966.641485
2966.641485
2966.641485
2966.641485
2966.641485
2966.641485
2966.641485
2966.641485
2966.641485
2966.641485
2966.641485
2966.641485
2966.641485
2966.641485
2966.641485
2966.641485
2966.641485
2966.641485
2966.641485
2966.641485
2966.641485
2966.641485
2966.641485
2966.641485
2966.641485
2966.641485
2966.641485
2966.641485
2966.641485
2966.641485
2966.641485
2966.641485
2966.641485
2966.641485
2966.641485
2966.641485
2966.641485
2966.641485
2966.641485
2966.641485
2966.641485
2966.641485
2966.641485
2966.641485
2966.641485
2966.641485
2966.641485
2966.641485
2966.641485
2966.641485
2966.641485
2966.641485
2966.641485
2966.641485
2966.641485
2966.641485
2966.641485
2966.641485
2966.641485
2965.793515
2965.793515
2965.793515
2965.793515
2965.793515
2965.793515
2965.793515
2965.793515
2965.793515
2965.793515
2965.793515
2965.793515
2965.793515
2965.793515
2965.793515
2965.793515
2965.793515
2965.793515
2965.793515
2965.793515
2965.793515
2965.793515
2965.793515
2965.793515
2965.793515
2965.793515
2965.793515
2965.793515
2965.793515
2965.793515
2965.793515
2965.793515
2965.793515
2965.793515
2965.793515
2965.793515
2965.793515
2965.793515
2965.793515
2965.793515
2965.793515
2965.793515
2965.793515
2965.793515
2965.793515
2965.793515
2965.793515
2965.793515
2965.793515
2965.793515
2965.793515
2965.793515
2965.793515
2965.793515
2965.793515
2965.793515
2965.793515
2965.793515
2965.793515
2965.793515
2965.793515
2965.793515
2960.079382
2960.079382
2960.079382
2960.079382
2960.079382
2960.079382
2960.079382
2960.079382
2960.079382
2960.079382
2960.079382
2960.079382
2960.079382
2960.079382
2960.079382
2960.079382
2960.079382
2960.079382
2960.079382
2960.079382
2960.079382
2960.079382
2960.079382
2960.079382
2960.079382
2960.079382
2960.079382
2960.079382
2960.079382
2960.079382
2960.079382
2960.079382
2960.079382
2960.079382
2960.079382
2960.079382
2960.079382
2960.079382
2958.921877
2958.921877
2958.921877
2958.921877
2958.921877
2958.921877
2958.921877
2958.921877
2958.921877
2958.921877
2958.921877
2958.921877
2958.921877
2958.921877
2958.921877
2958.921877
2958.921877
2958.036818
2952.213060
2952.213060
2952.213060
2952.213060
2952.213060
2952.213060
2952.213060
2952.213060
2952.213060
2952.213060
2952.213060
2952.213060
2952.213060
2952.213060
2952.213060
2952.213060
2952.213060
2952.213060
2952.213060
2952.213060
2952.213060
2952.213060
2952.213060
2952.213060
2952.213060
2952.213060
2952.213060
2952.213060
2952.213060
2952.213060
2952.213060
2952.213060
2952.213060
2952.213060
2952.213060
2952.213060
2952.213060
2952.213060
2952.213060
2952.213060
2952.213060
2952.213060
2952.213060
2952.213060
2952.213060
2952.213060
2952.213060
2952.213060
2952.213060
2952.213060
2952.213060
2952.213060
2952.213060
2952.213060
2952.213060
2952.213060
2952.213060
2952.213060
2952.213060
2952.213060
2952.213060
2952.213060
2952.213060
2952.213060
2952.213060
2952.213060
2952.213060
2952.213060
2952.213060
2952.213060
2952.213060
2952.213060
2952.213060
2952.213060
2952.213060
2952.213060
2952.213060
2952.213060
2952.213060
2952.213060
2952.213060
2952.213060
2952.213060
2952.213060
2952.213060
2952.213060
2952.213060
2952.213060
2952.213060
2952.213060
2952.213060
2952.213060
2952.213060
2952.213060
2952.213060
2952.213060
2952.213060
2952.213060
2952.213060
2952.213060
2952.213060
2952.213060
2952.213060
2952.213060
2952.213060
2952.213060
2952.213060
2952.213060
2952.213060
2952.213060
2952.213060
2952.213060
2952.213060
2952.213060
2952.213060
2952.213060
2952.213060
2952.213060
2952.213060
2952.213060
2952.213060
2952.213060
2952.213060
2938.698648
2938.698648
2938.698648
2938.698648
2938.698648
2938.698648
2938.698648
2938.698648
2938.698648
2938.698648
2938.698648
2938.698648
2938.698648
2938.698648
2938.698648
2938.698648
2938.698648
2938.698648
2938.698648
2938.698648
2938.698648
2938.698648
2938.698648
2938.698648
2938.698648
2938.698648
2938.698648
2938.698648
2938.698648
2938.698648
2938.698648
2938.698648
2938.698648
2938.698648
2938.698648
2938.698648
2938.698648
2938.698648
2938.698648
2938.698648
2938.698648
2938.698648
2938.698648
2938.698648
2938.698648
2938.698648
2938.698648
2938.698648
2938.698648
2938.698648
2934.513707
2934.513707
2934.513707
2934.513707
2934.513707
2934.513707
2934.513707
2934.513707
2934.513707
2934.513707
2934.513707
2934.513707
2934.513707
2934.513707
2934.513707
2934.513707
2934.513707
2934.513707
2934.513707
2934.513707
2934.513707
2934.513707
2934.513707
2934.513707
2934.513707
2934.513707
2934.513707
2934.513707
2934.513707
2934.513707
2934.513707
2934.513707
2934.513707
2934.513707
2934.513707
2934.513707
2934.513707
2934.513707
2934.513707
2934.513707
2934.513707
2934.513707
2934.513707
2934.513707
2934.513707
2934.513707
2934.513707
2934.513707
2934.513707
2934.513707
2934.513707
2934.513707
2934.513707
2934.513707
2934.513707
2934.513707
2934.513707
2934.513707
2934.513707
2934.513707
2934.513707
2934.513707
2934.513707
2934.513707
2934.513707
2934.513707
2934.513707
2934.513707
2934.513707
2934.513707
2934.513707
2934.513707
2934.513707
2934.513707
2931.728152
2931.728152
2931.728152
2931.728152
2931.728152
2931.728152
2931.728152
2931.728152
2931.728152
2931.728152
2931.728152
2931.728152
2931.728152
2931.728152
2931.728152
2931.728152
2931.728152
2931.728152
2931.728152
2931.728152
2931.728152
2931.728152
2931.728152
2931.728152
2931.728152
2931.728152
2931.728152
2931.728152
2925.823424
2925.823424
2925.823424
2925.823424
2925.823424
2925.823424
2925.823424
2925.823424
2925.823424
2925.823424
2925.823424
2925.823424
2925.823424
2925.823424
2925.823424
2925.823424
2925.823424
2925.823424
2925.823424
2925.823424
2925.823424
2925.823424
2925.823424
2925.823424
2918.976664
2918.976664
2918.976664
2918.976664
2918.976664
2918.976664
2918.976664
2918.976664
2918.976664
2918.976664
2918.976664
2918.976664
2918.976664
2918.976664
2918.976664
2918.976664
2918.976664
2918.976664
2918.976664
2918.976664
2918.976664
2918.976664
2918.976664
2918.976664
2918.976664
2918.976664
2918.976664
2918.976664
2918.976664
2918.976664
2918.976664
2918.976664
2918.976664
2918.976664
2918.976664
2918.976664
2918.976664
2918.976664
2918.976664
2918.976664
2918.976664
2918.976664
2918.976664
2917.933282
2917.933282
2917.933282
2917.933282
2917.933282
2917.933282
2917.933282
2917.933282
2917.933282
2917.933282
2917.933282
2917.933282
2917.933282
2917.933282
2917.933282
2917.933282
2917.933282
2917.933282
2917.933282
2917.933282
2917.933282
2917.933282
2917.933282
2917.933282
2917.933282
2917.933282
2917.933282
2917.933282
2917.933282
2917.933282
2917.933282
2917.933282
2917.933282
2904.997937
2904.997937
2904.997937
2904.997937
2904.997937
2904.997937
2904.997937
2904.997937
2904.997937
2904.997937
2904.997937
2904.997937
2904.997937
2904.997937
2904.997937
2904.997937
2904.997937
2904.997937
2904.997937
2904.997937
2904.997937
2904.997937
2904.997937
2904.997937
2904.997937
2904.997937
2904.997937
2904.997937
2904.997937
2904.997937
2904.997937
2904.997937
2904.997937
2904.997937
2904.997937
2904.997937
2904.997937
2904.997937
2904.997937
2904.997937
2904.997937
2904.997937
2904.997937
2904.997937
2904.997937
2904.997937
2904.997937
2904.997937
2904.997937
2904.997937
2902.191835
2902.191835
2902.191835
2902.191835
2902.191835
2902.191835
2902.191835
2902.191835
2902.191835
2902.191835
2902.191835
2902.191835
2902.191835
2902.191835
2902.191835
2902.191835
2902.191835
2902.191835
2902.191835
2902.191835
2902.191835
2902.191835
2902.191835
2902.191835
2902.191835
2902.191835
2902.191835
2902.191835
2902.191835
2902.191835
2902.191835
2902.191835
2902.191835
2902.191835
2902.191835
2902.191835
2902.191835
2902.191835
2902.191835
2902.191835
2902.191835
2902.191835
2902.191835
2902.191835
2902.191835
2902.191835
2902.191835
2902.191835
2902.191835
2902.191835
2902.191835
2902.191835
2902.191835
2902.191835
2902.191835
2899.017391
2899.017391
2899.017391
2899.017391
2899.017391
2899.017391
2899.017391
2899.017391
2899.017391
2899.017391
2899.017391
2899.017391
2899.017391
2899.017391
2899.017391
2880.744052
2880.744052
2880.744052
2880.744052
2880.744052
2880.744052
2880.744052
2880.744052
2880.744052
2880.744052
2880.744052
2880.744052
2880.744052
2880.744052
2880.744052
2880.744052
2880.744052
2880.744052
2880.744052
2880.744052
2880.744052
2880.744052
2880.744052
2880.744052
2880.744052
2880.744052
2880.744052
2880.744052
2880.744052
2880.744052
2880.744052
2880.744052
2880.744052
2880.744052
2880.744052
2880.744052
2880.744052
2880.744052
2880.744052
2880.744052
2880.744052
2880.744052
2880.744052
2880.744052
2880.744052
2880.744052
2880.744052
2880.744052
2880.744052
2880.744052
2880.744052
2876.526598
2876.526598
2876.526598
2876.526598
2876.526598
2876.526598
2876.526598
2876.526598
2876.526598
2876.526598
2876.526598
2876.526598
2876.526598
2876.526598
2876.526598
2876.526598
2876.526598
2876.526598
2876.526598
2876.526598
2876.526598
2876.526598
2876.526598
2876.526598
2876.526598
2876.526598
2876.526598
2876.526598
2876.526598
2876.526598
2867.668294
2865.232827
2865.232827
2865.232827
2865.232827
2865.232827
2865.232827
2865.232827
2865.232827
2865.232827
2865.232827
2865.232827
2865.232827
2865.232827
2865.232827
2865.232827
2865.232827
2865.232827
2865.232827
2865.232827
2865.232827
2865.232827
2865.232827
2865.232827
2865.232827
2865.232827
2865.232827
2865.232827
2865.232827
2863.334579
2863.334579
2863.334579
2863.334579
2863.334579
2863.334579
2863.334579
2863.334579
2863.334579
2862.328030
2862.328030
2862.328030
2862.328030
2862.328030
2862.328030
2862.328030
2862.328030
2862.328030
2862.328030
2862.328030
2862.328030
2862.328030
2862.328030
2862.328030
2833.255325
2833.255325
2833.255325
2833.255325
2833.255325
2833.255325
2833.255325
2833.255325
2833.255325
2833.255325
2833.255325
2833.255325
2833.255325
2833.255325
2833.255325
2833.255325
2833.255325
2833.255325
2833.255325
2833.255325
2833.255325
2833.255325
2833.255325
2833.255325
2833.255325
2833.255325
2833.255325
2833.255325
2833.255325
2833.255325
2833.255325
2833.255325
2833.255325
2833.255325
2833.255325
2833.255325
2833.255325
2833.255325
2833.255325
2833.255325
2833.255325
2833.255325
2833.255325
2833.255325
2833.255325
2833.255325
2833.255325
2833.255325
2833.255325
2833.255325
2823.320285
2823.320285
2823.320285
2823.320285
2823.320285
2823.320285
2823.320285
2823.320285
2818.176155
2818.176155
2818.176155
2818.176155
2818.176155
2818.176155
2818.176155
2818.176155
2818.176155
2818.176155
2818.176155
2818.176155
2818.176155
2818.176155
2818.176155
2818.176155
2818.176155
2818.176155
2818.176155
2818.176155
2818.176155
2818.176155
2818.176155
2818.176155
2818.176155
2818.176155
2818.176155
2818.176155
2818.176155
2818.176155
2818.176155
2818.176155
2818.176155
2818.176155
2818.176155
2818.176155
2818.176155
2818.176155
2818.176155
2818.176155
2818.176155
2818.176155
2818.176155
2818.176155
2818.176155
2818.176155
2818.176155
2818.176155
2818.176155
2818.176155
2818.176155
2818.176155
2818.176155
2818.176155
2818.176155
2818.176155
2818.176155
2818.176155
2818.176155
2818.176155
2818.176155
2818.176155
2818.176155
2818.176155
2818.176155
2818.176155
2818.176155
2818.176155
2818.176155
2818.176155
2818.176155
2818.176155
2818.176155
2818.176155
2818.176155
2818.176155
2818.176155
2812.160476
2812.160476
2812.160476
2812.160476
2812.160476
2812.160476
2812.160476
2812.160476
2812.160476
2812.160476
2812.160476
2812.160476
2812.160476
2812.160476
2812.160476
2812.160476
2812.160476
2812.160476
2812.160476
2812.160476
2812.160476
2812.160476
2812.160476
2812.160476
2812.160476
2806.583388
2806.583388
2806.583388
2806.583388
2806.583388
2806.583388
2806.583388
2806.583388
2806.583388
2806.583388
2806.583388
2806.583388
2806.583388
2806.583388
2806.583388
2806.583388
2806.583388
2806.583388
2806.583388
2806.583388
2806.583388
2806.583388
2806.583388
2806.583388
2806.583388
2806.583388
2806.583388
2806.583388
2806.583388
2806.583388
2806.583388
2806.583388
2797.029742
2797.029742
2797.029742
2797.029742
2797.029742
2797.029742
2797.029742
2797.029742
2797.029742
2797.029742
2797.029742
2797.029742
2797.029742
2797.029742
2797.029742
2797.029742
2797.029742
2797.029742
2797.029742
2797.029742
2792.261890
2792.261890
2792.261890
2792.261890
2792.261890
2792.261890
2792.261890
2792.261890
2792.261890
2792.261890
2792.261890
2792.261890
2792.261890
2792.261890
2792.261890
2792.261890
2792.261890
2792.261890
2792.261890
2792.261890
2792.261890
2792.261890
2792.261890
2777.794460
2777.794460
2777.794460
2777.794460
2777.794460
2777.794460
2777.794460
2777.794460
2777.794460
2777.794460
2772.645805
2772.645805
2772.645805
2772.645805
2772.645805
2772.645805
2772.645805
2772.645805
2772.645805
2772.645805
2772.645805
2772.645805
2772.645805
2772.645805
2772.645805
2772.645805
2772.645805
2772.645805
2772.645805
2772.645805
2772.645805
2772.645805
2772.645805
2772.645805
2772.645805
2772.645805
2772.645805
2747.218566
2747.218566
2747.218566
2747.218566
2747.218566
2747.218566
2747.218566
2747.218566
2747.218566
2747.218566
2747.218566
2747.218566
2747.218566
2747.218566
2747.218566
2747.218566
2747.218566
2747.218566
2747.218566
2747.218566
2742.612859
2742.612859
2742.612859
2742.612859
2742.612859
2742.612859
2742.612859
2742.612859
2742.612859
2742.612859
2742.612859
2742.612859
2742.612859
2742.612859
2742.612859
2742.612859
2742.612859
2742.612859
2742.612859
2742.612859
2742.612859
2742.612859
2742.612859
2742.612859
2742.612859
2742.612859
2742.612859
2742.612859
2742.612859
2742.612859
2742.612859
2742.612859
2742.612859
2742.612859
2742.612859
2742.612859
2742.612859
2742.612859
2742.612859
2742.612859
2742.612859
2742.612859
2742.612859
2742.612859
2742.612859
2742.612859
2742.612859
2742.612859
2742.612859
2742.612859
2742.612859
2728.333884
2728.333884
2728.333884
2728.333884
2728.333884
2728.333884
2728.333884
2728.333884
2728.333884
2728.333884
2728.333884
2728.333884
2728.333884
2728.333884
2728.333884
2728.333884
2728.333884
2728.333884
2728.333884
2728.333884
2728.333884
2728.333884
2728.333884
2728.333884
2728.333884
2728.333884
2728.333884
2728.333884
2728.333884
2728.333884
2728.333884
2728.333884
2728.333884
2728.333884
2728.333884
2728.333884
2728.333884
2728.333884
2728.333884
2728.333884
2728.333884
2728.333884
2728.333884
2728.333884
2728.333884
2728.333884
2728.333884
2728.333884
2728.333884
2728.333884
2728.333884
2728.333884
2728.333884
2728.333884
2728.333884
2728.333884
2728.333884
2728.333884
2728.333884
2728.333884
2728.333884
2728.333884
2728.333884
2728.333884
2728.333884
2728.333884
2728.333884
2728.333884
2728.333884
2728.333884
2728.333884
2728.333884
2728.333884
2728.333884
2728.333884
2728.333884
2728.333884
2728.333884
2728.333884
2728.333884
2728.333884
2728.333884
2728.333884
2728.333884
2728.333884
2728.333884
2728.333884
2728.333884
2728.333884
2728.333884
2728.333884
2728.333884
2728.333884
2728.333884
2728.333884
2728.333884
2728.333884
2728.333884
2728.333884
2728.333884
2728.333884
2728.333884
2728.333884
2728.333884
2728.333884
2728.333884
2728.333884
2728.333884
2728.333884
2728.333884
2728.333884
2728.333884
2728.333884
2728.333884
2728.333884
2728.333884
2728.333884
2728.333884
2728.333884
2728.333884
2728.333884
2728.333884
2728.333884
2728.333884
2728.333884
2728.333884
2728.333884
2728.333884
2728.333884
2728.333884
2728.333884
2728.333884
2728.333884
2728.333884
2728.333884
2728.333884
2728.333884
2728.333884
2728.333884
2728.333884
2728.333884
2728.333884
2728.333884
2728.333884
2728.333884
2728.333884
2727.941443
2727.941443
2727.941443
2727.941443
2727.941443
2727.941443
2727.941443
2727.941443
2727.941443
2688.412118
2688.412118
2688.412118
2688.412118
2688.412118
2688.412118
2688.412118
2688.412118
2688.412118
2688.412118
2688.412118
2688.412118
2688.412118
2688.412118
2688.412118
2688.412118
2688.412118
2688.412118
2688.412118
2688.412118
2688.412118
2688.412118
2688.412118
2688.412118
2688.412118
2688.412118
2688.412118
2688.412118
2688.412118
2688.412118
2688.412118
2688.412118
2688.412118
2688.412118
2688.412118
2688.412118
2688.412118
2688.412118
2688.412118
2688.412118
2688.412118
2688.412118
2688.412118
2688.412118
2688.412118
2688.412118
2688.412118
2688.412118
2688.412118
2688.412118
2688.412118
2688.412118
2688.412118
2688.412118
2688.412118
2688.412118
2688.412118
2688.412118
2688.412118
2688.412118
2688.412118
2688.412118
2688.412118
2688.412118
2688.412118
2688.412118
2681.761575
2681.761575
2681.761575
2681.761575
2681.761575
2681.761575
2681.761575
2681.761575
2681.761575
2681.761575
2681.761575
2681.761575
2681.761575
2681.761575
2681.761575
2681.761575
2681.761575
2681.761575
2681.761575
2681.761575
2681.761575
2681.761575
2681.761575
2681.761575
2681.761575
2681.761575
2681.761575
2681.761575
2681.761575
2681.761575
2681.761575
2681.761575
2681.761575
2681.761575
2681.761575
2681.761575
2681.761575
2681.761575
2681.761575
2681.761575
2681.761575
2681.761575
2681.761575
2681.761575
2681.761575
2681.761575
2681.761575
2681.761575
2681.761575
2681.761575
2681.761575
2681.761575
2681.761575
2681.761575
2681.761575
2681.761575
2681.761575
2681.761575
2681.761575
2681.761575
2681.761575
2681.761575
2681.761575
2681.761575
2681.761575
2681.761575
2681.761575
2681.761575
2681.761575
2681.761575
2681.761575
2681.761575
2681.761575
2681.761575
2681.761575
2681.761575
2681.761575
2681.761575
2681.761575
2681.761575
2681.761575
2681.761575
2681.761575
2681.761575
2681.761575
2681.761575
2681.761575
2671.181963
2671.181963
2671.181963
2671.181963
2671.181963
2671.181963
2671.181963
2671.181963
2671.181963
2671.181963
2671.181963
2671.181963
2671.181963
2671.181963
2671.181963
2671.181963
2671.181963
2671.181963
2671.181963
2671.181963
2671.181963
2671.181963
2671.181963
2671.181963
2671.181963
2671.181963
2671.181963
2671.181963
2671.181963
2671.181963
2671.181963
2671.181963
2661.349885
2661.349885
2661.349885
2661.349885
2661.349885
2661.349885
2661.349885
2661.349885
2661.349885
2661.349885
2661.349885
2661.349885
2661.349885
2661.349885
2661.349885
2661.349885
2661.349885
2661.349885
2661.349885
2661.349885
2661.349885
2661.349885
2661.349885
2661.349885
2661.349885
2661.349885
2661.349885
2661.349885
2661.349885
2661.349885
2661.349885
2661.349885
2661.349885
2661.349885
2661.349885
2661.349885
2661.349885
2661.349885
2661.349885
2661.349885
2661.349885
2661.349885
2661.349885
2661.349885
2661.349885
2661.349885
2661.349885
2661.349885
2661.349885
2661.349885
2661.349885
2661.349885
2656.266686
2646.381183
2646.381183
2646.381183
2646.381183
2646.381183
2646.381183
2646.381183
2646.381183
2646.381183
2646.381183
2646.381183
2646.381183
2646.381183
2646.381183
2646.381183
2646.381183
2646.381183
2646.381183
2646.381183
2646.381183
2646.381183
2646.381183
2646.381183
2646.381183
2646.381183
2646.381183
2646.381183
2646.381183
2646.381183
2646.381183
2646.381183
2646.381183
2646.381183
2646.381183
2646.381183
2646.381183
2646.381183
2646.381183
2646.381183
2646.381183
2646.381183
2646.381183
2646.381183
2646.381183
2646.381183
2646.381183
2646.381183
2646.381183
2646.381183
2646.381183
2646.381183
2646.381183
2646.381183
2646.381183
2646.381183
2646.381183
2646.381183
2646.381183
2645.166959
2645.166959
2645.166959
2645.166959
2645.166959
2645.166959
2645.166959
2645.166959
2645.166959
2645.166959
2645.166959
2645.166959
2645.166959
2645.166959
2645.166959
2645.166959
2645.166959
2645.166959
2645.166959
2645.166959
2645.166959
2645.166959
2645.166959
2645.166959
2645.166959
2645.166959
2645.166959
2645.166959
2645.166959
2645.166959
2645.166959
2645.166959
2645.166959
2645.166959
2645.166959
2645.166959
2645.166959
2645.166959
2645.166959
2645.166959
2645.166959
2645.166959
2645.166959
2645.166959
2643.800565
2643.800565
2643.800565
2643.800565
2643.800565
2643.800565
2643.800565
2643.800565
2643.800565
2643.800565
2643.800565
2643.800565
2622.339011
2622.339011
2622.339011
2622.339011
2622.339011
2622.339011
2622.339011
2622.339011
2622.339011
2622.339011
2622.339011
2622.339011
2622.339011
2622.339011
2622.339011
2622.339011
2622.339011
2622.339011
2622.339011
2622.339011
2622.339011
2622.339011
2622.339011
2622.339011
2622.339011
2622.339011
2622.339011
2622.339011
2622.339011
2622.339011
2622.339011
2622.339011
2622.339011
2622.339011
2622.339011
2622.339011
2622.339011
2622.339011
2622.339011
2622.339011
2622.339011
2622.339011
2622.339011
2622.339011
2622.339011
2622.339011
2622.339011
2622.339011
2622.339011
2622.339011
2606.327952
2606.327952
2606.327952
2606.327952
2606.327952
2606.327952
2606.327952
2606.327952
2606.327952
2606.327952
2606.327952
2606.327952
2606.327952
2594.120717
2594.120717
2594.120717
2594.120717
2594.120717
2594.120717
2594.120717
2594.120717
2594.120717
2594.120717
2594.120717
2594.120717
2594.120717
2594.120717
2594.120717
2594.120717
2594.120717
2588.562192
2588.562192
2588.562192
2588.562192
2588.562192
2588.562192
2588.562192
2588.562192
2588.562192
2588.562192
2588.562192
2588.562192
2588.562192
2588.562192
2588.562192
2588.562192
2588.562192
2588.562192
2588.562192
2588.562192
2588.562192
2588.562192
2588.562192
2588.562192
2588.562192
2588.562192
2588.562192
2588.562192
2588.562192
2588.562192
2588.562192
2588.562192
2588.562192
2588.562192
2588.562192
2588.562192
2588.562192
2588.562192
2588.562192
2588.562192
2588.562192
2588.562192
2588.562192
2588.562192
2588.562192
2588.562192
2588.562192
2588.562192
2588.562192
2588.562192
2588.562192
2588.562192
2588.562192
2588.562192
2588.562192
2588.562192
2588.562192
2588.562192
2588.562192
2588.562192
2588.562192
2588.562192
2588.562192
2588.562192
2588.562192
2588.562192
2588.562192
2588.562192
2588.562192
2588.562192
2588.562192
2588.562192
2588.562192
2588.562192
2588.562192
2588.562192
2588.562192
2588.562192
2588.562192
2588.562192
2588.562192
2588.562192
2588.562192
2588.562192
2588.562192
2588.562192
2588.562192
2588.562192
2588.562192
2588.562192
2588.562192
2588.562192
2588.562192
2588.562192
2588.562192
2588.562192
2588.562192
2588.562192
2588.562192
2588.562192
2588.562192
2588.562192
2588.562192
2588.562192
2588.562192
2588.562192
2588.562192
2588.562192
2588.562192
2588.562192
2588.562192
2588.562192
2588.562192
2588.562192
2588.562192
2588.562192
2588.562192
2588.562192
2588.562192
2588.562192
2588.562192
2588.562192
2588.562192
2577.545691
2577.545691
2577.545691
2577.545691
2577.545691
2577.545691
2577.545691
2577.545691
2577.545691
2577.545691
2577.545691
2577.545691
2577.545691
2577.545691
2577.545691
2577.545691
2577.545691
2577.545691
2577.545691
2577.545691
2577.545691
2577.545691
2577.545691
2577.545691
2577.545691
2577.545691
2577.545691
2577.545691
2577.545691
2577.545691
2577.545691
2577.545691
2577.545691
2577.545691
2577.545691
2577.545691
2577.545691
2577.545691
2577.545691
2577.545691
2577.545691
2577.545691
2577.545691
2577.545691
2577.545691
2577.545691
2577.545691
2577.545691
2577.545691
2577.545691
2577.545691
2577.545691
2577.545691
2577.545691
2577.545691
2577.545691
2573.300433
2573.300433
2573.300433
2573.300433
2573.300433
2573.300433
2573.300433
2571.874354
2571.874354
2571.874354
2571.874354
2571.874354
2571.874354
2571.874354
2571.874354
2571.874354
2571.874354
2571.874354
2571.874354
2571.874354
2571.874354
2571.874354
2571.874354
2571.874354
2571.874354
2571.874354
2571.874354
2571.874354
2571.874354
2571.874354
2571.874354
2571.874354
2571.874354
2571.874354
2571.874354
2571.874354
2571.874354
2571.874354
2571.874354
2571.874354
2571.874354
2571.874354
2571.874354
2571.874354
2571.874354
2571.874354
2571.874354
2571.874354
2571.874354
2571.874354
2571.874354
2571.874354
2571.874354
2571.874354
2571.874354
2571.874354
2571.874354
2571.874354
2571.874354
2571.874354
2571.874354
2571.874354
2571.874354
2571.874354
2571.874354
2571.874354
2571.874354
2571.874354
2571.874354
2571.874354
2563.455944
2563.455944
2563.455944
2563.455944
2563.455944
2563.455944
2563.455944
2563.455944
2554.559328
2554.559328
2554.559328
2554.559328
2554.559328
2554.559328
2554.559328
2554.559328
2554.559328
2550.066248
2548.347802
2548.347802
2548.347802
2548.347802
2548.347802
2548.347802
2548.347802
2548.347802
2548.347802
2548.347802
2548.347802
2548.347802
2548.347802
2548.347802
2548.347802
2548.347802
2548.347802
2548.347802
2548.347802
2548.347802
2548.347802
2548.347802
2548.347802
2548.347802
2548.347802
2548.347802
2548.347802
2548.347802
2548.347802
2548.347802
2548.347802
2548.347802
2548.347802
2548.347802
2548.347802
2548.347802
2548.347802
2548.347802
2548.347802
2548.347802
2548.347802
2548.347802
2548.347802
2548.347802
2548.347802
2548.347802
2548.347802
2548.347802
2548.347802
2530.083524
2530.083524
2530.083524
2530.083524
2530.083524
2530.083524
2530.083524
2530.083524
2530.083524
2530.083524
2530.083524
2530.083524
2530.083524
2530.083524
2530.083524
2530.083524
2530.083524
2530.083524
2530.083524
2530.083524
2530.083524
2530.083524
2530.083524
2530.083524
2530.083524
2530.083524
2530.083524
2530.083524
2530.083524
2513.219715
2513.219715
2513.219715
2513.219715
2513.219715
2513.219715
2513.219715
2513.219715
2513.219715
2513.219715
2513.219715
2513.219715
2513.219715
2513.219715
2513.219715
2513.219715
2513.219715
2513.219715
2513.219715
2513.219715
2513.219715
2513.219715
2513.219715
2513.219715
2513.219715
2513.219715
2513.219715
2513.219715
2513.219715
2513.219715
2513.219715
2513.219715
2513.219715
2513.219715
2513.219715
2513.219715
2513.219715
2513.219715
2513.219715
2513.219715
2513.219715
2513.219715
2513.219715
2513.219715
2513.219715
2513.219715
2513.219715
2513.219715
2513.219715
2513.219715
2513.219715
2513.219715
2513.219715
2513.219715
2513.219715
2513.219715
2513.219715
2513.219715
2513.219715
2513.219715
2513.219715
2513.219715
2513.219715
2513.219715
2513.219715
2513.219715
2513.219715
2513.219715
2513.219715
2513.219715
2513.219715
2513.219715
2513.219715
2513.219715
2513.219715
2513.219715
2513.219715
2511.099171
2511.099171
2511.099171
2511.099171
2490.735179
2490.735179
2490.735179
2490.735179
2490.735179
2490.735179
2490.735179
2490.735179
2490.735179
2490.735179
2490.735179
2490.735179
2490.735179
2490.735179
2490.735179
2490.735179
2490.735179
2490.735179
2490.735179
2490.735179
2490.735179
2490.735179
2490.735179
2490.735179
2490.735179
2490.735179
2490.735179
2490.735179
2490.735179
2490.735179
2490.735179
2490.735179
2490.735179
2490.735179
2490.735179
2490.735179
2490.735179
2490.735179
2490.735179
2490.735179
2490.735179
2490.735179
2490.735179
2490.735179
2490.735179
2490.735179
2490.735179
2490.735179
2490.735179
2490.735179
2490.735179
2490.735179
2490.735179
2490.735179
2490.735179
2490.735179
2490.735179
2490.735179
2490.735179
2490.735179
2490.735179
2490.735179
2490.735179
2490.735179
2490.735179
2490.735179
2490.735179
2490.735179
2490.735179
2490.735179
2490.735179
2490.735179
2490.735179
2490.735179
2490.735179
2490.735179
2490.735179
2490.735179
2490.735179
2490.735179
2490.735179
2490.735179
2490.735179
2490.735179
2490.735179
2490.735179
2490.735179
2490.735179
2468.401275
2468.401275
2468.401275
2468.401275
2468.401275
2468.401275
2468.401275
2468.401275
2468.401275
2468.401275
2468.401275
2468.401275
2468.401275
2468.401275
2468.401275
2468.401275
2468.401275
2468.401275
2468.401275
2468.401275
2468.401275
2468.401275
2468.401275
2468.401275
2468.401275
2468.401275
2468.401275
2468.401275
2468.401275
2468.401275
2468.401275
2468.401275
2468.401275
2468.401275
2468.401275
2468.401275
2468.401275
2468.401275
2468.401275
2468.401275
2468.401275
2468.401275
2468.401275
2468.401275
2468.401275
2468.401275
2468.401275
2468.401275
2468.401275
2468.401275
2468.401275
2468.401275
2468.401275
2468.401275
2468.401275
2468.401275
2468.401275
2468.401275
2468.401275
2468.401275
2468.401275
2468.401275
2468.401275
2468.401275
2440.652051
2440.652051
2440.652051
2440.652051
2440.652051
2440.652051
2440.652051
2440.652051
2440.652051
2440.652051
2440.652051
2440.652051
2440.652051
2440.652051
2440.652051
2440.652051
2440.652051
2440.652051
2440.652051
2440.652051
2440.652051
2440.652051
2440.652051
2440.652051
2440.652051
2440.652051
2440.652051
2440.652051
2440.652051
2440.652051
2440.652051
2440.652051
2440.652051
2440.652051
2440.652051
2440.652051
2440.652051
2440.652051
2440.652051
2440.652051
2440.652051
2440.652051
2440.652051
2440.652051
2440.652051
2440.652051
2440.652051
2440.652051
2440.652051
2440.652051
2440.652051
2440.652051
2440.652051
2440.652051
2440.652051
2440.652051
2440.652051
2440.652051
2440.652051
2440.652051
2440.652051
2440.652051
2440.652051
2440.652051
2440.652051
2440.652051
2440.652051
2440.652051
2440.652051
2440.652051
2440.652051
2440.652051
2440.652051
2440.652051
2440.652051
2435.964468
2435.964468
2435.964468
2435.964468
2435.964468
2435.964468
2435.964468
2435.964468
2435.964468
2435.964468
2435.964468
2435.964468
2435.964468
2435.964468
2435.964468
2423.600270
2416.434128
2416.434128
2416.434128
2416.434128
2416.434128
2416.434128
2416.434128
2416.434128
2416.434128
2416.434128
2416.434128
2416.434128
2416.434128
2416.434128
2416.434128
2416.434128
2416.434128
2416.434128
2416.434128
2416.434128
2416.434128
2416.434128
2416.434128
2416.434128
2416.434128
2416.434128
2416.434128
2416.434128
2416.434128
2416.434128
2416.434128
2416.434128
2416.434128
2416.434128
2416.434128
2416.434128
2416.434128
2416.434128
2416.434128
2416.434128
2416.434128
2416.434128
2416.434128
2414.317176
2410.716059
2410.716059
2410.716059
2410.716059
2410.716059
2410.716059
2410.716059
2410.716059
2410.716059
2410.716059
2410.716059
2410.716059
2410.716059
2410.716059
2410.716059
2410.716059
2410.716059
2410.716059
2410.716059
2410.716059
2410.716059
2410.716059
2410.716059
2410.716059
2410.716059
2410.716059
2410.716059
2410.716059
2410.716059
2410.716059
2410.716059
2410.716059
2410.716059
2410.716059
2410.716059
2410.716059
2410.716059
2410.716059
2410.716059
2410.716059
2410.716059
2410.716059
2410.716059
2410.716059
2410.716059
2410.716059
2410.716059
2410.716059
2410.716059
2410.716059
2410.716059
2410.716059
2410.716059
2410.716059
2410.716059
2410.716059
2410.716059
2410.716059
2410.716059
2410.716059
2410.716059
2410.716059
2410.716059
2410.716059
2410.716059
2410.716059
2410.716059
2410.716059
2410.716059
2410.716059
2410.716059
2410.716059
2410.716059
2410.716059
2410.716059
2410.716059
2410.716059
2410.716059
2410.716059
2410.716059
2410.716059
2410.716059
2410.716059
2410.716059
2410.716059
2410.716059
2410.716059
2410.716059
2410.716059
2410.716059
2410.716059
2410.716059
2410.716059
2410.716059
2410.716059
2410.716059
2410.716059
2410.716059
2410.716059
2410.716059
2410.716059
2410.716059
2410.716059
2404.854820
2404.854820
2404.854820
2404.854820
2404.854820
2404.854820
2404.854820
2404.854820
2404.854820
2404.854820
2404.854820
2404.854820
2404.854820
2404.854820
2404.854820
2404.854820
2404.854820
2404.854820
2404.854820
2404.854820
2404.854820
2404.854820
2357.248277
2357.248277
2357.248277
2357.248277
2357.248277
2357.248277
2357.248277
2357.248277
2357.248277
2357.248277
2357.248277
2357.248277
2357.248277
2357.248277
2357.248277
2357.248277
2357.248277
2357.248277
2357.248277
2357.248277
2357.248277
2357.248277
2357.248277
2357.248277
2357.248277
2357.248277
2357.248277
2357.248277
2357.248277
2357.248277
2357.248277
2357.248277
2357.248277
2357.248277
2357.248277
2357.248277
2357.248277
2357.248277
2357.248277
2357.248277
2357.248277
2357.248277
2357.248277
2357.248277
2357.248277
2357.248277
2357.248277
2357.248277
2357.248277
2357.248277
2357.248277
2357.248277
2357.248277
2357.248277
2357.248277
2357.248277
2357.248277
2357.248277
2357.248277
2357.248277
2357.248277
2357.248277
2357.248277
2357.248277
2357.248277
2357.248277
2357.248277
2357.248277
2357.248277
2357.248277
2357.248277
2357.248277
2357.248277
2357.248277
2357.248277
2357.248277
2357.248277
2357.248277
2357.248277
2357.248277
2357.248277
2357.248277
2357.248277
2357.248277
2357.248277
2357.248277
2357.248277
2357.248277
2357.248277
2357.248277
2357.248277
2357.248277
2357.248277
2357.248277
2357.248277
2357.248277
2357.248277
2357.248277
2357.248277
2357.248277
2357.248277
2357.248277
2357.248277
2344.421718
2344.421718
2344.421718
2344.421718
2344.421718
2344.421718
2344.421718
2344.421718
2344.421718
2344.421718
2344.421718
2344.421718
2340.873437
2340.873437
2340.873437
2340.873437
2340.873437
2340.873437
2340.873437
2340.873437
2340.873437
2340.873437
2340.873437
2340.873437
2340.873437
2340.873437
2340.873437
2340.873437
2340.873437
2340.873437
2340.873437
2340.873437
2340.873437
2340.873437
2340.873437
2340.873437
2340.873437
2340.873437
2340.873437
2340.873437
2340.873437
2340.873437
2340.873437
2340.873437
2340.873437
2340.873437
2340.873437
2340.873437
2340.873437
2340.873437
2338.332742
2295.941405
2295.941405
2295.941405
2295.941405
2295.941405
2295.941405
2295.941405
2295.941405
2295.941405
2295.941405
2295.941405
2295.941405
2295.941405
2295.941405
2295.941405
2295.941405
2295.941405
2295.941405
2295.941405
2295.941405
2295.941405
2295.941405
2295.941405
2295.941405
2295.941405
2295.941405
2295.941405
2295.941405
2295.941405
2295.941405
2295.941405
2295.941405
2295.941405
2295.941405
2295.941405
2295.941405
2295.941405
2295.941405
2295.941405
2295.941405
2295.941405
2295.941405
2295.941405
2295.941405
2295.941405
2295.941405
2295.941405
2295.941405
2295.941405
2295.941405
2295.941405
2295.941405
2295.941405
2295.941405
2295.941405
2295.941405
2295.941405
2295.941405
2295.941405
2295.941405
2295.941405
2295.941405
2295.941405
2295.941405
2295.941405
2295.941405
2295.941405
2295.941405
2295.941405
2295.941405
2295.941405
2295.941405
2295.941405
2295.941405
2295.941405
2295.941405
2295.941405
2295.941405
2295.941405
2295.941405
2295.941405
2295.941405
2295.941405
2295.941405
2295.941405
2295.941405
2295.941405
2295.941405
2295.941405
2295.941405
2295.941405
2295.941405
2295.941405
2295.941405
2295.941405
2295.941405
2295.941405
2295.941405
2295.941405
2295.941405
2295.941405
2295.941405
2295.941405
2295.941405
2295.941405
2295.941405
2295.941405
2295.941405
2295.941405
2295.941405
2295.941405
2295.941405
2295.941405
2295.941405
2295.941405
2295.941405
2295.941405
2295.941405
2295.941405
2295.941405
2295.941405
2295.941405
2295.941405
2278.993396
2278.993396
2278.993396
2278.993396
2278.993396
2278.993396
2278.993396
2278.993396
2278.993396
2278.993396
2278.993396
2278.993396
2278.993396
2278.993396
2278.993396
2278.993396
2278.993396
2278.993396
2278.993396
2278.993396
2278.993396
2278.993396
2278.993396
2278.993396
2278.993396
2278.993396
2278.993396
2278.993396
2278.993396
2278.993396
2278.993396
2278.993396
2278.993396
2278.993396
2278.993396
2278.993396
2278.993396
2278.993396
2278.993396
2278.993396
2278.993396
2278.993396
2278.993396
2278.993396
2278.993396
2278.993396
2278.993396
2278.993396
2278.993396
2278.993396
2278.993396
2278.993396
2278.993396
2278.993396
2278.993396
2278.993396
2278.993396
2278.993396
2278.993396
2278.993396
2278.993396
2278.993396
2278.993396
2278.993396
2278.993396
2278.993396
2278.993396
2278.993396
2278.993396
2278.993396
2278.993396
2278.993396
2278.993396
2278.993396
2278.993396
2278.993396
2278.993396
2278.993396
2278.993396
2278.993396
2278.993396
2278.993396
2278.993396
2278.993396
2278.993396
2278.993396
2278.993396
2278.993396
2278.993396
2278.993396
2278.993396
2278.993396
2278.993396
2278.993396
2278.993396
2278.993396
2278.993396
2278.993396
2278.993396
2278.993396
2278.993396
2278.993396
2278.993396
2278.993396
2278.993396
2278.993396
2278.993396
2278.993396
2278.993396
2278.993396
2278.993396
2278.993396
2278.993396
2278.993396
2278.993396
2278.993396
2278.993396
2278.993396
2278.993396
2278.993396
2278.993396
2278.993396
2278.993396
2275.031322
2275.031322
2275.031322
2275.031322
2275.031322
2275.031322
2275.031322
2275.031322
2275.031322
2275.031322
2275.031322
2275.031322
2275.031322
2275.031322
2275.031322
2275.031322
2275.031322
2275.031322
2275.031322
2269.508509
2269.508509
2269.508509
2269.508509
2269.508509
2269.508509
2269.508509
2269.508509
2269.508509
2269.508509
2269.508509
2269.508509
2269.508509
2269.508509
2269.508509
2269.508509
2269.508509
2269.508509
2269.508509
2269.508509
2269.508509
2269.508509
2269.508509
2269.508509
2269.508509
2269.508509
2269.508509
2269.508509
2269.508509
2269.508509
2269.508509
2269.508509
2269.508509
2269.508509
2269.508509
2269.508509
2269.508509
2269.508509
2269.508509
2269.508509
2269.508509
2269.508509
2269.508509
2269.508509
2269.508509
2269.508509
2269.508509
2269.508509
2269.508509
2269.508509
2269.508509
2269.508509
2269.508509
2269.508509
2269.508509
2269.508509
2269.508509
2269.508509
2269.508509
2269.508509
2269.508509
2269.508509
2269.508509
2269.508509
2269.508509
2269.508509
2269.508509
2269.508509
2269.508509
2269.508509
2269.508509
2269.508509
2269.508509
2269.508509
2269.508509
2269.508509
2269.508509
2269.508509
2269.508509
2269.508509
2269.508509
2269.508509
2269.508509
2269.508509
2269.508509
2269.508509
2269.508509
2269.508509
2269.508509
2269.508509
2269.508509
2269.508509
2269.508509
2269.508509
2269.508509
2269.508509
2269.508509
2269.508509
2269.508509
2269.508509
2269.508509
2269.508509
2269.508509
2269.508509
2269.508509
2269.508509
2269.508509
2269.508509
2269.508509
2269.508509
2269.508509
2269.508509
2269.508509
2269.508509
2269.508509
2269.508509
2269.508509
2269.508509
2269.508509
2269.508509
2269.508509
2269.508509
2269.508509
2269.508509
2269.508509
2269.508509
2269.508509
2269.508509
2269.508509
2269.508509
2269.508509
2269.508509
2269.508509
2269.508509
2269.508509
2269.508509
2269.508509
2269.508509
2269.508509
2269.508509
2269.508509
2269.508509
2269.508509
2269.508509
2269.508509
2269.508509
2269.508509
2269.508509
2269.508509
2269.508509
2269.508509
2269.508509
2269.508509
2269.508509
2269.508509
2269.508509
2269.508509
2269.508509
2269.508509
2269.508509
2269.508509
2269.508509
2269.508509
2269.508509
2269.508509
2269.508509
2269.508509
2269.508509
2269.508509
2269.508509
2269.508509
2269.508509
2269.508509
2269.508509
2269.508509
2269.508509
2269.508509
2269.508509
2269.508509
2269.508509
2269.508509
2269.508509
2269.508509
2269.508509
2269.508509
2269.508509
2269.508509
2269.508509
2269.508509
2269.508509
2269.508509
2269.508509
2269.508509
2269.508509
2269.508509
2269.508509
2269.508509
2269.508509
2269.508509
2269.508509
2269.508509
2269.508509
2269.508509
2269.508509
2269.508509
2269.508509
2269.508509
2269.508509
2269.508509
2269.508509
2269.508509
2269.508509
2269.508509
2269.508509
2269.508509
2269.508509
2269.508509
2269.508509
2269.508509
2269.508509
2269.508509
2269.508509
2269.508509
2269.508509
2269.508509
2269.508509
2269.508509
2269.508509
2269.508509
2269.508509
2269.508509
2269.508509
2269.508509
2269.508509
2269.508509
2269.508509
2269.508509
2269.508509
2269.508509
2269.508509
2269.508509
2269.508509
2269.508509
2269.508509
2269.508509
2269.508509
2269.508509
2269.508509
2269.508509
2269.508509
2269.508509
2269.508509
2269.508509
2269.508509
2269.508509
2269.508509
2269.508509
2269.508509
2269.508509
2269.508509
2269.508509
2269.508509
2269.508509
2269.508509
2269.508509
2269.508509
2269.508509
2269.508509
2269.508509
2269.508509
2269.508509
2269.508509
2263.803496
2263.803496
2263.803496
2263.803496
2263.803496
2263.803496
2263.803496
2263.803496
2263.803496
2263.803496
2263.803496
2263.803496
2263.803496
2263.803496
2263.803496
2263.803496
2263.803496
2263.803496
2263.803496
2263.803496
2263.803496
2263.803496
2263.803496
2263.803496
2263.803496
2263.803496
2263.803496
2263.803496
2263.803496
2263.803496
2263.803496
2263.803496
2263.803496
2263.803496
2263.803496
2263.803496
2263.803496
2263.803496
2263.803496
2263.803496
2263.803496
2263.803496
2263.803496
2263.803496
2263.803496
2263.803496
2263.803496
2263.803496
2263.803496
2263.803496
2263.803496
2263.803496
2263.803496
2263.803496
2263.803496
2263.803496
2263.803496
2263.803496
2263.803496
2263.803496
2263.803496
2263.803496
2263.803496
2263.803496
2263.803496
2263.803496
2263.803496
2263.803496
2263.803496
2263.803496
2263.803496
2263.803496
2263.803496
2263.803496
2263.803496
2263.803496
2263.803496
2263.803496
2263.803496
2263.803496
2263.803496
2263.803496
2263.803496
2263.803496
2263.803496
2263.803496
2263.803496
2263.803496
2263.803496
2263.803496
2263.803496
2263.803496
2263.803496
2263.803496
2263.803496
2263.803496
2263.803496
2263.803496
2263.803496
2263.803496
2263.803496
2263.803496
2263.803496
2263.803496
2263.803496
2263.803496
2263.803496
2263.803496
2263.803496
2263.803496
2256.768157
2256.768157
2256.768157
2256.768157
2256.768157
2256.768157
2256.768157
2256.768157
2256.768157
2256.768157
2256.768157
2256.768157
2256.768157
2256.768157
2256.768157
2256.768157
2256.768157
2256.768157
2256.768157
2256.768157
2256.768157
2256.768157
2256.768157
2256.768157
2256.768157
2256.768157
2256.768157
2256.768157
2256.768157
2256.768157
2256.768157
2256.768157
2256.768157
2256.768157
2256.768157
2256.768157
2256.768157
2256.768157
2256.768157
2256.768157
2256.768157
2256.768157
2256.768157
2256.768157
2256.768157
2256.768157
2256.768157
2256.768157
2256.768157
2256.768157
2254.709905
2254.709905
2254.709905
2254.709905
2254.709905
2254.709905
2254.709905
2254.709905
2254.709905
2254.709905
2254.709905
2254.709905
2254.709905
2254.709905
2254.709905
2254.709905
2254.709905
2254.709905
2254.709905
2254.709905
2254.709905
2254.709905
2254.709905
2254.709905
2254.709905
2254.709905
2254.709905
2254.709905
2254.709905
2254.709905
2254.709905
2254.709905
2254.709905
2254.709905
2254.709905
2254.709905
2254.709905
2254.709905
2254.709905
2254.709905
2254.709905
2254.709905
2254.709905
2254.709905
2254.709905
2254.709905
2254.709905
2254.709905
2254.709905
2254.709905
2254.709905
2254.709905
2254.709905
2254.709905
2254.709905
2254.709905
2254.709905
2254.709905
2254.709905
2254.709905
2248.712519
2248.712519
2248.712519
2248.712519
2248.712519
2248.712519
2248.712519
2248.712519
2248.712519
2248.712519
2248.712519
2248.712519
2248.712519
2248.712519
2248.712519
2248.712519
2248.712519
2248.712519
2248.712519
2248.712519
2248.712519
2248.712519
2248.712519
2248.712519
2248.712519
2248.712519
2248.712519
2248.712519
2248.712519
2233.259708
2233.259708
2233.259708
2233.259708
2233.259708
2233.259708
2233.259708
2233.259708
2233.259708
2233.259708
2233.259708
2233.259708
2233.259708
2233.259708
2233.259708
2233.259708
2233.259708
2233.259708
2233.259708
2233.259708
2233.259708
2233.259708
2233.259708
2233.259708
2233.259708
2233.259708
2233.259708
2233.259708
2233.259708
2233.259708
2233.259708
2233.259708
2233.259708
2233.259708
2233.259708
2233.259708
2233.259708
2233.259708
2217.915517
2217.915517
2217.915517
2217.915517
2217.915517
2217.915517
2217.915517
2217.915517
2217.915517
2217.915517
2217.915517
2217.915517
2217.915517
2217.915517
2217.915517
2217.915517
2217.915517
2217.915517
2217.915517
2217.915517
2217.915517
2217.915517
2217.915517
2217.915517
2217.915517
2217.915517
2217.915517
2217.915517
2217.915517
2217.915517
2217.915517
2217.915517
2217.915517
2217.915517
2217.915517
2217.915517
2217.915517
2217.915517
2217.915517
2217.915517
2217.915517
2217.915517
2217.915517
2217.915517
2217.915517
2217.915517
2215.972025
2215.972025
2215.972025
2215.972025
2215.972025
2215.972025
2215.972025
2215.972025
2215.972025
2215.972025
2215.972025
2215.972025
2215.972025
2215.972025
2215.972025
2215.972025
2215.972025
2215.972025
2215.972025
2215.972025
2215.972025
2215.972025
2215.972025
2215.972025
2215.972025
2215.972025
2215.972025
2215.972025
2215.972025
2215.972025
2215.972025
2215.972025
2215.972025
2215.972025
2215.972025
2215.972025
2215.972025
2215.972025
2215.972025
2215.972025
2215.972025
2215.972025
2215.972025
2215.972025
2215.972025
2215.972025
2215.972025
2215.972025
2215.972025
2215.972025
2215.972025
2215.972025
2215.972025
2215.972025
2215.972025
2215.972025
2215.972025
2215.972025
2215.972025
2215.972025
2215.972025
2215.972025
2215.972025
2215.972025
2215.972025
2215.972025
2215.972025
2215.972025
2215.972025
2215.972025
2215.972025
2215.972025
2215.972025
2215.972025
2215.972025
2215.972025
2215.972025
2215.972025
2215.972025
2215.972025
2215.972025
2215.972025
2215.972025
2215.972025
2215.972025
2215.972025
2215.972025
2215.972025
2215.972025
2215.972025
2215.972025
2215.972025
2215.972025
2215.972025
2215.972025
2206.859308
2206.859308
2206.859308
2206.859308
2206.859308
2206.859308
2206.859308
2206.859308
2206.859308
2206.859308
2206.859308
2206.859308
2206.859308
2206.859308
2206.859308
2206.859308
2206.859308
2206.859308
2206.859308
2206.859308
2206.859308
2206.859308
2206.859308
2206.859308
2206.859308
2206.859308
2206.859308
2206.859308
2206.859308
2206.859308
2206.859308
2206.859308
2206.859308
2206.859308
2206.859308
2206.859308
2206.859308
2206.859308
2206.859308
2206.859308
2206.859308
2206.859308
2206.859308
2206.859308
2206.859308
2206.859308
2206.859308
2206.859308
2206.859308
2206.859308
2206.859308
2206.859308
2206.859308
2206.859308
2206.859308
2206.859308
2206.859308
2206.859308
2206.859308
2206.859308
2192.189815
2192.189815
2192.189815
2192.189815
2192.189815
2192.189815
2192.189815
2192.189815
2192.189815
2192.189815
2192.189815
2192.189815
2192.189815
2192.189815
2192.189815
2192.189815
2192.189815
2192.189815
2192.189815
2192.189815
2192.189815
2192.189815
2192.189815
2192.189815
2192.189815
2192.189815
2192.189815
2192.189815
2192.189815
2192.189815
2192.189815
2192.189815
2192.189815
2192.189815
2192.189815
2192.189815
2192.189815
2192.189815
2192.189815
2192.189815
2192.189815
2192.189815
2192.189815
2192.189815
2192.189815
2192.189815
2192.189815
2192.189815
2192.189815
2192.189815
2192.189815
2192.189815
2192.189815
2192.189815
2192.189815
2192.189815
2192.189815
2192.189815
2192.189815
2192.189815
2192.189815
2192.189815
2192.189815
2192.189815
2192.189815
2192.189815
2192.189815
2192.189815
2192.189815
2192.189815
2192.189815
2192.189815
2192.189815
2192.189815
2192.189815
2192.189815
2192.189815
2192.189815
2192.189815
2192.189815
2192.189815
2192.189815
2192.189815
2192.189815
2192.189815
2192.189815
2192.189815
2192.189815
2192.189815
2192.189815
2192.189815
2192.189815
2192.189815
2192.189815
2192.189815
2192.189815
2192.189815
2192.189815
2192.189815
2192.189815
2189.910108
2189.910108
2189.910108
2189.910108
2189.910108
2189.910108
2189.910108
2189.910108
2189.910108
2189.910108
2189.910108
2189.910108
2189.910108
2189.910108
2189.910108
2189.910108
2189.910108
2189.910108
2189.910108
2189.910108
2189.910108
2189.910108
2189.910108
2189.910108
2189.910108
2189.910108
2189.910108
2189.910108
2189.910108
2189.910108
2189.910108
2189.910108
2189.910108
2189.910108
2189.910108
2189.910108
2189.910108
2189.910108
2189.910108
2189.910108
2189.910108
2189.910108
2189.910108
2189.910108
2189.910108
2189.910108
2189.910108
2189.910108
2189.910108
2189.910108
2189.910108
2189.910108
2189.910108
2189.910108
2189.910108
2189.910108
2189.910108
2189.910108
2189.910108
2189.910108
2189.910108
2189.910108
2189.910108
2189.910108
2189.910108
2189.910108
2189.910108
2189.910108
2189.910108
2189.910108
2189.910108
2189.910108
2189.910108
2189.910108
2189.910108
2189.910108
2189.910108
2189.910108
2189.910108
2189.910108
2189.910108
2189.910108
2189.910108
2189.910108
2189.910108
2189.910108
2189.910108
2189.910108
2189.910108
2189.910108
2189.910108
2189.910108
2189.910108
2189.910108
2189.910108
2189.910108
2189.910108
2189.910108
2189.910108
2189.910108
2189.910108
2189.910108
2189.910108
2189.910108
2189.910108
2189.910108
2189.910108
2189.910108
2189.910108
2189.910108
2189.910108
2189.910108
2189.910108
2189.910108
2189.910108
2189.910108
2189.910108
2189.910108
2189.910108
2189.910108
2189.910108
2189.910108
2189.910108
2189.910108
2189.910108
2189.910108
2189.910108
2189.910108
2189.910108
2189.910108
2189.910108
2189.910108
2189.910108
2189.910108
2189.910108
2189.910108
2189.910108
2189.910108
2189.910108
2189.910108
2189.910108
2189.910108
2189.910108
2189.910108
2189.910108
2189.910108
2189.910108
2189.910108
2189.910108
2189.910108
2189.910108
2189.910108
2189.910108
2189.910108
2189.910108
2189.910108
2189.910108
2189.910108
2189.910108
2189.910108
2189.910108
2189.910108
2189.910108
2189.910108
2186.993036
2186.993036
2186.993036
2186.993036
2186.993036
2186.993036
2186.993036
2186.993036
2186.993036
2186.993036
2186.993036
2186.993036
2186.993036
2186.993036
2186.993036
2186.993036
2186.993036
2186.993036
2186.993036
2186.993036
2186.993036
2186.993036
2186.993036
2186.993036
2186.993036
2186.993036
2186.993036
2186.993036
2186.993036
2186.993036
2186.993036
2186.993036
2186.993036
2186.993036
2186.993036
2186.993036
2186.993036
2186.993036
2186.993036
2186.993036
2186.993036
2186.993036
2186.993036
2186.993036
2186.993036
2186.993036
2186.993036
2186.993036
2186.993036
2186.993036
2186.993036
2186.993036
2186.993036
2186.993036
2186.993036
2186.993036
2186.993036
2186.993036
2186.993036
2186.993036
2186.993036
2186.993036
2186.993036
2186.993036
2186.993036
2186.993036
2186.993036
2186.993036
2186.993036
2177.129940
2177.129940
2177.129940
2177.129940
2177.129940
2177.129940
2177.129940
2177.129940
2177.129940
2177.129940
2177.129940
2177.129940
2177.129940
2177.129940
2177.129940
2177.129940
2177.129940
2177.129940
2177.129940
2177.129940
2177.129940
2177.129940
2177.129940
2177.129940
2176.296786
2176.296786
2176.296786
2176.296786
2176.296786
2176.296786
2176.296786
2176.296786
2176.296786
2176.296786
2176.296786
2176.296786
2176.296786
2176.296786
2176.296786
2176.296786
2176.296786
2176.296786
2176.296786
2176.296786
2176.296786
2176.296786
2176.296786
2176.296786
2176.296786
2176.296786
2176.296786
2176.296786
2176.296786
2176.296786
2176.296786
2176.296786
2176.296786
2176.296786
2176.296786
2176.296786
2176.296786
2176.296786
2176.296786
2176.296786
2176.296786
2176.296786
2176.296786
2176.296786
2176.296786
2176.296786
2176.296786
2176.296786
2176.296786
2176.296786
2176.296786
2176.296786
2176.296786
2176.296786
2176.296786
2176.296786
2176.296786
2176.296786
2176.296786
2176.296786
2176.296786
2174.307984
2174.307984
2174.307984
2174.307984
2174.307984
2174.307984
2174.307984
2174.307984
2174.307984
2174.307984
2174.307984
2174.307984
2174.307984
2174.307984
2174.307984
2174.307984
2174.307984
2174.307984
2174.307984
2174.307984
2174.307984
2174.307984
2174.307984
2174.307984
2174.307984
2174.307984
2174.307984
2174.307984
2174.307984
2174.307984
2174.307984
2174.307984
2174.307984
2174.307984
2174.307984
2174.307984
2174.307984
2174.307984
2174.307984
2174.307984
2174.307984
2174.307984
2174.307984
2174.307984
2174.307984
2174.307984
2174.307984
2174.307984
2174.307984
2174.307984
2174.307984
2174.307984
2174.307984
2174.307984
2174.307984
2174.307984
2174.307984
2174.307984
2174.307984
2174.307984
2174.307984
2174.307984
2174.307984
2174.307984
2174.307984
2174.307984
2174.307984
2174.307984
2174.307984
2174.307984
2174.307984
2174.307984
2174.307984
2174.307984
2174.307984
2172.886153
2172.886153
2172.886153
2172.886153
2172.886153
2172.886153
2172.886153
2172.886153
2172.886153
2172.886153
2172.886153
2172.886153
2172.886153
2172.886153
2172.886153
2172.886153
2172.886153
2172.886153
2172.886153
2172.886153
2172.886153
2172.886153
2172.886153
2172.886153
2172.886153
2172.886153
2172.886153
2172.886153
2172.886153
2172.886153
2172.886153
2172.886153
2172.886153
2172.886153
2172.886153
2172.886153
2172.886153
2172.886153
2172.886153
2172.886153
2162.830469
2162.830469
2162.830469
2162.830469
2162.830469
2162.830469
2162.830469
2162.830469
2162.830469
2162.830469
2162.830469
2162.830469
2162.830469
2162.830469
2162.830469
2162.830469
2162.830469
2162.830469
2162.830469
2162.830469
2162.830469
2162.830469
2162.830469
2162.830469
2162.830469
2162.830469
2162.830469
2162.830469
2162.830469
2162.830469
2162.830469
2162.830469
2162.830469
2162.830469
2162.830469
2162.830469
2162.830469
2162.830469
2162.830469
2162.830469
2162.830469
2162.830469
2162.830469
2162.830469
2162.830469
2162.830469
2162.830469
2162.830469
2162.830469
2162.830469
2162.830469
2162.830469
2162.830469
2162.830469
2162.830469
2162.830469
2162.830469
2162.830469
2162.830469
2162.830469
2162.830469
2162.830469
2162.830469
2162.830469
2162.830469
2162.830469
2162.830469
2162.830469
2162.830469
2162.830469
2162.830469
2162.830469
2162.830469
2162.830469
2162.830469
2162.830469
2162.830469
2162.830469
2162.830469
2162.830469
2162.830469
2162.830469
2162.830469
2162.830469
2162.830469
2162.830469
2162.830469
2162.830469
2162.830469
2162.830469
2162.830469
2162.830469
2162.830469
2162.830469
2162.830469
2162.830469
2162.830469
2162.830469
2162.830469
2162.830469
2162.830469
2162.830469
2162.830469
2162.830469
2162.830469
2162.830469
2162.830469
2162.830469
2162.830469
2162.830469
2162.830469
2162.830469
2162.830469
2162.830469
2162.830469
2162.830469
2162.830469
2162.830469
2162.830469
2162.830469
2162.830469
2162.830469
2162.830469
2162.830469
2162.830469
2162.830469
2162.830469
2162.830469
2162.830469
2162.830469
2162.830469
2162.830469
2162.830469
2162.830469
2162.830469
2162.830469
2162.830469
2162.830469
2162.830469
2162.830469
2162.830469
2162.830469
2162.830469
2162.830469
2162.830469
2162.830469
2162.830469
2162.830469
2162.830469
2162.830469
2162.830469
2162.830469
2162.830469
2162.830469
2162.830469
2162.830469
2162.830469
2162.830469
2162.830469
2162.830469
2162.830469
2162.830469
2162.830469
2162.830469
2162.830469
2162.830469
2162.830469
2162.830469
2162.830469
2162.830469
2162.830469
2162.830469
2162.830469
2162.830469
2162.830469
2162.830469
2162.830469
2162.830469
2162.830469
2162.830469
2162.830469
2162.830469
2162.830469
2162.830469
2162.830469
2162.830469
2162.830469
2162.830469
2162.830469
2162.830469
2162.830469
2162.830469
2162.830469
2162.830469
2162.830469
2162.830469
2162.830469
2162.830469
2162.830469
2162.830469
2162.830469
2162.830469
2162.830469
2162.830469
2162.830469
2162.830469
2162.830469
2162.830469
2162.830469
2162.830469
2162.830469
2162.830469
2162.830469
2162.660971
2162.660971
2162.660971
2162.660971
2162.660971
2162.660971
2162.660971
2162.660971
2162.660971
2162.660971
2162.660971
2162.660971
2162.660971
2162.660971
2162.660971
2162.660971
2162.660971
2162.660971
2162.660971
2162.660971
2162.660971
2162.660971
2156.754532
2156.754532
2156.754532
2156.754532
2156.754532
2156.754532
2156.754532
2156.754532
2156.754532
2156.754532
2156.754532
2156.754532
2156.754532
2156.754532
2156.754532
2156.754532
2156.754532
2156.754532
2156.754532
2156.754532
2156.754532
2156.754532
2156.754532
2156.754532
2156.754532
2156.754532
2156.754532
2156.754532
2156.166037
2156.166037
2156.166037
2156.166037
2156.166037
2156.166037
2156.166037
2156.166037
2156.166037
2156.166037
2156.166037
2156.166037
2156.166037
2156.166037
2156.166037
2156.166037
2156.166037
2156.166037
2156.166037
2156.166037
2156.166037
2156.166037
2156.166037
2156.166037
2156.166037
2156.166037
2156.166037
2156.166037
2156.166037
2156.166037
2156.166037
2156.166037
2156.166037
2156.166037
2156.166037
2156.166037
2156.166037
2156.166037
2156.166037
2156.166037
2156.166037
2156.166037
2156.166037
2156.166037
2156.166037
2156.166037
2156.166037
2156.166037
2156.166037
2156.166037
2156.166037
2156.166037
2156.166037
2156.166037
2156.166037
2156.166037
2156.166037
2156.166037
2156.166037
2156.166037
2156.166037
2156.166037
2156.166037
2156.166037
2156.166037
2156.166037
2156.166037
2156.166037
2156.166037
2156.166037
2156.166037
2156.166037
2156.166037
2156.166037
2156.166037
2156.166037
2156.166037
2156.166037
2156.166037
2156.166037
2156.166037
2156.166037
2156.166037
2156.166037
2156.166037
2156.166037
2156.166037
2156.166037
2156.166037
2156.166037
2155.540803
2155.540803
2155.540803
2155.540803
2155.540803
2155.540803
2155.540803
2155.540803
2155.540803
2155.540803
2155.540803
2155.540803
2155.540803
2155.540803
2155.540803
2155.540803
2155.540803
2155.540803
2155.540803
2155.540803
2154.550842
2154.550842
2154.550842
2154.550842
2154.550842
2154.550842
2154.550842
2154.550842
2154.550842
2154.550842
2154.550842
2154.550842
2152.910463
2152.910463
2152.910463
2152.910463
2152.910463
2152.910463
2152.910463
2152.910463
2152.910463
2152.910463
2152.910463
2152.910463
2152.910463
2152.910463
2152.910463
2152.910463
2152.910463
2152.910463
2152.910463
2152.910463
2152.910463
2152.910463
2152.910463
2152.910463
2152.910463
2152.910463
2152.910463
2152.910463
2152.910463
2152.910463
2152.910463
2152.910463
2152.910463
2149.963662
2149.963662
2149.963662
2149.963662
2149.963662
2149.963662
2149.963662
2149.963662
2149.963662
2149.963662
2149.963662
2149.963662
2149.963662
2149.963662
2149.963662
2149.963662
2149.963662
2149.963662
2149.963662
2149.963662
2149.963662
2149.963662
2149.963662
2149.963662
2149.963662
2149.963662
2149.963662
2149.963662
2149.963662
2149.963662
2149.963662
2149.963662
2149.963662
2149.963662
2149.963662
2149.963662
2149.963662
2149.963662
2149.963662
2149.963662
2149.066614
2149.066614
2149.066614
2149.066614
2149.066614
2149.066614
2149.066614
2149.066614
2149.066614
2149.066614
2149.066614
2149.066614
2149.066614
2149.066614
2149.066614
2149.066614
2149.066614
2149.066614
2149.066614
2149.066614
2149.066614
2149.066614
2149.066614
2149.066614
2149.066614
2149.066614
2149.066614
2149.066614
2149.066614
2149.066614
2149.066614
2149.066614
2149.066614
2149.066614
2149.066614
2149.066614
2149.066614
2149.066614
2149.066614
2149.066614
2149.066614
2149.066614
2149.066614
2149.066614
2149.066614
2149.066614
2149.066614
2149.066614
2149.066614
2149.066614
2149.066614
2149.066614
2149.066614
2145.301449
2145.301449
2145.301449
2145.301449
2145.301449
2145.301449
2145.301449
2145.301449
2145.301449
2145.301449
2145.301449
2145.301449
2145.301449
2145.301449
2145.301449
2145.301449
2145.301449
2145.301449
2145.301449
2145.301449
2145.301449
2145.301449
2145.301449
2145.301449
2145.301449
2145.301449
2145.301449
2145.301449
2145.301449
2145.301449
2145.301449
2145.301449
2145.301449
2145.301449
2145.301449
2145.301449
2145.301449
2145.301449
2145.301449
2145.301449
2145.301449
2145.301449
2145.301449
2145.301449
2145.301449
2145.301449
2145.301449
2145.301449
2145.301449
2145.301449
2145.301449
2145.301449
2145.301449
2145.301449
2145.301449
2145.301449
2145.301449
2145.301449
2145.301449
2145.301449
2145.301449
2145.301449
2145.301449
2145.301449
2145.301449
2145.301449
2145.301449
2145.301449
2145.301449
2145.301449
2145.301449
2145.301449
2145.301449
2145.301449
2145.301449
2145.301449
2145.301449
2134.906776
2134.906776
2134.906776
2134.906776
2134.906776
2134.906776
2134.906776
2134.906776
2134.906776
2134.906776
2134.906776
2134.906776
2134.906776
2134.906776
2134.906776
2134.906776
2134.906776
2134.906776
2134.906776
2134.906776
2134.906776
2134.906776
2134.906776
2134.906776
2134.906776
2134.906776
2134.906776
2134.906776
2134.906776
2134.906776
2134.906776
2134.906776
2134.906776
2134.906776
2134.906776
2134.906776
2134.906776
2134.906776
2134.906776
2134.906776
2134.906776
2134.906776
2134.906776
2134.906776
2134.906776
2134.906776
2134.906776
2134.906776
2134.906776
2134.906776
2134.906776
2134.906776
2134.906776
2134.906776
2134.906776
2134.906776
2134.906776
2134.906776
2134.906776
2134.906776
2134.906776
2134.906776
2134.906776
2134.906776
2134.906776
2134.906776
2134.906776
2134.906776
2134.906776
2134.906776
2134.906776
2134.906776
2134.906776
2134.906776
2134.906776
2134.906776
2134.906776
2134.906776
2134.906776
2134.906776
2134.906776
2134.906776
2134.906776
2134.906776
2134.906776
2134.906776
2134.906776
2134.906776
2134.906776
2134.906776
2134.906776
2134.906776
2134.906776
2134.906776
2134.906776
2134.906776
2134.906776
2134.906776
2134.906776
2134.906776
2134.906776
2134.906776
2134.906776
2134.906776
2134.906776
2134.906776
2134.906776
2134.906776
2134.906776
2134.906776
2134.906776
2134.906776
2134.906776
2134.906776
2134.906776
2134.906776
2134.906776
2134.906776
2134.906776
2134.906776
2134.906776
2134.906776
2134.906776
2134.906776
2134.906776
2134.571131
2134.571131
2134.571131
2134.571131
2134.571131
2134.571131
2134.571131
2134.571131
2134.571131
2134.571131
2134.571131
2134.571131
2134.571131
2134.571131
2134.571131
2134.571131
2134.571131
2134.571131
2134.571131
2134.571131
2134.571131
2134.571131
2134.571131
2134.571131
2134.571131
2134.571131
2134.571131
2134.571131
2134.571131
2134.571131
2134.571131
2134.571131
2134.571131
2134.571131
2134.571131
2134.571131
2134.571131
2134.571131
2134.571131
2134.571131
2134.571131
2134.571131
2134.571131
2134.571131
2134.571131
2134.571131
2134.571131
2134.571131
2134.571131
2134.571131
2134.571131
2134.571131
2134.571131
2134.571131
2134.571131
2134.571131
2134.571131
2134.571131
2134.571131
2134.571131
2134.571131
2134.571131
2134.571131
2134.571131
2134.571131
2134.571131
2134.571131
2134.571131
2134.571131
2134.571131
2134.571131
2134.571131
2134.571131
2134.571131
2134.571131
2134.571131
2134.571131
2134.571131
2134.571131
2134.571131
2134.571131
2134.571131
2134.571131
2134.571131
2134.571131
2134.571131
2134.571131
2134.571131
2134.571131
2134.571131
2134.571131
2134.571131
2134.571131
2134.571131
2134.571131
2134.571131
2134.571131
2134.571131
2134.571131
2134.571131
2134.571131
2134.571131
2134.571131
2134.571131
2134.571131
2134.571131
2134.571131
2134.571131
2129.075293
2129.075293
2129.075293
2129.075293
2129.075293
2129.075293
2129.075293
2129.075293
2129.075293
2129.075293
2129.075293
2129.075293
2129.075293
2129.075293
2129.075293
2129.075293
2129.075293
2129.075293
2129.075293
2129.075293
2129.075293
2129.075293
2129.075293
2129.075293
2129.075293
2129.075293
2129.075293
2129.075293
2129.075293
2129.075293
2129.075293
2129.075293
2129.075293
2129.075293
2129.075293
2129.075293
2129.075293
2129.075293
2129.075293
2129.075293
2129.075293
2129.075293
2129.075293
2129.075293
2129.075293
2129.075293
2129.075293
2129.075293
2129.075293
2129.075293
2129.075293
2129.075293
2129.075293
2129.075293
2129.075293
2129.075293
2129.075293
2129.075293
2129.075293
2129.075293
2129.075293
2129.075293
2129.075293
2129.075293
2129.075293
2129.075293
2129.075293
2129.075293
2129.075293
2129.075293
2129.075293
2129.075293
2129.075293
2129.075293
2129.075293
2129.075293
2129.075293
2129.075293
2129.075293
2129.075293
2129.075293
2129.075293
2129.075293
2129.075293
2129.075293
2129.075293
2129.075293
2129.075293
2129.075293
2126.485800
2126.485800
2126.485800
2126.485800
2126.485800
2126.485800
2126.485800
2126.485800
2126.485800
2126.485800
2126.485800
2126.485800
2126.485800
2126.485800
2126.485800
2126.485800
2124.337169
2124.337169
2124.337169
2124.337169
2124.337169
2124.337169
2124.337169
2124.337169
2124.337169
2124.337169
2124.337169
2124.337169
2124.337169
2124.337169
2124.337169
2124.337169
2124.337169
2124.337169
2124.337169
2124.337169
2124.337169
2124.337169
2124.337169
2124.337169
2124.337169
2124.337169
2124.337169
2124.337169
2124.337169
2124.337169
2124.337169
2124.337169
2124.337169
2124.337169
2124.337169
2124.337169
2124.337169
2124.337169
2124.337169
2124.337169
2124.337169
2124.337169
2124.337169
2124.337169
2124.337169
2124.337169
2124.337169
2124.337169
2124.337169
2124.337169
2124.337169
2124.337169
2124.337169
2124.337169
2124.337169
2124.337169
2124.337169
2124.337169
2124.337169
2124.337169
2124.337169
2124.337169
2124.337169
2124.337169
2124.337169
2124.337169
2124.337169
2124.337169
2122.911520
2122.911520
2122.911520
2122.911520
2122.911520
2122.911520
2121.448261
2121.448261
2121.448261
2121.448261
2121.448261
2121.448261
2121.448261
2121.448261
2121.448261
2121.448261
2121.448261
2121.448261
2121.448261
2121.448261
2121.448261
2121.448261
2121.448261
2121.448261
2121.448261
2121.448261
2121.448261
2121.448261
2121.448261
2121.448261
2121.448261
2121.448261
2121.448261
2121.448261
2121.448261
2121.448261
2121.448261
2121.448261
2121.448261
2121.448261
2121.448261
2121.448261
2121.448261
2121.448261
2121.448261
2121.448261
2121.448261
2121.448261
2121.448261
2121.448261
2121.448261
2121.448261
2121.448261
2121.448261
2121.448261
2121.448261
2121.448261
2121.448261
2121.448261
2121.448261
2121.448261
2121.448261
2121.448261
2121.448261
2121.448261
2121.448261
2121.448261
2121.448261
2121.448261
2121.448261
2121.448261
2121.448261
2121.448261
2121.448261
2121.448261
2121.448261
2121.448261
2121.448261
2121.448261
2121.448261
2121.448261
2121.448261
2121.448261
2121.448261
2121.448261
2121.448261
2121.448261
2121.448261
2121.448261
2121.448261
2121.448261
2121.448261
2121.448261
2121.448261
2121.448261
2121.448261
2121.448261
2116.595009
2116.595009
2116.595009
2116.595009
2116.595009
2116.595009
2116.595009
2113.642131
2113.642131
2113.642131
2113.642131
2113.642131
2113.642131
2113.642131
2113.642131
2113.642131
2113.642131
2113.642131
2113.642131
2113.642131
2113.642131
2113.642131
2113.642131
2113.642131
2113.642131
2113.642131
2113.642131
2113.642131
2113.642131
2113.642131
2113.642131
2113.642131
2113.642131
2113.642131
2113.642131
2113.642131
2113.642131
2113.642131
2113.642131
2113.642131
2113.642131
2113.642131
2113.642131
2113.642131
2113.642131
2113.642131
2113.642131
2113.642131
2113.642131
2113.642131
2113.642131
2113.642131
2113.642131
2113.642131
2113.642131
2113.642131
2113.642131
2113.642131
2113.642131
2113.642131
2113.642131
2113.642131
2113.642131
2113.642131
2113.642131
2113.642131
2113.642131
2113.642131
2113.642131
2113.642131
2113.642131
2113.642131
2113.642131
2113.642131
2113.642131
2113.642131
2113.642131
2113.642131
2113.642131
2113.642131
2113.642131
2113.642131
2113.642131
2113.642131
2113.642131
2113.642131
2113.642131
2113.642131
2113.642131
2113.642131
2113.642131
2113.642131
2113.642131
2113.642131
2113.642131
2113.642131
2113.642131
2113.642131
2113.642131
2113.642131
2113.642131
2113.642131
2113.642131
2113.642131
2113.642131
2113.642131
2113.591826
2113.591826
2113.591826
2113.591826
2113.591826
2113.591826
2113.591826
2113.591826
2113.591826
2113.591826
2113.591826
2113.591826
2113.591826
2113.591826
2113.591826
2113.591826
2113.591826
2113.591826
2113.591826
2113.591826
2113.591826
2113.591826
2113.591826
2113.591826
2113.591826
2113.591826
2113.591826
2113.591826
2113.591826
2113.591826
2113.591826
2113.591826
2113.591826
2113.591826
2113.591826
2113.591826
2113.591826
2113.591826
2113.591826
2112.053767
2112.053767
2112.053767
2112.053767
2112.053767
2112.053767
2112.053767
2112.053767
2112.053767
2112.053767
2112.053767
2112.053767
2112.053767
2112.053767
2112.053767
2112.053767
2112.053767
2112.053767
2112.053767
2112.053767
2112.053767
2112.053767
2112.053767
2112.053767
2112.053767
2112.053767
2112.053767
2112.053767
2112.053767
2112.053767
2112.053767
2112.053767
2112.053767
2112.053767
2112.053767
2112.053767
2112.053767
2112.053767
2112.053767
2112.053767
2112.053767
2112.053767
2112.053767
2112.053767
2112.053767
2112.053767
2111.660938
2111.660938
2111.660938
2108.382256
2108.382256
2108.382256
2108.382256
2108.382256
2108.382256
2108.382256
2108.382256
2108.382256
2108.382256
2108.382256
2108.382256
2108.382256
2108.382256
2108.382256
2108.382256
2108.382256
2108.382256
2108.382256
2108.382256
2108.382256
2108.382256
2108.382256
2108.382256
2108.382256
2108.382256
2108.382256
2108.382256
2108.382256
2108.382256
2108.382256
2108.382256
2108.382256
2108.382256
2108.382256
2108.382256
2108.382256
2108.382256
2108.382256
2108.382256
2108.382256
2108.382256
2108.382256
2108.382256
2108.382256
2108.382256
2108.382256
2108.382256
2108.382256
2108.382256
2108.382256
2108.382256
2108.382256
2108.382256
2108.382256
2108.382256
2108.382256
2108.382256
2108.382256
2108.382256
2108.382256
2108.382256
2108.382256
2108.382256
2108.382256
2108.382256
2108.382256
2108.382256
2108.382256
2108.382256
2108.382256
2108.382256
2108.382256
2108.382256
2108.382256
2108.382256
2108.382256
2108.382256
2108.382256
2108.382256
2108.382256
2108.382256
2108.382256
2108.382256
2107.564309
2107.564309
2107.564309
2107.564309
2107.564309
2107.564309
2107.564309
2107.564309
2107.564309
2107.564309
2107.564309
2107.564309
2107.564309
2107.564309
2107.564309
2107.564309
2107.564309
2107.564309
2107.564309
2107.564309
2107.564309
2107.564309
2107.564309
2107.564309
2107.564309
2107.564309
2107.564309
2107.564309
2107.564309
2107.564309
2107.564309
2107.564309
2107.564309
2107.564309
2107.564309
2107.564309
2107.564309
2107.564309
2107.564309
2107.564309
2106.711630
2106.711630
2106.711630
2106.711630
2106.711630
2106.711630
2106.711630
2106.711630
2106.711630
2106.711630
2106.711630
2106.711630
2106.711630
2106.711630
2106.711630
2106.711630
2106.711630
2106.711630
2106.711630
2106.711630
2106.711630
2106.711630
2106.711630
2106.711630
2106.711630
2106.711630
2106.711630
2106.711630
2106.711630
2106.711630
2106.711630
2106.640003
2105.965125
2105.965125
2105.965125
2105.965125
2105.965125
2105.965125
2105.965125
2105.965125
2105.965125
2105.965125
2105.965125
2105.965125
2105.965125
2105.965125
2105.965125
2105.965125
2105.965125
2105.965125
2105.965125
2105.914126
2105.914126
2105.914126
2105.914126
2105.914126
2105.914126
2105.914126
2105.914126
2105.914126
2105.914126
2105.914126
2105.914126
2105.914126
2105.914126
2105.914126
2105.914126
2105.914126
2103.443932
2103.443932
2103.443932
2103.443932
2103.443932
2103.443932
2103.443932
2103.443932
2103.443932
2103.443932
2103.324640
2103.324640
2103.324640
2103.324640
2103.324640
2103.324640
2103.324640
2103.324640
2103.324640
2103.324640
2103.324640
2103.324640
2103.324640
2103.324640
2103.324640
2103.324640
2103.324640
2103.324640
2103.324640
2103.324640
2103.324640
2103.324640
2103.324640
2103.324640
2103.324640
2103.324640
2103.324640
2103.324640
2103.324640
2103.324640
2103.324640
2103.324640
2103.324640
2103.324640
2103.324640
2103.324640
2103.324640
2103.324640
2103.324640
2103.324640
2103.324640
2103.324640
2103.324640
2103.324640
2103.324640
2103.324640
2103.324640
2103.324640
2103.324640
2101.967156
2101.967156
2101.967156
2101.967156
2101.967156
2101.967156
2101.967156
2101.967156
2101.967156
2101.967156
2101.967156
2101.967156
2101.967156
2101.967156
2101.967156
2099.792594
2099.792594
2099.792594
2099.792594
2099.792594
2099.792594
2099.792594
2099.792594
2099.792594
2099.792594
2099.792594
2099.792594
2099.792594
2099.792594
2099.792594
2099.792594
2099.792594
2099.792594
2099.792594
2099.792594
2099.792594
2099.792594
2098.550349
2098.550349
2098.550349
2098.550349
2098.550349
2098.550349
2098.550349
2098.550349
2098.550349
2098.550349
2098.550349
2098.550349
2098.550349
2098.550349
2098.550349
2098.550349
2098.550349
2098.550349
2098.550349
2098.550349
2098.550349
2098.550349
2098.550349
2098.550349
2098.550349
2098.550349
2098.550349
2098.550349
2098.550349
2098.550349
2098.550349
2098.550349
2098.550349
2098.550349
2098.550349
2098.550349
2098.550349
2098.550349
2098.550349
2098.550349
2098.550349
2098.550349
2098.550349
2098.550349
2098.550349
2098.550349
2098.550349
2098.550349
2098.550349
2098.550349
2098.550349
2098.550349
2098.550349
2098.550349
2098.550349
2098.550349
2094.094752
2094.094752
2094.094752
2094.094752
2094.094752
2094.094752
2094.094752
2094.094752
2094.094752
2094.094752
2094.094752
2094.094752
2094.094752
2094.094752
2094.094752
2094.094752
2094.094752
2094.094752
2094.094752
2094.094752
2094.094752
2094.094752
2094.094752
2094.094752
2094.094752
2094.094752
2094.094752
2094.094752
2094.094752
2094.094752
2094.094752
2094.094752
2094.094752
2094.094752
2094.094752
2094.094752
2094.094752
2094.094752
2094.094752
2094.094752
2094.094752
2094.094752
2094.094752
2094.094752
2094.094752
2094.094752
2094.094752
2094.094752
2094.094752
2094.094752
2094.094752
2094.094752
2094.094752
2094.094752
2094.094752
2094.094752
2094.094752
2094.094752
2094.094752
2094.094752
2094.094752
2094.094752
2094.094752
2094.094752
2094.094752
2094.094752
2094.094752
2094.094752
2094.094752
2094.094752
2094.094752
2094.094752
2094.094752
2094.094752
2094.094752
2094.094752
2094.094752
2094.094752
2094.094752
2094.094752
2094.094752
2094.094752
2094.094752
2094.094752
2094.094752
2094.094752
2094.094752
2094.094752
2094.094752
2094.094752
2094.094752
2094.094752
2094.094752
2094.094752
2094.094752
2094.094752
2094.094752
2094.094752
2094.094752
2094.094752
2094.094752
2094.094752
2094.094752
2094.094752
2094.094752
2094.094752
2094.094752
2094.094752
2094.094752
2094.094752
2094.094752
2094.094752
2093.020378
2093.020378
2093.020378
2093.020378
2093.020378
2093.020378
2093.020378
2093.020378
2093.020378
2093.020378
2093.020378
2092.798109
2092.798109
2092.798109
2092.798109
2092.798109
2092.798109
2092.798109
2092.798109
2092.798109
2092.798109
2092.798109
2092.798109
2092.798109
2092.798109
2092.798109
2092.798109
2092.798109
2092.467445
2092.467445
2092.467445
2092.467445
2092.467445
2092.467445
2092.467445
2092.467445
2092.467445
2092.467445
2090.843910
2090.843910
2090.843910
2090.843910
2090.843910
2090.843910
2090.843910
2090.843910
2090.843910
2090.843910
2090.843910
2090.843910
2090.843910
2090.843910
2090.843910
2090.843910
2090.843910
2090.843910
2090.843910
2090.843910
2090.843910
2090.843910
2090.843910
2090.843910
2090.843910
2090.843910
2090.843910
2090.843910
2090.843910
2090.843910
2090.843910
2090.843910
2090.843910
2090.843910
2090.843910
2090.843910
2090.843910
2090.843910
2090.843910
2090.843910
2090.843910
2090.843910
2090.843910
2090.843910
2090.843910
2090.843910
2089.752923
2089.752923
2089.752923
2089.752923
2089.752923
2089.752923
2089.752923
2089.752923
2089.752923
2089.752923
2089.752923
2089.752923
2089.752923
2089.752923
2089.752923
2089.752923
2089.752923
2089.752923
2089.752923
2089.752923
2089.752923
2089.752923
2089.752923
2089.752923
2089.752923
2089.752923
2089.752923
2089.752923
2089.752923
2089.752923
2089.752923
2089.752923
2089.752923
2089.752923
2089.752923
2080.169680
2080.169680
2080.169680
2080.169680
2080.169680
2080.169680
2080.169680
2080.169680
2080.169680
2080.169680
2080.169680
2080.169680
2080.169680
2080.169680
2080.169680
2080.169680
2080.169680
2080.169680
2080.169680
2080.169680
2080.169680
2080.169680
2080.169680
2080.169680
2080.169680
2080.169680
2080.169680
2080.169680
2080.169680
2080.169680
2080.169680
2080.169680
2080.169680
2080.169680
2080.169680
2080.169680
2080.169680
2080.169680
2080.169680
2080.169680
2080.169680
2080.169680
2080.169680
2080.169680
2080.169680
2080.169680
2080.169680
2080.169680
2080.169680
2080.169680
2080.169680
2080.169680
2080.169680
2080.169680
2080.169680
2080.169680
2080.169680
2080.169680
2080.169680
2080.169680
2080.169680
2080.169680
2080.169680
2080.169680
2080.169680
2080.169680
2080.169680
2080.169680
2080.169680
2080.169680
2080.169680
2080.169680
2080.169680
2080.169680
2080.169680
2080.169680
2080.169680
2080.169680
2080.169680
2080.169680
2080.169680
2080.169680
2080.169680
2080.169680
2080.169680
2080.169680
2080.169680
2080.169680
2080.169680
2080.169680
2080.169680
2080.169680
2080.169680
2080.169680
2080.169680
2080.169680
2080.169680
2080.169680
2080.169680
2080.169680
2080.169680
2080.169680
2080.169680
2080.169680
2080.169680
2080.169680
2080.169680
2080.169680
2080.169680
2079.664802
2079.664802
2079.664802
2079.664802
2079.664802
2079.664802
2079.664802
2079.664802
2079.664802
2079.664802
2079.664802
2079.664802
2079.664802
2079.664802
2079.664802
2079.664802
2079.664802
2079.664802
2079.664802
2079.664802
2079.664802
2079.664802
2079.664802
2079.664802
2079.664802
2079.664802
2079.664802
2079.664802
2079.664802
2079.664802
2079.664802
2079.664802
2079.664802
2079.664802
2079.664802
2079.664802
2079.664802
2079.664802
2079.664802
2079.664802
2079.664802
2079.664802
2079.664802
2079.664802
2079.664802
2079.664802
2079.664802
2079.664802
2078.338237
2078.338237
2078.338237
2078.338237
2078.338237
2078.338237
2078.338237
2078.338237
2078.338237
2078.338237
2078.338237
2078.338237
2078.338237
2076.534642
2076.534642
2076.534642
2076.534642
2076.534642
2076.534642
2076.534642
2076.534642
2072.148787
2072.148787
2072.148787
2072.148787
2072.148787
2072.148787
2072.148787
2072.148787
2072.148787
2072.148787
2072.148787
2072.148787
2072.148787
2072.148787
2072.148787
2072.148787
2072.148787
2072.148787
2072.148787
2072.148787
2072.148787
2072.148787
2072.148787
2072.148787
2072.148787
2072.148787
2072.148787
2072.148787
2072.148787
2072.148787
2072.148787
2072.148787
2072.148787
2072.148787
2072.148787
2072.148787
2072.148787
2072.148787
2072.148787
2072.148787
2072.148787
2072.148787
2072.148787
2072.148787
2072.148787
2072.148787
2072.148787
2072.148787
2072.148787
2072.148787
2072.148787
2072.148787
2072.148787
2072.148787
2072.148787
2072.148787
2072.148787
2072.148787
2072.148787
2072.148787
2072.148787
2072.148787
2072.148787
2072.148787
2072.148787
2072.148787
2072.148787
2072.148787
2072.148787
2072.148787
2072.148787
2072.148787
2072.148787
2072.148787
2072.148787
2072.148787
2072.148787
2072.148787
2072.148787
2072.148787
2072.148787
2072.148787
2072.148787
2072.148787
2072.148787
2072.148787
2072.148787
2072.148787
2072.148787
2072.148787
2072.148787
2072.148787
2072.148787
2072.148787
2072.148787
2072.148787
2072.148787
2072.148787
2068.593211
2068.593211
2068.593211
2068.593211
2068.593211
2068.593211
2068.593211
2068.593211
2068.593211
2068.593211
2068.593211
2068.593211
2068.593211
2068.593211
2068.593211
2068.593211
2068.593211
2068.593211
2068.593211
2068.593211
2068.593211
2068.072618
2068.072618
2068.072618
2068.072618
2068.072618
2068.072618
2068.072618
2068.072618
2068.072618
2068.072618
2066.398868
2066.398868
2066.398868
2066.398868
2066.398868
2066.398868
2066.398868
2066.398868
2066.398868
2066.398868
2066.398868
2066.398868
2066.398868
2066.398868
2066.398868
2066.398868
2066.398868
2066.398868
2066.398868
2066.398868
2066.398868
2066.398868
2064.951380
2064.951380
2064.951380
2064.951380
2064.951380
2064.951380
2064.951380
2064.951380
2064.951380
2064.951380
2064.951380
2064.951380
2064.951380
2064.951380
2064.951380
2064.951380
2064.951380
2064.951380
2064.951380
2064.951380
2064.951380
2064.951380
2064.951380
2064.951380
2064.951380
2064.951380
2064.951380
2064.951380
2064.951380
2064.951380
2064.951380
2064.951380
2064.951380
2064.951380
2064.951380
2064.951380
2064.951380
2064.558230
2064.558230
2064.558230
2064.558230
2064.558230
2064.558230
2064.558230
2064.558230
2061.386329
2061.386329
2061.386329
2061.386329
2061.386329
2061.386329
2061.386329
2061.386329
2061.386329
2061.386329
2061.386329
2061.386329
2061.386329
2061.386329
2061.386329
2061.386329
2061.386329
2061.386329
2061.386329
2061.386329
2061.386329
2061.386329
2061.386329
2061.386329
2061.386329
2061.386329
2061.386329
2061.386329
2061.386329
2061.386329
2061.386329
2061.386329
2061.386329
2061.386329
2061.386329
2061.386329
2061.386329
2061.386329
2061.386329
2061.386329
2061.386329
2061.386329
2061.386329
2061.386329
2061.386329
2061.386329
2061.386329
2061.386329
2061.386329
2061.386329
2061.386329
2061.386329
2061.386329
2061.386329
2061.386329
2061.386329
2061.386329
2061.386329
2061.386329
2061.386329
2061.386329
2061.386329
2061.386329
2061.386329
2061.386329
2061.386329
2061.386329
2061.386329
2061.386329
2061.386329
2061.386329
2061.386329
2061.386329
2061.386329
2061.386329
2061.386329
2061.386329
2061.386329
2061.386329
2061.386329
2061.386329
2061.386329
2061.386329
2061.386329
2061.386329
2061.386329
2061.386329
2061.386329
2061.386329
2061.386329
2061.386329
2061.386329
2061.386329
2061.386329
2061.386329
2061.386329
2061.386329
2061.386329
2061.386329
2061.386329
2061.386329
2061.386329
2061.386329
2061.386329
2061.386329
2061.386329
2061.386329
2061.386329
2061.386329
2061.386329
2061.386329
2061.386329
2061.386329
2061.386329
2061.386329
2061.386329
2061.386329
2061.386329
2061.386329
2061.386329
2061.386329
2061.386329
2061.386329
2061.386329
2061.386329
2061.386329
2061.386329
2061.386329
2061.386329
2060.780897
2060.780897
2060.780897
2060.780897
2060.780897
2060.780897
2060.780897
2060.780897
2060.780897
2060.780897
2060.780897
2060.780897
2060.780897
2060.780897
2060.780897
2060.780897
2060.780897
2060.780897
2060.780897
2060.780897
2060.780897
2060.780897
2060.780897
2060.780897
2060.780897
2060.780897
2060.780897
2060.780897
2060.780897
2060.780897
2060.780897
2059.472579
2059.472579
2059.472579
2059.472579
2059.472579
2059.472579
2059.472579
2059.472579
2059.472579
2059.472579
2059.472579
2059.472579
2059.472579
2059.472579
2059.472579
2059.472579
2059.472579
2059.472579
2059.472579
2059.472579
2059.472579
2059.472579
2059.472579
2059.472579
2059.472579
2059.288296
2059.288296
2059.288296
2059.288296
2059.288296
2059.288296
2059.288296
2059.288296
2059.288296
2059.288296
2059.288296
2059.288296
2059.288296
2059.288296
2059.288296
2059.054465
2059.054465
2059.054465
2059.054465
2059.054465
2059.054465
2059.054465
2059.054465
2059.054465
2059.054465
2059.054465
2059.054465
2059.054465
2059.054465
2059.054465
2059.054465
2059.054465
2059.054465
2059.054465
2059.054465
2059.054465
2059.054465
2059.054465
2059.054465
2059.054465
2059.054465
2059.054465
2059.054465
2059.054465
2059.054465
2059.054465
2058.636017
2058.636017
2058.636017
2058.636017
2058.636017
2058.636017
2058.636017
2058.636017
2058.636017
2058.636017
2058.636017
2058.636017
2058.636017
2058.636017
2058.636017
2058.636017
2058.636017
2058.636017
2058.636017
2058.636017
2058.636017
2058.636017
2058.636017
2058.636017
2058.636017
2058.636017
2055.616257
2055.616257
2055.616257
2055.616257
2055.616257
2055.616257
2055.616257
2055.616257
2055.616257
2055.616257
2055.616257
2055.616257
2055.616257
2055.616257
2055.616257
2055.616257
2055.616257
2055.616257
2055.616257
2055.616257
2055.616257
2055.616257
2055.616257
2055.616257
2055.616257
2055.616257
2055.616257
2055.616257
2055.616257
2055.616257
2055.616257
2055.616257
2055.616257
2055.616257
2055.616257
2055.616257
2051.510312
2051.510312
2051.510312
2051.510312
2051.510312
2051.510312
2051.510312
2051.510312
2051.510312
2051.510312
2051.510312
2051.510312
2051.510312
2051.510312
2051.510312
2051.510312
2051.510312
2051.510312
2051.510312
2051.510312
2051.510312
2051.510312
2051.510312
2051.510312
2051.510312
2051.510312
2051.510312
2051.510312
2051.510312
2051.510312
2051.510312
2051.510312
2051.510312
2051.510312
2051.510312
2051.510312
2051.510312
2051.510312
2051.510312
2051.510312
2051.510312
2051.510312
2051.510312
2051.510312
2051.510312
2051.510312
2051.510312
2051.510312
2051.510312
2051.510312
2051.510312
2051.510312
2051.510312
2051.510312
2051.510312
2051.510312
2051.510312
2051.510312
2051.510312
2051.510312
2051.510312
2051.510312
2051.510312
2051.510312
2051.510312
2051.510312
2051.510312
2051.510312
2051.510312
2051.510312
2051.510312
2051.510312
2051.510312
2051.510312
2051.510312
2051.510312
2050.900284
2050.900284
2050.900284
2050.900284
2050.900284
2050.900284
2050.900284
2050.900284
2050.900284
2050.900284
2050.900284
2050.900284
2050.900284
2050.900284
2050.900284
2050.900284
2050.900284
2050.900284
2050.900284
2050.900284
2050.900284
2050.900284
2050.900284
2050.900284
2050.900284
2050.900284
2050.900284
2050.900284
2050.900284
2050.900284
2050.900284
2050.900284
2050.900284
2050.900284
2050.900284
2050.900284
2050.900284
2050.900284
2050.900284
2050.900284
2050.900284
2050.900284
2050.900284
2050.900284
2050.900284
2050.900284
2050.900284
2050.900284
2050.900284
2050.900284
2050.900284
2050.900284
2050.900284
2050.900284
2050.900284
2050.900284
2050.900284
2050.900284
2050.900284
2050.900284
2050.900284
2050.900284
2050.900284
2050.900284
2050.900284
2050.900284
2050.900284
2050.900284
2050.900284
2050.900284
2050.900284
2050.900284
2050.900284
2050.900284
2050.900284
2050.900284
2050.900284
2050.900284
2050.900284
2050.900284
2050.900284
2050.900284
2050.900284
2050.900284
2050.900284
2050.900284
2050.900284
2050.900284
2050.900284
2050.900284
2049.967509
2049.967509
2049.967509
2049.967509
2049.967509
2049.967509
2049.967509
2049.967509
2049.967509
2049.967509
2049.967509
2049.967509
2049.967509
2049.967509
2049.967509
2047.556474
2047.556474
2047.556474
2047.556474
2047.556474
2047.556474
2047.556474
2047.556474
2047.556474
2047.556474
2047.556474
2047.556474
2047.556474
2047.556474
2047.556474
2047.556474
2047.556474
2047.556474
2047.556474
2047.556474
2047.556474
2047.556474
2047.556474
2047.556474
2047.556474
2047.556474
2047.556474
2047.556474
2047.556474
2047.556474
2047.556474
2047.556474
2047.556474
2047.556474
2047.556474
2047.556474
2047.556474
2047.556474
2047.556474
2047.556474
2047.556474
2047.556474
2047.556474
2047.556474
2047.556474
2047.556474
2047.556474
2047.556474
2047.556474
2047.556474
2047.556474
2047.556474
2047.556474
2047.556474
2047.556474
2047.104311
2047.104311
2045.675591
2045.675591
2045.675591
2045.675591
2045.675591
2045.655426
2045.655426
2045.655426
2045.655426
2045.655426
2045.655426
2045.655426
2045.655426
2045.655426
2045.655426
2045.655426
2045.655426
2045.655426
2045.655426
2045.655426
2045.655426
2045.655426
2045.655426
2045.655426
2045.655426
2045.655426
2045.655426
2045.655426
2045.655426
2045.655426
2045.655426
2045.655426
2045.655426
2032.687869
2032.687869
2032.687869
2032.687869
2032.687869
2032.687869
2032.687869
2032.687869
2032.687869
2032.687869
2032.687869
2032.687869
2032.687869
2032.687869
2032.687869
2032.687869
2028.923360
2028.923360
2028.923360
2028.923360
2028.923360
2028.923360
2028.923360
2028.923360
2028.923360
2028.923360
2028.923360
2028.923360
2028.923360
2028.923360
2028.923360
2028.923360
2028.923360
2028.923360
2028.923360
2028.923360
2028.923360
2028.923360
2028.923360
2028.923360
2028.923360
2028.923360
2028.923360
2028.923360
2027.322668
2027.322668
2027.322668
2027.322668
2027.322668
2027.322668
2027.322668
2027.322668
2027.322668
2027.322668
2027.322668
2027.322668
2027.322668
2027.322668
2027.322668
2027.322668
2027.322668
2027.322668
2027.322668
2027.322668
2027.322668
2027.322668
2027.322668
2027.322668
2027.322668
2027.322668
2027.322668
2027.322668
2027.322668
2027.322668
2027.322668
2027.322668
2027.322668
2027.322668
2024.793641
2024.793641
2024.793641
2024.793641
2024.793641
2024.793641
2024.793641
2024.793641
2024.793641
2024.793641
2024.793641
2024.793641
2024.793641
2024.793641
2024.793641
2024.793641
2024.793641
2024.793641
2024.793641
2024.793641
2024.793641
2024.793641
2024.793641
2024.793641
2024.793641
2024.793641
2024.793641
2024.793641
2024.793641
2024.793641
2024.793641
2024.793641
2024.793641
2024.793641
2024.793641
2024.793641
2024.793641
2024.793641
2024.793641
2024.793641
2024.793641
2024.793641
2024.793641
2024.793641
2024.793641
2024.793641
2024.793641
2024.793641
2024.793641
2024.793641
2024.793641
2024.793641
2024.793641
2024.793641
2024.793641
2024.793641
2024.793641
2024.793641
2024.793641
2024.793641
2024.793641
2024.793641
2024.793641
2024.793641
2024.793641
2024.793641
2024.793641
2024.793641
2024.793641
2024.793641
2024.793641
2024.793641
2024.793641
2024.793641
2024.793641
2024.793641
2024.793641
2024.793641
2024.793641
2024.793641
2024.793641
2024.793641
2024.793641
2024.793641
2024.793641
2024.793641
2024.793641
2024.793641
2023.318429
2023.318429
2021.942893
2021.942893
2021.942893
2021.942893
2021.942893
2021.942893
2021.942893
2021.942893
2021.942893
2021.942893
2021.942893
2021.942893
2021.942893
2021.942893
2021.942893
2021.942893
2021.942893
2021.942893
2021.942893
2021.942893
2021.942893
2021.942893
2021.942893
2021.942893
2021.942893
2021.942893
2019.610871
2019.610871
2019.610871
2019.610871
2019.610871
2019.610871
2019.610871
2019.610871
2019.610871
2019.610871
2019.610871
2019.610871
2019.610871
2019.610871
2019.610871
2019.610871
2019.610871
2019.610871
2019.610871
2019.610871
2019.610871
2019.610871
2019.610871
2017.676713
2017.676713
2017.676713
2017.676713
2017.676713
2017.676713
2017.676713
2017.676713
2017.676713
2017.676713
2017.676713
2017.676713
2017.676713
2017.676713
2017.676713
2017.676713
2017.676713
2017.676713
2017.676713
2017.676713
2017.676713
2017.676713
2017.676713
2017.676713
2017.676713
2017.676713
2017.676713
2017.676713
2017.676713
2017.676713
2017.676713
2017.676713
2017.676713
2017.676713
2017.676713
2017.676713
2017.676713
2017.676713
2017.676713
2017.676713
2017.676713
2017.676713
2017.676713
2017.676713
2017.676713
2017.676713
2017.676713
2017.676713
2017.676713
2017.676713
2017.676713
2017.676713
2017.676713
2017.676713
2017.676713
2017.676713
2017.676713
2017.676713
2017.676713
2017.676713
2017.676713
2017.676713
2017.676713
2017.676713
2015.556550
2015.556550
2015.556550
2015.556550
2015.556550
2015.556550
2015.556550
2015.556550
2015.556550
2015.556550
2015.556550
2015.556550
2015.556550
2015.556550
2015.556550
2015.556550
2015.556550
2015.556550
2015.556550
2015.556550
2015.556550
2015.556550
2015.556550
2015.556550
2015.556550
2008.285269
2008.285269
2008.285269
2008.285269
2008.285269
2008.285269
2008.285269
2008.285269
2008.285269
2008.285269
2008.285269
2008.285269
2008.285269
2008.285269
2008.285269
2008.285269
2008.285269
2008.285269
2008.285269
2008.285269
2008.285269
2008.285269
2008.285269
2008.285269
2008.285269
2008.285269
2008.285269
2008.285269
2008.285269
2008.285269
2008.285269
2008.285269
2008.285269
2008.285269
2008.285269
2008.285269
2008.285269
2008.285269
2008.285269
2008.285269
2008.285269
2008.285269
2008.285269
2008.285269
2008.285269
2008.285269
2008.285269
2008.285269
2008.285269
2008.285269
2008.285269
2008.285269
2008.285269
2008.285269
2008.285269
2008.285269
2008.285269
2008.285269
2008.285269
2008.285269
2008.285269
2008.285269
2008.285269
2008.285269
2008.285269
2008.285269
2008.285269
2008.285269
2008.285269
2008.285269
2008.285269
2008.285269
2008.285269
2008.285269
2008.285269
2008.285269
2008.285269
2008.285269
2008.285269
2008.285269
2008.285269
2008.285269
2008.285269
2008.285269
2008.285269
2008.285269
2008.285269
2008.285269
2008.285269
2008.285269
2007.014781
2007.014781
2007.014781
2007.014781
2007.014781
2007.014781
2007.014781
2007.014781
2007.014781
2007.014781
2007.014781
2007.014781
2007.014781
2007.014781
2007.014781
2007.014781
2007.014781
2007.014781
2007.014781
2007.014781
2007.014781
2007.014781
2007.014781
2007.014781
2007.014781
2007.014781
2007.014781
2007.014781
2007.014781
2007.014781
2007.014781
2007.014781
2007.014781
2007.014781
2007.014781
2007.014781
2006.665743
2006.665743
2006.665743
2006.665743
2006.665743
2001.972109
2001.972109
2001.972109
2001.972109
2001.972109
2001.972109
2001.972109
2001.972109
2001.972109
2001.972109
2001.972109
2001.972109
2001.972109
2001.972109
2001.972109
2001.972109
2001.972109
2001.972109
2001.972109
2001.972109
2001.972109
2001.972109
2001.972109
2001.972109
2001.972109
2001.972109
2001.972109
1998.284113
1998.284113
1998.284113
1998.284113
1998.284113
1998.284113
1998.284113
1998.284113
1998.284113
1998.284113
1998.284113
1998.284113
1998.284113
1998.284113
1998.284113
1998.284113
1998.284113
1998.284113
1998.284113
1998.284113
1998.284113
1998.284113
1998.284113
1998.284113
1998.284113
1998.284113
1998.284113
1998.284113
1998.284113
1998.284113
1998.284113
1998.284113
1998.284113
1998.284113
1998.284113
1998.284113
1998.284113
1998.284113
1998.284113
1998.284113
1998.284113
1998.284113
1998.284113
1998.284113
1998.284113
1998.284113
1998.284113
1998.284113
1998.284113
1998.284113
1998.284113
1998.284113
1998.284113
1998.284113
1998.284113
1998.284113
1998.284113
1998.284113
1998.284113
1998.284113
1998.284113
1998.284113
1998.284113
1998.284113
1998.284113
1998.284113
1998.284113
1998.284113
1998.284113
1998.284113
1998.284113
1998.284113
1998.284113
1998.284113
1998.284113
1998.284113
1998.284113
1998.284113
1998.284113
1998.284113
1998.284113
1998.284113
1998.284113
1998.284113
1998.284113
1998.284113
1998.284113
1998.284113
1998.284113
1998.284113
1998.284113
1998.284113
1998.284113
1998.284113
1998.284113
1998.284113
1998.284113
1998.284113
1998.284113
1998.284113
1998.284113
1998.284113
1998.284113
1998.284113
1998.284113
1998.284113
1997.891961
1997.891961
1997.891961
1997.891961
1997.891961
1997.891961
1997.891961
1997.891961
1997.891961
1997.891961
1997.891961
1997.891961
1997.891961
1997.891961
1997.891961
1997.891961
1997.891961
1997.891961
1997.891961
1997.522546
1997.522546
1997.522546
1997.522546
1997.522546
1997.522546
1997.522546
1997.522546
1997.522546
1997.522546
1997.522546
1997.522546
1997.522546
1997.522546
1997.522546
1997.522546
1997.522546
1997.522546
1997.522546
1997.522546
1997.522546
1997.522546
1997.522546
1997.522546
1997.522546
1997.522546
1997.522546
1997.522546
1997.522546
1997.522546
1997.522546
1997.522546
1997.522546
1997.522546
1997.522546
1997.522546
1997.508303
1997.508303
1997.508303
1997.508303
1997.508303
1997.508303
1997.508303
1997.508303
1997.508303
1997.508303
1997.508303
1997.508303
1997.508303
1997.508303
1997.508303
1997.508303
1997.508303
1995.805257
1995.805257
1995.805257
1995.805257
1995.805257
1995.805257
1995.805257
1995.805257
1995.805257
1995.805257
1995.805257
1995.805257
1995.805257
1994.758009
1994.758009
1994.758009
1994.758009
1990.363829
1990.363829
1990.363829
1990.363829
1990.363829
1990.363829
1990.363829
1990.363829
1990.363829
1990.363829
1990.363829
1990.363829
1990.363829
1990.363829
1990.363829
1990.363829
1990.363829
1990.363829
1990.363829
1990.363829
1990.363829
1990.363829
1990.363829
1990.363829
1990.363829
1990.363829
1990.363829
1990.363829
1990.363829
1990.363829
1990.363829
1990.363829
1990.363829
1990.363829
1990.363829
1990.363829
1990.363829
1990.363829
1990.363829
1990.363829
1990.363829
1990.363829
1990.363829
1990.363829
1990.363829
1990.363829
1990.363829
1990.363829
1990.363829
1990.363829
1990.363829
1990.363829
1989.268611
1989.268611
1989.268611
1989.268611
1989.268611
1989.268611
1989.268611
1989.268611
1989.268611
1989.268611
1989.268611
1989.268611
1989.268611
1989.268611
1989.268611
1989.268611
1989.268611
1989.268611
1989.268611
1989.268611
1989.268611
1989.268611
1989.268611
1989.268611
1989.268611
1989.268611
1989.268611
1988.136637
1988.136637
1988.136637
1988.136637
1988.136637
1988.136637
1988.136637
1988.136637
1988.136637
1988.136637
1988.136637
1988.136637
1988.136637
1988.136637
1988.136637
1988.136637
1988.136637
1988.136637
1988.136637
1988.136637
1988.136637
1988.136637
1988.136637
1988.136637
1988.136637
1988.136637
1988.136637
1988.136637
1988.136637
1988.136637
1988.136637
1988.136637
1988.136637
1988.136637
1988.136637
1988.136637
1988.136637
1988.136637
1988.136637
1988.136637
1988.136637
1988.136637
1988.136637
1988.136637
1988.136637
1988.136637
1988.136637
1988.136637
1988.136637
1988.136637
1987.774727
1987.774727
1987.774727
1987.774727
1987.774727
1987.774727
1987.774727
1987.774727
1987.774727
1987.774727
1987.774727
1987.774727
1987.774727
1987.774727
1987.774727
1987.774727
1987.774727
1987.774727
1987.774727
1987.774727
1987.774727
1987.774727
1987.774727
1987.774727
1987.774727
1987.774727
1987.774727
1987.774727
1987.774727
1987.774727
1987.774727
1983.334251
1983.334251
1983.334251
1983.334251
1983.334251
1983.334251
1983.334251
1983.334251
1983.334251
1983.334251
1983.334251
1983.334251
1983.334251
1983.334251
1983.334251
1983.334251
1983.334251
1983.334251
1983.334251
1983.334251
1983.334251
1973.383605
1973.383605
1973.383605
1973.383605
1973.383605
1973.383605
1973.383605
1973.383605
1973.383605
1973.383605
1973.383605
1973.383605
1973.383605
1973.383605
1973.383605
1973.383605
1973.383605
1973.383605
1973.383605
1973.383605
1973.383605
1973.383605
1973.383605
1973.383605
1973.383605
1973.383605
1973.383605
1973.383605
1973.383605
1973.383605
1973.383605
1973.383605
1973.383605
1973.383605
1973.383605
1973.383605
1973.383605
1973.383605
1973.383605
1973.383605
1973.383605
1973.383605
1973.383605
1973.383605
1973.383605
1973.383605
1973.383605
1973.383605
1973.383605
1973.383605
1973.383605
1973.383605
1973.383605
1973.383605
1973.383605
1973.383605
1973.383605
1973.383605
1973.383605
1973.383605
1973.383605
1973.383605
1973.383605
1973.383605
1973.383605
1973.383605
1973.383605
1973.383605
1973.383605
1973.383605
1973.383605
1973.383605
1973.383605
1973.383605
1973.383605
1970.813595
1970.813595
1970.813595
1970.813595
1970.813595
1970.813595
1970.813595
1970.813595
1970.813595
1970.813595
1970.813595
1970.813595
1970.813595
1970.813595
1970.813595
1970.813595
1970.813595
1970.813595
1970.813595
1970.813595
1970.813595
1970.813595
1970.813595
1970.813595
1970.813595
1970.813595
1970.813595
1970.813595
1970.813595
1970.813595
1970.813595
1970.813595
1970.813595
1970.813595
1970.813595
1970.813595
1970.813595
1970.813595
1970.813595
1970.470912
1970.470912
1970.470912
1970.470912
1970.470912
1970.470912
1970.470912
1970.470912
1970.470912
1970.470912
1970.470912
1970.470912
1970.470912
1970.470912
1970.470912
1970.470912
1970.470912
1970.470912
1970.470912
1970.470912
1970.470912
1970.470912
1970.470912
1970.470912
1970.470912
1970.470912
1970.470912
1970.470912
1970.470912
1970.470912
1970.470912
1970.470912
1970.470912
1970.470912
1970.470912
1970.470912
1970.470912
1970.470912
1970.470912
1970.470912
1970.470912
1970.470912
1970.470912
1970.470912
1970.470912
1970.470912
1970.470912
1970.470912
1970.470912
1970.470912
1968.914443
1968.914443
1968.914443
1968.914443
1968.914443
1968.914443
1968.914443
1968.914443
1968.914443
1967.990405
1967.990405
1967.990405
1967.990405
1967.990405
1967.990405
1967.990405
1967.990405
1966.454123
1966.454123
1966.454123
1966.454123
1966.454123
1966.454123
1966.454123
1966.454123
1966.454123
1966.454123
1966.454123
1966.454123
1966.454123
1966.454123
1966.454123
1966.454123
1966.454123
1966.454123
1966.454123
1966.454123
1966.454123
1966.454123
1966.454123
1966.454123
1966.454123
1966.454123
1966.454123
1966.454123
1966.454123
1966.454123
1966.454123
1966.454123
1966.454123
1966.454123
1966.454123
1966.454123
1966.454123
1966.454123
1966.454123
1966.454123
1966.454123
1966.454123
1966.454123
1966.454123
1965.432099
1964.549599
1964.549599
1964.549599
1964.549599
1964.549599
1964.549599
1964.549599
1964.549599
1964.549599
1964.549599
1964.549599
1964.549599
1964.549599
1964.549599
1964.549599
1964.549599
1964.549599
1964.549599
1964.549599
1964.549599
1964.549599
1964.549599
1964.549599
1964.549599
1964.549599
1964.549599
1964.549599
1964.549599
1964.549599
1964.549599
1964.549599
1964.549599
1964.549599
1964.549599
1964.549599
1964.549599
1964.549599
1964.549599
1964.549599
1964.549599
1964.549599
1964.549599
1964.549599
1964.549599
1964.549599
1964.549599
1964.549599
1964.549599
1962.713330
1962.298775
1962.298775
1962.298775
1962.298775
1962.298775
1962.298775
1962.298775
1962.298775
1960.918655
1960.918655
1960.918655
1960.918655
1960.918655
1960.918655
1960.918655
1960.918655
1960.918655
1960.918655
1960.918655
1960.918655
1960.918655
1960.918655
1960.918655
1960.918655
1960.918655
1960.918655
1960.918655
1960.918655
1960.918655
1960.918655
1960.918655
1960.918655
1960.918655
1960.918655
1960.918655
1960.918655
1960.918655
1960.918655
1960.918655
1960.918655
1960.918655
1960.918655
1960.918655
1960.918655
1960.918655
1960.918655
1959.423149
1959.423149
1959.423149
1959.423149
1959.423149
1959.423149
1959.423149
1959.423149
1955.879337
1955.879337
1955.879337
1955.879337
1955.879337
1955.879337
1955.879337
1955.879337
1955.879337
1955.879337
1955.879337
1955.879337
1955.879337
1955.879337
1955.879337
1955.879337
1955.879337
1955.879337
1955.879337
1955.879337
1955.879337
1955.879337
1955.879337
1955.879337
1955.879337
1955.879337
1955.879337
1955.879337
1955.879337
1955.879337
1955.879337
1955.879337
1955.879337
1955.879337
1955.879337
1955.879337
1955.879337
1955.879337
1955.879337
1955.879337
1955.879337
1955.879337
1955.879337
1955.879337
1955.879337
1955.879337
1955.879337
1955.879337
1955.372080
1955.372080
1955.372080
1955.372080
1955.372080
1955.372080
1955.372080
1955.372080
1955.372080
1950.809972
1950.809972
1950.809972
1950.809972
1950.809972
1950.809972
1950.809972
1950.809972
1950.809972
1950.809972
1950.809972
1950.809972
1950.809972
1950.809972
1950.809972
1950.809972
1950.809972
1950.809972
1950.809972
1950.809972
1950.809972
1950.809972
1950.809972
1950.809972
1950.809972
1950.809972
1950.809972
1950.809972
1950.809972
1950.809972
1950.809972
1950.809972
1950.809972
1949.080547
1949.080547
1949.080547
1949.080547
1949.080547
1949.080547
1949.080547
1949.080547
1949.080547
1943.173330
1943.173330
1943.173330
1943.173330
1943.173330
1943.173330
1943.173330
1943.173330
1943.173330
1943.173330
1943.173330
1943.173330
1943.173330
1943.173330
1943.173330
1943.173330
1943.173330
1943.173330
1943.173330
1943.173330
1943.173330
1943.173330
1943.173330
1943.173330
1943.173330
1943.173330
1943.173330
1943.173330
1943.173330
1943.173330
1943.173330
1943.173330
1943.173330
1943.173330
1943.173330
1943.173330
1943.173330
1943.173330
1943.173330
1943.173330
1943.173330
1943.173330
1943.173330
1943.173330
1943.173330
1943.173330
1943.173330
1943.173330
1943.173330
1943.173330
1943.173330
1943.173330
1943.173330
1943.173330
1940.494219
1940.494219
1940.494219
1940.494219
1940.494219
1940.494219
1940.494219
1940.494219
1940.494219
1940.494219
1940.494219
1940.494219
1940.494219
1940.494219
1940.494219
1940.494219
1940.494219
1940.494219
1940.494219
1940.494219
1940.494219
1940.494219
1940.494219
1940.494219
1940.494219
1940.494219
1940.494219
1940.494219
1940.494219
1940.494219
1940.494219
1940.494219
1940.494219
1940.494219
1940.494219
1940.494219
1940.494219
1940.494219
1940.494219
1940.494219
1940.494219
1928.895760
1928.895760
1928.895760
1928.895760
1928.895760
1928.895760
1928.895760
1928.895760
1928.895760
1928.895760
1928.895760
1928.895760
1928.895760
1928.895760
1928.895760
1928.895760
1928.895760
1928.895760
1928.895760
1928.895760
1928.895760
1928.895760
1928.895760
1928.895760
1928.895760
1928.895760
1928.895760
1928.895760
1928.895760
1928.895760
1928.895760
1928.895760
1928.895760
1928.895760
1928.895760
1928.895760
1928.895760
1928.895760
1928.895760
1928.895760
1928.895760
1928.895760
1928.895760
1928.895760
1928.895760
1928.895760
1928.895760
1928.895760
1928.895760
1928.895760
1928.895760
1922.712620
1922.712620
1922.712620
1922.712620
1922.712620
1922.712620
1922.712620
1922.712620
1922.712620
1922.712620
1922.712620
1922.712620
1922.712620
1922.712620
1922.712620
1922.712620
1922.712620
1922.712620
1922.712620
1922.712620
1922.712620
1922.712620
1922.712620
1922.712620
1922.712620
1922.712620
1922.712620
1922.712620
1922.712620
1922.712620
1922.712620
1922.712620
1922.712620
1922.712620
1922.712620
1922.712620
1922.712620
1922.712620
1922.712620
1922.712620
1922.712620
1922.712620
1922.712620
1922.712620
1922.712620
1922.712620
1922.712620
1922.712620
1922.712620
1922.712620
1922.712620
1922.712620
1922.712620
1922.712620
1922.712620
1922.712620
1922.712620
1922.712620
1922.712620
1922.712620
1922.712620
1920.906540
1920.906540
1920.906540
1920.906540
1920.906540
1920.906540
1920.906540
1920.906540
1920.906540
1920.906540
1920.906540
1920.906540
1920.906540
1920.906540
1920.906540
1920.906540
1920.906540
1920.906540
1920.906540
1920.906540
1920.906540
1920.906540
1920.906540
1920.906540
1920.906540
1920.906540
1920.906540
1920.906540
1920.906540
1920.906540
1920.906540
1920.906540
1920.906540
1920.906540
1920.906540
1920.906540
1920.906540
1920.906540
1920.906540
1920.906540
1920.906540
1920.906540
1920.906540
1920.906540
1920.906540
1920.906540
1920.906540
1920.906540
1920.906540
1920.906540
1909.964797
1909.964797
1909.964797
1909.964797
1909.964797
1909.964797
1909.964797
1909.964797
1909.964797
1909.964797
1909.964797
1909.964797
1909.964797
1909.964797
1909.964797
1909.964797
1909.964797
1909.964797
1909.964797
1909.964797
1909.964797
1909.964797
1909.964797
1909.964797
1909.964797
1909.964797
1909.964797
1909.964797
1909.964797
1909.964797
1909.964797
1909.964797
1900.938440
1900.938440
1900.938440
1900.938440
1900.938440
1900.938440
1900.938440
1900.938440
1900.938440
1900.938440
1900.938440
1900.938440
1900.938440
1900.938440
1900.938440
1900.938440
1900.938440
1900.938440
1900.938440
1900.938440
1900.938440
1900.938440
1900.938440
1900.938440
1900.938440
1900.938440
1900.938440
1900.938440
1900.938440
1900.938440
1900.938440
1900.938440
1900.938440
1900.938440
1900.938440
1900.938440
1900.938440
1900.938440
1900.938440
1900.938440
1900.938440
1900.938440
1900.938440
1900.938440
1900.938440
1900.938440
1900.938440
1900.938440
1900.938440
1900.938440
1900.938440
1900.938440
1900.938440
1900.938440
1899.458861
1899.458861
1899.458861
1899.458861
1899.458861
1899.458861
1899.458861
1899.458861
1899.458861
1899.458861
1899.458861
1899.458861
1899.458861
1899.458861
1899.458861
1899.458861
1899.458861
1899.458861
1899.458861
1899.458861
1899.458861
1899.458861
1899.458861
1899.458861
1899.458861
1899.458861
1888.391490
1888.391490
1888.391490
1888.391490
1888.391490
1888.391490
1888.391490
1888.391490
1888.391490
1888.391490
1888.391490
1888.391490
1888.391490
1888.391490
1888.391490
1888.391490
1888.391490
1888.391490
1888.391490
1888.391490
1888.391490
1888.391490
1888.391490
1888.391490
1888.391490
1888.391490
1888.391490
1888.391490
1888.391490
1888.391490
1888.391490
1888.391490
1888.391490
1888.391490
1888.391490
1888.391490
1888.391490
1888.391490
1888.391490
1888.391490
1888.391490
1888.391490
1888.391490
1888.391490
1888.391490
1888.391490
1888.391490
1888.391490
1888.391490
1888.391490
1888.391490
1888.391490
1888.391490
1888.391490
1888.391490
1888.391490
1888.391490
1888.391490
1888.391490
1888.391490
1888.391490
1888.391490
1888.391490
1888.391490
1888.391490
1888.391490
1888.391490
1888.391490
1888.391490
1888.391490
1888.391490
1888.391490
1888.391490
1888.391490
1888.391490
1888.391490
1888.391490
1888.391490
1888.391490
1888.391490
1888.391490
1888.391490
1888.391490
1888.391490
1888.391490
1888.391490
1888.391490
1888.391490
1888.391490
1888.391490
1888.391490
1888.391490
1888.391490
1888.391490
1888.391490
1888.391490
1888.391490
1888.391490
1888.391490
1888.391490
1888.391490
1888.391490
1888.391490
1881.761706
1881.761706
1881.761706
1881.761706
1881.761706
1881.761706
1881.761706
1881.761706
1881.761706
1881.761706
1881.761706
1881.761706
1881.761706
1881.761706
1881.761706
1880.338983
1880.338983
1880.338983
1880.338983
1880.338983
1880.338983
1880.338983
1880.338983
1880.338983
1880.338983
1880.338983
1880.338983
1880.338983
1875.901673
1875.901673
1875.901673
1875.901673
1875.901673
1875.901673
1875.901673
1875.901673
1875.901673
1875.901673
1875.901673
1875.901673
1875.901673
1875.901673
1875.901673
1875.901673
1875.901673
1875.901673
1875.901673
1875.901673
1875.901673
1875.901673
1875.901673
1875.901673
1875.901673
1875.901673
1875.901673
1875.901673
1875.901673
1875.901673
1875.901673
1875.901673
1875.901673
1875.901673
1875.901673
1875.901673
1875.901673
1875.901673
1875.901673
1875.901673
1875.901673
1875.901673
1875.901673
1875.901673
1875.901673
1875.901673
1875.901673
1875.901673
1875.901673
1875.901673
1875.901673
1875.901673
1867.101366
1867.101366
1867.101366
1867.101366
1867.101366
1867.101366
1867.101366
1867.101366
1867.101366
1867.101366
1867.101366
1867.101366
1867.101366
1867.101366
1867.101366
1867.101366
1867.101366
1867.101366
1867.101366
1867.101366
1867.101366
1867.101366
1867.101366
1867.101366
1867.101366
1867.101366
1867.101366
1867.101366
1867.101366
1867.101366
1867.101366
1867.101366
1867.101366
1867.101366
1867.101366
1867.101366
1867.101366
1867.101366
1867.101366
1867.101366
1867.101366
1867.101366
1867.101366
1867.101366
1867.101366
1867.101366
1867.101366
1867.101366
1867.101366
1867.101366
1867.101366
1867.101366
1867.101366
1867.101366
1867.101366
1867.101366
1867.101366
1867.101366
1867.101366
1867.101366
1867.101366
1867.101366
1867.101366
1867.101366
1867.101366
1867.101366
1867.101366
1867.101366
1867.101366
1867.101366
1867.101366
1867.101366
1867.101366
1867.101366
1867.101366
1867.101366
1867.101366
1867.101366
1867.101366
1867.101366
1867.101366
1867.101366
1867.101366
1867.101366
1867.101366
1867.101366
1867.101366
1867.101366
1867.101366
1867.101366
1867.101366
1867.101366
1867.101366
1867.101366
1867.101366
1855.290813
1853.186453
1853.186453
1853.186453
1853.186453
1853.186453
1853.186453
1853.186453
1853.186453
1853.186453
1853.186453
1853.186453
1853.186453
1853.186453
1853.186453
1853.186453
1853.186453
1853.186453
1853.186453
1853.186453
1853.186453
1853.186453
1853.186453
1853.186453
1853.186453
1853.186453
1853.186453
1853.186453
1853.186453
1853.186453
1853.186453
1853.186453
1853.186453
1853.186453
1853.186453
1853.186453
1853.186453
1853.186453
1853.186453
1853.186453
1853.186453
1853.186453
1853.186453
1853.186453
1853.186453
1853.186453
1853.186453
1853.186453
1853.186453
1853.186453
1853.186453
1853.186453
1853.186453
1853.186453
1853.186453
1853.186453
1853.186453
1853.186453
1853.186453
1853.186453
1853.186453
1853.186453
1853.186453
1853.186453
1853.186453
1853.186453
1853.186453
1853.186453
1853.186453
1853.186453
1853.186453
1853.186453
1853.186453
1853.186453
1853.186453
1853.186453
1853.186453
1853.186453
1853.186453
1853.186453
1853.186453
1853.186453
1853.186453
1853.186453
1853.186453
1853.186453
1853.186453
1853.186453
1853.186453
1853.186453
1853.186453
1853.186453
1853.186453
1853.186453
1853.186453
1853.186453
1853.186453
1840.588310
1840.588310
1840.588310
1840.588310
1840.588310
1840.588310
1840.588310
1840.588310
1840.588310
1840.588310
1840.588310
1840.588310
1840.588310
1840.588310
1840.588310
1840.588310
1840.588310
1840.588310
1840.588310
1840.588310
1840.588310
1840.588310
1840.588310
1840.588310
1840.588310
1840.588310
1840.588310
1840.588310
1840.588310
1840.588310
1840.588310
1840.588310
1840.588310
1840.588310
1840.588310
1840.588310
1840.588310
1840.588310
1840.588310
1840.588310
1840.588310
1840.588310
1840.588310
1840.588310
1840.588310
1840.588310
1840.588310
1840.588310
1840.588310
1840.588310
1840.588310
1840.588310
1840.588310
1840.588310
1840.588310
1840.588310
1840.588310
1840.588310
1840.588310
1840.588310
1840.588310
1840.588310
1840.588310
1840.588310
1840.588310
1840.588310
1840.588310
1840.588310
1840.588310
1840.588310
1840.588310
1840.588310
1840.588310
1840.588310
1840.588310
1840.588310
1840.588310
1840.588310
1840.588310
1840.588310
1840.588310
1840.588310
1840.588310
1840.588310
1840.588310
1840.588310
1840.588310
1833.402519
1833.402519
1833.402519
1833.402519
1833.402519
1833.402519
1833.402519
1833.402519
1833.402519
1833.402519
1833.402519
1833.402519
1833.402519
1833.402519
1833.402519
1833.402519
1833.402519
1833.402519
1833.402519
1833.402519
1833.402519
1833.402519
1833.402519
1833.402519
1833.402519
1833.402519
1833.402519
1833.402519
1833.402519
1833.402519
1833.402519
1833.402519
1833.402519
1833.402519
1833.402519
1833.402519
1833.402519
1833.402519
1833.402519
1833.402519
1833.402519
1833.402519
1833.402519
1824.876377
1824.876377
1824.876377
1824.876377
1824.876377
1824.876377
1824.876377
1824.876377
1824.876377
1824.876377
1824.876377
1824.876377
1824.876377
1824.876377
1824.876377
1824.876377
1824.876377
1824.876377
1824.876377
1824.876377
1824.876377
1824.876377
1824.876377
1824.876377
1824.876377
1824.876377
1824.876377
1824.876377
1824.876377
1824.876377
1824.876377
1824.876377
1824.876377
1824.876377
1824.876377
1824.876377
1816.993420
1816.993420
1816.993420
1816.993420
1816.993420
1816.993420
1816.993420
1816.993420
1816.993420
1816.993420
1816.993420
1816.993420
1816.993420
1816.993420
1816.993420
1816.993420
1816.993420
1816.993420
1816.993420
1816.993420
1816.993420
1816.993420
1816.993420
1816.993420
1816.993420
1816.993420
1816.993420
1816.993420
1816.993420
1816.993420
1816.993420
1816.993420
1816.993420
1816.993420
1816.993420
1816.993420
1816.993420
1816.993420
1816.993420
1816.993420
1816.993420
1816.993420
1816.993420
1816.993420
1816.993420
1816.993420
1816.993420
1816.993420
1816.993420
1816.993420
1816.993420
1816.993420
1816.993420
1816.993420
1816.993420
1816.993420
1816.993420
1816.993420
1816.993420
1816.993420
1814.928042
1814.928042
1814.928042
1814.928042
1814.928042
1814.928042
1814.928042
1814.928042
1814.928042
1814.928042
1814.928042
1814.928042
1814.928042
1814.928042
1814.928042
1814.928042
1814.928042
1814.928042
1814.928042
1814.928042
1814.928042
1814.928042
1814.928042
1814.928042
1814.928042
1814.928042
1814.928042
1814.928042
1814.928042
1814.928042
1814.928042
1814.928042
1808.111883
1808.111883
1808.111883
1808.111883
1808.111883
1808.111883
1808.111883
1808.111883
1808.111883
1808.111883
1808.111883
1808.111883
1808.111883
1808.111883
1808.111883
1808.111883
1808.111883
1802.153026
1802.153026
1802.153026
1802.153026
1802.153026
1802.153026
1802.153026
1802.153026
1802.153026
1802.153026
1802.153026
1802.153026
1802.153026
1802.153026
1802.153026
1802.153026
1802.153026
1802.153026
1802.153026
1802.153026
1802.153026
1802.153026
1802.153026
1802.153026
1802.153026
1802.153026
1802.153026
1802.153026
1802.153026
1802.153026
1802.153026
1802.153026
1802.153026
1802.153026
1802.153026
1802.153026
1802.153026
1802.153026
1802.153026
1802.153026
1802.153026
1802.153026
1802.153026
1802.153026
1802.153026
1802.153026
1802.153026
1802.153026
1802.153026
1802.153026
1802.153026
1802.153026
1802.153026
1800.825809
1800.825809
1800.825809
1800.825809
1800.825809
1800.825809
1800.825809
1800.825809
1800.825809
1800.825809
1800.825809
1800.825809
1800.825809
1800.825809
1800.825809
1800.825809
1800.825809
1800.825809
1800.825809
1800.825809
1800.825809
1800.825809
1800.825809
1800.825809
1800.825809
1800.825809
1800.825809
1800.825809
1800.825809
1800.825809
1800.825809
1800.825809
1800.825809
1800.825809
1800.825809
1800.825809
1800.825809
1800.825809
1800.825809
1800.825809
1800.825809
1800.825809
1800.825809
1800.825809
1800.825809
1800.825809
1800.825809
1800.825809
1800.825809
1800.825809
1797.069943
1797.069943
1797.069943
1797.069943
1797.069943
1797.069943
1797.069943
1797.069943
1797.069943
1797.069943
1797.069943
1797.069943
1797.069943
1797.069943
1797.069943
1797.069943
1797.069943
1797.069943
1797.069943
1797.069943
1795.201823
1795.201823
1795.201823
1795.201823
1795.201823
1795.201823
1795.201823
1795.201823
1795.201823
1795.201823
1795.201823
1795.201823
1795.201823
1795.201823
1795.201823
1795.201823
1795.201823
1795.201823
1795.201823
1795.201823
1795.201823
1795.201823
1795.201823
1795.201823
1795.201823
1795.201823
1795.201823
1795.201823
1795.201823
1795.201823
1795.201823
1795.201823
1795.201823
1795.201823
1795.201823
1795.201823
1795.201823
1795.201823
1795.201823
1795.201823
1795.201823
1795.201823
1795.201823
1795.201823
1795.201823
1795.201823
1795.201823
1795.201823
1795.201823
1795.201823
1795.201823
1795.201823
1795.201823
1795.201823
1795.201823
1795.201823
1795.201823
1795.201823
1795.201823
1795.201823
1795.201823
1795.201823
1795.201823
1795.201823
1795.201823
1795.201823
1795.201823
1795.201823
1795.201823
1795.201823
1795.201823
1795.201823
1795.201823
1795.201823
1795.201823
1795.201823
1795.201823
1795.201823
1795.201823
1795.201823
1795.201823
1795.201823
1795.201823
1795.201823
1795.201823
1795.201823
1795.201823
1795.201823
1795.201823
1795.201823
1795.201823
1795.201823
1795.201823
1795.201823
1795.201823
1795.201823
1795.201823
1795.201823
1795.201823
1795.201823
1795.201823
1795.201823
1795.201823
1795.201823
1795.201823
1795.201823
1795.201823
1795.201823
1795.201823
1790.041234
1790.041234
1790.041234
1790.041234
1790.041234
1790.041234
1790.041234
1790.041234
1790.041234
1790.041234
1789.809116
1789.809116
1789.809116
1789.809116
1789.809116
1789.809116
1789.809116
1789.809116
1789.809116
1789.809116
1789.809116
1789.809116
1789.809116
1789.809116
1789.809116
1789.809116
1789.809116
1789.809116
1789.809116
1789.809116
1789.809116
1789.809116
1789.809116
1789.809116
1789.809116
1789.809116
1789.809116
1789.809116
1789.809116
1789.809116
1789.809116
1789.809116
1789.809116
1789.809116
1789.809116
1789.809116
1789.809116
1789.809116
1789.809116
1789.809116
1789.809116
1789.809116
1788.723470
1788.723470
1788.723470
1788.723470
1788.723470
1788.723470
1788.723470
1788.723470
1788.723470
1788.723470
1788.723470
1788.723470
1788.723470
1788.723470
1788.723470
1788.723470
1788.723470
1788.723470
1788.723470
1788.723470
1788.723470
1788.723470
1788.723470
1788.723470
1788.723470
1788.723470
1788.723470
1788.723470
1788.723470
1788.723470
1788.723470
1788.723470
1788.723470
1788.723470
1788.723470
1788.723470
1788.723470
1788.723470
1788.723470
1788.723470
1788.723470
1788.723470
1788.404193
1788.404193
1787.405600
1787.405600
1787.405600
1787.405600
1787.405600
1782.642675
1782.642675
1782.642675
1782.642675
1778.214692
1778.214692
1778.214692
1778.214692
1778.214692
1778.214692
1778.214692
1778.214692
1778.214692
1778.214692
1778.214692
1778.214692
1778.214692
1778.214692
1778.214692
1778.214692
1778.214692
1778.214692
1778.214692
1778.214692
1778.214692
1778.214692
1778.214692
1778.214692
1778.214692
1778.214692
1778.214692
1778.214692
1778.214692
1778.214692
1778.214692
1778.214692
1778.214692
1778.214692
1778.214692
1778.214692
1778.214692
1778.214692
1778.214692
1778.214692
1778.214692
1778.214692
1778.214692
1778.214692
1778.214692
1778.214692
1778.214692
1778.214692
1778.214692
1778.214692
1778.214692
1778.214692
1778.214692
1778.214692
1778.214692
1778.214692
1778.214692
1778.214692
1778.214692
1778.214692
1778.214692
1778.214692
1778.214692
1778.214692
1778.214692
1778.214692
1778.214692
1778.214692
1778.214692
1778.214692
1778.214692
1778.214692
1778.214692
1778.214692
1778.214692
1778.214692
1778.214692
1778.214692
1778.214692
1778.214692
1778.214692
1778.214692
1778.214692
1778.214692
1778.214692
1778.214692
1778.214692
1778.214692
1778.214692
1778.214692
1778.214692
1778.214692
1778.214692
1778.214692
1778.214692
1778.214692
1778.214692
1778.214692
1778.214692
1778.214692
1778.214692
1778.214692
1778.214692
1778.214692
1778.214692
1778.214692
1778.214692
1778.214692
1778.214692
1778.214692
1778.214692
1778.214692
1778.214692
1778.214692
1778.214692
1778.214692
1778.214692
1778.214692
1778.214692
1778.214692
1778.214692
1778.214692
1778.214692
1778.214692
1778.214692
1778.214692
1778.214692
1778.214692
1778.214692
1778.214692
1778.214692
1778.214692
1778.214692
1778.214692
1778.214692
1778.214692
1778.214692
1778.214692
1778.214692
1778.214692
1778.214692
1778.214692
1778.214692
1778.214692
1778.214692
1778.214692
1778.214692
1778.214692
1778.214692
1778.214692
1778.214692
1778.214692
1778.214692
1778.214692
1778.214692
1778.214692
1778.214692
1778.214692
1778.214692
1778.214692
1778.214692
1778.214692
1778.214692
1778.214692
1778.214692
1778.214692
1778.214692
1778.214692
1778.214692
1778.214692
1778.214692
1778.214692
1778.214692
1778.214692
1778.214692
1778.214692
1778.214692
1778.214692
1778.214692
1778.214692
1778.214692
1778.214692
1778.214692
1778.214692
1778.214692
1778.214692
1778.214692
1778.214692
1778.214692
1778.214692
1778.214692
1778.214692
1778.214692
1778.214692
1778.214692
1778.214692
1778.214692
1778.214692
1778.214692
1778.214692
1778.214692
1778.214692
1778.214692
1778.214692
1778.214692
1778.214692
1778.214692
1778.214692
1778.214692
1778.214692
1778.214692
1778.214692
1778.214692
1778.214692
1778.214692
1778.214692
1778.214692
1778.214692
1778.214692
1778.214692
1778.214692
1778.214692
1778.214692
1778.214692
1778.214692
1778.214692
1778.214692
1778.214692
1778.214692
1778.214692
1778.214692
1778.214692
1778.214692
1778.214692
1778.214692
1778.214692
1778.214692
1778.214692
1778.214692
1778.214692
1778.214692
1778.214692
1778.214692
1778.214692
1778.214692
1778.214692
1778.214692
1778.214692
1778.214692
1778.214692
1778.214692
1778.214692
1778.214692
1778.214692
1778.214692
1778.214692
1778.214692
1778.214692
1778.214692
1778.214692
1778.214692
1778.214692
1778.214692
1778.214692
1778.214692
1778.214692
1778.214692
1778.214692
1778.214692
1778.214692
1778.214692
1778.214692
1778.214692
1778.214692
1778.214692
1778.214692
1778.214692
1778.214692
1778.214692
1778.214692
1778.214692
1778.214692
1778.214692
1776.964392
1776.964392
1776.964392
1776.964392
1776.964392
1776.964392
1776.964392
1776.964392
1776.964392
1776.964392
1776.964392
1776.964392
1776.964392
1776.964392
1776.964392
1776.964392
1776.964392
1776.964392
1776.964392
1776.964392
1776.964392
1776.964392
1776.964392
1776.964392
1776.964392
1776.964392
1776.964392
1776.964392
1776.964392
1776.964392
1776.964392
1776.964392
1776.964392
1776.964392
1776.964392
1776.964392
1776.954544
1776.954544
1776.954544
1776.954544
1776.954544
1776.954544
1776.954544
1776.954544
1776.954544
1776.954544
1776.954544
1776.954544
1776.954544
1776.954544
1776.954544
1776.954544
1776.954544
1776.954544
1776.954544
1776.954544
1776.954544
1776.954544
1776.954544
1776.954544
1776.954544
1776.954544
1776.954544
1776.954544
1776.954544
1776.954544
1776.954544
1776.954544
1776.954544
1776.954544
1776.954544
1776.954544
1776.954544
1776.954544
1776.954544
1776.954544
1776.954544
1776.954544
1776.954544
1776.954544
1776.954544
1776.954544
1776.954544
1776.954544
1776.954544
1776.954544
1776.954544
1776.954544
1776.954544
1776.954544
1776.954544
1776.954544
1776.954544
1776.542653
1776.542653
1776.542653
1776.542653
1776.542653
1776.542653
1776.542653
1776.542653
1776.542653
1776.542653
1776.542653
1776.542653
1776.542653
1776.542653
1776.542653
1776.542653
1776.542653
1776.542653
1776.542653
1776.542653
1776.542653
1776.542653
1776.542653
1776.542653
1776.542653
1776.542653
1776.542653
1776.542653
1776.542653
1776.542653
1776.542653
1776.542653
1776.542653
1776.542653
1776.542653
1776.542653
1776.542653
1776.542653
1776.542653
1776.542653
1776.542653
1776.542653
1776.542653
1776.542653
1776.542653
1776.542653
1776.329941
1776.329941
1776.329941
1776.329941
1776.329941
1776.329941
1776.329941
1776.329941
1774.700881
1774.700881
1774.700881
1774.700881
1774.700881
1774.700881
1774.700881
1774.700881
1774.700881
1774.700881
1774.700881
1774.700881
1774.700881
1774.583445
1774.583445
1774.583445
1774.583445
1774.583445
1774.583445
1774.583445
1774.583445
1774.583445
1770.305762
1770.305762
1770.305762
1770.305762
1770.305762
1770.305762
1770.305762
1770.305762
1770.305762
1770.305762
1770.305762
1770.305762
1770.305762
1770.305762
1770.305762
1770.305762
1770.305762
1770.305762
1770.305762
1770.305762
1770.305762
1770.305762
1770.305762
1770.305762
1770.305762
1770.305762
1770.305762
1770.305762
1770.305762
1770.305762
1770.305762
1770.305762
1770.305762
1770.305762
1770.305762
1770.305762
1770.305762
1770.305762
1770.305762
1770.305762
1770.305762
1770.305762
1767.525453
1767.525453
1767.525453
1767.525453
1767.525453
1767.525453
1767.525453
1767.525453
1767.525453
1767.525453
1767.525453
1767.525453
1767.525453
1767.525453
1767.525453
1767.525453
1767.525453
1767.525453
1767.525453
1767.525453
1767.525453
1767.525453
1767.525453
1767.525453
1767.525453
1767.525453
1767.525453
1767.525453
1767.525453
1767.525453
1767.525453
1767.525453
1767.525453
1767.525453
1767.525453
1767.525453
1763.422930
1763.422930
1763.422930
1763.422930
1763.422930
1763.422930
1763.422930
1763.422930
1763.422930
1763.422930
1763.422930
1763.422930
1763.422930
1763.422930
1763.422930
1763.422930
1763.422930
1763.422930
1763.422930
1763.422930
1763.422930
1763.422930
1763.422930
1763.422930
1763.422930
1763.422930
1763.422930
1763.422930
1763.422930
1763.422930
1763.422930
1763.422930
1763.422930
1763.422930
1763.422930
1763.422930
1763.422930
1763.422930
1763.422930
1763.422930
1763.422930
1763.422930
1763.422930
1763.422930
1763.422930
1763.422930
1763.422930
1763.422930
1763.422930
1763.422930
1763.422930
1763.422930
1763.422930
1763.422930
1763.422930
1763.422930
1763.422930
1763.422930
1763.422930
1763.422930
1763.422930
1763.422930
1763.422930
1763.422930
1763.422930
1763.422930
1763.422930
1763.422930
1763.422930
1763.422930
1763.422930
1763.422930
1763.422930
1763.422930
1763.422930
1763.422930
1763.422930
1763.422930
1763.422930
1763.422930
1763.422930
1763.422930
1763.422930
1763.422930
1763.422930
1763.422930
1763.422930
1763.422930
1763.422930
1763.422930
1763.422930
1763.422930
1763.422930
1763.422930
1762.838890
1762.838890
1762.838890
1762.838890
1762.838890
1762.838890
1762.838890
1762.838890
1762.838890
1762.838890
1762.838890
1762.838890
1762.838890
1762.838890
1762.838890
1762.838890
1762.838890
1762.838890
1762.838890
1762.838890
1762.838890
1762.838890
1762.838890
1762.838890
1762.838890
1761.604112
1761.604112
1761.604112
1761.604112
1761.604112
1761.604112
1761.604112
1761.604112
1761.604112
1761.604112
1761.604112
1761.604112
1761.604112
1761.604112
1761.604112
1761.604112
1761.604112
1761.604112
1761.604112
1761.604112
1761.604112
1761.604112
1761.604112
1761.604112
1761.604112
1761.604112
1761.604112
1761.604112
1761.604112
1761.604112
1761.604112
1761.604112
1761.604112
1761.604112
1761.604112
1761.604112
1761.604112
1761.604112
1761.604112
1761.604112
1761.604112
1761.604112
1761.604112
1761.604112
1761.604112
1761.604112
1761.604112
1761.604112
1761.604112
1761.604112
1761.604112
1761.604112
1761.604112
1761.604112
1761.604112
1761.604112
1761.604112
1761.604112
1761.604112
1761.604112
1761.604112
1761.604112
1761.604112
1761.604112
1761.604112
1761.604112
1761.604112
1761.604112
1761.604112
1761.604112
1761.604112
1761.604112
1761.604112
1761.604112
1761.604112
1761.604112
1761.604112
1761.604112
1761.604112
1761.604112
1761.604112
1761.604112
1761.604112
1761.604112
1761.604112
1761.604112
1761.604112
1761.604112
1761.604112
1761.604112
1761.604112
1761.604112
1761.604112
1761.604112
1761.604112
1761.604112
1761.604112
1761.604112
1761.604112
1761.604112
1761.604112
1761.604112
1761.604112
1761.604112
1761.604112
1761.604112
1761.604112
1761.604112
1761.604112
1761.604112
1761.604112
1761.604112
1761.604112
1761.604112
1761.604112
1761.604112
1761.604112
1761.604112
1761.604112
1761.604112
1761.604112
1761.604112
1761.604112
1761.604112
1761.604112
1761.604112
1761.604112
1761.604112
1761.604112
1761.604112
1761.604112
1761.604112
1761.604112
1761.604112
1761.604112
1761.604112
1761.604112
1761.604112
1761.604112
1761.604112
1761.604112
1761.604112
1761.604112
1761.604112
1761.604112
1761.604112
1761.604112
1761.604112
1761.604112
1761.604112
1761.604112
1761.604112
1761.604112
1761.604112
1761.604112
1761.604112
1761.604112
1761.604112
1761.604112
1761.604112
1761.604112
1761.604112
1761.604112
1761.604112
1761.604112
1761.604112
1761.604112
1761.604112
1761.604112
1761.604112
1761.604112
1761.604112
1761.604112
1761.604112
1761.604112
1761.604112
1761.604112
1761.604112
1761.604112
1761.604112
1761.604112
1761.604112
1761.604112
1761.604112
1761.604112
1761.604112
1761.604112
1761.604112
1761.604112
1761.604112
1761.604112
1761.604112
1761.604112
1761.604112
1761.604112
1761.604112
1761.604112
1761.604112
1761.604112
1761.604112
1761.604112
1761.604112
1761.604112
1761.604112
1761.604112
1761.604112
1759.906251
1759.906251
1759.906251
1759.906251
1759.906251
1759.906251
1759.906251
1759.906251
1759.906251
1759.906251
1759.906251
1759.906251
1759.906251
1759.906251
1759.906251
1759.906251
1759.906251
1759.906251
1759.906251
1759.906251
1759.906251
1759.906251
1759.906251
1759.906251
1759.906251
1759.906251
1759.906251
1759.906251
1759.906251
1759.906251
1759.906251
1759.906251
1759.906251
1759.906251
1759.906251
1759.906251
1759.906251
1759.906251
1759.906251
1759.906251
1759.906251
1759.906251
1759.906251
1759.906251
1759.906251
1759.906251
1759.906251
1759.906251
1759.906251
1759.906251
1759.906251
1759.906251
1759.906251
1758.238105
1758.238105
1758.238105
1758.238105
1758.238105
1758.238105
1758.238105
1758.238105
1758.238105
1758.238105
1758.238105
1758.238105
1758.238105
1758.238105
1758.238105
1758.238105
1758.238105
1758.238105
1758.238105
1758.238105
1758.238105
1758.238105
1758.238105
1758.238105
1758.238105
1758.238105
1758.238105
1758.238105
1758.238105
1758.238105
1758.238105
1758.238105
1758.238105
1758.238105
1758.238105
1758.238105
1758.238105
1758.238105
1758.238105
1758.238105
1758.238105
1758.238105
1758.238105
1758.238105
1758.238105
1758.238105
1758.238105
1758.238105
1758.238105
1758.238105
1758.238105
1758.238105
1758.238105
1758.238105
1758.238105
1758.238105
1758.238105
1758.238105
1758.238105
1758.238105
1758.238105
1758.238105
1758.238105
1758.238105
1757.944851
1757.944851
1757.944851
1757.944851
1757.944851
1757.944851
1757.944851
1757.944851
1757.944851
1757.944851
1757.944851
1757.944851
1757.944851
1757.944851
1757.944851
1757.944851
1756.735869
1756.735869
1756.735869
1756.735869
1756.735869
1756.735869
1756.735869
1756.735869
1756.735869
1756.735869
1756.735869
1756.735869
1756.735869
1756.735869
1756.735869
1756.735869
1755.916748
1755.916748
1755.916748
1755.916748
1755.916748
1755.916748
1755.916748
1755.916748
1755.916748
1755.916748
1755.916748
1755.916748
1755.916748
1755.916748
1755.916748
1755.916748
1755.916748
1755.916748
1755.916748
1755.916748
1755.916748
1755.916748
1755.916748
1755.916748
1755.916748
1755.916748
1755.916748
1755.916748
1755.916748
1755.916748
1755.916748
1755.916748
1753.161202
1753.161202
1753.161202
1753.161202
1753.161202
1753.161202
1753.161202
1753.161202
1753.161202
1753.161202
1753.161202
1753.161202
1753.161202
1753.161202
1753.161202
1753.161202
1753.161202
1753.161202
1753.161202
1753.161202
1753.161202
1753.161202
1753.161202
1753.161202
1753.161202
1753.161202
1753.161202
1753.161202
1753.161202
1753.161202
1753.161202
1753.161202
1753.161202
1753.161202
1753.161202
1753.161202
1753.161202
1753.161202
1753.161202
1753.161202
1753.161202
1753.161202
1753.161202
1753.161202
1753.161202
1753.161202
1753.161202
1753.161202
1753.161202
1753.161202
1753.161202
1753.161202
1753.161202
1753.161202
1753.161202
1753.161202
1753.161202
1753.161202
1753.161202
1753.161202
1753.161202
1753.161202
1753.161202
1753.161202
1753.161202
1753.161202
1753.161202
1753.161202
1753.161202
1753.161202
1753.161202
1753.161202
1753.161202
1753.161202
1753.161202
1751.777625
1751.777625
1751.777625
1751.777625
1751.777625
1751.777625
1751.777625
1751.777625
1751.777625
1751.777625
1751.777625
1751.777625
1751.777625
1751.777625
1751.777625
1751.777625
1751.777625
1751.777625
1751.777625
1751.777625
1751.777625
1751.777625
1751.777625
1749.270066
1749.270066
1749.270066
1749.270066
1749.270066
1749.270066
1749.270066
1749.270066
1749.270066
1749.270066
1749.270066
1749.270066
1749.270066
1749.270066
1749.270066
1749.270066
1749.270066
1749.270066
1749.270066
1749.270066
1749.270066
1749.270066
1749.270066
1749.270066
1749.270066
1749.270066
1749.270066
1749.270066
1749.270066
1749.270066
1749.270066
1749.270066
1749.270066
1749.270066
1749.270066
1749.270066
1749.270066
1749.270066
1749.270066
1749.270066
1749.270066
1749.270066
1749.270066
1749.270066
1749.270066
1749.270066
1749.270066
1749.270066
1749.270066
1741.240527
1741.240527
1741.240527
1741.240527
1741.240527
1741.240527
1741.240527
1741.240527
1741.240527
1741.240527
1741.240527
1741.240527
1741.240527
1741.240527
1741.240527
1741.240527
1741.240527
1741.240527
1741.240527
1741.240527
1741.240527
1741.240527
1741.240527
1741.240527
1741.240527
1741.240527
1741.240527
1741.240527
1741.240527
1741.240527
1741.240527
1741.240527
1741.240527
1741.240527
1741.240527
1741.240527
1741.240527
1741.240527
1741.240527
1741.240527
1741.240527
1741.240527
1741.240527
1741.240527
1738.197638
1738.197638
1738.197638
1738.197638
1738.197638
1738.197638
1738.197638
1738.197638
1738.197638
1738.197638
1738.197638
1738.197638
1738.197638
1738.197638
1738.197638
1738.197638
1738.197638
1738.197638
1738.197638
1738.197638
1738.197638
1738.197638
1738.197638
1738.197638
1738.197638
1738.197638
1738.197638
1738.197638
1738.197638
1738.197638
1738.197638
1738.197638
1738.197638
1738.197638
1733.670119
1733.670119
1733.670119
1733.670119
1733.670119
1733.670119
1733.670119
1733.670119
1733.670119
1733.670119
1733.670119
1733.670119
1733.670119
1733.670119
1733.670119
1733.670119
1733.670119
1733.670119
1733.670119
1733.670119
1733.670119
1733.670119
1733.670119
1733.670119
1733.670119
1733.670119
1733.670119
1733.670119
1733.670119
1733.670119
1733.670119
1733.670119
1733.670119
1733.670119
1733.670119
1733.670119
1733.670119
1733.670119
1733.670119
1733.670119
1733.670119
1733.670119
1733.670119
1733.670119
1733.670119
1733.670119
1733.670119
1733.670119
1733.670119
1733.670119
1733.670119
1733.670119
1733.670119
1733.670119
1733.670119
1733.670119
1733.670119
1733.670119
1733.670119
1733.670119
1733.670119
1733.670119
1733.670119
1733.670119
1733.670119
1733.670119
1733.670119
1733.670119
1730.802484
1730.802484
1730.802484
1730.802484
1730.802484
1730.802484
1730.802484
1730.802484
1730.802484
1730.802484
1730.802484
1730.802484
1730.802484
1730.802484
1730.576270
1730.576270
1730.576270
1730.576270
1730.576270
1730.576270
1730.576270
1730.576270
1730.576270
1730.576270
1730.576270
1730.576270
1730.576270
1730.576270
1730.576270
1730.576270
1730.576270
1730.576270
1730.576270
1730.576270
1730.576270
1730.576270
1730.576270
1730.576270
1730.576270
1730.576270
1730.576270
1730.576270
1730.576270
1730.576270
1730.576270
1730.576270
1730.576270
1730.576270
1730.576270
1730.576270
1730.576270
1730.576270
1730.576270
1730.576270
1729.030243
1729.030243
1729.030243
1729.030243
1726.250760
1726.250760
1726.250760
1726.250760
1726.250760
1726.250760
1726.250760
1726.250760
1726.250760
1723.010582
1723.010582
1723.010582
1723.010582
1723.010582
1723.010582
1723.010582
1723.010582
1723.010582
1723.010582
1723.010582
1723.010582
1723.010582
1723.010582
1723.010582
1723.010582
1723.010582
1723.010582
1723.010582
1723.010582
1723.010582
1723.010582
1723.010582
1723.010582
1723.010582
1723.010582
1723.010582
1723.010582
1723.010582
1723.010582
1723.010582
1723.010582
1723.010582
1723.010582
1723.010582
1723.010582
1723.010582
1723.010582
1723.010582
1723.010582
1723.010582
1723.010582
1723.010582
1723.010582
1723.010582
1723.010582
1723.010582
1723.010582
1723.010582
1723.010582
1723.010582
1723.010582
1723.010582
1723.010582
1723.010582
1723.010582
1723.010582
1723.010582
1723.010582
1723.010582
1721.476772
1721.476772
1721.476772
1721.476772
1721.476772
1721.476772
1721.476772
1721.476772
1721.476772
1721.476772
1721.476772
1721.476772
1721.476772
1721.476772
1721.476772
1721.476772
1721.476772
1721.476772
1721.476772
1721.476772
1721.476772
1721.476772
1721.476772
1721.476772
1721.476772
1721.476772
1721.476772
1721.476772
1721.476772
1721.476772
1721.476772
1721.249442
1721.249442
1721.249442
1721.249442
1721.249442
1721.249442
1721.249442
1721.249442
1721.249442
1721.249442
1721.249442
1721.249442
1721.249442
1721.249442
1721.249442
1721.249442
1721.249442
1721.249442
1721.249442
1721.249442
1721.249442
1721.249442
1721.249442
1721.249442
1721.249442
1721.249442
1721.249442
1721.249442
1721.249442
1721.249442
1721.249442
1721.249442
1721.249442
1721.249442
1721.249442
1721.249442
1721.249442
1721.249442
1721.249442
1721.249442
1721.249442
1721.249442
1721.249442
1721.249442
1721.249442
1721.249442
1721.249442
1721.249442
1721.249442
1721.249442
1721.249442
1721.249442
1721.249442
1721.249442
1721.249442
1721.249442
1721.249442
1721.249442
1721.241547
1721.241547
1721.241547
1721.241547
1721.241547
1721.241547
1721.241547
1721.241547
1720.422208
1720.422208
1720.422208
1720.422208
1720.422208
1720.422208
1720.422208
1720.422208
1720.422208
1720.422208
1720.422208
1720.422208
1720.422208
1720.422208
1720.422208
1720.422208
1718.536512
1718.536512
1718.536512
1718.536512
1718.536512
1718.536512
1718.536512
1718.536512
1718.536512
1718.536512
1718.536512
1718.536512
1716.749128
1714.358787
1714.358787
1713.525316
1713.525316
1713.525316
1713.525316
1713.525316
1713.525316
1713.525316
1713.525316
1713.525316
1713.195406
1713.195406
1713.195406
1713.195406
1713.195406
1713.195406
1713.195406
1713.195406
1713.195406
1713.195406
1713.195406
1712.304913
1712.304913
1712.304913
1712.304913
1712.304913
1712.304913
1712.304913
1712.304913
1712.304913
1712.304913
1712.304913
1712.304913
1712.304913
1712.304913
1712.304913
1712.304913
1712.304913
1712.304913
1712.304913
1712.304913
1712.304913
1712.304913
1712.304913
1712.304913
1712.304913
1712.304913
1712.304913
1712.304913
1712.304913
1712.304913
1712.304913
1712.304913
1712.304913
1712.304913
1712.304913
1711.595348
1711.595348
1706.804864
1706.804864
1706.804864
1706.804864
1706.804864
1706.804864
1706.804864
1706.804864
1706.804864
1706.804864
1706.804864
1706.804864
1706.804864
1706.804864
1706.804864
1706.804864
1706.804864
1706.804864
1706.804864
1706.804864
1706.804864
1706.804864
1706.804864
1706.804864
1706.804864
1706.804864
1706.804864
1706.804864
1706.804864
1706.804864
1706.804864
1706.804864
1706.804864
1706.804864
1706.804864
1706.804864
1706.804864
1706.804864
1706.804864
1706.804864
1706.804864
1705.690374
1705.690374
1705.690374
1705.690374
1705.690374
1705.690374
1705.690374
1705.690374
1705.690374
1705.690374
1705.690374
1705.690374
1705.690374
1705.690374
1705.690374
1705.690374
1705.690374
1705.690374
1705.690374
1705.690374
1705.690374
1705.690374
1705.690374
1705.690374
1705.690374
1705.690374
1705.195169
1705.195169
1705.195169
1705.195169
1705.195169
1705.195169
1705.195169
1705.195169
1705.195169
1705.195169
1705.195169
1705.195169
1705.195169
1705.195169
1705.195169
1705.195169
1705.195169
1705.195169
1705.195169
1705.195169
1705.195169
1705.195169
1705.195169
1705.195169
1705.195169
1705.195169
1705.195169
1705.195169
1705.195169
1705.195169
1705.195169
1705.195169
1705.195169
1705.195169
1705.195169
1705.195169
1705.195169
1705.195169
1705.195169
1705.195169
1705.195169
1705.195169
1703.607935
1703.607935
1703.607935
1703.607935
1703.607935
1695.288382
1695.288382
1695.288382
1695.288382
1695.288382
1695.288382
1695.288382
1695.288382
1695.288382
1695.288382
1695.288382
1695.288382
1695.288382
1695.288382
1695.288382
1695.288382
1695.288382
1695.288382
1695.288382
1695.288382
1695.288382
1695.288382
1695.288382
1695.288382
1695.288382
1695.288382
1695.288382
1695.288382
1695.288382
1695.288382
1695.288382
1695.288382
1695.288382
1695.288382
1695.288382
1695.288382
1684.634985
1684.634985
1684.634985
1684.634985
1684.634985
1684.634985
1684.634985
1684.634985
1684.634985
1684.634985
1684.634985
1684.634985
1684.634985
1684.634985
1684.634985
1684.634985
1684.634985
1684.634985
1684.634985
1684.634985
1684.634985
1684.634985
1684.634985
1684.634985
1684.634985
1684.634985
1684.634985
1684.634985
1684.634985
1684.634985
1684.634985
1684.634985
1684.634985
1684.634985
1684.634985
1684.634985
1684.634985
1684.634985
1684.634985
1684.634985
1684.634985
1684.634985
1684.634985
1684.634985
1684.634985
1684.634985
1684.634985
1684.634985
1684.634985
1684.634985
1684.634985
1684.634985
1684.634985
1684.634985
1684.634985
1684.634985
1684.634985
1684.634985
1684.634985
1684.634985
1684.634985
1684.634985
1684.634985
1684.634985
1684.634985
1684.634985
1684.634985
1684.634985
1684.634985
1684.634985
1684.634985
1684.634985
1684.634985
1684.634985
1684.634985
1684.634985
1684.634985
1684.634985
1684.634985
1684.634985
1684.634985
1684.634985
1684.634985
1684.634985
1684.634985
1684.634985
1684.634985
1684.634985
1684.634985
1684.634985
1684.634985
1684.634985
1684.634985
1684.634985
1684.634985
1684.634985
1684.634985
1684.634985
1684.634985
1684.634985
1684.634985
1684.634985
1684.634985
1684.634985
1684.634985
1684.634985
1684.634985
1684.634985
1684.634985
1684.634985
1684.634985
1684.634985
1684.634985
1684.634985
1684.634985
1684.634985
1684.634985
1684.634985
1684.634985
1684.634985
1684.634985
1684.634985
1684.634985
1684.634985
1684.634985
1684.634985
1684.634985
1684.634985
1684.634985
1684.634985
1684.634985
1684.634985
1684.634985
1684.634985
1684.634985
1684.634985
1684.634985
1684.634985
1684.634985
1684.634985
1684.634985
1684.634985
1684.634985
1684.634985
1684.634985
1684.634985
1684.634985
1684.634985
1684.634985
1684.634985
1684.634985
1684.634985
1684.634985
1684.634985
1684.634985
1684.634985
1684.634985
1684.634985
1684.634985
1684.634985
1684.634985
1684.634985
1684.634985
1684.634985
1684.634985
1684.634985
1684.634985
1684.634985
1684.634985
1684.634985
1684.634985
1684.634985
1684.634985
1684.634985
1684.634985
1684.634985
1684.634985
1684.634985
1684.634985
1684.634985
1684.634985
1684.634985
1684.634985
1684.634985
1684.108091
1684.108091
1684.108091
1684.108091
1684.108091
1684.108091
1684.108091
1684.108091
1684.108091
1682.168629
1682.168629
1682.168629
1682.168629
1682.168629
1682.168629
1682.168629
1682.168629
1682.168629
1682.168629
1682.168629
1682.168629
1682.168629
1682.168629
1682.168629
1682.168629
1682.168629
1682.168629
1682.168629
1682.168629
1682.168629
1682.168629
1682.168629
1682.168629
1682.168629
1682.168629
1682.168629
1682.168629
1682.168629
1682.168629
1682.168629
1682.168629
1682.168629
1682.168629
1682.168629
1682.168629
1682.168629
1682.168629
1682.168629
1682.168629
1682.168629
1682.168629
1682.168629
1682.168629
1682.168629
1682.168629
1682.168629
1682.168629
1682.168629
1682.168629
1680.386700
1680.386700
1680.386700
1680.386700
1680.386700
1680.386700
1680.386700
1680.386700
1680.386700
1680.386700
1680.386700
1680.386700
1680.386700
1680.386700
1680.386700
1680.386700
1680.386700
1680.386700
1680.386700
1680.386700
1680.386700
1680.386700
1680.386700
1680.386700
1680.386700
1680.386700
1680.386700
1680.386700
1680.386700
1680.386700
1680.386700
1680.386700
1680.386700
1680.386700
1680.386700
1680.386700
1680.386700
1680.386700
1680.386700
1680.386700
1680.386700
1680.386700
1680.386700
1680.386700
1680.386700
1680.386700
1680.386700
1680.386700
1680.386700
1680.386700
1678.482475
1678.482475
1678.482475
1678.482475
1678.482475
1678.482475
1678.482475
1678.482475
1678.482475
1678.482475
1678.482475
1678.482475
1678.482475
1678.482475
1678.482475
1678.482475
1678.482475
1678.482475
1678.482475
1678.482475
1678.482475
1678.482475
1678.482475
1678.482475
1678.482475
1678.482475
1678.482475
1678.482475
1678.482475
1678.482475
1678.482475
1678.482475
1678.482475
1678.482475
1678.482475
1678.482475
1678.482475
1678.482475
1678.482475
1678.482475
1678.482475
1678.482475
1678.482475
1678.482475
1678.482475
1678.482475
1678.482475
1678.482475
1678.482475
1678.482475
1678.482475
1678.482475
1676.503873
1676.503873
1676.503873
1676.503873
1676.503873
1676.503873
1676.503873
1676.503873
1676.503873
1676.503873
1676.503873
1676.503873
1676.503873
1676.503873
1676.503873
1676.503873
1676.503873
1676.503873
1676.503873
1676.503873
1676.503873
1676.503873
1676.503873
1676.503873
1676.503873
1676.503873
1676.503873
1676.503873
1676.503873
1676.503873
1676.503873
1676.503873
1676.503873
1676.503873
1676.503873
1676.503873
1676.503873
1676.503873
1676.503873
1676.503873
1676.503873
1676.503873
1676.503873
1676.503873
1676.503873
1676.503873
1676.503873
1676.503873
1676.503873
1676.503873
1676.503873
1676.503873
1676.503873
1676.503873
1676.503873
1676.503873
1676.503873
1676.503873
1676.503873
1676.503873
1676.503873
1676.503873
1676.503873
1676.503873
1676.503873
1676.503873
1676.503873
1676.503873
1676.503873
1676.503873
1676.503873
1676.503873
1676.503873
1676.503873
1676.503873
1676.503873
1676.503873
1676.503873
1676.503873
1676.503873
1676.348583
1676.348583
1676.348583
1676.348583
1676.348583
1676.348583
1672.040409
1672.040409
1672.040409
1672.040409
1672.040409
1672.040409
1672.040409
1672.040409
1672.040409
1672.040409
1672.040409
1672.040409
1672.040409
1672.040409
1672.040409
1672.040409
1672.040409
1672.040409
1672.040409
1672.040409
1672.040409
1672.040409
1672.040409
1672.040409
1672.040409
1672.040409
1672.040409
1672.040409
1672.040409
1672.040409
1672.040409
1672.040409
1672.040409
1672.040409
1672.040409
1672.040409
1672.040409
1672.040409
1672.040409
1672.040409
1672.040409
1672.040409
1672.040409
1672.040409
1672.040409
1672.040409
1672.040409
1672.040409
1672.040409
1672.040409
1672.040409
1672.040409
1672.040409
1672.040409
1672.040409
1672.040409
1672.040409
1672.040409
1672.040409
1672.040409
1672.040409
1672.040409
1672.040409
1672.040409
1672.040409
1672.040409
1672.040409
1672.040409
1672.040409
1672.040409
1672.040409
1672.040409
1672.040409
1672.040409
1672.040409
1672.040409
1672.040409
1672.040409
1672.040409
1672.040409
1672.040409
1672.040409
1672.040409
1672.040409
1672.040409
1672.040409
1672.040409
1672.040409
1672.040409
1672.040409
1672.040409
1672.040409
1672.040409
1672.040409
1672.040409
1672.040409
1672.040409
1672.040409
1672.040409
1672.040409
1672.040409
1672.040409
1672.040409
1672.040409
1672.040409
1672.040409
1672.040409
1672.040409
1672.040409
1672.040409
1672.040409
1672.040409
1672.040409
1672.040409
1672.040409
1672.040409
1672.040409
1672.040409
1672.040409
1672.040409
1672.040409
1672.040409
1672.040409
1672.040409
1672.040409
1672.040409
1672.040409
1672.040409
1672.040409
1672.040409
1672.040409
1672.040409
1672.040409
1672.040409
1672.040409
1672.040409
1672.040409
1672.040409
1672.040409
1672.040409
1672.040409
1672.040409
1672.040409
1672.040409
1672.040409
1672.040409
1672.040409
1672.040409
1672.040409
1672.040409
1672.040409
1672.040409
1672.040409
1672.040409
1672.040409
1672.040409
1672.040409
1672.040409
1672.040409
1672.040409
1672.040409
1672.040409
1672.040409
1672.040409
1672.040409
1672.040409
1672.040409
1672.040409
1672.040409
1672.040409
1672.040409
1672.040409
1672.040409
1672.040409
1672.040409
1672.040409
1671.783168
1671.783168
1671.783168
1671.783168
1671.783168
1671.783168
1671.783168
1671.783168
1671.783168
1671.783168
1671.783168
1671.783168
1671.783168
1671.783168
1671.783168
1671.783168
1671.783168
1671.783168
1671.323521
1671.323521
1671.323521
1671.323521
1671.323521
1671.323521
1671.323521
1671.323521
1671.323521
1671.323521
1671.323521
1671.323521
1671.323521
1671.323521
1671.323521
1671.323521
1671.323521
1671.323521
1671.323521
1671.323521
1671.323521
1671.323521
1671.323521
1671.323521
1671.323521
1671.323521
1671.323521
1671.323521
1671.323521
1671.323521
1671.323521
1671.323521
1671.323521
1671.323521
1671.323521
1671.323521
1671.323521
1671.323521
1671.323521
1671.323521
1671.323521
1671.323521
1671.323521
1671.323521
1671.323521
1671.323521
1671.323521
1671.323521
1671.323521
1671.323521
1671.323521
1671.323521
1671.323521
1671.323521
1671.323521
1671.323521
1671.323521
1671.323521
1671.323521
1671.323521
1671.323521
1671.323521
1671.323521
1671.323521
1671.323521
1671.323521
1671.323521
1671.323521
1671.323521
1671.323521
1671.323521
1671.323521
1671.323521
1671.323521
1671.323521
1671.323521
1671.323521
1671.323521
1671.323521
1671.323521
1671.323521
1671.323521
1671.323521
1671.323521
1671.323521
1671.323521
1671.323521
1671.323521
1671.323521
1671.323521
1671.323521
1671.323521
1671.323521
1671.323521
1671.323521
1671.323521
1671.323521
1671.323521
1671.323521
1671.323521
1671.323521
1671.323521
1671.323521
1671.323521
1671.323521
1671.323521
1671.323521
1671.323521
1671.323521
1671.323521
1670.087855
1670.087855
1670.087855
1670.087855
1670.087855
1670.087855
1670.087855
1670.087855
1670.087855
1670.087855
1670.087855
1670.087855
1670.087855
1670.087855
1670.087855
1670.087855
1670.087855
1670.087855
1670.087855
1670.087855
1670.087855
1670.087855
1670.087855
1669.940722
1669.940722
1669.940722
1669.940722
1669.940722
1669.940722
1669.940722
1669.940722
1669.940722
1669.940722
1669.940722
1669.940722
1669.940722
1669.940722
1669.940722
1669.940722
1669.940722
1669.940722
1669.940722
1669.940722
1669.940722
1669.940722
1669.940722
1669.940722
1669.940722
1669.940722
1666.097744
1666.097744
1666.097744
1666.097744
1666.097744
1666.097744
1666.097744
1666.097744
1666.097744
1666.097744
1666.097744
1666.097744
1666.097744
1666.097744
1666.097744
1666.097744
1666.097744
1666.097744
1666.097744
1666.097744
1666.097744
1666.097744
1666.097744
1666.097744
1666.097744
1666.097744
1666.097744
1666.097744
1666.097744
1666.097744
1666.097744
1666.097744
1666.097744
1666.097744
1666.097744
1666.097744
1666.097744
1666.097744
1666.097744
1666.097744
1666.097744
1666.097744
1666.097744
1666.097744
1666.097744
1666.097744
1666.097744
1666.097744
1666.097744
1666.097744
1666.097744
1666.097744
1666.097744
1666.097744
1666.097744
1664.971260
1664.971260
1664.971260
1664.971260
1664.971260
1664.971260
1664.971260
1664.971260
1664.971260
1664.971260
1664.971260
1664.971260
1664.971260
1664.971260
1664.971260
1664.971260
1664.971260
1664.971260
1664.971260
1664.971260
1664.971260
1664.971260
1664.971260
1664.971260
1664.971260
1664.971260
1664.971260
1664.971260
1664.971260
1664.971260
1664.971260
1664.971260
1664.971260
1664.971260
1664.971260
1664.971260
1664.971260
1664.971260
1664.971260
1664.971260
1664.971260
1664.971260
1664.971260
1664.971260
1664.971260
1664.971260
1664.971260
1664.971260
1664.971260
1664.971260
1664.971260
1664.971260
1664.971260
1664.971260
1664.971260
1664.971260
1664.971260
1664.971260
1664.971260
1664.971260
1664.971260
1664.971260
1664.971260
1664.971260
1664.971260
1663.103235
1663.103235
1663.103235
1663.103235
1663.103235
1663.103235
1663.103235
1663.103235
1663.103235
1663.103235
1663.103235
1663.103235
1663.103235
1663.103235
1663.103235
1663.103235
1663.103235
1663.103235
1663.103235
1663.103235
1663.103235
1661.265084
1661.265084
1661.265084
1661.265084
1661.265084
1661.265084
1661.265084
1661.265084
1661.265084
1661.265084
1661.265084
1661.265084
1661.265084
1661.265084
1661.265084
1661.265084
1661.265084
1661.265084
1661.265084
1661.265084
1661.265084
1661.265084
1661.265084
1661.265084
1661.265084
1661.265084
1661.265084
1661.265084
1661.265084
1661.265084
1661.265084
1661.265084
1661.265084
1661.265084
1661.265084
1661.265084
1661.265084
1661.265084
1661.265084
1661.265084
1661.265084
1661.265084
1661.265084
1661.265084
1661.265084
1661.265084
1661.265084
1661.265084
1661.265084
1661.265084
1661.265084
1661.265084
1661.265084
1660.053679
1660.053679
1660.053679
1660.053679
1660.053679
1660.053679
1660.053679
1660.053679
1660.053679
1660.053679
1660.053679
1660.053679
1660.053679
1660.053679
1660.053679
1660.053679
1660.053679
1660.053679
1660.053679
1660.053679
1660.053679
1660.053679
1660.053679
1660.053679
1660.053679
1660.053679
1660.053679
1656.471269
1656.471269
1656.471269
1656.471269
1656.471269
1656.471269
1656.471269
1656.471269
1656.471269
1656.471269
1656.471269
1656.471269
1656.471269
1656.471269
1656.471269
1656.471269
1656.471269
1656.471269
1656.471269
1656.471269
1656.471269
1656.471269
1656.471269
1656.471269
1656.471269
1656.471269
1656.471269
1656.471269
1656.471269
1656.471269
1656.471269
1656.471269
1656.471269
1656.471269
1656.471269
1656.471269
1656.471269
1656.471269
1656.471269
1656.471269
1656.471269
1656.471269
1656.471269
1656.471269
1656.471269
1656.471269
1656.471269
1656.471269
1656.471269
1656.471269
1656.471269
1656.471269
1656.471269
1656.471269
1656.471269
1656.471269
1656.471269
1656.471269
1656.471269
1656.471269
1656.471269
1656.471269
1656.471269
1656.471269
1656.471269
1656.471269
1656.471269
1656.471269
1656.471269
1656.471269
1656.471269
1656.471269
1656.471269
1656.471269
1656.471269
1656.471269
1656.471269
1656.471269
1656.471269
1656.471269
1656.471269
1656.471269
1656.471269
1656.471269
1656.471269
1656.471269
1656.471269
1656.471269
1656.471269
1656.471269
1656.471269
1656.471269
1656.471269
1656.471269
1656.471269
1656.471269
1656.471269
1656.471269
1656.471269
1656.471269
1656.471269
1656.471269
1656.471269
1656.471269
1656.471269
1656.471269
1656.471269
1656.471269
1656.471269
1656.471269
1656.471269
1656.471269
1656.471269
1656.471269
1656.471269
1656.471269
1656.471269
1656.471269
1656.471269
1656.471269
1656.471269
1656.471269
1656.471269
1656.471269
1656.471269
1656.471269
1656.471269
1656.471269
1656.471269
1656.471269
1656.471269
1656.471269
1656.471269
1656.471269
1656.471269
1656.471269
1656.471269
1656.471269
1656.471269
1656.471269
1656.471269
1656.471269
1656.471269
1656.471269
1656.471269
1656.471269
1656.471269
1656.471269
1656.471269
1656.471269
1656.471269
1656.471269
1656.471269
1656.471269
1656.471269
1656.471269
1656.471269
1656.471269
1656.471269
1656.471269
1656.471269
1656.471269
1656.471269
1656.471269
1656.471269
1656.471269
1656.471269
1656.471269
1654.395326
1654.395326
1654.395326
1654.395326
1654.395326
1654.395326
1654.395326
1654.395326
1654.395326
1654.395326
1654.395326
1654.395326
1654.395326
1654.395326
1654.395326
1652.735415
1652.735415
1652.735415
1652.735415
1652.735415
1652.735415
1652.735415
1652.735415
1652.735415
1652.735415
1652.735415
1652.735415
1652.735415
1652.735415
1652.735415
1652.735415
1652.735415
1652.735415
1652.735415
1652.735415
1652.735415
1652.735415
1652.735415
1652.735415
1652.735415
1652.735415
1652.735415
1652.735415
1652.735415
1652.735415
1652.735415
1652.735415
1652.735415
1652.735415
1652.735415
1652.735415
1652.735415
1652.735415
1652.735415
1652.735415
1652.735415
1652.735415
1652.735415
1652.735415
1652.735415
1652.735415
1652.735415
1652.735415
1652.735415
1652.735415
1652.735415
1652.735415
1652.735415
1652.735415
1652.735415
1652.735415
1652.735415
1652.735415
1652.735415
1652.735415
1652.735415
1651.751272
1651.751272
1651.751272
1651.751272
1651.751272
1651.751272
1651.751272
1651.751272
1651.751272
1651.751272
1651.751272
1651.751272
1651.751272
1651.751272
1651.696180
1651.696180
1651.696180
1651.696180
1651.696180
1651.696180
1650.214775
1650.214775
1650.214775
1650.214775
1650.214775
1650.214775
1650.214775
1650.214775
1650.214775
1650.214775
1650.214775
1650.214775
1650.214775
1650.214775
1650.214775
1650.214775
1650.214775
1650.214775
1650.214775
1650.214775
1650.214775
1650.214775
1650.214775
1650.214775
1650.214775
1650.214775
1650.214775
1650.214775
1650.214775
1650.214775
1650.214775
1650.214775
1650.214775
1650.214775
1650.214775
1650.214775
1650.214775
1650.214775
1650.214775
1650.214775
1650.214775
1650.214775
1649.209020
1649.209020
1649.209020
1649.209020
1649.209020
1649.209020
1649.209020
1649.209020
1649.209020
1649.209020
1649.209020
1649.209020
1649.209020
1649.209020
1649.209020
1649.209020
1649.209020
1649.209020
1649.209020
1649.209020
1649.209020
1649.209020
1649.209020
1649.209020
1649.209020
1649.209020
1649.209020
1649.209020
1649.209020
1649.209020
1649.209020
1649.209020
1649.209020
1649.209020
1649.209020
1649.209020
1649.209020
1649.209020
1649.209020
1649.209020
1649.209020
1649.209020
1649.209020
1649.209020
1649.209020
1649.209020
1649.209020
1649.209020
1649.209020
1649.209020
1649.209020
1649.209020
1649.209020
1649.209020
1649.209020
1649.209020
1649.209020
1649.209020
1649.209020
1649.209020
1649.209020
1649.209020
1649.209020
1649.209020
1649.209020
1649.209020
1649.209020
1649.209020
1649.209020
1649.209020
1649.209020
1649.209020
1649.209020
1649.209020
1649.209020
1649.209020
1649.209020
1649.209020
1649.209020
1649.209020
1649.209020
1649.209020
1649.209020
1649.209020
1649.209020
1649.209020
1649.209020
1649.209020
1649.209020
1649.209020
1649.209020
1649.209020
1649.209020
1649.209020
1649.209020
1647.102130
1647.102130
1647.102130
1647.102130
1647.102130
1647.102130
1647.102130
1647.102130
1647.102130
1647.102130
1647.102130
1647.102130
1647.102130
1647.102130
1647.102130
1647.102130
1647.102130
1647.102130
1647.102130
1647.102130
1647.102130
1647.102130
1647.102130
1647.102130
1647.102130
1647.102130
1647.102130
1647.102130
1647.102130
1647.102130
1647.102130
1647.102130
1647.102130
1647.102130
1647.102130
1647.102130
1647.102130
1647.102130
1647.102130
1647.102130
1647.102130
1647.102130
1647.102130
1647.102130
1647.102130
1647.102130
1647.102130
1647.102130
1647.102130
1647.102130
1647.102130
1647.102130
1647.102130
1647.102130
1647.102130
1647.102130
1647.102130
1647.102130
1647.102130
1646.091261
1646.091261
1646.091261
1646.091261
1646.091261
1646.091261
1646.091261
1646.091261
1646.091261
1646.091261
1646.091261
1646.091261
1646.091261
1646.091261
1646.091261
1646.091261
1646.091261
1646.091261
1646.091261
1646.091261
1646.091261
1646.091261
1646.091261
1646.091261
1646.091261
1646.091261
1646.091261
1646.091261
1646.091261
1646.091261
1646.091261
1646.091261
1646.091261
1646.091261
1646.091261
1646.091261
1644.293229
1644.293229
1644.293229
1644.293229
1644.293229
1644.293229
1644.293229
1644.293229
1644.293229
1644.293229
1644.293229
1644.293229
1644.293229
1644.293229
1644.293229
1644.293229
1644.293229
1644.293229
1644.293229
1644.293229
1644.293229
1644.293229
1644.293229
1644.293229
1644.293229
1644.293229
1644.293229
1644.293229
1644.293229
1644.293229
1644.293229
1644.293229
1644.293229
1644.293229
1644.293229
1644.293229
1644.293229
1644.293229
1644.293229
1644.293229
1644.293229
1644.293229
1644.293229
1644.293229
1644.293229
1644.293229
1644.293229
1644.293229
1644.293229
1643.087902
1643.087902
1643.087902
1640.652066
1640.652066
1640.652066
1640.652066
1640.652066
1640.652066
1640.652066
1640.652066
1640.652066
1640.652066
1640.652066
1640.652066
1640.652066
1640.652066
1640.652066
1640.652066
1640.652066
1640.652066
1640.652066
1640.652066
1640.652066
1640.652066
1640.652066
1640.652066
1640.652066
1640.652066
1640.652066
1640.652066
1640.652066
1640.652066
1640.652066
1640.652066
1640.652066
1640.652066
1640.652066
1640.652066
1640.652066
1640.652066
1640.652066
1640.652066
1640.652066
1640.652066
1640.652066
1640.652066
1640.652066
1640.652066
1640.652066
1640.652066
1640.652066
1640.652066
1639.063748
1639.063748
1639.063748
1639.063748
1639.063748
1639.063748
1639.063748
1639.063748
1639.063748
1639.063748
1639.063748
1639.063748
1639.063748
1639.063748
1639.063748
1639.063748
1639.063748
1639.063748
1639.063748
1639.063748
1639.063748
1639.063748
1639.063748
1639.063748
1639.063748
1639.063748
1639.063748
1639.063748
1639.063748
1639.063748
1639.063748
1639.063748
1639.063748
1639.063748
1639.063748
1639.063748
1639.063748
1639.063748
1639.063748
1639.063748
1639.063748
1639.063748
1639.063748
1639.063748
1639.063748
1639.063748
1639.063748
1639.063748
1639.063748
1639.063748
1639.063748
1639.063748
1639.063748
1639.063748
1639.063748
1639.063748
1639.063748
1639.063748
1639.063748
1639.063748
1639.063748
1639.063748
1639.063748
1639.063748
1639.063748
1639.063748
1639.063748
1639.063748
1639.063748
1639.063748
1639.063748
1639.063748
1639.063748
1639.063748
1639.063748
1639.063748
1639.063748
1639.063748
1639.063748
1639.063748
1639.063748
1639.063748
1639.063748
1639.063748
1639.063748
1639.063748
1639.063748
1639.063748
1639.063748
1639.063748
1639.063748
1639.063748
1639.063748
1639.063748
1639.063748
1639.063748
1639.063748
1639.063748
1639.063748
1639.063748
1639.063748
1639.063748
1639.063748
1639.063748
1639.063748
1639.063748
1639.063748
1639.063748
1639.063748
1639.063748
1639.063748
1639.063748
1639.063748
1639.063748
1639.063748
1639.063748
1639.063748
1639.063748
1639.063748
1639.063748
1639.063748
1639.063748
1639.063748
1639.063748
1639.063748
1639.063748
1639.063748
1639.063748
1639.063748
1639.063748
1639.063748
1639.063748
1639.063748
1639.063748
1639.063748
1639.063748
1639.063748
1639.063748
1639.063748
1639.063748
1639.063748
1639.063748
1639.063748
1639.063748
1639.063748
1639.063748
1639.063748
1639.063748
1639.063748
1639.063748
1639.063748
1639.063748
1639.063748
1639.063748
1639.063748
1639.063748
1639.063748
1639.063748
1639.063748
1639.063748
1639.063748
1639.063748
1638.010903
1638.010903
1638.010903
1638.010903
1638.010903
1638.010903
1638.010903
1638.010903
1638.010903
1638.010903
1638.010903
1638.010903
1638.010903
1638.010903
1638.010903
1638.010903
1638.010903
1638.010903
1638.010903
1638.010903
1638.010903
1638.010903
1638.010903
1638.010903
1638.010903
1638.010903
1638.010903
1638.010903
1638.010903
1638.010903
1638.010903
1638.010903
1638.010903
1638.010903
1638.010903
1638.010903
1638.010903
1638.010903
1638.010903
1638.010903
1638.010903
1638.010903
1638.010903
1638.010903
1638.010903
1638.010903
1638.010903
1638.010903
1638.010903
1638.010903
1638.010903
1638.010903
1638.010903
1638.010903
1638.010903
1638.010903
1638.010903
1638.010903
1638.010903
1638.010903
1638.010903
1638.010903
1638.010903
1638.010903
1638.010903
1638.010903
1638.010903
1638.010903
1638.010903
1638.010903
1638.010903
1638.010903
1638.010903
1638.010903
1638.010903
1638.010903
1638.010903
1638.010903
1638.010903
1638.010903
1638.010903
1638.010903
1638.010903
1638.010903
1638.010903
1638.010903
1638.010903
1638.010903
1638.010903
1638.010903
1638.010903
1638.010903
1638.010903
1638.010903
1638.010903
1638.010903
1638.010903
1638.010903
1638.010903
1638.010903
1638.010903
1638.010903
1638.010903
1638.010903
1638.010903
1638.010903
1638.010903
1633.660359
1633.660359
1633.660359
1633.660359
1633.660359
1633.660359
1633.660359
1633.660359
1633.660359
1633.660359
1633.660359
1633.660359
1633.660359
1633.660359
1633.660359
1633.660359
1633.660359
1633.660359
1633.660359
1633.660359
1633.660359
1633.660359
1633.660359
1633.660359
1633.660359
1633.660359
1633.660359
1633.660359
1633.660359
1633.660359
1633.660359
1633.660359
1633.660359
1633.660359
1633.660359
1633.660359
1633.660359
1633.660359
1633.660359
1633.660359
1633.660359
1633.660359
1633.660359
1633.660359
1633.660359
1633.660359
1633.660359
1633.660359
1633.660359
1633.660359
1633.660359
1633.660359
1633.660359
1633.660359
1633.660359
1632.198539
1632.198539
1632.198539
1632.198539
1632.198539
1632.198539
1632.198539
1632.198539
1632.198539
1632.198539
1632.198539
1632.198539
1632.198539
1632.198539
1632.198539
1632.198539
1632.198539
1632.198539
1632.198539
1632.198539
1632.198539
1632.198539
1632.198539
1632.198539
1632.198539
1632.198539
1632.198539
1632.198539
1632.198539
1632.198539
1632.198539
1632.198539
1632.198539
1632.198539
1632.198539
1632.198539
1632.198539
1632.198539
1632.198539
1632.198539
1632.198539
1632.198539
1632.198539
1632.198539
1632.198539
1632.198539
1632.198539
1632.198539
1632.198539
1632.198539
1632.198539
1632.198539
1632.198539
1632.198539
1632.198539
1632.198539
1632.198539
1632.198539
1632.198539
1632.198539
1632.198539
1632.198539
1632.198539
1632.198539
1632.198539
1632.198539
1632.198539
1632.198539
1632.198539
1632.198539
1632.198539
1632.198539
1632.198539
1632.198539
1632.198539
1632.198539
1632.198539
1632.198539
1632.198539
1632.198539
1632.198539
1632.198539
1632.198539
1632.198539
1632.198539
1632.198539
1632.198539
1632.198539
1632.198539
1632.198539
1632.198539
1630.390872
1630.390872
1630.390872
1630.390872
1630.390872
1630.390872
1630.390872
1630.390872
1630.390872
1630.390872
1630.390872
1630.390872
1630.390872
1630.390872
1630.390872
1630.390872
1630.390872
1630.390872
1630.390872
1630.390872
1630.390872
1630.390872
1630.390872
1630.390872
1630.390872
1630.390872
1630.390872
1630.390872
1630.390872
1630.390872
1630.390872
1630.390872
1630.390872
1630.390872
1630.390872
1630.390872
1630.390872
1630.390872
1630.390872
1630.390872
1630.390872
1630.390872
1630.390872
1630.390872
1630.390872
1630.390872
1630.390872
1630.390872
1630.390872
1630.390872
1630.390872
1630.390872
1630.390872
1630.390872
1630.390872
1630.390872
1630.390872
1630.390872
1630.390872
1630.390872
1630.390872
1630.390872
1630.390872
1630.390872
1630.390872
1630.390872
1630.390872
1630.390872
1630.390872
1630.390872
1630.390872
1630.390872
1630.390872
1630.390872
1630.390872
1630.390872
1630.390872
1630.390872
1630.390872
1630.390872
1630.390872
1630.390872
1630.390872
1630.390872
1630.390872
1630.390872
1630.390872
1630.390872
1630.390872
1630.390872
1630.390872
1630.390872
1630.390872
1630.390872
1630.390872
1630.390872
1630.390872
1630.390872
1630.390872
1630.390872
1630.390872
1630.390872
1630.390872
1630.390872
1630.390872
1630.390872
1630.390872
1630.390872
1630.390872
1630.390872
1630.390872
1630.390872
1630.390872
1630.390872
1630.390872
1630.390872
1630.390872
1630.390872
1630.390872
1630.390872
1630.390872
1630.390872
1630.390872
1630.390872
1630.390872
1630.372620
1630.372620
1630.372620
1630.372620
1630.372620
1630.372620
1630.372620
1630.372620
1630.372620
1630.372620
1628.546629
1628.546629
1628.546629
1628.546629
1628.546629
1628.546629
1628.546629
1628.546629
1628.546629
1628.546629
1628.546629
1628.546629
1628.546629
1628.546629
1628.546629
1628.546629
1628.546629
1628.546629
1628.546629
1628.546629
1628.546629
1628.546629
1628.546629
1628.546629
1628.546629
1628.546629
1628.546629
1628.546629
1628.546629
1628.546629
1628.546629
1628.546629
1628.546629
1628.546629
1628.546629
1628.546629
1628.546629
1628.546629
1628.546629
1628.546629
1627.871165
1627.871165
1627.871165
1627.871165
1627.871165
1627.871165
1627.871165
1627.871165
1627.871165
1627.871165
1627.871165
1627.871165
1627.871165
1627.871165
1627.871165
1627.871165
1627.871165
1627.871165
1627.871165
1627.871165
1627.871165
1627.871165
1627.871165
1627.871165
1627.871165
1627.484454
1627.484454
1627.484454
1627.484454
1627.484454
1627.484454
1627.484454
1627.484454
1627.484454
1627.484454
1627.484454
1627.484454
1627.484454
1627.484454
1627.484454
1627.484454
1627.484454
1627.484454
1627.484454
1627.484454
1627.484454
1627.484454
1627.484454
1627.484454
1627.484454
1627.484454
1627.484454
1627.484454
1627.484454
1627.484454
1627.484454
1627.484454
1627.484454
1627.484454
1627.484454
1627.484454
1627.484454
1627.484454
1627.484454
1627.484454
1627.484454
1627.484454
1627.484454
1627.484454
1627.484454
1627.484454
1627.484454
1627.484454
1627.484454
1627.484454
1627.484454
1627.484454
1627.484454
1627.484454
1627.484454
1627.484454
1627.484454
1627.484454
1627.484454
1627.484454
1627.484454
1627.484454
1627.484454
1627.484454
1627.484454
1627.484454
1627.484454
1627.484454
1627.484454
1627.484454
1627.484454
1627.484454
1627.484454
1627.484454
1627.484454
1627.484454
1627.484454
1627.484454
1627.484454
1627.484454
1627.484454
1627.484454
1627.484454
1627.484454
1627.484454
1627.484454
1627.484454
1627.484454
1627.484454
1627.484454
1627.484454
1627.484454
1627.484454
1627.484454
1627.484454
1627.484454
1627.484454
1627.484454
1627.484454
1627.484454
1627.429113
1627.429113
1627.429113
1627.429113
1627.429113
1627.429113
1627.429113
1627.429113
1627.429113
1627.429113
1627.429113
1627.429113
1627.429113
1627.429113
1627.429113
1627.429113
1627.429113
1627.429113
1627.429113
1627.429113
1627.429113
1627.429113
1627.429113
1627.429113
1627.429113
1627.429113
1627.429113
1627.429113
1627.429113
1627.429113
1627.429113
1627.429113
1627.429113
1627.429113
1627.429113
1627.429113
1627.429113
1627.429113
1627.429113
1627.429113
1627.429113
1627.429113
1627.429113
1627.429113
1627.429113
1627.429113
1627.429113
1627.429113
1627.429113
1627.429113
1627.429113
1627.429113
1627.429113
1627.429113
1627.429113
1627.429113
1627.429113
1627.429113
1627.429113
1627.429113
1627.429113
1627.429113
1627.429113
1627.429113
1627.429113
1627.429113
1627.429113
1627.429113
1627.180327
1627.180327
1627.180327
1627.180327
1627.180327
1627.180327
1627.180327
1627.180327
1627.180327
1627.180327
1627.180327
1627.180327
1627.128451
1627.128451
1627.128451
1627.128451
1627.128451
1627.128451
1627.128451
1627.128451
1627.128451
1627.128451
1627.128451
1627.128451
1627.128451
1627.128451
1627.128451
1627.128451
1627.128451
1627.128451
1627.128451
1627.128451
1627.128451
1627.128451
1627.128451
1627.128451
1627.128451
1627.128451
1627.128451
1627.128451
1627.128451
1627.128451
1627.128451
1627.128451
1627.128451
1627.128451
1627.128451
1627.128451
1627.128451
1627.128451
1627.128451
1627.128451
1627.128451
1627.128451
1627.128451
1627.128451
1627.128451
1627.128451
1627.128451
1627.128451
1627.128451
1627.128451
1627.128451
1627.128451
1627.128451
1626.229771
1626.229771
1626.229771
1626.229771
1626.229771
1626.229771
1626.229771
1626.229771
1626.229771
1626.229771
1626.229771
1626.229771
1626.229771
1626.229771
1626.229771
1626.229771
1626.229771
1626.229771
1626.229771
1626.229771
1626.229771
1626.229771
1626.229771
1626.229771
1626.229771
1626.229771
1626.229771
1626.229771
1626.229771
1626.229771
1626.229771
1626.229771
1626.229771
1626.229771
1626.229771
1626.229771
1626.229771
1626.229771
1626.229771
1626.229771
1626.229771
1626.229771
1626.061188
1626.061188
1626.061188
1626.061188
1625.892049
1625.892049
1625.892049
1625.892049
1625.892049
1625.892049
1625.892049
1625.892049
1625.892049
1625.892049
1625.892049
1625.892049
1625.892049
1625.892049
1625.892049
1625.892049
1625.892049
1625.892049
1625.892049
1625.892049
1625.892049
1625.892049
1625.892049
1625.892049
1625.892049
1625.892049
1625.892049
1625.892049
1625.892049
1625.892049
1625.892049
1625.892049
1625.892049
1625.892049
1625.892049
1625.892049
1625.892049
1625.892049
1625.892049
1625.892049
1625.892049
1625.892049
1625.892049
1625.892049
1625.811443
1625.811443
1625.811443
1625.811443
1625.559481
1625.559481
1625.559481
1625.559481
1625.559481
1625.559481
1625.559481
1625.559481
1625.336803
1625.336803
1625.336803
1625.336803
1625.336803
1625.336803
1625.336803
1625.336803
1625.336803
1625.336803
1625.336803
1625.336803
1625.336803
1625.336803
1625.336803
1625.336803
1625.336803
1625.336803
1625.336803
1625.336803
1625.336803
1625.336803
1625.336803
1625.336803
1625.336803
1625.336803
1625.336803
1625.336803
1625.336803
1625.336803
1625.336803
1625.336803
1625.336803
1625.336803
1625.336803
1625.336803
1625.336803
1625.336803
1625.336803
1625.336803
1625.336803
1625.336803
1625.336803
1625.336803
1625.336803
1625.336803
1625.336803
1625.336803
1625.336803
1625.336803
1625.336803
1625.336803
1625.336803
1625.336803
1625.336803
1625.336803
1625.336803
1625.336803
1625.336803
1625.336803
1625.336803
1625.336803
1625.336803
1625.336803
1625.336803
1625.336803
1625.336803
1625.336803
1625.336803
1625.336803
1625.336803
1625.336803
1625.336803
1625.336803
1625.336803
1625.336803
1625.336803
1625.336803
1625.336803
1625.336803
1625.336803
1625.336803
1625.336803
1625.336803
1625.336803
1625.336803
1625.336803
1625.336803
1625.214966
1625.214966
1625.214966
1625.214966
1625.214966
1625.035309
1625.035309
1625.035309
1625.035309
1625.035309
1625.035309
1625.035309
1625.035309
1625.035309
1625.035309
1625.035309
1625.035309
1625.035309
1625.035309
1625.035309
1625.035309
1625.035309
1625.035309
1625.035309
1625.035309
1625.035309
1625.035309
1625.035309
1625.035309
1625.035309
1625.035309
1625.035309
1625.035309
1625.035309
1625.035309
1625.035309
1625.035309
1625.035309
1624.834486
1624.834486
1624.834486
1624.834486
1624.834486
1624.834486
1624.834486
1624.834486
1624.834486
1624.834486
1624.834486
1624.834486
1624.834486
1624.834486
1624.834486
1624.834486
1624.834486
1624.834486
1624.834486
1624.834486
1624.834486
1624.834486
1624.834486
1624.834486
1624.834486
1624.834486
1624.834486
1624.834486
1624.834486
1624.834486
1624.834486
1624.834486
1624.834486
1624.834486
1624.834486
1624.834486
1624.834486
1624.834486
1624.834486
1624.834486
1624.762464
1624.762464
1624.762464
1624.762464
1624.762464
1624.762464
1624.762464
1624.762464
1624.762464
1624.762464
1624.762464
1624.762464
1624.762464
1624.762464
1624.762464
1624.762464
1624.762464
1624.762464
1624.762464
1624.762464
1624.762464
1624.762464
1624.762464
1624.762464
1624.762464
1624.762464
1624.762464
1624.762464
1624.762464
1624.762464
1624.762464
1624.762464
1624.762464
1624.762464
1624.762464
1624.762464
1623.908248
1623.908248
1623.908248
1623.908248
1623.908248
1623.908248
1623.908248
1623.908248
1623.908248
1623.908248
1623.908248
1623.908248
1623.908248
1623.908248
1623.908248
1623.908248
1623.908248
1623.908248
1623.908248
1623.908248
1623.908248
1623.908248
1623.908248
1623.908248
1623.908248
1623.908248
1623.908248
1623.908248
1623.908248
1623.908248
1623.908248
1623.908248
1623.908248
1623.908248
1623.908248
1623.908248
1623.908248
1623.908248
1623.908248
1623.908248
1623.908248
1623.908248
1623.908248
1623.908248
1623.908248
1623.908248
1623.908248
1623.908248
1623.908248
1623.908248
1623.908248
1623.908248
1623.908248
1623.908248
1623.908248
1623.908248
1623.908248
1623.908248
1623.908248
1623.908248
1623.908248
1623.908248
1623.908248
1623.908248
1623.908248
1623.908248
1623.908248
1623.908248
1623.908248
1623.908248
1623.908248
1623.908248
1623.908248
1623.908248
1623.908248
1623.908248
1623.908248
1623.908248
1623.908248
1623.908248
1623.908248
1623.908248
1623.908248
1623.908248
1623.908248
1623.908248
1623.908248
1623.908248
1623.908248
1623.908248
1623.908248
1623.908248
1623.908248
1623.908248
1623.908248
1623.908248
1623.908248
1623.908248
1623.908248
1623.908248
1623.908248
1623.908248
1623.908248
1623.908248
1623.908248
1623.908248
1623.908248
1623.908248
1623.908248
1623.908248
1623.908248
1623.908248
1623.908248
1623.908248
1623.908248
1623.908248
1623.908248
1623.908248
1623.908248
1623.908248
1623.908248
1623.908248
1623.908248
1623.908248
1623.908248
1623.908248
1623.908248
1623.908248
1623.908248
1623.908248
1623.908248
1623.635381
1623.635381
1623.635381
1623.635381
1623.635381
1623.635381
1623.635381
1623.635381
1623.635381
1623.635381
1623.635381
1623.635381
1623.635381
1623.635381
1623.635381
1623.635381
1623.635381
1623.635381
1623.635381
1623.635381
1623.635381
1623.635381
1623.635381
1623.635381
1623.635381
1623.635381
1623.635381
1623.635381
1623.635381
1623.635381
1623.635381
1623.635381
1623.635381
1623.635381
1623.635381
1623.635381
1623.635381
1623.635381
1623.635381
1623.635381
1623.635381
1623.635381
1623.635381
1623.635381
1623.635381
1623.635381
1623.635381
1623.635381
1623.635381
1623.635381
1623.271547
1623.271547
1623.271547
1623.271547
1623.271547
1623.271547
1623.271547
1623.271547
1623.271547
1623.271547
1623.271547
1623.271547
1623.271547
1623.271547
1623.271547
1623.271547
1623.271547
1623.271547
1623.271547
1623.271547
1623.271547
1623.271547
1623.168836
1623.168836
1623.168836
1623.168836
1623.168836
1623.168836
1623.168836
1623.168836
1623.168836
1623.168836
1623.168836
1623.168836
1623.168836
1623.168836
1623.168836
1623.168836
1623.168836
1623.168836
1623.168836
1623.168836
1623.168836
1623.168836
1623.168836
1623.168836
1623.168836
1623.168836
1623.168836
1623.168836
1623.168836
1623.168836
1623.168836
1623.168836
1623.168836
1623.168836
1623.168836
1623.168836
1623.168836
1623.168836
1623.168836
1623.168836
1623.168836
1623.168836
1623.168836
1623.168836
1623.168836
1623.168836
1623.168836
1623.168836
1623.168836
1623.168836
1623.168836
1623.168836
1623.168836
1623.168836
1623.168836
1623.168836
1623.168836
1623.168836
1623.168836
1623.168836
1623.168836
1623.168836
1623.168836
1623.168836
1623.168836
1623.168836
1623.168836
1623.168836
1623.168836
1623.168836
1623.168836
1623.168836
1623.168836
1623.168836
1623.168836
1623.168836
1623.168836
1623.168836
1623.168836
1623.168836
1623.168836
1623.168836
1623.168836
1623.168836
1623.168836
1623.168836
1623.168836
1623.168836
1623.168836
1623.168836
1623.168836
1623.168836
1623.168836
1623.168836
1623.168836
1623.168836
1623.168836
1623.168836
1623.168836
1623.168836
1623.168836
1623.168836
1623.168836
1623.168836
1623.168836
1623.168836
1623.168836
1623.168836
1623.045993
1623.045993
1623.045993
1623.045993
1623.045993
1623.045993
1623.045993
1623.045993
1623.045993
1623.045993
1623.045993
1623.045993
1622.568918
1622.568918
1622.568918
1622.568918
1622.568918
1622.568918
1622.568918
1622.568918
1622.568918
1622.568918
1621.679866
1621.679866
1621.679866
1621.679866
1621.679866
1621.679866
1621.679866
1621.679866
1621.679866
1621.679866
1621.679866
1621.679866
1621.679866
1621.679866
1621.679866
1621.679866
1621.679866
1621.679866
1621.679866
1621.679866
1621.679866
1621.679866
1621.679866
1621.679866
1621.679866
1621.679866
1621.679866
1621.679866
1621.679866
1621.679866
1621.679866
1621.679866
1621.679866
1621.679866
1621.679866
1621.679866
1621.679866
1621.679866
1621.679866
1621.679866
1621.679866
1621.679866
1621.679866
1621.679866
1621.679866
1621.679866
1621.679866
1621.679866
1621.679866
1621.679866
1621.679866
1621.679866
1621.679866
1621.679866
1621.679866
1621.679866
1621.679866
1621.679866
1621.679866
1621.679866
1621.679866
1621.679866
1621.679866
1621.679866
1621.679866
1621.679866
1621.679866
1621.679866
1621.570531
1621.570531
1621.570531
1621.570531
1621.570531
1621.570531
1621.570531
1621.570531
1621.570531
1621.570531
1621.570531
1621.570531
1621.570531
1621.570531
1621.570531
1621.570531
1621.570531
1621.570531
1621.570531
1621.570531
1621.570531
1621.570531
1621.570531
1621.570531
1621.570531
1621.570531
1621.570531
1621.570531
1621.570531
1621.570531
1621.570531
1621.570531
1621.570531
1621.570531
1621.570531
1621.570531
1621.570531
1621.570531
1621.570531
1621.570531
1621.570531
1621.570531
1621.570531
1621.570531
1621.570531
1621.570531
1621.570531
1621.570531
1621.570531
1621.570531
1621.570531
1621.570531
1621.570531
1621.570531
1621.570531
1621.570531
1621.570531
1621.336674
1621.336674
1621.336674
1621.336674
1621.336674
1621.336674
1621.336674
1621.336674
1621.336674
1621.336674
1621.336674
1621.336674
1621.336674
1621.336674
1621.336674
1621.336674
1621.336674
1621.336674
1621.336674
1621.336674
1621.336674
1621.336674
1621.336674
1621.336674
1621.336674
1621.336674
1621.336674
1621.336674
1621.336674
1621.336674
1621.336674
1621.336674
1621.336674
1621.336674
1621.336674
1621.336674
1621.336674
1621.336674
1621.336674
1621.336674
1621.336674
1621.336674
1621.336674
1621.336674
1621.336674
1621.336674
1621.336674
1621.336674
1621.336674
1621.336674
1621.336674
1621.336674
1621.336674
1621.336674
1620.621705
1620.621705
1620.621705
1620.621705
1620.621705
1620.621705
1620.621705
1620.621705
1620.621705
1620.621705
1620.621705
1620.621705
1620.621705
1620.621705
1620.621705
1620.621705
1620.621705
1620.621705
1619.628891
1619.628891
1619.628891
1619.628891
1619.628891
1619.628891
1619.628891
1619.628891
1619.628891
1619.628891
1619.628891
1619.628891
1619.628891
1619.628891
1619.628891
1619.628891
1619.628891
1619.628891
1619.628891
1619.628891
1619.628891
1619.628891
1619.628891
1619.628891
1619.628891
1619.628891
1619.628891
1619.628891
1619.628891
1619.628891
1619.628891
1619.628891
1619.628891
1619.628891
1619.628891
1619.628891
1619.628891
1619.628891
1619.628891
1619.628891
1619.628891
1619.628891
1619.628891
1619.628891
1619.628891
1619.628891
1619.628891
1619.628891
1619.628891
1619.628891
1619.543548
1619.543548
1619.543548
1619.543548
1619.543548
1619.543548
1619.543548
1619.543548
1619.543548
1619.543548
1619.543548
1619.450405
1619.450405
1619.450405
1619.450405
1619.450405
1619.450405
1619.450405
1619.450405
1619.450405
1619.450405
1619.450405
1619.450405
1619.450405
1619.450405
1619.450405
1619.450405
1619.450405
1619.450405
1619.450405
1619.450405
1619.450405
1619.450405
1619.450405
1619.450405
1619.450405
1619.450405
1619.450405
1619.450405
1619.450405
1619.450405
1619.450405
1619.450405
1619.450405
1619.450405
1619.450405
1619.450405
1619.450405
1619.450405
1619.450405
1619.450405
1619.450405
1619.450405
1619.450405
1619.450405
1619.450405
1619.450405
1619.450405
1619.450405
1618.755384
1618.731836
1618.731836
1618.731836
1618.731836
1618.731836
1618.731836
1618.731836
1618.731836
1618.731836
1618.731836
1618.731836
1618.731836
1618.731836
1618.731836
1618.731836
1618.731836
1618.731836
1618.731836
1618.731836
1618.731836
1618.731836
1618.731836
1618.731836
1618.731836
1618.731836
1618.731836
1618.731836
1618.731836
1618.731836
1618.731836
1618.731836
1618.731836
1618.731836
1618.731836
1618.731836
1618.731836
1618.731836
1618.731836
1618.731836
1618.731836
1618.731836
1618.731836
1618.731836
1618.731836
1618.731836
1618.731836
1618.731836
1618.695039
1618.695039
1618.695039
1618.695039
1618.695039
1618.695039
1618.695039
1618.695039
1618.695039
1618.695039
1618.695039
1618.695039
1618.695039
1618.695039
1618.695039
1618.466364
1618.466364
1618.466364
1618.466364
1618.466364
1618.466364
1618.466364
1618.466364
1618.466364
1618.466364
1618.466364
1618.466364
1618.466364
1618.342279
1618.342279
1617.775152
1617.775152
1617.775152
1617.775152
1617.775152
1617.775152
1617.775152
1617.775152
1617.775152
1617.775152
1617.775152
1617.775152
1617.775152
1617.775152
1617.775152
1617.775152
1617.775152
1617.775152
1617.775152
1617.775152
1617.775152
1617.775152
1617.775152
1617.775152
1617.775152
1617.775152
1617.775152
1617.775152
1617.775152
1617.775152
1617.775152
1617.775152
1617.775152
1617.775152
1617.775152
1617.220706
1617.220706
1617.220706
1617.220706
1617.220706
1617.220706
1617.220706
1617.220706
1617.220706
1617.220706
1617.220706
1617.220706
1617.220706
1617.220706
1617.220706
1617.220706
1617.220706
1617.220706
1617.220706
1617.220706
1617.220706
1617.220706
1617.220706
1617.220706
1617.220706
1617.220706
1617.220706
1617.220706
1617.220706
1617.220706
1617.220706
1617.220706
1617.220706
1617.220706
1617.220706
1617.220706
1617.220706
1617.220706
1617.220706
1617.220706
1617.220706
1617.220706
1617.220706
1617.220706
1617.220706
1617.220706
1617.220706
1617.220706
1617.220706
1617.220706
1616.084737
1616.084737
1616.084737
1616.084737
1616.084737
1616.084737
1616.084737
1616.084737
1616.084737
1616.084737
1616.084737
1616.084737
1616.084737
1616.084737
1616.084737
1616.084737
1616.084737
1616.084737
1616.084737
1616.084737
1616.084737
1616.084737
1616.084737
1616.084737
1616.084737
1615.654653
1615.654653
1615.654653
1615.654653
1615.654653
1615.654653
1615.654653
1615.654653
1615.654653
1615.654653
1615.654653
1615.654653
1615.654653
1615.654653
1615.654653
1615.654653
1615.654653
1615.654653
1615.654653
1615.654653
1615.654653
1615.654653
1615.654653
1615.654653
1615.654653
1615.654653
1615.654653
1615.654653
1615.654653
1615.654653
1615.654653
1615.654653
1615.654653
1615.654653
1615.654653
1615.654653
1615.654653
1615.654653
1615.654653
1615.654653
1615.654653
1615.654653
1615.654653
1615.654653
1615.654653
1615.654653
1615.654653
1615.654653
1615.654653
1615.654653
1615.654653
1615.654653
1615.654653
1615.082960
1615.082960
1615.082960
1615.082960
1615.082960
1615.082960
1615.082960
1615.082960
1615.082960
1615.082960
1615.082960
1615.082960
1615.082960
1615.082960
1615.082960
1615.082960
1615.082960
1615.082960
1615.082960
1615.082960
1615.082960
1615.082960
1615.082960
1615.082960
1615.082960
1615.082960
1615.082960
1615.082960
1615.082960
1615.082960
1615.082960
1615.082960
1615.082960
1615.082960
1615.082960
1615.082960
1615.082960
1615.082960
1615.082960
1615.082960
1615.082960
1615.082960
1615.082960
1615.082960
1615.082960
1615.082960
1615.082960
1615.082960
1615.082960
1615.082960
1615.082960
1615.082960
1615.082960
1615.082960
1615.082960
1615.082960
1615.082960
1615.082960
1615.082960
1615.082960
1615.082960
1615.082960
1615.082960
1615.082960
1615.082960
1615.082960
1615.082960
1615.082960
1615.082960
1615.082960
1615.082960
1615.082960
1614.947352
1614.947352
1614.947352
1614.947352
1614.947352
1614.947352
1614.947352
1614.947352
1614.947352
1614.947352
1614.947352
1614.947352
1614.947352
1614.947352
1614.947352
1614.947352
1614.947352
1614.947352
1614.947352
1614.947352
1614.947352
1614.947352
1614.947352
1614.947352
1614.947352
1614.947352
1614.947352
1614.947352
1614.947352
1614.947352
1614.947352
1614.947352
1614.947352
1614.947352
1614.947352
1614.947352
1614.932700
1614.932700
1614.932700
1614.932700
1614.932700
1614.932700
1614.932700
1614.896592
1614.896592
1614.896592
1614.896592
1614.896592
1614.896592
1614.896592
1614.896592
1614.896592
1614.896592
1614.896592
1614.896592
1614.896592
1614.896592
1614.896592
1614.896592
1614.896592
1614.896592
1614.896592
1614.896592
1614.896592
1614.896592
1614.896592
1614.896592
1614.896592
1614.896592
1614.896592
1614.896592
1614.896592
1614.896592
1614.896592
1614.896592
1614.896592
1614.896592
1614.896592
1614.896592
1614.896592
1614.896592
1614.896592
1614.896592
1614.896592
1614.896592
1614.896592
1614.896592
1614.896592
1614.896592
1614.896592
1614.896592
1614.896592
1614.896592
1614.896592
1614.896592
1614.896592
1614.896592
1614.044079
1614.044079
1614.044079
1614.044079
1614.044079
1614.044079
1614.044079
1614.044079
1614.044079
1614.044079
1614.044079
1614.044079
1614.044079
1614.044079
1614.044079
1614.044079
1614.044079
1614.044079
1614.044079
1614.044079
1614.044079
1614.044079
1614.044079
1614.044079
1614.044079
1614.044079
1614.044079
1613.020437
1613.020437
1613.020437
1613.020437
1613.020437
1613.020437
1613.020437
1613.020437
1613.020437
1613.020437
1613.020437
1613.020437
1613.020437
1613.020437
1613.020437
1613.020437
1613.020437
1613.020437
1613.020437
1613.020437
1613.020437
1613.020437
1613.020437
1613.020437
1613.020437
1613.020437
1613.020437
1613.020437
1613.020437
1613.020437
1613.020437
1613.020437
1613.020437
1613.020437
1613.020437
1613.020437
1613.020437
1613.020437
1613.020437
1613.020437
1613.020437
1613.020437
1613.020437
1613.020437
1613.020437
1613.020437
1613.020437
1613.020437
1613.020437
1613.020437
1613.020437
1613.020437
1613.020437
1613.020437
1613.020437
1613.020437
1613.020437
1613.020437
1613.020437
1613.020437
1613.020437
1613.020437
1613.020437
1613.020437
1613.020437
1613.020437
1613.020437
1613.020437
1613.020437
1613.020437
1612.442686
1612.442686
1612.442686
1612.442686
1612.442686
1612.442686
1612.442686
1612.442686
1612.442686
1612.442686
1612.442686
1612.442686
1612.442686
1612.442686
1612.442686
1612.442686
1612.442686
1612.442686
1612.442686
1612.442686
1612.442686
1612.442686
1612.442686
1612.442686
1612.442686
1612.442686
1612.442686
1612.442686
1612.442686
1612.442686
1612.442686
1612.442686
1612.442686
1612.442686
1612.442686
1612.442686
1612.442686
1612.442686
1612.442686
1612.442686
1612.442686
1612.442686
1612.442686
1612.442686
1612.442686
1612.442686
1612.442686
1612.442686
1612.442686
1612.442686
1612.269841
1612.269841
1612.269841
1612.269841
1612.269841
1612.269841
1612.269841
1612.269841
1612.269841
1612.269841
1612.269841
1612.269841
1612.269841
1612.269841
1612.269841
1612.269841
1612.269841
1612.269841
1612.269841
1612.269841
1612.269841
1612.269841
1612.269841
1612.269841
1612.269841
1612.269841
1612.269841
1612.269841
1612.269841
1612.269841
1612.269841
1612.269841
1612.269841
1612.269841
1612.269841
1612.269841
1612.269841
1612.269841
1612.269841
1612.269841
1612.269841
1612.269841
1612.269841
1612.269841
1612.269841
1612.269841
1612.269841
1612.269841
1612.269841
1612.269841
1612.269841
1612.269841
1612.269841
1612.269841
1612.269841
1612.269841
1612.269841
1612.269841
1612.269841
1612.269841
1612.269841
1612.269841
1612.269841
1612.269841
1612.269841
1612.269841
1612.269841
1612.269841
1612.269841
1612.269841
1612.269841
1612.269841
1612.269841
1612.269841
1612.269841
1612.269841
1612.269841
1612.269841
1612.269841
1612.269841
1612.269841
1612.269841
1612.269841
1612.269841
1612.269841
1612.269841
1612.269841
1612.269841
1612.269841
1612.269841
1612.269841
1612.269841
1612.269841
1612.269841
1612.269841
1612.269841
1612.269841
1612.269841
1612.269841
1612.269841
1612.269841
1612.269841
1612.269841
1612.269841
1612.269841
1612.269841
1612.269841
1612.269841
1612.269841
1612.269841
1612.269841
1612.269841
1612.269841
1612.269841
1612.269841
1612.269841
1612.269841
1612.269841
1612.269841
1612.269841
1612.269841
1612.269841
1611.544031
1611.544031
1611.544031
1611.544031
1611.544031
1611.544031
1611.544031
1611.544031
1611.544031
1611.544031
1611.544031
1611.544031
1611.544031
1611.544031
1611.544031
1611.544031
1611.544031
1611.544031
1611.544031
1611.544031
1611.544031
1611.544031
1611.544031
1611.544031
1611.544031
1611.544031
1611.544031
1611.544031
1611.544031
1611.544031
1611.544031
1611.544031
1611.544031
1611.544031
1611.544031
1611.544031
1611.544031
1611.544031
1611.544031
1611.544031
1611.544031
1611.544031
1611.544031
1611.544031
1611.544031
1611.544031
1611.544031
1611.544031
1611.544031
1611.544031
1611.544031
1611.544031
1611.544031
1611.544031
1611.544031
1611.544031
1611.544031
1611.544031
1611.544031
1611.544031
1611.544031
1611.544031
1611.544031
1611.544031
1611.544031
1611.544031
1611.544031
1611.544031
1611.544031
1611.544031
1611.544031
1611.544031
1611.544031
1611.544031
1611.544031
1611.544031
1611.544031
1611.544031
1611.544031
1610.919151
1610.919151
1610.919151
1610.919151
1610.919151
1610.919151
1610.919151
1610.919151
1610.919151
1610.919151
1610.919151
1610.919151
1610.919151
1610.919151
1610.919151
1610.919151
1610.919151
1610.919151
1610.919151
1610.919151
1610.919151
1610.919151
1610.919151
1610.919151
1610.919151
1610.919151
1610.919151
1610.919151
1610.919151
1610.919151
1610.919151
1610.919151
1610.919151
1610.919151
1610.919151
1610.919151
1610.919151
1610.919151
1610.919151
1610.919151
1610.919151
1610.919151
1610.919151
1610.919151
1610.919151
1610.919151
1610.919151
1610.919151
1610.919151
1610.919151
1610.919151
1610.919151
1610.919151
1610.919151
1610.919151
1610.919151
1610.919151
1610.919151
1610.919151
1610.919151
1610.919151
1610.919151
1610.919151
1610.919151
1610.919151
1610.919151
1610.919151
1610.919151
1610.919151
1610.919151
1610.919151
1610.919151
1610.919151
1609.534910
1609.534910
1609.534910
1609.534910
1609.534910
1609.534910
1609.534910
1609.534910
1609.534910
1609.534910
1609.534910
1609.534910
1609.534910
1609.534910
1609.534910
1609.534910
1609.534910
1609.534910
1609.534910
1609.534910
1609.534910
1609.534910
1609.534910
1609.534910
1609.534910
1609.534910
1609.534910
1609.534910
1609.534910
1609.534910
1609.534910
1609.534910
1609.534910
1609.534910
1609.534910
1609.534910
1609.534910
1609.534910
1609.534910
1609.534910
1609.534910
1609.534910
1609.534910
1609.534910
1609.534910
1609.534910
1609.534910
1609.534910
1609.534910
1609.534910
1609.534910
1609.534910
1609.534910
1609.534910
1609.534910
1609.534910
1609.534910
1609.534910
1609.534910
1609.534910
1609.534910
1609.534910
1609.534910
1609.534910
1609.534910
1609.534910
1609.534910
1609.534910
1609.534910
1609.534910
1609.534910
1609.534910
1609.534910
1609.534910
1609.534910
1609.534910
1609.534910
1609.534910
1609.534910
1609.534910
1609.534910
1609.534910
1609.534910
1609.534910
1609.534910
1609.534910
1609.534910
1608.636862
1608.636862
1608.636862
1608.636862
1608.636862
1608.636862
1608.636862
1608.636862
1608.636862
1608.636862
1608.636862
1608.636862
1608.636862
1608.636862
1608.636862
1608.636862
1608.636862
1608.636862
1608.636862
1608.636862
1608.636862
1608.636862
1608.636862
1608.636862
1608.636862
1608.636862
1608.636862
1608.636862
1608.636862
1608.636862
1608.636862
1608.636862
1608.636862
1608.636862
1608.636862
1608.636862
1608.636862
1608.636862
1608.636862
1608.636862
1608.636862
1608.636862
1608.636862
1608.636862
1608.636862
1608.636862
1608.636862
1608.636862
1608.636862
1608.636862
1608.636862
1608.339311
1608.339311
1608.339311
1608.339311
1608.339311
1608.339311
1608.339311
1608.339311
1608.339311
1608.339311
1608.339311
1608.339311
1608.339311
1608.339311
1608.339311
1608.339311
1608.339311
1608.339311
1608.339311
1608.339311
1608.339311
1608.339311
1608.339311
1608.339311
1608.339311
1608.339311
1608.339311
1608.339311
1608.339311
1608.339311
1608.339311
1608.339311
1608.339311
1608.339311
1608.339311
1608.339311
1608.339311
1608.339311
1608.339311
1608.339311
1608.339311
1608.339311
1608.339311
1608.339311
1608.339311
1608.339311
1608.339311
1608.339311
1608.339311
1608.339311
1608.339311
1608.339311
1608.339311
1608.339311
1608.339311
1607.508999
1607.508999
1607.508999
1607.508999
1607.508999
1607.508999
1607.508999
1607.508999
1607.508999
1607.508999
1607.508999
1607.508999
1607.508999
1607.508999
1607.508999
1607.508999
1607.508999
1607.508999
1607.508999
1607.508999
1607.508999
1607.508999
1607.508999
1607.508999
1607.508999
1607.508999
1607.508999
1607.508999
1607.508999
1607.508999
1607.508999
1607.508999
1607.508999
1607.508999
1607.508999
1607.508999
1607.508999
1607.508999
1607.508999
1607.508999
1607.508999
1607.508999
1607.508999
1607.508999
1607.508999
1607.508999
1607.508999
1607.508999
1607.508999
1607.508999
1607.508999
1607.508999
1607.508999
1607.508999
1607.508999
1607.508999
1607.508999
1607.508999
1606.749425
1606.749425
1606.749425
1606.749425
1606.749425
1606.749425
1606.749425
1606.749425
1606.749425
1606.749425
1606.749425
1606.749425
1606.749425
1606.749425
1606.749425
1606.749425
1606.749425
1606.749425
1606.749425
1606.749425
1606.749425
1606.749425
1606.749425
1606.749425
1606.749425
1606.749425
1606.749425
1606.749425
1606.749425
1606.749425
1606.749425
1606.749425
1606.749425
1606.749425
1606.749425
1606.749425
1606.749425
1606.749425
1606.538659
1606.538659
1606.538659
1606.538659
1606.538659
1606.538659
1606.538659
1606.538659
1606.538659
1606.538659
1606.538659
1606.538659
1606.538659
1606.538659
1606.538659
1606.538659
1606.538659
1606.538659
1606.538659
1606.538659
1606.538659
1606.538659
1606.538659
1606.538659
1606.538659
1606.538659
1606.538659
1606.538659
1606.538659
1606.538659
1606.538659
1606.538659
1606.538659
1606.538659
1606.538659
1606.538659
1606.538659
1606.538659
1606.538659
1606.538659
1606.095787
1605.678056
1605.678056
1605.678056
1605.678056
1605.678056
1605.678056
1605.678056
1605.678056
1605.678056
1605.678056
1605.678056
1605.678056
1605.678056
1605.678056
1605.678056
1605.678056
1605.678056
1605.678056
1605.678056
1605.678056
1605.678056
1605.678056
1605.678056
1605.678056
1605.678056
1605.678056
1605.678056
1605.678056
1605.678056
1605.678056
1605.678056
1605.678056
1605.678056
1605.678056
1605.678056
1605.678056
1605.678056
1605.678056
1605.678056
1605.678056
1605.678056
1605.678056
1605.678056
1605.678056
1605.678056
1605.678056
1605.678056
1605.678056
1605.678056
1605.678056
1605.678056
1605.678056
1605.678056
1605.678056
1605.678056
1605.678056
1605.678056
1605.678056
1605.678056
1605.678056
1605.678056
1605.678056
1605.678056
1605.678056
1605.678056
1605.678056
1605.678056
1605.678056
1605.678056
1605.678056
1605.678056
1605.678056
1605.678056
1605.678056
1605.678056
1605.678056
1605.678056
1605.678056
1605.678056
1605.678056
1605.678056
1605.678056
1605.678056
1605.678056
1605.678056
1605.678056
1605.678056
1605.678056
1605.678056
1605.678056
1605.678056
1605.678056
1605.678056
1605.678056
1605.678056
1605.678056
1605.678056
1605.678056
1605.678056
1605.678056
1605.678056
1605.678056
1605.678056
1605.678056
1605.678056
1605.678056
1605.678056
1605.678056
1605.678056
1605.678056
1605.678056
1605.678056
1605.678056
1605.678056
1605.678056
1605.678056
1605.678056
1605.678056
1605.678056
1605.678056
1605.678056
1605.678056
1605.678056
1605.678056
1605.678056
1605.678056
1605.678056
1605.678056
1605.678056
1605.678056
1605.678056
1605.678056
1605.678056
1605.678056
1605.678056
1605.678056
1605.678056
1605.678056
1604.509410
1604.509410
1604.509410
1604.509410
1604.509410
1604.509410
1604.509410
1604.509410
1604.509410
1604.509410
1604.509410
1604.509410
1604.509410
1604.509410
1604.509410
1604.509410
1604.509410
1604.509410
1604.509410
1604.509410
1604.509410
1604.509410
1604.509410
1604.509410
1604.509410
1604.509410
1604.509410
1604.509410
1604.509410
1604.509410
1604.509410
1604.509410
1604.509410
1604.509410
1604.509410
1604.509410
1604.509410
1604.509410
1604.509410
1604.509410
1604.509410
1604.509410
1604.509410
1604.509410
1604.509410
1604.509410
1604.509410
1604.509410
1604.509410
1604.509410
1604.509410
1604.509410
1604.509410
1604.509410
1604.509410
1604.509410
1604.509410
1604.509410
1604.509410
1604.509410
1604.509410
1604.509410
1604.509410
1604.509410
1604.509410
1604.509410
1604.509410
1604.509410
1604.509410
1604.509410
1604.509410
1604.509410
1604.509410
1604.509410
1604.509410
1604.509410
1604.509410
1604.469831
1604.469831
1604.469831
1604.469831
1604.469831
1604.469831
1604.469831
1604.469831
1604.469831
1604.469831
1604.469831
1604.469831
1604.469831
1604.469831
1604.469831
1604.469831
1604.469831
1604.469831
1604.469831
1604.469831
1604.469831
1604.469831
1604.469831
1604.469831
1604.469831
1604.469831
1604.469831
1604.469831
1604.469831
1604.469831
1604.469831
1604.469831
1604.469831
1604.469831
1604.469831
1604.469831
1604.469831
1604.469831
1604.469831
1604.469831
1604.469831
1604.469831
1604.469831
1604.469831
1604.469831
1604.469831
1604.469831
1604.469831
1604.469831
1604.469831
1604.469831
1604.469831
1604.469831
1604.469831
1604.469831
1604.469831
1604.374457
1604.374457
1604.374457
1604.374457
1604.374457
1604.374457
1604.374457
1604.374457
1604.374457
1604.374457
1604.374457
1604.374457
1604.374457
1604.374457
1604.374457
1604.374457
1604.374457
1604.374457
1604.374457
1604.374457
1604.374457
1604.374457
1604.374457
1604.374457
1604.374457
1604.121597
1604.121597
1604.121597
1604.121597
1604.121597
1604.121597
1604.121597
1604.121597
1604.121597
1604.121597
1604.121597
1604.121597
1604.121597
1604.121597
1604.121597
1604.121597
1604.121597
1604.121597
1604.121597
1604.121597
1604.121597
1604.121597
1604.121597
1604.121597
1604.121597
1604.121597
1604.121597
1604.121597
1604.121597
1604.121597
1604.121597
1604.121597
1604.121597
1604.121597
1604.121597
1604.121597
1604.121597
1604.121597
1604.121597
1604.121597
1604.121597
1604.121597
1604.121597
1604.121597
1604.121597
1604.121597
1604.121597
1604.121597
1604.121597
1604.121597
1604.121597
1604.121597
1604.121597
1604.121597
1604.121597
1604.121597
1604.121597
1604.121597
1604.121597
1604.121597
1604.121597
1604.121597
1604.121597
1604.121597
1604.121597
1604.121597
1604.121597
1604.121597
1604.121597
1604.121597
1604.121597
1604.121597
1604.121597
1604.121597
1604.121597
1604.121597
1604.121597
1604.121597
1604.121597
1604.121597
1604.121597
1604.121597
1604.121597
1604.121597
1604.121597
1604.121597
1604.121597
1604.121597
1604.121597
1604.121597
1604.121597
1604.121597
1604.121597
1604.121597
1604.121597
1604.121597
1604.121597
1604.121597
1604.121597
1604.121597
1603.807702
1603.807702
1603.807702
1603.807702
1603.807702
1603.807702
1603.807702
1603.807702
1603.807702
1603.807702
1603.807702
1603.807702
1603.807702
1603.807702
1603.807702
1603.807702
1603.807702
1603.517618
1603.517618
1603.517618
1603.517618
1603.517618
1603.517618
1603.517618
1603.517618
1603.517618
1603.517618
1603.517618
1603.517618
1603.517618
1603.517618
1603.517618
1603.517618
1603.517618
1603.517618
1603.517618
1602.778358
1602.778358
1602.778358
1602.778358
1602.778358
1602.778358
1602.778358
1602.778358
1602.778358
1602.778358
1602.778358
1602.778358
1602.778358
1602.778358
1602.778358
1602.778358
1602.778358
1602.778358
1602.778358
1602.329666
1602.329666
1602.329666
1602.329666
1602.329666
1602.329666
1602.329666
1602.329666
1602.329666
1602.329666
1602.329666
1602.329666
1602.329666
1602.329666
1602.329666
1602.329666
1602.329666
1602.329666
1602.329666
1602.329666
1602.329666
1602.329666
1602.329666
1602.329666
1602.329666
1602.329666
1602.329666
1602.329666
1602.329666
1602.329666
1602.329666
1602.329666
1602.329666
1602.329666
1602.329666
1602.329666
1602.145748
1602.145748
1602.145748
1602.145748
1602.145748
1602.145748
1602.145748
1602.145748
1602.145748
1602.145748
1602.145748
1602.145748
1602.145748
1602.145748
1602.145748
1602.145748
1602.145748
1602.145748
1602.145748
1602.145748
1602.145748
1602.145748
1602.145748
1602.145748
1602.145748
1602.145748
1602.145748
1602.145748
1602.145748
1602.145748
1602.145748
1602.145748
1602.145748
1602.145748
1602.145748
1602.145748
1602.145748
1602.145748
1602.145748
1602.145748
1602.145748
1602.145748
1602.145748
1602.145748
1602.145748
1602.145748
1602.145748
1602.145748
1602.145748
1602.145748
1602.145748
1602.145748
1602.145748
1602.145748
1602.145748
1602.145748
1602.145748
1602.145748
1602.145748
1602.145748
1601.847946
1601.847946
1601.847946
1601.847946
1601.847946
1601.847946
1601.847946
1601.847946
1601.847946
1601.034958
1601.034958
1601.034958
1601.034958
1601.034958
1601.034958
1601.034958
1601.034958
1601.034958
1601.034958
1601.034958
1601.034958
1601.034958
1601.034958
1601.034958
1601.034958
1601.034958
1601.034958
1601.034958
1601.034958
1601.034958
1601.034958
1601.034958
1601.034958
1601.034958
1601.034958
1601.034958
1601.034958
1601.034958
1601.034958
1601.034958
1601.034958
1601.034958
1601.034958
1601.034958
1601.034958
1601.034958
1601.034958
1601.034958
1601.034958
1601.034958
1601.034958
1601.034958
1601.034958
1601.034958
1601.034958
1601.034958
1601.034958
1601.034958
1601.034958
1601.034958
1601.034958
1601.034958
1601.034958
1601.034958
1601.034958
1601.034958
1601.034958
1601.034958
1601.034958
1600.821782
1600.821782
1600.821782
1600.821782
1600.821782
1600.821782
1600.821782
1600.821782
1600.821782
1600.821782
1600.821782
1600.821782
1600.821782
1600.821782
1600.821782
1600.821782
1600.821782
1600.821782
1600.821782
1600.821782
1600.821782
1600.821782
1600.821782
1600.821782
1600.821782
1600.821782
1600.821782
1600.821782
1600.821782
1600.821782
1600.821782
1600.821782
1600.821782
1600.821782
1600.821782
1600.821782
1600.821782
1599.939439
1599.939439
1599.939439
1599.939439
1599.939439
1599.939439
1599.939439
1599.939439
1599.939439
1599.939439
1599.939439
1599.939439
1599.939439
1599.939439
1599.939439
1599.939439
1599.939439
1599.939439
1599.939439
1599.939439
1599.939439
1599.939439
1599.939439
1599.939439
1599.939439
1599.939439
1599.939439
1599.939439
1599.939439
1599.939439
1599.939439
1599.939439
1599.939439
1599.939439
1599.939439
1599.939439
1599.939439
1599.939439
1599.939439
1599.939439
1599.939439
1599.939439
1599.939439
1599.939439
1599.939439
1599.939439
1599.939439
1599.939439
1599.939439
1599.939439
1599.939439
1599.939439
1599.939439
1599.939439
1599.939439
1599.939439
1599.727705
1599.727705
1599.727705
1599.727705
1599.727705
1599.727705
1599.727705
1599.727705
1599.727705
1599.727705
1599.727705
1599.727705
1599.727705
1599.727705
1599.727705
1599.727705
1599.727705
1599.727705
1599.727705
1599.727705
1599.727705
1599.727705
1599.727705
1599.727705
1599.727705
1599.727705
1599.727705
1599.727705
1599.727705
1599.727705
1599.727705
1599.727705
1599.727705
1599.727705
1599.727705
1599.727705
1599.727705
1599.727705
1599.727705
1599.727705
1599.727705
1599.727705
1599.727705
1599.704342
1599.704342
1599.704342
1599.704342
1599.704342
1599.704342
1599.704342
1599.704342
1599.704342
1599.704342
1599.704342
1599.704342
1599.704342
1599.704342
1598.561815
1598.561815
1598.561815
1598.561815
1598.561815
1598.561815
1598.561815
1598.561815
1598.561815
1598.561815
1598.561815
1598.561815
1598.561815
1598.561815
1598.561815
1598.561815
1598.561815
1598.561815
1598.561815
1598.561815
1598.561815
1598.561815
1598.561815
1598.561815
1598.561815
1598.561815
1598.561815
1598.561815
1598.561815
1598.561815
1598.561815
1598.561815
1598.561815
1598.561815
1598.561815
1598.561815
1598.561815
1598.561815
1598.561815
1598.561815
1598.561815
1598.561815
1598.561815
1598.561815
1598.561815
1598.561815
1598.561815
1598.561815
1598.561815
1598.561815
1598.561815
1598.561815
1598.561815
1598.561815
1598.561815
1598.561815
1598.561815
1598.561815
1598.561815
1598.561815
1598.561815
1598.561815
1598.561815
1598.561815
1598.561815
1598.561815
1598.561815
1598.561815
1598.561815
1598.561815
1598.561815
1598.561815
1598.561815
1598.561815
1598.561815
1598.561815
1598.561815
1598.561815
1598.561815
1598.561815
1598.561815
1597.782897
1597.782897
1597.782897
1597.782897
1597.782897
1597.782897
1597.782897
1597.782897
1597.782897
1597.782897
1597.782897
1597.782897
1597.782897
1597.782897
1597.782897
1597.782897
1597.782897
1597.782897
1597.782897
1597.782897
1597.782897
1597.782897
1597.782897
1597.782897
1597.782897
1597.782897
1597.782897
1597.782897
1597.782897
1597.782897
1597.782897
1597.782897
1597.782897
1597.782897
1597.782897
1597.782897
1597.782897
1597.782897
1597.782897
1597.782897
1597.782897
1597.782897
1597.782897
1597.782897
1597.782897
1597.782897
1597.782897
1597.782897
1597.782897
1597.782897
1597.782897
1597.782897
1597.782897
1597.466325
1597.466325
1597.466325
1597.466325
1597.466325
1597.466325
1597.466325
1597.466325
1597.466325
1597.466325
1597.466325
1597.466325
1597.466325
1597.466325
1597.466325
1597.466325
1597.466325
1597.466325
1597.466325
1597.466325
1597.466325
1597.466325
1597.466325
1597.466325
1597.466325
1597.466325
1597.466325
1597.466325
1597.466325
1597.466325
1597.466325
1597.466325
1597.466325
1597.466325
1597.466325
1597.466325
1597.466325
1597.466325
1597.466325
1597.466325
1597.466325
1597.466325
1597.466325
1597.466325
1597.466325
1597.466325
1597.466325
1597.466325
1597.466325
1597.466325
1597.466325
1597.466325
1597.466325
1597.466325
1596.816554
1596.816554
1596.816554
1596.816554
1596.816554
1596.816554
1596.816554
1596.816554
1596.816554
1596.816554
1596.816554
1596.816554
1596.816554
1596.816554
1596.816554
1596.816554
1596.816554
1596.816554
1596.816554
1596.816554
1596.816554
1596.816554
1596.816554
1596.816554
1596.816554
1596.816554
1596.816554
1596.816554
1596.816554
1596.816554
1596.816554
1596.816554
1596.816554
1596.816554
1596.816554
1596.816554
1596.816554
1596.816554
1596.816554
1596.816554
1596.816554
1596.816554
1596.816554
1596.816554
1596.816554
1596.816554
1596.816554
1596.816554
1596.816554
1596.816554
1596.816554
1596.816554
1596.816554
1596.816554
1596.816554
1596.816554
1596.816554
1596.816554
1596.816554
1596.816554
1596.816554
1596.816554
1596.816554
1596.816554
1596.816554
1596.816554
1596.816554
1596.816554
1596.816554
1596.816554
1596.764389
1596.511893
1596.511893
1596.511893
1596.511893
1596.511893
1596.511893
1596.511893
1596.511893
1596.511893
1596.511893
1596.511893
1596.511893
1596.511893
1596.511893
1596.511893
1596.511893
1596.511893
1596.511893
1596.511893
1596.511893
1596.511893
1596.511893
1596.511893
1596.511893
1596.511893
1596.511893
1596.511893
1596.511893
1596.511893
1596.511893
1595.457928
1595.457928
1595.457928
1595.457928
1595.457928
1595.457928
1595.457928
1595.457928
1595.457928
1595.457928
1595.457928
1595.457928
1595.457928
1595.457928
1595.457928
1595.457928
1595.457928
1595.457928
1595.457928
1595.457928
1595.457928
1595.457928
1595.457928
1595.457928
1595.457928
1595.457928
1595.457928
1595.457928
1595.457928
1595.457928
1595.457928
1595.457928
1595.457928
1595.457928
1595.457928
1595.457928
1595.457928
1595.457928
1595.457928
1595.457928
1595.457928
1595.457928
1595.457928
1595.457928
1595.457928
1595.457928
1595.457928
1595.457928
1595.457928
1595.457928
1595.457928
1595.457928
1595.457928
1595.457928
1595.457928
1595.457928
1595.457928
1595.457928
1595.457928
1595.457928
1595.457928
1595.457928
1595.457928
1595.457928
1595.457928
1595.457928
1595.457928
1595.457928
1595.457928
1595.457928
1595.457928
1595.457928
1595.457928
1595.457928
1595.457928
1595.457928
1595.457928
1595.457928
1595.457928
1595.457928
1595.457928
1595.457928
1595.457928
1595.457928
1595.457928
1595.457928
1595.457928
1595.457928
1595.457928
1595.042986
1595.042986
1595.042986
1595.042986
1595.042986
1595.042986
1595.042986
1595.042986
1595.042986
1595.042986
1595.042986
1595.042986
1595.042986
1595.042986
1595.042986
1595.042986
1595.042986
1595.042986
1595.042986
1595.042986
1595.042986
1595.042986
1595.042986
1595.042986
1595.042986
1595.042986
1595.042986
1595.042986
1595.042986
1595.042986
1595.042986
1595.042986
1595.042986
1595.042986
1595.042986
1595.042986
1595.042986
1595.042986
1595.042986
1595.042986
1595.042986
1595.042986
1595.042986
1595.042986
1595.042986
1595.042986
1595.042986
1595.042986
1595.042986
1595.042986
1595.042986
1595.042986
1595.042986
1595.042986
1595.042986
1595.042986
1595.042986
1595.042986
1594.471433
1594.471433
1594.471433
1594.471433
1594.471433
1594.471433
1594.471433
1594.471433
1594.471433
1594.471433
1594.471433
1594.471433
1594.471433
1594.471433
1594.471433
1594.471433
1594.471433
1594.471433
1594.471433
1594.471433
1594.471433
1594.471433
1594.471433
1594.471433
1594.471433
1594.471433
1594.471433
1594.471433
1594.471433
1594.471433
1594.471433
1594.471433
1594.471433
1594.471433
1594.471433
1594.471433
1594.471433
1594.471433
1594.471433
1594.471433
1594.471433
1594.471433
1594.471433
1594.471433
1594.471433
1594.471433
1594.471433
1594.471433
1594.471433
1594.471433
1594.471433
1594.471433
1594.471433
1594.471433
1594.471433
1594.041289
1594.041289
1594.041289
1594.041289
1594.041289
1594.041289
1594.041289
1594.041289
1594.041289
1594.041289
1594.041289
1594.041289
1594.041289
1594.041289
1594.041289
1594.041289
1594.041289
1594.041289
1594.041289
1594.041289
1594.041289
1594.041289
1594.041289
1594.041289
1594.041289
1594.041289
1594.041289
1594.041289
1594.041289
1594.041289
1594.041289
1594.041289
1594.041289
1594.041289
1594.041289
1594.041289
1594.041289
1594.041289
1594.041289
1594.041289
1594.041289
1594.041289
1594.041289
1594.041289
1594.041289
1594.041289
1594.041289
1594.041289
1594.041289
1594.041289
1594.041289
1594.041289
1594.041289
1594.041289
1594.041289
1594.041289
1594.041289
1594.041289
1594.041289
1594.041289
1594.041289
1594.041289
1594.041289
1594.041289
1594.041289
1594.041289
1594.041289
1594.041289
1594.041289
1594.041289
1594.041289
1594.041289
1594.041289
1594.041289
1594.041289
1594.041289
1594.041289
1593.502840
1593.502840
1593.502840
1593.502840
1593.502840
1593.502840
1593.502840
1593.502840
1593.502840
1593.502840
1593.502840
1593.502840
1593.502840
1593.502840
1593.502840
1593.502840
1593.502840
1593.502840
1593.502840
1593.502840
1593.502840
1593.502840
1593.502840
1593.502840
1593.502840
1593.502840
1593.502840
1593.502840
1593.502840
1593.502840
1593.502840
1593.502840
1593.502840
1593.502840
1593.502840
1593.502840
1593.502840
1593.502840
1593.502840
1593.502840
1593.502840
1593.502840
1593.502840
1593.502840
1593.502840
1593.502840
1593.502840
1593.502840
1593.502840
1593.502840
1593.502840
1593.502840
1593.502840
1593.502840
1593.502840
1593.502840
1593.502840
1593.502840
1593.502840
1593.502840
1593.502840
1593.502840
1593.502840
1593.502840
1593.502840
1593.502840
1593.502840
1593.502840
1593.502840
1593.502840
1593.497612
1593.497612
1593.497612
1593.497612
1593.497612
1593.497612
1593.497612
1593.497612
1593.497612
1593.497612
1593.497612
1593.497612
1593.497612
1593.497612
1593.497612
1593.497612
1593.497612
1593.497612
1593.497612
1593.497612
1593.497612
1593.497612
1593.497612
1593.497612
1593.497612
1593.497612
1593.497612
1593.497612
1593.497612
1593.497612
1593.497612
1593.497612
1593.497612
1593.497612
1593.497612
1593.497612
1593.497612
1593.497612
1593.497612
1593.497612
1593.497612
1593.497612
1593.497612
1593.497612
1593.497612
1593.497612
1593.497612
1593.497612
1593.497612
1593.497612
1593.243089
1593.243089
1593.243089
1593.243089
1593.243089
1593.243089
1593.243089
1593.243089
1593.243089
1593.243089
1593.243089
1593.243089
1593.243089
1593.243089
1593.243089
1593.243089
1593.243089
1593.243089
1593.243089
1593.243089
1593.243089
1593.243089
1593.243089
1593.243089
1593.243089
1593.243089
1593.243089
1593.243089
1593.243089
1593.243089
1593.243089
1593.243089
1593.243089
1593.243089
1593.243089
1593.243089
1593.243089
1593.243089
1593.243089
1592.372592
1592.372592
1592.372592
1592.372592
1592.372592
1592.372592
1592.372592
1592.372592
1592.372592
1592.372592
1592.372592
1592.372592
1592.372592
1592.372592
1592.372592
1592.372592
1592.372592
1592.372592
1592.372592
1592.372592
1592.372592
1592.372592
1592.372592
1592.372592
1592.372592
1592.372592
1592.372592
1592.372592
1592.372592
1592.372592
1592.372592
1592.372592
1592.372592
1592.372592
1592.372592
1592.372592
1592.372592
1592.372592
1592.372592
1592.372592
1592.372592
1592.372592
1592.372592
1592.310115
1592.310115
1592.310115
1592.310115
1592.310115
1592.310115
1592.310115
1592.310115
1592.310115
1592.310115
1592.310115
1592.310115
1592.310115
1592.310115
1592.310115
1592.310115
1592.310115
1592.310115
1592.310115
1592.310115
1592.310115
1592.310115
1592.310115
1592.310115
1592.310115
1592.310115
1592.310115
1592.310115
1592.243301
1592.243301
1592.243301
1592.243301
1592.243301
1592.243301
1592.243301
1592.243301
1592.243301
1592.243301
1592.243301
1592.243301
1592.243301
1592.243301
1592.078145
1592.078145
1592.078145
1592.078145
1592.078145
1592.078145
1592.078145
1592.078145
1592.078145
1592.078145
1592.078145
1592.078145
1592.078145
1592.078145
1592.078145
1592.078145
1592.078145
1592.078145
1592.078145
1592.078145
1592.078145
1592.078145
1592.001468
1592.001468
1592.001468
1592.001468
1592.001468
1592.001468
1592.001468
1592.001468
1592.001468
1592.001468
1592.001468
1592.001468
1592.001468
1592.001468
1592.001468
1592.001468
1592.001468
1592.001468
1592.001468
1592.001468
1592.001468
1592.001468
1592.001468
1592.001468
1592.001468
1592.001468
1592.001468
1592.001468
1592.001468
1592.001468
1592.001468
1592.001468
1591.831239
1591.831239
1591.831239
1591.831239
1591.831239
1591.831239
1591.831239
1591.831239
1591.831239
1591.831239
1591.831239
1591.831239
1591.831239
1591.831239
1591.831239
1591.831239
1591.831239
1591.831239
1591.831239
1591.703943
1591.703943
1591.703943
1591.703943
1591.703943
1591.703943
1591.703943
1591.703943
1591.703943
1591.703943
1591.703943
1591.703943
1591.703943
1591.703943
1591.703943
1591.703943
1591.703943
1591.703943
1591.703943
1591.703943
1591.703943
1591.703943
1591.703943
1591.703943
1591.703943
1591.703943
1591.703943
1591.703943
1591.703943
1591.703943
1591.703943
1591.703943
1591.703943
1591.703943
1591.703943
1591.703943
1591.703943
1591.703943
1591.703943
1591.703943
1591.703943
1591.703943
1591.703943
1591.703943
1591.703943
1591.703943
1591.703943
1591.703943
1591.703943
1591.703943
1591.703943
1591.703943
1591.703943
1591.703943
1591.328294
1591.328294
1591.328294
1591.328294
1591.328294
1591.328294
1591.328294
1591.328294
1591.328294
1591.328294
1591.328294
1591.328294
1591.328294
1591.328294
1591.328294
1591.328294
1591.328294
1591.328294
1591.328294
1591.328294
1591.328294
1591.328294
1591.328294
1591.328294
1591.328294
1591.328294
1591.328294
1591.328294
1591.328294
1591.328294
1591.328294
1591.328294
1591.270017
1591.270017
1591.270017
1591.270017
1591.270017
1591.270017
1591.270017
1591.146588
1591.146588
1591.146588
1591.146588
1591.146588
1591.146588
1591.146588
1590.641210
1590.641210
1590.641210
1590.641210
1590.641210
1590.641210
1590.641210
1590.641210
1590.641210
1590.641210
1590.641210
1590.641210
1590.641210
1590.641210
1590.641210
1590.641210
1590.641210
1590.641210
1590.641210
1590.641210
1590.641210
1590.641210
1590.641210
1590.641210
1590.641210
1590.641210
1590.641210
1590.641210
1590.641210
1590.641210
1590.641210
1590.641210
1590.641210
1590.641210
1590.641210
1590.641210
1590.641210
1590.641210
1590.641210
1590.641210
1590.641210
1590.641210
1590.641210
1590.641210
1590.641210
1590.641210
1590.641210
1590.641210
1590.641210
1590.641210
1590.641210
1590.641210
1590.641210
1590.641210
1590.641210
1590.641210
1590.641210
1590.641210
1590.641210
1590.641210
1590.641210
1590.641210
1590.641210
1590.641210
1590.641210
1590.641210
1590.641210
1590.641210
1590.641210
1590.641210
1590.641210
1590.641210
1590.641210
1590.641210
1590.641210
1590.641210
1590.641210
1590.641210
1590.641210
1590.641210
1590.641210
1590.641210
1590.641210
1590.641210
1590.641210
1590.475641
1590.475641
1590.475641
1590.475641
1590.475641
1590.442942
1590.442942
1590.442942
1590.442942
1590.442942
1590.442942
1590.442942
1590.442942
1590.442942
1590.442942
1590.442942
1590.442942
1590.442942
1590.389528
1590.389528
1590.389528
1590.389528
1590.389528
1590.389528
1590.389528
1590.389528
1590.389528
1590.389528
1590.389528
1590.389528
1590.389528
1590.389528
1590.389528
1590.389528
1590.389528
1589.947680
1589.947680
1589.947680
1589.947680
1589.947680
1589.947680
1589.947680
1589.947680
1589.947680
1589.947680
1589.947680
1589.947680
1589.947680
1589.947680
1589.947680
1589.947680
1589.947680
1589.947680
1589.947680
1589.947680
1589.783897
1589.783897
1589.783897
1589.783897
1589.783897
1589.783897
1589.783897
1589.783897
1589.783897
1589.783897
1589.783897
1589.783897
1589.783897
1589.783897
1589.783897
1589.783897
1589.783897
1589.783897
1589.783897
1589.783897
1589.783897
1589.783897
1589.783897
1589.783897
1589.783897
1589.783897
1589.783897
1589.783897
1589.783897
1589.783897
1589.740587
1589.740587
1589.740587
1589.740587
1589.740587
1589.740587
1589.740587
1589.740587
1589.740587
1589.740587
1589.740587
1589.740587
1589.740587
1589.740587
1589.740587
1589.740587
1589.740587
1589.740587
1589.740587
1589.740587
1589.740587
1589.740587
1589.740587
1589.740587
1589.740587
1589.740587
1589.740587
1589.740587
1589.740587
1589.740587
1589.740587
1589.740587
1589.740587
1589.740587
1589.740587
1589.740587
1589.740587
1589.740587
1589.740587
1589.740587
1589.740587
1589.740587
1589.740587
1589.740587
1589.740587
1589.740587
1589.740587
1589.740587
1589.740587
1589.740587
1589.740587
1589.740587
1589.740587
1589.740587
1589.740587
1589.740587
1589.740587
1589.740587
1589.740587
1589.740587
1589.740587
1589.740587
1589.740587
1589.740587
1589.740587
1589.740587
1589.740587
1589.740587
1589.740587
1589.740587
1589.710079
1589.710079
1589.710079
1589.710079
1589.710079
1589.710079
1589.488711
1589.488711
1589.488711
1589.488711
1589.488711
1589.488711
1589.488711
1589.488711
1589.488711
1589.488711
1589.488711
1589.488711
1589.488711
1589.488711
1589.488711
1589.488711
1589.488711
1589.488711
1589.488711
1589.488711
1589.488711
1589.488711
1589.488711
1589.488711
1589.488711
1589.488711
1589.488711
1589.488711
1589.488711
1589.488711
1589.488711
1589.488711
1589.488711
1589.488711
1589.488711
1589.488711
1589.488711
1589.488711
1589.488711
1589.488711
1589.488711
1589.488711
1589.488711
1589.488711
1589.488711
1589.488711
1589.488711
1589.488711
1589.488711
1589.488711
1589.457770
1589.457770
1589.457770
1589.457770
1589.457770
1589.457770
1589.457770
1589.457770
1589.457770
1589.457770
1589.457770
1589.457770
1589.457770
1589.457770
1589.457770
1589.457770
1589.457770
1589.457770
1589.457770
1589.457770
1589.457770
1589.457770
1589.457770
1589.457770
1589.457770
1589.457770
1589.457770
1589.457770
1589.457770
1589.457770
1589.457770
1589.457770
1589.457770
1589.457770
1589.457770
1589.457770
1589.457770
1589.457770
1589.457770
1589.457770
1589.457770
1589.457770
1589.457770
1589.457770
1589.457770
1589.457770
1589.457770
1589.457770
1589.457770
1589.457770
1589.457770
1589.457770
1589.457770
1589.457770
1589.457770
1589.457770
1589.457770
1589.457770
1589.457770
1589.457770
1589.457770
1589.457770
1589.457770
1589.457770
1589.457770
1589.457770
1589.457770
1589.457770
1589.457770
1589.042654
1589.042654
1589.042654
1589.042654
1589.042654
1589.042654
1589.042654
1589.042654
1589.042654
1589.042654
1589.042654
1589.042654
1589.042654
1589.042654
1589.042654
1589.042654
1589.042654
1589.042654
1589.042654
1589.042654
1589.042654
1589.042654
1589.042654
1589.042654
1589.042654
1589.042654
1589.042654
1589.042654
1589.042654
1589.042654
1589.042654
1589.042654
1589.042654
1589.042654
1589.042654
1589.042654
1589.042654
1589.042654
1589.042654
1589.042654
1589.042654
1589.042654
1589.042654
1589.042654
1589.042654
1589.042654
1589.042654
1589.042654
1589.042654
1589.042654
1589.042654
1589.042654
1589.042654
1589.042654
1589.042654
1589.042654
1589.042654
1589.042654
1589.042654
1589.042654
1589.042654
1589.042654
1589.042654
1589.042654
1589.042654
1589.042654
1589.042654
1589.042654
1589.042654
1589.042654
1589.042654
1589.042654
1588.791746
1588.771081
1588.771081
1588.771081
1588.771081
1588.771081
1588.771081
1588.771081
1588.771081
1588.771081
1588.771081
1588.771081
1588.771081
1588.771081
1588.616998
1588.616998
1588.616998
1588.616998
1588.616998
1588.616998
1588.616998
1588.616998
1588.616998
1588.616998
1588.616998
1588.616998
1588.616998
1588.616998
1588.616998
1588.616998
1588.616998
1588.616998
1588.616998
1588.616998
1588.616998
1588.616998
1588.616998
1588.616998
1588.616998
1588.616998
1588.616998
1588.616998
1588.616998
1588.616998
1588.616998
1588.616998
1588.616998
1588.616998
1588.616998
1588.616998
1588.616998
1588.616998
1588.616998
1588.616998
1588.606224
1588.606224
1588.606224
1588.606224
1588.606224
1588.606224
1588.606224
1588.606224
1588.606224
1588.606224
1588.606224
1588.606224
1588.224952
1588.224952
1588.224952
1588.224952
1588.224952
1588.224952
1588.224952
1588.224952
1588.224952
1588.224952
1588.224952
1588.224952
1588.224952
1588.224952
1588.224952
1588.224952
1588.224952
1588.224952
1588.224952
1588.224952
1588.224952
1588.092181
1588.092181
1588.092181
1588.092181
1588.092181
1588.092181
1588.092181
1588.092181
1588.092181
1588.092181
1588.092181
1588.092181
1588.092181
1588.092181
1588.092181
1588.092181
1588.092181
1588.092181
1588.092181
1588.092181
1588.092181
1588.092181
1588.092181
1588.092181
1588.092181
1588.092181
1588.092181
1588.092181
1588.092181
1588.092181
1588.092181
1588.092181
1588.092181
1588.092181
1588.092181
1588.092181
1588.092181
1588.092181
1588.092181
1588.092181
1588.092181
1588.092181
1588.092181
1588.092181
1588.092181
1588.092181
1588.092181
1588.092181
1588.092181
1588.092181
1588.092181
1588.092181
1588.092181
1588.092181
1588.092181
1588.092181
1588.092181
1588.092181
1588.092181
1588.092181
1588.092181
1588.092181
1587.680427
1587.680427
1587.680427
1587.680427
1587.680427
1587.680427
1587.680427
1587.680427
1587.680427
1587.680427
1587.680427
1587.680427
1587.680427
1587.680427
1587.680427
1587.680427
1587.411569
1587.411569
1587.411569
1587.411569
1587.411569
1587.411569
1587.411569
1587.411569
1587.411569
1587.411569
1587.411569
1587.411569
1587.411569
1587.411569
1587.411569
1587.411569
1587.411569
1587.411569
1587.411569
1587.411569
1587.411569
1587.411569
1587.411569
1587.411569
1587.411569
1587.411569
1587.411569
1587.411569
1587.411569
1587.411569
1587.411569
1587.411569
1587.411569
1587.411569
1587.411569
1587.411569
1587.411569
1587.411569
1587.411569
1587.411569
1587.411569
1587.411569
1587.411569
1587.411569
1587.411569
1587.411569
1587.411569
1587.411569
1587.411569
1587.411569
1587.411569
1587.411569
1587.411569
1587.411569
1587.411569
1587.411569
1587.411569
1587.411569
1587.411569
1587.411569
1587.411569
1587.411569
1587.411569
1587.411569
1587.411569
1587.411569
1587.411569
1587.179122
1587.179122
1587.179122
1587.179122
1587.179122
1587.179122
1587.179122
1587.179122
1587.179122
1587.179122
1587.179122
1587.179122
1587.179122
1587.179122
1587.179122
1587.179122
1587.179122
1587.179122
1587.179122
1587.179122
1587.179122
1587.179122
1587.179122
1587.040806
1587.040806
1587.040806
1587.040806
1587.040806
1587.040806
1587.040806
1587.040806
1587.040806
1587.040806
1587.040806
1587.040806
1587.040806
1587.040806
1587.040806
1587.040806
1587.040806
1587.040806
1587.040806
1586.790753
1586.790753
1586.090881
1586.090881
1586.090881
1586.090881
1586.090881
1586.090881
1586.090881
1586.090881
1586.090881
1586.090881
1586.090881
1586.090881
1586.090881
1586.090881
1586.090881
1586.090881
1586.090881
1586.090881
1586.090881
1586.090881
1586.090881
1586.090881
1586.090881
1586.090881
1586.090881
1586.090881
1586.090881
1586.090881
1586.090881
1586.090881
1586.090881
1586.090881
1586.090881
1585.238158
1585.238158
1585.238158
1585.238158
1585.238158
1585.238158
1585.238158
1585.238158
1585.238158
1585.238158
1585.238158
1585.238158
1585.238158
1585.238158
1585.238158
1585.238158
1585.238158
1585.238158
1585.238158
1585.238158
1585.238158
1585.238158
1585.238158
1585.238158
1585.238158
1585.238158
1585.238158
1585.238158
1585.238158
1585.238158
1585.238158
1585.238158
1585.238158
1585.238158
1585.238158
1585.238158
1585.238158
1585.238158
1585.238158
1585.238158
1585.238158
1585.238158
1585.238158
1585.238158
1585.238158
1585.238158
1585.238158
1585.238158
1585.238158
1585.238158
1585.238158
1585.238158
1585.238158
1585.238158
1585.238158
1585.238158
1585.238158
1585.238158
1585.238158
1585.238158
1585.238158
1585.238158
1585.238158
1585.238158
1585.238158
1585.238158
1585.238158
1585.238158
1585.238158
1585.238158
1585.238158
1585.238158
1585.238158
1585.238158
1585.238158
1585.238158
1585.238158
1585.238158
1585.238158
1585.238158
1585.238158
1585.238158
1585.238158
1585.238158
1585.238158
1585.238158
1585.238158
1585.238158
1585.238158
1585.238158
1585.238158
1585.238158
1585.238158
1585.238158
1585.238158
1585.238158
1585.238158
1585.238158
1585.238158
1585.238158
1585.238158
1585.238158
1585.238158
1585.238158
1585.238158
1585.238158
1585.113272
1585.113272
1585.113272
1585.113272
1585.113272
1585.113272
1585.113272
1585.113272
1585.113272
1585.113272
1585.113272
1585.113272
1585.113272
1585.113272
1585.113272
1585.113272
1585.113272
1585.113272
1585.113272
1585.113272
1585.113272
1585.113272
1585.113272
1585.113272
1585.113272
1585.113272
1585.113272
1585.113272
1585.113272
1585.113272
1585.113272
1585.113272
1585.113272
1585.113272
1585.113272
1585.113272
1585.113272
1585.113272
1585.113272
1585.113272
1585.113272
1585.113272
1585.113272
1585.113272
1585.113272
1585.113272
1585.113272
1585.113272
1585.113272
1585.113272
1585.113272
1585.113272
1585.113272
1585.113272
1585.113272
1585.113272
1585.113272
1585.113272
1585.113272
1585.113272
1585.113272
1585.113272
1585.113272
1585.113272
1585.113272
1585.113272
1585.113272
1585.113272
1585.113272
1585.113272
1585.113272
1585.113272
1585.113272
1585.045668
1585.045668
1585.045668
1585.045668
1585.045668
1585.045668
1585.045668
1585.045668
1585.045668
1585.045668
1585.045668
1585.045668
1585.045668
1585.045668
1585.045668
1585.045668
1585.045668
1585.045668
1585.045668
1585.045668
1585.045668
1585.045668
1585.045668
1585.045668
1585.045668
1585.045668
1585.045668
1585.045668
1585.045668
1585.045668
1585.045668
1585.045668
1585.045668
1585.045668
1585.045668
1585.045668
1585.045668
1585.023236
1585.023236
1585.023236
1585.023236
1585.023236
1585.023236
1585.023236
1584.800425
1584.800425
1584.800425
1584.800425
1584.800425
1584.800425
1584.800425
1584.800425
1584.800425
1584.800425
1584.800425
1584.800425
1584.800425
1584.800425
1584.800425
1584.800425
1584.800425
1584.800425
1584.800425
1584.800425
1584.800425
1584.800425
1584.800425
1584.800425
1584.800425
1584.800425
1584.800425
1584.800425
1584.800425
1584.800425
1584.800425
1584.800425
1584.800425
1584.800425
1584.800425
1584.800425
1584.800425
1584.800425
1584.800425
1584.800425
1584.800425
1584.800425
1584.800425
1584.800425
1584.800425
1584.800425
1584.800425
1584.800425
1584.800425
1584.800425
1583.803228
1583.803228
1583.803228
1583.803228
1583.803228
1583.803228
1583.803228
1583.803228
1583.803228
1583.803228
1583.803228
1583.803228
1583.803228
1583.803228
1583.803228
1583.803228
1583.803228
1583.803228
1583.803228
1583.803228
1583.803228
1583.803228
1583.803228
1583.803228
1583.803228
1583.803228
1583.803228
1583.803228
1583.803228
1583.803228
1583.803228
1583.803228
1583.803228
1583.803228
1583.803228
1583.803228
1583.542699
1583.542699
1583.542699
1583.542699
1583.542699
1583.542699
1583.542699
1583.493190
1583.493190
1583.493190
1583.493190
1583.493190
1583.493190
1583.493190
1583.493190
1583.493190
1583.493190
1583.493190
1583.493190
1583.493190
1583.493190
1583.493190
1583.493190
1583.493190
1583.493190
1583.493190
1583.493190
1583.493190
1583.493190
1583.493190
1583.493190
1583.493190
1583.493190
1583.493190
1583.493190
1583.493190
1583.493190
1583.493190
1583.493190
1583.493190
1583.493190
1583.493190
1583.222428
1583.222428
1583.222428
1583.222428
1583.222428
1583.222428
1583.222428
1583.222428
1583.222428
1583.222428
1583.222428
1583.222428
1583.222428
1583.222428
1583.222428
1583.222428
1583.222428
1583.222428
1583.222428
1583.222428
1583.222428
1583.222428
1583.222428
1583.222428
1583.222428
1583.222428
1583.222428
1583.222428
1583.222428
1583.222428
1583.222428
1583.222428
1583.222428
1583.222428
1583.222428
1583.222428
1583.222428
1583.222428
1583.222428
1583.222428
1583.035461
1583.035461
1583.035461
1583.035461
1583.035461
1583.035461
1583.035461
1583.035461
1582.148410
1582.148410
1582.148410
1582.148410
1582.148410
1582.148410
1582.148410
1582.148410
1582.148410
1582.148410
1582.148410
1582.148410
1582.148410
1582.148410
1582.148410
1582.148410
1582.148410
1582.148410
1582.148410
1582.148410
1582.148410
1582.148410
1582.148410
1582.148410
1582.148410
1582.148410
1582.148410
1582.148410
1582.148410
1582.148410
1582.148410
1582.148410
1582.148410
1582.148410
1582.148410
1582.148410
1582.148410
1582.148410
1582.148410
1582.148410
1582.148410
1582.148410
1582.148410
1582.148410
1582.148410
1582.148410
1582.148410
1582.148410
1582.148410
1582.148410
1582.148410
1582.148410
1582.148410
1582.148410
1582.148410
1582.148410
1582.148410
1582.102870
1582.102870
1582.102870
1582.102870
1582.102870
1582.102870
1582.102870
1582.102870
1582.102870
1582.102870
1582.102870
1582.102870
1582.102870
1582.102870
1582.102870
1582.102870
1582.102870
1582.102870
1582.102870
1582.102870
1582.102870
1582.102870
1582.102870
1582.102870
1582.102870
1582.102870
1582.102870
1582.102870
1582.050221
1582.050221
1582.050221
1582.050221
1582.050221
1582.050221
1582.050221
1582.050221
1582.050221
1581.423241
1581.423241
1581.423241
1581.423241
1581.423241
1581.423241
1581.423241
1581.423241
1581.423241
1581.423241
1581.423241
1581.423241
1581.423241
1581.423241
1581.423241
1581.423241
1581.423241
1581.423241
1581.423241
1581.423241
1581.423241
1581.423241
1581.423241
1581.423241
1581.423241
1581.423241
1581.423241
1581.423241
1580.954910
1580.954910
1580.954910
1580.954910
1580.954910
1580.954910
1580.954910
1580.954910
1580.954910
1580.954910
1580.954910
1580.954910
1580.954910
1580.954910
1580.954910
1580.954910
1580.954910
1580.954910
1580.954910
1580.954910
1580.954910
1580.954910
1580.954910
1580.954910
1580.954910
1580.954910
1580.954910
1580.954910
1580.954910
1580.954910
1580.954910
1580.954910
1580.474371
1580.474371
1580.474371
1580.474371
1580.474371
1580.474371
1580.474371
1580.474371
1580.474371
1580.474371
1580.474371
1580.474371
1580.474371
1580.474371
1580.474371
1580.474371
1580.474371
1580.474371
1580.456687
1580.456687
1580.456687
1580.456687
1580.456687
1580.456687
1580.456687
1580.456687
1580.456687
1580.456687
1580.456687
1580.456687
1580.456687
1580.456687
1580.456687
1580.456687
1580.456687
1580.456687
1580.456687
1580.456687
1580.456687
1580.456687
1580.456687
1580.456687
1580.456687
1580.456687
1580.456687
1580.456687
1580.456687
1580.456687
1580.456687
1580.456687
1580.456687
1580.456687
1580.456687
1580.456687
1580.456687
1580.456687
1580.456687
1580.456687
1580.456687
1580.456687
1580.456687
1580.341508
1580.341508
1580.341508
1580.341508
1580.341508
1580.341508
1580.341508
1580.341508
1580.341508
1580.341508
1580.341508
1580.341508
1580.341508
1580.341508
1580.341508
1580.341508
1580.341508
1580.341508
1580.341508
1580.341508
1580.341508
1580.341508
1580.341508
1580.341508
1580.341508
1580.341508
1580.341508
1580.341508
1580.341508
1580.341508
1580.341508
1580.341508
1580.341508
1579.919361
1579.919361
1579.919361
1579.919361
1579.919361
1579.919361
1579.919361
1579.919361
1579.919361
1579.919361
1579.919361
1579.919361
1579.919361
1579.919361
1579.919361
1579.919361
1579.919361
1579.919361
1579.919361
1579.919361
1579.919361
1579.919361
1579.919361
1579.919361
1579.919361
1579.919361
1579.919361
1579.919361
1579.919361
1579.919361
1579.919361
1579.919361
1579.919361
1579.290836
1579.290836
1579.290836
1579.290836
1579.290836
1579.290836
1579.290836
1579.290836
1579.290836
1579.290836
1579.290836
1579.290836
1579.290836
1579.290836
1579.290836
1579.290836
1579.290836
1579.261124
1579.261124
1579.261124
1578.653315
1578.653315
1578.653315
1578.653315
1578.653315
1578.653315
1578.653315
1578.653315
1578.653315
1578.653315
1578.653315
1578.653315
1578.653315
1578.653315
1578.653315
1578.653315
1578.653315
1578.653315
1578.653315
1578.653315
1578.653315
1578.653315
1578.653315
1578.653315
1578.653315
1578.653315
1578.653315
1578.653315
1578.653315
1578.653315
1578.653315
1578.653315
1578.653315
1578.653315
1578.653315
1578.653315
1578.653315
1578.653315
1578.653315
1578.653315
1578.653315
1578.653315
1578.653315
1578.653315
1578.653315
1578.653315
1578.653315
1578.653315
1578.653315
1578.653315
1578.653315
1578.653315
1578.653315
1578.070475
1578.070475
1578.070475
1578.070475
1578.070475
1578.070475
1578.070475
1578.070475
1578.070475
1578.070475
1578.070475
1578.070475
1578.070475
1578.070475
1578.070475
1578.070475
1578.070475
1578.070475
1578.070475
1578.070475
1578.070475
1578.070475
1578.070475
1578.070475
1578.070475
1578.070475
1578.070475
1578.070475
1578.070475
1578.070475
1578.070475
1578.070475
1578.070475
1578.070475
1578.070475
1578.070475
1578.070475
1578.070475
1578.070475
1578.070475
1578.070475
1578.070475
1578.070475
1578.070475
1578.070475
1578.070475
1578.070475
1578.070475
1578.070475
1578.070475
1578.070475
1578.070475
1578.070475
1578.070475
1578.013227
1578.013227
1578.013227
1578.013227
1578.013227
1578.013227
1578.013227
1578.013227
1578.013227
1578.013227
1578.013227
1578.013227
1577.578541
1577.578541
1577.578541
1577.578541
1576.045517
1576.045517
1576.045517
1576.045517
1576.045517
1576.045517
1576.045517
1576.045517
1576.045517
1576.045517
1576.045517
1576.045517
1576.045517
1576.045517
1576.045517
1576.045517
1576.045517
1576.045517
1576.045517
1576.045517
1576.045517
1576.045517
1576.045517
1576.045517
1576.045517
1576.045517
1576.045517
1576.045517
1576.045517
1576.045517
1576.045517
1576.045517
1576.045517
1576.045517
1576.045517
1576.045517
1576.045517
1576.045517
1576.045517
1576.045517
1576.045517
1576.045517
1576.045517
1576.045517
1576.045517
1576.045517
1576.045517
1576.045517
1576.045517
1576.045517
1576.045517
1576.045517
1576.045517
1576.045517
1576.045517
1576.045517
1576.045517
1576.045517
1576.045517
1576.045517
1576.045517
1576.045517
1576.045517
1576.045517
1576.045517
1576.045517
1576.045517
1576.045517
1576.045517
1576.045517
1576.045517
1576.045517
1576.045517
1575.712318
1575.712318
1575.712318
1575.712318
1575.712318
1575.712318
1575.712318
1575.712318
1575.712318
1575.712318
1575.712318
1575.712318
1575.712318
1575.712318
1575.712318
1575.712318
1575.712318
1575.712318
1575.712318
1575.712318
1575.712318
1575.712318
1575.712318
1575.551884
1575.551884
1575.551884
1575.551884
1575.551884
1575.551884
1575.551884
1575.551884
1575.551884
1575.551884
1575.551884
1575.551884
1575.551884
1575.551884
1575.551884
1575.551884
1575.551884
1575.551884
1575.551884
1575.551884
1575.551884
1575.551884
1575.551884
1575.551884
1575.551884
1575.551884
1575.551884
1575.551884
1575.551884
1575.551884
1575.551884
1575.551884
1575.551884
1575.551884
1575.551884
1575.551884
1575.551884
1575.551884
1575.551884
1575.551884
1575.450998
1575.450998
1575.450998
1575.450998
1575.450998
1575.450998
1575.450998
1575.450998
1575.450998
1575.450998
1575.450998
1575.450998
1575.450998
1575.450998
1575.450998
1575.450998
1575.450998
1575.450998
1575.450998
1575.450998
1575.450998
1575.031702
1575.031702
1575.031702
1575.031702
1575.031702
1575.031702
1575.031702
1575.031702
1575.031702
1575.031702
1575.031702
1575.031702
1575.031702
1575.031702
1575.031702
1575.031702
1575.031702
1575.031702
1575.031702
1575.031702
1575.031702
1575.031702
1575.031702
1575.031702
1575.031702
1575.031702
1575.031702
1575.031702
1575.031702
1575.031702
1575.031702
1575.031702
1575.031702
1575.031702
1575.031702
1575.031702
1575.031702
1575.031702
1575.031702
1575.031702
1575.031702
1575.031702
1575.031702
1575.031702
1575.031702
1575.031702
1575.031702
1575.031702
1574.704559
1574.704559
1574.704559
1574.704559
1574.704559
1574.704559
1574.704559
1574.704559
1574.704559
1574.704559
1574.704559
1574.704559
1574.704559
1574.704559
1574.704559
1574.704559
1574.704559
1574.704559
1574.704559
1574.704559
1574.704559
1574.704559
1574.704559
1574.704559
1574.704559
1574.704559
1574.704559
1574.704559
1574.704559
1574.704559
1574.704559
1574.704559
1574.704559
1574.704559
1574.704559
1574.704559
1574.704559
1574.704559
1574.704559
1574.704559
1574.704559
1574.704559
1574.704559
1574.704559
1574.704559
1574.704559
1574.704559
1574.704559
1574.704559
1574.704559
1574.704559
1574.704559
1574.704559
1574.704559
1574.704559
1574.704559
1574.704559
1574.704559
1574.704559
1574.704559
1574.704559
1574.704559
1574.704559
1574.704559
1574.704559
1574.704559
1574.588372
1574.588372
1574.588372
1574.588372
1574.588372
1574.588372
1574.588372
1574.088493
1574.088493
1574.088493
1574.088493
1574.088493
1574.088493
1574.088493
1574.088493
1574.088493
1574.088493
1574.088493
1574.088493
1574.088493
1574.088493
1574.088493
1574.088493
1574.088493
1574.088493
1574.088493
1574.088493
1574.088493
1574.088493
1574.088493
1574.088493
1574.088493
1574.088493
1574.088493
1574.088493
1574.088493
1574.088493
1574.088493
1574.088493
1574.088493
1574.088493
1574.088493
1574.088493
1574.088493
1574.088493
1574.088493
1574.088493
1574.088493
1574.088493
1574.088493
1574.088493
1574.088493
1574.088493
1573.931214
1573.931214
1573.931214
1573.931214
1573.788478
1573.788478
1573.788478
1573.788478
1573.788478
1573.788478
1573.788478
1573.788478
1573.788478
1573.788478
1573.788478
1573.788478
1573.788478
1573.788478
1573.788478
1573.788478
1573.788478
1573.788478
1573.788478
1573.788478
1573.788478
1573.788478
1573.788478
1573.788478
1573.788478
1573.788478
1573.788478
1573.788478
1573.578058
1573.578058
1573.578058
1573.578058
1573.578058
1573.578058
1573.578058
1573.578058
1573.578058
1573.578058
1573.578058
1573.578058
1573.578058
1573.578058
1573.578058
1573.578058
1573.578058
1573.578058
1573.578058
1573.578058
1573.578058
1573.578058
1573.578058
1573.204878
1573.204878
1572.551120
1572.551120
1572.551120
1572.551120
1572.551120
1572.551120
1572.551120
1572.551120
1572.551120
1572.551120
1572.551120
1572.551120
1572.551120
1572.551120
1572.551120
1572.551120
1572.551120
1572.551120
1572.551120
1572.551120
1572.551120
1572.551120
1572.551120
1572.551120
1572.551120
1572.551120
1572.551120
1572.551120
1572.551120
1572.551120
1572.551120
1572.551120
1572.551120
1572.551120
1572.551120
1572.551120
1572.551120
1572.551120
1572.551120
1572.551120
1572.551120
1572.551120
1572.551120
1572.551120
1572.551120
1572.551120
1572.551120
1572.551120
1572.551120
1572.551120
1572.551120
1572.551120
1572.551120
1572.551120
1572.551120
1572.551120
1572.551120
1572.551120
1572.551120
1572.551120
1572.551120
1572.551120
1572.551120
1572.551120
1572.551120
1572.551120
1572.551120
1572.551120
1572.551120
1572.551120
1572.551120
1572.551120
1572.551120
1572.551120
1572.551120
1572.551120
1572.551120
1572.551120
1572.551120
1572.551120
1572.551120
1572.551120
1572.551120
1572.551120
1572.551120
1572.551120
1572.551120
1572.551120
1572.551120
1572.551120
1572.551120
1572.551120
1572.551120
1572.551120
1572.551120
1572.551120
1572.551120
1572.551120
1572.551120
1572.551120
1572.551120
1572.551120
1572.551120
1572.551120
1572.551120
1572.551120
1572.551120
1572.551120
1572.551120
1572.551120
1572.551120
1572.551120
1572.551120
1572.551120
1572.551120
1572.551120
1572.551120
1572.551120
1572.551120
1572.551120
1572.551120
1572.551120
1572.551120
1572.551120
1572.551120
1572.551120
1572.551120
1572.551120
1572.551120
1572.551120
1572.551120
1572.551120
1572.551120
1572.551120
1572.551120
1572.551120
1572.551120
1572.551120
1572.551120
1572.551120
1572.551120
1572.551120
1572.551120
1572.551120
1572.551120
1572.551120
1572.551120
1572.551120
1572.551120
1572.492013
1572.492013
1572.492013
1572.492013
1572.492013
1572.492013
1572.492013
1572.492013
1572.492013
1572.492013
1572.492013
1572.492013
1572.492013
1572.492013
1572.492013
1572.492013
1572.492013
1572.492013
1572.492013
1572.492013
1572.492013
1572.492013
1572.492013
1572.492013
1572.492013
1572.492013
1572.492013
1572.492013
1572.492013
1572.492013
1572.492013
1572.492013
1572.492013
1572.492013
1572.492013
1572.492013
1572.492013
1571.798347
1571.798347
1571.798347
1571.798347
1571.798347
1571.798347
1571.798347
1571.798347
1571.798347
1571.798347
1571.798347
1571.798347
1571.798347
1571.798347
1571.798347
1571.798347
1571.798347
1571.798347
1571.798347
1571.798347
1571.798347
1571.798347
1571.798347
1571.798347
1571.798347
1571.798347
1571.798347
1571.798347
1571.798347
1571.798347
1571.798347
1571.798347
1571.798347
1571.798347
1571.798347
1571.798347
1571.798347
1571.798347
1571.798347
1571.798347
1571.798347
1571.798347
1571.798347
1571.798347
1571.798347
1571.798347
1571.798347
1571.798347
1571.798347
1571.798347
1571.798347
1571.798347
1571.798347
1571.798347
1571.798347
1571.798347
1571.798347
1571.798347
1571.798347
1571.798347
1571.798347
1571.798347
1571.798347
1571.798347
1571.798347
1571.798347
1571.798347
1571.798347
1571.798347
1571.798347
1571.798347
1571.798347
1571.798347
1571.798347
1571.798347
1571.541589
1571.541589
1571.541589
1571.541589
1571.541589
1571.541589
1571.541589
1571.541589
1571.541589
1571.541589
1571.541589
1571.541589
1571.541589
1571.541589
1571.541589
1571.541589
1571.541589
1571.541589
1571.541589
1571.541589
1571.541589
1571.541589
1571.541589
1571.541589
1571.541589
1571.541589
1571.541589
1571.541589
1571.541589
1571.541589
1571.541589
1571.541589
1571.541589
1571.541589
1571.541589
1571.541589
1571.541589
1571.541589
1571.541589
1571.541589
1571.541589
1571.541589
1571.541589
1571.541589
1571.541589
1571.541589
1571.541589
1571.541589
1571.541589
1571.541589
1571.541589
1571.541589
1571.541589
1571.541589
1571.541589
1571.541589
1571.541589
1571.541589
1571.541589
1571.541589
1571.541589
1571.541589
1571.541589
1571.541589
1571.541589
1571.541589
1571.541589
1571.541589
1571.541589
1571.541589
1571.541589
1571.541589
1571.541589
1571.541589
1571.541589
1571.541589
1571.541589
1571.541589
1571.541589
1571.541589
1571.541589
1571.541589
1571.541589
1571.541589
1571.541589
1571.360173
1571.360173
1571.360173
1571.360173
1571.360173
1571.360173
1571.360173
1571.360173
1571.360173
1571.360173
1571.360173
1571.360173
1571.360173
1571.360173
1571.360173
1571.360173
1571.360173
1571.360173
1571.360173
1571.360173
1571.360173
1571.360173
1571.360173
1571.360173
1571.360173
1571.360173
1571.360173
1570.588375
1570.588375
1570.588375
1570.588375
1570.588375
1570.588375
1570.588375
1570.588375
1570.588375
1570.588375
1570.588375
1570.588375
1570.588375
1570.588375
1570.588375
1570.588375
1570.588375
1570.588375
1570.588375
1570.588375
1570.588375
1570.588375
1570.588375
1570.588375
1570.588375
1570.588375
1570.588375
1570.588375
1570.588375
1570.588375
1570.588375
1570.588375
1570.588375
1570.588375
1570.588375
1570.588375
1570.588375
1570.588375
1570.588375
1570.588375
1570.588375
1570.588375
1570.588375
1570.588375
1570.588375
1570.588375
1570.588375
1570.588375
1570.588375
1570.588375
1570.588375
1570.588375
1570.588375
1570.588375
1570.588375
1570.588375
1570.588375
1570.588375
1570.588375
1570.588375
1570.588375
1570.588375
1570.588375
1570.588375
1570.588375
1570.588375
1570.588375
1570.588375
1570.588375
1570.588375
1570.588375
1570.588375
1570.588375
1570.588375
1570.588375
1570.588375
1570.588375
1570.588375
1570.588375
1570.588375
1570.588375
1570.588375
1570.588375
1570.588375
1570.588375
1570.588375
1570.588375
1570.588375
1570.588375
1570.588375
1570.588375
1570.588375
1570.588375
1570.588375
1570.588375
1570.588375
1570.588375
1570.588375
1570.588375
1570.588375
1570.588375
1570.588375
1570.588375
1570.588375
1570.588375
1570.588375
1570.588375
1570.588375
1570.588375
1570.588375
1570.588375
1570.246953
1570.246953
1570.246953
1570.246953
1570.246953
1570.246953
1569.941499
1569.941499
1569.941499
1569.941499
1569.941499
1569.941499
1569.941499
1569.941499
1569.941499
1569.941499
1569.941499
1569.941499
1569.941499
1569.708441
1569.708441
1569.708441
1569.708441
1569.708441
1569.708441
1569.708441
1569.708441
1569.708441
1569.708441
1569.708441
1569.708441
1569.708441
1569.708441
1569.708441
1569.708441
1569.708441
1569.708441
1569.708441
1569.708441
1569.708441
1569.708441
1569.708441
1569.708441
1569.708441
1569.708441
1569.708441
1569.708441
1569.708441
1569.708441
1569.708441
1569.708441
1569.708441
1569.708441
1569.708441
1569.708441
1569.708441
1569.708441
1569.708441
1569.708441
1569.708441
1569.708441
1569.708441
1569.708441
1569.708441
1569.708441
1569.708441
1569.708441
1569.708441
1569.708441
1569.708441
1569.708441
1569.708441
1569.708441
1569.708441
1569.708441
1569.708441
1569.708441
1569.708441
1569.708441
1569.708441
1569.708441
1569.708441
1569.708441
1569.708441
1569.708441
1569.708441
1569.708441
1569.708441
1569.708441
1569.708441
1569.708441
1569.708441
1569.708441
1569.708441
1569.708441
1569.708441
1569.708441
1569.708441
1569.708441
1569.708441
1569.708441
1569.708441
1569.708441
1569.708441
1569.708441
1569.708441
1569.708441
1569.708441
1569.708441
1569.708441
1569.708441
1569.708441
1569.708441
1569.708441
1569.708441
1569.708441
1569.708441
1569.708441
1569.708441
1569.708441
1569.708441
1569.708441
1569.708441
1569.708441
1569.708441
1569.708441
1569.708441
1569.708441
1569.708441
1569.708441
1569.708441
1569.708441
1569.708441
1569.708441
1569.708441
1569.708441
1569.708441
1569.708441
1569.708441
1569.339467
1569.339467
1569.339467
1569.339467
1569.339467
1569.339467
1569.339467
1569.339467
1569.339467
1569.339467
1569.339467
1569.339467
1569.339467
1569.339467
1569.339467
1569.339467
1568.575497
1568.575497
1568.575497
1568.575497
1568.575497
1568.575497
1568.575497
1568.575497
1568.575497
1568.575497
1568.575497
1568.575497
1568.575497
1568.575497
1568.575497
1568.575497
1568.575497
1568.575497
1568.575497
1568.575497
1568.575497
1568.575497
1568.575497
1568.575497
1568.575497
1568.575497
1568.575497
1568.575497
1568.575497
1568.575497
1568.575497
1568.575497
1568.575497
1568.575497
1568.575497
1568.575497
1568.575497
1568.575497
1568.575497
1568.575497
1568.575497
1568.575497
1568.575497
1568.575497
1568.575497
1568.575497
1568.575497
1568.575497
1568.575497
1568.575497
1568.575497
1567.485342
1567.485342
1567.485342
1567.485342
1567.485342
1567.485342
1567.485342
1567.485342
1567.485342
1567.485342
1567.485342
1567.485342
1567.485342
1567.485342
1567.485342
1567.485342
1567.485342
1567.485342
1567.485342
1567.485342
1567.485342
1567.485342
1567.485342
1567.485342
1567.485342
1567.485342
1567.485342
1567.485342
1567.485342
1567.485342
1567.485342
1567.485342
1567.485342
1567.485342
1567.485342
1567.485342
1567.485342
1567.485342
1567.485342
1567.485342
1567.485342
1567.485342
1567.485342
1567.485342
1567.485342
1567.485342
1567.485342
1567.485342
1567.485342
1567.485342
1567.485342
1567.485342
1567.485342
1567.485342
1567.485342
1567.485342
1567.485342
1567.485342
1567.485342
1567.485342
1567.485342
1567.485342
1567.485342
1567.485342
1567.485342
1567.485342
1567.485342
1567.485342
1567.485342
1567.485342
1567.485342
1567.485342
1567.485342
1567.485342
1567.485342
1567.485342
1567.485342
1567.485342
1567.485342
1567.485342
1567.485342
1567.485342
1567.485342
1567.485342
1567.485342
1567.485342
1567.485342
1567.485342
1567.485342
1567.485342
1567.485342
1567.485342
1567.485342
1567.485342
1567.485342
1567.485342
1567.485342
1567.485342
1567.485342
1567.485342
1567.485342
1567.485342
1567.485342
1567.485342
1567.485342
1567.485342
1567.485342
1567.485342
1567.485342
1567.485342
1567.485342
1567.485342
1567.485342
1567.485342
1567.485342
1567.485342
1567.485342
1567.485342
1567.485342
1567.485342
1567.485342
1567.485342
1567.485342
1567.485342
1567.485342
1567.485342
1567.485342
1567.485342
1567.485342
1567.485342
1567.485342
1567.485342
1567.485342
1567.485342
1567.485342
1567.485342
1567.485342
1567.485342
1567.485342
1567.485342
1567.485342
1567.485342
1567.485342
1567.485342
1567.485342
1567.485342
1567.485342
1567.485342
1567.485342
1567.485342
1567.485342
1567.485342
1567.485342
1567.485342
1567.485342
1567.485342
1567.485342
1567.485342
1567.485342
1567.485342
1567.485342
1567.485342
1567.485342
1567.485342
1567.485342
1567.485342
1567.485342
1567.485342
1567.485342
1567.485342
1567.485342
1567.485342
1567.485342
1567.485342
1567.485342
1567.485342
1567.485342
1567.485342
1567.485342
1567.485342
1567.485342
1567.485342
1567.485342
1567.485342
1567.485342
1567.485342
1567.485342
1567.485342
1567.485342
1567.485342
1567.485342
1567.485342
1567.485342
1567.485342
1567.485342
1567.485342
1567.485342
1567.485342
1567.485342
1567.485342
1567.235631
1567.083247
1567.083247
1567.083247
1567.083247
1567.083247
1567.083247
1567.083247
1567.083247
1567.083247
1567.083247
1567.083247
1567.083247
1567.083247
1567.083247
1567.083247
1567.083247
1567.083247
1567.083247
1567.083247
1567.083247
1567.083247
1567.083247
1567.083247
1567.083247
1567.083247
1567.083247
1567.083247
1567.083247
1566.899282
1566.899282
1566.899282
1566.899282
1566.899282
1566.899282
1566.899282
1566.899282
1566.899282
1566.899282
1566.899282
1566.899282
1566.899282
1566.899282
1566.899282
1566.899282
1566.899282
1566.899282
1566.899282
1566.899282
1566.899282
1566.899282
1566.899282
1566.899282
1566.899282
1566.899282
1566.899282
1566.899282
1566.899282
1566.899282
1566.899282
1566.899282
1566.899282
1566.899282
1566.899282
1566.899282
1566.899282
1566.899282
1566.899282
1566.899282
1566.899282
1566.899282
1566.899282
1566.899282
1566.899282
1566.899282
1566.899282
1566.899282
1566.899282
1566.899282
1566.899282
1566.899282
1566.899282
1566.899282
1566.899282
1566.899282
1566.899282
1566.899282
1566.899282
1566.899282
1566.899282
1566.899282
1566.899282
1566.899282
1566.899282
1566.899282
1566.899282
1566.899282
1566.899282
1566.899282
1566.899282
1566.747931
1566.747931
1566.747931
1566.747931
1566.747931
1566.747931
1566.747931
1566.747931
1566.747931
1566.747931
1566.747931
1566.747931
1566.747931
1566.747931
1566.747931
1566.747931
1566.747931
1566.747931
1566.747931
1566.747931
1566.747931
1566.747931
1566.747931
1566.747931
1566.747931
1566.747931
1566.747931
1566.747931
1566.747931
1566.747931
1566.747931
1566.747931
1566.747931
1566.747931
1566.747931
1566.747931
1566.747931
1566.747931
1566.747931
1566.747931
1566.747931
1566.747931
1566.747931
1566.747931
1566.747931
1566.747931
1566.747931
1566.747931
1566.747931
1566.747931
1566.747931
1566.747931
1566.747931
1566.747931
1566.747931
1566.747931
1566.747931
1566.747931
1566.747931
1566.747931
1566.747931
1566.747931
1566.747931
1566.747931
1566.747931
1566.686038
1566.686038
1566.686038
1566.686038
1566.686038
1566.686038
1566.686038
1566.686038
1566.686038
1566.686038
1566.686038
1566.686038
1566.686038
1566.499944
1566.499944
1566.499944
1566.499944
1566.499944
1566.499944
1566.499944
1566.499944
1566.499944
1566.499944
1566.499944
1566.499944
1566.499944
1566.499944
1566.499944
1566.499944
1566.499944
1566.499944
1566.499944
1566.499944
1566.499944
1566.499944
1566.499944
1566.499944
1566.499944
1566.499944
1566.499944
1566.499944
1566.499944
1566.499944
1566.499944
1566.499944
1566.499944
1565.531483
1565.531483
1565.531483
1565.531483
1565.531483
1565.531483
1565.531483
1565.531483
1565.531483
1565.531483
1565.531483
1565.531483
1565.531483
1565.531483
1565.531483
1565.531483
1565.531483
1565.531483
1565.531483
1565.531483
1565.531483
1565.531483
1565.531483
1565.531483
1565.531483
1565.531483
1565.531483
1565.531483
1565.531483
1565.531483
1565.531483
1565.531483
1565.531483
1565.531483
1565.531483
1565.531483
1565.531483
1565.531483
1565.531483
1565.531483
1565.531483
1565.531483
1565.531483
1565.531483
1565.531483
1565.531483
1565.531483
1565.531483
1565.531483
1565.531483
1565.531483
1565.531483
1565.531483
1565.531483
1565.531483
1565.531483
1565.531483
1565.531483
1565.531483
1565.531483
1565.531483
1565.531483
1565.531483
1565.531483
1565.531483
1565.531483
1565.531483
1565.531483
1565.531483
1565.531483
1565.531483
1565.531483
1565.531483
1565.531483
1565.531483
1565.531483
1565.531483
1565.531483
1565.531483
1565.531483
1565.531483
1565.531483
1565.531483
1565.531483
1565.531483
1565.531483
1565.531483
1565.407512
1565.407512
1565.407512
1565.407512
1565.407512
1565.407512
1565.407512
1565.407512
1565.407512
1565.407512
1565.407512
1565.407512
1565.407512
1565.407512
1565.407512
1565.407512
1565.407512
1565.407512
1565.407512
1565.407512
1565.407512
1565.407512
1565.407512
1565.407512
1565.407512
1565.407512
1565.407512
1565.407512
1565.407512
1565.407512
1565.407512
1565.407512
1565.407512
1565.407512
1565.407512
1565.407512
1565.407512
1565.407512
1565.407512
1565.407512
1565.407512
1565.407512
1565.407512
1565.407512
1565.407512
1565.407512
1565.407512
1565.407512
1565.235419
1565.235419
1565.231073
1565.231073
1565.231073
1565.231073
1565.231073
1565.231073
1565.231073
1565.231073
1565.231073
1565.231073
1565.231073
1565.231073
1565.231073
1564.885899
1564.885899
1564.885899
1564.885899
1564.885899
1564.885899
1564.885899
1564.885899
1564.885899
1564.885899
1564.885899
1564.885899
1564.885899
1564.885899
1564.885899
1564.885899
1564.885899
1564.885899
1564.885899
1564.885899
1564.885899
1564.885899
1564.885899
1564.885899
1564.885899
1564.885899
1564.885899
1564.885899
1564.885899
1564.885899
1564.885899
1564.885899
1564.885899
1564.885899
1564.885899
1564.885899
1564.231090
1564.231090
1564.231090
1564.231090
1564.231090
1564.231090
1564.231090
1564.231090
1564.231090
1564.231090
1564.231090
1564.231090
1564.231090
1564.231090
1564.231090
1564.231090
1564.231090
1564.231090
1564.231090
1564.231090
1564.231090
1564.231090
1564.231090
1564.231090
1564.231090
1564.231090
1564.231090
1564.231090
1564.231090
1564.231090
1564.231090
1564.231090
1564.231090
1564.231090
1564.231090
1564.231090
1564.231090
1564.231090
1564.231090
1564.231090
1564.231090
1564.231090
1564.231090
1564.231090
1564.231090
1564.231090
1564.231090
1564.231090
1564.231090
1564.231090
1564.231090
1564.231090
1564.212365
1564.212365
1564.212365
1564.212365
1564.212365
1564.212365
1564.212365
1564.212365
1564.212365
1564.212365
1564.212365
1564.212365
1564.212365
1564.212365
1564.212365
1564.212365
1564.212365
1563.727009
1563.727009
1563.727009
1563.727009
1563.727009
1563.727009
1563.727009
1563.727009
1563.727009
1563.727009
1563.727009
1563.727009
1563.727009
1563.727009
1563.727009
1563.727009
1563.727009
1563.727009
1563.727009
1563.727009
1563.727009
1563.727009
1563.727009
1563.727009
1563.727009
1563.727009
1563.727009
1563.727009
1563.727009
1563.727009
1563.727009
1563.727009
1563.727009
1563.727009
1563.727009
1563.727009
1563.727009
1563.727009
1563.727009
1563.727009
1563.727009
1563.727009
1563.727009
1563.727009
1563.727009
1563.727009
1563.727009
1563.727009
1563.727009
1563.727009
1563.727009
1563.727009
1563.727009
1563.727009
1563.727009
1563.727009
1563.727009
1563.727009
1563.727009
1563.727009
1563.727009
1563.727009
1563.696185
1563.696185
1563.696185
1563.696185
1563.696185
1563.696185
1563.696185
1563.696185
1563.696185
1563.696185
1563.696185
1563.696185
1563.696185
1563.696185
1563.696185
1563.696185
1563.696185
1563.696185
1563.282869
1563.282869
1563.282869
1563.282869
1563.282869
1563.282869
1563.282869
1563.282869
1563.282869
1563.282869
1563.282869
1563.282869
1563.282869
1563.282869
1563.282869
1563.282869
1562.733000
1562.733000
1562.733000
1562.733000
1562.733000
1562.733000
1562.733000
1562.733000
1562.733000
1562.733000
1562.733000
1562.466719
1562.466719
1562.466719
1562.466719
1562.466719
1562.466719
1562.466719
1562.466719
1562.466719
1562.466719
1562.466719
1562.466719
1562.466719
1562.466719
1562.466719
1562.466719
1562.466719
1562.466719
1562.466719
1562.466719
1562.466719
1562.466719
1562.466719
1562.466719
1562.466719
1562.466719
1562.466719
1562.466719
1562.466719
1562.466719
1562.466719
1562.466719
1562.466719
1562.466719
1562.466719
1562.466719
1562.466719
1562.466719
1562.466719
1562.466719
1562.466719
1562.466719
1562.466719
1562.466719
1562.466719
1562.466719
1562.466719
1562.466719
1562.466719
1562.466719
1562.466719
1562.466719
1562.466719
1562.466719
1562.466719
1562.466719
1562.466719
1562.466719
1562.466719
1562.466719
1562.368787
1562.368787
1562.368787
1562.368787
1562.368787
1562.368787
1562.368787
1562.368787
1562.368787
1562.368787
1562.368787
1562.368787
1562.368787
1562.368787
1562.368787
1562.368787
1562.368787
1562.368787
1562.080096
1562.080096
1562.080096
1562.080096
1562.080096
1562.080096
1562.080096
1562.080096
1562.080096
1562.080096
1562.080096
1562.080096
1562.080096
1562.080096
1562.080096
1562.080096
1562.080096
1562.080096
1562.080096
1562.080096
1562.080096
1562.080096
1562.080096
1562.080096
1562.080096
1562.080096
1562.080096
1562.080096
1562.080096
1562.080096
1562.080096
1562.080096
1561.664393
1561.664393
1561.664393
1561.664393
1561.664393
1561.664393
1561.664393
1561.664393
1561.664393
1561.664393
1561.664393
1561.664393
1561.664393
1561.664393
1561.664393
1561.664393
1561.664393
1561.664393
1561.664393
1561.664393
1561.664393
1561.664393
1561.664393
1561.664393
1561.664393
1561.664393
1561.664393
1561.664393
1561.664393
1561.664393
1561.664393
1561.664393
1561.664393
1561.664393
1561.664393
1561.664393
1561.664393
1561.664393
1561.664393
1561.664393
1561.664393
1561.664393
1561.664393
1561.664393
1561.664393
1561.664393
1561.664393
1561.664393
1561.664393
1561.664393
1561.664393
1561.664393
1561.664393
1561.664393
1561.664393
1561.664393
1561.664393
1561.664393
1561.664393
1561.664393
1561.664393
1561.664393
1561.664393
1561.664393
1561.664393
1561.664393
1561.664393
1561.664393
1561.664393
1561.664393
1561.664393
1561.664393
1561.664393
1561.664393
1561.664393
1561.664393
1561.664393
1561.664393
1561.664393
1561.664393
1561.664393
1561.664393
1561.664393
1561.664393
1561.664393
1561.664393
1561.664393
1561.664393
1561.664393
1560.957797
1560.957797
1560.957797
1560.957797
1560.957797
1560.957797
1560.957797
1560.957797
1560.957797
1560.957797
1560.957797
1560.957797
1560.957797
1560.957797
1560.957797
1560.957797
1560.957797
1560.957797
1560.957797
1560.957797
1560.957797
1560.957797
1560.957797
1560.957797
1560.957797
1560.957797
1560.957797
1560.957797
1560.957797
1560.957797
1560.957797
1560.957797
1560.957797
1560.957797
1560.957797
1560.957797
1560.957797
1560.957797
1560.957797
1560.957797
1560.957797
1560.957797
1560.957797
1560.957797
1560.957797
1560.957797
1560.957797
1560.957797
1560.957797
1560.957797
1560.569790
1560.569790
1560.569790
1560.569790
1560.569790
1560.569790
1560.569790
1560.569790
1560.569790
1560.569790
1560.569790
1560.569790
1560.569790
1560.569790
1560.569790
1560.569790
1560.569790
1560.569790
1560.569790
1560.569790
1560.569790
1560.569790
1560.569790
1560.569790
1560.569790
1560.569790
1560.569790
1560.569790
1560.569790
1560.508742
1560.508742
1560.508742
1560.508742
1560.508742
1560.508742
1560.508742
1560.508742
1560.508742
1560.508742
1560.508742
1560.508742
1560.508742
1560.508742
1560.508742
1560.508742
1560.508742
1560.508742
1560.508742
1560.508742
1560.508742
1560.508742
1560.508742
1560.508742
1560.508742
1560.508742
1560.508742
1560.508742
1560.508742
1560.508742
1560.508742
1560.508742
1560.508742
1560.508742
1560.075901
1560.075901
1560.075901
1560.075901
1560.075901
1560.075901
1560.075901
1560.075901
1560.075901
1560.075901
1560.075901
1560.075901
1560.075901
1560.075901
1560.075901
1560.075901
1560.075901
1560.075901
1560.075901
1560.075901
1560.075901
1560.075901
1560.075901
1560.075901
1560.075901
1560.075901
1560.075901
1560.075901
1560.075901
1560.075901
1560.075901
1560.075901
1560.075901
1560.075901
1560.075901
1560.075901
1560.075901
1560.075901
1560.075901
1560.075901
1560.075901
1560.075901
1560.075901
1560.075901
1560.075901
1560.075901
1560.075901
1560.075901
1560.075901
1560.075901
1560.075901
1560.075901
1560.075901
1560.075901
1560.075901
1560.075901
1560.075901
1560.075901
1560.075901
1560.075901
1560.075901
1560.075901
1560.075901
1560.075901
1560.075901
1560.075901
1560.075901
1560.075901
1560.075901
1560.075901
1560.075901
1560.075901
1560.075901
1560.075901
1560.075901
1560.075901
1560.075901
1560.075901
1560.075901
1560.075901
1559.625405
1559.625405
1559.625405
1559.625405
1559.625405
1559.625405
1559.625405
1559.625405
1559.625405
1559.625405
1559.625405
1559.625405
1559.625405
1559.625405
1559.625405
1559.625405
1559.625405
1559.625405
1559.625405
1559.625405
1559.625405
1559.625405
1559.625405
1559.625405
1559.625405
1559.625405
1559.625405
1559.625405
1559.625405
1559.625405
1559.625405
1559.625405
1559.625405
1559.625405
1559.625405
1559.625405
1559.625405
1559.625405
1559.625405
1559.625405
1559.625405
1559.625405
1559.625405
1559.625405
1559.625405
1559.625405
1559.625405
1559.625405
1559.625405
1559.625405
1559.625405
1559.625405
1559.625405
1559.625405
1559.625405
1559.625405
1559.625405
1559.625405
1559.625405
1558.878830
1558.878830
1558.878830
1558.878830
1558.878830
1558.878830
1558.878830
1558.878830
1558.878830
1558.878830
1558.878830
1558.878830
1558.878830
1558.878830
1558.878830
1558.878830
1558.878830
1558.878830
1558.878830
1558.878830
1558.878830
1558.878830
1558.878830
1558.878830
1558.878830
1558.878830
1558.878830
1558.878830
1558.878830
1558.878830
1558.878830
1558.878830
1558.878830
1558.878830
1558.878830
1558.878830
1558.878830
1558.878830
1558.878830
1558.878830
1558.878830
1558.878830
1558.878830
1558.878830
1558.878830
1558.878830
1558.878830
1558.878830
1558.878830
1558.878830
1558.878830
1558.878830
1558.878830
1558.878830
1558.878830
1558.878830
1558.878830
1558.878830
1558.878830
1558.878830
1558.878830
1558.878830
1558.878830
1558.878830
1558.878830
1558.878830
1558.878830
1558.878830
1558.878830
1558.878830
1558.878830
1558.878830
1558.878830
1558.878830
1558.878830
1558.878830
1558.878830
1558.878830
1558.878830
1558.878830
1558.878830
1558.878830
1558.878830
1558.878830
1558.878830
1558.878830
1558.878830
1558.878830
1558.878830
1558.878830
1558.878830
1558.878830
1558.878830
1558.878830
1558.878830
1558.878830
1558.878830
1558.878830
1558.878830
1558.878830
1558.878830
1558.878830
1558.878830
1558.878830
1558.878830
1558.878830
1558.878830
1558.878830
1558.878830
1558.878830
1558.878830
1558.878830
1558.878830
1558.878830
1558.878830
1558.878830
1558.878830
1558.878830
1558.878830
1558.878830
1558.878830
1558.878830
1558.878830
1558.878830
1558.878830
1558.878830
1558.878830
1558.878830
1558.878830
1558.878830
1558.878830
1558.878830
1558.878830
1558.878830
1558.878830
1558.878830
1558.878830
1558.878830
1558.878830
1558.878830
1558.878830
1558.878830
1558.878830
1558.769963
1558.769963
1558.769963
1558.769963
1558.769963
1558.769963
1558.769963
1558.769963
1558.769963
1558.769963
1558.769963
1558.769963
1558.769963
1558.769963
1558.769963
1558.769963
1558.769963
1558.769963
1558.769963
1558.769963
1558.769963
1558.769963
1558.769963
1558.769963
1558.769963
1558.769963
1558.769963
1558.769963
1558.769963
1558.769963
1558.769963
1558.769963
1558.769963
1558.769963
1558.769963
1558.769963
1558.769963
1558.769963
1558.769963
1558.769963
1558.769963
1558.769963
1558.769963
1558.769963
1558.769963
1558.769963
1558.769963
1558.769963
1558.769963
1558.769963
1558.769963
1558.292205
1558.292205
1558.292205
1558.292205
1558.292205
1558.292205
1558.292205
1558.292205
1558.292205
1558.292205
1558.292205
1558.292205
1558.292205
1558.292205
1558.292205
1558.292205
1558.292205
1558.292205
1558.292205
1558.292205
1558.292205
1558.292205
1558.292205
1558.292205
1558.292205
1558.292205
1558.292205
1558.292205
1558.292205
1558.292205
1558.292205
1558.292205
1558.292205
1558.292205
1558.292205
1558.292205
1558.292205
1558.292205
1558.292205
1558.292205
1558.292205
1558.292205
1558.292205
1558.292205
1558.292205
1558.292205
1558.292205
1558.292205
1558.292205
1558.292205
1558.292205
1558.292205
1558.292205
1558.292205
1558.292205
1558.292205
1558.292205
1558.292205
1558.292205
1558.292205
1558.292205
1558.292205
1558.292205
1558.292205
1558.292205
1558.292205
1558.292205
1558.292205
1558.292205
1558.292205
1558.292205
1558.292205
1558.292205
1558.292205
1558.292205
1558.292205
1558.292205
1558.292205
1558.292205
1558.292205
1558.292205
1558.292205
1558.292205
1558.292205
1558.292205
1558.292205
1558.292205
1558.292205
1558.292205
1558.292205
1558.292205
1558.292205
1558.292205
1558.292205
1558.292205
1558.292205
1557.938018
1557.938018
1557.938018
1557.938018
1557.938018
1557.938018
1557.938018
1557.938018
1557.938018
1557.938018
1557.938018
1557.938018
1557.740339
1557.740339
1557.740339
1557.740339
1557.740339
1557.740339
1557.740339
1557.740339
1557.740339
1557.740339
1557.740339
1557.740339
1557.740339
1557.740339
1557.740339
1557.740339
1557.740339
1557.740339
1557.740339
1557.740339
1557.740339
1557.740339
1557.740339
1557.740339
1557.740339
1557.740339
1557.740339
1557.740339
1557.740339
1557.740339
1557.740339
1557.740339
1557.740339
1557.740339
1557.740339
1557.740339
1557.740339
1557.740339
1557.740339
1557.564549
1557.564549
1557.564549
1557.276018
1557.276018
1557.276018
1557.276018
1557.276018
1557.276018
1557.276018
1557.276018
1557.276018
1557.276018
1557.276018
1557.276018
1557.276018
1557.276018
1557.276018
1557.276018
1557.276018
1557.276018
1557.276018
1557.276018
1557.276018
1557.276018
1557.276018
1557.276018
1557.276018
1557.276018
1557.276018
1557.276018
1557.276018
1557.276018
1557.276018
1557.276018
1557.276018
1557.276018
1557.276018
1557.276018
1557.276018
1557.276018
1557.276018
1557.276018
1557.276018
1557.276018
1557.276018
1557.276018
1557.276018
1557.276018
1557.276018
1557.276018
1557.276018
1557.276018
1557.276018
1557.276018
1557.276018
1557.276018
1557.276018
1557.276018
1557.276018
1557.276018
1557.276018
1557.276018
1557.276018
1557.276018
1557.276018
1557.276018
1557.276018
1557.276018
1557.276018
1557.276018
1557.276018
1557.276018
1557.276018
1557.276018
1557.276018
1557.276018
1557.276018
1557.276018
1557.276018
1557.276018
1557.276018
1557.276018
1557.276018
1557.276018
1557.276018
1557.276018
1557.276018
1557.276018
1557.276018
1557.276018
1557.276018
1557.276018
1557.276018
1557.276018
1557.276018
1557.276018
1557.276018
1557.276018
1557.276018
1557.276018
1557.276018
1557.276018
1557.276018
1557.276018
1557.276018
1557.276018
1557.276018
1557.276018
1557.276018
1557.276018
1557.276018
1557.276018
1556.860276
1556.860276
1556.860276
1556.860276
1556.860276
1556.860276
1556.860276
1556.860276
1556.860276
1556.860276
1556.860276
1556.860276
1556.860276
1556.860276
1556.860276
1556.860276
1556.860276
1556.860276
1556.860276
1556.860276
1556.860276
1556.860276
1556.860276
1556.860276
1556.860276
1556.860276
1556.860276
1556.860276
1556.860276
1556.860276
1556.860276
1556.860276
1556.860276
1556.860276
1556.860276
1556.860276
1556.860276
1556.860276
1556.860276
1556.860276
1556.860276
1556.860276
1556.860276
1556.464667
1556.464667
1556.464667
1556.464667
1556.464667
1556.464667
1556.464667
1556.464667
1556.464667
1556.464667
1556.464667
1556.464667
1556.464667
1556.464667
1556.464667
1556.464667
1556.464667
1556.464667
1556.464667
1556.464667
1556.464667
1556.464667
1556.464667
1556.464667
1556.464667
1556.464667
1556.464667
1556.464667
1556.464667
1556.464667
1556.464667
1556.464667
1556.464667
1556.464667
1556.464667
1556.464667
1556.116797
1556.116797
1556.116797
1556.116797
1556.116797
1556.116797
1556.116797
1556.116797
1556.116797
1556.116797
1556.116797
1556.116797
1556.116797
1556.116797
1556.116797
1556.116797
1556.116797
1556.116797
1556.116797
1556.116797
1556.116797
1556.116797
1556.116797
1556.116797
1556.116797
1556.116797
1556.116797
1556.116797
1556.116797
1556.116797
1556.116797
1556.116797
1556.116797
1556.116797
1556.116797
1556.116797
1556.116797
1556.116797
1556.116797
1556.116797
1556.116797
1556.116797
1556.116797
1556.116797
1556.116797
1556.116797
1556.116797
1556.116797
1556.116797
1556.116797
1556.116797
1556.116797
1556.116797
1556.116797
1556.116797
1555.688794
1555.688794
1555.688794
1555.688794
1555.688794
1555.688794
1555.688794
1555.688794
1555.688794
1555.688794
1555.688794
1555.688794
1555.688794
1555.688794
1555.688794
1555.688794
1555.688794
1555.688794
1555.688794
1555.688794
1555.688794
1555.688794
1555.688794
1555.688794
1555.688794
1555.688794
1555.688794
1555.688794
1555.688794
1555.688794
1555.688794
1555.688794
1555.688794
1555.688794
1555.135733
1555.135733
1555.135733
1555.135733
1555.135733
1555.135733
1554.975172
1554.975172
1554.975172
1554.975172
1554.975172
1554.975172
1554.975172
1554.975172
1554.975172
1554.975172
1554.975172
1554.975172
1554.975172
1554.975172
1554.975172
1554.975172
1554.975172
1554.975172
1554.975172
1554.975172
1554.975172
1554.975172
1554.975172
1554.975172
1554.975172
1554.975172
1554.975172
1554.975172
1554.975172
1554.975172
1554.975172
1554.975172
1554.975172
1554.975172
1554.975172
1554.975172
1554.975172
1554.975172
1554.975172
1554.975172
1554.975172
1554.975172
1554.975172
1554.975172
1554.975172
1554.975172
1554.975172
1554.975172
1554.975172
1554.975172
1554.975172
1554.975172
1554.975172
1554.975172
1554.975172
1554.975172
1554.975172
1554.975172
1554.975172
1554.975172
1554.975172
1554.975172
1554.975172
1554.975172
1554.975172
1554.975172
1554.975172
1554.975172
1554.975172
1554.975172
1554.975172
1554.975172
1554.975172
1554.975172
1554.975172
1554.975172
1554.975172
1554.975172
1554.975172
1554.975172
1554.975172
1554.975172
1554.975172
1554.975172
1554.975172
1554.975172
1554.975172
1554.975172
1554.975172
1554.975172
1554.975172
1554.975172
1554.975172
1554.975172
1554.975172
1554.975172
1554.975172
1554.975172
1554.975172
1554.975172
1554.975172
1554.975172
1554.975172
1554.975172
1554.975172
1554.975172
1554.975172
1554.975172
1554.975172
1554.975172
1554.975172
1554.975172
1554.975172
1554.975172
1554.975172
1554.975172
1554.975172
1554.975172
1554.975172
1554.975172
1554.975172
1554.975172
1554.975172
1554.975172
1554.975172
1554.975172
1554.975172
1554.948222
1554.948222
1554.948222
1554.948222
1554.948222
1554.948222
1554.948222
1554.948222
1554.948222
1554.948222
1554.948222
1554.948222
1554.948222
1554.948222
1554.948222
1554.948222
1554.948222
1554.948222
1554.948222
1554.948222
1554.773657
1554.773657
1554.773657
1554.773657
1554.773657
1554.773657
1554.773657
1554.320361
1554.320361
1554.320361
1554.320361
1554.320361
1554.191659
1554.191659
1554.191659
1554.191659
1554.191659
1554.191659
1554.191659
1553.701964
1553.701964
1553.701964
1553.701964
1553.701964
1553.701964
1553.701964
1553.701964
1553.701964
1553.701964
1553.701964
1553.701964
1553.701964
1553.701964
1553.701964
1553.701964
1553.701964
1553.701964
1553.701964
1553.701964
1553.701964
1553.701964
1553.701964
1553.701964
1553.701964
1553.701964
1553.701964
1553.701964
1553.701964
1553.701964
1553.701964
1553.701964
1553.701964
1553.701964
1553.701964
1553.701964
1553.701964
1553.701964
1553.701964
1553.701964
1553.701964
1553.701964
1553.701964
1553.701964
1553.701964
1553.701964
1553.701964
1553.701964
1553.206454
1553.206454
1553.206454
1553.206454
1553.206454
1553.206454
1553.206454
1553.206454
1553.206454
1553.206454
1553.206454
1553.206454
1553.206454
1553.206454
1553.206454
1553.206454
1553.206454
1553.206454
1553.206454
1553.206454
1553.206454
1553.206454
1553.206454
1553.206454
1553.206454
1553.206454
1553.206454
1553.206454
1553.206454
1553.206454
1553.206454
1553.206454
1553.206454
1553.206454
1553.206454
1553.206454
1553.206454
1553.206454
1553.206454
1553.206454
1553.206454
1553.206454
1553.206454
1553.206454
1553.206454
1553.118267
1553.118267
1553.118267
1553.118267
1553.118267
1553.118267
1553.118267
1553.118267
1553.118267
1553.118267
1553.118267
1553.118267
1553.118267
1553.118267
1553.118267
1553.118267
1553.118267
1553.118267
1553.118267
1552.599445
1552.599445
1550.851730
1550.851730
1550.851730
1550.851730
1550.851730
1550.851730
1550.851730
1550.851730
1550.851730
1550.851730
1550.851730
1550.851730
1550.851730
1550.851730
1550.851730
1550.851730
1550.851730
1550.851730
1550.851730
1550.851730
1550.851730
1550.851730
1550.851730
1550.851730
1550.851730
1550.851730
1550.851730
1550.851730
1550.851730
1550.851730
1550.851730
1550.851730
1550.851730
1550.851730
1550.851730
1550.851730
1550.851730
1550.851730
1550.851730
1550.851730
1550.851730
1550.851730
1550.851730
1550.851730
1550.851730
1550.851730
1550.851730
1550.851730
1550.851730
1550.851730
1550.851730
1550.851730
1550.851730
1550.851730
1550.851730
1550.851730
1550.851730
1550.851730
1550.851730
1550.851730
1550.851730
1550.851730
1550.851730
1550.851730
1550.851730
1550.851730
1550.851730
1550.851730
1550.851730
1550.851730
1550.851730
1550.851730
1550.851730
1550.851730
1550.851730
1550.851730
1550.851730
1550.851730
1550.851730
1550.851730
1550.851730
1550.851730
1550.851730
1550.851730
1550.851730
1550.851730
1550.851730
1550.851730
1550.851730
1550.851730
1550.851730
1550.851730
1550.851730
1550.851730
1550.851730
1550.851730
1550.851730
1550.851730
1550.851730
1550.851730
1550.851730
1550.851730
1550.851730
1550.851730
1550.851730
1550.851730
1550.851730
1550.851730
1550.851730
1550.851730
1550.851730
1550.851730
1550.851730
1550.851730
1550.851730
1550.851730
1550.814045
1550.814045
1550.814045
1550.814045
1550.814045
1550.814045
1550.814045
1550.814045
1550.814045
1550.814045
1550.814045
1550.814045
1550.814045
1550.814045
1550.814045
1550.814045
1550.814045
1550.814045
1550.814045
1550.814045
1550.814045
1550.814045
1550.814045
1550.814045
1550.814045
1550.814045
1550.814045
1550.814045
1550.814045
1550.814045
1550.132695
1550.132695
1550.132695
1550.132695
1550.132695
1550.132695
1550.132695
1550.132695
1550.132695
1550.132695
1550.132695
1550.132695
1550.132695
1550.132695
1550.132695
1550.132695
1550.132695
1550.132695
1550.132695
1550.132695
1550.132695
1550.132695
1550.132695
1550.132695
1550.132695
1550.132695
1550.132695
1550.132695
1550.132695
1550.132695
1549.598186
1549.598186
1549.598186
1549.598186
1549.598186
1549.598186
1549.598186
1549.598186
1549.598186
1549.598186
1549.598186
1549.598186
1549.598186
1549.598186
1549.598186
1549.598186
1549.598186
1549.598186
1549.598186
1549.598186
1549.598186
1549.598186
1549.598186
1549.598186
1549.598186
1549.598186
1549.598186
1549.598186
1549.598186
1549.598186
1549.598186
1549.598186
1549.598186
1549.598186
1549.598186
1549.598186
1549.598186
1549.598186
1549.598186
1549.598186
1549.598186
1549.598186
1549.598186
1549.598186
1549.598186
1549.598186
1549.598186
1549.598186
1548.291576
1548.291576
1548.291576
1548.291576
1548.291576
1548.291576
1548.291576
1548.291576
1548.291576
1548.291576
1548.291576
1548.291576
1548.291576
1548.291576
1548.291576
1548.291576
1548.291576
1548.291576
1548.291576
1548.291576
1548.291576
1548.291576
1548.291576
1548.291576
1548.291576
1548.291576
1548.291576
1548.291576
1548.291576
1548.291576
1548.291576
1548.291576
1548.291576
1548.291576
1548.291576
1548.291576
1548.291576
1548.291576
1548.291576
1548.291576
1548.291576
1548.291576
1548.291576
1548.291576
1548.291576
1548.291576
1548.291576
1548.291576
1548.291576
1548.291576
1548.291576
1548.291576
1548.291576
1548.291576
1548.291576
1548.291576
1548.291576
1548.291576
1548.291576
1548.291576
1548.291576
1548.291576
1548.291576
1548.291576
1548.291576
1548.291576
1548.291576
1548.291576
1548.291576
1548.291576
1548.291576
1548.291576
1548.291576
1548.291576
1548.291576
1548.291576
1548.291576
1548.291576
1548.291576
1548.291576
1548.291576
1548.291576
1548.291576
1548.291576
1548.291576
1548.291576
1548.291576
1548.291576
1548.291576
1548.291576
1548.291576
1548.291576
1548.291576
1548.291576
1548.291576
1548.291576
1548.291576
1548.291576
1548.291576
1548.291576
1548.291576
1548.291576
1548.291576
1548.291576
1548.291576
1548.291576
1548.291576
1548.291576
1548.291576
1548.291576
1548.291576
1548.291576
1545.342386
1545.342386
1545.342386
1545.342386
1545.342386
1545.342386
1545.342386
1545.342386
1545.342386
1545.342386
1545.342386
1545.342386
1545.342386
1545.342386
1545.342386
1545.342386
1545.342386
1545.342386
1545.342386
1545.342386
1545.342386
1545.342386
1545.342386
1545.342386
1545.342386
1545.342386
1545.342386
1545.342386
1545.342386
1545.342386
1545.342386
1545.342386
1545.342386
1545.342386
1545.342386
1545.342386
1545.342386
1545.342386
1545.342386
1545.342386
1545.342386
1545.342386
1545.342386
1545.342386
1545.342386
1545.342386
1545.342386
1545.342386
1545.342386
1545.342386
1545.342386
1545.342386
1545.342386
1545.342386
1545.342386
1545.342386
1545.342386
1545.342386
1545.342386
1545.342386
1545.342386
1545.342386
1545.342386
1545.342386
1545.342386
1545.342386
1545.342386
1545.342386
1545.342386
1545.342386
1545.342386
1545.342386
1545.342386
1545.342386
1545.342386
1545.342386
1545.342386
1545.342386
1545.342386
1545.342386
1545.342386
1545.342386
1545.342386
1545.342386
1545.342386
1545.342386
1545.342386
1545.342386
1545.342386
1545.342386
1545.342386
1545.342386
1545.342386
1545.342386
1545.342386
1545.342386
1545.342386
1545.342386
1545.342386
1545.342386
1545.342386
1545.342386
1545.342386
1545.342386
1545.342386
1545.342386
1545.342386
1545.342386
1545.342386
1545.342386
1545.342386
1545.342386
1544.920907
1544.920907
1544.920907
1544.920907
1544.920907
1544.920907
1544.920907
1544.920907
1544.920907
1544.920907
1544.920907
1544.920907
1544.920907
1544.920907
1544.920907
1544.920907
1544.920907
1544.920907
1544.920907
1544.920907
1544.920907
1544.920907
1544.920907
1544.920907
1544.920907
1544.920907
1544.920907
1544.920907
1544.920907
1544.920907
1544.920907
1544.920907
1544.920907
1544.920907
1544.920907
1544.920907
1544.920907
1544.920907
1544.920907
1544.920907
1544.920907
1544.920907
1544.920907
1544.920907
1544.920907
1544.920907
1544.920907
1544.920907
1544.920907
1544.920907
1544.920907
1544.920907
1544.920907
1544.920907
1544.920907
1544.920907
1544.920907
1544.920907
1544.920907
1544.920907
1544.920907
1544.920907
1544.920907
1544.920907
1544.920907
1544.920907
1544.920907
1544.920907
1544.920907
1544.920907
1544.920907
1544.920907
1544.920907
1544.920907
1544.920907
1544.920907
1544.920907
1544.920907
1544.920907
1544.920907
1544.920907
1544.078487
1544.078487
1544.078487
1544.078487
1544.078487
1544.078487
1544.078487
1544.078487
1544.078487
1544.078487
1544.078487
1544.078487
1544.078487
1544.078487
1544.078487
1544.078487
1544.078487
1544.078487
1544.078487
1544.078487
1544.078487
1544.078487
1544.078487
1544.078487
1544.078487
1544.078487
1544.078487
1544.078487
1544.078487
1544.078487
1544.078487
1544.078487
1544.078487
1544.078487
1544.078487
1544.078487
1544.078487
1544.078487
1544.078487
1544.078487
1544.078487
1544.078487
1544.078487
1544.078487
1544.078487
1544.078487
1544.078487
1544.078487
1544.078487
1544.078487
1544.078487
1544.078487
1544.078487
1544.078487
1544.078487
1544.078487
1544.078487
1544.078487
1544.078487
1544.078487
1544.078487
1544.078487
1542.857615
1542.857615
1542.857615
1542.857615
1542.857615
1542.857615
1542.857615
1542.857615
1542.857615
1542.857615
1542.857615
1542.857615
1542.857615
1542.857615
1542.857615
1542.857615
1542.857615
1542.857615
1542.857615
1542.857615
1542.857615
1542.857615
1542.857615
1542.857615
1542.857615
1542.857615
1542.857615
1542.857615
1542.857615
1542.857615
1542.857615
1542.857615
1542.857615
1542.857615
1542.857615
1542.857615
1542.857615
1542.857615
1542.857615
1542.857615
1542.857615
1542.857615
1542.857615
1542.857615
1542.857615
1542.857615
1542.857615
1542.857615
1542.857615
1542.857615
1542.857615
1542.857615
1542.857615
1542.857615
1542.857615
1542.857615
1542.857615
1542.857615
1542.857615
1542.857615
1542.857615
1542.857615
1542.857615
1542.857615
1542.857615
1542.857615
1542.857615
1542.857615
1542.857615
1542.857615
1542.857615
1542.857615
1542.857615
1542.857615
1542.857615
1542.857615
1542.857615
1542.857615
1542.857615
1542.857615
1542.857615
1542.857615
1542.633777
1542.464178
1540.982704
1540.982704
1540.982704
1540.982704
1540.982704
1540.982704
1540.982704
1540.982704
1540.982704
1540.982704
1540.982704
1540.982704
1540.982704
1540.982704
1540.982704
1540.982704
1540.982704
1540.982704
1540.982704
1540.982704
1540.982704
1540.982704
1540.982704
1540.982704
1540.982704
1540.982704
1540.982704
1540.982704
1540.982704
1540.982704
1540.982704
1540.982704
1540.982704
1540.982704
1540.982704
1540.982704
1540.982704
1540.982704
1540.982704
1540.982704
1540.982704
1540.982704
1540.982704
1540.982704
1540.982704
1540.982704
1540.982704
1540.982704
1540.982704
1540.982704
1540.982704
1540.982704
1540.982704
1540.982704
1540.982704
1540.982704
1540.982704
1540.982704
1540.982704
1540.982704
1540.982704
1540.982704
1540.982704
1540.982704
1540.982704
1540.982704
1540.982704
1540.982704
1540.982704
1540.982704
1540.982704
1540.982704
1540.982704
1540.982704
1540.982704
1540.982704
1540.982704
1540.982704
1540.982704
1540.982704
1540.982704
1540.982704
1540.982704
1540.982704
1540.982704
1540.982704
1540.982704
1540.982704
1540.982704
1540.982704
1540.982704
1540.982704
1540.982704
1540.982704
1540.982704
1540.982704
1540.982704
1540.982704
1540.982704
1540.982704
1540.982704
1540.495513
1540.495513
1540.495513
1540.495513
1540.495513
1540.495513
1540.495513
1540.495513
1540.495513
1540.495513
1540.495513
1540.495513
1540.495513
1540.495513
1540.495513
1540.495513
1540.495513
1540.495513
1540.495513
1540.495513
1540.495513
1540.495513
1540.495513
1540.495513
1540.495513
1540.495513
1540.495513
1540.495513
1540.495513
1540.495513
1540.495513
1540.495513
1540.495513
1540.495513
1540.495513
1540.495513
1540.495513
1540.495513
1540.495513
1540.495513
1540.495513
1540.495513
1540.495513
1540.495513
1540.495513
1540.495513
1540.495513
1540.495513
1540.495513
1540.495513
1540.495513
1540.495513
1540.495513
1540.495513
1540.495513
1540.495513
1540.495513
1540.495513
1540.495513
1540.495513
1540.495513
1540.495513
1540.495513
1540.495513
1540.495513
1540.495513
1540.495513
1540.495513
1540.495513
1540.495513
1540.495513
1540.495513
1540.495513
1540.495513
1539.727521
1539.727521
1539.727521
1539.727521
1539.727521
1539.727521
1539.727521
1539.727521
1539.727521
1539.727521
1539.727521
1539.727521
1539.727521
1539.727521
1539.727521
1539.727521
1539.727521
1539.727521
1539.727521
1539.727521
1539.727521
1539.727521
1539.727521
1539.727521
1539.727521
1539.727521
1539.727521
1539.727521
1539.727521
1539.727521
1539.727521
1539.727521
1539.727521
1539.727521
1539.727521
1539.727521
1539.727521
1539.727521
1539.727521
1539.727521
1539.727521
1539.727521
1539.727521
1539.727521
1539.727521
1539.727521
1539.727521
1539.727521
1539.727521
1539.727521
1539.727521
1539.727521
1539.727521
1539.727521
1539.727521
1539.303578
1539.303578
1539.303578
1539.303578
1539.303578
1539.303578
1539.303578
1539.303578
1539.303578
1539.303578
1539.303578
1539.303578
1539.303578
1539.303578
1539.303578
1539.303578
1539.303578
1539.303578
1539.303578
1538.398587
1538.398587
1538.398587
1538.398587
1538.398587
1538.398587
1538.398587
1538.398587
1538.398587
1538.398587
1538.398587
1538.398587
1538.398587
1538.398587
1538.398587
1538.398587
1538.398587
1538.398587
1538.398587
1538.398587
1538.398587
1538.398587
1538.398587
1538.398587
1538.398587
1538.398587
1538.398587
1538.398587
1538.398587
1538.398587
1538.398587
1538.398587
1538.398587
1538.398587
1538.398587
1538.398587
1538.398587
1538.398587
1538.398587
1538.398587
1538.398587
1538.398587
1537.899506
1537.899506
1537.899506
1537.899506
1537.899506
1537.899506
1537.899506
1537.899506
1536.579440
1536.579440
1536.579440
1536.579440
1536.579440
1536.579440
1536.579440
1536.579440
1536.579440
1536.579440
1536.579440
1536.579440
1536.579440
1536.579440
1536.579440
1536.579440
1536.579440
1536.579440
1536.579440
1536.579440
1536.579440
1536.579440
1536.579440
1536.579440
1536.579440
1536.579440
1536.579440
1536.579440
1536.579440
1536.579440
1536.579440
1536.579440
1536.579440
1536.579440
1536.579440
1536.579440
1536.579440
1536.579440
1536.579440
1536.579440
1536.579440
1536.579440
1536.579440
1536.579440
1536.579440
1536.579440
1536.579440
1536.579440
1536.579440
1536.579440
1536.579440
1536.579440
1536.579440
1536.579440
1536.579440
1536.579440
1536.579440
1536.579440
1536.579440
1536.579440
1536.579440
1536.579440
1536.579440
1536.579440
1536.579440
1536.579440
1536.579440
1536.579440
1536.579440
1536.579440
1536.579440
1536.579440
1536.579440
1536.579440
1536.579440
1536.579440
1536.579440
1536.579440
1536.579440
1536.579440
1536.579440
1536.579440
1536.579440
1536.579440
1536.579440
1536.579440
1536.579440
1536.579440
1536.579440
1536.579440
1536.579440
1536.579440
1536.579440
1536.579440
1536.579440
1536.579440
1536.579440
1536.579440
1536.579440
1536.579440
1536.579440
1536.579440
1536.579440
1536.579440
1536.579440
1536.579440
1536.579440
1536.579440
1536.579440
1536.579440
1536.579440
1536.579440
1536.579440
1536.579440
1536.579440
1536.579440
1536.579440
1536.579440
1536.579440
1536.579440
1536.579440
1536.579440
1536.579440
1536.579440
1536.579440
1536.579440
1536.579440
1536.579440
1536.579440
1536.579440
1536.579440
1536.579440
1536.579440
1536.579440
1536.579440
1536.579440
1536.579440
1536.579440
1536.579440
1536.579440
1536.579440
1536.579440
1536.579440
1536.579440
1536.579440
1536.579440
1536.579440
1536.579440
1536.579440
1536.579440
1536.579440
1536.579440
1536.579440
1536.579440
1536.579440
1536.579440
1536.579440
1536.579440
1536.579440
1536.579440
1536.579440
1536.579440
1536.579440
1536.579440
1536.579440
1536.579440
1536.579440
1536.579440
1536.579440
1536.579440
1536.579440
1536.579440
1536.579440
1536.579440
1536.579440
1536.579440
1536.579440
1536.579440
1536.579440
1536.579440
1536.579440
1536.579440
1536.579440
1536.579440
1536.579440
1536.579440
1536.579440
1536.579440
1536.579440
1536.579440
1536.579440
1536.537253
1536.537253
1536.362333
1536.362333
1536.362333
1536.362333
1536.362333
1535.640162
1535.640162
1535.640162
1535.640162
1535.640162
1535.640162
1535.640162
1535.640162
1535.640162
1535.640162
1535.640162
1535.640162
1535.640162
1535.640162
1535.640162
1535.640162
1535.640162
1535.640162
1535.640162
1535.640162
1535.640162
1535.640162
1535.640162
1535.640162
1535.640162
1535.640162
1535.640162
1535.640162
1535.640162
1535.640162
1535.640162
1535.640162
1535.640162
1535.640162
1535.640162
1535.640162
1535.640162
1535.640162
1535.640162
1535.640162
1535.640162
1535.640162
1535.640162
1535.640162
1535.640162
1535.640162
1535.640162
1535.640162
1535.640162
1535.640162
1535.640162
1535.640162
1535.640162
1535.640162
1535.640162
1535.640162
1535.640162
1535.640162
1535.640162
1535.640162
1535.640162
1535.640162
1535.640162
1535.640162
1535.640162
1535.640162
1535.640162
1535.640162
1535.640162
1535.640162
1535.640162
1535.640162
1535.640162
1535.640162
1535.640162
1535.640162
1535.640162
1535.640162
1535.640162
1535.640162
1535.640162
1535.640162
1535.640162
1535.640162
1535.511021
1535.511021
1535.511021
1535.511021
1535.511021
1535.511021
1535.511021
1535.511021
1535.511021
1535.511021
1535.511021
1535.511021
1535.511021
1535.511021
1535.511021
1535.511021
1535.511021
1535.511021
1535.511021
1535.396791
1535.396791
1535.396791
1535.396791
1535.396791
1535.396791
1535.396791
1535.396791
1535.396791
1535.396791
1535.396791
1535.396791
1535.396791
1535.396791
1535.396791
1535.396791
1535.396791
1535.396791
1535.396791
1535.396791
1535.396791
1535.396791
1535.396791
1535.396791
1535.396791
1535.396791
1535.396791
1535.396791
1535.396791
1535.396791
1535.396791
1535.396791
1535.396791
1535.396791
1535.396791
1535.396791
1535.396791
1535.396791
1535.396791
1535.396791
1535.396791
1535.396791
1535.396791
1533.265045
1533.265045
1533.265045
1533.265045
1533.265045
1533.265045
1533.265045
1533.265045
1533.265045
1533.265045
1533.265045
1533.265045
1533.265045
1533.265045
1533.265045
1533.265045
1533.265045
1533.265045
1533.265045
1533.265045
1533.265045
1533.265045
1533.265045
1533.265045
1533.265045
1533.265045
1533.265045
1533.265045
1533.265045
1533.265045
1533.265045
1533.265045
1533.265045
1533.265045
1533.265045
1533.265045
1532.902763
1532.902763
1532.902763
1532.902763
1532.902763
1532.902763
1532.902763
1532.902763
1532.902763
1532.902763
1532.902763
1532.902763
1532.902763
1532.902763
1531.937314
1531.937314
1531.937314
1531.937314
1531.937314
1531.937314
1531.937314
1531.937314
1531.937314
1531.937314
1531.937314
1531.937314
1531.937314
1531.937314
1531.937314
1531.937314
1531.937314
1531.937314
1531.937314
1531.937314
1531.937314
1531.937314
1531.937314
1531.937314
1531.937314
1531.937314
1531.937314
1531.937314
1531.937314
1531.937314
1531.937314
1531.937314
1531.937314
1531.937314
1531.933443
1531.933443
1531.933443
1531.933443
1531.933443
1531.933443
1531.933443
1531.933443
1531.933443
1531.933443
1531.933443
1531.933443
1531.933443
1531.933443
1531.933443
1531.933443
1531.933443
1531.933443
1531.933443
1531.933443
1531.933443
1531.933443
1531.933443
1531.933443
1531.933443
1531.933443
1531.933443
1531.933443
1531.933443
1531.933443
1531.933443
1531.933443
1531.933443
1531.933443
1531.933443
1531.933443
1531.933443
1531.933443
1531.933443
1531.933443
1531.933443
1531.933443
1531.933443
1531.933443
1531.933443
1531.933443
1531.619948
1531.619948
1531.619948
1531.619948
1531.619948
1531.619948
1531.619948
1531.619948
1531.619948
1531.619948
1531.619948
1531.619948
1531.619948
1531.619948
1531.619948
1531.619948
1531.619948
1531.619948
1531.619948
1531.619948
1530.195212
1530.195212
1530.195212
1530.195212
1530.195212
1530.195212
1530.195212
1530.195212
1530.195212
1530.195212
1530.195212
1530.195212
1530.195212
1530.195212
1530.195212
1530.195212
1530.195212
1530.195212
1530.195212
1530.195212
1530.195212
1530.195212
1530.195212
1530.195212
1530.195212
1530.195212
1530.195212
1530.195212
1530.195212
1530.195212
1530.195212
1530.195212
1530.195212
1530.195212
1530.195212
1530.195212
1530.195212
1530.195212
1530.195212
1530.195212
1530.195212
1530.195212
1530.195212
1530.195212
1530.195212
1530.195212
1530.195212
1530.195212
1530.195212
1530.195212
1530.195212
1530.195212
1530.195212
1530.195212
1530.195212
1530.195212
1530.195212
1530.195212
1530.195212
1530.195212
1530.195212
1530.195212
1530.195212
1530.195212
1530.195212
1530.195212
1530.195212
1530.195212
1530.195212
1530.195212
1530.195212
1530.195212
1530.195212
1530.195212
1530.195212
1530.195212
1530.195212
1530.195212
1530.195212
1530.195212
1530.195212
1530.195212
1530.195212
1530.195212
1530.195212
1530.195212
1530.195212
1530.195212
1530.195212
1530.195212
1530.195212
1530.195212
1530.195212
1530.195212
1530.195212
1530.195212
1530.195212
1530.195212
1530.195212
1530.195212
1530.195212
1530.195212
1530.195212
1530.195212
1530.195212
1530.195212
1530.195212
1530.195212
1530.195212
1530.195212
1530.195212
1530.195212
1530.195212
1530.195212
1530.195212
1530.195212
1530.195212
1530.195212
1530.195212
1530.195212
1530.195212
1530.195212
1530.195212
1530.195212
1530.195212
1530.195212
1530.195212
1530.195212
1530.195212
1530.195212
1530.195212
1530.195212
1530.195212
1530.195212
1530.195212
1530.195212
1530.195212
1530.195212
1530.195212
1530.195212
1530.195212
1530.195212
1530.195212
1530.195212
1530.195212
1530.195212
1530.195212
1530.195212
1530.195212
1530.195212
1530.195212
1530.195212
1530.195212
1530.195212
1530.195212
1530.195212
1530.195212
1530.195212
1530.195212
1530.195212
1530.195212
1530.195212
1530.195212
1530.195212
1530.195212
1530.195212
1530.045055
1530.045055
1530.045055
1530.045055
1530.045055
1530.045055
1530.045055
1530.045055
1530.045055
1530.045055
1530.045055
1530.045055
1530.045055
1530.045055
1530.045055
1530.045055
1530.045055
1530.045055
1530.045055
1530.045055
1530.045055
1530.045055
1530.045055
1530.045055
1530.045055
1530.045055
1530.045055
1530.045055
1530.045055
1530.045055
1530.045055
1530.045055
1530.045055
1530.045055
1529.557012
1529.557012
1529.557012
1529.557012
1529.557012
1529.557012
1529.557012
1529.557012
1529.557012
1529.557012
1529.557012
1529.557012
1529.557012
1529.557012
1529.557012
1529.557012
1529.557012
1529.557012
1529.557012
1529.557012
1529.557012
1529.557012
1529.557012
1529.557012
1529.557012
1529.557012
1529.557012
1529.557012
1529.557012
1529.557012
1529.557012
1529.557012
1529.557012
1529.557012
1529.557012
1529.557012
1529.557012
1529.557012
1529.419902
1529.419902
1529.273423
1529.273423
1529.273423
1529.273423
1529.273423
1529.273423
1529.273423
1529.273423
1528.962025
1528.962025
1528.962025
1528.962025
1528.962025
1528.962025
1528.962025
1528.962025
1528.962025
1528.962025
1528.962025
1528.962025
1528.962025
1528.962025
1528.063404
1528.063404
1528.063404
1528.063404
1528.063404
1528.063404
1528.063404
1528.063404
1528.063404
1528.063404
1528.063404
1528.063404
1528.063404
1528.063404
1528.063404
1528.063404
1528.063404
1528.063404
1528.063404
1528.063404
1528.063404
1528.063404
1528.063404
1528.063404
1528.063404
1528.063404
1528.063404
1528.063404
1528.063404
1528.063404
1528.063404
1528.063404
1528.063404
1528.063404
1528.063404
1528.063404
1528.063404
1528.063404
1528.063404
1528.063404
1528.063404
1528.063404
1528.063404
1528.063404
1528.063404
1528.063404
1528.063404
1528.063404
1528.063404
1528.063404
1528.063404
1528.063404
1528.063404
1528.063404
1528.063404
1528.063404
1528.063404
1528.063404
1528.063404
1528.063404
1528.063404
1528.063404
1528.063404
1528.063404
1528.063404
1528.063404
1528.063404
1528.063404
1528.063404
1528.063404
1528.063404
1528.063404
1528.063404
1528.063404
1528.063404
1528.063404
1528.063404
1528.063404
1528.063404
1528.063404
1528.063404
1528.063404
1528.063404
1528.063404
1528.063404
1528.063404
1527.015391
1527.015391
1527.015391
1527.015391
1527.015391
1527.015391
1527.015391
1527.015391
1527.015391
1527.015391
1527.015391
1527.015391
1527.015391
1527.015391
1527.015391
1527.015391
1527.015391
1527.015391
1527.015391
1527.015391
1527.015391
1527.015391
1527.015391
1527.015391
1527.015391
1527.015391
1527.015391
1527.015391
1527.015391
1527.015391
1527.015391
1527.015391
1527.015391
1527.015391
1527.015391
1527.015391
1527.015391
1527.015391
1527.015391
1527.015391
1527.015391
1527.015391
1527.015391
1527.015391
1527.015391
1527.015391
1527.015391
1527.015391
1527.015391
1527.015391
1527.015391
1527.015391
1527.015391
1527.015391
1527.015391
1527.015391
1527.015391
1527.015391
1527.015391
1527.015391
1527.015391
1527.015391
1527.015391
1527.015391
1527.015391
1527.015391
1527.015391
1527.015391
1527.015391
1527.015391
1527.015391
1527.015391
1527.015391
1527.015391
1527.015391
1527.015391
1527.015391
1527.015391
1527.015391
1527.015391
1527.015391
1527.015391
1527.015391
1527.015391
1527.015391
1527.015391
1527.015391
1527.015391
1527.015391
1527.015391
1527.015391
1527.015391
1527.015391
1527.015391
1527.015391
1527.015391
1527.015391
1527.015391
1527.015391
1527.015391
1527.015391
1527.015391
1527.015391
1527.015391
1527.015391
1527.015391
1527.015391
1527.015391
1527.015391
1527.015391
1527.015391
1527.015391
1527.015391
1527.015391
1527.015391
1527.015391
1527.015391
1527.015391
1527.015391
1527.015391
1527.015391
1527.015391
1527.015391
1527.015391
1527.015391
1527.015391
1527.015391
1527.015391
1527.015391
1527.015391
1527.015391
1527.015391
1527.015391
1527.015391
1527.015391
1527.015391
1527.015391
1527.015391
1527.015391
1527.015391
1527.015391
1527.015391
1527.015391
1527.015391
1527.015391
1527.015391
1527.015391
1527.015391
1527.015391
1527.015391
1527.015391
1526.927235
1526.927235
1526.927235
1526.927235
1526.927235
1526.927235
1526.927235
1526.927235
1526.927235
1526.927235
1526.927235
1526.927235
1526.927235
1526.927235
1526.927235
1526.927235
1526.927235
1526.927235
1526.927235
1526.927235
1526.927235
1526.927235
1526.927235
1526.927235
1526.927235
1526.927235
1526.927235
1526.872622
1526.872622
1526.872622
1526.872622
1526.872622
1526.872622
1526.872622
1526.872622
1526.872622
1526.872622
1526.872622
1526.872622
1526.872622
1526.872622
1526.872622
1526.872622
1526.872622
1526.872622
1526.059177
1526.059177
1526.059177
1526.059177
1526.059177
1526.059177
1526.059177
1526.059177
1526.059177
1526.059177
1526.059177
1526.059177
1526.059177
1526.059177
1526.059177
1526.059177
1526.059177
1526.059177
1526.059177
1526.059177
1526.059177
1526.059177
1526.059177
1526.059177
1526.059177
1526.059177
1526.059177
1526.059177
1526.059177
1525.794782
1525.794782
1525.794782
1525.794782
1525.794782
1525.794782
1525.794782
1525.794782
1525.794782
1525.794782
1525.794782
1525.794782
1525.794782
1525.794782
1525.794782
1525.794782
1525.520509
1525.520509
1525.520509
1525.520509
1525.520509
1525.520509
1525.520509
1525.520509
1525.438265
1525.438265
1525.438265
1525.438265
1525.438265
1525.438265
1525.438265
1525.438265
1525.438265
1525.438265
1525.438265
1525.438265
1525.438265
1525.438265
1525.438265
1525.438265
1525.438265
1525.438265
1525.438265
1525.438265
1525.438265
1525.438265
1524.290943
1524.290943
1524.290943
1524.290943
1524.290943
1524.290943
1524.290943
1524.290943
1524.290943
1524.290943
1524.290943
1524.290943
1524.290943
1524.290943
1524.290943
1524.290943
1524.290943
1524.290943
1524.290943
1524.290943
1524.290943
1524.290943
1524.290943
1524.290943
1524.290943
1524.290943
1524.290943
1524.290943
1524.290943
1524.290943
1524.290943
1524.290943
1524.290943
1524.290943
1524.290943
1524.290943
1524.290943
1524.290943
1524.290943
1524.290943
1524.290943
1524.290943
1524.290943
1524.290943
1524.290943
1524.290943
1524.290943
1524.290943
1524.290943
1524.290943
1524.290943
1524.290943
1524.290943
1524.290943
1524.290943
1524.290943
1524.290943
1524.290943
1524.290943
1524.290943
1524.290943
1524.290943
1524.290943
1524.290943
1524.290943
1524.290943
1524.290943
1524.290943
1524.290943
1524.290943
1524.290943
1524.290943
1524.290943
1524.290943
1524.290943
1524.290943
1524.290943
1524.290943
1524.290943
1524.290943
1524.290943
1524.290943
1524.290943
1524.290943
1524.290943
1524.290943
1524.290943
1524.290943
1524.290943
1524.290943
1524.290943
1524.290943
1524.290943
1524.290943
1524.290943
1524.290943
1524.290943
1524.290943
1524.290943
1524.290943
1524.290943
1524.290943
1524.290943
1524.290943
1524.290943
1524.290943
1524.290943
1524.290943
1524.290943
1524.290943
1524.290943
1524.290943
1524.290943
1524.290943
1524.290943
1524.290943
1524.290943
1524.290943
1524.290943
1524.290943
1524.290943
1524.290943
1524.290943
1524.290943
1524.290943
1524.290943
1524.290943
1524.290943
1524.290943
1524.290943
1524.290943
1524.290943
1524.290943
1524.290943
1524.290943
1523.843723
1523.843723
1523.843723
1523.843723
1523.843723
1523.843723
1523.843723
1523.843723
1523.843723
1523.843723
1523.843723
1523.843723
1523.843723
1523.843723
1523.075680
1523.075680
1523.075680
1523.075680
1523.075680
1523.075680
1523.075680
1523.075680
1523.075680
1523.075680
1523.075680
1523.075680
1523.075680
1523.075680
1523.075680
1523.075680
1523.075680
1523.075680
1523.075680
1523.075680
1523.075680
1523.075680
1523.075680
1523.075680
1523.075680
1523.075680
1523.075680
1523.075680
1523.075680
1523.075680
1523.075680
1523.075680
1523.075680
1523.075680
1523.075680
1523.075680
1523.075680
1523.075680
1523.075680
1523.075680
1523.075680
1523.075680
1523.075680
1523.075680
1523.075680
1523.075680
1523.075680
1523.075680
1523.075680
1523.075680
1523.075680
1522.298859
1522.298859
1522.298859
1522.298859
1522.298859
1522.298859
1522.298859
1522.298859
1522.298859
1522.298859
1522.298859
1522.298859
1522.298859
1522.298859
1522.298859
1522.298859
1522.298859
1522.298859
1522.298859
1522.298859
1522.298859
1522.298859
1522.298859
1522.298859
1522.298859
1522.298859
1522.298859
1522.298859
1522.298859
1522.298859
1522.298859
1522.298859
1522.298859
1522.298859
1522.298859
1522.298859
1522.298859
1521.216235
1521.216235
1521.216235
1521.216235
1521.216235
1521.216235
1521.216235
1521.216235
1521.216235
1521.216235
1521.216235
1521.216235
1521.216235
1521.216235
1521.216235
1521.216235
1521.216235
1521.216235
1521.216235
1521.216235
1521.216235
1521.216235
1521.216235
1521.216235
1521.216235
1521.216235
1521.216235
1521.216235
1521.216235
1521.216235
1521.216235
1521.216235
1521.216235
1521.216235
1521.216235
1521.216235
1521.216235
1521.216235
1521.216235
1521.216235
1521.216235
1521.216235
1521.216235
1521.216235
1521.216235
1519.904682
1519.904682
1519.904682
1519.904682
1519.904682
1519.904682
1519.904682
1519.904682
1519.904682
1519.904682
1519.904682
1519.904682
1519.904682
1519.904682
1519.904682
1519.904682
1519.904682
1519.904682
1519.904682
1519.904682
1519.904682
1519.904682
1519.904682
1519.904682
1519.904682
1519.904682
1519.904682
1519.058356
1519.058356
1519.058356
1519.058356
1519.058356
1519.058356
1519.058356
1519.058356
1519.058356
1519.058356
1519.058356
1519.058356
1519.058356
1519.058356
1519.058356
1519.058356
1519.058356
1519.058356
1519.058356
1519.058356
1519.058356
1519.058356
1516.681313
1516.681313
1516.681313
1516.681313
1516.681313
1516.681313
1516.681313
1516.681313
1516.681313
1516.681313
1516.681313
1516.681313
1516.681313
1516.681313
1516.681313
1516.681313
1516.681313
1516.681313
1516.681313
1516.681313
1516.681313
1516.681313
1516.681313
1516.681313
1516.681313
1516.681313
1516.681313
1516.681313
1516.681313
1516.681313
1516.681313
1516.681313
1516.681313
1516.681313
1516.681313
1516.681313
1516.681313
1516.681313
1516.681313
1516.681313
1516.681313
1516.681313
1516.681313
1516.681313
1516.681313
1516.681313
1516.681313
1516.681313
1516.681313
1516.681313
1516.681313
1516.681313
1516.681313
1516.681313
1516.681313
1516.681313
1516.681313
1516.681313
1516.681313
1516.681313
1516.681313
1516.681313
1516.681313
1516.681313
1516.681313
1516.681313
1516.681313
1516.681313
1516.681313
1516.681313
1515.226900
1515.226900
1515.226900
1515.226900
1515.226900
1515.226900
1515.226900
1515.226900
1515.226900
1515.226900
1515.226900
1515.226900
1515.226900
1515.226900
1515.226900
1515.226900
1515.226900
1515.226900
1515.226900
1515.226900
1515.226900
1515.226900
1515.226900
1515.226900
1515.226900
1515.226900
1515.226900
1515.226900
1515.226900
1515.226900
1515.226900
1515.226900
1515.226900
1515.226900
1515.226900
1515.226900
1515.226900
1515.226900
1515.226900
1515.226900
1515.226900
1515.226900
1515.226900
1515.226900
1515.226900
1515.226900
1515.226900
1515.226900
1515.226900
1515.226900
1515.226900
1515.226900
1515.226900
1515.226900
1515.226900
1515.226900
1515.226900
1515.226900
1515.226900
1515.226900
1515.226900
1515.226900
1515.226900
1515.226900
1515.226900
1515.226900
1515.226900
1515.226900
1515.226900
1515.226900
1515.226900
1515.226900
1515.226900
1515.226900
1515.226900
1515.226900
1515.226900
1515.226900
1515.226900
1515.226900
1515.226900
1515.226900
1515.226900
1515.226900
1515.226900
1515.226900
1515.226900
1515.226900
1515.226900
1515.226900
1515.226900
1515.226900
1515.226900
1515.226900
1515.226900
1515.226900
1515.226900
1515.226900
1515.226900
1515.226900
1515.226900
1515.226900
1515.226900
1515.226900
1515.226900
1515.226900
1515.226900
1515.226900
1515.226900
1515.226900
1515.226900
1515.226900
1515.226900
1515.226900
1515.226900
1515.226900
1515.226900
1515.226900
1515.226900
1515.226900
1515.226900
1515.226900
1515.226900
1515.226900
1515.226900
1515.226900
1515.226900
1515.226900
1515.226900
1515.226900
1515.226900
1515.226900
1515.226900
1515.226900
1515.226900
1515.226900
1515.226900
1515.226900
1515.226900
1515.226900
1515.226900
1515.226900
1515.226900
1515.226900
1515.226900
1515.226900
1515.226900
1515.226900
1515.226900
1515.226900
1515.226900
1515.226900
1515.226900
1515.226900
1515.226900
1515.226900
1515.226900
1515.226900
1515.226900
1515.226900
1515.226900
1515.226900
1515.226900
1515.226900
1515.226900
1515.226900
1515.226900
1515.226900
1515.226900
1515.226900
1515.226900
1515.086522
1515.086522
1515.086522
1515.086522
1515.086522
1515.086522
1515.086522
1515.086522
1515.086522
1515.086522
1515.086522
1515.086522
1515.086522
1515.086522
1515.086522
1515.086522
1515.086522
1515.086522
1515.086522
1515.086522
1515.086522
1515.086522
1515.086522
1515.086522
1515.086522
1515.086522
1515.086522
1515.086522
1515.086522
1515.086522
1515.086522
1515.086522
1515.086522
1515.086522
1515.086522
1515.086522
1515.086522
1515.086522
1515.086522
1515.086522
1514.138424
1514.138424
1514.138424
1514.138424
1514.138424
1514.138424
1514.138424
1514.138424
1514.138424
1514.138424
1514.138424
1514.138424
1514.138424
1514.138424
1514.138424
1514.138424
1514.138424
1514.138424
1514.138424
1514.138424
1514.138424
1513.691808
1513.691808
1513.691808
1513.691808
1513.691808
1513.691808
1513.691808
1513.691808
1513.691808
1513.691808
1513.691808
1513.691808
1513.691808
1513.691808
1513.691808
1513.691808
1513.691808
1513.691808
1513.691808
1513.691808
1513.691808
1513.691808
1513.691808
1513.691808
1513.691808
1513.691808
1513.691808
1513.422408
1513.422408
1513.422408
1513.422408
1513.422408
1513.422408
1513.422408
1513.422408
1513.422408
1513.422408
1513.422408
1513.422408
1513.422408
1513.422408
1513.422408
1513.422408
1513.422408
1513.422408
1513.422408
1513.422408
1513.422408
1513.422408
1513.422408
1513.422408
1513.422408
1513.422408
1513.422408
1512.368385
1512.368385
1512.368385
1512.368385
1512.368385
1512.368385
1512.368385
1512.368385
1512.368385
1512.368385
1512.368385
1512.368385
1512.368385
1512.368385
1512.368385
1512.368385
1512.368385
1512.368385
1512.368385
1512.368385
1512.368385
1512.368385
1512.368385
1512.368385
1512.368385
1512.368385
1512.368385
1512.368385
1512.368385
1512.368385
1512.368385
1512.368385
1512.368385
1512.368385
1512.368385
1512.368385
1512.368385
1512.368385
1512.368385
1512.368385
1512.356177
1512.356177
1512.356177
1512.356177
1512.356177
1512.356177
1512.356177
1512.356177
1512.356177
1512.356177
1512.356177
1512.356177
1512.356177
1512.356177
1512.356177
1510.461464
1510.461464
1510.461464
1510.461464
1510.461464
1510.461464
1510.461464
1510.461464
1510.461464
1510.461464
1510.461464
1510.461464
1510.461464
1510.461464
1510.461464
1510.461464
1510.461464
1510.461464
1510.461464
1510.461464
1510.461464
1510.461464
1510.461464
1510.461464
1510.461464
1510.461464
1510.461464
1510.461464
1510.461464
1510.461464
1510.461464
1510.461464
1510.461464
1510.461464
1510.461464
1510.461464
1510.461464
1510.461464
1510.461464
1510.461464
1510.461464
1510.461464
1510.461464
1510.461464
1510.461464
1510.461464
1510.461464
1510.461464
1510.461464
1510.461464
1510.461464
1510.461464
1510.461464
1510.461464
1510.461464
1510.461464
1510.461464
1510.461464
1510.461464
1510.461464
1510.461464
1510.461464
1510.461464
1510.461464
1510.461464
1510.461464
1510.461464
1510.461464
1510.461464
1510.461464
1510.461464
1510.461464
1510.461464
1510.461464
1510.461464
1510.461464
1510.461464
1510.461464
1510.461464
1510.461464
1510.461464
1510.461464
1510.461464
1510.461464
1510.461464
1510.461464
1510.461464
1510.461464
1510.461464
1510.461464
1510.461464
1510.461464
1510.461464
1510.461464
1510.461464
1510.461464
1510.461464
1510.461464
1510.461464
1510.461464
1510.461464
1510.461464
1510.461464
1510.461464
1510.461464
1510.461464
1510.461464
1510.461464
1510.461464
1510.461464
1510.461464
1510.461464
1510.461464
1510.461464
1510.461464
1510.461464
1510.461464
1510.461464
1510.461464
1510.461464
1510.461464
1510.461464
1510.461464
1510.461464
1510.461464
1510.461464
1510.461464
1510.461464
1510.461464
1510.461464
1510.461464
1510.461464
1508.384453
1508.384453
1508.384453
1508.384453
1508.384453
1508.384453
1508.384453
1508.384453
1508.384453
1508.384453
1508.384453
1508.384453
1508.384453
1508.384453
1508.384453
1508.384453
1508.384453
1508.384453
1508.384453
1508.384453
1508.384453
1508.384453
1508.384453
1508.384453
1508.384453
1508.384453
1508.384453
1508.384453
1508.384453
1508.384453
1508.384453
1508.384453
1508.384453
1508.384453
1508.384453
1508.384453
1508.384453
1508.384453
1508.384453
1508.384453
1508.384453
1508.384453
1508.384453
1508.384453
1508.384453
1508.384453
1508.384453
1508.384453
1508.384453
1508.384453
1508.384453
1508.384453
1508.384453
1508.384453
1508.384453
1508.384453
1508.384453
1508.384453
1508.384453
1508.384453
1508.384453
1508.384453
1508.384453
1508.384453
1508.384453
1508.384453
1508.384453
1508.384453
1508.384453
1508.384453
1508.384453
1508.384453
1508.384453
1508.384453
1508.384453
1508.384453
1508.384453
1508.384453
1508.384453
1508.384453
1508.384453
1508.384453
1508.384453
1508.384453
1508.384453
1508.384453
1508.384453
1508.384453
1508.384453
1508.384453
1508.384453
1508.384453
1508.384453
1508.384453
1508.384453
1508.384453
1508.384453
1508.384453
1507.994634
1507.994634
1507.994634
1505.593704
1505.593704
1505.593704
1505.593704
1505.593704
1505.593704
1505.593704
1505.593704
1505.593704
1505.593704
1505.593704
1505.593704
1505.593704
1505.593704
1505.593704
1505.593704
1505.593704
1505.593704
1505.593704
1505.593704
1505.593704
1505.593704
1505.593704
1505.593704
1505.593704
1505.593704
1505.593704
1505.593704
1505.593704
1505.593704
1505.593704
1505.593704
1505.593704
1505.593704
1505.593704
1505.593704
1505.593704
1505.593704
1505.593704
1505.593704
1505.593704
1505.593704
1505.593704
1505.593704
1505.593704
1505.593704
1505.593704
1505.593704
1505.593704
1505.593704
1505.593704
1505.593704
1505.593704
1505.593704
1504.689438
1504.689438
1504.689438
1504.689438
1504.689438
1504.689438
1504.689438
1504.689438
1504.689438
1504.689438
1504.689438
1504.689438
1504.689438
1504.689438
1504.689438
1504.689438
1504.689438
1504.689438
1504.689438
1504.689438
1504.689438
1504.689438
1504.689438
1504.689438
1504.689438
1504.689438
1504.689438
1504.689438
1504.689438
1504.689438
1504.689438
1504.689438
1504.689438
1504.689438
1504.689438
1504.689438
1504.689438
1504.689438
1504.689438
1504.689438
1504.689438
1504.689438
1504.689438
1504.689438
1504.689438
1504.689438
1504.689438
1504.689438
1504.689438
1504.689438
1504.689438
1504.689438
1504.689438
1504.689438
1504.689438
1504.689438
1503.862550
1503.862550
1503.862550
1503.862550
1503.862550
1503.862550
1503.862550
1503.862550
1503.862550
1503.862550
1503.862550
1503.862550
1503.862550
1503.862550
1503.862550
1503.862550
1503.334609
1503.334609
1503.334609
1503.334609
1503.334609
1503.334609
1503.334609
1503.334609
1503.334609
1503.334609
1503.334609
1503.334609
1503.334609
1503.334609
1503.334609
1503.334609
1503.334609
1503.334609
1503.334609
1503.334609
1503.334609
1503.334609
1503.334609
1503.334609
1503.334609
1503.334609
1503.334609
1503.334609
1503.334609
1503.334609
1503.334609
1503.334609
1503.334609
1503.334609
1503.334609
1503.334609
1503.334609
1503.334609
1503.334609
1503.334609
1503.334609
1503.334609
1503.334609
1503.334609
1503.334609
1503.334609
1503.334609
1503.334609
1503.334609
1503.334609
1503.334609
1503.334609
1503.334609
1503.334609
1503.334609
1503.334609
1503.334609
1503.334609
1503.334609
1503.334609
1503.334609
1503.334609
1503.334609
1503.334609
1503.334609
1503.334609
1503.334609
1503.334609
1503.334609
1503.334609
1503.334609
1503.334609
1503.334609
1503.334609
1503.334609
1503.334609
1503.334609
1503.334609
1503.334609
1503.334609
1503.334609
1503.334609
1503.334609
1503.334609
1502.731753
1502.731753
1502.731753
1502.731753
1502.731753
1502.731753
1502.731753
1502.731753
1502.731753
1502.731753
1502.731753
1502.731753
1502.731753
1502.731753
1502.731753
1502.731753
1502.731753
1502.731753
1502.731753
1502.731753
1502.731753
1502.731753
1502.731753
1502.731753
1502.731753
1502.731753
1502.731753
1502.731753
1502.731753
1502.731753
1502.731753
1502.731753
1502.731753
1502.731753
1502.731753
1502.731753
1502.731753
1502.731753
1502.731753
1502.731753
1502.731753
1502.731753
1502.731753
1502.731753
1502.731753
1502.731753
1502.731753
1502.731753
1502.731753
1502.731753
1502.731753
1502.731753
1502.731753
1502.731753
1502.731753
1502.731753
1502.731753
1502.731753
1502.731753
1502.731753
1502.731753
1502.731753
1502.731753
1502.731753
1502.731753
1502.731753
1502.731753
1502.731753
1502.731753
1502.731753
1502.731753
1502.731753
1502.731753
1502.731753
1502.731753
1502.731753
1502.731753
1502.731753
1502.731753
1502.731753
1502.731753
1502.731753
1502.731753
1502.731753
1502.731753
1502.731753
1502.731753
1502.731753
1502.731753
1502.731753
1502.731753
1502.731753
1502.731753
1502.731753
1502.731753
1502.731753
1502.731753
1502.731753
1502.731753
1502.731753
1502.731753
1502.731753
1502.731753
1502.731753
1502.248632
1502.248632
1502.248632
1502.248632
1502.248632
1502.248632
1502.248632
1502.248632
1502.248632
1502.248632
1502.248632
1502.248632
1502.248632
1502.248632
1502.248632
1500.636167
1500.636167
1500.636167
1500.636167
1500.636167
1500.636167
1500.636167
1500.636167
1500.636167
1500.636167
1500.636167
1500.636167
1500.636167
1500.636167
1500.636167
1500.636167
1500.636167
1500.636167
1500.636167
1500.636167
1500.636167
1500.636167
1500.636167
1500.636167
1500.636167
1500.636167
1500.636167
1500.636167
1500.636167
1500.636167
1500.636167
1500.636167
1500.636167
1500.636167
1500.636167
1500.636167
1500.636167
1500.636167
1500.636167
1500.636167
1498.585965
1498.585965
1498.585965
1498.585965
1498.585965
1498.585965
1498.585965
1498.585965
1498.585965
1498.585965
1498.585965
1498.585965
1498.585965
1498.585965
1498.585965
1498.585965
1498.585965
1498.585965
1498.585965
1498.585965
1498.585965
1498.585965
1498.585965
1498.585965
1498.585965
1498.585965
1498.585965
1498.585965
1498.585965
1498.585965
1498.585965
1498.585965
1498.585965
1498.585965
1498.585965
1498.585965
1498.585965
1498.585965
1498.585965
1498.585965
1498.585965
1498.585965
1498.585965
1498.585965
1498.585965
1498.585965
1498.585965
1498.585965
1498.585965
1498.585965
1498.585965
1498.585965
1498.585965
1498.585965
1498.585965
1498.585965
1498.585965
1498.585965
1498.585965
1498.585965
1498.585965
1498.585965
1498.585965
1498.585965
1498.585965
1498.585965
1498.585965
1498.585965
1498.585965
1498.585965
1498.585965
1498.585965
1498.585965
1497.707294
1497.707294
1497.707294
1497.707294
1497.707294
1497.707294
1497.707294
1497.707294
1497.707294
1497.707294
1497.707294
1497.707294
1497.707294
1497.707294
1497.707294
1497.707294
1497.707294
1497.707294
1497.335858
1497.335858
1497.335858
1497.335858
1497.335858
1497.335858
1497.335858
1497.335858
1497.335858
1497.335858
1497.335858
1497.335858
1497.335858
1497.335858
1497.335858
1497.335858
1497.335858
1497.335858
1497.335858
1497.335858
1497.335858
1497.335858
1497.335858
1497.335858
1497.335858
1497.335858
1497.335858
1497.335858
1497.335858
1497.335858
1497.335858
1497.335858
1497.335858
1497.335858
1497.335858
1497.335858
1497.335858
1497.335858
1497.335858
1497.335858
1497.335858
1497.335858
1497.335858
1497.335858
1497.335858
1497.335858
1497.335858
1497.335858
1497.335858
1497.335858
1497.335858
1497.335858
1497.335858
1497.335858
1497.335858
1497.335858
1497.335858
1497.335858
1497.335858
1497.335858
1497.335858
1497.335858
1497.335858
1497.335858
1497.335858
1497.335858
1497.335858
1497.335858
1497.335858
1497.335858
1497.335858
1497.335858
1497.335858
1497.335858
1497.335858
1497.335858
1497.335858
1497.335858
1497.335858
1497.335858
1497.335858
1497.335858
1497.335858
1497.335858
1497.335858
1497.335858
1497.335858
1497.335858
1497.335858
1497.335858
1497.335858
1497.335858
1497.335858
1497.335858
1497.335858
1497.335858
1497.335858
1497.335858
1497.335858
1497.335858
1497.335858
1497.335858
1497.335858
1497.335858
1497.335858
1497.335858
1497.335858
1497.335858
1497.335858
1497.335858
1497.335858
1497.335858
1497.335858
1497.335858
1497.335858
1497.335858
1497.335858
1497.335858
1497.335858
1497.335858
1497.335858
1497.335858
1497.335858
1497.335858
1497.335858
1497.335858
1497.335858
1497.335858
1497.335858
1497.335858
1497.335858
1497.335858
1497.335858
1497.335858
1497.335858
1497.335858
1497.335858
1497.335858
1497.335858
1497.335858
1497.335858
1497.335858
1497.335858
1497.335858
1497.335858
1497.335858
1497.335858
1497.335858
1497.335858
1497.335858
1497.335858
1497.335858
1497.335858
1497.335858
1497.335858
1497.335858
1497.335858
1497.335858
1497.335858
1497.335858
1497.335858
1497.335858
1497.335858
1497.335858
1497.335858
1497.335858
1497.335858
1497.335858
1497.335858
1497.335858
1497.335858
1497.335858
1497.335858
1497.335858
1497.335858
1497.335858
1497.335858
1497.335858
1497.335858
1497.335858
1497.335858
1497.335858
1497.335858
1497.335858
1497.335858
1497.335858
1497.335858
1497.335858
1497.335858
1497.335858
1497.335858
1497.335858
1497.335858
1497.335858
1497.335858
1497.335858
1497.335858
1497.335858
1497.335858
1497.335858
1497.335858
1497.335858
1497.335858
1497.335858
1497.335858
1497.335858
1497.335858
1497.335858
1497.335858
1497.335858
1497.335858
1497.335858
1497.335858
1497.335858
1497.335858
1497.335858
1497.335858
1497.335858
1497.335858
1497.335858
1497.335858
1497.335858
1497.335858
1497.335858
1497.335858
1497.335858
1497.335858
1497.335858
1497.335858
1497.335858
1497.335858
1497.335858
1497.335858
1497.335858
1497.335858
1497.335858
1497.335858
1497.335858
1497.335858
1497.335858
1497.335858
1497.335858
1497.321489
1497.321489
1497.321489
1497.321489
1497.321489
1497.321489
1497.321489
1497.321489
1497.321489
1497.321489
1497.321489
1497.321489
1497.321489
1497.321489
1497.133460
1497.133460
1497.133460
1497.133460
1497.133460
1497.133460
1497.133460
1495.277814
1495.277814
1495.277814
1495.277814
1495.277814
1495.277814
1495.277814
1495.277814
1495.277814
1495.277814
1495.277814
1495.277814
1495.277814
1495.277814
1495.277814
1495.277814
1495.277814
1495.277814
1495.277814
1495.277814
1495.277814
1495.277814
1495.277814
1495.277814
1495.277814
1495.277814
1495.277814
1495.277814
1495.277814
1495.277814
1495.277814
1495.277814
1495.277814
1495.277814
1495.277814
1495.277814
1495.277814
1495.277814
1495.277814
1495.277814
1495.277814
1495.277814
1495.277814
1495.277814
1495.277814
1495.277814
1495.277814
1495.277814
1495.277814
1495.277814
1495.277814
1495.277814
1495.277814
1495.277814
1495.277814
1495.277814
1495.277814
1495.277814
1495.277814
1495.277814
1495.277814
1495.277814
1495.277814
1495.277814
1495.277814
1495.277814
1495.277814
1495.277814
1495.277814
1495.277814
1495.277814
1495.277814
1495.277814
1495.277814
1495.277814
1495.277814
1495.277814
1495.277814
1495.277814
1495.277814
1495.277814
1495.277814
1495.277814
1495.277814
1495.277814
1495.277814
1495.277814
1495.277814
1495.277814
1495.277814
1495.277814
1495.277814
1495.277814
1495.277814
1495.277814
1495.277814
1495.277814
1495.277814
1495.277814
1495.277814
1495.277814
1495.277814
1495.277814
1495.277814
1495.277814
1495.277814
1495.277814
1495.277814
1495.277814
1495.277814
1495.277814
1495.277814
1495.277814
1495.277814
1495.277814
1495.277814
1495.277814
1495.277814
1495.277814
1495.277814
1495.277814
1495.277814
1495.277814
1495.277814
1495.277814
1495.277814
1495.277814
1495.277814
1495.277814
1495.277814
1495.277814
1495.277814
1495.277814
1495.277814
1495.277814
1495.277814
1495.277814
1495.277814
1495.277814
1495.277814
1495.277814
1495.277814
1495.277814
1495.277814
1495.277814
1495.277814
1495.277814
1495.277814
1495.277814
1495.277814
1495.277814
1495.277814
1495.277814
1495.277814
1495.277814
1495.277814
1494.343540
1494.343540
1494.343540
1494.343540
1494.343540
1494.343540
1494.343540
1494.343540
1494.343540
1494.343540
1494.343540
1494.343540
1494.343540
1494.343540
1494.343540
1493.807074
1493.807074
1493.807074
1493.807074
1493.807074
1493.807074
1493.807074
1493.807074
1493.807074
1493.807074
1493.807074
1493.807074
1493.807074
1493.807074
1493.807074
1493.807074
1493.807074
1493.807074
1493.807074
1493.807074
1493.807074
1493.807074
1493.807074
1493.807074
1493.807074
1493.807074
1493.807074
1493.807074
1493.807074
1493.807074
1493.807074
1493.807074
1493.807074
1493.807074
1493.807074
1493.807074
1493.807074
1492.784772
1492.784772
1492.784772
1492.784772
1492.784772
1492.784772
1492.784772
1492.784772
1492.784772
1492.784772
1492.784772
1492.784772
1492.784772
1492.784772
1492.784772
1492.784772
1492.784772
1492.784772
1492.784772
1492.784772
1492.784772
1492.784772
1492.784772
1492.784772
1492.784772
1492.784772
1492.784772
1492.784772
1492.784772
1492.784772
1492.784772
1492.305432
1492.305432
1492.305432
1492.305432
1492.305432
1492.305432
1492.305432
1492.305432
1492.305432
1492.305432
1492.305432
1492.305432
1492.305432
1492.305432
1492.305432
1492.305432
1492.305432
1492.305432
1492.305432
1492.305432
1492.305432
1492.305432
1492.305432
1492.305432
1492.305432
1492.305432
1492.305432
1492.305432
1492.305432
1492.305432
1492.305432
1492.305432
1492.305432
1492.305432
1492.305432
1492.305432
1492.305432
1492.305432
1492.305432
1492.305432
1492.305432
1492.305432
1492.305432
1492.305432
1492.305432
1492.305432
1492.305432
1492.305432
1492.305432
1492.305432
1492.305432
1492.305432
1492.305432
1492.305432
1492.305432
1492.305432
1492.305432
1492.305432
1492.305432
1492.305432
1492.305432
1492.305432
1492.305432
1492.305432
1492.305432
1492.305432
1492.305432
1492.305432
1492.305432
1492.305432
1492.305432
1492.305432
1492.305432
1492.305432
1492.305432
1492.305432
1492.305432
1492.305432
1492.305432
1492.305432
1492.305432
1492.305432
1492.305432
1492.305432
1492.305432
1492.305432
1492.305432
1492.305432
1492.305432
1492.305432
1492.305432
1492.305432
1492.305432
1492.305432
1492.305432
1492.305432
1492.305432
1492.305432
1492.305432
1492.305432
1492.305432
1492.186391
1492.186391
1492.186391
1492.186391
1492.186391
1492.186391
1492.186391
1492.186391
1492.186391
1492.186391
1492.186391
1492.186391
1492.186391
1492.186391
1492.186391
1492.186391
1492.186391
1492.186391
1491.391604
1491.391604
1491.391604
1491.391604
1491.391604
1491.391604
1491.391604
1491.391604
1491.391604
1491.391604
1491.391604
1491.391604
1491.391604
1491.391604
1491.391604
1491.391604
1491.391604
1491.391604
1491.391604
1491.391604
1490.138672
1490.138672
1490.138672
1490.138672
1490.138672
1490.138672
1490.138672
1490.138672
1490.138672
1490.138672
1490.138672
1490.138672
1490.138672
1490.138672
1490.138672
1490.138672
1490.138672
1490.138672
1490.138672
1490.138672
1490.138672
1490.138672
1490.138672
1490.138672
1490.138672
1490.138672
1490.138672
1490.138672
1490.138672
1490.138672
1490.138672
1490.138672
1490.138672
1490.138672
1490.138672
1490.138672
1490.138672
1490.138672
1490.138672
1490.138672
1490.138672
1490.138672
1490.138672
1490.138672
1490.138672
1490.138672
1490.138672
1490.138672
1490.138672
1490.138672
1490.138672
1490.138672
1490.138672
1490.138672
1490.138672
1490.138672
1490.138672
1490.138672
1490.138672
1490.138672
1490.138672
1490.138672
1490.138672
1490.138672
1490.138672
1490.138672
1490.138672
1490.138672
1490.138672
1490.138672
1490.138672
1490.138672
1490.138672
1490.138672
1490.138672
1490.138672
1490.138672
1490.138672
1490.138672
1490.138672
1490.138672
1490.138672
1490.138672
1490.138672
1490.138672
1490.138672
1490.138672
1490.138672
1490.138672
1490.138672
1490.138672
1490.138672
1490.138672
1490.138672
1490.138672
1490.138672
1490.138672
1490.138672
1490.138672
1490.138672
1490.138672
1490.138672
1490.138672
1490.138672
1490.138672
1490.138672
1490.138672
1490.138672
1490.138672
1490.138672
1490.138672
1490.138672
1490.138672
1490.138672
1490.138672
1490.138672
1490.138672
1490.138672
1490.138672
1490.138672
1490.138672
1490.138672
1490.138672
1490.138672
1490.138672
1490.138672
1490.138672
1490.138672
1490.138672
1490.138672
1490.138672
1490.138672
1490.138672
1490.028907
1490.028907
1490.028907
1490.028907
1490.028907
1490.028907
1490.028907
1490.028907
1490.028907
1490.028907
1490.028907
1490.028907
1490.028907
1490.028907
1490.028907
1490.028907
1490.028907
1490.028907
1489.591060
1489.591060
1489.591060
1489.591060
1489.591060
1489.591060
1489.591060
1489.591060
1489.591060
1489.591060
1489.591060
1489.591060
1489.591060
1489.591060
1489.591060
1489.591060
1489.591060
1489.591060
1489.591060
1489.591060
1489.591060
1489.591060
1489.591060
1489.591060
1489.591060
1489.591060
1489.591060
1489.591060
1489.591060
1489.591060
1489.591060
1489.591060
1489.591060
1489.591060
1489.591060
1489.591060
1489.591060
1489.591060
1489.591060
1489.591060
1489.591060
1489.591060
1489.591060
1489.591060
1489.591060
1489.420976
1489.420976
1489.420976
1489.420976
1489.420976
1489.420976
1489.420976
1489.420976
1489.420976
1489.420976
1489.420976
1489.420976
1489.420976
1489.420976
1489.420976
1489.420976
1489.420976
1489.420976
1489.420976
1489.420976
1489.420976
1489.420976
1489.420976
1488.951128
1488.951128
1488.951128
1488.951128
1488.951128
1488.951128
1488.951128
1488.951128
1488.951128
1488.951128
1488.951128
1488.951128
1488.951128
1488.951128
1488.951128
1488.951128
1488.951128
1488.951128
1488.951128
1488.951128
1488.951128
1488.951128
1488.951128
1488.951128
1488.951128
1488.951128
1488.951128
1488.951128
1488.951128
1488.951128
1488.951128
1488.951128
1488.951128
1488.951128
1488.951128
1488.951128
1488.951128
1488.951128
1488.951128
1488.674746
1488.674746
1488.674746
1488.674746
1488.674746
1488.674746
1488.674746
1488.674746
1488.674746
1488.674746
1488.674746
1488.674746
1488.674746
1488.674746
1488.674746
1488.674746
1488.674746
1488.674746
1488.615726
1488.615726
1488.615726
1488.615726
1488.615726
1488.615726
1488.615726
1488.615726
1488.615726
1488.615726
1488.615726
1488.615726
1488.615726
1488.615726
1488.615726
1488.615726
1488.615726
1488.615726
1488.615726
1488.615726
1488.615726
1488.615726
1488.615726
1488.615726
1488.194561
1488.194561
1488.194561
1488.194561
1488.194561
1488.194561
1488.194561
1488.194561
1488.194561
1488.194561
1488.194561
1488.194561
1488.194561
1488.194561
1488.194561
1488.194561
1488.194561
1488.194561
1488.194561
1487.789010
1487.789010
1487.789010
1487.789010
1487.446660
1487.446660
1487.446660
1487.446660
1487.446660
1487.446660
1487.446660
1487.446660
1487.446660
1487.446660
1487.446660
1487.446660
1487.446660
1487.446660
1487.446660
1487.446660
1487.446660
1487.446660
1487.446660
1487.446660
1487.446660
1487.305322
1487.305322
1487.305322
1487.305322
1487.305322
1487.305322
1487.305322
1487.305322
1487.305322
1487.305322
1487.305322
1487.305322
1487.305322
1487.305322
1487.305322
1487.305322
1487.305322
1487.305322
1487.305322
1487.305322
1487.305322
1487.305322
1487.305322
1487.305322
1487.305322
1487.093221
1487.093221
1487.093221
1487.093221
1487.093221
1487.093221
1486.191278
1486.191278
1486.191278
1486.191278
1486.191278
1486.191278
1486.191278
1486.191278
1486.191278
1486.191278
1486.191278
1486.191278
1486.191278
1486.191278
1486.191278
1486.191278
1486.191278
1486.191278
1486.191278
1486.191278
1486.191278
1486.191278
1486.191278
1486.191278
1486.191278
1486.191278
1486.191278
1486.191278
1486.191278
1486.191278
1486.191278
1486.191278
1486.191278
1486.191278
1486.191278
1486.191278
1486.191278
1486.191278
1486.191278
1486.191278
1486.191278
1486.191278
1486.191278
1486.191278
1486.191278
1486.191278
1486.191278
1486.191278
1486.191278
1486.191278
1486.191278
1486.191278
1486.191278
1486.191278
1486.191278
1486.191278
1486.191278
1486.191278
1486.191278
1486.191278
1486.191278
1486.191278
1486.191278
1486.191278
1486.191278
1486.191278
1486.191278
1486.191278
1486.191278
1486.191278
1486.191278
1486.191278
1486.191278
1486.191278
1486.191278
1486.191278
1486.191278
1486.191278
1486.191278
1486.191278
1486.191278
1486.191278
1486.191278
1486.191278
1486.191278
1486.191278
1486.191278
1486.191278
1486.191278
1486.191278
1486.191278
1486.191278
1486.191278
1486.191278
1486.191278
1486.191278
1486.191278
1486.191278
1486.191278
1486.191278
1486.191278
1486.191278
1486.191278
1486.191278
1486.191278
1486.191278
1486.191278
1486.191278
1486.191278
1486.191278
1486.191278
1486.191278
1486.191278
1486.191278
1486.191278
1486.191278
1486.191278
1486.191278
1486.191278
1486.191278
1486.191278
1486.191278
1486.191278
1486.191278
1486.191278
1486.191278
1486.191278
1486.191278
1486.191278
1486.191278
1486.191278
1486.191278
1486.191278
1486.191278
1486.191278
1486.191278
1486.191278
1486.191278
1486.191278
1486.191278
1486.191278
1486.191278
1486.191278
1484.929209
1484.929209
1484.929209
1484.929209
1484.929209
1484.929209
1484.929209
1484.929209
1484.929209
1484.929209
1484.929209
1484.929209
1484.929209
1484.929209
1484.929209
1484.929209
1484.929209
1484.929209
1484.929209
1484.929209
1484.929209
1484.929209
1484.929209
1484.929209
1484.929209
1484.929209
1484.929209
1484.929209
1484.929209
1484.929209
1484.929209
1484.929209
1484.929209
1484.929209
1484.929209
1484.929209
1484.929209
1484.929209
1484.929209
1484.929209
1484.929209
1484.929209
1484.929209
1484.929209
1484.929209
1484.929209
1484.929209
1484.929209
1484.929209
1484.929209
1484.929209
1484.929209
1484.929209
1484.929209
1484.929209
1484.929209
1484.929209
1484.929209
1484.929209
1484.929209
1484.929209
1484.929209
1484.929209
1484.929209
1484.929209
1484.929209
1484.929209
1484.929209
1484.929209
1484.929209
1484.929209
1484.929209
1484.929209
1484.929209
1484.929209
1484.929209
1484.929209
1484.929209
1484.929209
1484.929209
1484.929209
1484.929209
1484.929209
1484.929209
1484.929209
1484.929209
1484.929209
1484.929209
1484.929209
1484.929209
1484.929209
1484.929209
1484.929209
1484.929209
1484.929209
1484.929209
1484.929209
1484.929209
1484.929209
1484.929209
1484.929209
1484.929209
1484.929209
1484.929209
1484.929209
1484.929209
1484.929209
1484.929209
1484.929209
1484.929209
1484.929209
1484.929209
1484.929209
1484.929209
1484.929209
1484.929209
1484.929209
1484.929209
1484.929209
1484.929209
1484.929209
1484.929209
1484.929209
1484.929209
1484.929209
1484.929209
1484.929209
1484.929209
1484.929209
1484.929209
1484.929209
1484.929209
1484.929209
1484.929209
1484.929209
1484.761609
1484.761609
1484.761609
1484.761609
1484.761609
1484.761609
1484.761609
1484.761609
1484.761609
1484.761609
1484.761609
1484.761609
1484.761609
1484.761609
1484.761609
1484.761609
1484.761609
1484.761609
1484.761609
1484.761609
1484.761609
1484.761609
1484.761609
1484.761609
1484.761609
1484.761609
1484.761609
1484.761609
1484.761609
1484.761609
1484.761609
1484.761609
1484.761609
1484.761609
1484.761609
1484.761609
1484.761609
1484.761609
1484.761609
1484.761609
1484.761609
1484.761609
1484.761609
1484.761609
1484.761609
1484.761609
1484.761609
1484.761609
1484.761609
1484.761609
1484.761609
1484.761609
1484.761609
1484.761609
1484.761609
1484.761609
1484.761609
1484.761609
1484.761609
1484.761609
1484.761609
1484.761609
1484.761609
1484.761609
1484.761609
1484.745642
1484.745642
1484.745642
1484.745642
1484.745642
1484.745642
1484.745642
1484.745642
1484.745642
1484.745642
1484.745642
1484.745642
1484.745642
1484.745642
1484.745642
1484.745642
1484.745642
1484.745642
1484.745642
1484.745642
1484.745642
1484.745642
1484.745642
1484.745642
1484.745642
1484.745642
1484.745642
1484.745642
1484.745642
1484.745642
1484.745642
1484.745642
1484.745642
1484.745642
1484.745642
1484.745642
1484.745642
1484.745642
1484.745642
1484.745642
1484.745642
1484.745642
1484.745642
1484.745642
1484.745642
1484.745642
1484.745642
1484.745642
1484.745642
1484.745642
1484.745642
1484.745642
1484.745642
1484.745642
1484.745642
1484.745642
1484.745642
1484.745642
1484.745642
1484.745642
1484.745642
1484.745642
1484.745642
1484.745642
1484.745642
1484.745642
1484.745642
1484.745642
1484.745642
1484.745642
1484.745642
1484.745642
1484.745642
1484.745642
1484.745642
1484.267576
1484.267576
1484.267576
1484.267576
1484.267576
1484.267576
1484.267576
1484.267576
1484.267576
1484.267576
1484.267576
1484.267576
1484.267576
1484.267576
1484.267576
1484.267576
1484.267576
1484.267576
1484.267576
1484.037899
1484.037899
1484.037899
1484.037899
1483.395125
1483.395125
1483.395125
1483.395125
1483.395125
1483.395125
1483.395125
1483.395125
1483.395125
1483.395125
1483.395125
1483.395125
1483.395125
1483.395125
1483.395125
1483.395125
1483.395125
1483.395125
1483.395125
1483.395125
1483.395125
1483.395125
1483.395125
1483.395125
1483.395125
1483.395125
1483.395125
1483.395125
1483.395125
1483.395125
1483.395125
1483.395125
1483.395125
1483.395125
1483.395125
1483.395125
1483.395125
1483.395125
1483.395125
1483.320181
1483.320181
1483.320181
1483.320181
1483.320181
1483.320181
1483.320181
1483.320181
1483.320181
1483.320181
1483.320181
1483.320181
1483.320181
1483.320181
1483.320181
1483.320181
1483.320181
1483.320181
1483.320181
1483.320181
1483.320181
1483.320181
1483.320181
1483.320181
1483.320181
1483.320181
1483.320181
1483.320181
1483.320181
1483.320181
1483.320181
1483.320181
1483.320181
1483.320181
1483.320181
1483.320181
1483.320181
1483.320181
1483.320181
1483.320181
1483.320181
1483.320181
1483.320181
1483.320181
1483.320181
1483.320181
1483.320181
1483.320181
1483.320181
1483.320181
1483.320181
1483.320181
1483.320181
1483.320181
1483.320181
1483.320181
1483.320181
1483.320181
1483.320181
1483.320181
1483.320181
1483.320181
1483.320181
1483.320181
1483.320181
1483.320181
1483.320181
1483.320181
1483.320181
1483.320181
1483.320181
1483.320181
1483.320181
1483.320181
1483.320181
1483.320181
1483.320181
1483.320181
1483.320181
1483.320181
1483.320181
1483.320181
1483.320181
1483.320181
1483.320181
1483.320181
1483.320181
1483.320181
1483.320181
1483.320181
1483.320181
1483.320181
1483.320181
1483.320181
1483.320181
1483.320181
1483.320181
1483.320181
1483.320181
1483.150811
1483.150811
1483.150811
1483.150811
1483.150811
1483.150811
1483.150811
1483.150811
1483.150811
1483.150811
1483.150811
1483.150811
1483.150811
1483.150811
1483.150811
1483.150811
1483.150811
1483.150811
1483.150811
1483.150811
1483.150811
1483.150811
1483.150811
1483.150811
1483.150811
1483.150811
1483.150811
1483.150811
1483.150811
1483.150811
1483.150811
1483.150811
1483.150811
1483.150811
1483.150811
1483.150811
1483.150811
1483.150811
1483.150811
1483.150811
1483.150811
1483.150811
1483.150811
1483.150811
1483.150811
1483.150811
1483.150811
1483.150811
1483.150811
1483.150811
1483.150811
1483.150811
1483.150811
1483.150811
1483.150811
1483.150811
1483.150811
1483.150811
1483.150811
1483.150811
1483.150811
1483.150811
1483.150811
1483.150811
1483.150811
1483.150811
1483.150811
1483.150811
1483.150811
1483.150811
1483.150811
1483.150811
1483.150811
1483.150811
1483.150811
1483.150811
1483.150811
1483.150811
1483.150811
1483.150811
1483.150811
1483.150811
1483.150811
1483.150811
1483.150811
1483.150811
1483.150811
1483.150811
1483.150811
1483.150811
1483.150811
1483.150811
1483.150811
1483.150811
1483.150811
1483.150811
1483.150811
1483.150811
1483.150811
1483.150811
1483.150811
1483.150811
1483.150811
1483.150811
1483.150811
1483.150811
1483.150811
1483.150811
1483.150811
1483.150811
1483.150811
1483.150811
1483.150811
1483.150811
1483.150811
1483.150811
1483.150811
1483.125944
1483.125944
1483.125944
1483.125944
1483.125944
1483.125944
1483.125944
1483.125944
1483.125944
1483.125944
1483.125944
1483.125944
1483.125944
1483.125944
1483.125944
1483.125944
1483.125944
1483.125944
1483.125944
1483.125944
1483.125944
1483.125944
1483.125944
1483.125944
1483.125944
1483.125944
1483.125944
1483.125944
1483.125944
1483.125944
1483.125944
1483.125944
1483.125944
1483.125944
1483.125944
1483.125944
1483.125944
1483.125944
1483.125944
1483.125944
1483.125944
1483.125944
1483.125944
1483.125944
1483.125944
1483.125944
1483.125944
1483.125944
1483.125944
1483.125944
1483.125944
1483.125944
1483.125944
1483.125944
1483.125944
1483.125944
1483.125944
1483.125944
1483.125944
1483.125944
1483.125944
1483.125944
1483.125944
1483.125944
1483.125944
1483.125944
1482.796822
1482.796822
1482.796822
1482.796822
1482.796822
1482.796822
1482.796822
1482.796822
1482.796822
1482.796822
1482.796822
1482.796822
1482.796822
1482.796822
1482.796822
1482.777499
1482.777499
1482.777499
1482.777499
1482.777499
1482.777499
1482.777499
1482.762547
1482.762547
1482.762547
1482.345174
1482.345174
1482.345174
1482.345174
1482.345174
1482.345174
1482.345174
1482.345174
1482.345174
1482.345174
1482.345174
1482.345174
1482.345174
1482.345174
1482.345174
1482.345174
1482.345174
1482.345174
1482.345174
1482.345174
1482.345174
1482.345174
1482.345174
1482.345174
1482.345174
1482.345174
1482.345174
1482.345174
1482.345174
1482.345174
1482.345174
1482.345174
1482.345174
1482.345174
1482.345174
1482.345174
1482.345174
1482.345174
1482.345174
1482.345174
1482.345174
1482.345174
1482.345174
1482.345174
1482.345174
1482.345174
1482.345174
1482.345174
1482.274751
1482.274751
1482.274751
1482.274751
1482.274751
1482.274751
1482.274751
1482.274751
1482.274751
1482.274751
1482.274751
1482.274751
1482.274751
1482.274751
1482.274751
1482.274751
1482.117707
1482.117707
1482.117707
1482.117707
1482.117707
1482.117707
1482.117707
1482.117707
1482.117707
1482.117707
1482.117707
1482.117707
1482.117707
1482.117707
1482.117707
1482.117707
1482.117707
1482.117707
1482.117707
1482.117707
1482.117707
1482.117707
1482.117707
1482.117707
1482.117707
1482.117707
1482.117707
1482.117707
1482.117707
1482.117707
1482.117707
1482.117707
1482.117707
1482.117707
1482.117707
1482.117707
1482.117707
1482.117707
1482.117707
1482.117707
1481.021128
1481.021128
1481.021128
1481.021128
1481.021128
1481.021128
1481.021128
1481.021128
1481.021128
1481.021128
1481.021128
1481.021128
1481.021128
1481.021128
1481.021128
1481.021128
1481.021128
1481.021128
1481.021128
1481.021128
1481.021128
1481.021128
1481.021128
1481.021128
1481.021128
1481.021128
1481.021128
1481.021128
1481.021128
1481.021128
1481.021128
1481.021128
1481.021128
1481.021128
1481.021128
1481.021128
1481.021128
1481.021128
1481.021128
1481.021128
1481.021128
1481.021128
1481.021128
1481.021128
1481.021128
1481.021128
1481.021128
1481.021128
1481.021128
1481.021128
1481.021128
1481.021128
1481.021128
1481.021128
1481.021128
1481.021128
1481.021128
1481.021128
1481.021128
1481.021128
1481.021128
1481.021128
1481.021128
1481.021128
1481.021128
1481.021128
1481.021128
1481.021128
1481.021128
1481.021128
1481.021128
1481.021128
1481.021128
1481.021128
1481.021128
1481.021128
1481.021128
1481.021128
1481.021128
1481.021128
1480.903583
1480.903583
1480.903583
1480.903583
1480.903583
1480.103722
1480.103722
1480.103722
1480.103722
1480.103722
1480.103722
1480.103722
1480.103722
1480.103722
1480.103722
1480.103722
1480.103722
1480.103722
1480.103722
1480.103722
1480.103722
1480.103722
1480.103722
1480.103722
1480.103722
1480.103722
1480.103722
1480.103722
1480.103722
1480.103722
1480.103722
1480.103722
1480.103722
1480.103722
1480.103722
1480.103722
1480.103722
1480.103722
1480.103722
1480.103722
1480.103722
1480.103722
1480.103722
1480.103722
1480.103722
1480.103722
1480.103722
1480.103722
1480.103722
1480.103722
1480.103722
1480.103722
1480.103722
1480.103722
1480.103722
1480.103722
1480.103722
1480.103722
1480.103722
1480.103722
1480.103722
1480.103722
1480.103722
1480.103722
1480.103722
1480.103722
1480.103722
1480.103722
1480.103722
1480.103722
1480.103722
1480.103722
1480.103722
1480.103722
1480.103722
1480.103722
1480.103722
1480.103722
1480.103722
1480.103722
1480.103722
1480.103722
1480.103722
1480.103722
1479.378765
1479.378765
1479.378765
1479.378765
1479.378765
1479.378765
1479.378765
1479.378765
1479.378765
1479.378765
1479.378765
1479.378765
1479.378765
1479.378765
1479.378765
1479.378765
1479.378765
1479.378765
1479.378765
1479.378765
1479.378765
1479.378765
1479.378765
1479.378765
1479.378765
1479.378765
1479.378765
1479.378765
1479.378765
1479.378765
1479.378765
1479.378765
1479.378765
1479.378765
1479.378765
1479.378765
1479.378765
1479.378765
1479.378765
1479.378765
1479.378765
1479.378765
1479.378765
1479.378765
1479.378765
1479.378765
1479.378765
1479.378765
1479.378765
1479.378765
1479.378765
1479.378765
1479.378765
1479.378765
1479.378765
1479.378765
1479.378765
1479.378765
1479.378765
1479.378765
1479.378765
1479.378765
1479.378765
1479.378765
1479.378765
1479.378765
1479.378765
1479.378765
1479.378765
1479.378765
1479.378765
1479.378765
1479.378765
1479.378765
1479.378765
1479.378765
1479.378765
1479.378765
1479.378765
1479.378765
1479.065715
1479.065715
1479.065715
1479.065715
1479.065715
1479.065715
1479.065715
1479.065715
1479.065715
1479.065715
1479.065715
1479.065715
1479.065715
1479.065715
1479.065715
1479.065715
1479.065715
1479.065715
1479.065715
1479.065715
1479.065715
1479.065715
1479.065715
1479.065715
1479.065715
1479.065715
1479.065715
1479.065715
1479.065715
1479.065715
1479.065715
1479.065715
1479.065715
1479.065715
1479.065715
1479.065715
1479.065715
1479.065715
1479.065715
1479.065715
1479.065715
1479.065715
1479.065715
1479.065715
1479.065715
1479.065715
1479.065715
1479.065715
1479.065715
1479.065715
1478.937012
1478.937012
1478.937012
1478.937012
1478.937012
1478.937012
1478.937012
1478.937012
1478.937012
1478.937012
1478.937012
1478.937012
1478.937012
1478.937012
1478.937012
1478.937012
1478.937012
1478.937012
1478.937012
1478.937012
1478.937012
1478.937012
1478.937012
1478.937012
1478.937012
1478.937012
1478.937012
1478.937012
1478.937012
1478.937012
1478.937012
1478.937012
1478.937012
1478.937012
1478.937012
1478.937012
1478.937012
1478.937012
1478.937012
1478.937012
1478.937012
1478.937012
1478.937012
1478.937012
1478.937012
1478.937012
1478.937012
1478.937012
1478.937012
1478.937012
1478.937012
1478.937012
1478.937012
1478.937012
1478.937012
1478.937012
1478.937012
1478.937012
1478.937012
1478.937012
1478.937012
1478.937012
1478.937012
1478.937012
1478.917459
1478.917459
1478.917459
1478.917459
1478.917459
1478.917459
1478.917459
1478.917459
1478.917459
1478.917459
1478.813049
1478.813049
1478.813049
1478.813049
1478.813049
1478.813049
1478.813049
1478.813049
1478.813049
1478.813049
1478.813049
1478.813049
1478.489013
1478.489013
1478.489013
1478.489013
1478.489013
1478.489013
1478.489013
1478.489013
1478.489013
1478.489013
1478.489013
1478.489013
1478.489013
1478.489013
1478.489013
1478.489013
1478.103645
1477.849917
1477.849917
1477.849917
1477.849917
1477.849917
1477.849917
1477.849917
1477.849917
1477.849917
1477.849917
1477.849917
1477.849917
1477.849917
1477.849917
1477.849917
1477.849917
1477.849917
1477.849917
1477.849917
1477.849917
1477.849917
1477.849917
1477.849917
1477.849917
1477.849917
1477.849917
1477.849917
1477.849917
1477.849917
1477.849917
1477.849917
1477.849917
1477.849917
1477.849917
1477.849917
1477.849917
1477.849917
1477.849917
1477.849917
1477.849917
1477.849917
1477.849917
1477.849917
1477.849917
1477.849917
1477.849917
1477.849917
1477.849917
1477.849917
1477.849917
1477.849917
1477.849917
1477.849917
1477.849917
1477.849917
1477.849917
1477.849917
1477.849917
1477.849917
1477.849917
1477.849917
1477.849917
1477.849917
1477.849917
1477.849917
1477.849917
1477.849917
1477.849917
1477.849917
1477.849917
1477.849917
1477.849917
1477.849917
1477.849917
1477.849917
1477.849917
1477.849917
1477.849917
1477.849917
1477.849917
1477.849917
1477.849917
1477.849917
1477.849917
1477.849917
1477.849917
1477.849917
1477.849917
1477.849917
1477.849917
1477.849917
1477.849917
1477.849917
1477.849917
1477.849917
1477.849917
1477.849917
1477.849917
1477.849917
1477.849917
1477.849917
1477.849917
1477.849917
1477.849917
1477.849917
1477.849917
1477.849917
1477.849917
1477.849917
1477.849917
1477.849917
1477.849917
1477.849917
1477.849917
1477.849917
1477.849917
1477.849917
1477.849917
1477.849917
1477.849917
1477.849917
1477.849917
1477.849917
1477.849917
1477.849917
1477.849917
1477.849917
1477.849917
1477.849917
1477.849917
1477.849917
1477.849917
1477.849917
1477.849917
1477.849917
1477.849917
1477.849917
1477.849917
1477.849917
1477.849917
1477.547104
1477.547104
1477.547104
1477.547104
1477.547104
1477.547104
1477.547104
1477.547104
1477.547104
1477.547104
1477.547104
1477.547104
1477.547104
1477.547104
1477.547104
1477.547104
1477.547104
1477.547104
1477.547104
1477.547104
1477.547104
1477.547104
1477.547104
1477.547104
1477.547104
1477.547104
1477.547104
1477.547104
1477.547104
1477.547104
1477.547104
1477.547104
1477.547104
1477.547104
1477.547104
1477.547104
1477.547104
1477.547104
1477.547104
1477.547104
1477.547104
1477.547104
1477.547104
1477.547104
1477.547104
1477.547104
1477.547104
1477.547104
1477.547104
1477.422669
1477.422669
1477.422669
1477.422669
1477.422669
1477.422669
1477.422669
1477.422669
1477.422669
1477.422669
1477.422669
1477.422669
1477.422669
1477.422669
1477.422669
1477.422669
1477.422669
1477.422669
1477.422669
1477.422669
1477.422669
1477.422669
1477.422669
1477.422669
1477.422669
1477.422669
1477.422669
1477.422669
1477.422669
1477.422669
1477.422669
1477.422669
1477.422669
1477.422669
1477.422669
1477.422669
1477.422669
1477.422669
1477.422669
1477.422669
1477.422669
1477.422669
1477.422669
1477.422669
1477.422669
1477.422669
1477.422669
1477.422669
1477.422669
1477.422669
1477.422669
1477.422669
1477.422669
1477.422669
1477.422669
1477.422669
1477.422669
1477.422669
1477.422669
1477.422669
1477.422669
1477.422669
1477.422669
1477.422669
1477.422669
1477.422669
1477.422669
1477.422669
1477.422669
1477.422669
1477.422669
1477.422669
1477.422669
1477.422669
1477.422669
1477.422669
1477.422669
1477.422669
1477.422669
1477.422669
1477.422669
1477.422669
1477.422669
1477.422669
1477.422669
1477.422669
1477.422669
1477.422669
1477.422669
1477.422669
1477.422669
1477.422669
1477.422669
1477.422669
1477.422669
1477.422669
1477.422669
1477.422669
1477.295002
1477.295002
1477.295002
1477.295002
1477.295002
1477.295002
1477.295002
1477.295002
1477.295002
1477.295002
1477.295002
1477.295002
1477.295002
1477.295002
1477.295002
1477.295002
1477.295002
1477.295002
1477.295002
1477.295002
1477.295002
1477.295002
1477.295002
1477.295002
1477.295002
1477.295002
1477.295002
1477.295002
1477.295002
1477.295002
1477.295002
1477.295002
1477.295002
1477.295002
1477.295002
1477.295002
1477.295002
1477.295002
1477.295002
1477.295002
1477.295002
1477.295002
1477.295002
1476.549409
1476.549409
1476.549409
1476.549409
1476.549409
1476.549409
1476.549409
1476.549409
1476.549409
1476.549409
1476.549409
1476.549409
1476.549409
1476.549409
1476.549409
1476.549409
1476.549409
1476.549409
1476.549409
1476.549409
1476.549409
1476.549409
1476.549409
1476.549409
1476.549409
1476.549409
1476.549409
1476.549409
1476.549409
1476.549409
1476.549409
1476.549409
1476.549409
1476.549409
1476.549409
1476.549409
1476.549409
1476.549409
1476.549409
1476.549409
1476.549409
1476.549409
1476.549409
1476.549409
1476.549409
1476.549409
1476.549409
1476.549409
1476.549409
1476.549409
1476.549409
1476.549409
1476.549409
1476.549409
1476.549409
1476.549409
1476.549409
1476.549409
1476.549409
1476.549409
1476.549409
1476.549409
1476.549409
1476.549409
1476.549409
1476.549409
1476.549409
1476.549409
1476.549409
1476.549409
1476.549409
1476.549409
1476.549409
1476.549409
1476.549409
1476.549409
1476.549409
1476.549409
1476.549409
1476.549409
1476.549409
1476.549409
1476.549409
1476.549409
1476.549409
1476.549409
1476.549409
1476.549409
1476.549409
1476.549409
1476.549409
1476.549409
1476.549409
1476.549409
1476.469232
1476.469232
1476.469232
1476.469232
1476.469232
1476.469232
1476.469232
1476.469232
1476.469232
1476.469232
1476.469232
1476.469232
1476.469232
1476.469232
1476.469232
1476.469232
1476.469232
1476.469232
1476.469232
1476.469232
1476.469232
1476.469232
1476.469232
1476.469232
1476.469232
1476.469232
1476.469232
1476.469232
1476.469232
1476.469232
1476.469232
1476.469232
1476.469232
1476.469232
1476.469232
1476.469232
1476.469232
1476.469232
1476.469232
1476.469232
1476.469232
1476.469232
1476.469232
1476.469232
1476.469232
1476.469232
1476.469232
1476.469232
1476.469232
1476.469232
1476.469232
1476.469232
1476.469232
1476.469232
1476.469232
1476.469232
1476.469232
1476.469232
1476.469232
1476.469232
1476.469232
1476.469232
1476.469232
1476.469232
1476.469232
1476.469232
1476.469232
1476.469232
1476.469232
1476.469232
1476.469232
1476.469232
1476.469232
1476.469232
1476.469232
1476.469232
1476.469232
1476.469232
1476.469232
1476.469232
1476.469232
1476.469232
1476.469232
1476.469232
1476.469232
1476.469232
1476.469232
1476.469232
1476.469232
1476.469232
1476.469232
1476.469232
1476.469232
1476.469232
1476.469232
1476.302255
1476.302255
1476.302255
1476.302255
1476.302255
1476.295318
1476.295318
1476.295318
1476.295318
1476.295318
1476.295318
1476.295318
1476.295318
1476.295318
1476.295318
1476.295318
1476.295318
1476.295318
1476.295318
1476.295318
1476.295318
1476.295318
1476.295318
1476.295318
1476.295318
1476.295318
1476.295318
1476.295318
1476.295318
1476.295318
1476.295318
1476.295318
1476.295318
1476.295318
1476.295318
1476.295318
1476.295318
1476.295318
1476.033419
1476.033419
1476.033419
1476.033419
1476.033419
1476.033419
1476.033419
1476.033419
1476.033419
1476.033419
1476.033419
1476.033419
1476.033419
1476.033419
1476.033419
1476.033419
1476.033419
1476.033419
1476.033419
1476.033419
1476.033419
1476.033419
1476.033419
1476.033419
1476.033419
1476.033419
1476.033419
1476.033419
1476.033419
1476.033419
1476.033419
1476.033419
1476.033419
1476.033419
1476.033419
1476.033419
1476.033419
1476.033419
1476.033419
1476.033419
1476.033419
1476.033419
1476.033419
1476.033419
1476.033419
1476.033419
1476.033419
1476.033419
1476.033419
1476.033419
1476.033419
1476.033419
1476.033419
1476.033419
1476.033419
1476.033419
1476.033419
1476.033419
1476.033419
1476.033419
1476.033419
1476.033419
1476.033419
1476.033419
1476.033419
1476.033419
1476.033419
1476.033419
1476.033419
1476.033419
1476.033419
1476.033419
1476.033419
1476.033419
1475.517317
1475.517317
1475.517317
1475.517317
1475.517317
1475.517317
1475.517317
1475.517317
1475.517317
1475.517317
1475.517317
1475.517317
1475.517317
1475.517317
1475.517317
1475.517317
1475.517317
1475.330080
1475.330080
1475.330080
1475.330080
1475.330080
1475.330080
1475.330080
1475.330080
1475.330080
1475.330080
1475.330080
1475.330080
1475.330080
1475.330080
1475.330080
1475.322258
1475.322258
1475.322258
1475.322258
1475.322258
1475.322258
1475.322258
1475.322258
1475.322258
1475.322258
1475.322258
1475.322258
1475.322258
1475.322258
1475.322258
1475.322258
1475.322258
1475.322258
1475.322258
1475.322258
1475.322258
1475.322258
1475.322258
1475.322258
1475.322258
1475.322258
1475.322258
1475.322258
1475.322258
1475.322258
1475.322258
1475.322258
1475.322258
1475.322258
1475.322258
1475.322258
1475.322258
1475.322258
1475.322258
1475.322258
1475.322258
1475.322258
1475.322258
1475.322258
1475.322258
1475.322258
1475.322258
1475.322258
1475.322258
1475.322258
1475.322258
1475.322258
1475.322258
1475.322258
1475.322258
1475.322258
1475.322258
1475.322258
1475.322258
1475.322258
1475.322258
1475.322258
1475.322258
1475.322258
1475.322258
1475.322258
1475.322258
1475.322258
1475.322258
1475.322258
1475.322258
1475.322258
1475.322258
1475.322258
1475.322258
1475.322258
1475.322258
1475.322258
1475.322258
1475.322258
1475.322258
1475.322258
1475.322258
1474.997090
1474.997090
1474.997090
1474.997090
1474.997090
1474.997090
1474.997090
1474.997090
1474.997090
1474.997090
1474.997090
1474.997090
1474.997090
1474.997090
1474.997090
1474.997090
1474.997090
1474.997090
1474.997090
1474.997090
1474.997090
1474.997090
1474.997090
1474.997090
1474.997090
1474.997090
1474.997090
1474.997090
1474.997090
1474.997090
1474.997090
1474.997090
1474.997090
1474.997090
1474.997090
1474.997090
1474.997090
1474.997090
1474.997090
1474.997090
1474.997090
1474.997090
1474.997090
1474.997090
1474.997090
1474.997090
1474.997090
1474.997090
1474.997090
1474.728261
1474.728261
1474.728261
1474.728261
1474.728261
1474.728261
1474.728261
1474.728261
1474.728261
1474.728261
1474.728261
1474.728261
1474.728261
1474.728261
1474.728261
1474.728261
1474.728261
1474.176946
1474.176946
1474.176946
1474.176946
1474.176946
1474.176946
1474.176946
1474.176946
1474.176946
1474.176946
1474.176946
1474.176946
1474.176946
1474.176946
1474.176946
1474.176946
1474.176946
1474.176946
1474.176946
1474.176946
1474.176946
1474.176946
1474.176946
1474.176946
1474.176946
1474.176946
1474.176946
1474.176946
1474.176946
1474.176946
1474.176946
1474.176946
1474.176946
1474.176946
1474.176946
1474.176946
1474.176946
1474.176946
1474.176946
1474.176946
1474.176946
1474.176946
1474.176946
1474.176946
1474.176946
1474.176946
1474.176946
1474.176946
1474.176946
1474.176946
1474.095717
1474.095717
1474.095717
1474.095717
1474.095717
1474.095717
1474.095717
1474.095717
1474.095717
1474.095717
1474.095717
1474.095717
1474.095717
1474.095717
1474.095717
1474.095717
1474.095717
1474.095717
1474.095717
1474.095717
1474.095717
1474.095717
1474.095717
1474.095717
1474.095717
1474.095717
1474.095717
1474.095717
1474.095717
1474.095717
1474.095717
1474.095717
1474.095717
1474.095717
1474.095717
1474.095717
1474.095717
1474.095717
1474.095717
1474.095717
1474.095717
1474.095717
1474.095717
1474.095717
1474.095717
1474.095717
1474.095717
1474.095717
1474.095717
1474.095717
1474.095717
1474.095717
1474.095717
1474.095717
1474.095717
1474.095717
1474.095717
1474.095717
1474.095717
1474.095717
1474.095717
1474.095717
1474.095717
1474.095717
1474.095717
1474.095717
1474.095717
1474.095717
1474.095717
1474.095717
1474.095717
1474.095717
1474.095717
1474.095717
1474.095717
1474.095717
1474.095717
1474.095717
1474.095717
1474.095717
1474.095717
1474.095717
1474.095717
1474.095717
1474.095717
1474.095717
1474.095717
1474.095717
1474.095717
1474.095717
1474.095717
1474.095717
1474.095717
1474.095717
1474.095717
1474.095717
1474.095717
1474.095717
1474.095717
1474.095717
1474.095717
1474.095717
1474.095717
1474.095717
1474.095717
1474.095717
1474.095717
1474.095717
1474.095717
1474.095717
1474.095717
1474.095717
1474.095717
1474.095717
1474.095717
1474.095717
1474.095717
1474.095717
1474.095717
1474.095717
1474.095717
1474.033689
1474.033689
1474.033689
1474.033689
1474.033689
1474.033689
1474.033689
1474.033689
1474.033689
1474.033689
1474.033689
1474.033689
1474.033689
1474.033689
1474.033689
1474.033689
1474.033689
1474.033689
1474.033689
1474.033689
1474.033689
1474.033689
1474.033689
1474.033689
1474.033689
1474.033689
1474.033689
1474.033689
1474.033689
1474.033689
1474.033689
1474.033689
1474.033689
1474.033689
1474.033689
1474.033689
1474.033689
1474.033689
1474.033689
1474.033689
1474.033689
1474.033689
1474.033689
1474.033689
1474.033689
1474.033689
1474.033689
1474.033689
1474.033689
1473.847267
1473.847267
1473.847267
1473.847267
1473.845158
1473.845158
1473.845158
1473.845158
1473.845158
1473.845158
1473.845158
1473.845158
1473.845158
1473.845158
1473.845158
1473.845158
1473.845158
1473.845158
1473.845158
1473.845158
1473.845158
1473.845158
1473.845158
1473.845158
1473.845158
1473.845158
1473.845158
1473.845158
1473.845158
1473.845158
1473.845158
1473.845158
1473.831987
1473.831987
1473.831987
1473.831987
1473.831987
1473.831987
1473.831987
1473.831987
1473.831987
1473.831987
1473.831987
1473.831987
1473.831987
1473.831987
1473.831987
1473.831987
1473.831987
1473.831987
1473.831987
1473.831987
1473.831987
1473.831987
1473.831987
1473.831987
1473.831987
1473.831987
1473.831987
1473.831987
1473.831987
1473.831987
1473.636067
1473.636067
1473.636067
1473.636067
1473.560751
1473.560751
1473.560751
1473.560751
1473.560751
1473.560751
1473.560751
1473.560751
1473.560751
1473.560751
1473.560751
1473.560751
1473.560751
1473.560751
1473.560751
1473.560751
1473.560751
1473.560751
1473.560751
1473.560751
1473.560751
1473.560751
1473.560751
1473.560751
1473.560751
1473.560751
1473.560751
1473.560751
1473.560751
1473.560751
1473.560751
1473.560751
1473.560751
1473.560751
1473.560751
1473.560751
1473.560751
1473.560751
1473.560751
1473.560751
1473.560751
1473.560751
1473.560751
1473.560751
1473.560751
1473.560751
1473.560751
1473.560751
1473.560751
1473.560751
1473.467917
1473.467917
1473.467917
1473.467917
1473.467917
1473.467917
1473.467917
1473.467917
1473.467917
1473.467917
1473.467917
1473.389770
1473.389770
1473.389770
1473.389770
1473.389770
1473.389770
1473.389770
1473.389770
1473.389770
1473.389770
1473.389770
1473.389770
1473.389770
1473.389770
1473.389770
1473.389770
1473.389770
1473.389770
1473.389770
1473.389770
1473.389770
1473.389770
1473.389770
1473.389770
1473.389770
1473.389770
1473.389770
1473.389770
1473.389770
1473.389770
1473.389770
1473.389770
1473.389770
1473.389770
1473.389770
1473.389770
1473.389770
1473.389770
1473.389770
1473.389770
1473.389770
1473.389770
1473.353319
1473.021548
1473.021548
1473.021548
1473.021548
1473.021548
1473.021548
1473.021548
1473.021548
1473.021548
1473.021548
1473.021548
1473.021548
1473.021548
1473.021548
1473.021548
1473.021548
1473.021548
1473.021548
1473.021548
1473.021548
1473.021548
1473.021548
1473.021548
1473.021548
1473.021548
1473.021548
1473.021548
1473.021548
1473.021548
1473.021548
1473.021548
1473.021548
1473.021548
1473.021548
1473.021548
1473.021548
1473.021548
1473.021548
1473.021548
1473.021548
1473.021548
1473.021548
1473.021548
1473.021548
1473.021548
1473.021548
1473.021548
1473.021548
1473.021548
1473.021548
1473.021548
1473.021548
1473.021548
1473.021548
1473.021548
1473.021548
1473.021548
1473.021548
1473.021548
1473.021548
1473.021548
1473.021548
1473.021548
1473.021548
1473.021548
1473.021548
1473.021548
1473.021548
1473.021548
1472.732089
1472.732089
1472.732089
1472.732089
1472.732089
1472.732089
1472.732089
1472.732089
1472.732089
1472.732089
1472.732089
1472.732089
1472.732089
1472.732089
1472.732089
1472.732089
1472.732089
1472.732089
1472.732089
1472.702554
1472.702554
1472.702554
1472.702554
1472.702554
1472.702554
1472.702554
1472.702554
1472.702554
1472.702554
1472.702554
1472.702554
1472.702554
1472.702554
1472.702554
1472.702554
1472.702554
1472.702554
1472.702554
1472.702554
1472.702554
1472.702554
1472.702554
1472.702554
1472.702554
1472.702554
1472.702554
1472.702554
1472.702554
1472.702554
1472.702554
1472.702554
1472.702554
1472.702554
1472.702554
1472.702554
1472.702554
1472.702554
1472.702554
1472.702554
1472.702554
1472.702554
1472.702554
1472.702554
1472.702554
1472.702554
1472.702554
1472.702554
1472.702554
1472.702554
1472.702554
1472.702554
1472.702554
1472.702554
1472.702554
1472.702554
1472.702554
1472.702554
1472.702554
1472.702554
1472.485082
1472.485082
1472.485082
1472.485082
1472.485082
1472.485082
1472.485082
1472.485082
1472.485082
1472.485082
1472.485082
1472.485082
1472.485082
1472.485082
1472.485082
1472.485082
1472.485082
1472.485082
1472.485082
1472.485082
1472.485082
1472.485082
1472.485082
1472.485082
1472.485082
1472.485082
1472.485082
1472.485082
1472.485082
1472.485082
1472.485082
1472.485082
1472.485082
1472.485082
1472.485082
1472.485082
1472.485082
1472.485082
1472.485082
1472.485082
1472.485082
1472.485082
1472.485082
1472.485082
1472.485082
1472.485082
1472.485082
1472.485082
1472.485082
1472.485082
1472.163990
1472.163990
1472.163990
1472.163990
1472.163990
1472.163990
1472.163990
1472.163990
1472.163990
1472.163990
1472.163990
1472.163990
1472.163990
1472.163990
1472.163990
1472.163990
1472.163990
1472.163990
1472.163990
1472.163990
1472.163990
1472.163990
1472.163990
1472.163990
1472.163990
1472.163990
1472.163990
1472.163990
1472.163990
1472.163990
1472.163990
1472.163990
1472.163990
1472.163990
1472.163990
1472.163990
1472.163990
1472.163990
1472.163990
1472.163990
1472.163990
1472.163990
1472.163990
1472.163990
1472.163990
1472.163990
1472.163990
1472.163990
1472.163990
1472.163990
1472.134808
1472.134808
1472.134808
1472.134808
1472.134808
1472.112532
1472.112532
1472.112532
1472.112532
1472.112532
1472.112532
1472.112532
1472.112532
1472.112532
1472.112532
1472.112532
1472.112532
1472.112532
1472.112532
1472.112532
1472.112532
1472.112532
1472.112532
1472.112532
1472.112532
1472.112532
1472.112532
1472.112532
1472.112532
1472.112532
1472.112532
1472.112532
1472.112532
1472.112532
1472.112532
1472.112532
1472.112532
1472.112532
1472.112532
1472.112532
1472.112532
1472.112532
1472.112532
1472.112532
1472.112532
1472.112532
1472.112532
1472.112532
1472.112532
1472.112532
1472.112532
1472.112532
1472.112532
1472.112532
1472.112532
1472.112532
1472.112532
1472.112532
1472.112532
1472.112532
1472.112532
1472.112532
1472.112532
1471.573024
1471.573024
1471.573024
1471.573024
1471.573024
1471.573024
1471.573024
1471.573024
1471.573024
1471.573024
1471.573024
1471.573024
1471.573024
1471.573024
1471.573024
1471.573024
1471.573024
1471.573024
1471.573024
1471.573024
1471.573024
1471.573024
1471.573024
1471.573024
1471.573024
1471.573024
1471.573024
1471.573024
1471.573024
1471.573024
1471.573024
1471.573024
1471.573024
1471.573024
1471.573024
1471.573024
1471.573024
1471.573024
1471.573024
1471.573024
1471.573024
1471.573024
1471.573024
1471.573024
1471.573024
1471.573024
1471.573024
1471.573024
1471.573024
1471.573024
1471.573024
1471.573024
1471.573024
1471.573024
1471.573024
1471.573024
1471.573024
1471.573024
1471.573024
1471.573024
1471.573024
1471.573024
1471.573024
1471.573024
1471.573024
1471.573024
1471.573024
1471.573024
1471.573024
1471.573024
1471.573024
1471.573024
1471.573024
1471.573024
1471.573024
1471.573024
1471.573024
1471.573024
1471.573024
1471.573024
1471.573024
1471.573024
1471.573024
1471.573024
1471.573024
1471.573024
1471.573024
1471.573024
1471.573024
1471.573024
1471.573024
1471.573024
1471.573024
1471.573024
1471.573024
1471.573024
1471.573024
1471.573024
1471.573024
1471.573024
1471.573024
1471.573024
1471.573024
1471.573024
1471.573024
1471.573024
1471.573024
1471.573024
1471.573024
1471.573024
1471.573024
1471.573024
1471.573024
1471.573024
1471.573024
1471.573024
1471.573024
1471.573024
1471.573024
1471.573024
1471.573024
1471.573024
1471.573024
1471.573024
1471.573024
1471.573024
1471.573024
1471.573024
1471.573024
1471.573024
1471.573024
1471.427377
1471.427377
1471.427377
1471.427377
1471.427377
1471.427377
1471.427377
1471.427377
1471.427377
1471.427377
1471.427377
1471.427377
1471.427377
1471.427377
1471.427377
1471.427377
1471.427377
1471.427377
1471.427377
1471.427377
1471.427377
1471.427377
1471.427377
1471.378660
1471.378660
1471.378660
1471.378660
1471.378660
1471.378660
1471.378660
1471.378660
1471.378660
1471.378660
1471.378660
1471.378660
1471.378660
1471.378660
1471.378660
1471.378660
1471.378660
1471.378660
1471.378660
1471.378660
1471.378660
1471.378660
1471.378660
1471.378660
1471.378660
1471.378660
1471.378660
1471.378660
1471.378660
1471.378660
1471.378660
1471.378660
1471.378660
1471.378660
1471.378660
1471.378660
1471.378660
1471.378660
1471.378660
1471.378660
1471.378660
1471.378660
1471.378660
1471.378660
1471.378660
1471.378660
1471.378660
1471.378660
1471.378660
1471.378660
1471.378660
1471.378660
1471.187819
1471.187819
1471.187819
1471.187819
1471.187819
1471.187819
1471.187819
1471.187819
1471.187819
1471.187819
1471.187819
1471.187819
1471.187819
1471.187819
1471.187819
1471.187819
1471.187819
1471.187819
1471.187819
1471.187819
1471.187819
1471.187819
1471.187819
1471.187819
1471.187819
1471.187819
1471.187819
1471.187819
1471.187819
1471.187819
1471.187819
1471.187819
1471.187819
1471.187819
1471.187819
1471.187819
1471.187819
1471.187819
1471.187819
1471.187819
1471.187819
1471.187819
1471.187819
1471.187819
1471.187819
1471.187819
1471.187819
1471.187819
1471.187819
1471.187819
1471.187819
1471.187819
1471.187819
1471.187819
1471.187819
1471.187819
1471.187819
1471.187819
1471.187819
1471.187819
1471.187819
1471.187819
1471.187819
1471.187819
1471.187819
1471.187819
1471.187819
1471.187819
1471.187819
1471.187819
1471.187819
1471.187819
1471.187819
1471.187819
1471.187819
1471.187819
1471.187819
1471.187819
1471.187819
1471.187819
1471.187819
1471.187819
1471.187819
1471.187819
1471.187819
1471.187819
1471.187819
1471.187819
1471.187819
1471.187819
1471.187819
1471.187819
1471.187819
1471.187819
1471.187819
1471.187819
1471.187819
1471.187819
1471.187819
1471.187819
1471.187819
1471.187819
1471.187819
1471.187819
1471.187819
1471.187819
1471.187819
1471.187819
1471.187819
1471.187819
1471.187819
1471.187819
1471.187819
1471.187819
1471.187819
1471.187819
1471.187819
1471.187819
1471.187819
1471.187819
1471.187819
1471.187819
1471.187819
1471.187819
1471.187819
1471.187819
1471.187819
1471.187819
1471.157461
1471.157461
1471.157461
1471.157461
1471.157461
1471.157461
1471.157461
1471.157461
1471.157461
1471.157461
1471.157461
1471.157461
1471.144677
1471.144677
1471.144677
1471.144677
1471.144677
1471.144677
1471.144677
1471.144677
1471.144677
1471.144677
1471.144677
1471.144677
1471.144677
1471.144677
1471.144677
1471.144677
1471.144677
1471.144677
1471.144677
1471.144677
1471.144677
1471.144677
1471.144677
1471.144677
1471.144677
1471.144677
1471.144677
1471.144677
1471.144677
1471.144677
1471.144677
1471.144677
1471.144677
1471.068382
1471.068382
1471.068382
1470.764387
1470.764387
1470.764387
1470.764387
1470.764387
1470.764387
1470.764387
1470.764387
1470.764387
1470.764387
1470.764387
1470.764387
1470.764387
1470.764387
1470.764387
1470.764387
1470.764387
1470.764387
1470.764387
1470.764387
1470.764387
1470.764387
1470.764387
1470.764387
1470.764387
1470.764387
1470.764387
1470.764387
1470.764387
1470.764387
1470.764387
1470.764387
1470.764387
1470.764387
1470.764387
1470.764387
1470.764387
1470.764387
1470.764387
1470.764387
1470.764387
1470.764387
1470.764387
1470.764387
1470.764387
1470.764387
1470.764387
1470.764387
1470.764387
1470.764387
1470.764387
1470.764387
1470.764387
1470.764387
1470.764387
1470.764387
1470.764387
1470.764387
1470.764387
1470.764387
1470.764387
1470.764387
1470.764387
1470.764387
1470.759387
1470.759387
1470.759387
1470.759387
1470.759387
1470.759387
1470.759387
1470.759387
1470.759387
1470.759387
1470.759387
1470.759387
1470.759387
1470.759387
1470.759387
1470.759387
1470.759387
1470.759387
1470.759387
1470.698386
1470.698386
1470.698386
1470.698386
1470.698386
1470.698386
1470.698386
1470.698386
1470.698386
1470.698386
1470.698386
1470.698386
1470.698386
1470.698386
1470.698386
1470.698386
1470.698386
1470.698386
1470.698386
1470.698386
1470.698386
1470.698386
1470.698386
1470.698386
1470.698386
1470.698386
1470.698386
1470.698386
1470.698386
1470.698386
1470.698386
1470.698386
1470.698386
1470.698386
1470.698386
1470.698386
1470.698386
1470.698386
1470.698386
1470.698386
1470.698386
1470.698386
1470.698386
1470.698386
1470.698386
1470.698386
1470.629379
1470.629379
1470.629379
1470.629379
1470.629379
1470.629379
1470.629379
1470.629379
1470.629379
1470.629379
1470.629379
1470.629379
1470.629379
1470.629379
1470.629379
1470.629379
1470.629379
1470.629379
1470.629379
1470.629379
1470.629379
1470.629379
1470.629379
1470.629379
1470.629379
1470.629379
1470.629379
1470.629379
1470.629379
1470.629379
1470.629379
1470.629379
1470.629379
1470.629379
1470.629379
1470.629379
1470.629379
1470.629379
1470.629379
1470.629379
1470.629379
1470.629379
1470.629379
1470.629379
1470.629379
1470.629379
1470.629379
1470.629379
1470.629379
1470.629379
1470.629379
1470.591193
1470.396557
1470.396557
1470.396557
1470.396557
1470.396557
1470.396557
1470.396557
1470.396557
1470.396557
1470.396557
1470.396557
1470.396557
1470.396557
1470.396557
1470.396557
1470.396557
1470.396557
1470.396557
1470.396557
1470.396557
1470.396557
1470.396557
1470.396557
1470.396557
1470.396557
1470.396557
1470.396557
1470.396557
1470.396557
1470.396557
1470.396557
1470.396557
1470.396557
1470.396557
1470.396557
1470.396557
1470.396557
1470.396557
1470.396557
1470.396557
1470.396557
1470.396557
1470.396557
1470.396557
1470.396557
1470.396557
1470.396557
1470.396557
1470.396557
1470.396557
1470.396557
1470.396557
1470.396557
1470.396557
1470.396557
1470.396557
1470.396557
1470.396557
1470.396557
1470.396557
1470.396557
1470.396557
1470.307360
1470.307360
1470.307360
1470.307360
1470.307360
1470.307360
1470.307360
1470.307360
1470.307360
1470.307360
1470.291949
1470.291949
1470.291949
1470.291949
1470.291949
1470.291949
1470.291949
1470.291949
1470.291949
1470.291949
1470.220742
1470.220742
1470.220742
1470.220742
1470.220742
1470.220742
1470.220742
1470.220742
1470.220742
1470.220742
1470.220742
1470.220742
1470.220742
1470.220742
1470.220742
1470.220742
1470.220742
1470.220742
1470.220742
1470.220742
1470.220742
1470.220742
1470.220742
1470.220742
1470.220742
1470.220742
1470.220742
1470.220742
1470.220742
1470.220742
1470.220742
1470.220742
1470.220742
1470.220742
1470.220742
1470.220742
1470.220742
1470.220742
1470.220742
1470.220742
1470.220742
1470.220742
1470.220742
1470.220742
1470.220742
1470.220742
1470.220742
1470.220742
1470.220742
1470.220742
1470.220742
1470.220742
1470.220742
1470.220742
1470.220742
1470.220742
1470.220742
1470.220742
1470.220742
1470.220742
1470.220742
1470.220742
1470.220742
1470.220742
1470.220742
1470.220742
1470.220742
1470.220742
1470.220742
1470.220742
1470.220742
1470.220742
1470.220742
1470.220742
1470.220742
1470.220742
1470.220742
1470.220742
1470.220742
1470.220742
1470.220742
1470.220742
1470.220742
1470.220742
1470.074071
1470.074071
1470.074071
1470.074071
1470.074071
1470.074071
1470.074071
1470.074071
1470.074071
1470.074071
1470.074071
1470.074071
1470.074071
1470.074071
1470.074071
1470.074071
1470.074071
1470.074071
1470.074071
1470.074071
1470.074071
1470.074071
1470.074071
1470.074071
1470.074071
1470.074071
1470.074071
1470.074071
1470.074071
1470.074071
1470.074071
1470.074071
1470.074071
1470.063010
1470.063010
1470.016835
1470.016835
1470.016835
1470.016835
1470.016835
1470.016835
1470.016835
1470.016835
1470.016835
1470.016835
1470.016835
1470.016835
1470.016835
1470.016835
1470.016835
1470.016835
1470.016835
1470.016835
1469.830275
1469.830275
1469.830275
1469.830275
1469.830275
1469.830275
1469.830275
1469.830275
1469.830275
1469.830275
1469.830275
1469.830275
1469.830275
1469.830275
1469.830275
1469.830275
1469.830275
1469.830275
1469.830275
1469.830275
1469.830275
1469.830275
1469.830275
1469.830275
1469.830275
1469.830275
1469.830275
1469.830275
1469.830275
1469.830275
1469.830275
1469.830275
1469.830275
1469.830275
1469.830275
1469.830275
1469.830275
1469.830275
1469.830275
1469.830275
1469.830275
1469.830275
1469.830275
1469.830275
1469.830275
1469.830275
1469.830275
1469.830275
1469.830275
1469.830275
1469.830275
1469.830275
1469.830275
1469.830275
1469.830275
1469.830275
1469.830275
1469.830275
1469.830275
1469.830275
1469.830275
1469.830275
1469.830275
1469.830275
1469.830275
1469.830275
1469.830275
1469.830275
1469.830275
1469.830275
1469.830275
1469.830275
1469.830275
1469.830275
1469.830275
1469.830275
1469.830275
1469.683544
1469.683544
1469.683544
1469.683544
1469.683544
1469.683544
1469.683544
1469.683544
1469.683544
1469.683544
1469.683544
1469.683544
1469.683544
1469.683544
1469.683544
1469.683544
1469.683544
1469.683544
1469.683544
1469.683544
1469.683544
1469.683544
1469.683544
1469.683544
1469.683544
1469.596641
1469.596641
1469.596641
1469.596641
1469.596641
1469.596641
1469.596641
1469.596641
1469.596641
1469.596641
1469.596641
1469.596641
1469.596641
1469.596641
1469.596641
1469.596641
1469.596641
1469.596641
1469.596641
1469.596641
1469.596641
1469.596641
1469.596641
1469.596641
1469.596641
1469.596641
1469.596641
1469.366494
1469.366494
1469.366494
1469.366494
1469.366494
1469.366494
1469.366494
1469.366494
1469.366494
1469.366494
1469.366494
1469.366494
1469.366494
1469.366494
1469.366494
1469.366494
1469.278758
1469.278758
1469.278758
1469.278758
1469.278758
1469.278758
1469.278758
1469.278758
1469.278758
1469.278758
1469.278758
1469.278758
1469.278758
1469.278758
1469.278758
1469.278758
1469.278758
1469.278758
1469.278758
1469.278758
1469.278758
1469.278758
1469.278758
1469.278758
1469.278758
1469.278758
1469.278758
1469.278758
1469.278758
1469.278758
1469.278758
1469.278758
1469.278758
1469.278758
1469.278758
1469.278758
1469.278758
1469.278758
1469.278758
1469.278758
1469.278758
1469.278758
1469.278758
1469.278758
1469.278758
1469.278758
1469.278758
1469.278758
1469.278758
1469.278758
1469.278758
1469.278758
1469.278758
1469.278758
1469.278758
1469.278758
1469.278758
1469.278758
1469.278758
1469.278758
1469.278758
1469.278758
1469.278758
1469.278758
1469.278758
1469.278758
1469.278758
1469.278758
1469.278758
1469.278758
1469.278758
1469.278758
1469.278758
1469.278758
1469.278758
1469.278758
1469.278758
1469.278758
1469.278758
1469.278758
1469.278758
1469.278758
1469.278758
1469.278758
1469.278758
1469.278758
1469.278758
1469.278758
1469.278758
1469.278758
1469.278758
1469.278758
1469.278758
1469.278758
1469.278758
1469.278758
1469.278758
1469.278758
1469.278758
1469.278758
1469.278758
1469.278758
1469.278758
1469.278758
1469.278758
1469.278758
1469.278758
1469.278758
1469.278758
1469.278758
1469.278758
1469.278758
1469.278758
1469.278758
1469.278758
1469.278758
1469.278758
1469.278758
1469.278758
1469.278758
1469.278758
1469.278758
1469.278758
1469.278758
1469.278758
1469.278758
1469.278758
1469.278758
1469.278758
1469.278758
1469.278758
1469.278758
1469.278758
1469.278758
1469.278758
1469.278758
1469.278758
1469.278758
1469.278758
1469.278758
1469.278758
1469.278758
1469.278758
1469.278758
1469.278758
1469.278758
1469.278758
1469.278758
1469.278758
1469.278758
1469.126949
1469.126949
1469.126949
1469.126949
1469.126949
1469.126949
1469.126949
1469.126949
1469.126949
1469.126949
1469.126949
1469.126949
1469.126949
1469.126949
1469.126949
1469.126949
1469.126949
1469.126949
1469.126949
1469.126949
1469.126949
1469.126949
1469.126949
1469.126949
1469.126949
1469.126949
1469.126949
1469.126949
1469.126949
1469.126949
1469.126949
1469.126949
1469.126949
1469.126949
1469.126949
1469.126949
1469.126949
1469.126949
1469.126949
1469.126949
1469.126949
1469.126949
1469.126949
1469.126949
1469.126949
1469.126949
1469.126949
1469.126949
1469.126949
1469.126949
1469.126949
1469.126949
1469.126949
1469.126949
1469.126949
1469.126949
1469.126949
1469.126949
1469.126949
1469.126949
1469.126949
1469.126949
1469.126949
1469.126949
1469.126949
1469.126949
1469.126949
1469.126949
1469.126949
1469.126949
1469.126949
1469.126949
1469.126949
1469.126949
1469.126949
1469.126949
1469.126949
1469.126949
1469.126949
1469.126949
1469.126949
1469.126949
1469.126949
1469.126949
1469.126949
1469.126949
1469.126949
1469.126949
1469.126949
1469.126949
1469.126949
1469.126949
1469.126949
1469.126949
1469.126949
1469.126949
1469.126949
1469.126949
1469.126949
1469.126949
1469.126949
1469.126949
1469.126949
1469.126949
1469.126949
1469.126949
1469.126949
1469.126949
1469.126949
1469.126949
1469.126949
1469.126949
1469.126949
1469.126949
1469.126949
1469.126949
1469.126949
1469.126949
1469.126949
1469.126949
1469.126949
1469.126949
1469.126949
1469.126949
1469.122790
1469.122790
1469.122790
1469.122790
1469.122790
1469.122790
1469.122790
1469.122790
1469.122790
1469.122790
1469.122790
1469.122790
1469.122790
1469.122790
1469.122790
1469.122790
1469.122790
1469.122790
1469.122790
1469.122790
1469.122790
1469.122790
1469.122790
1469.122790
1469.122790
1469.122790
1469.122790
1469.122790
1469.122790
1469.122790
1469.122790
1469.122790
1469.122790
1469.122790
1469.122790
1469.122790
1469.122790
1469.122790
1469.122790
1469.122790
1469.122790
1469.122790
1469.122790
1469.122790
1469.122790
1469.122790
1469.122790
1469.122790
1469.122790
1469.122790
1469.122790
1469.122790
1469.122790
1469.122790
1469.122790
1469.122790
1469.122790
1469.122790
1469.122790
1469.122790
1469.122790
1469.122790
1469.122790
1469.122790
1469.122790
1469.122790
1469.122790
1469.122790
1469.122790
1469.122790
1469.122790
1469.122790
1469.122790
1469.122790
1469.122790
1469.122790
1469.122790
1469.122790
1469.122790
1469.122790
1469.122790
1468.927135
1468.927135
1468.927135
1468.927135
1468.927135
1468.927135
1468.927135
1468.927135
1468.927135
1468.927135
1468.927135
1468.927135
1468.927135
1468.927135
1468.927135
1468.927135
1468.927135
1468.927135
1468.927135
1468.927135
1468.927135
1468.927135
1468.927135
1468.927135
1468.927135
1468.927135
1468.927135
1468.927135
1468.927135
1468.927135
1468.927135
1468.927135
1468.927135
1468.927135
1468.927135
1468.927135
1468.927135
1468.927135
1468.927135
1468.927135
1468.927135
1468.927135
1468.927135
1468.927135
1468.927135
1468.927135
1468.927135
1468.927135
1468.927135
1468.927135
1468.927135
1468.927135
1468.927135
1468.927135
1468.927135
1468.927135
1468.927135
1468.927135
1468.927135
1468.927135
1468.927135
1468.927135
1468.927135
1468.927135
1468.927135
1468.927135
1468.927135
1468.927135
1468.927135
1468.927135
1468.927135
1468.927135
1468.927135
1468.927135
1468.927135
1468.927135
1468.927135
1468.927135
1468.927135
1468.927135
1468.927135
1468.927135
1468.927135
1468.927135
1468.927135
1468.927135
1468.927135
1468.927135
1468.927135
1468.927135
1468.927135
1468.927135
1468.927135
1468.927135
1468.927135
1468.879450
1468.879450
1468.879450
1468.879450
1468.879450
1468.879450
1468.879450
1468.763624
1468.763624
1468.763624
1468.763624
1468.763624
1468.763624
1468.763624
1468.763624
1468.763624
1468.763624
1468.763624
1468.763624
1468.763624
1468.763624
1468.763624
1468.763624
1468.763624
1468.763624
1468.763624
1468.763624
1468.763624
1468.763624
1468.763624
1468.763624
1468.763624
1468.763624
1468.763624
1468.763624
1468.763624
1468.763624
1468.763624
1468.763624
1468.763624
1468.763624
1468.763624
1468.763624
1468.763624
1468.763624
1468.763624
1468.763624
1468.763624
1468.763624
1468.763624
1468.763624
1468.763624
1468.763624
1468.763624
1468.763624
1468.763624
1468.763624
1468.763624
1468.763624
1468.763624
1468.763624
1468.763624
1468.703685
1468.703685
1468.703685
1468.703685
1468.703685
1468.703685
1468.703685
1468.703685
1468.703685
1468.703685
1468.703685
1468.703685
1468.703685
1468.703685
1468.703685
1468.703685
1468.703685
1468.703685
1468.703685
1468.703685
1468.703685
1468.703685
1468.703685
1468.703685
1468.703685
1468.703685
1468.703685
1468.703685
1468.703685
1468.703685
1468.703685
1468.703685
1468.703685
1468.703685
1468.703685
1468.703685
1468.703685
1468.703685
1468.703685
1468.703685
1468.703685
1468.703685
1468.703685
1468.703685
1468.703685
1468.703685
1468.703685
1468.703685
1468.703685
1468.703685
1468.703685
1468.703685
1468.703685
1468.703685
1468.703685
1468.703685
1468.703685
1468.703685
1468.703685
1468.703685
1468.703685
1468.703685
1468.703685
1468.703685
1468.703685
1468.703685
1468.703685
1468.703685
1468.703685
1468.703685
1468.703685
1468.703685
1468.703685
1468.703685
1468.703685
1468.703685
1468.703685
1468.703685
1468.703685
1468.703685
1468.703685
1468.703685
1468.703685
1468.703685
1468.703685
1468.703685
1468.703685
1468.703685
1468.703685
1468.703685
1468.703685
1468.703685
1468.703685
1468.703685
1468.703685
1468.703685
1468.703685
1468.703685
1468.703685
1468.703685
1468.703685
1468.703685
1468.703685
1468.703685
1468.703685
1468.703685
1468.703685
1468.703685
1468.703685
1468.703685
1468.703685
1468.703685
1468.703685
1468.703685
1468.703685
1468.703685
1468.703685
1468.703685
1468.703685
1468.703685
1468.649315
1468.649315
1468.649315
1468.649315
1468.649315
1468.649315
1468.649315
1468.649315
1468.649315
1468.649315
1468.649315
1468.649315
1468.649315
1468.649315
1468.649315
1468.649315
1468.649315
1468.649315
1468.649315
1468.649315
1468.649315
1468.649315
1468.649315
1468.649315
1468.649315
1468.649315
1468.649315
1468.649315
1468.649315
1468.649315
1468.649315
1468.649315
1468.649315
1468.649315
1468.649315
1468.649315
1468.649315
1468.649315
1468.649315
1468.643391
1468.643391
1468.643391
1468.643391
1468.643391
1468.643391
1468.643391
1468.643391
1468.643391
1468.643391
1468.643391
1468.643391
1468.643391
1468.643391
1468.643391
1468.643391
1468.643391
1468.487987
1468.487987
1468.487987
1468.487987
1468.487987
1468.487987
1468.487987
1468.487987
1468.487987
1468.487987
1468.487987
1468.487987
1468.487987
1468.487987
1468.487987
1468.487987
1468.487987
1468.487987
1468.487987
1468.487987
1468.487987
1468.487987
1468.487987
1468.487987
1468.487987
1468.487987
1468.487987
1468.487987
1468.487987
1468.487987
1468.487987
1468.487987
1468.487987
1468.487987
1468.487987
1468.487987
1468.487987
1468.487987
1468.487987
1468.487987
1468.487987
1468.487987
1468.487987
1468.487987
1468.487987
1468.487987
1468.487987
1468.487987
1468.487987
1468.487987
1468.487987
1468.487987
1468.487987
1468.487987
1468.487987
1468.487987
1468.487987
1468.487987
1468.487987
1468.487987
1468.487987
1468.487987
1468.487987
1468.487987
1468.487987
1468.487987
1468.487987
1468.487987
1468.487987
1468.487987
1468.487987
1468.487987
1468.487987
1468.487987
1468.487987
1468.487987
1468.487987
1468.487987
1468.487987
1468.487987
1468.487987
1468.487987
1468.487987
1468.487987
1468.487987
1468.487987
1468.487987
1468.487987
1468.487987
1468.487987
1468.487987
1468.487987
1468.487987
1468.487987
1468.487987
1468.487987
1468.487987
1468.487987
1468.487987
1468.487987
1468.487987
1468.487987
1468.487987
1468.487987
1468.487987
1468.487987
1468.487987
1468.487987
1468.487987
1468.487987
1468.487987
1468.487987
1468.487987
1468.487987
1468.487987
1468.487987
1468.487987
1468.487987
1468.487987
1468.487987
1468.487987
1468.487987
1468.487987
1468.487987
1468.487987
1468.487987
1468.487987
1468.487987
1468.487987
1468.487987
1468.487987
1468.487987
1468.487987
1468.487987
1468.487987
1468.487987
1468.487987
1468.487987
1468.487987
1468.487987
1468.487987
1468.487987
1468.487987
1468.487987
1468.487987
1468.487987
1468.487987
1468.487987
1468.487987
1468.487987
1468.487987
1468.487987
1468.487987
1468.487987
1468.487987
1468.487987
1468.487987
1468.487987
1468.487987
1468.487987
1468.487987
1468.487987
1468.487987
1468.487987
1468.487987
1468.487987
1468.487987
1468.487987
1468.487987
1468.487987
1468.487987
1468.487987
1468.487987
1468.487987
1468.487987
1468.487987
1468.487987
1468.487987
1468.487987
1468.487987
1468.487987
1468.487987
1468.487987
1468.487987
1468.487987
1468.487987
1468.487987
1468.487987
1468.487987
1468.487987
1468.487987
1468.487987
1468.487987
1468.487987
1468.487987
1468.487987
1468.487987
1468.487987
1468.487987
1468.487987
1468.487987
1468.487987
1468.487987
1468.487987
1468.487987
1468.206446
1468.206446
1468.206446
1468.206446
1468.206446
1468.206446
1468.206446
1468.206446
1468.206446
1468.206446
1468.206446
1468.206446
1468.206446
1468.206446
1468.206446
1468.206446
1468.206446
1468.206446
1468.206446
1468.206446
1468.206446
1468.206446
1468.206446
1468.206446
1468.206446
1468.024171
1468.024171
1468.024171
1468.024171
1468.024171
1468.024171
1468.024171
1468.024171
1468.024171
1468.024171
1468.024171
1468.024171
1468.024171
1468.024171
1468.024171
1468.024171
1468.024171
1468.024171
1468.024171
1468.024171
1468.024171
1468.024171
1468.024171
1468.024171
1468.024171
1468.024171
1468.024171
1468.024171
1468.024171
1468.024171
1468.024171
1468.024171
1468.024171
1468.024171
1468.024171
1468.024171
1468.024171
1468.024171
1468.024171
1468.024171
1468.024171
1468.024171
1468.024171
1468.024171
1468.024171
1468.024171
1468.024171
1468.024171
1468.024171
1468.024171
1468.024171
1468.024171
1468.024171
1468.024171
1468.024171
1468.024171
1468.024171
1468.024171
1468.024171
1468.024171
1468.024171
1468.024171
1468.024171
1468.024171
1468.024171
1468.024171
1468.024171
1468.024171
1468.024171
1468.024171
1468.024171
1468.024171
1468.024171
1468.024171
1468.024171
1468.024171
1468.024171
1468.024171
1468.024171
1468.024171
1468.024171
1468.024171
1468.024171
1468.024171
1468.024171
1468.024171
1468.024171
1468.024171
1468.024171
1468.024171
1468.024171
1468.024171
1468.024171
1468.024171
1468.024171
1468.024171
1468.024171
1468.024171
1468.024171
1468.024171
1467.733480
1467.733480
1467.733480
1467.733480
1467.733480
1467.733480
1467.733480
1467.733480
1467.733480
1467.733480
1467.733480
1467.733480
1467.733480
1467.733480
1467.733480
1467.733480
1467.733480
1467.733480
1467.733480
1467.733480
1467.733480
1467.733480
1467.733480
1467.733480
1467.733480
1467.733480
1467.733480
1467.733480
1467.733480
1467.733480
1467.733480
1467.733480
1467.733480
1467.733480
1467.733480
1467.733480
1467.733480
1467.733480
1467.733480
1467.733480
1467.733480
1467.733480
1467.549306
1467.549306
1467.549306
1467.549306
1467.549306
1467.549306
1467.549306
1467.549306
1467.549306
1467.549306
1467.549306
1467.549306
1467.549306
1467.549306
1467.549306
1467.549306
1467.549306
1467.549306
1467.549306
1467.549306
1467.549306
1467.549306
1467.549306
1467.549306
1467.549306
1467.549306
1467.549306
1467.549306
1467.549306
1467.549306
1467.549306
1467.549306
1467.549306
1467.549306
1467.549306
1467.549306
1467.549306
1467.549306
1467.549306
1467.549306
1467.549306
1467.549306
1467.549306
1467.549306
1467.549306
1467.549306
1467.549306
1467.549306
1467.549306
1467.549306
1467.549306
1467.549306
1467.549306
1467.549306
1467.549306
1467.549306
1467.549306
1467.549306
1467.549306
1467.549306
1467.549306
1467.549306
1467.549306
1467.549306
1467.549306
1467.549306
1467.549306
1467.549306
1467.549306
1467.549306
1467.549306
1467.549306
1467.549306
1467.549306
1467.549306
1467.549306
1467.549306
1467.549306
1467.532742
1467.532742
1467.532742
1467.532742
1467.532742
1467.532742
1467.532742
1467.532742
1467.532742
1467.532742
1467.532742
1467.532742
1467.532742
1467.532742
1467.532742
1467.532742
1467.532742
1467.532742
1467.532742
1467.532742
1467.532742
1467.532742
1467.532742
1467.532742
1467.532742
1467.532742
1467.532742
1467.532742
1467.532742
1467.532742
1467.532742
1467.532742
1467.532742
1467.532742
1467.532742
1467.532742
1467.532742
1467.532742
1467.532742
1467.532742
1467.532742
1467.532742
1467.532742
1467.532742
1467.532742
1467.532742
1467.532742
1467.532742
1467.532742
1467.532742
1467.532742
1467.532742
1467.532742
1467.532742
1467.532742
1467.532742
1467.532742
1467.532742
1467.532742
1467.532742
1467.532742
1467.532742
1467.532742
1467.532742
1467.532742
1467.532742
1467.532742
1467.532742
1467.532742
1467.388271
1467.388271
1467.388271
1467.388271
1467.388271
1467.388271
1467.388271
1467.388271
1467.388271
1467.388271
1467.388271
1467.388271
1467.388271
1467.388271
1467.388271
1467.388271
1467.388271
1467.388271
1467.388271
1467.388271
1467.308664
1467.308664
1467.308664
1467.308664
1467.308664
1467.308664
1467.308664
1467.308664
1467.308664
1467.308664
1467.308664
1467.308664
1467.308664
1467.308664
1467.308664
1467.308664
1467.308664
1467.308664
1467.308664
1467.308664
1467.308664
1467.308664
1467.308664
1467.308664
1467.308664
1467.308664
1467.308664
1467.308664
1467.308664
1467.308664
1467.308664
1467.308664
1467.308664
1467.308664
1467.308664
1467.308664
1467.308664
1467.308664
1467.308664
1467.308664
1467.308664
1467.308664
1467.308664
1467.308664
1467.308664
1467.308664
1467.180733
1467.180733
1467.180733
1467.180733
1467.180733
1467.180733
1467.180733
1467.180733
1467.180733
1467.180733
1467.180733
1467.180733
1467.180733
1467.180733
1467.180733
1467.180733
1467.180733
1467.180733
1467.180733
1467.180733
1467.180733
1467.180733
1467.180733
1467.180733
1467.180733
1467.180733
1467.180733
1467.180733
1467.180733
1467.180733
1467.180733
1467.180733
1467.180733
1467.180733
1467.180733
1467.180733
1467.180733
1467.180733
1467.180733
1467.180733
1467.180733
1467.180733
1467.180733
1467.180733
1467.180733
1467.180733
1467.180733
1467.180733
1467.180733
1467.180733
1467.180733
1467.180733
1467.180733
1467.180733
1467.180733
1467.180733
1467.180733
1467.180733
1467.180733
1467.180733
1467.180733
1467.180733
1467.180733
1467.180733
1467.180733
1467.180733
1467.180733
1467.180733
1467.180733
1467.180733
1467.180733
1467.180733
1467.180733
1467.180733
1467.180733
1467.180733
1466.935546
1466.935546
1466.935546
1466.935546
1466.935546
1466.935546
1466.935546
1466.935546
1466.935546
1466.935546
1466.935546
1466.935546
1466.935546
1466.935546
1466.935546
1466.935546
1466.935546
1466.935546
1466.935546
1466.935546
1466.935546
1466.935546
1466.935546
1466.935546
1466.935546
1466.935546
1466.935546
1466.935546
1466.935546
1466.935546
1466.935546
1466.935546
1466.935546
1466.935546
1466.935546
1466.935546
1466.935546
1466.935546
1466.935546
1466.935546
1466.935546
1466.935546
1466.935546
1466.935546
1466.935546
1466.935546
1466.935546
1466.935546
1466.935546
1466.935546
1466.935546
1466.935546
1466.935546
1466.935546
1466.935546
1466.935546
1466.935546
1466.935546
1466.935546
1466.935546
1466.935546
1466.935546
1466.935546
1466.935546
1466.935546
1466.935546
1466.935546
1466.935546
1466.935546
1466.935546
1466.935546
1466.935546
1466.935546
1466.935546
1466.935546
1466.935546
1466.935546
1466.935546
1466.935546
1466.935546
1466.935546
1466.935546
1466.935546
1466.935546
1466.935546
1466.935546
1466.935546
1466.935546
1466.935546
1466.935546
1466.935546
1466.935546
1466.935546
1466.935546
1466.935546
1466.935546
1466.935546
1466.935546
1466.935546
1466.935546
1466.935546
1466.883304
1466.883304
1466.883304
1466.883304
1466.883304
1466.883304
1466.883304
1466.883304
1466.883304
1466.883304
1466.883304
1466.883304
1466.883304
1466.883304
1466.883304
1466.883304
1466.883304
1466.883304
1466.883304
1466.883304
1466.883304
1466.883304
1466.878969
1466.878969
1466.878969
1466.878969
1466.878969
1466.878969
1466.784192
1466.784192
1466.784192
1466.784192
1466.784192
1466.784192
1466.784192
1466.784192
1466.784192
1466.784192
1466.784192
1466.784192
1466.784192
1466.784192
1466.784192
1466.784192
1466.784192
1466.784192
1466.784192
1466.784192
1466.784192
1466.784192
1466.784192
1466.784192
1466.784192
1466.784192
1466.784192
1466.784192
1466.784192
1466.784192
1466.784192
1466.784192
1466.784192
1466.784192
1466.784192
1466.784192
1466.784192
1466.784192
1466.784192
1466.756715
1466.756715
1466.756715
1466.756715
1466.756715
1466.756715
1466.756715
1466.756715
1466.756715
1466.756715
1466.756715
1466.756715
1466.756715
1466.756715
1466.756715
1466.756715
1466.756715
1466.756715
1466.756715
1466.756715
1466.756715
1466.756715
1466.756715
1466.756715
1466.756715
1466.756715
1466.756715
1466.756715
1466.756715
1466.756715
1466.756715
1466.756715
1466.756715
1466.756715
1466.756715
1466.756715
1466.756715
1466.756715
1466.756715
1466.756715
1466.756715
1466.756715
1466.756715
1466.756715
1466.756715
1466.658902
1466.658902
1466.658902
1466.658902
1466.658902
1466.658902
1466.658902
1466.658902
1466.658902
1466.658902
1466.658902
1466.658902
1466.658902
1466.658902
1466.658902
1466.658902
1466.658902
1466.658902
1466.658902
1466.658902
1466.658902
1466.658902
1466.658902
1466.658902
1466.658902
1466.658902
1466.658902
1466.658902
1466.658902
1466.658902
1466.658902
1466.658902
1466.658902
1466.658902
1466.658902
1466.658902
1466.658902
1466.658902
1466.658902
1466.658902
1466.658902
1466.658902
1466.658902
1466.658902
1466.658902
1466.658902
1466.658902
1466.658902
1466.658902
1466.658902
1466.658902
1466.658902
1466.658902
1466.658902
1466.658902
1466.658902
1466.658902
1466.658902
1466.658902
1466.658902
1466.658902
1466.658902
1466.517858
1466.517858
1466.517858
1466.517858
1466.517858
1466.517858
1466.517858
1466.517858
1466.517858
1466.517858
1466.517858
1466.517858
1466.517858
1466.517858
1466.517858
1466.517858
1466.517858
1466.517858
1466.517858
1466.517858
1466.517858
1466.517858
1466.517858
1466.517858
1466.517858
1466.517858
1466.517858
1466.517858
1466.517858
1466.517858
1466.517858
1466.517858
1466.517858
1466.517858
1466.517858
1466.517858
1466.517858
1466.517858
1466.517858
1466.517858
1466.417701
1466.417701
1466.417701
1466.417701
1466.417701
1466.417701
1466.417701
1466.417701
1466.417701
1466.417701
1466.417701
1466.417701
1466.417701
1466.417701
1466.417701
1466.417701
1466.417701
1466.417701
1466.417701
1466.417701
1466.417701
1466.417701
1466.417701
1466.417701
1466.417701
1466.417701
1466.417701
1466.417701
1466.417701
1466.417701
1466.417701
1466.417701
1466.417701
1466.417701
1466.417701
1466.417701
1466.417701
1466.417701
1466.417701
1466.417701
1466.417701
1466.417701
1466.417701
1466.417701
1466.417701
1466.417701
1466.417701
1466.417701
1466.417701
1466.417701
1466.417701
1466.417701
1466.417701
1466.417701
1466.417701
1466.417701
1466.417701
1466.417701
1466.417701
1466.417701
1466.417701
1466.417701
1466.417701
1466.417701
1466.417701
1466.417701
1466.417701
1466.417701
1466.417701
1466.417701
1466.417701
1466.417701
1466.417701
1466.417701
1466.417701
1466.417701
1466.417701
1466.417701
1466.417701
1466.417701
1466.417701
1466.417701
1466.417701
1466.417701
1466.417701
1466.417701
1466.417701
1466.417701
1466.417701
1466.417701
1466.417701
1466.417701
1466.417701
1466.417701
1466.417701
1466.417701
1466.417701
1466.417701
1466.417701
1466.417701
1466.417701
1466.417701
1466.417701
1466.417701
1466.417701
1466.417701
1466.417701
1466.417701
1466.417701
1466.417701
1466.417701
1466.417701
1466.417701
1466.417701
1466.417701
1466.417701
1466.417701
1466.417701
1466.417701
1466.417701
1466.417701
1466.417701
1466.417701
1466.417701
1466.417701
1466.417701
1466.417701
1466.417701
1466.417701
1466.352719
1466.352719
1466.352719
1466.352719
1466.352719
1466.352719
1466.352719
1466.352719
1466.352719
1466.352719
1466.352719
1466.352719
1466.352719
1466.352719
1466.352719
1466.352719
1466.352719
1466.352719
1466.352719
1466.352719
1466.352719
1466.352719
1466.352719
1466.352719
1466.352719
1466.352719
1466.352719
1466.352719
1466.352719
1466.352719
1466.352719
1466.352719
1466.352719
1466.352719
1466.352719
1466.352719
1466.352719
1466.352719
1466.352719
1466.352719
1466.352719
1466.352719
1466.352719
1466.352719
1466.352719
1466.352719
1466.352719
1466.352719
1466.352719
1466.352719
1466.331137
1466.331137
1466.331137
1466.331137
1466.331137
1466.331137
1466.331137
1466.331137
1466.331137
1466.331137
1466.331137
1466.331137
1466.331137
1466.331137
1466.331137
1466.331137
1466.331137
1466.331137
1466.331137
1466.331137
1466.331137
1466.331137
1466.331137
1466.331137
1466.331137
1466.331137
1466.331137
1466.331137
1466.331137
1466.331137
1466.331137
1466.331137
1466.331137
1466.331137
1466.331137
1466.331137
1466.331137
1466.331137
1466.331137
1466.331137
1466.331137
1466.331137
1466.331137
1466.331137
1466.331137
1466.331137
1466.331137
1466.331137
1466.331137
1466.331137
1466.331137
1466.331137
1466.331137
1466.331137
1466.331137
1466.331137
1466.331137
1466.331137
1466.331137
1466.331137
1466.331137
1466.331137
1466.331137
1466.331137
1466.331137
1466.331137
1466.331137
1466.331137
1466.331137
1466.331137
1466.331137
1466.331137
1466.331137
1466.331137
1466.331137
1466.331137
1466.262826
1466.262826
1466.262826
1466.262826
1466.262826
1466.262826
1466.262826
1466.262826
1466.262826
1466.262826
1466.262826
1466.262826
1466.262826
1466.262826
1466.262826
1466.262826
1466.262826
1466.262826
1466.262826
1466.262826
1466.262826
1466.256049
1466.256049
1466.256049
1466.256049
1466.256049
1466.256049
1466.256049
1466.256049
1466.256049
1466.256049
1466.256049
1466.256049
1466.256049
1466.256049
1466.256049
1466.256049
1466.256049
1466.256049
1466.256049
1466.256049
1466.256049
1466.256049
1466.256049
1466.256049
1466.256049
1466.256049
1466.256049
1466.256049
1466.256049
1466.256049
1466.256049
1466.256049
1466.256049
1466.256049
1466.256049
1466.256049
1466.256049
1466.256049
1466.256049
1466.256049
1466.256049
1466.256049
1466.256049
1466.256049
1466.256049
1466.256049
1466.256049
1466.256049
1466.256049
1466.256049
1466.256049
1466.256049
1466.256049
1466.256049
1466.256049
1466.256049
1466.256049
1466.256049
1466.256049
1466.151373
1466.151373
1466.151373
1466.151373
1466.151373
1466.151373
1466.151373
1466.151373
1466.151373
1466.151373
1466.151373
1466.151373
1466.151373
1466.151373
1466.151373
1466.151373
1466.151373
1466.151373
1466.151373
1466.151373
1466.151373
1466.151373
1466.151373
1466.151373
1466.151373
1466.151373
1466.151373
1466.151373
1466.151373
1466.151373
1466.151373
1466.151373
1466.151373
1466.151373
1466.151373
1466.151373
1466.151373
1466.151373
1466.151373
1466.151373
1466.151373
1466.151373
1466.151373
1466.151373
1466.151373
1466.151373
1466.151373
1466.151373
1466.151373
1466.151373
1466.151373
1466.151373
1466.151373
1466.151373
1466.151373
1466.151373
1466.151373
1466.151373
1466.151373
1466.151373
1466.151373
1466.151373
1466.151373
1466.150717
1466.150717
1466.150717
1466.150717
1466.150717
1466.150717
1466.150717
1466.150717
1466.150717
1466.150717
1466.150717
1466.150717
1466.150717
1466.150717
1466.150717
1466.150717
1466.150717
1466.150717
1466.150717
1466.150717
1466.150717
1466.150717
1466.150717
1466.150717
1466.150717
1466.150717
1466.150717
1466.150717
1466.150717
1466.150717
1466.150717
1466.150717
1466.150717
1466.150717
1466.150717
1466.150717
1466.150717
1466.150717
1466.150717
1466.150717
1466.150717
1466.150717
1466.150717
1466.150717
1466.150717
1466.150717
1466.150717
1466.150717
1466.150717
1466.150717
1466.150717
1466.150717
1466.150717
1466.150717
1466.150717
1466.150717
1466.150717
1466.150717
1466.150717
1466.150717
1466.150717
1466.150717
1466.150717
1466.150717
1466.150717
1466.150717
1466.150717
1466.150717
1466.150717
1466.150717
1466.150717
1466.150717
1466.150717
1466.150717
1466.150717
1466.150717
1466.150717
1466.067764
1466.067764
1466.067764
1466.067764
1466.067764
1466.067764
1466.067764
1466.067764
1466.067764
1466.067764
1466.067764
1466.067764
1466.067764
1466.067764
1466.067764
1466.067764
1466.067764
1466.067764
1466.067764
1466.067764
1466.067764
1466.067764
1466.067764
1466.067764
1466.067764
1466.067764
1466.067764
1466.067764
1466.067764
1466.067764
1466.067764
1466.044770
1466.044770
1466.044770
1466.044770
1466.044770
1466.044770
1466.044770
1466.044770
1466.044770
1466.044770
1466.044770
1466.044770
1466.044770
1466.044770
1466.044770
1466.044770
1466.044770
1466.044770
1466.002192
1466.002192
1466.002192
1466.002192
1466.002192
1466.002192
1466.002192
1466.002192
1466.002192
1466.002192
1466.002192
1466.002192
1466.002192
1466.002192
1466.002192
1466.002192
1466.002192
1466.002192
1466.002192
1466.002192
1466.002192
1466.002192
1466.002192
1466.002192
1466.002192
1466.002192
1466.002192
1466.002192
1466.002192
1466.002192
1466.002192
1466.002192
1466.002192
1466.002192
1466.002192
1466.002192
1466.002192
1466.002192
1466.002192
1466.002192
1466.002192
1466.002192
1466.002192
1466.002192
1466.002192
1466.002192
1466.002192
1466.002192
1466.002192
1466.002192
1466.002192
1466.002192
1466.002192
1466.002192
1466.002192
1466.002192
1466.002192
1466.002192
1466.002192
1466.002192
1465.964220
1465.964220
1465.964220
1465.964220
1465.964220
1465.964220
1465.964220
1465.964220
1465.964220
1465.964220
1465.964220
1465.964220
1465.964220
1465.964220
1465.964220
1465.964220
1465.964220
1465.964220
1465.964220
1465.964220
1465.964220
1465.964220
1465.964220
1465.964220
1465.935660
1465.935660
1465.935660
1465.935660
1465.935660
1465.935660
1465.935660
1465.935660
1465.935660
1465.935660
1465.935660
1465.935660
1465.935660
1465.935660
1465.935660
1465.935660
1465.935660
1465.935660
1465.935660
1465.935660
1465.935660
1465.935660
1465.935660
1465.935660
1465.935660
1465.935660
1465.935660
1465.935660
1465.935660
1465.935660
1465.935660
1465.935660
1465.935660
1465.935660
1465.935660
1465.935660
1465.935660
1465.935660
1465.935660
1465.935660
1465.935660
1465.935660
1465.935660
1465.935660
1465.935660
1465.935660
1465.935660
1465.906371
1465.906371
1465.906371
1465.906371
1465.906371
1465.906371
1465.906371
1465.906371
1465.906371
1465.906371
1465.906371
1465.906371
1465.906371
1465.906371
1465.906371
1465.906371
1465.906371
1465.906371
1465.906371
1465.906371
1465.906371
1465.906371
1465.906371
1465.906371
1465.906371
1465.906371
1465.906371
1465.906371
1465.906371
1465.906371
1465.906371
1465.906371
1465.906371
1465.906371
1465.906371
1465.906371
1465.906371
1465.906371
1465.906371
1465.906371
1465.906371
1465.906371
1465.906371
1465.906371
1465.906371
1465.906371
1465.906371
1465.906371
1465.906371
1465.906371
1465.906371
1465.906371
1465.906371
1465.906371
1465.906371
1465.906371
1465.906371
1465.906371
1465.906371
1465.906371
1465.906371
1465.906371
1465.906371
1465.906371
1465.906371
1465.906371
1465.906371
1465.906371
1465.906371
1465.906371
1465.906371
1465.906371
1465.887924
1465.887924
1465.887924
1465.887924
1465.887924
1465.887924
1465.887924
1465.887924
1465.887924
1465.887924
1465.887924
1465.887924
1465.887924
1465.887924
1465.887924
1465.887924
1465.887924
1465.887924
1465.887924
1465.887924
1465.887924
1465.887924
1465.887924
1465.887924
1465.887924
1465.887924
1465.887924
1465.887924
1465.887924
1465.887924
1465.887924
1465.887924
1465.887924
1465.887924
1465.887924
1465.887924
1465.864010
1465.864010
1465.864010
1465.864010
1465.864010
1465.864010
1465.864010
1465.761318
1465.761318
1465.761318
1465.761318
1465.761318
1465.761318
1465.761318
1465.761318
1465.761318
1465.761318
1465.761318
1465.761318
1465.761318
1465.761318
1465.761318
1465.720267
1465.720267
1465.720267
1465.720267
1465.720267
1465.720267
1465.720267
1465.720267
1465.720267
1465.720267
1465.720267
1465.720267
1465.720267
1465.720267
1465.720267
1465.720267
1465.720267
1465.720267
1465.720267
1465.720267
1465.720267
1465.720267
1465.720267
1465.720267
1465.720267
1465.720267
1465.720267
1465.720267
1465.720267
1465.720267
1465.720267
1465.720267
1465.720267
1465.720267
1465.720267
1465.720267
1465.720267
1465.720267
1465.720267
1465.720267
1465.661968
1465.661968
1465.661968
1465.661968
1465.661968
1465.661968
1465.661968
1465.661968
1465.661968
1465.661968
1465.661968
1465.661968
1465.661968
1465.661968
1465.661968
1465.536273
1465.536273
1465.536273
1465.536273
1465.536273
1465.536273
1465.536273
1465.536273
1465.536273
1465.536273
1465.536273
1465.536273
1465.536273
1465.536273
1465.536273
1465.536273
1465.536273
1465.536273
1465.536273
1465.536273
1465.536273
1465.536273
1465.536273
1465.536273
1465.536273
1465.536273
1465.536273
1465.536273
1465.536273
1465.536273
1465.536273
1465.536273
1465.536273
1465.536273
1465.536273
1465.536273
1465.536273
1465.536273
1465.536273
1465.536273
1465.536273
1465.536273
1465.536273
1465.536273
1465.536273
1465.536273
1465.536273
1465.536273
1465.536273
1465.380113
1465.380113
1465.380113
1465.380113
1465.380113
1465.380113
1465.380113
1465.380113
1465.380113
1465.380113
1465.380113
1465.380113
1465.380113
1465.380113
1465.380113
1465.380113
1465.380113
1465.380113
1465.380113
1465.380113
1465.380113
1465.380113
1465.380113
1465.380113
1465.380113
1465.366268
1465.366268
1465.366268
1465.366268
1465.366268
1465.366268
1465.366268
1465.366268
1465.366268
1465.366268
1465.366268
1465.366268
1465.366268
1465.366268
1465.366268
1465.366268
1465.366268
1465.366268
1465.366268
1465.366268
1465.366268
1465.366268
1465.341927
1465.341927
1465.341927
1465.341927
1465.341927
1465.341927
1465.341927
1465.341927
1465.341927
1465.341927
1465.341927
1465.341927
1465.341927
1465.341927
1465.341927
1465.341927
1465.341927
1465.341927
1465.341927
1465.341927
1465.341927
1465.341927
1465.341927
1465.341927
1465.341927
1465.341927
1465.341927
1465.341927
1465.341927
1465.341927
1465.341927
1465.341927
1465.341927
1465.341927
1465.341927
1465.341927
1465.341927
1465.341927
1465.341927
1465.341927
1465.341927
1465.341927
1465.341927
1465.341927
1465.341927
1465.341927
1465.341927
1465.341927
1465.341927
1465.341927
1465.341927
1465.341927
1465.341927
1465.341927
1465.341927
1465.341927
1465.341927
1465.341927
1465.341927
1465.341927
1465.341927
1465.341927
1465.341927
1465.341927
1465.341927
1465.341927
1465.341927
1465.341927
1465.341927
1465.341927
1465.341927
1465.341927
1465.341927
1465.341927
1465.329941
1465.329941
1465.329941
1465.231563
1465.231563
1465.231563
1465.231563
1465.231563
1465.231563
1465.231563
1465.231563
1465.231563
1465.231563
1465.231563
1465.231563
1465.231563
1465.231563
1465.231563
1465.231563
1465.231563
1465.139321
1465.139321
1465.139321
1465.139321
1465.012121
1465.012121
1465.012121
1465.012121
1465.012121
1465.012121
1465.012121
1465.012121
1465.012121
1465.012121
1465.012121
1465.012121
1465.012121
1465.012121
1465.012121
1465.012121
1465.012121
1465.012121
1465.012121
1465.012121
1465.012121
1465.012121
1465.012121
1465.012121
1465.012121
1465.012121
1465.012121
1465.012121
1465.012121
1465.012121
1465.012121
1465.012121
1465.012121
1465.012121
1465.012121
1465.012121
1465.012121
1465.012121
1465.012121
1465.012121
1465.012121
1465.012121
1465.012121
1465.012121
1465.012121
1465.012121
1465.012121
1465.012121
1465.012121
1465.012121
1465.012121
1465.012121
1465.012121
1465.012121
1465.012121
1465.012121
1465.012121
1465.012121
1465.012121
1465.012121
1465.012121
1465.012121
1465.012121
1465.012121
1465.012121
1465.012121
1465.012121
1465.012121
1465.012121
1465.012121
1465.012121
1465.012121
1465.012121
1465.012121
1465.012121
1465.012121
1465.012121
1465.012121
1465.012121
1465.012121
1465.012121
1465.012121
1465.012121
1465.012121
1465.012121
1465.012121
1465.012121
1465.012121
1465.012121
1465.012121
1465.012121
1465.012121
1465.012121
1465.012121
1465.012121
1465.012121
1465.012121
1465.012121
1465.012121
1465.012121
1465.012121
1465.012121
1465.012121
1465.012121
1465.012121
1465.012121
1465.012121
1465.012121
1465.012121
1465.012121
1465.012121
1465.012121
1465.012121
1465.012121
1465.012121
1465.012121
1464.984754
1464.984754
1464.984754
1464.984754
1464.984754
1464.984754
1464.984754
1464.984754
1464.984754
1464.984754
1464.984754
1464.984754
1464.984754
1464.984754
1464.984754
1464.984754
1464.984754
1464.984754
1464.984754
1464.984754
1464.984754
1464.984754
1464.984754
1464.984754
1464.984754
1464.984754
1464.984754
1464.984754
1464.984754
1464.984754
1464.984754
1464.984754
1464.984754
1464.984754
1464.984754
1464.984754
1464.984754
1464.984754
1464.984754
1464.984754
1464.984754
1464.984754
1464.984754
1464.984754
1464.984754
1464.984754
1464.984754
1464.984754
1464.984754
1464.984754
1464.984754
1464.879969
1464.879969
1464.879969
1464.879969
1464.879969
1464.879969
1464.879969
1464.879969
1464.879969
1464.879969
1464.879969
1464.879969
1464.879969
1464.879969
1464.879969
1464.879969
1464.879969
1464.879969
1464.879969
1464.879969
1464.879969
1464.879969
1464.879969
1464.879969
1464.879969
1464.879969
1464.879969
1464.879969
1464.879969
1464.879969
1464.879969
1464.879969
1464.879969
1464.879969
1464.879969
1464.879969
1464.879969
1464.879969
1464.879969
1464.879969
1464.879969
1464.879969
1464.879969
1464.879969
1464.839946
1464.839946
1464.839946
1464.839946
1464.764024
1464.764024
1464.764024
1464.764024
1464.764024
1464.764024
1464.764024
1464.764024
1464.764024
1464.764024
1464.764024
1464.764024
1464.764024
1464.764024
1464.764024
1464.764024
1464.764024
1464.764024
1464.764024
1464.764024
1464.764024
1464.764024
1464.764024
1464.764024
1464.764024
1464.764024
1464.764024
1464.764024
1464.764024
1464.729792
1464.729792
1464.729792
1464.729792
1464.729792
1464.729792
1464.729792
1464.729792
1464.729792
1464.729792
1464.729792
1464.729792
1464.729792
1464.729792
1464.729792
1464.729792
1464.729792
1464.729792
1464.729792
1464.729792
1464.729792
1464.729792
1464.729792
1464.729792
1464.729792
1464.729792
1464.729792
1464.628195
1464.628195
1464.628195
1464.628195
1464.628195
1464.628195
1464.628195
1464.628195
1464.628195
1464.628195
1464.628195
1464.628195
1464.628195
1464.628195
1464.628195
1464.628195
1464.628195
1464.440465
1464.440465
1464.440465
1464.440465
1464.440465
1464.440465
1464.440465
1464.440465
1464.440465
1464.440465
1464.440465
1464.440465
1464.440465
1464.440465
1464.440465
1464.440465
1464.440465
1464.440465
1464.440465
1464.440465
1464.440465
1464.440465
1464.440465
1464.440465
1464.440465
1464.440465
1464.440465
1464.261831
1464.261831
1464.261831
1464.261831
1464.261831
1464.261831
1464.261831
1464.261831
1464.261831
1464.261831
1464.261831
1464.261831
1464.261831
1464.261831
1464.261831
1464.261831
1464.261831
1464.261831
1464.261831
1464.261831
1464.261831
1464.261831
1464.261831
1464.261831
1464.261831
1464.261831
1464.261831
1464.261831
1464.261831
1464.261831
1464.261831
1464.261831
1464.261831
1464.261831
1464.261831
1464.220708
1464.220708
1464.220708
1464.220708
1464.220708
1464.220708
1463.955812
1463.955812
1463.955812
1463.955812
1463.955812
1463.955812
1463.955812
1463.955812
1463.955812
1463.955812
1463.955812
1463.955812
1463.955812
1463.955812
1463.955812
1463.955812
1463.955812
1463.955812
1463.955812
1463.955812
1463.955812
1463.955812
1463.955812
1463.955812
1463.955812
1463.955812
1463.955812
1463.955812
1463.955812
1463.955812
1463.955812
1463.955812
1463.955812
1463.955812
1463.955812
1463.955812
1463.955812
1463.955812
1463.955812
1463.955812
1463.955812
1463.955812
1463.955812
1463.955812
1463.955812
1463.955812
1463.955812
1463.955812
1463.955812
1463.955812
1463.955812
1463.955812
1463.955812
1463.955812
1463.955812
1463.955812
1463.955812
1463.955812
1463.955812
1463.955812
1463.955812
1463.955812
1463.955812
1463.955812
1463.955812
1463.955812
1463.955812
1463.955812
1463.955812
1463.955812
1463.955812
1463.955812
1463.955812
1463.955812
1463.955812
1463.955812
1463.955812
1463.955812
1463.955812
1463.955812
1463.955812
1463.955812
1463.955812
1463.955812
1463.955812
1463.955812
1463.955812
1463.955812
1463.955812
1463.955812
1463.955812
1463.955812
1463.955812
1463.955812
1463.955812
1463.955812
1463.955812
1463.955812
1463.955812
1463.955812
1463.951368
1463.951368
1463.951368
1463.951368
1463.951368
1463.951368
1463.655297
1463.655297
1463.655297
1463.655297
1463.655297
1463.655297
1463.655297
1463.655297
1463.655297
1463.655297
1463.655297
1463.655297
1463.655297
1463.655297
1463.655297
1463.655297
1463.655297
1463.655297
1463.655297
1463.655297
1463.655297
1463.655297
1463.655297
1463.655297
1463.655297
1463.655297
1463.655297
1463.655297
1463.655297
1463.655297
1463.655297
1463.655297
1463.655297
1463.655297
1463.655297
1463.655297
1463.655297
1463.655297
1463.655297
1463.655297
1463.655297
1463.655297
1463.655297
1463.655297
1463.655297
1463.655297
1463.655297
1463.655297
1463.655297
1463.655297
1463.606799
1463.606799
1463.606799
1463.606799
1463.606799
1463.606799
1463.606799
1463.606799
1463.606799
1463.606799
1463.606799
1463.606799
1463.606799
1463.606799
1463.606799
1463.606799
1463.606799
1463.606799
1463.606799
1463.606799
1463.606799
1463.606799
1463.606799
1463.606799
1463.606799
1463.405853
1463.405853
1463.405853
1463.405853
1463.405853
1463.405853
1463.405853
1463.405853
1463.405853
1463.405853
1463.405853
1463.405853
1463.405853
1463.405853
1463.405853
1463.405853
1463.405853
1463.405853
1463.405853
1463.405853
1463.405853
1463.405853
1463.405853
1463.405853
1463.405853
1463.405853
1463.405853
1463.405853
1463.405853
1463.405853
1463.405853
1463.405853
1463.405853
1463.405853
1463.405853
1463.405853
1463.405853
1463.405853
1463.405853
1463.405853
1463.405853
1463.405853
1463.405853
1463.405853
1463.405853
1463.405853
1463.405853
1463.405853
1463.405853
1463.405853
1463.405853
1463.405853
1463.405853
1463.405853
1463.405853
1463.405853
1463.405853
1463.405853
1463.405853
1463.405853
1463.405853
1463.405853
1463.405853
1463.405853
1463.405853
1463.405853
1463.405853
1463.405853
1463.405853
1463.405853
1463.405853
1463.405853
1463.405853
1463.405853
1463.405853
1463.405853
1463.405853
1463.405853
1463.405853
1463.405853
1463.405853
1463.405853
1463.405853
1463.405853
1463.405853
1463.405853
1463.405853
1463.405853
1463.405853
1463.405853
1463.405853
1463.405853
1463.405853
1463.405853
1463.405853
1463.405853
1463.405853
1463.405853
1463.405853
1463.405853
1463.405853
1463.405853
1463.405853
1463.405853
1463.405853
1463.405853
1463.405853
1463.405853
1463.405853
1463.405853
1463.405853
1463.405853
1463.405853
1463.405853
1463.405853
1463.405853
1463.405853
1463.405853
1463.405853
1463.405853
1463.405853
1463.405853
1463.405853
1463.405853
1463.405853
1463.405853
1463.405853
1463.405853
1463.405853
1463.405853
1463.405853
1463.405853
1463.405853
1463.405853
1463.405853
1463.405853
1463.405853
1463.405853
1463.405853
1463.405853
1463.405853
1463.405853
1463.405853
1463.405853
1463.405853
1463.405853
1463.405853
1463.405853
1463.342466
1463.342466
1463.342466
1463.342466
1463.342466
1463.342466
1463.119881
1463.119881
1463.119881
1463.119881
1463.119881
1463.119881
1463.119881
1463.119881
1463.119881
1463.119881
1463.119881
1463.119881
1463.119881
1463.119881
1463.119881
1463.119881
1463.119881
1463.119881
1463.119881
1463.119881
1463.119881
1463.119881
1463.119881
1463.119881
1463.119881
1463.119881
1463.119881
1463.119881
1463.119881
1463.119881
1463.119881
1463.119881
1463.119881
1463.119881
1463.119881
1463.119881
1463.119881
1463.119881
1463.119881
1463.119881
1463.119881
1463.119881
1463.119881
1463.119881
1463.119881
1463.119881
1463.119881
1463.119881
1463.119881
1463.119881
1463.116735
1463.116735
1463.116735
1463.116735
1463.116735
1463.116735
1463.116735
1463.116735
1463.116735
1463.001050
1463.001050
1463.001050
1463.001050
1463.001050
1463.001050
1463.001050
1463.001050
1463.001050
1463.001050
1463.001050
1463.001050
1463.001050
1463.001050
1463.001050
1463.001050
1463.001050
1463.001050
1463.001050
1463.001050
1463.001050
1463.001050
1463.001050
1463.001050
1463.001050
1463.001050
1463.001050
1463.001050
1463.001050
1463.001050
1463.001050
1463.001050
1463.001050
1463.001050
1463.001050
1462.971335
1462.971335
1462.971335
1462.971335
1462.971335
1462.971335
1462.971335
1462.971335
1462.971335
1462.971335
1462.971335
1462.971335
1462.971335
1462.971335
1462.971335
1462.971335
1462.971335
1462.971335
1462.971335
1462.971335
1462.971335
1462.971335
1462.971335
1462.904844
1462.904844
1462.904844
1462.904844
1462.904844
1462.904844
1462.904844
1462.904844
1462.904844
1462.904844
1462.904844
1462.904844
1462.904844
1462.904844
1462.904844
1462.904844
1462.904844
1462.904844
1462.902995
1462.902995
1462.902995
1462.902995
1462.902995
1462.902995
1462.902995
1462.902995
1462.902995
1462.902995
1462.902995
1462.902995
1462.902995
1462.902995
1462.902995
1462.902995
1462.902995
1462.902995
1462.902995
1462.902995
1462.902995
1462.902995
1462.902995
1462.902995
1462.902995
1462.902995
1462.902995
1462.741227
1462.741227
1462.741227
1462.741227
1462.741227
1462.741227
1462.741227
1462.741227
1462.741227
1462.741227
1462.741227
1462.741227
1462.741227
1462.741227
1462.741227
1462.741227
1462.741227
1462.741227
1462.741227
1462.741227
1462.741227
1462.741227
1462.741227
1462.741227
1462.741227
1462.741227
1462.741227
1462.741227
1462.741227
1462.741227
1462.741227
1462.741227
1462.741227
1462.741227
1462.741227
1462.741227
1462.741227
1462.741227
1462.741227
1462.741227
1462.741227
1462.741227
1462.741227
1462.741227
1462.741227
1462.741227
1462.741227
1462.741227
1462.741227
1462.741227
1462.741227
1462.741227
1462.741227
1462.741227
1462.741227
1462.741227
1462.741227
1462.741227
1462.741227
1462.741227
1462.741227
1462.741227
1462.741227
1462.741227
1462.741227
1462.741227
1462.741227
1462.741227
1462.741227
1462.741227
1462.434619
1462.434619
1462.434619
1462.434619
1462.434619
1462.434619
1462.434619
1462.434619
1462.434619
1462.434619
1462.434619
1462.434619
1462.434619
1462.434619
1462.434619
1462.434619
1462.434619
1462.434619
1462.434619
1462.434619
1462.434619
1462.434619
1462.434619
1462.434619
1462.434619
1462.434619
1462.434619
1462.434619
1462.434619
1462.434619
1462.434619
1462.434619
1462.434619
1462.434619
1462.395359
1462.395359
1462.395359
1462.395359
1462.395359
1462.395359
1462.395359
1462.395359
1462.395359
1462.395359
1462.395359
1462.395359
1462.395359
1462.395359
1462.395359
1462.395359
1462.395359
1462.395359
1462.395359
1462.237467
1462.237467
1462.237467
1462.237467
1462.237467
1462.237467
1462.237467
1462.237467
1462.237467
1462.237467
1462.237467
1462.237467
1462.237467
1462.237467
1462.237467
1462.237467
1462.237467
1462.237467
1462.237467
1462.237467
1462.237467
1462.237467
1462.237467
1462.237467
1462.237467
1462.237467
1462.237467
1462.237467
1462.237467
1462.237467
1462.237467
1462.237467
1462.237467
1462.237467
1462.237467
1462.237467
1462.237467
1462.237467
1462.237467
1462.237467
1462.237467
1462.237467
1462.237467
1462.237467
1462.237467
1462.237467
1462.237467
1462.237467
1462.237467
1462.237467
1462.237467
1462.237467
1462.237467
1462.237467
1462.237467
1462.237467
1462.237467
1462.237467
1462.237467
1462.237467
1462.237467
1462.237467
1462.237467
1462.237467
1462.237467
1462.237467
1462.237467
1462.237467
1462.237467
1462.237467
1462.237467
1462.237467
1462.237467
1462.237467
1462.237467
1462.237467
1462.237467
1462.237467
1462.237467
1462.237467
1462.237467
1462.237467
1462.237467
1462.237467
1462.237467
1462.237467
1462.237467
1462.237467
1462.237467
1462.151437
1462.151437
1462.151437
1462.151437
1462.151437
1462.151437
1462.151437
1462.151437
1462.151437
1462.151437
1462.151437
1462.151437
1462.101695
1462.101695
1462.101695
1462.101695
1462.101695
1462.101695
1462.101695
1462.101695
1462.101695
1462.101695
1462.101695
1462.101695
1462.101695
1462.101695
1462.101695
1462.101695
1462.101695
1462.101695
1462.101695
1462.101695
1462.101695
1462.101695
1462.101695
1462.101695
1462.101695
1462.101695
1462.101695
1462.101695
1462.101695
1462.101695
1462.101695
1462.101695
1462.101695
1462.101695
1462.101695
1462.101695
1462.101695
1461.984143
1461.984143
1461.984143
1461.984143
1461.984143
1461.984143
1461.984143
1461.984143
1461.984143
1461.984143
1461.984143
1461.968679
1461.968679
1461.968679
1461.968679
1461.968679
1461.968679
1461.968679
1461.968679
1461.968679
1461.968679
1461.968679
1461.968679
1461.968679
1461.968679
1461.968679
1461.968679
1461.968679
1461.968679
1461.968679
1461.968679
1461.968679
1461.968679
1461.968679
1461.968679
1461.968679
1461.968679
1461.968679
1461.968679
1461.968679
1461.968679
1461.968679
1461.968679
1461.959763
1461.959763
1461.959763
1461.959763
1461.959763
1461.959763
1461.959763
1461.959763
1461.959763
1461.801930
1461.801930
1461.801930
1461.801930
1461.801930
1461.801930
1461.801930
1461.801930
1461.801930
1461.801930
1461.801930
1461.801930
1461.801930
1461.801930
1461.801930
1461.801930
1461.801930
1461.801930
1461.801930
1461.801930
1461.801930
1461.801930
1461.801930
1461.801930
1461.801930
1461.801930
1461.801930
1461.801930
1461.801930
1461.801930
1461.801930
1461.801930
1461.801930
1461.801930
1461.801930
1461.801930
1461.801930
1461.801930
1461.801930
1461.801930
1461.801930
1461.801930
1461.801930
1461.780390
1461.780390
1461.780390
1461.780390
1461.780390
1461.780390
1461.780390
1461.780390
1461.780390
1461.780390
1461.780390
1461.780390
1461.780390
1461.780390
1461.780390
1461.780390
1461.780390
1461.780390
1461.780390
1461.780390
1461.780390
1461.780390
1461.780390
1461.780390
1461.780390
1461.780390
1461.780390
1461.780390
1461.780390
1461.780390
1461.780390
1461.447684
1461.447684
1461.447684
1461.447684
1461.447684
1461.447684
1461.447684
1461.447684
1461.447684
1461.447684
1461.447684
1461.447684
1461.447684
1461.447684
1461.447684
1461.427926
1461.427926
1461.427926
1461.427926
1461.427926
1461.427926
1461.427926
1461.427926
1461.427926
1461.427926
1461.427926
1461.427926
1461.427926
1461.427926
1461.427926
1461.427926
1461.427926
1461.427926
1461.427926
1461.427926
1461.427926
1461.427926
1461.427926
1461.427926
1461.427926
1461.427926
1461.427926
1461.427926
1461.427926
1461.427926
1461.427926
1461.427926
1461.427926
1461.427926
1461.427926
1461.427926
1461.427926
1461.427926
1461.427926
1461.427926
1461.427926
1461.427926
1461.427926
1461.427926
1461.427926
1461.427926
1461.427926
1461.427926
1461.427926
1461.427926
1461.427926
1461.427926
1461.389338
1461.389338
1461.389338
1461.389338
1461.389338
1461.389338
1461.389338
1461.389338
1461.389338
1461.389338
1461.389338
1461.389338
1461.389338
1461.389338
1461.389338
1461.389338
1461.389338
1461.389338
1461.389338
1461.389338
1461.389338
1461.389338
1461.389338
1461.389338
1461.389338
1461.389338
1461.389338
1461.389338
1461.389338
1461.389338
1461.389338
1461.389338
1461.389338
1461.389338
1461.389338
1461.389338
1461.389338
1461.389338
1461.389338
1461.389338
1461.389338
1461.389338
1461.389338
1461.389338
1461.389338
1461.155635
1461.155635
1461.155635
1461.155635
1461.155635
1461.155635
1461.155635
1461.155635
1461.155635
1461.155635
1461.155635
1461.155635
1461.155635
1461.155635
1461.155635
1461.155635
1461.155635
1461.155635
1461.155635
1461.155635
1461.155635
1461.155635
1461.155635
1461.155635
1461.155635
1461.155635
1461.155635
1461.155635
1461.072144
1461.072144
1461.072144
1461.072144
1461.072144
1461.072144
1461.072144
1461.072144
1461.072144
1461.072144
1461.072144
1461.072144
1461.072144
1461.072144
1461.072144
1461.072144
1461.072144
1461.072144
1461.072144
1461.069138
1461.069138
1461.069138
1461.069138
1461.069138
1461.069138
1461.069138
1460.994945
1460.994945
1460.683205
1460.683205
1460.683205
1460.683205
1460.683205
1460.683205
1460.683205
1460.683205
1460.683205
1460.683205
1460.683205
1460.683205
1460.683205
1460.683205
1460.683205
1460.683205
1460.683205
1460.683205
1460.683205
1460.683205
1460.683205
1460.683205
1460.683205
1460.683205
1460.683205
1460.683205
1460.683205
1460.683205
1460.683205
1460.683205
1460.683205
1460.683205
1460.683205
1460.683205
1460.683205
1460.683205
1460.683205
1460.683205
1460.683205
1460.683205
1460.683205
1460.683205
1460.683205
1460.683205
1460.683205
1460.683205
1460.683205
1460.683205
1460.683205
1460.683205
1460.683205
1460.683205
1460.683205
1460.683205
1460.683205
1460.683205
1460.683205
1460.683205
1460.683205
1460.683205
1460.683205
1460.683205
1460.683205
1460.683205
1460.683205
1460.683205
1460.683205
1460.683205
1460.683205
1460.683205
1460.683205
1460.683205
1460.683205
1460.683205
1460.683205
1460.683205
1460.683205
1460.683205
1460.683205
1460.683205
1460.683205
1460.683205
1460.683205
1460.683205
1460.683205
1460.683205
1460.683205
1460.683205
1460.683205
1460.683205
1460.683205
1460.683205
1460.679195
1460.679195
1460.679195
1460.679195
1460.679195
1460.679195
1460.679195
1460.679195
1460.679195
1460.679195
1460.679195
1460.679195
1460.679195
1460.679195
1460.679195
1460.520398
1460.520398
1460.520398
1460.520398
1460.520398
1460.520398
1460.520398
1460.520398
1460.520398
1460.520398
1460.520398
1460.520398
1460.520398
1460.520398
1460.520398
1460.520398
1460.520398
1460.520398
1460.520398
1460.520398
1460.520398
1460.520398
1460.520398
1460.520398
1460.520398
1460.520398
1460.520398
1460.520398
1460.520398
1460.520398
1460.520398
1460.520398
1460.520398
1460.520398
1460.520398
1460.455349
1460.455349
1460.455349
1460.455349
1460.455349
1460.455349
1460.455349
1460.455349
1460.455349
1460.455349
1460.455349
1460.455349
1460.455349
1460.455349
1460.455349
1460.285190
1460.285190
1460.285190
1460.285190
1460.285190
1460.285190
1460.285190
1460.285190
1460.285190
1460.285190
1460.285190
1460.285190
1460.285190
1460.285190
1460.285190
1460.285190
1460.285190
1460.285190
1460.285190
1460.285190
1460.285190
1460.285190
1460.285190
1460.285190
1460.285190
1460.285190
1460.285190
1460.285190
1460.285190
1460.285190
1460.285190
1460.285190
1460.285190
1460.285190
1460.285190
1460.285190
1460.285190
1460.285190
1460.285190
1460.285190
1460.285190
1460.285190
1460.285190
1460.285190
1460.285190
1460.285190
1460.285190
1460.285190
1460.285190
1460.285190
1460.285190
1460.285190
1460.285190
1460.285190
1460.285190
1460.285190
1460.285190
1460.285190
1460.285190
1460.285190
1460.285190
1460.285190
1460.285190
1460.285190
1460.285190
1460.285190
1460.285190
1460.285190
1460.285190
1460.285190
1460.285190
1460.285190
1460.285190
1460.285190
1460.285190
1460.285190
1460.285190
1460.285190
1460.285190
1460.285190
1460.285190
1460.285190
1460.285190
1460.285190
1460.285190
1460.285190
1460.285190
1460.285190
1460.285190
1460.285190
1460.285190
1460.285190
1460.285190
1460.285190
1460.285190
1460.285190
1460.285190
1460.285190
1460.285190
1460.285190
1460.285190
1460.285190
1460.285190
1460.285190
1460.151478
1460.151478
1460.151478
1460.151478
1460.151478
1460.151478
1460.151478
1460.151478
1460.151478
1460.151478
1460.151478
1460.151478
1460.151478
1460.151478
1460.151478
1460.151478
1460.151478
1460.151478
1460.151478
1460.151478
1460.151478
1460.151478
1460.151478
1460.151478
1460.151478
1460.151478
1460.151478
1460.151478
1460.151478
1460.151478
1460.151478
1460.151478
1460.151478
1460.151478
1460.151478
1460.050755
1460.050755
1460.050755
1460.050755
1460.050755
1460.050755
1460.050755
1460.050755
1460.050755
1460.050755
1460.050755
1460.050755
1460.050755
1460.050755
1460.050755
1460.050755
1459.920742
1459.920742
1459.920742
1459.920742
1459.920742
1459.920742
1459.920742
1459.920742
1459.920742
1459.920742
1459.920742
1459.920742
1459.920742
1459.920742
1459.920742
1459.920742
1459.920742
1459.920742
1459.920742
1459.920742
1459.920742
1459.920742
1459.920742
1459.920742
1459.920742
1459.920742
1459.920742
1459.920742
1459.920742
1459.920742
1459.920742
1459.920742
1459.920742
1459.920742
1459.920742
1459.920742
1459.920742
1459.920742
1459.920742
1459.920742
1459.920742
1459.920742
1459.920742
1459.920742
1459.920742
1459.920742
1459.920742
1459.920742
1459.920742
1459.920742
1459.920742
1459.920742
1459.920742
1459.920742
1459.920742
1459.920742
1459.920742
1459.920742
1459.920742
1459.920742
1459.920742
1459.920742
1459.920742
1459.920742
1459.920742
1459.920742
1459.920742
1459.920742
1459.920742
1459.920742
1459.920742
1459.920742
1459.920742
1459.920742
1459.920742
1459.920742
1459.920742
1459.920742
1459.920742
1459.920742
1459.920742
1459.920742
1459.920742
1459.918265
1459.918265
1459.918265
1459.918265
1459.918265
1459.918265
1459.918265
1459.918265
1459.918265
1459.918265
1459.918265
1459.918265
1459.918265
1459.918265
1459.918265
1459.918265
1459.918265
1459.918265
1459.918265
1459.918265
1459.918265
1459.918265
1459.918265
1459.918265
1459.918265
1459.918265
1459.918265
1459.918265
1459.918265
1459.918265
1459.918265
1459.918265
1459.918265
1459.918265
1459.918265
1459.918265
1459.918265
1459.818553
1459.818553
1459.818553
1459.818553
1459.818553
1459.818553
1459.818553
1459.818553
1459.818553
1459.818553
1459.818553
1459.818553
1459.818553
1459.818553
1459.818553
1459.818553
1459.818553
1459.818553
1459.818553
1459.818553
1459.818553
1459.818553
1459.818553
1459.818553
1459.818553
1459.818553
1459.818553
1459.818553
1459.818553
1459.818553
1459.818553
1459.510734
1459.510734
1459.510734
1459.510734
1459.510734
1459.510734
1459.510734
1459.510734
1459.510734
1459.510734
1459.510734
1459.510734
1459.510734
1459.510734
1459.510734
1459.510734
1459.510734
1459.510734
1459.510734
1459.510734
1459.510734
1459.510734
1459.510734
1459.510734
1459.510734
1459.510734
1459.510734
1459.510734
1459.510734
1459.510734
1459.510734
1459.510734
1459.510734
1459.510734
1459.510734
1459.510734
1459.510734
1459.510734
1459.510734
1459.510734
1459.510734
1459.510734
1459.510734
1459.510734
1459.510734
1459.510734
1459.510734
1459.510734
1459.510734
1459.510734
1459.510734
1459.510734
1459.510734
1459.510734
1459.510734
1459.510734
1459.510734
1459.510734
1459.510734
1459.510734
1459.510734
1459.510734
1459.510734
1459.510734
1459.510734
1459.510734
1459.510734
1459.510734
1459.510734
1459.510734
1459.510734
1459.510734
1459.510734
1459.510734
1459.510734
1459.510734
1459.510734
1459.510734
1459.510734
1459.510734
1459.510734
1459.510734
1459.510734
1459.510734
1459.510734
1459.510734
1459.510734
1459.510734
1459.510734
1459.510734
1459.510734
1459.510734
1459.510734
1459.510734
1459.510734
1459.510734
1459.510734
1459.510734
1459.510734
1459.510734
1459.510734
1459.510734
1459.510734
1459.510734
1459.510734
1459.510734
1459.510734
1459.510734
1459.510734
1459.510734
1459.510734
1459.510734
1459.510734
1459.510734
1459.510734
1459.510734
1459.510734
1459.510734
1459.510734
1459.510734
1459.510734
1459.510734
1459.510734
1459.510734
1459.510734
1459.510734
1459.501731
1459.501731
1459.501731
1459.501731
1459.501731
1459.501731
1459.501731
1459.501731
1459.501731
1459.501731
1459.501731
1459.501731
1459.501731
1459.501731
1459.501731
1459.501731
1459.501731
1459.501731
1459.501731
1459.501731
1459.501731
1459.501731
1459.501731
1459.501731
1459.501731
1459.501731
1459.501731
1459.501731
1459.501731
1459.501731
1459.501731
1459.501731
1459.501731
1459.501731
1459.501731
1459.501731
1459.501731
1459.501731
1459.501731
1459.501731
1459.501731
1459.501731
1459.501731
1459.501731
1459.501731
1459.501731
1459.501731
1459.501731
1459.501731
1459.501731
1459.501731
1459.501731
1459.501731
1459.501731
1459.501731
1459.501731
1459.501731
1459.501731
1459.501731
1459.501731
1459.501731
1459.501731
1459.501731
1459.501731
1459.501731
1459.501731
1459.501731
1459.501731
1459.501731
1459.501731
1459.501731
1459.501731
1459.501731
1459.501731
1459.501731
1459.501731
1459.501731
1459.501731
1459.501731
1459.501731
1459.409537
1459.409537
1459.409537
1459.409537
1459.409537
1459.409537
1459.409537
1459.409537
1459.409537
1459.340948
1459.340948
1459.340948
1459.340948
1459.340948
1459.340948
1459.340948
1459.340948
1459.340948
1459.340948
1459.340948
1459.340948
1459.340948
1459.340948
1459.340948
1459.340948
1459.340948
1459.340948
1459.340948
1459.340948
1459.340948
1459.340948
1459.340948
1459.340948
1459.340948
1459.340948
1459.340948
1459.340948
1459.340948
1459.340948
1459.340948
1459.340948
1459.340948
1459.340948
1459.340948
1459.340948
1459.340948
1459.340948
1459.340948
1459.340948
1459.340948
1459.340948
1459.340948
1459.340948
1459.340948
1459.340948
1459.340948
1459.340948
1459.340948
1459.340948
1459.340948
1459.340948
1459.340948
1459.340948
1459.340948
1459.328410
1459.328410
1459.328410
1459.328410
1459.328410
1459.328410
1459.328410
1459.328410
1459.328410
1458.982059
1458.982059
1458.982059
1458.982059
1458.982059
1458.982059
1458.982059
1458.982059
1458.982059
1458.982059
1458.982059
1458.982059
1458.982059
1458.982059
1458.982059
1458.982059
1458.982059
1458.982059
1458.982059
1458.982059
1458.982059
1458.982059
1458.982059
1458.982059
1458.982059
1458.982059
1458.982059
1458.982059
1458.982059
1458.982059
1458.982059
1458.982059
1458.982059
1458.982059
1458.982059
1458.982059
1458.982059
1458.982059
1458.982059
1458.982059
1458.982059
1458.982059
1458.982059
1458.982059
1458.982059
1458.982059
1458.982059
1458.982059
1458.982059
1458.982059
1458.982059
1458.982059
1458.982059
1458.982059
1458.982059
1458.982059
1458.982059
1458.982059
1458.982059
1458.982059
1458.982059
1458.982059
1458.982059
1458.982059
1458.982059
1458.982059
1458.982059
1458.982059
1458.982059
1458.773320
1458.773320
1458.773320
1458.773320
1458.773320
1458.773320
1458.773320
1458.773320
1458.773320
1458.773320
1458.773320
1458.773320
1458.773320
1458.773320
1458.773320
1458.773320
1458.773320
1458.773320
1458.773320
1458.773320
1458.773320
1458.773320
1458.773320
1458.773320
1458.773320
1458.773320
1458.773320
1458.773320
1458.773320
1458.773320
1458.773320
1458.773320
1458.773320
1458.773320
1458.773320
1458.773320
1458.773320
1458.773320
1458.773320
1458.773320
1458.773320
1458.773320
1458.773320
1458.773320
1458.773320
1458.773320
1458.773320
1458.773320
1458.773320
1458.773320
1458.773320
1458.773320
1458.773320
1458.773320
1458.773320
1458.773320
1458.773320
1458.773320
1458.773320
1458.773320
1458.340584
1458.340584
1458.340584
1458.340584
1458.340584
1458.340584
1458.340584
1458.340584
1458.340584
1458.340584
1458.340584
1458.340584
1458.340584
1458.340584
1458.340584
1458.340584
1458.340584
1458.340584
1458.340584
1458.340584
1458.340584
1458.340584
1458.340584
1458.340584
1458.340584
1458.340584
1458.340584
1458.340584
1458.340584
1458.340584
1458.340584
1458.340584
1458.340584
1458.340584
1458.340584
1458.340584
1458.340584
1458.340584
1458.340584
1458.340584
1458.340584
1458.340584
1458.340584
1458.340584
1458.340584
1458.340584
1458.340584
1458.340584
1458.340584
1458.340584
1458.340584
1458.340584
1458.340584
1458.340584
1458.340584
1458.340584
1458.340584
1458.340584
1458.340584
1458.340584
1458.340584
1458.340584
1458.340584
1458.340584
1458.340584
1458.340584
1458.340584
1458.340584
1458.340584
1458.340584
1458.340584
1458.340584
1458.340584
1458.340584
1458.340584
1458.340584
1458.340584
1458.340584
1458.340584
1458.340584
1458.340584
1458.340584
1458.340584
1458.340584
1458.340584
1458.340584
1458.340584
1458.340584
1458.340584
1458.340584
1458.340584
1458.340584
1458.308177
1458.308177
1458.308177
1458.308177
1458.308177
1458.308177
1458.308177
1458.308177
1458.308177
1458.308177
1458.308177
1458.308177
1458.308177
1458.308177
1458.308177
1458.308177
1458.308177
1458.308177
1458.308177
1458.308177
1458.308177
1458.308177
1458.308177
1458.308177
1458.308177
1458.308177
1458.308177
1458.308177
1458.308177
1458.308177
1458.308177
1458.308177
1458.308177
1458.308177
1458.308177
1458.308177
1458.308177
1458.308177
1458.308177
1458.308177
1458.308177
1458.308177
1458.308177
1458.308177
1458.308177
1458.295565
1458.295565
1458.295565
1458.295565
1458.295565
1458.172820
1458.172820
1458.172820
1458.172820
1458.172820
1458.172820
1458.172820
1458.172820
1458.172820
1458.172820
1458.172820
1458.172820
1458.172820
1458.172820
1458.172820
1458.172820
1458.172820
1458.172820
1458.172820
1458.172820
1458.172820
1458.172820
1458.172820
1458.172820
1458.172820
1458.172820
1458.172820
1458.172820
1458.172820
1458.172820
1458.172820
1458.172820
1458.172820
1458.172820
1458.172820
1458.172820
1458.172820
1458.172820
1458.172820
1458.172820
1458.172820
1458.172820
1458.172820
1458.172820
1458.172820
1458.172820
1458.172820
1458.172820
1458.172820
1458.172820
1458.172820
1458.111292
1458.111292
1458.111292
1458.111292
1458.111292
1458.111292
1458.111292
1458.111292
1458.111292
1458.111292
1458.111292
1458.111292
1458.111292
1458.111292
1458.111292
1458.111292
1458.069546
1458.069546
1458.069546
1458.069546
1458.069546
1458.069546
1458.069546
1458.069546
1458.069546
1458.069546
1458.069546
1458.069546
1458.069546
1458.069546
1458.069546
1458.069546
1458.069546
1458.069546
1458.069546
1458.069546
1458.069546
1458.069546
1458.069546
1458.069546
1458.069546
1458.069546
1458.069546
1458.069546
1458.069546
1458.069546
1458.069546
1458.069546
1458.069546
1458.069546
1458.037838
1458.037838
1458.037838
1458.037838
1458.037838
1458.037838
1458.037838
1458.037838
1458.037838
1458.037838
1458.037838
1458.037838
1458.037838
1458.037838
1458.037838
1458.037838
1458.037838
1458.037838
1457.643865
1457.643865
1457.643865
1457.643865
1457.643865
1457.643865
1457.643865
1457.643865
1457.643865
1457.643865
1457.643865
1457.643865
1457.643865
1457.643865
1457.643865
1457.643865
1457.643865
1457.643865
1457.643865
1457.643865
1457.643865
1457.643865
1457.643865
1457.643865
1457.643865
1457.643865
1457.643865
1457.643865
1457.643865
1457.643865
1457.643865
1457.643865
1457.643865
1457.643865
1457.643865
1457.643865
1457.643865
1457.643865
1457.643865
1457.643865
1457.643865
1457.643865
1457.643865
1457.643865
1457.643865
1457.643865
1457.643865
1457.643865
1457.643865
1457.643865
1457.643865
1457.643865
1457.643865
1457.643865
1457.643865
1457.643865
1457.643865
1457.643865
1457.643865
1457.643865
1457.643865
1457.643865
1457.643865
1457.643865
1457.643865
1457.643865
1457.643865
1457.643865
1457.643865
1457.643865
1457.643865
1457.643865
1457.643865
1457.643865
1457.643865
1457.643865
1457.643865
1457.643865
1457.643865
1457.643865
1457.643865
1457.643865
1457.643865
1457.643865
1457.643865
1457.643865
1457.643865
1457.643865
1457.643865
1457.643865
1457.643865
1457.643865
1457.643865
1457.643865
1457.643865
1457.643865
1457.643865
1457.643865
1457.643865
1457.643865
1457.643865
1457.643865
1457.643865
1457.411655
1457.411655
1457.411655
1457.411655
1457.411655
1457.411655
1457.411655
1457.411655
1457.411655
1457.411655
1457.411655
1457.411655
1457.411655
1457.411655
1457.411655
1457.411655
1457.411655
1457.411655
1457.411655
1457.411655
1457.411655
1457.411655
1457.411655
1457.411655
1457.411655
1457.411655
1457.411655
1457.411655
1457.411655
1457.411655
1457.411655
1457.411655
1457.411655
1457.411655
1457.411655
1457.411655
1457.411655
1457.411655
1457.411655
1457.411655
1457.411655
1457.411655
1457.411655
1457.411655
1457.411655
1457.411655
1457.411655
1457.411655
1457.411655
1457.411655
1457.411655
1457.411655
1457.411655
1457.411655
1457.411655
1457.411655
1457.411655
1457.411655
1457.411655
1457.411655
1457.411655
1457.411655
1457.411655
1457.411655
1457.411655
1457.307272
1457.307272
1457.307272
1457.307272
1457.307272
1457.307272
1457.307272
1457.307272
1457.307272
1457.307272
1457.307272
1457.307272
1457.307272
1457.307272
1457.307272
1457.307272
1457.307272
1457.307272
1457.307272
1457.307272
1457.307272
1457.307272
1457.307272
1457.307272
1457.307272
1457.307272
1457.307272
1457.307272
1457.307272
1457.307272
1457.307272
1457.307272
1457.307272
1457.307272
1457.307272
1457.307272
1457.307272
1457.307272
1457.307272
1457.307272
1457.307272
1457.307272
1457.307272
1457.307272
1457.307272
1457.307272
1457.307272
1457.307272
1457.307272
1457.307272
1457.307272
1457.307272
1457.307272
1457.307272
1457.307272
1457.307272
1457.307272
1457.307272
1457.307272
1457.307272
1457.307272
1457.307272
1457.307272
1457.307272
1457.307272
1457.307272
1457.307272
1457.307272
1457.307272
1457.307272
1457.307272
1457.301444
1457.301444
1457.301444
1457.301444
1457.301444
1457.301444
1457.301444
1457.301444
1457.301444
1457.301444
1457.301444
1457.301444
1457.301444
1457.301444
1457.301444
1457.263944
1457.263944
1457.263944
1457.263944
1457.263944
1457.263944
1457.263944
1457.263944
1457.263944
1457.263944
1457.263944
1457.263944
1457.263944
1457.263944
1457.263944
1456.866343
1456.866343
1456.866343
1456.866343
1456.866343
1456.866343
1456.866343
1456.866343
1456.866343
1456.866343
1456.866343
1456.866343
1456.866343
1456.866343
1456.866343
1456.866343
1456.866343
1456.866343
1456.866343
1456.866343
1456.866343
1456.866343
1456.866343
1456.866343
1456.866343
1456.866343
1456.866343
1456.866343
1456.866343
1456.866343
1456.866343
1456.866343
1456.866343
1456.866343
1456.866343
1456.866343
1456.866343
1456.866343
1456.866343
1456.866343
1456.866343
1456.866343
1456.866343
1456.866343
1456.866343
1456.866343
1456.866343
1456.866343
1456.866343
1456.866343
1456.866343
1456.866343
1456.866343
1456.866343
1456.866343
1456.866343
1456.866343
1456.866343
1456.866343
1456.866343
1456.866343
1456.866343
1456.866343
1456.866343
1456.866343
1456.866343
1456.866343
1456.866343
1456.866343
1456.866343
1456.866343
1456.866343
1456.866343
1456.866343
1456.866343
1456.866343
1456.866343
1456.866343
1456.866343
1456.866343
1456.866343
1456.866343
1456.866343
1456.866343
1456.866343
1456.866343
1456.866343
1456.866343
1456.866343
1456.866343
1456.866343
1456.866343
1456.866343
1456.866343
1456.866343
1456.866343
1456.866343
1456.866343
1456.866343
1456.866343
1456.866343
1456.866343
1456.866343
1456.866343
1456.866343
1456.866343
1456.866343
1456.866343
1456.866343
1456.866343
1456.866343
1456.866343
1456.866343
1456.866343
1456.866343
1456.866343
1456.866343
1456.866343
1456.866343
1456.866343
1456.866343
1456.866343
1456.866343
1456.866343
1456.866343
1456.866343
1456.866343
1456.866343
1456.866343
1456.866343
1456.866343
1456.866343
1456.866343
1456.866343
1456.866343
1456.866343
1456.866343
1456.866343
1456.866343
1456.866343
1456.866343
1456.866343
1456.866343
1456.866343
1456.572511
1456.572511
1456.572511
1456.572511
1456.572511
1456.572511
1456.572511
1456.572511
1456.572511
1456.572511
1456.572511
1456.572511
1456.572511
1456.572511
1456.572511
1456.572511
1456.572511
1456.572511
1456.572511
1456.572511
1456.572511
1456.572511
1456.572511
1456.572511
1456.572511
1456.572511
1456.572511
1456.572511
1456.572511
1456.572511
1456.572511
1456.572511
1456.572511
1456.572511
1456.572511
1456.572511
1456.572511
1456.572511
1456.572511
1456.572511
1456.572511
1456.572511
1456.572511
1456.572511
1456.572511
1456.572511
1456.572511
1456.572511
1456.572511
1456.572511
1456.572511
1456.572511
1456.572511
1456.572511
1456.572511
1456.572511
1456.572511
1456.572511
1456.572511
1456.572511
1456.572511
1456.572511
1456.572511
1456.572511
1456.572511
1456.572511
1456.572511
1456.572511
1456.572511
1456.572511
1456.572511
1456.572511
1456.572511
1456.572511
1456.572511
1456.572511
1456.572511
1456.572511
1456.572511
1456.572511
1456.572511
1456.572511
1456.572511
1456.572511
1456.572511
1456.572511
1456.572511
1456.572511
1456.572511
1456.554724
1456.554724
1456.554724
1456.554724
1456.554724
1456.554724
1456.554724
1456.554724
1456.554724
1456.554724
1456.554724
1456.554724
1456.554724
1456.554724
1456.554724
1456.554724
1456.554724
1456.554724
1456.554724
1456.554724
1456.554724
1456.554724
1456.554724
1456.554724
1456.554724
1456.554724
1456.554724
1456.554724
1456.554724
1456.554724
1456.554724
1456.554724
1456.554724
1456.554724
1456.554724
1456.554724
1456.554724
1456.554724
1456.554724
1456.554724
1456.464790
1456.464790
1456.464790
1456.464790
1456.397512
1456.397512
1456.397512
1456.397512
1456.397512
1456.397512
1456.397512
1456.397512
1456.397512
1456.397512
1456.397512
1456.397512
1456.397512
1456.397512
1456.397512
1456.397512
1456.397512
1456.397512
1456.397512
1456.397512
1456.397512
1456.397512
1456.397512
1456.397512
1456.244040
1456.244040
1456.086161
1456.086161
1456.086161
1456.086161
1456.086161
1456.086161
1456.086161
1456.086161
1456.086161
1456.086161
1456.086161
1456.086161
1456.086161
1456.086161
1456.086161
1456.086161
1456.086161
1456.086161
1456.086161
1456.086161
1456.086161
1456.086161
1456.086161
1456.086161
1456.086161
1456.086161
1456.086161
1456.086161
1456.086161
1456.086161
1456.086161
1456.086161
1456.086161
1456.086161
1456.086161
1456.086161
1456.086161
1456.086161
1456.086161
1456.086161
1456.086161
1456.086161
1456.086161
1456.086161
1456.086161
1456.086161
1456.086161
1456.086161
1456.086161
1456.086161
1456.086161
1456.086161
1456.086161
1456.086161
1456.086161
1456.086161
1456.086161
1456.086161
1456.086161
1456.086161
1456.086161
1456.086161
1456.086161
1456.086161
1456.086161
1456.036029
1456.036029
1456.036029
1456.036029
1456.036029
1456.036029
1456.036029
1456.036029
1456.036029
1456.036029
1456.036029
1456.036029
1456.036029
1456.036029
1456.036029
1456.036029
1456.036029
1456.036029
1456.036029
1456.036029
1456.036029
1456.036029
1456.036029
1456.036029
1456.036029
1456.036029
1456.036029
1456.036029
1456.036029
1456.036029
1456.036029
1456.036029
1456.036029
1456.036029
1456.036029
1456.036029
1455.902940
1455.790036
1455.790036
1455.790036
1455.790036
1455.790036
1455.790036
1455.790036
1455.790036
1455.790036
1455.790036
1455.790036
1455.790036
1455.790036
1455.790036
1455.790036
1455.790036
1455.790036
1455.790036
1455.790036
1455.790036
1455.790036
1455.790036
1455.790036
1455.790036
1455.790036
1455.790036
1455.790036
1455.790036
1455.790036
1455.790036
1455.790036
1455.790036
1455.790036
1455.790036
1455.790036
1455.790036
1455.790036
1455.790036
1455.790036
1455.790036
1455.790036
1455.790036
1455.790036
1455.790036
1455.790036
1455.790036
1455.790036
1455.790036
1455.790036
1455.790036
1455.790036
1455.790036
1455.790036
1455.790036
1455.790036
1455.790036
1455.790036
1455.790036
1455.790036
1455.790036
1455.790036
1455.790036
1455.790036
1455.790036
1455.790036
1455.790036
1455.790036
1455.790036
1455.790036
1455.790036
1455.790036
1455.790036
1455.790036
1455.790036
1455.790036
1455.790036
1455.790036
1455.790036
1455.790036
1455.790036
1455.790036
1455.790036
1455.790036
1455.790036
1455.790036
1455.790036
1455.790036
1455.790036
1455.790036
1455.790036
1455.790036
1455.790036
1455.790036
1455.790036
1455.790036
1455.790036
1455.790036
1455.790036
1455.790036
1455.790036
1455.790036
1455.790036
1455.790036
1455.790036
1455.790036
1455.790036
1455.790036
1455.790036
1455.790036
1455.790036
1455.790036
1455.790036
1455.790036
1455.790036
1455.790036
1455.790036
1455.790036
1455.790036
1455.790036
1455.790036
1455.790036
1455.790036
1455.790036
1455.790036
1455.790036
1455.790036
1455.790036
1455.790036
1455.790036
1455.790036
1455.790036
1455.790036
1455.790036
1455.790036
1455.790036
1455.790036
1455.790036
1455.790036
1455.790036
1455.790036
1455.790036
1455.790036
1455.790036
1455.790036
1455.790036
1455.790036
1455.790036
1455.790036
1455.790036
1455.790036
1455.790036
1455.790036
1455.790036
1455.790036
1455.790036
1455.790036
1455.790036
1455.790036
1455.790036
1455.790036
1455.790036
1455.790036
1455.790036
1455.790036
1455.790036
1455.790036
1455.790036
1455.790036
1455.790036
1455.790036
1455.790036
1455.790036
1455.790036
1455.790036
1455.790036
1455.790036
1455.790036
1455.790036
1455.790036
1455.790036
1455.790036
1455.790036
1455.790036
1455.790036
1455.790036
1455.790036
1455.790036
1455.790036
1455.790036
1455.790036
1455.790036
1455.790036
1455.790036
1455.790036
1455.790036
1455.790036
1455.790036
1455.790036
1455.790036
1455.790036
1455.790036
1455.790036
1455.790036
1455.790036
1455.790036
1455.790036
1455.790036
1455.790036
1455.790036
1455.790036
1455.790036
1455.790036
1455.790036
1455.790036
1455.790036
1455.790036
1455.790036
1455.790036
1455.790036
1455.790036
1455.790036
1455.790036
1455.790036
1455.790036
1455.790036
1455.790036
1455.790036
1455.790036
1455.790036
1455.790036
1455.790036
1455.790036
1455.790036
1455.790036
1455.790036
1455.790036
1455.790036
1455.790036
1455.790036
1455.790036
1455.790036
1455.790036
1455.790036
1455.790036
1455.790036
1455.790036
1455.790036
1455.790036
1455.790036
1455.790036
1455.790036
1455.790036
1455.790036
1455.790036
1455.790036
1455.790036
1455.790036
1455.790036
1455.790036
1455.790036
1455.790036
1455.790036
1455.790036
1455.790036
1455.790036
1455.790036
1455.790036
1455.790036
1455.790036
1455.790036
1455.790036
1455.790036
1455.790036
1455.790036
1455.790036
1455.790036
1455.790036
1455.790036
1455.790036
1455.790036
1455.790036
1455.790036
1455.790036
1455.790036
1455.790036
1455.790036
1455.790036
1455.790036
1455.790036
1455.790036
1455.760837
1455.760837
1455.760837
1455.760837
1455.760837
1455.760837
1455.760837
1455.760837
1455.760837
1455.760837
1455.760837
1455.760837
1455.760837
1455.760837
1455.760837
1455.760837
1455.760837
1455.760837
1455.760837
1455.760837
1455.760837
1455.760837
1455.760837
1455.760837
1455.760837
1455.760837
1455.760837
1455.760837
1455.760837
1455.760837
1455.717807
1455.671302
1455.671302
1455.671302
1455.671302
1455.671302
1455.671302
1455.671302
1455.671302
1455.671302
1455.671302
1455.671302
1455.671302
1455.671302
1455.671302
1455.671302
1455.671302
1455.671302
1455.671302
1455.671302
1455.671302
1455.671302
1455.671302
1455.671302
1455.671302
1455.671302
1455.671302
1455.671302
1455.671302
1455.671302
1455.671302
1455.671302
1455.671302
1455.671302
1455.671302
1455.671302
1455.671302
1455.671302
1455.671302
1455.671302
1455.671302
1455.671302
1455.671302
1455.671302
1455.671302
1455.671302
1455.671302
1455.671302
1455.671302
1455.671302
1455.671302
1455.671302
1455.671302
1455.671302
1455.578475
1455.578475
1455.578475
1455.578475
1455.578475
1455.578475
1455.578475
1455.578475
1455.578475
1455.578475
1455.578475
1455.578475
1455.578475
1455.578475
1455.578475
1455.578475
1455.578475
1455.578475
1455.578475
1455.578475
1455.578475
1455.578475
1455.578475
1455.578475
1455.578475
1455.578475
1455.578475
1455.578475
1455.578475
1455.578475
1455.578475
1455.578475
1455.578475
1455.578475
1455.578475
1455.578475
1455.578475
1455.578475
1455.578475
1455.578475
1455.578475
1455.578475
1455.578475
1455.578475
1455.578475
1455.578475
1455.578475
1455.578475
1455.578475
1455.578475
1455.578475
1455.578475
1455.578475
1455.578475
1455.223012
1455.223012
1455.223012
1455.223012
1455.223012
1455.223012
1455.223012
1455.223012
1455.223012
1455.223012
1455.223012
1455.223012
1455.223012
1455.223012
1455.223012
1455.223012
1455.223012
1455.223012
1455.223012
1455.223012
1455.223012
1455.223012
1455.223012
1455.223012
1455.223012
1455.223012
1455.223012
1455.223012
1455.223012
1455.223012
1455.223012
1455.223012
1455.223012
1455.223012
1455.223012
1455.223012
1455.223012
1455.223012
1455.223012
1455.223012
1455.223012
1455.223012
1455.223012
1455.223012
1455.223012
1455.223012
1455.223012
1455.223012
1455.223012
1455.223012
1455.223012
1455.223012
1455.223012
1455.223012
1455.223012
1455.223012
1455.223012
1455.223012
1455.223012
1455.223012
1455.223012
1455.223012
1455.223012
1455.223012
1455.223012
1455.223012
1455.223012
1455.223012
1455.223012
1455.223012
1455.223012
1455.223012
1455.223012
1455.223012
1455.223012
1455.223012
1455.223012
1455.223012
1455.223012
1455.223012
1455.223012
1455.223012
1455.223012
1455.223012
1455.223012
1455.223012
1455.223012
1455.223012
1455.223012
1455.223012
1455.223012
1455.223012
1455.223012
1455.223012
1455.223012
1455.223012
1455.223012
1455.223012
1455.223012
1455.223012
1455.223012
1455.223012
1455.223012
1455.223012
1455.223012
1455.223012
1455.223012
1455.223012
1455.223012
1455.199635
1455.199635
1455.199635
1455.199635
1455.199635
1455.199635
1455.199635
1455.199635
1455.199635
1455.199635
1455.199635
1455.199635
1455.199635
1455.199635
1455.199635
1455.199635
1455.199635
1455.199635
1455.199635
1455.199635
1455.199635
1455.199635
1455.199635
1455.199635
1455.199635
1455.199635
1455.199635
1455.199635
1455.199635
1455.199635
1455.199635
1455.199635
1455.199635
1455.199635
1455.199635
1455.199635
1455.199635
1455.199635
1455.199635
1455.199635
1455.199635
1455.199635
1455.199635
1455.199635
1455.199635
1455.199635
1455.199635
1455.199635
1455.199635
1455.199635
1455.199635
1455.199635
1455.199635
1455.199635
1455.199635
1455.199635
1455.199635
1455.199635
1455.199635
1455.199635
1455.199635
1455.199635
1455.199635
1455.199635
1455.199635
1455.199635
1455.199635
1455.199635
1455.199635
1455.199635
1455.199635
1455.199635
1455.199635
1455.199635
1455.199635
1455.199635
1455.199635
1455.199635
1455.199635
1455.199635
1455.199635
1455.199635
1455.199635
1455.199635
1455.199635
1455.199635
1455.199635
1455.199635
1455.199635
1455.199635
1455.199635
1455.199635
1455.199635
1455.199635
1455.199635
1455.199635
1455.199635
1455.199635
1455.199635
1455.199635
1455.195822
1455.195822
1455.195822
1455.195822
1455.195822
1455.195822
1455.195822
1455.195822
1455.195822
1455.195822
1455.195822
1455.195822
1455.195822
1455.195822
1455.195822
1455.195822
1455.195822
1455.195822
1455.195822
1455.195822
1455.195822
1455.195822
1455.195822
1455.195822
1455.195822
1455.195822
1455.195822
1455.195822
1455.195822
1455.195822
1455.195822
1455.195822
1455.195822
1455.195822
1455.195822
1455.195822
1455.195822
1455.195822
1455.195822
1455.195822
1455.195822
1455.195822
1455.195822
1455.195822
1455.195822
1455.195822
1455.195822
1455.195822
1455.195822
1455.195822
1455.195822
1455.195822
1455.195822
1455.195822
1455.195822
1455.195822
1455.195822
1455.195822
1455.195822
1455.195822
1455.195822
1455.195822
1455.195822
1455.195822
1455.195822
1455.195822
1455.195822
1455.195822
1455.195822
1455.195822
1455.195822
1455.195822
1455.195822
1455.195822
1455.195822
1455.195822
1455.195822
1455.195822
1455.195822
1455.195822
1455.195822
1455.195822
1455.195822
1455.195822
1455.195822
1455.195822
1455.195822
1455.195822
1455.195822
1455.195822
1455.195822
1455.195822
1455.195822
1455.195822
1455.195822
1455.195822
1455.195822
1455.195822
1455.195822
1455.195822
1455.195822
1455.195822
1455.195822
1455.195822
1455.179438
1455.179438
1455.179438
1455.179438
1455.179438
1455.179438
1455.179438
1455.179438
1455.179438
1455.179438
1455.179438
1455.179438
1455.179438
1455.179438
1455.179438
1455.179438
1455.179438
1455.179438
1455.179438
1455.179438
1455.179438
1455.179438
1455.179438
1455.179438
1455.179438
1455.179438
1455.179438
1455.179438
1455.179438
1455.179438
1455.179438
1455.179438
1455.179438
1455.179438
1455.179438
1455.179438
1455.179438
1455.179438
1455.179438
1455.179438
1455.179438
1455.179438
1455.179438
1455.179438
1455.179438
1455.179438
1455.179438
1455.179438
1455.179438
1455.179438
1455.179438
1455.179438
1455.179438
1455.179438
1455.179438
1455.179438
1455.179438
1455.179438
1455.179438
1455.179438
1455.179438
1455.179438
1455.179438
1455.179438
1455.179438
1455.179438
1455.179438
1455.179438
1455.179438
1455.179438
1455.179438
1455.179438
1455.179438
1455.179438
1455.179438
1455.060435
1455.060435
1455.060435
1455.060435
1455.060435
1455.060435
1455.060435
1455.060435
1455.060435
1455.060435
1455.060435
1455.060435
1455.060435
1454.978922
1454.978922
1454.978922
1454.978922
1454.978922
1454.978922
1454.978922
1454.978922
1454.978922
1454.978922
1454.978922
1454.978922
1454.978922
1454.978922
1454.978922
1454.978922
1454.978922
1454.978922
1454.978922
1454.978922
1454.978922
1454.978922
1454.978922
1454.978922
1454.978922
1454.978922
1454.978922
1454.978922
1454.978922
1454.978922
1454.978922
1454.978922
1454.978922
1454.978922
1454.978922
1454.978922
1454.978922
1454.978922
1454.978922
1454.978922
1454.978922
1454.978922
1454.978922
1454.978922
1454.978922
1454.978922
1454.978922
1454.978922
1454.978922
1454.978922
1454.978922
1454.978922
1454.978922
1454.978922
1454.978922
1454.978922
1454.978922
1454.978922
1454.978922
1454.978922
1454.978922
1454.978922
1454.978922
1454.978922
1454.978922
1454.978922
1454.978922
1454.978922
1454.978922
1454.978922
1454.978922
1454.978922
1454.978922
1454.978922
1454.978922
1454.978922
1454.978922
1454.978922
1454.978922
1454.978922
1454.978922
1454.978922
1454.978922
1454.978922
1454.978922
1454.978922
1454.978922
1454.978922
1454.978922
1454.978922
1454.978922
1454.978922
1454.978922
1454.978922
1454.978922
1454.978922
1454.978922
1454.978922
1454.978922
1454.978922
1454.978922
1454.978922
1454.978922
1454.978922
1454.978922
1454.978922
1454.978922
1454.978922
1454.978922
1454.978922
1454.978922
1454.978922
1454.978922
1454.978922
1454.978922
1454.978922
1454.978922
1454.978922
1454.978922
1454.978922
1454.978922
1454.978922
1454.978922
1454.978922
1454.978922
1454.978922
1454.978922
1454.978922
1454.978922
1454.978922
1454.978922
1454.978922
1454.978922
1454.978922
1454.978922
1454.978922
1454.978922
1454.978922
1454.978922
1454.978922
1454.978922
1454.978922
1454.978922
1454.968955
1454.968955
1454.968955
1454.968955
1454.968955
1454.968955
1454.968955
1454.968955
1454.968955
1454.968955
1454.968955
1454.968955
1454.968955
1454.968955
1454.968955
1454.968955
1454.968955
1454.968955
1454.968955
1454.968955
1454.968955
1454.968955
1454.968955
1454.968955
1454.968955
1454.968955
1454.968955
1454.968955
1454.966164
1454.956295
1454.956295
1454.956295
1454.956295
1454.956295
1454.956295
1454.956295
1454.956295
1454.956295
1454.956295
1454.956295
1454.956295
1454.956295
1454.956295
1454.956295
1454.956295
1454.956295
1454.956295
1454.956295
1454.956295
1454.956295
1454.956295
1454.956295
1454.956295
1454.956295
1454.956295
1454.956295
1454.956295
1454.956295
1454.956295
1454.956295
1454.956295
1454.956295
1454.956295
1454.956295
1454.956295
1454.956295
1454.956295
1454.956295
1454.956295
1454.956295
1454.956295
1454.956295
1454.956295
1454.956295
1454.956295
1454.956295
1454.956295
1454.956295
1454.956295
1454.956295
1454.956295
1454.956295
1454.956295
1454.956295
1454.956295
1454.956295
1454.956295
1454.956295
1454.956295
1454.956295
1454.932523
1454.932523
1454.932523
1454.932523
1454.932523
1454.932523
1454.932523
1454.932523
1454.932523
1454.932523
1454.932523
1454.932523
1454.932523
1454.932523
1454.932523
1454.932523
1454.893644
1454.868953
1454.868953
1454.868953
1454.868953
1454.868953
1454.868953
1454.868953
1454.868953
1454.868953
1454.868953
1454.868953
1454.868953
1454.868953
1454.868953
1454.868953
1454.868953
1454.868953
1454.868953
1454.868953
1454.868953
1454.868953
1454.868953
1454.868953
1454.837567
1454.837567
1454.837567
1454.837567
1454.827215
1454.827215
1454.827215
1454.827215
1454.827215
1454.827215
1454.827215
1454.827215
1454.827215
1454.827215
1454.827215
1454.827215
1454.827215
1454.827215
1454.827215
1454.827215
1454.827215
1454.827215
1454.827215
1454.827215
1454.827215
1454.827215
1454.827215
1454.827215
1454.827215
1454.722178
1454.722178
1454.722178
1454.722178
1454.722178
1454.722178
1454.722178
1454.722178
1454.722178
1454.722178
1454.722178
1454.722178
1454.722178
1454.722178
1454.722178
1454.722178
1454.722178
1454.722178
1454.722178
1454.722178
1454.722178
1454.722178
1454.722178
1454.722178
1454.722178
1454.722178
1454.722178
1454.722178
1454.722178
1454.722178
1454.722178
1454.722178
1454.722178
1454.722178
1454.722178
1454.722178
1454.722178
1454.722178
1454.722178
1454.722178
1454.722178
1454.722178
1454.722178
1454.722178
1454.722178
1454.722178
1454.722178
1454.722178
1454.722178
1454.722178
1454.722178
1454.722178
1454.722178
1454.722178
1454.722178
1454.722178
1454.722178
1454.722178
1454.722178
1454.722178
1454.722178
1454.722178
1454.722178
1454.722178
1454.722178
1454.722178
1454.722178
1454.722178
1454.722178
1454.722061
1454.722061
1454.610523
1454.610523
1454.610523
1454.610523
1454.610523
1454.610523
1454.610523
1454.610523
1454.610523
1454.610523
1454.610523
1454.610523
1454.610523
1454.610523
1454.610523
1454.610523
1454.610523
1454.610523
1454.610523
1454.610523
1454.610523
1454.610523
1454.610523
1454.610523
1454.610523
1454.610523
1454.610523
1454.610523
1454.610523
1454.610523
1454.610523
1454.610523
1454.610523
1454.610523
1454.610523
1454.610523
1454.610523
1454.610523
1454.610523
1454.610523
1454.610523
1454.610523
1454.610523
1454.610523
1454.610523
1454.610523
1454.610523
1454.610523
1454.610523
1454.610523
1454.610523
1454.610523
1454.610523
1454.610523
1454.610523
1454.610523
1454.610523
1454.610523
1454.610523
1454.610523
1454.610523
1454.610523
1454.610523
1454.610523
1454.610523
1454.610523
1454.610523
1454.610523
1454.610523
1454.610523
1454.610523
1454.610523
1454.610523
1454.610523
1454.610523
1454.610523
1454.610523
1454.610523
1454.610523
1454.610523
1454.610523
1454.535015
1454.535015
1454.535015
1454.535015
1454.535015
1454.535015
1454.535015
1454.535015
1454.535015
1454.535015
1454.535015
1454.535015
1454.535015
1454.535015
1454.535015
1454.535015
1454.535015
1454.535015
1454.535015
1454.535015
1454.535015
1454.535015
1454.535015
1454.521276
1454.521276
1454.521276
1454.521276
1454.521276
1454.521276
1454.521276
1454.521276
1454.521276
1454.521276
1454.521276
1454.521276
1454.521276
1454.521276
1454.521276
1454.521276
1454.521276
1454.521276
1454.521276
1454.521276
1454.521276
1454.521276
1454.521276
1454.521276
1454.521276
1454.521276
1454.521276
1454.521276
1454.482756
1454.482756
1454.482756
1454.482756
1454.482756
1454.482756
1454.482756
1454.482756
1454.482756
1454.482756
1454.482756
1454.482756
1454.482756
1454.482756
1454.482756
1454.482756
1454.482756
1454.482756
1454.482756
1454.482756
1454.482756
1454.482756
1454.482756
1454.482756
1454.482756
1454.482756
1454.482756
1454.482756
1454.482756
1454.482756
1454.482756
1454.457790
1454.457790
1454.457790
1454.457790
1454.457790
1454.457790
1454.457790
1454.457790
1454.457790
1454.457790
1454.457790
1454.457790
1454.457790
1454.457790
1454.457790
1454.457790
1454.457790
1454.457790
1454.457790
1454.457790
1454.457790
1454.457790
1454.396634
1454.396634
1454.396634
1454.396634
1454.396634
1454.396634
1454.396634
1454.396634
1454.396634
1454.396634
1454.396634
1454.396634
1454.396634
1454.396634
1454.396634
1454.396634
1454.396634
1454.396634
1454.396634
1454.396634
1454.396634
1454.396634
1454.396634
1454.396634
1454.396634
1454.396634
1454.396634
1454.396634
1454.396634
1454.396634
1454.396634
1454.396634
1454.396634
1454.396634
1454.396634
1454.396634
1454.396634
1454.396634
1454.396634
1454.396634
1454.396634
1454.396634
1454.396634
1454.396634
1454.396634
1454.396634
1454.396634
1454.396634
1454.396634
1454.396634
1454.396634
1454.396634
1454.346937
1454.346937
1454.346937
1454.346937
1454.346937
1454.341390
1454.341390
1454.341390
1454.341390
1454.341390
1454.341390
1454.341390
1454.341390
1454.341390
1454.341390
1454.341390
1454.341390
1454.341390
1454.341390
1454.341390
1454.341390
1454.341390
1454.341390
1454.341390
1454.341390
1454.341390
1454.341390
1454.341390
1454.341390
1454.341390
1454.341390
1454.341390
1454.341390
1454.341390
1454.341390
1454.341390
1454.341390
1454.341390
1454.341390
1454.341390
1454.341390
1454.341390
1454.341390
1454.341390
1454.341390
1454.341390
1454.341390
1454.341390
1454.341390
1454.341390
1454.341390
1454.341390
1454.341390
1454.341390
1454.341390
1454.341390
1454.341390
1454.341390
1454.341390
1454.341390
1454.341390
1454.341390
1454.341390
1454.341390
1454.341390
1454.341390
1454.341390
1454.341390
1454.268037
1454.268037
1454.268037
1454.268037
1454.268037
1454.268037
1454.268037
1454.268037
1454.268037
1454.268037
1454.268037
1454.268037
1454.268037
1454.268037
1454.268037
1454.268037
1454.268037
1454.268037
1454.268037
1454.268037
1454.268037
1454.268037
1454.268037
1454.268037
1454.268037
1454.268037
1454.261445
1454.261445
1454.261445
1454.261445
1454.261445
1454.261445
1454.261445
1454.261445
1454.261445
1454.261445
1454.261445
1454.261445
1454.261445
1454.261445
1454.261445
1454.261445
1454.261445
1454.261445
1454.261445
1454.261445
1454.261445
1454.261445
1454.224196
1454.224196
1454.152981
1454.152981
1454.152981
1454.152981
1454.152981
1454.152981
1454.152981
1454.152981
1454.152981
1454.152981
1454.152981
1454.152981
1454.152981
1454.152981
1454.152981
1454.152981
1454.152981
1454.152981
1454.152981
1454.152981
1454.152981
1454.152981
1454.152981
1454.152981
1454.152981
1454.152981
1454.152981
1454.152981
1454.152981
1454.152981
1454.152981
1454.152981
1454.152981
1454.152981
1454.152981
1454.152981
1454.152981
1454.152981
1454.152981
1454.152981
1454.152981
1454.152981
1454.152981
1454.152981
1454.152981
1454.152981
1454.152981
1454.152981
1454.152981
1454.152981
1454.152981
1454.152981
1454.152981
1454.152981
1454.152981
1454.152981
1454.152981
1454.152981
1454.152981
1454.152981
1454.152981
1454.152981
1454.152981
1454.152981
1454.152981
1454.152981
1454.152981
1454.152981
1454.152981
1454.152981
1454.152981
1454.152981
1454.152981
1454.152981
1454.152981
1454.152981
1454.152981
1454.152981
1454.152981
1454.152981
1454.152981
1454.152981
1454.152981
1454.152981
1454.152981
1454.152981
1454.152981
1454.152981
1454.152981
1454.152981
1454.152981
1454.152981
1454.152981
1454.123417
1454.123417
1454.123417
1454.123417
1454.123417
1454.123417
1454.123417
1454.123417
1454.123417
1454.123417
1454.123417
1454.123417
1454.123417
1454.123417
1454.123417
1454.123417
1454.123417
1454.123417
1454.123417
1454.123417
1454.123417
1454.123417
1454.123417
1454.123417
1454.123417
1454.123417
1454.123417
1454.123417
1454.079211
1454.079211
1454.079211
1454.079211
1454.079211
1454.079211
1454.079211
1454.079211
1454.079211
1454.079211
1454.079211
1454.079211
1454.079211
1454.079211
1454.079211
1454.079211
1454.079211
1454.079211
1454.079211
1454.079211
1454.079211
1454.079211
1454.015797
1454.015797
1454.015797
1454.015797
1454.015797
1454.015797
1453.932938
1453.932938
1453.932938
1453.932938
1453.932938
1453.932938
1453.932938
1453.932938
1453.932938
1453.932938
1453.932938
1453.932938
1453.932938
1453.932938
1453.932938
1453.932938
1453.932938
1453.932938
1453.932938
1453.932938
1453.932938
1453.932938
1453.932938
1453.932938
1453.932938
1453.932938
1453.932938
1453.932938
1453.932938
1453.932938
1453.932938
1453.932938
1453.932938
1453.932938
1453.932938
1453.932938
1453.932938
1453.932938
1453.932938
1453.932938
1453.932938
1453.932938
1453.932938
1453.932938
1453.932938
1453.932938
1453.932938
1453.932938
1453.932938
1453.932938
1453.932938
1453.932938
1453.932938
1453.932938
1453.932938
1453.932938
1453.932938
1453.932938
1453.932938
1453.932938
1453.932938
1453.932938
1453.932938
1453.932938
1453.932938
1453.910395
1453.910395
1453.910395
1453.910395
1453.910395
1453.910395
1453.910395
1453.910395
1453.910395
1453.832839
1453.832839
1453.832839
1453.832839
1453.832839
1453.832839
1453.832839
1453.832839
1453.832839
1453.832839
1453.616218
1453.616218
1453.616218
1453.616218
1453.616218
1453.616218
1453.616218
1453.616218
1453.616218
1453.616218
1453.616218
1453.616218
1453.616218
1453.616218
1453.616218
1453.616218
1453.616218
1453.616218
1453.616218
1453.616218
1453.616218
1453.616218
1453.616218
1453.616218
1453.616218
1453.616218
1453.616218
1453.616218
1453.616218
1453.616218
1453.616218
1453.616218
1453.616218
1453.616218
1453.616218
1453.616218
1453.616218
1453.616218
1453.616218
1453.616218
1453.616218
1453.616218
1453.616218
1453.616218
1453.616218
1453.616218
1453.616218
1453.616218
1453.616218
1453.616218
1453.616218
1453.616218
1453.616218
1453.616218
1453.616218
1453.616218
1453.616218
1453.616218
1453.616218
1453.616218
1453.616218
1453.616218
1453.616218
1453.616218
1453.616218
1453.616218
1453.616218
1453.616218
1453.616218
1453.616218
1453.616218
1453.616218
1453.616218
1453.616218
1453.616218
1453.616218
1453.616218
1453.616218
1453.616218
1453.616218
1453.616218
1453.616218
1453.616218
1453.616218
1453.616218
1453.616218
1453.616218
1453.616218
1453.616218
1453.616218
1453.616218
1453.616218
1453.616218
1453.616218
1453.616218
1453.616218
1453.616218
1453.616218
1453.616218
1453.616218
1453.616218
1453.616218
1453.616218
1453.616218
1453.616218
1453.616218
1453.616218
1453.616218
1453.616218
1453.616218
1453.616218
1453.616218
1453.616218
1453.616218
1453.616218
1453.616218
1453.616218
1453.616218
1453.616218
1453.616218
1453.616218
1453.616218
1453.616218
1453.616218
1453.616218
1453.616218
1453.616218
1453.616218
1453.616218
1453.616218
1453.616218
1453.616218
1453.616218
1453.616218
1453.616218
1453.616218
1453.616218
1453.616218
1453.616218
1453.616218
1453.616218
1453.616218
1453.616218
1453.616218
1453.616218
1453.616218
1453.616218
1453.616218
1453.616218
1453.616218
1453.616218
1453.616218
1453.616218
1453.616218
1453.616218
1453.616218
1453.616218
1453.616218
1453.616218
1453.616218
1453.616218
1453.616218
1453.616218
1453.616218
1453.616218
1453.616218
1453.616218
1453.616218
1453.616218
1453.616218
1453.616218
1453.616218
1453.616218
1453.616218
1453.616218
1453.616218
1453.616218
1453.616218
1453.616218
1453.616218
1453.616218
1453.616218
1453.616218
1453.616218
1453.616218
1453.616218
1453.616218
1453.616218
1453.616218
1453.616218
1453.616218
1453.616218
1453.616218
1453.616218
1453.616218
1453.507910
1453.507910
1453.507910
1453.507910
1453.507910
1453.507910
1453.507910
1453.507910
1453.507910
1453.507910
1453.507910
1453.507910
1453.507910
1453.507910
1453.507910
1453.507910
1453.507910
1453.507910
1453.507910
1453.507910
1453.507910
1453.507910
1453.507910
1453.507910
1453.507910
1453.507910
1453.507910
1453.507910
1453.369351
1453.369351
1453.369351
1453.369351
1453.369351
1453.369351
1453.369351
1453.369351
1453.369351
1453.369351
1453.369351
1453.369351
1453.369351
1453.369351
1453.369351
1453.369351
1453.369351
1453.369351
1453.369351
1453.369351
1453.369351
1453.369351
1453.369351
1453.369351
1453.369351
1453.369351
1453.369351
1453.369351
1453.369351
1453.369351
1453.369351
1453.369351
1453.369351
1453.369351
1453.369351
1453.369351
1453.369351
1453.369351
1453.369351
1453.369351
1453.369351
1453.369351
1453.369351
1453.369351
1453.369351
1453.369351
1453.369351
1453.369351
1453.369351
1453.369351
1453.369351
1453.369351
1453.369351
1453.369351
1453.369351
1453.369351
1453.369351
1453.369351
1453.369351
1453.369351
1453.369351
1453.369351
1453.369351
1453.369351
1453.369351
1453.369351
1453.369351
1453.369351
1453.369351
1453.369351
1453.369351
1453.369351
1453.369351
1453.369351
1453.369351
1453.369351
1453.369351
1453.369351
1453.369351
1453.369351
1453.369351
1453.369351
1453.369351
1453.369351
1453.369351
1453.369351
1453.369351
1453.369351
1453.369351
1453.369351
1453.369351
1453.369351
1453.369351
1453.369351
1453.369351
1453.369351
1453.341743
1453.341743
1453.341743
1453.341743
1453.341743
1453.341743
1453.341743
1453.341743
1453.341743
1453.341743
1453.341743
1453.341743
1453.341743
1453.341743
1453.341743
1453.341743
1453.341743
1453.163622
1453.163622
1453.163622
1453.163622
1453.163622
1453.163622
1453.163622
1453.163622
1453.163622
1453.163622
1453.163622
1453.163622
1453.163622
1453.163622
1453.163622
1453.163622
1453.163622
1453.163622
1453.163622
1453.163622
1453.163622
1453.163622
1453.163622
1453.163622
1453.163622
1453.163622
1453.163622
1453.163622
1453.163622
1453.163622
1453.163622
1453.163622
1453.163622
1453.163622
1453.163622
1453.163622
1453.163622
1453.163622
1453.163622
1453.163622
1453.163622
1453.163622
1453.163622
1453.163622
1453.163622
1453.163622
1453.163622
1453.163622
1453.163622
1453.163622
1453.163622
1453.163622
1453.163622
1453.163622
1453.163622
1453.163622
1453.163622
1453.163622
1453.163622
1453.163622
1453.163622
1453.163622
1453.163622
1453.163622
1453.163622
1453.163622
1453.163622
1453.153972
1453.153972
1453.153972
1453.153972
1453.153972
1453.153972
1453.153972
1453.153972
1453.153972
1453.153972
1453.153972
1453.153972
1453.153972
1453.153972
1453.153972
1453.153972
1453.153972
1453.153972
1453.153972
1453.153972
1453.153972
1453.153972
1453.122639
1453.122639
1453.122639
1453.122639
1453.122639
1453.122639
1453.122639
1453.122639
1453.122639
1453.122639
1453.122639
1453.122639
1453.122639
1453.122639
1453.122639
1453.122639
1453.122639
1453.122639
1453.122639
1453.122639
1453.122639
1453.122639
1453.107963
1453.107963
1453.107963
1453.107963
1453.107963
1453.107963
1453.107963
1453.107963
1453.107963
1453.107963
1453.107963
1453.107963
1453.107963
1453.107963
1452.901989
1452.901989
1452.901989
1452.901989
1452.901989
1452.901989
1452.901989
1452.901989
1452.901989
1452.901989
1452.901989
1452.901989
1452.901989
1452.901989
1452.806260
1452.806260
1452.806260
1452.806260
1452.806260
1452.806260
1452.806260
1452.806260
1452.806260
1452.806260
1452.806260
1452.806260
1452.806260
1452.806260
1452.806260
1452.806260
1452.806260
1452.806260
1452.806260
1452.806260
1452.806260
1452.806260
1452.806260
1452.806260
1452.806260
1452.806260
1452.806260
1452.806260
1452.806260
1452.806260
1452.806260
1452.806260
1452.806260
1452.806260
1452.806260
1452.806260
1452.806260
1452.806260
1452.806260
1452.806260
1452.806260
1452.806260
1452.806260
1452.806260
1452.806260
1452.806260
1452.806260
1452.806260
1452.806260
1452.806260
1452.806260
1452.806260
1452.806260
1452.806260
1452.806260
1452.806260
1452.806260
1452.806260
1452.806260
1452.806260
1452.806260
1452.806260
1452.806260
1452.806260
1452.806260
1452.806260
1452.806260
1452.806260
1452.806260
1452.806260
1452.806260
1452.806260
1452.806260
1452.806260
1452.806260
1452.806260
1452.806260
1452.806260
1452.806260
1452.806260
1452.806260
1452.806260
1452.806260
1452.806260
1452.806260
1452.806260
1452.806260
1452.806260
1452.806260
1452.806260
1452.806260
1452.806260
1452.806260
1452.806260
1452.806260
1452.806260
1452.806260
1452.806260
1452.806260
1452.806260
1452.806260
1452.806260
1452.806260
1452.806260
1452.806260
1452.806260
1452.806260
1452.806260
1452.806260
1452.806260
1452.806260
1452.806260
1452.806260
1452.806260
1452.806260
1452.806260
1452.806260
1452.806260
1452.806260
1452.806260
1452.806260
1452.806260
1452.806260
1452.806260
1452.806260
1452.806260
1452.806260
1452.806260
1452.806260
1452.806260
1452.806260
1452.806260
1452.806260
1452.806260
1452.806260
1452.806260
1452.761835
1452.761835
1452.761835
1452.761835
1452.761835
1452.761835
1452.761835
1452.761835
1452.761835
1452.761835
1452.761835
1452.761835
1452.761835
1452.761835
1452.761835
1452.761835
1452.761835
1452.761835
1452.761835
1452.761835
1452.750142
1452.750142
1452.750142
1452.750142
1452.750142
1452.750142
1452.750142
1452.750142
1452.750142
1452.750142
1452.750142
1452.750142
1452.750142
1452.750142
1452.750142
1452.750142
1452.750142
1452.725540
1452.725540
1452.725540
1452.718124
1452.718124
1452.718124
1452.718124
1452.718124
1452.718124
1452.718124
1452.718124
1452.718124
1452.718124
1452.718124
1452.718124
1452.718124
1452.718124
1452.718124
1452.718124
1452.718124
1452.718124
1452.718124
1452.718124
1452.718124
1452.718124
1452.718124
1452.718124
1452.718124
1452.718124
1452.475512
1452.475512
1452.475512
1452.475512
1452.475512
1452.475512
1452.475512
1452.475512
1452.475512
1452.475512
1452.475512
1452.475512
1452.475512
1452.475512
1452.475512
1452.475512
1452.475512
1452.475512
1452.475512
1452.475512
1452.475512
1452.475512
1452.475512
1452.475512
1452.475512
1452.475512
1452.475512
1452.475512
1452.475512
1452.475512
1452.475512
1452.475512
1452.475512
1452.475512
1452.475512
1452.475512
1452.475512
1452.475512
1452.475512
1452.475512
1452.475512
1452.475512
1452.475512
1452.475512
1452.475512
1452.475512
1452.475512
1452.475512
1452.475512
1452.475512
1452.475512
1452.475512
1452.475512
1452.475512
1452.475512
1452.475512
1452.475512
1452.475512
1452.475512
1452.475512
1452.475512
1452.475512
1452.475512
1452.475512
1452.475512
1452.475512
1452.475512
1452.475512
1452.475512
1452.475512
1452.475512
1452.475512
1452.475512
1452.475512
1452.475512
1452.475512
1452.475512
1452.475512
1452.475512
1452.475512
1452.475512
1452.437077
1452.437077
1452.437077
1452.437077
1452.437077
1452.437077
1452.437077
1452.437077
1452.437077
1452.437077
1452.437077
1452.437077
1452.437077
1452.437077
1452.437077
1452.437077
1452.437077
1452.437077
1452.437077
1452.437077
1452.437077
1452.437077
1452.437077
1452.437077
1452.437077
1452.437077
1452.437077
1452.437077
1452.437077
1452.437077
1452.437077
1452.437077
1452.437077
1452.437077
1452.437077
1452.437077
1452.437077
1452.437077
1452.437077
1452.437077
1452.437077
1452.294578
1452.294578
1452.294578
1452.294578
1452.294578
1452.294578
1452.294578
1452.294578
1452.294578
1452.294578
1452.294578
1452.294578
1452.294578
1452.294578
1452.294578
1452.294578
1452.294578
1452.294578
1452.294578
1452.294578
1452.294578
1452.294578
1452.294578
1452.294578
1452.294578
1452.294578
1452.294578
1452.294578
1452.294578
1452.294578
1452.294578
1452.294578
1452.294578
1452.294578
1452.294578
1452.294578
1452.294578
1452.294578
1452.294578
1452.294578
1452.294578
1452.294578
1452.294578
1452.294578
1452.294578
1452.294578
1452.294578
1452.294578
1452.294578
1452.294578
1452.294578
1452.294578
1452.294578
1452.294578
1452.294578
1452.294578
1452.294578
1452.294578
1452.294578
1452.294578
1452.294578
1452.294578
1452.294578
1452.294578
1452.294578
1452.294578
1452.294578
1452.294578
1452.294578
1452.294578
1452.294578
1452.294578
1452.294578
1452.294578
1452.294578
1452.294578
1452.294578
1452.294578
1452.294578
1452.294578
1452.294578
1452.294578
1452.294578
1452.294578
1452.294578
1452.294578
1452.294578
1452.294578
1452.294578
1452.294578
1452.285999
1452.285999
1452.285999
1452.285999
1452.285999
1452.285999
1452.285999
1452.285999
1452.285999
1452.285999
1452.285999
1452.285999
1452.285999
1452.285999
1452.285999
1452.285999
1452.285999
1452.190223
1452.190223
1452.190223
1452.190223
1452.190223
1452.190223
1452.190223
1452.190223
1452.190223
1452.190223
1452.190223
1452.190223
1452.190223
1452.190223
1452.190223
1452.190223
1452.190223
1452.190223
1452.190223
1452.190223
1452.190223
1452.190223
1452.190223
1452.190223
1452.190223
1452.190223
1452.190223
1452.190223
1452.190223
1452.190223
1452.190223
1452.190223
1452.190223
1452.190223
1452.190223
1452.190223
1452.190223
1452.190223
1452.190223
1452.190223
1452.190223
1452.190223
1452.190223
1452.190223
1452.190223
1452.190223
1452.190223
1452.190223
1452.190223
1452.190223
1452.164994
1452.164994
1452.164994
1452.164994
1452.164994
1452.164994
1452.164994
1452.164994
1452.164994
1452.164994
1452.164994
1452.164994
1452.164994
1452.164994
1452.164994
1452.164994
1452.164994
1452.164994
1452.164994
1452.164994
1452.164994
1452.164994
1452.164994
1452.164994
1452.164994
1452.164994
1452.164994
1452.164994
1452.164994
1452.164994
1452.164994
1452.164994
1452.164994
1452.164994
1452.164994
1452.164994
1452.164994
1452.164994
1452.164994
1452.164994
1452.164994
1452.164994
1452.164994
1452.164994
1452.164994
1452.164994
1452.164994
1452.164994
1452.070382
1452.070382
1452.070382
1452.070382
1452.070382
1452.070382
1452.070382
1452.070382
1452.070382
1452.070382
1452.070382
1452.070382
1452.070382
1452.070382
1452.070382
1452.070382
1452.070382
1452.070382
1452.070382
1452.070382
1452.070382
1452.070382
1452.070382
1452.070382
1452.070382
1452.070382
1452.070382
1452.070382
1452.056533
1452.056533
1452.056533
1452.056533
1452.056533
1452.056533
1452.056533
1452.056533
1452.056533
1452.056533
1452.056533
1452.056533
1452.056533
1452.056533
1452.056533
1452.056533
1452.056533
1452.056533
1452.056533
1452.056533
1452.056533
1452.005202
1452.005202
1452.005202
1452.005202
1452.005202
1452.005202
1452.005202
1451.967498
1451.967498
1451.967498
1451.967498
1451.967498
1451.967498
1451.967498
1451.967498
1451.967498
1451.967498
1451.967498
1451.967498
1451.928876
1451.928876
1451.928876
1451.928876
1451.928876
1451.928876
1451.791799
1451.791799
1451.791799
1451.791799
1451.791799
1451.791799
1451.791799
1451.791799
1451.791799
1451.791799
1451.791799
1451.791799
1451.791799
1451.791799
1451.791799
1451.791799
1451.791799
1451.791799
1451.791799
1451.791799
1451.791799
1451.791799
1451.791799
1451.791799
1451.791799
1451.791799
1451.791799
1451.791799
1451.791799
1451.791799
1451.791799
1451.791799
1451.791799
1451.791799
1451.791799
1451.791799
1451.791799
1451.791799
1451.791799
1451.791799
1451.791799
1451.791799
1451.791799
1451.791799
1451.791799
1451.791799
1451.791799
1451.791799
1451.791799
1451.791799
1451.791799
1451.791799
1451.791799
1451.791799
1451.791799
1451.791799
1451.791799
1451.791799
1451.791799
1451.791799
1451.791799
1451.791799
1451.791799
1451.791799
1451.791799
1451.791799
1451.791799
1451.791799
1451.791799
1451.791799
1451.791799
1451.791799
1451.791799
1451.791799
1451.791799
1451.791799
1451.791799
1451.791799
1451.791799
1451.791799
1451.791799
1451.791799
1451.791799
1451.791799
1451.791799
1451.791799
1451.791799
1451.791799
1451.791799
1451.791799
1451.791799
1451.791799
1451.791799
1451.791799
1451.791799
1451.791799
1451.791799
1451.791799
1451.791799
1451.791799
1451.791799
1451.791799
1451.791799
1451.791799
1451.791799
1451.791799
1451.791799
1451.791799
1451.791799
1451.791799
1451.791799
1451.791799
1451.791799
1451.791799
1451.791799
1451.791799
1451.791799
1451.791799
1451.791799
1451.791799
1451.791799
1451.791799
1451.791799
1451.791799
1451.791799
1451.791799
1451.791799
1451.791799
1451.791799
1451.791799
1451.791799
1451.791799
1451.791799
1451.791799
1451.791799
1451.791799
1451.791799
1451.791799
1451.791799
1451.791799
1451.791799
1451.791799
1451.791799
1451.791799
1451.791799
1451.791799
1451.791799
1451.791799
1451.791799
1451.791799
1451.791799
1451.791799
1451.791799
1451.791799
1451.791799
1451.791799
1451.791799
1451.791799
1451.791799
1451.764189
1451.764189
1451.764189
1451.764189
1451.764189
1451.764189
1451.764189
1451.764189
1451.764189
1451.764189
1451.764189
1451.764189
1451.764189
1451.764189
1451.764189
1451.764189
1451.764189
1451.764189
1451.764189
1451.764189
1451.764189
1451.764189
1451.764189
1451.764189
1451.753004
1451.753004
1451.753004
1451.753004
1451.753004
1451.753004
1451.753004
1451.753004
1451.753004
1451.753004
1451.753004
1451.753004
1451.753004
1451.753004
1451.753004
1451.753004
1451.753004
1451.753004
1451.753004
1451.753004
1451.753004
1451.753004
1451.753004
1451.753004
1451.753004
1451.753004
1451.753004
1451.753004
1451.753004
1451.753004
1451.753004
1451.753004
1451.753004
1451.753004
1451.753004
1451.753004
1451.743839
1451.743839
1451.743839
1451.743839
1451.743839
1451.743839
1451.743839
1451.743839
1451.743839
1451.743839
1451.743839
1451.743839
1451.743839
1451.743839
1451.743839
1451.743839
1451.743839
1451.743839
1451.743839
1451.743839
1451.743839
1451.743839
1451.743839
1451.743839
1451.743839
1451.743839
1451.743839
1451.743839
1451.743839
1451.743839
1451.743839
1451.743839
1451.743839
1451.743839
1451.743839
1451.743839
1451.743839
1451.743839
1451.743839
1451.743839
1451.743839
1451.743839
1451.743839
1451.743839
1451.743839
1451.743839
1451.743839
1451.743839
1451.743839
1451.743839
1451.743839
1451.743839
1451.743839
1451.743839
1451.743839
1451.743839
1451.743839
1451.743839
1451.743839
1451.743839
1451.743839
1451.743839
1451.743839
1451.743839
1451.743839
1451.743839
1451.743839
1451.743839
1451.743839
1451.743839
1451.743839
1451.743839
1451.743839
1451.743839
1451.743839
1451.743839
1451.743839
1451.743839
1451.743839
1451.743839
1451.743839
1451.743839
1451.743839
1451.743839
1451.743839
1451.743839
1451.743839
1451.743839
1451.743839
1451.743839
1451.743839
1451.743839
1451.743839
1451.691228
1451.691228
1451.691228
1451.691228
1451.691228
1451.691228
1451.691228
1451.691228
1451.691228
1451.691228
1451.691228
1451.691228
1451.691228
1451.691228
1451.691228
1451.691228
1451.691228
1451.691228
1451.691228
1451.691228
1451.691228
1451.691228
1451.691228
1451.691228
1451.691228
1451.691228
1451.691228
1451.691228
1451.691228
1451.691228
1451.691228
1451.691228
1451.691228
1451.691228
1451.691228
1451.691228
1451.691228
1451.691228
1451.691228
1451.691228
1451.691228
1451.691228
1451.691228
1451.607970
1451.607970
1451.607970
1451.607970
1451.607970
1451.607970
1451.607970
1451.607970
1451.607970
1451.607970
1451.607970
1451.607970
1451.607970
1451.607970
1451.607970
1451.607970
1451.607970
1451.607970
1451.607970
1451.607970
1451.607970
1451.607970
1451.607970
1451.607970
1451.607970
1451.607970
1451.607970
1451.607970
1451.463917
1451.463917
1451.463917
1451.463917
1451.463917
1451.463917
1451.463917
1451.463917
1451.463917
1451.463917
1451.463917
1451.463917
1451.463917
1451.463917
1451.463917
1451.463917
1451.463917
1451.463917
1451.463917
1451.463917
1451.463917
1451.463917
1451.463917
1451.463917
1451.463917
1451.463917
1451.463917
1451.463917
1451.463917
1451.463917
1451.463917
1451.463917
1451.463917
1451.463917
1451.463917
1451.463917
1451.463917
1451.463917
1451.463917
1451.463917
1451.463917
1451.463917
1451.463917
1451.463917
1451.463917
1451.463917
1451.463917
1451.463917
1451.463917
1451.463917
1451.463917
1451.463917
1451.463917
1451.463917
1451.463917
1451.463917
1451.463917
1451.463917
1451.463917
1451.463917
1451.463917
1451.463917
1451.463917
1451.463917
1451.463917
1451.463917
1451.463917
1451.463917
1451.463917
1451.463917
1451.463917
1451.463917
1451.463917
1451.463917
1451.463917
1451.463917
1451.463917
1451.463917
1451.463917
1451.463917
1451.463917
1451.463917
1451.463917
1451.463917
1451.463917
1451.463917
1451.463917
1451.463917
1451.463917
1451.463917
1451.463917
1451.463917
1451.463917
1451.463917
1451.463917
1451.463917
1451.463917
1451.463917
1451.463917
1451.463917
1451.463917
1451.463917
1451.463917
1451.463917
1451.463917
1451.463917
1451.463917
1451.463917
1451.463917
1451.463917
1451.463917
1451.463917
1451.463917
1451.463917
1451.463917
1451.463917
1451.463917
1451.463917
1451.463917
1451.463917
1451.463917
1451.463917
1451.463917
1451.463917
1451.463917
1451.463917
1451.463917
1451.463917
1451.463917
1451.463917
1451.463917
1451.463917
1451.463917
1451.463917
1451.463917
1451.463917
1451.463917
1451.463917
1451.463917
1451.463917
1451.463917
1451.463917
1451.463917
1451.415161
1451.415161
1451.415161
1451.415161
1451.415161
1451.415161
1451.415161
1451.415161
1451.415161
1451.415161
1451.415161
1451.415161
1451.415161
1451.415161
1451.415161
1451.415161
1451.415161
1451.415161
1451.415161
1451.415161
1451.415161
1451.415161
1451.415161
1451.415161
1451.415161
1451.415161
1451.415161
1451.415161
1451.415161
1451.415161
1451.415161
1451.415161
1451.415161
1451.415161
1451.415161
1451.415161
1451.415161
1451.415161
1451.415161
1451.415161
1451.415161
1451.415161
1451.415161
1451.415161
1451.415161
1451.415161
1451.415161
1451.415161
1451.415161
1451.415161
1451.415161
1451.415161
1451.415161
1451.415161
1451.415161
1451.415161
1451.415161
1451.415161
1451.415161
1451.415161
1451.415161
1451.415161
1451.415161
1451.415161
1451.415161
1451.415161
1451.415161
1451.415161
1451.415161
1451.415161
1451.415161
1451.415161
1451.415161
1451.415161
1451.415161
1451.415161
1451.415161
1451.376354
1451.376354
1451.376354
1451.376354
1451.376354
1451.376354
1451.376354
1451.376354
1451.376354
1451.376354
1451.376354
1451.376354
1451.376354
1451.376354
1451.376354
1451.376354
1451.376354
1451.376354
1451.376354
1451.376354
1451.376354
1451.376354
1451.376354
1451.376354
1451.376354
1451.376354
1451.376354
1451.376354
1451.376354
1451.376354
1451.344436
1451.344436
1451.344436
1451.344436
1451.344436
1451.344436
1451.344436
1451.344436
1451.344436
1451.344436
1451.344436
1451.344436
1451.344436
1451.344436
1451.344436
1451.344436
1451.344436
1451.344436
1451.344436
1451.344436
1451.344436
1451.344436
1451.344436
1451.344436
1451.344436
1451.344436
1451.344436
1451.344436
1451.344436
1451.344436
1451.344436
1451.344436
1451.344436
1451.344436
1451.344436
1451.344436
1451.344436
1451.344436
1451.344436
1451.344436
1451.344436
1451.344436
1451.344436
1451.344436
1451.344436
1451.344436
1451.344436
1451.344436
1451.344436
1451.344436
1451.344436
1451.344436
1451.344436
1451.344436
1451.344436
1451.344436
1451.344436
1451.344436
1451.344436
1451.344436
1451.344436
1451.344436
1451.344436
1451.344436
1451.344436
1451.344436
1451.344436
1451.344436
1451.344436
1451.344436
1451.344436
1451.344436
1451.344436
1451.344436
1451.344436
1451.344436
1451.344436
1451.344436
1451.341821
1451.341821
1451.341821
1451.341821
1451.341821
1451.341821
1451.341821
1451.341821
1451.341821
1451.341821
1451.341821
1451.341821
1451.341821
1451.341821
1451.341821
1451.313172
1451.313172
1451.313172
1451.313172
1451.313172
1451.313172
1451.313172
1451.313172
1451.313172
1451.313172
1451.313172
1451.313172
1451.313172
1451.313172
1451.313172
1451.313172
1451.313172
1451.313172
1451.313172
1451.313172
1451.313172
1451.313172
1451.313172
1451.313172
1451.313172
1451.313172
1451.313172
1451.313172
1451.313172
1451.313172
1451.313172
1451.313172
1451.313172
1451.313172
1451.313172
1451.313172
1451.313172
1451.313172
1451.313172
1451.313172
1451.313172
1451.313172
1451.313172
1451.313172
1451.313172
1451.313172
1451.313172
1451.313172
1451.313172
1451.313172
1451.313172
1451.313172
1451.313172
1451.313172
1451.313172
1451.313172
1451.313172
1451.313172
1451.313172
1451.302255
1451.302255
1451.302255
1451.302255
1451.302255
1451.302255
1451.302255
1451.302255
1451.302255
1451.302255
1451.302255
1451.262222
1451.262222
1451.262222
1451.262222
1451.262222
1451.262222
1451.262222
1451.262222
1451.262222
1451.262222
1451.262222
1451.262222
1451.262222
1451.262222
1451.262222
1451.199537
1451.199537
1451.199537
1451.199537
1451.095862
1451.095862
1451.095862
1451.095862
1451.095862
1451.095862
1451.095862
1451.095862
1451.095862
1451.095862
1451.095862
1451.095862
1451.095862
1451.095862
1451.095862
1451.095862
1451.095862
1451.095862
1451.095862
1451.095862
1451.095862
1451.095862
1451.095862
1451.095862
1451.095862
1451.095862
1451.095862
1451.095862
1451.095862
1451.095862
1451.095862
1451.095862
1451.095862
1451.095862
1451.095862
1451.095862
1451.095862
1451.095862
1451.095862
1451.095862
1451.095862
1451.095862
1451.095862
1451.095862
1451.095862
1451.095862
1451.095862
1451.095862
1451.095862
1451.095862
1451.095862
1451.095862
1451.095862
1451.095862
1451.095862
1451.095862
1451.095862
1451.095862
1451.095862
1451.095862
1451.095862
1451.095862
1451.095862
1451.095862
1451.095862
1451.095862
1451.095862
1451.095862
1451.095862
1451.095862
1451.095862
1451.095862
1451.095862
1451.095862
1451.095862
1451.095862
1451.026374
1451.026374
1451.026374
1451.026374
1451.026374
1451.026374
1451.026374
1451.026374
1451.026374
1451.026374
1451.026374
1451.026374
1451.026374
1451.026374
1451.026374
1451.026374
1451.026374
1451.026374
1451.026374
1451.026374
1451.026374
1451.026374
1451.026374
1451.026374
1451.026374
1451.026374
1451.026374
1451.026374
1451.026374
1451.026374
1451.026374
1451.026374
1451.026374
1451.026374
1451.026374
1451.026374
1451.026374
1451.026374
1451.026374
1451.026374
1451.026374
1451.026374
1451.026374
1451.026374
1451.026374
1451.026374
1451.026374
1451.026374
1451.026374
1451.026374
1451.026374
1451.026374
1451.026374
1451.026374
1451.026374
1451.026374
1451.026374
1451.026374
1451.026374
1451.026374
1451.026374
1451.026374
1450.993436
1450.993436
1450.993436
1450.993436
1450.993436
1450.993436
1450.993436
1450.993436
1450.993436
1450.993436
1450.993436
1450.993436
1450.993436
1450.993436
1450.993436
1450.993436
1450.993436
1450.993436
1450.993436
1450.993436
1450.993436
1450.993436
1450.993436
1450.993436
1450.993436
1450.993436
1450.993436
1450.993436
1450.993436
1450.993436
1450.993436
1450.993436
1450.993436
1450.993436
1450.993436
1450.993436
1450.993436
1450.993436
1450.993436
1450.993436
1450.993436
1450.993436
1450.993436
1450.895515
1450.895515
1450.895515
1450.895515
1450.895515
1450.895515
1450.895515
1450.895515
1450.895515
1450.895515
1450.895515
1450.895515
1450.895515
1450.895515
1450.895515
1450.895515
1450.895515
1450.895515
1450.895515
1450.895515
1450.895515
1450.895515
1450.895515
1450.895515
1450.895515
1450.895515
1450.895515
1450.895515
1450.895515
1450.895515
1450.895515
1450.895515
1450.895515
1450.895515
1450.895515
1450.895515
1450.895515
1450.895515
1450.895515
1450.895515
1450.895515
1450.895515
1450.895515
1450.895515
1450.895515
1450.895515
1450.895515
1450.895515
1450.895515
1450.895515
1450.895515
1450.895515
1450.895515
1450.895515
1450.895515
1450.895515
1450.895515
1450.895515
1450.895515
1450.895515
1450.895515
1450.895515
1450.895515
1450.895515
1450.895515
1450.895515
1450.895515
1450.859240
1450.859240
1450.859240
1450.859240
1450.859240
1450.859240
1450.859240
1450.859240
1450.859240
1450.859240
1450.859240
1450.859240
1450.859240
1450.859240
1450.859240
1450.859240
1450.859240
1450.859240
1450.859240
1450.859240
1450.859240
1450.859240
1450.859240
1450.859240
1450.859240
1450.859240
1450.859240
1450.859240
1450.859240
1450.859240
1450.859240
1450.859240
1450.859240
1450.859240
1450.859240
1450.859240
1450.859240
1450.859240
1450.859240
1450.859240
1450.859240
1450.859240
1450.859240
1450.859240
1450.859240
1450.859240
1450.859240
1450.859240
1450.859240
1450.859240
1450.755133
1450.755133
1450.755133
1450.755133
1450.755133
1450.755133
1450.755133
1450.755133
1450.671040
1450.671040
1450.671040
1450.671040
1450.671040
1450.671040
1450.671040
1450.671040
1450.671040
1450.671040
1450.671040
1450.671040
1450.671040
1450.671040
1450.671040
1450.671040
1450.671040
1450.671040
1450.671040
1450.671040
1450.671040
1450.671040
1450.671040
1450.671040
1450.671040
1450.671040
1450.671040
1450.671040
1450.671040
1450.671040
1450.671040
1450.671040
1450.671040
1450.671040
1450.671040
1450.671040
1450.671040
1450.671040
1450.671040
1450.671040
1450.671040
1450.671040
1450.671040
1450.671040
1450.671040
1450.671040
1450.671040
1450.671040
1450.671040
1450.671040
1450.671040
1450.326405
1450.326405
1450.326405
1450.326405
1450.326405
1450.326405
1450.326405
1450.326405
1450.326405
1450.326405
1450.326405
1450.326405
1450.326405
1450.326405
1450.326405
1450.326405
1450.326405
1450.326405
1450.326405
1450.326405
1450.326405
1450.326405
1450.326405
1450.326405
1450.326405
1450.326405
1450.326405
1450.326405
1450.326405
1450.326405
1450.326405
1450.326405
1450.326405
1450.326405
1450.326405
1450.326405
1450.326405
1450.326405
1450.326405
1450.326405
1450.326405
1450.326405
1450.326405
1450.326405
1450.326405
1450.326405
1450.326405
1450.326405
1450.326405
1450.326405
1450.326405
1450.326405
1450.326405
1450.326405
1450.326405
1450.326405
1450.326405
1450.326405
1450.326405
1450.326405
1450.326405
1450.326405
1450.326405
1450.326405
1450.326405
1450.326405
1450.326405
1450.326405
1450.326405
1450.326405
1450.326405
1450.326405
1450.326405
1450.326405
1450.326405
1450.326405
1450.326405
1450.326405
1450.326405
1450.326405
1450.326405
1450.326405
1450.326405
1450.326405
1450.326405
1450.326405
1450.326405
1450.326405
1450.326405
1450.326405
1450.326405
1450.326405
1450.326405
1450.326405
1450.326405
1450.326405
1450.326405
1450.326405
1450.326405
1450.326405
1450.326405
1450.326405
1450.326405
1450.326405
1450.326405
1450.326405
1450.326405
1450.326405
1450.326405
1450.326405
1450.326405
1450.326405
1450.326405
1450.326405
1450.326405
1450.326405
1450.326405
1450.326405
1450.326405
1450.326405
1450.326405
1450.326405
1450.326405
1450.326405
1450.326405
1450.326405
1450.326405
1450.326405
1450.326405
1450.326405
1450.326405
1450.326405
1450.326405
1450.326405
1450.326405
1450.326405
1450.326405
1450.326405
1450.326405
1450.326405
1450.326405
1450.326405
1450.326405
1450.326405
1450.326405
1450.326405
1450.326405
1450.326405
1450.326405
1450.326405
1450.326405
1450.326405
1450.326405
1450.326405
1450.326405
1450.326405
1450.326405
1450.326405
1450.326405
1450.326405
1450.326405
1450.326405
1450.326405
1450.326405
1450.326405
1450.326405
1450.326405
1450.326405
1450.326405
1450.326405
1450.326405
1450.326405
1450.326405
1450.326405
1450.326405
1450.326405
1450.326405
1450.326405
1450.326405
1450.326405
1450.326405
1450.326405
1450.326405
1450.326405
1450.326405
1450.326405
1450.326405
1450.326405
1450.326405
1450.326405
1450.326405
1450.326405
1450.326405
1450.326405
1450.326405
1450.326405
1450.326405
1450.326405
1450.326405
1450.326405
1450.326405
1450.326405
1450.326405
1450.326405
1450.326405
1450.326405
1450.326405
1450.326405
1450.326405
1450.326405
1450.326405
1450.326405
1450.326405
1450.326405
1450.326405
1450.326405
1450.326405
1450.326405
1450.326405
1450.326405
1450.326405
1450.326405
1450.326405
1450.326405
1450.326405
1450.326405
1450.326405
1450.258657
1450.225968
1450.225968
1450.225968
1450.225968
1450.225968
1450.225968
1450.225968
1450.225968
1450.225968
1450.225968
1450.225968
1450.225968
1450.225968
1450.225968
1450.225968
1450.225968
1450.225968
1450.225968
1450.225968
1450.225968
1450.225968
1450.225968
1450.225968
1450.225968
1450.225968
1450.225968
1450.225968
1450.225968
1450.225968
1450.225968
1450.225968
1450.225968
1450.225968
1450.225968
1450.225968
1450.225968
1450.225968
1450.225968
1450.225968
1450.225968
1450.225968
1450.225968
1450.225968
1450.225968
1450.225968
1450.009331
1450.009331
1450.009331
1450.009331
1450.009331
1450.009331
1450.009331
1450.009331
1450.009331
1450.009331
1450.009331
1450.009331
1450.009331
1450.009331
1450.009331
1450.009331
1450.009331
1450.009331
1450.009331
1450.009331
1450.009331
1450.009331
1450.009331
1450.009331
1450.009331
1450.009331
1450.009331
1450.009331
1450.009331
1450.009331
1450.009331
1450.009331
1450.009331
1450.009331
1450.009331
1450.009331
1450.009331
1450.009331
1450.009331
1450.009331
1450.009331
1450.009331
1450.009331
1450.009331
1450.009331
1450.009331
1450.009331
1450.009331
1450.009331
1450.009331
1450.009331
1450.009331
1450.009331
1450.009331
1450.009331
1450.009331
1450.009331
1450.009331
1450.009331
1450.009331
1450.009331
1450.009331
1449.926624
1449.926624
1449.926624
1449.926624
1449.926624
1449.926624
1449.926624
1449.926624
1449.926624
1449.926624
1449.926624
1449.926624
1449.926624
1449.926624
1449.926624
1449.926624
1449.926624
1449.926624
1449.926624
1449.926624
1449.926624
1449.926624
1449.926624
1449.926624
1449.926624
1449.926624
1449.926624
1449.926624
1449.926624
1449.926624
1449.926624
1449.902317
1449.902317
1449.902317
1449.902317
1449.902317
1449.902317
1449.902317
1449.902317
1449.902317
1449.902317
1449.902317
1449.902317
1449.902317
1449.902317
1449.902317
1449.902317
1449.902317
1449.902317
1449.902317
1449.902317
1449.902317
1449.902317
1449.895362
1449.895362
1449.895362
1449.895362
1449.895362
1449.895362
1449.895362
1449.895362
1449.895362
1449.895362
1449.895362
1449.895362
1449.895362
1449.895362
1449.895362
1449.895362
1449.895362
1449.895362
1449.895362
1449.895362
1449.895362
1449.895362
1449.895362
1449.895362
1449.895362
1449.895362
1449.601298
1449.601298
1449.601298
1449.601298
1449.601298
1449.601298
1449.601298
1449.601298
1449.601298
1449.601298
1449.601298
1449.601298
1449.601298
1449.601298
1449.601298
1449.601298
1449.601298
1449.601298
1449.601298
1449.601298
1449.601298
1449.601298
1449.601298
1449.601298
1449.601298
1449.601298
1449.601298
1449.601298
1449.601298
1449.601298
1449.601298
1449.601298
1449.601298
1449.601298
1449.601298
1449.601298
1449.601298
1449.601298
1449.601298
1449.601298
1449.601298
1449.601298
1449.601298
1449.601298
1449.601298
1449.601298
1449.601298
1449.601298
1449.601298
1449.601298
1449.601298
1449.601298
1449.601298
1449.357734
1449.357734
1449.357734
1449.357734
1449.357734
1449.357734
1449.357734
1449.357734
1449.357734
1449.357734
1449.357734
1449.357734
1449.357734
1449.357734
1449.357734
1449.357734
1449.357734
1449.357734
1449.357734
1449.357734
1449.357734
1449.357734
1449.357734
1449.357734
1449.357734
1449.357734
1449.357734
1449.357734
1449.357734
1449.357734
1449.357734
1449.357734
1449.357734
1449.357734
1449.357734
1449.357734
1449.357734
1449.357734
1449.357734
1449.357734
1449.357734
1449.357734
1449.357734
1449.357734
1449.357734
1449.357734
1449.357734
1449.357734
1449.357734
1449.357734
1449.357734
1449.357734
1449.357734
1449.357734
1449.286512
1449.286512
1449.286512
1449.286512
1449.286512
1449.286512
1449.286512
1449.286512
1449.286512
1449.286512
1449.286512
1449.286512
1449.286512
1449.286512
1449.286512
1449.286512
1449.286512
1449.286512
1449.286512
1449.286512
1449.286512
1449.286512
1449.286512
1449.286512
1449.286512
1449.286512
1449.286512
1449.286512
1449.286512
1449.286512
1449.286512
1449.286512
1449.286512
1449.286512
1449.286512
1449.286512
1449.286512
1449.286512
1449.286512
1449.286512
1449.286512
1449.286512
1449.286512
1449.286512
1449.286512
1449.286512
1449.286512
1449.286512
1449.286512
1449.286512
1449.286512
1449.286512
1449.286512
1449.286512
1449.286512
1449.286512
1449.286512
1449.286512
1449.286512
1449.286512
1449.286512
1449.286512
1449.286512
1449.286512
1449.231039
1449.231039
1449.231039
1449.231039
1449.231039
1449.231039
1449.231039
1449.231039
1449.231039
1449.231039
1449.231039
1449.231039
1449.231039
1449.231039
1449.231039
1449.231039
1449.231039
1449.231039
1449.231039
1449.231039
1449.231039
1449.231039
1449.231039
1449.231039
1449.231039
1449.231039
1449.231039
1449.231039
1449.231039
1449.231039
1449.231039
1449.231039
1449.231039
1449.231039
1449.231039
1449.231039
1449.231039
1449.231039
1449.231039
1449.231039
1449.231039
1449.231039
1449.231039
1449.231039
1449.231039
1449.231039
1449.231039
1449.231039
1449.231039
1449.231039
1449.231039
1449.231039
1449.200177
1449.200177
1449.200177
1449.190748
1449.190748
1449.190748
1449.190748
1449.190748
1449.190748
1449.190748
1449.190748
1449.190748
1449.190748
1449.190748
1449.083014
1449.083014
1449.083014
1449.083014
1449.083014
1449.083014
1449.083014
1449.083014
1448.935075
1448.935075
1448.935075
1448.935075
1448.935075
1448.935075
1448.935075
1448.935075
1448.935075
1448.935075
1448.935075
1448.935075
1448.935075
1448.935075
1448.935075
1448.935075
1448.935075
1448.935075
1448.935075
1448.935075
1448.935075
1448.935075
1448.935075
1448.935075
1448.935075
1448.935075
1448.935075
1448.935075
1448.935075
1448.935075
1448.935075
1448.935075
1448.935075
1448.935075
1448.935075
1448.935075
1448.935075
1448.935075
1448.935075
1448.935075
1448.935075
1448.935075
1448.935075
1448.935075
1448.935075
1448.935075
1448.935075
1448.935075
1448.935075
1448.935075
1448.935075
1448.935075
1448.935075
1448.935075
1448.935075
1448.935075
1448.935075
1448.935075
1448.935075
1448.935075
1448.935075
1448.935075
1448.935075
1448.935075
1448.935075
1448.935075
1448.935075
1448.935075
1448.935075
1448.935075
1448.935075
1448.935075
1448.935075
1448.935075
1448.935075
1448.935075
1448.935075
1448.935075
1448.935075
1448.935075
1448.935075
1448.935075
1448.935075
1448.935075
1448.935075
1448.935075
1448.935075
1448.935075
1448.935075
1448.935075
1448.935075
1448.935075
1448.935075
1448.935075
1448.935075
1448.935075
1448.935075
1448.935075
1448.935075
1448.935075
1448.935075
1448.935075
1448.935075
1448.935075
1448.935075
1448.935075
1448.935075
1448.935075
1448.935075
1448.935075
1448.935075
1448.935075
1448.935075
1448.384182
1448.384182
1448.384182
1448.384182
1448.384182
1448.384182
1448.384182
1448.384182
1448.384182
1448.384182
1448.384182
1448.384182
1448.384182
1448.384182
1448.384182
1448.384182
1448.384182
1448.384182
1448.384182
1448.384182
1448.384182
1448.384182
1448.384182
1448.384182
1448.384182
1448.384182
1448.384182
1448.384182
1448.384182
1448.384182
1448.384182
1448.384182
1448.384182
1448.384182
1448.384182
1448.384182
1448.384182
1448.384182
1448.384182
1448.384182
1448.384182
1448.384182
1448.384182
1448.384182
1448.384182
1448.384182
1448.384182
1448.384182
1448.384182
1448.384182
1448.384182
1448.384182
1448.334693
1448.334693
1448.334693
1448.334693
1448.334693
1448.334693
1448.334693
1448.334693
1448.334693
1448.334693
1448.334693
1448.334693
1448.334693
1448.334693
1448.334693
1448.334693
1448.334693
1448.334693
1448.334693
1448.334693
1448.334693
1448.334693
1448.334693
1448.334693
1448.334693
1448.334693
1448.334693
1448.334693
1448.334693
1448.334693
1448.334693
1448.329001
1447.936013
1447.936013
1447.936013
1447.936013
1447.936013
1447.936013
1447.936013
1447.936013
1447.936013
1447.936013
1447.936013
1447.936013
1447.936013
1447.936013
1447.936013
1447.936013
1447.936013
1447.936013
1447.936013
1447.936013
1447.936013
1447.936013
1447.936013
1447.936013
1447.936013
1447.936013
1447.936013
1447.936013
1447.936013
1447.936013
1447.936013
1447.936013
1447.936013
1447.936013
1447.936013
1447.936013
1447.936013
1447.936013
1447.936013
1447.936013
1447.936013
1447.936013
1447.936013
1447.936013
1447.936013
1447.936013
1447.936013
1447.936013
1447.835502
1447.835502
1447.835502
1447.835502
1447.835502
1447.835502
1447.835502
1447.835502
1447.835502
1447.835502
1447.835502
1447.835502
1447.835502
1447.835502
1447.835502
1447.835502
1447.835502
1447.835502
1447.835502
1447.835502
1447.835502
1447.835502
1447.835502
1447.835502
1447.835502
1447.835502
1447.835502
1447.835502
1447.835502
1447.835502
1447.835502
1447.835502
1447.835502
1447.835502
1447.835502
1447.835502
1447.835502
1447.835502
1447.835502
1447.835502
1447.835502
1447.835502
1447.835502
1447.835502
1447.835502
1447.835502
1447.835502
1447.835502
1447.835502
1447.835502
1447.835502
1447.835502
1447.835502
1447.835502
1447.835502
1447.835502
1447.835502
1447.835502
1447.835502
1447.835502
1447.699024
1447.699024
1447.699024
1447.699024
1447.699024
1447.699024
1447.699024
1447.689993
1447.689993
1447.689993
1447.689993
1447.689993
1447.689993
1447.689993
1447.689993
1447.689993
1447.689993
1447.689993
1447.689993
1447.689993
1447.689993
1447.689993
1447.689993
1447.689993
1447.689993
1447.689993
1447.689993
1447.689993
1447.689993
1447.689993
1447.689993
1447.689993
1447.689993
1447.689993
1447.689993
1447.689993
1447.689993
1447.689993
1447.689993
1447.689993
1447.689993
1447.689993
1447.689993
1447.689993
1447.689993
1447.689993
1447.689993
1447.413098
1447.413098
1447.413098
1447.413098
1447.413098
1447.413098
1447.413098
1447.413098
1447.413098
1447.413098
1447.413098
1447.413098
1447.413098
1447.413098
1447.413098
1447.413098
1447.413098
1447.413098
1447.413098
1447.413098
1447.413098
1447.413098
1447.413098
1447.413098
1447.413098
1447.413098
1447.413098
1447.413098
1447.413098
1447.413098
1447.413098
1447.413098
1447.413098
1447.413098
1447.413098
1447.413098
1447.413098
1447.413098
1447.413098
1447.413098
1447.413098
1447.413098
1447.413098
1447.413098
1447.413098
1447.413098
1447.413098
1447.413098
1447.413098
1447.212009
1447.212009
1447.212009
1447.212009
1447.212009
1447.212009
1447.212009
1447.212009
1447.212009
1447.212009
1447.212009
1447.212009
1447.212009
1447.212009
1447.212009
1447.212009
1447.212009
1447.212009
1447.212009
1447.212009
1447.212009
1447.212009
1447.212009
1447.212009
1447.212009
1447.212009
1447.212009
1446.961087
1446.961087
1446.961087
1446.961087
1446.961087
1446.961087
1446.961087
1446.961087
1446.961087
1446.961087
1446.961087
1446.961087
1446.961087
1446.961087
1446.961087
1446.961087
1446.961087
1446.961087
1446.961087
1446.961087
1446.961087
1446.961087
1446.961087
1446.961087
1446.961087
1446.961087
1446.961087
1446.961087
1446.961087
1446.961087
1446.961087
1446.961087
1446.961087
1446.961087
1446.961087
1446.961087
1446.961087
1446.961087
1446.961087
1446.961087
1446.961087
1446.961087
1446.961087
1446.961087
1446.961087
1446.961087
1446.961087
1446.961087
1446.961087
1446.961087
1446.961087
1446.961087
1446.961087
1446.961087
1446.961087
1446.961087
1446.961087
1446.961087
1446.961087
1446.961087
1446.961087
1446.961087
1446.961087
1446.961087
1446.961087
1446.961087
1446.961087
1446.961087
1446.961087
1446.961087
1446.961087
1446.961087
1446.961087
1446.961087
1446.961087
1446.961087
1446.961087
1446.961087
1446.961087
1446.961087
1446.961087
1446.961087
1446.961087
1446.961087
1446.961087
1446.886567
1446.886567
1446.886567
1446.886567
1446.886567
1446.886567
1446.886567
1446.886567
1446.886567
1446.886567
1446.886567
1446.886567
1446.886567
1446.886567
1446.886567
1446.886567
1446.886567
1446.886567
1446.886567
1446.886567
1446.886567
1446.886567
1446.886567
1446.886567
1446.886567
1446.886567
1446.886567
1446.886567
1446.886567
1446.886567
1446.886567
1446.886567
1446.886567
1446.886567
1446.886567
1446.886567
1446.886567
1446.886567
1446.886567
1446.886567
1446.886567
1446.886567
1446.886567
1446.886567
1446.886567
1446.886567
1446.886567
1446.886567
1446.886567
1446.886567
1446.886567
1446.886567
1446.886567
1446.886567
1446.886567
1446.886567
1446.886567
1446.886567
1446.886567
1446.886567
1446.886567
1446.886567
1446.886567
1446.886567
1446.886567
1446.886567
1446.886567
1446.886567
1446.886567
1446.886567
1446.886567
1446.886567
1446.886567
1446.886567
1446.886567
1446.886567
1446.886567
1446.886567
1446.886567
1446.886567
1446.886567
1446.886567
1446.886567
1446.886567
1446.886567
1446.886567
1446.886567
1446.886567
1446.886567
1446.886567
1446.886567
1446.886567
1446.886567
1446.776522
1446.776522
1446.776522
1446.776522
1446.776522
1446.776522
1446.776522
1446.776522
1446.776522
1446.776522
1446.776522
1446.776522
1446.776522
1446.776522
1446.776522
1446.776522
1446.776522
1446.776522
1446.772042
1446.767728
1446.767728
1446.767728
1446.767728
1446.767728
1446.767728
1446.767728
1446.767728
1446.767728
1446.767728
1446.767728
1446.767728
1446.473543
1446.473543
1446.473543
1446.473543
1446.473543
1446.473543
1446.473543
1446.473543
1446.473543
1446.473543
1446.473543
1446.473543
1446.350925
1446.350925
1446.350925
1446.350925
1446.350925
1446.350925
1446.350925
1446.350925
1446.350925
1446.350925
1446.350925
1446.350925
1446.350925
1446.350925
1446.350925
1446.350925
1446.350925
1446.350925
1446.350925
1446.350925
1446.350925
1446.350925
1446.350925
1446.350925
1446.350925
1446.350925
1446.350925
1446.350925
1446.350925
1446.350925
1446.350925
1446.350925
1446.350925
1446.350925
1446.350925
1446.350925
1446.350925
1446.350925
1446.350925
1446.261121
1446.261121
1446.261121
1446.261121
1446.261121
1446.261121
1446.261121
1446.261121
1446.261121
1446.261121
1446.261121
1446.261121
1446.261121
1446.261121
1446.261121
1446.261121
1446.247155
1446.247155
1446.247155
1446.247155
1446.247155
1446.247155
1446.247155
1446.247155
1446.247155
1446.247155
1446.247155
1446.247155
1446.247155
1446.247155
1446.247155
1446.247155
1446.247155
1446.247155
1446.247155
1446.247155
1446.247155
1446.247155
1446.247155
1446.247155
1446.247155
1446.247155
1446.247155
1446.247155
1446.247155
1446.247155
1446.247155
1446.247155
1446.247155
1446.247155
1446.247155
1446.247155
1446.247155
1446.247155
1446.247155
1446.247155
1446.247155
1446.247155
1446.167688
1446.167688
1446.167688
1446.167688
1446.167688
1446.167688
1446.167688
1446.167688
1446.167688
1446.167688
1446.167688
1446.167688
1446.128521
1446.128521
1446.128521
1446.128521
1446.128521
1446.128521
1446.128521
1445.600446
1445.600446
1445.600446
1445.600446
1445.600446
1445.600446
1445.600446
1445.600446
1445.600446
1445.600446
1445.600446
1445.600446
1445.600446
1445.600446
1445.600446
1445.600446
1445.600446
1445.600446
1445.600446
1445.600446
1445.600446
1445.600446
1445.600446
1445.600446
1445.600446
1445.600446
1445.600446
1445.600446
1445.600446
1445.600446
1445.600446
1445.515895
1445.515895
1445.515895
1445.515895
1445.515895
1445.515895
1445.515895
1445.515895
1445.515895
1445.515895
1445.515895
1445.515895
1445.515895
1445.515895
1445.515895
1445.515895
1445.515895
1445.515895
1445.515895
1445.515895
1445.515895
1445.515895
1445.515895
1445.515895
1445.515895
1445.515895
1445.515895
1445.515895
1445.515895
1445.515895
1445.515895
1445.515895
1445.515895
1445.515895
1445.515895
1445.515895
1445.515895
1445.515895
1445.515895
1445.515895
1445.515895
1445.515895
1445.515895
1445.515895
1445.515895
1445.515895
1445.515895
1445.515895
1445.515895
1445.515895
1445.515895
1445.515895
1445.515895
1445.515895
1445.515895
1445.515895
1445.515895
1445.515895
1445.515895
1445.515895
1445.106469
1445.106469
1445.106469
1445.106469
1445.106469
1445.106469
1445.106469
1445.106469
1445.106469
1445.106469
1445.106469
1445.106469
1445.106469
1445.106469
1445.106469
1445.106469
1445.106469
1445.106469
1445.106469
1445.106469
1445.106469
1445.106469
1445.106469
1445.106469
1445.106469
1445.106469
1445.106469
1445.106469
1445.106469
1445.106469
1445.106469
1445.106469
1445.106469
1445.106469
1445.106469
1445.106469
1445.106469
1445.106469
1445.106469
1445.106469
1445.106469
1445.106469
1445.106469
1445.106469
1445.106469
1445.106469
1445.106469
1445.106469
1445.106469
1444.649360
1444.649360
1444.649360
1444.649360
1444.649360
1444.649360
1444.649360
1444.649360
1444.649360
1444.649360
1444.649360
1444.649360
1444.649360
1444.649360
1444.649360
1444.649360
1444.649360
1444.649360
1444.649360
1444.649360
1444.649360
1444.649360
1444.649360
1444.649360
1444.649360
1444.649360
1444.649360
1444.649360
1444.649360
1444.649360
1444.649360
1444.649360
1444.649360
1444.649360
1444.649360
1444.649360
1444.649360
1444.649360
1444.649360
1444.649360
1444.649360
1444.649360
1444.649360
1444.649360
1444.649360
1444.649360
1444.649360
1444.649360
1444.649360
1444.649360
1444.649360
1444.649360
1444.649360
1444.649360
1444.597821
1444.597821
1444.597821
1444.597821
1444.597821
1444.365345
1444.365345
1444.365345
1444.365345
1444.365345
1444.365345
1444.365345
1444.365345
1444.365345
1444.365345
1444.365345
1444.365345
1444.365345
1444.365345
1444.365345
1444.365345
1444.365345
1444.365345
1444.365345
1444.365345
1444.365345
1444.365345
1444.365345
1444.365345
1443.516893
1443.516893
1443.516893
1443.516893
1443.516893
1443.516893
1443.516893
1443.516893
1443.516893
1443.516893
1443.516893
1443.516893
1443.516893
1443.516893
1443.516893
1443.516893
1443.516893
1443.516893
1443.516893
1443.516893
1443.516893
1443.516893
1443.516893
1443.516893
1443.516893
1443.516893
1443.516893
1443.516893
1443.516893
1443.516893
1443.516893
1443.516893
1443.516893
1443.516893
1443.516893
1443.516893
1443.516893
1443.516893
1443.516893
1443.516893
1443.516893
1443.516893
1443.516893
1443.516893
1443.516893
1443.516893
1443.516893
1443.516893
1443.516893
1443.516893
1443.516893
1443.516893
1443.516893
1443.516893
1443.516893
1443.516893
1443.516893
1443.516893
1443.516893
1443.516893
1443.516893
1443.516893
1443.516893
1443.516893
1443.516893
1443.516893
1443.516893
1443.516893
1443.516893
1443.516893
1443.516893
1443.516893
1443.516893
1443.516893
1443.516893
1443.516893
1443.516893
1443.516893
1443.516893
1443.516893
1443.516893
1443.516893
1443.516893
1443.516893
1443.516893
1443.516893
1443.516893
1443.516893
1443.516893
1443.516893
1443.516893
1443.516893
1443.516893
1443.516893
1443.516893
1443.516893
1443.516893
1443.516893
1443.516893
1443.471143
1443.471143
1443.471143
1443.471143
1443.471143
1443.455629
1443.455629
1443.455629
1443.455629
1443.455629
1443.455629
1443.455629
1443.455629
1443.455629
1443.455629
1443.455629
1443.455629
1443.455629
1443.455629
1443.455629
1443.455629
1443.455629
1443.455629
1443.427693
1443.427693
1443.427693
1443.427693
1443.427693
1443.427693
1443.427693
1443.427693
1443.427693
1443.427693
1443.427693
1443.427693
1443.427693
1443.427693
1443.427693
1443.427693
1443.427693
1443.427693
1443.427693
1443.427693
1443.427693
1443.427693
1443.427693
1442.999336
1442.999336
1442.999336
1442.999336
1442.999336
1442.999336
1442.999336
1442.999336
1442.999336
1442.999336
1442.999336
1442.999336
1442.999336
1442.999336
1442.999336
1442.999336
1442.999336
1442.999336
1442.999336
1442.999336
1442.999336
1442.999336
1442.999336
1442.999336
1442.999336
1442.999336
1442.999336
1442.999336
1442.999336
1442.999336
1442.999336
1442.999336
1442.999336
1442.999336
1442.999336
1442.999336
1442.999336
1442.999336
1442.999336
1442.999336
1442.999336
1442.999336
1442.999336
1442.999336
1442.999336
1442.999336
1442.999336
1442.999336
1442.999336
1442.999336
1442.999336
1442.999336
1442.999336
1442.999336
1442.999336
1442.999336
1442.999336
1442.999336
1442.999336
1442.999336
1442.999336
1442.999336
1442.999336
1442.999336
1442.999336
1442.999336
1442.999336
1442.999336
1442.999336
1442.999336
1442.999336
1442.999336
1442.999336
1442.999336
1442.999336
1442.999336
1442.999336
1442.999336
1442.999336
1442.999336
1442.999336
1442.999336
1442.999336
1442.999336
1442.999336
1442.999336
1442.999336
1442.999336
1442.999336
1442.999336
1442.999336
1442.999336
1442.999336
1442.999336
1442.999336
1442.999336
1442.999336
1442.897528
1442.383007
1442.383007
1442.383007
1442.383007
1442.383007
1442.383007
1442.383007
1442.383007
1442.383007
1442.383007
1442.383007
1442.383007
1442.383007
1442.383007
1442.383007
1442.383007
1442.383007
1442.383007
1442.383007
1442.383007
1442.383007
1442.383007
1442.383007
1442.383007
1442.383007
1442.383007
1442.383007
1442.383007
1442.383007
1442.383007
1442.383007
1442.383007
1442.383007
1442.383007
1442.383007
1442.383007
1442.383007
1442.383007
1442.383007
1442.383007
1442.383007
1442.383007
1442.383007
1442.383007
1442.383007
1442.383007
1442.383007
1442.383007
1442.383007
1442.383007
1442.383007
1442.383007
1442.383007
1442.383007
1442.383007
1442.383007
1442.383007
1442.383007
1442.383007
1442.383007
1442.340438
1442.340438
1442.340438
1442.340438
1442.340438
1442.340438
1441.781782
1441.781782
1441.781782
1441.781782
1441.781782
1441.781782
1441.781782
1441.781782
1441.781782
1441.781782
1441.781782
1441.781782
1441.781782
1441.781782
1441.781782
1441.781782
1441.781782
1441.781782
1441.781782
1441.781782
1441.781782
1441.781782
1441.781782
1441.781782
1441.781782
1441.781782
1441.781782
1441.781782
1441.781782
1441.781782
1441.781782
1441.781782
1441.781782
1441.781782
1441.781782
1441.781782
1441.781782
1441.781782
1441.781782
1441.781782
1441.781782
1441.781782
1441.781782
1441.781782
1441.781782
1441.781782
1441.781782
1441.781782
1441.781782
1441.781782
1441.781782
1441.781782
1441.781782
1441.781782
1441.781782
1441.781782
1441.781782
1441.781782
1441.781782
1441.781782
1441.781782
1441.751910
1441.751910
1441.751910
1441.751910
1441.751910
1441.751910
1441.751910
1441.751910
1441.751910
1441.751910
1441.751910
1441.751910
1441.751910
1441.751910
1441.751910
1441.751910
1441.751910
1441.751910
1441.751910
1441.751910
1441.751910
1441.751910
1441.751910
1441.751910
1441.751910
1441.751910
1441.751910
1441.751910
1441.751910
1441.751910
1441.751910
1441.751910
1441.751910
1441.684095
1441.684095
1441.684095
1441.684095
1441.684095
1441.684095
1441.684095
1441.684095
1441.684095
1441.684095
1441.684095
1441.684095
1441.684095
1441.684095
1441.684095
1441.684095
1441.684095
1441.684095
1441.684095
1441.684095
1441.684095
1441.684095
1441.684095
1441.684095
1441.684095
1441.684095
1441.684095
1441.684095
1441.684095
1441.168188
1441.168188
1441.168188
1441.168188
1441.168188
1441.168188
1441.168188
1441.168188
1441.168188
1441.168188
1441.168188
1441.168188
1441.168188
1441.168188
1441.168188
1441.168188
1441.168188
1441.168188
1441.168188
1441.168188
1441.168188
1441.168188
1441.168188
1441.168188
1441.168188
1441.168188
1441.168188
1441.168188
1441.168188
1441.168188
1441.168188
1441.168188
1441.168188
1441.168188
1441.168188
1441.168188
1441.168188
1441.168188
1441.168188
1441.168188
1441.168188
1441.168188
1441.168188
1441.168188
1441.168188
1441.168188
1441.168188
1441.168188
1441.168188
1441.168188
1441.168188
1441.168188
1441.168188
1441.168188
1441.168188
1441.168188
1441.168188
1441.168188
1441.093901
1441.093901
1441.093901
1441.093901
1441.093901
1441.093901
1441.093901
1441.093901
1441.093901
1441.093901
1441.093901
1441.093901
1441.093901
1441.093901
1441.093901
1441.093901
1441.093901
1441.093901
1441.093901
1441.093901
1441.093901
1441.093901
1441.093901
1441.093901
1441.093901
1441.093901
1441.093901
1441.093901
1441.093901
1441.093901
1441.093901
1441.093901
1441.093901
1441.093901
1441.093901
1441.093901
1441.093901
1441.093901
1441.093901
1441.093901
1441.093901
1441.093901
1441.093901
1441.093901
1441.093901
1441.093901
1441.093901
1441.093901
1441.093901
1441.093901
1441.093901
1441.093901
1441.093901
1441.093901
1441.093901
1441.093901
1441.093901
1441.093901
1441.093901
1441.093901
1441.093901
1441.093901
1441.093901
1441.093901
1441.071293
1441.071293
1441.071293
1441.071293
1441.071293
1441.071293
1441.071293
1441.071293
1441.071293
1441.071293
1441.071293
1441.071293
1441.071293
1441.071293
1441.071293
1441.071293
1441.071293
1441.071293
1441.071293
1441.071293
1441.071293
1441.071293
1441.071293
1441.071293
1441.071293
1441.071293
1441.071293
1441.071293
1441.071293
1441.071293
1441.071293
1441.071293
1441.071293
1441.071293
1441.071293
1441.071293
1441.071293
1441.071293
1441.071293
1441.071293
1441.071293
1441.071293
1441.071293
1441.071293
1441.071293
1441.071293
1441.071293
1441.071293
1441.071293
1440.895146
1440.895146
1440.895146
1440.895146
1440.895146
1440.895146
1440.895146
1440.895146
1440.895146
1440.895146
1440.895146
1440.895146
1440.895146
1440.895146
1440.895146
1440.895146
1440.895146
1440.895146
1440.895146
1440.895146
1440.895146
1440.895146
1440.895146
1440.895146
1440.895146
1440.895146
1440.895146
1440.895146
1440.895146
1440.895146
1440.895146
1440.895146
1440.631961
1440.631961
1440.631961
1440.631961
1440.631961
1440.631961
1440.631961
1440.631961
1440.631961
1440.631961
1440.631961
1440.631961
1440.631961
1440.631961
1440.631961
1440.631961
1440.631961
1440.631961
1440.631961
1440.534322
1440.534322
1440.534322
1440.534322
1440.534322
1440.534322
1440.534322
1440.534322
1440.534322
1440.534322
1440.534322
1440.534322
1440.534322
1440.473520
1440.473520
1440.473520
1440.473520
1440.473520
1440.473520
1440.473520
1440.473520
1440.473520
1440.473520
1440.473520
1440.473520
1440.473520
1440.473520
1440.473520
1440.473520
1440.473520
1440.473520
1440.473520
1440.473520
1440.473520
1440.473520
1440.473520
1440.473520
1440.473520
1440.473520
1440.473520
1440.473520
1440.473520
1440.473520
1440.473520
1440.473520
1440.473520
1440.473520
1440.473520
1440.473520
1440.473520
1440.473520
1440.473520
1440.473520
1440.473520
1440.473520
1440.473520
1440.473520
1440.473520
1440.473520
1440.473520
1440.473520
1440.473520
1440.098299
1440.098299
1440.098299
1440.098299
1440.098299
1440.098299
1440.098299
1440.098299
1440.098299
1440.098299
1440.098299
1440.098299
1440.098299
1440.098299
1440.098299
1440.098299
1440.098299
1440.098299
1440.098299
1440.098299
1440.098299
1440.098299
1440.098299
1440.098299
1440.098299
1440.098299
1440.098299
1440.098299
1440.098299
1440.098299
1440.098299
1440.098299
1440.098299
1440.098299
1440.098299
1440.098299
1440.098299
1440.098299
1440.098299
1440.098299
1440.098299
1439.966577
1439.966577
1439.966577
1439.966577
1439.966577
1439.966577
1439.432466
1439.432466
1439.432466
1439.432466
1439.432466
1439.432466
1439.432466
1439.432466
1439.432466
1439.432466
1439.432466
1439.432466
1439.432466
1439.432466
1439.432466
1439.432466
1439.432466
1439.432466
1439.432466
1439.432466
1439.432466
1439.432466
1439.432466
1439.432466
1439.432466
1439.432466
1439.432466
1439.432466
1439.432466
1439.432466
1439.432466
1439.432466
1439.432466
1439.432466
1439.432466
1439.432466
1439.432466
1439.432466
1439.432466
1439.432466
1439.432466
1439.432466
1439.432466
1439.432466
1439.432466
1439.432466
1439.432466
1439.432466
1439.432466
1439.432466
1439.432466
1439.432466
1439.432466
1439.432466
1439.432466
1439.432466
1439.432466
1439.432466
1439.432466
1439.432466
1439.432466
1439.432466
1439.432466
1439.432466
1439.432466
1439.432466
1439.432466
1439.432466
1439.432466
1439.432466
1439.432466
1439.432466
1439.432466
1439.432466
1439.432466
1439.432466
1439.432466
1439.432466
1439.432466
1439.432466
1439.432466
1439.432466
1439.432466
1439.432466
1439.432466
1439.432466
1439.432466
1439.432466
1439.432466
1439.432466
1439.432466
1439.432466
1439.432466
1439.432466
1439.432466
1439.432466
1439.432466
1439.432466
1439.432466
1439.432466
1439.432466
1439.432466
1439.432466
1439.432466
1439.432466
1439.432466
1439.432466
1439.432466
1439.432466
1439.432466
1439.432466
1439.432466
1439.432466
1439.432466
1439.432466
1439.432466
1439.432466
1439.432466
1439.432466
1439.432466
1439.432466
1439.432466
1439.432466
1439.432466
1439.432466
1439.432466
1439.432466
1439.432466
1439.432466
1439.432466
1439.432466
1439.432466
1439.432466
1439.432466
1439.432466
1439.432466
1439.432466
1439.432466
1439.432466
1439.432466
1439.432466
1439.432466
1438.915546
1438.915546
1438.915546
1438.915546
1438.915546
1438.915546
1438.915546
1438.915546
1438.915546
1438.915546
1438.915546
1438.915546
1438.915546
1438.915546
1438.915546
1438.915546
1438.915546
1438.915546
1438.915546
1438.915546
1438.915546
1438.915546
1438.915546
1438.915546
1438.915546
1438.915546
1438.915546
1438.915546
1438.915546
1438.915546
1438.410061
1438.410061
1438.410061
1438.410061
1438.410061
1438.410061
1438.410061
1438.410061
1438.410061
1438.410061
1438.410061
1438.410061
1438.410061
1438.410061
1438.410061
1438.410061
1438.410061
1438.410061
1438.410061
1438.410061
1438.410061
1438.410061
1438.410061
1438.410061
1438.410061
1438.410061
1438.410061
1438.410061
1438.410061
1438.410061
1438.410061
1438.410061
1438.410061
1438.410061
1438.410061
1438.410061
1438.410061
1438.410061
1438.410061
1438.410061
1438.410061
1438.410061
1438.410061
1438.410061
1438.410061
1438.410061
1438.410061
1438.410061
1438.410061
1438.410061
1438.410061
1438.410061
1438.410061
1438.410061
1438.410061
1438.410061
1438.410061
1438.410061
1438.410061
1438.410061
1438.410061
1438.410061
1438.410061
1438.410061
1438.410061
1438.410061
1438.410061
1438.410061
1438.410061
1438.410061
1438.410061
1438.410061
1438.410061
1438.410061
1438.410061
1438.410061
1438.410061
1438.410061
1438.410061
1438.410061
1438.410061
1438.410061
1438.410061
1438.410061
1438.410061
1438.410061
1438.410061
1438.410061
1438.410061
1438.410061
1438.410061
1438.410061
1438.410061
1438.410061
1438.410061
1438.410061
1438.410061
1438.410061
1438.410061
1438.410061
1438.410061
1438.410061
1438.410061
1438.410061
1438.410061
1438.410061
1438.410061
1438.410061
1438.410061
1438.410061
1438.410061
1438.410061
1438.410061
1438.410061
1438.410061
1438.410061
1438.410061
1438.410061
1438.410061
1438.084695
1438.084695
1438.084695
1438.084695
1438.084695
1438.084695
1438.084695
1438.084695
1438.084695
1438.084695
1438.084695
1438.084695
1438.084695
1438.084695
1438.084695
1438.084695
1437.766605
1437.766605
1437.766605
1437.766605
1437.766605
1437.766605
1437.766605
1437.766605
1437.766605
1437.766605
1437.766605
1437.666299
1437.666299
1437.666299
1437.666299
1437.666299
1437.666299
1437.666299
1437.666299
1437.666299
1437.666299
1437.666299
1437.666299
1437.666299
1437.666299
1437.666299
1437.666299
1437.666299
1437.666299
1437.666299
1437.666299
1437.666299
1437.666299
1437.666299
1437.666299
1437.666299
1437.666299
1437.666299
1437.666299
1437.666299
1437.666299
1437.666299
1437.666299
1437.666299
1437.666299
1437.666299
1437.666299
1437.666299
1437.666299
1437.666299
1437.666299
1437.666299
1437.666299
1437.666299
1437.666299
1437.666299
1437.666299
1437.666299
1437.666299
1437.666299
1437.666299
1437.666299
1437.666299
1437.666299
1437.666299
1437.666299
1437.666299
1437.666299
1437.666299
1437.666299
1437.666299
1437.666299
1437.666299
1437.666299
1437.666299
1437.666299
1437.666299
1437.666299
1437.666299
1437.666299
1437.666299
1437.666299
1437.666299
1437.666299
1437.666299
1437.666299
1437.666299
1437.666299
1437.666299
1437.666299
1437.666299
1437.666299
1437.666299
1437.666299
1437.666299
1437.666299
1437.666299
1437.666299
1437.666299
1437.666299
1437.641714
1437.641714
1437.641714
1437.641714
1437.641714
1437.641714
1437.641714
1437.641714
1437.641714
1437.641714
1437.641714
1437.641714
1437.641714
1437.641714
1437.641714
1437.641714
1437.641714
1437.641714
1437.641714
1437.641714
1437.641714
1437.641714
1437.641714
1437.641714
1437.641714
1437.641714
1437.641714
1437.641714
1437.641714
1437.641714
1437.641714
1437.641714
1437.641714
1437.641714
1437.641714
1437.641714
1437.641714
1437.641714
1437.641714
1437.641714
1437.641714
1437.641714
1437.641714
1437.641714
1437.641714
1437.641714
1437.641714
1437.641714
1437.641714
1437.641714
1437.641714
1437.641714
1437.641714
1437.641714
1437.641714
1437.641714
1437.641714
1437.455419
1437.455419
1437.455419
1437.455419
1437.455419
1437.455419
1437.455419
1437.455419
1437.455419
1437.455419
1437.455419
1437.455419
1437.455419
1437.455419
1437.455419
1437.455419
1437.455419
1437.455419
1437.455419
1437.455419
1437.455419
1437.455419
1437.455419
1437.455419
1437.455419
1437.455419
1437.455419
1437.455419
1437.455419
1437.455419
1437.455419
1437.455419
1437.455419
1437.455419
1437.455419
1437.455419
1437.260321
1437.260321
1437.260321
1437.260321
1437.260321
1437.260321
1437.260321
1437.260321
1437.260321
1437.260321
1437.260321
1437.260321
1437.260321
1437.260321
1436.990189
1436.910852
1436.910852
1436.910852
1436.910852
1436.910852
1436.910852
1436.910852
1436.910852
1436.910852
1436.910852
1436.910852
1436.910852
1436.910852
1436.910852
1436.910852
1436.910852
1436.910852
1436.910852
1436.910852
1436.910852
1436.910852
1436.910852
1436.910852
1436.910852
1436.910852
1436.910852
1436.910852
1436.910852
1436.910852
1436.910852
1436.910852
1436.910852
1436.910852
1436.910852
1436.910852
1436.910852
1436.910852
1436.910852
1436.910852
1436.910852
1436.910852
1436.910852
1436.910852
1436.910852
1436.910852
1436.910852
1436.910852
1436.910852
1436.910852
1436.910852
1436.910852
1436.910852
1436.910852
1436.910852
1436.910852
1436.910852
1436.910852
1436.910852
1436.910852
1436.910852
1436.910852
1436.910852
1436.910852
1436.910852
1436.910852
1436.910852
1436.910852
1436.910852
1436.910852
1436.910852
1436.910852
1436.910852
1436.910852
1436.910852
1436.910852
1436.809994
1436.809994
1436.809994
1436.809994
1436.809994
1436.809994
1436.809994
1436.809994
1436.809994
1436.809994
1436.809994
1436.809994
1436.809994
1436.809994
1436.809994
1436.809994
1436.809994
1436.809994
1436.809994
1436.809994
1436.809994
1436.809994
1436.809994
1436.809994
1436.809994
1436.809994
1436.809994
1436.809994
1436.809994
1436.809994
1436.809994
1436.809994
1436.809994
1436.809994
1436.809994
1436.809994
1436.809994
1436.809994
1436.809994
1436.809994
1436.809994
1436.809994
1436.809994
1436.809994
1436.809994
1436.809994
1436.809994
1436.809994
1436.809994
1436.809994
1436.321989
1436.321989
1436.321989
1436.321989
1436.321989
1436.321989
1436.321989
1436.321989
1436.321989
1436.321989
1436.321989
1436.321989
1436.321989
1436.321989
1436.321989
1436.321989
1436.321989
1436.321989
1436.321989
1436.321989
1436.321989
1436.321989
1436.321989
1436.321989
1436.321989
1436.321989
1436.321989
1436.321989
1436.321989
1436.321989
1436.321989
1436.321989
1436.321989
1436.321989
1436.321989
1436.321989
1436.321989
1436.321989
1436.321989
1436.321989
1436.321989
1436.321989
1436.321989
1436.321989
1436.321989
1436.321989
1436.321989
1436.321989
1436.321989
1436.321989
1436.223132
1436.223132
1436.223132
1436.223132
1436.223132
1436.223132
1436.223132
1436.223132
1436.223132
1436.223132
1436.223132
1436.223132
1436.223132
1436.223132
1436.223132
1436.223132
1436.223132
1436.223132
1436.223132
1436.083745
1436.083745
1436.083745
1436.083745
1436.083745
1436.083745
1436.083745
1436.083745
1436.083745
1436.083745
1436.083745
1436.083745
1436.083745
1436.083745
1436.083745
1436.083745
1436.083745
1436.083745
1436.083745
1436.083745
1436.083745
1436.083745
1436.083745
1436.083745
1436.083745
1436.083745
1436.083745
1436.083745
1436.083745
1436.083745
1436.083745
1436.083745
1436.083745
1436.083745
1435.985401
1435.985401
1435.985401
1435.985401
1435.985401
1435.985401
1435.835640
1435.835640
1435.835640
1435.835640
1435.835640
1435.835640
1435.835640
1435.835640
1435.835640
1435.835640
1435.835640
1435.835640
1435.835640
1435.835640
1435.835640
1435.835327
1435.835327
1435.835327
1435.835327
1435.835327
1435.835327
1435.835327
1435.835327
1435.835327
1435.835327
1435.835327
1435.835327
1435.835327
1435.835327
1435.835327
1435.835327
1435.835327
1435.835327
1435.835327
1435.835327
1435.725084
1435.725084
1435.725084
1435.725084
1435.725084
1435.725084
1435.725084
1435.725084
1435.725084
1435.725084
1435.725084
1435.725084
1435.725084
1435.725084
1435.725084
1435.725084
1435.725084
1435.725084
1435.725084
1435.725084
1435.725084
1435.725084
1435.725084
1435.725084
1435.725084
1435.725084
1435.725084
1435.725084
1435.725084
1435.725084
1435.725084
1435.725084
1435.725084
1435.725084
1435.725084
1435.725084
1435.725084
1435.725084
1435.725084
1435.725084
1435.725084
1435.725084
1435.725084
1435.725084
1435.725084
1435.725084
1435.725084
1435.725084
1435.725084
1435.725084
1435.725084
1435.725084
1435.725084
1435.725084
1435.725084
1435.725084
1435.725084
1435.725084
1435.725084
1435.725084
1435.725084
1435.725084
1435.725084
1435.725084
1435.725084
1435.725084
1435.725084
1435.725084
1435.725084
1435.725084
1435.725084
1435.725084
1435.725084
1435.725084
1435.725084
1435.725084
1435.725084
1435.725084
1435.725084
1435.725084
1435.725084
1435.725084
1435.725084
1435.725084
1435.725084
1435.725084
1435.725084
1435.725084
1435.725084
1435.725084
1435.725084
1435.725084
1435.725084
1435.725084
1435.725084
1435.725084
1435.725084
1435.725084
1435.725084
1435.725084
1435.725084
1435.725084
1435.725084
1435.725084
1435.725084
1435.725084
1435.725084
1435.725084
1435.725084
1435.725084
1435.725084
1435.725084
1435.725084
1435.725084
1435.725084
1435.725084
1435.536239
1435.536239
1435.536239
1435.536239
1435.536239
1435.536239
1435.536239
1435.536239
1435.536239
1435.536239
1435.536239
1435.536239
1435.536239
1435.536239
1435.536239
1435.536239
1435.536239
1435.536239
1435.536239
1435.492925
1435.492925
1435.492925
1435.492925
1435.492925
1435.492925
1435.458142
1435.458142
1435.458142
1435.458142
1435.458142
1435.458142
1435.458142
1435.458142
1435.458142
1435.458142
1435.458142
1435.458142
1435.409907
1435.409907
1435.409907
1435.409907
1435.409907
1435.409907
1435.409907
1435.409907
1435.409907
1435.409907
1435.409907
1435.409907
1435.409907
1435.409907
1435.409907
1435.409907
1435.409907
1435.409907
1435.409907
1435.409907
1435.409907
1435.409907
1435.409907
1435.409907
1435.409907
1435.409907
1435.409907
1435.194343
1435.194343
1434.788958
1434.788958
1434.788958
1434.788958
1434.788958
1434.788958
1434.788958
1434.788958
1434.788958
1434.788958
1434.788958
1434.788958
1434.788958
1434.788958
1434.788958
1434.788958
1434.788958
1434.788958
1434.788958
1434.788958
1434.788958
1434.788958
1434.788958
1434.788958
1434.788958
1434.788958
1434.788958
1434.788958
1434.788958
1434.788958
1434.788958
1434.788958
1434.788958
1434.788958
1434.788958
1434.788958
1434.788958
1434.788958
1434.788958
1434.788958
1434.788958
1434.784464
1434.784464
1434.784464
1434.784464
1434.784464
1434.784464
1434.784464
1434.784464
1434.784464
1434.784464
1434.784464
1434.784464
1434.784464
1434.784464
1434.784464
1434.784464
1434.784464
1434.784464
1434.784464
1434.784464
1434.784464
1434.784464
1434.784464
1434.784464
1434.784464
1434.784464
1434.784464
1434.784464
1434.784464
1434.784464
1434.784464
1434.784464
1434.784464
1434.784464
1434.784464
1434.784464
1434.784464
1434.784464
1434.784464
1434.784464
1434.784464
1434.784464
1434.784464
1434.784464
1434.784464
1434.784464
1434.784464
1434.784464
1434.784464
1434.784464
1434.784464
1434.784464
1434.784464
1434.784464
1434.479768
1434.479768
1434.479768
1434.479768
1434.479768
1434.479768
1434.479768
1434.479768
1434.479768
1434.479768
1434.479768
1434.479768
1434.479768
1434.479768
1434.479768
1434.479768
1434.479768
1434.479768
1434.479768
1434.479768
1434.479768
1434.479768
1434.479768
1434.479768
1434.479768
1434.479768
1434.479768
1434.479768
1434.479768
1434.479768
1434.479768
1434.479768
1434.479768
1434.479768
1434.479768
1434.479768
1434.479768
1434.479768
1434.479768
1434.479768
1434.479768
1434.479768
1434.479768
1434.479768
1434.479768
1434.479768
1434.479768
1434.479768
1434.265205
1434.265205
1434.265205
1434.265205
1434.265205
1434.265205
1434.265205
1434.265205
1434.265205
1434.265205
1434.265205
1434.265205
1434.265205
1434.265205
1434.265205
1434.265205
1434.265205
1434.265205
1434.265205
1434.265205
1434.265205
1434.265205
1434.265205
1434.265205
1434.265205
1434.265205
1434.265205
1434.265205
1434.265205
1434.265205
1434.265205
1434.265205
1434.265205
1434.265205
1434.265205
1434.265205
1434.265205
1434.265205
1434.265205
1434.265205
1434.265205
1434.265205
1434.265205
1434.265205
1434.265205
1434.265205
1434.265205
1434.265205
1434.265205
1434.265205
1434.265205
1434.265205
1434.265205
1434.265205
1434.265205
1434.265205
1434.265205
1434.265205
1434.265205
1434.265205
1434.265205
1434.265205
1434.265205
1434.265205
1434.265205
1434.105745
1434.105745
1434.105745
1434.105745
1434.105745
1434.105745
1434.105745
1434.105745
1434.105745
1434.105745
1434.105745
1434.105745
1434.105745
1434.105745
1434.105745
1434.105745
1434.105745
1434.105745
1434.105745
1434.105745
1434.105745
1434.105745
1434.105745
1434.105745
1434.105745
1434.105745
1434.105745
1434.105745
1434.105745
1434.105745
1434.105745
1434.105745
1434.105745
1434.105745
1434.105745
1434.105745
1434.105745
1434.105745
1434.105745
1434.105745
1434.105745
1434.105745
1434.105745
1434.105745
1434.105745
1433.947022
1433.947022
1433.625717
1433.625717
1433.625717
1433.625717
1433.625717
1433.625717
1433.625717
1433.625717
1433.625717
1433.625717
1433.625717
1433.625717
1433.625717
1433.625717
1433.625717
1433.625717
1433.625717
1433.299283
1433.299283
1433.299283
1433.299283
1433.299283
1433.299283
1433.299283
1433.299283
1433.299283
1433.299283
1433.299283
1433.299283
1433.299283
1433.299283
1433.299283
1433.299283
1433.299283
1433.299283
1433.299283
1433.299283
1433.299283
1433.299283
1433.299283
1433.299283
1433.299283
1433.299283
1433.299283
1433.299283
1433.299283
1433.299283
1433.299283
1433.299283
1433.299283
1433.299283
1433.299283
1433.299283
1433.299283
1433.299283
1433.299283
1433.299283
1433.299283
1433.299283
1433.299283
1433.299283
1433.299283
1433.299283
1433.299283
1433.299283
1433.299283
1433.299283
1433.299283
1433.299283
1433.299283
1433.299283
1433.299283
1433.299283
1433.299283
1433.299283
1433.299283
1433.299283
1432.167795
1432.167795
1432.167795
1432.167795
1432.167795
1432.167795
1432.167795
1432.167795
1432.167795
1432.167795
1432.167795
1432.167795
1432.167795
1432.167795
1432.167795
1432.167795
1432.167795
1432.167795
1432.167795
1432.167795
1432.167795
1432.167795
1432.167795
1432.167795
1432.167795
1432.167795
1432.167795
1432.167795
1432.167795
1432.167795
1432.167795
1432.167795
1432.167795
1432.167795
1432.167795
1432.167795
1432.167795
1432.167795
1432.167795
1432.167795
1432.167795
1432.167795
1432.167795
1432.167795
1432.167795
1432.167795
1432.167795
1432.167795
1432.167795
1432.167795
1432.167795
1432.167795
1432.167795
1432.167795
1432.167795
1432.167795
1432.167795
1432.167795
1432.167795
1432.167795
1432.167795
1432.167795
1432.167795
1432.167795
1432.167795
1432.167795
1432.167795
1432.167795
1432.167795
1432.167795
1432.167795
1432.167795
1432.167795
1432.167795
1432.167795
1432.167795
1432.167795
1432.167795
1432.167795
1432.167795
1431.803158
1431.803158
1431.803158
1431.803158
1431.803158
1431.803158
1431.803158
1431.803158
1431.803158
1431.803158
1431.803158
1431.803158
1431.803158
1431.803158
1431.803158
1431.803158
1431.803158
1431.803158
1431.803158
1431.803158
1431.803158
1431.803158
1431.803158
1431.803158
1431.803158
1431.803158
1431.803158
1431.803158
1431.803158
1431.803158
1431.803158
1431.803158
1431.803158
1431.803158
1431.803158
1431.803158
1431.803158
1431.803158
1431.803158
1431.803158
1431.803158
1431.803158
1431.803158
1431.803158
1431.803158
1431.803158
1431.803158
1431.803158
1431.803158
1431.803158
1431.803158
1431.303581
1431.303581
1431.303581
1431.303581
1431.303581
1431.303581
1431.303581
1431.303581
1431.303581
1431.303581
1431.303581
1431.303581
1431.303581
1431.303581
1431.303581
1431.303581
1431.303581
1431.303581
1431.303581
1431.303581
1431.303581
1431.303581
1430.719398
1430.719398
1430.719398
1430.719398
1430.719398
1430.719398
1430.719398
1430.719398
1430.719398
1430.719398
1430.719398
1430.719398
1430.719398
1430.719398
1430.719398
1430.719398
1430.719398
1430.719398
1430.719398
1430.719398
1430.719398
1430.719398
1430.719398
1430.719398
1430.719398
1430.719398
1430.719398
1430.719398
1430.719398
1430.719398
1430.719398
1430.719398
1430.719398
1430.719398
1430.719398
1430.719398
1430.719398
1430.719398
1430.719398
1430.719398
1430.719398
1430.719398
1430.719398
1430.719398
1430.719398
1430.719398
1430.719398
1430.719398
1430.719398
1430.719398
1430.719398
1430.719398
1430.719398
1430.719398
1430.719398
1430.719398
1430.719398
1430.719398
1430.719398
1430.719398
1430.719398
1430.719398
1430.719398
1430.719398
1430.719398
1430.719398
1430.719398
1430.719398
1430.719398
1430.719398
1430.719398
1430.719398
1430.719398
1430.719398
1430.719398
1430.719398
1430.719398
1430.719398
1430.719398
1430.719398
1430.719398
1430.719398
1430.719398
1430.719398
1430.719398
1430.719398
1430.719398
1430.719398
1430.719398
1430.719398
1430.719398
1430.719398
1430.719398
1430.719398
1430.719398
1430.719398
1430.719398
1430.719398
1430.719398
1430.719398
1430.719398
1430.624258
1430.624258
1430.624258
1430.624258
1430.624258
1430.624258
1430.624258
1430.624258
1430.624258
1430.386322
1430.386322
1430.386322
1430.386322
1430.386322
1430.386322
1430.386322
1430.386322
1430.386322
1430.386322
1430.386322
1430.386322
1430.386322
1430.386322
1430.386322
1430.386322
1430.386322
1430.386322
1430.386322
1430.386322
1430.386322
1430.386322
1430.386322
1430.386322
1430.386322
1430.386322
1430.386322
1430.386322
1430.386322
1430.386322
1430.386322
1430.386322
1430.386322
1430.386322
1430.386322
1430.386322
1430.386322
1430.386322
1430.386322
1430.386322
1430.386322
1430.386322
1430.386322
1430.386322
1430.386322
1430.386322
1430.386322
1430.386322
1430.386322
1430.386322
1430.386322
1430.386322
1430.386322
1430.386322
1430.386322
1430.386322
1430.386322
1430.386322
1430.386322
1430.386322
1430.386322
1430.386322
1430.386322
1430.386322
1430.386322
1430.386322
1430.386322
1430.386322
1430.386322
1430.386322
1430.386322
1430.386322
1430.386322
1430.386322
1430.386322
1430.386322
1430.386322
1430.386322
1430.386322
1430.386322
1430.386322
1430.386322
1430.386322
1430.386322
1430.386322
1430.386322
1430.386322
1430.386322
1430.386322
1430.386322
1430.386322
1430.386322
1430.386322
1430.386322
1430.020347
1430.020347
1430.020347
1430.020347
1430.020347
1430.020347
1430.020347
1430.020347
1430.020347
1430.020347
1430.020347
1430.020347
1430.020347
1430.020347
1430.020347
1430.020347
1430.020347
1430.020347
1430.020347
1430.020347
1430.020347
1430.020347
1430.020347
1430.020347
1430.020347
1430.020347
1430.020347
1430.020347
1430.020347
1430.020347
1430.020347
1430.020347
1430.020347
1430.020347
1430.020347
1430.020347
1430.020347
1430.020347
1430.020347
1430.020347
1430.020347
1430.020347
1430.020347
1430.020347
1430.020347
1430.020347
1430.020347
1430.020347
1430.020347
1430.020347
1430.020347
1430.020347
1430.020347
1430.020347
1430.020347
1430.020347
1430.020347
1430.020347
1430.020347
1430.020347
1430.020347
1430.020347
1430.020347
1430.020347
1430.020347
1430.020347
1430.020347
1430.020347
1430.020347
1430.020347
1430.020347
1430.020347
1430.020347
1430.020347
1430.020347
1430.020347
1430.020347
1430.020347
1430.020347
1430.020347
1430.020347
1430.020347
1430.020347
1430.020347
1430.020347
1430.020347
1430.020347
1430.020347
1430.020347
1430.020347
1430.020347
1430.020347
1430.020347
1430.020347
1429.712912
1429.712912
1429.712912
1429.712912
1429.712912
1429.712912
1429.712912
1429.712912
1429.712912
1429.712912
1429.712912
1429.712912
1429.712912
1429.712912
1429.712912
1429.712912
1429.712912
1429.712912
1429.712912
1429.712912
1429.712912
1429.712912
1429.712912
1429.712912
1429.712912
1429.712912
1429.712912
1429.712912
1429.712912
1429.712912
1429.712912
1429.712912
1429.712912
1429.712912
1429.712912
1429.712912
1429.712912
1429.712912
1429.712912
1429.712912
1429.712912
1429.712912
1429.712912
1429.712912
1429.712912
1429.712912
1429.712912
1429.712912
1429.016956
1429.016956
1429.016956
1429.016956
1429.016956
1429.016956
1429.016956
1429.016956
1429.016956
1429.016956
1429.016956
1429.016956
1429.016956
1429.016956
1429.016956
1429.016956
1429.016956
1429.016956
1429.016956
1429.016956
1429.016956
1429.016956
1429.016956
1429.016956
1428.976876
1428.976876
1428.976876
1428.976876
1428.976876
1428.976876
1428.976876
1428.976876
1428.976876
1428.976876
1428.976876
1428.976876
1428.976876
1428.976876
1428.976876
1428.976876
1428.976876
1428.976876
1428.976876
1428.976876
1428.976876
1428.976876
1428.976876
1428.976876
1428.976876
1428.976876
1428.976876
1428.976876
1428.976876
1428.976876
1428.976876
1428.976876
1428.976876
1428.976876
1428.976876
1428.976876
1428.976876
1428.976876
1428.976876
1428.976876
1428.976876
1428.976876
1428.976876
1428.976876
1428.976876
1428.976876
1428.976876
1428.976876
1428.976876
1428.976876
1428.976876
1428.976876
1428.976876
1428.976876
1428.976876
1428.976876
1428.976876
1428.976876
1428.976876
1428.976876
1428.976876
1428.976876
1428.976876
1428.976876
1428.976876
1428.976876
1428.976876
1428.976876
1428.976876
1428.976876
1428.976876
1428.976876
1428.976876
1428.976876
1428.976876
1428.976876
1428.976876
1428.976876
1428.976876
1428.976876
1428.976876
1428.976876
1428.976876
1428.976876
1428.976876
1428.976876
1428.976876
1428.976876
1428.976876
1428.976876
1428.976876
1428.976876
1428.976876
1428.976876
1428.976876
1428.976876
1428.976876
1428.976876
1428.976876
1428.976876
1428.976876
1428.976876
1428.976876
1428.976876
1428.976876
1428.976876
1428.976876
1428.976876
1428.976876
1428.976876
1428.976876
1428.976876
1428.976876
1428.976876
1428.976876
1428.976876
1428.976876
1428.976876
1428.976876
1428.976876
1428.976876
1428.976876
1428.976876
1428.976876
1428.976876
1428.976876
1428.976876
1428.976876
1428.976876
1428.976876
1428.976876
1428.976876
1428.976876
1428.976876
1428.976876
1428.976876
1428.976876
1428.976876
1428.976876
1428.976876
1428.976876
1428.976876
1428.976876
1428.976876
1428.976876
1428.976876
1428.976876
1428.976876
1428.976876
1428.976876
1428.976876
1428.976876
1428.976876
1428.888077
1428.888077
1428.888077
1428.888077
1428.888077
1428.888077
1428.888077
1428.888077
1428.888077
1428.888077
1428.888077
1428.888077
1428.888077
1428.888077
1428.888077
1428.888077
1428.888077
1428.888077
1428.888077
1428.888077
1428.888077
1428.888077
1428.888077
1428.888077
1428.888077
1428.888077
1428.888077
1428.888077
1428.888077
1428.888077
1428.888077
1428.718505
1428.718505
1428.718505
1428.718505
1428.718505
1428.718505
1428.718505
1428.718505
1428.718505
1428.718505
1428.718505
1428.718505
1428.718505
1428.718505
1428.718505
1428.718505
1428.718505
1428.718505
1428.718505
1428.718505
1428.718505
1428.718505
1428.718505
1428.718505
1428.718505
1428.718505
1428.718505
1428.718505
1428.718505
1428.718505
1428.718505
1428.718505
1428.718505
1428.718505
1428.718505
1428.718505
1428.718505
1428.718505
1428.718505
1428.718505
1428.718505
1428.718505
1428.718505
1428.718505
1428.718505
1428.718505
1428.718505
1428.718505
1428.718505
1428.718505
1428.718505
1428.718505
1428.718505
1428.718505
1428.718505
1428.718505
1428.718505
1428.718505
1428.718505
1428.718505
1428.718505
1428.718505
1428.718505
1428.718505
1428.718505
1428.718505
1428.718505
1428.718505
1428.718505
1428.718505
1428.718505
1428.718505
1428.718505
1428.718505
1428.718505
1428.718505
1428.718505
1428.718505
1428.718505
1428.718505
1428.718505
1428.718505
1428.718505
1428.718505
1428.718505
1428.718505
1428.718505
1428.718505
1428.718505
1428.574175
1428.574175
1428.574175
1428.574175
1428.574175
1428.574175
1428.574175
1428.475044
1428.475044
1428.475044
1428.475044
1428.475044
1428.299714
1428.299714
1428.299714
1428.299714
1428.299714
1428.299714
1428.299714
1428.299714
1428.299714
1428.299714
1428.299714
1428.299714
1428.114855
1428.114855
1428.114855
1428.114855
1428.114855
1428.114855
1428.114855
1428.114855
1428.114855
1428.114855
1428.114855
1428.114855
1428.114855
1428.114855
1428.114855
1428.114855
1428.114855
1428.114855
1428.114855
1428.114855
1427.754168
1427.754168
1427.754168
1427.754168
1427.754168
1427.754168
1427.754168
1427.754168
1427.754168
1427.754168
1427.754168
1427.754168
1427.754168
1427.754168
1427.754168
1427.754168
1427.754168
1427.754168
1427.754168
1427.754168
1427.754168
1427.754168
1427.754168
1427.754168
1427.754168
1427.754168
1427.754168
1427.754168
1427.754168
1427.754168
1427.754168
1427.754168
1427.754168
1427.754168
1427.754168
1427.754168
1427.754168
1427.754168
1427.754168
1427.754168
1427.754168
1427.754168
1427.754168
1427.754168
1427.754168
1427.754168
1427.754168
1427.754168
1427.754168
1427.754168
1427.754168
1427.754168
1427.754168
1427.754168
1427.754168
1427.754168
1427.754168
1427.754168
1427.754168
1427.754168
1427.754168
1427.754168
1427.754168
1427.754168
1427.754168
1427.754168
1427.106744
1427.106744
1427.106744
1427.106744
1427.106744
1427.106744
1427.106744
1427.106744
1427.106744
1427.106744
1427.106744
1427.106744
1427.106744
1427.106744
1427.106744
1427.106744
1427.106744
1427.106744
1427.106744
1427.106744
1427.106744
1427.106744
1427.106744
1427.106744
1427.106744
1427.106744
1427.106744
1427.106744
1427.106744
1427.106744
1427.106744
1427.106744
1427.106744
1427.106744
1427.106744
1427.106744
1427.106744
1427.106744
1427.106744
1427.106744
1427.106744
1427.106744
1427.106744
1427.106744
1427.106744
1427.106744
1427.106744
1427.106744
1427.106744
1427.106744
1427.106744
1427.106744
1427.106744
1427.106744
1427.106744
1427.106744
1427.106744
1427.106744
1427.106744
1427.106744
1427.106744
1427.106744
1427.106744
1427.106744
1427.106744
1427.106744
1427.106744
1427.106744
1427.106744
1427.106744
1427.106744
1427.106744
1427.106744
1427.106744
1427.106744
1427.106744
1427.106744
1427.106744
1427.106744
1427.106744
1427.106744
1427.106744
1427.106744
1427.106744
1427.106744
1427.106744
1427.106744
1427.106744
1427.106744
1427.106744
1427.106744
1427.106744
1427.106744
1427.106744
1427.106744
1427.106744
1427.106744
1427.106744
1427.106744
1427.106744
1427.106744
1427.106744
1427.106744
1427.106744
1427.106744
1427.106744
1427.106744
1427.106744
1427.106744
1427.106744
1427.106744
1427.106744
1426.990293
1426.990293
1426.990293
1426.990293
1426.990293
1426.990293
1426.990293
1426.990293
1426.990293
1426.990293
1426.990293
1426.990293
1426.990293
1426.990293
1426.990293
1426.990293
1426.990293
1426.990293
1426.990293
1426.990293
1426.990293
1426.990293
1426.990293
1426.990293
1426.990293
1426.990293
1426.990293
1426.990293
1426.990293
1426.990293
1426.990293
1426.990293
1426.990293
1426.990293
1426.990293
1426.990293
1426.990293
1426.990293
1426.990293
1426.990293
1426.990293
1426.990293
1426.990293
1426.990293
1426.990293
1426.990293
1426.990293
1426.990293
1426.990293
1426.990293
1426.990293
1426.990293
1426.990293
1426.990293
1426.990293
1426.990293
1426.990293
1426.990293
1426.990293
1426.990293
1426.990293
1426.990293
1426.990293
1426.990293
1426.990293
1426.990293
1426.990293
1426.990293
1426.990293
1426.990293
1426.990293
1426.990293
1426.990293
1426.990293
1426.990293
1426.990293
1426.990293
1426.990293
1426.990293
1426.990293
1426.990293
1426.990293
1426.899393
1426.899393
1426.899393
1426.899393
1426.899393
1426.899393
1426.899393
1426.899393
1426.899393
1426.899393
1426.899393
1426.899393
1426.899393
1426.899393
1426.896252
1426.896252
1426.896252
1426.896252
1426.896252
1426.896252
1426.896252
1426.896252
1426.896252
1426.896252
1426.896252
1426.896252
1426.896252
1426.896252
1426.896252
1426.896252
1426.896252
1426.896252
1426.896252
1426.896252
1426.896252
1426.896252
1426.896252
1426.633114
1426.633114
1426.633114
1426.633114
1426.633114
1426.633114
1426.633114
1426.633114
1426.633114
1426.633114
1426.464285
1426.357236
1426.357236
1426.357236
1426.357236
1426.357236
1426.357236
1426.357236
1426.357236
1426.357236
1426.357236
1426.357236
1426.357236
1426.357236
1426.357236
1426.357236
1426.357236
1426.357236
1426.357236
1426.357236
1426.357236
1426.357236
1426.357236
1426.357236
1426.357236
1426.357236
1426.357236
1426.357236
1426.357236
1426.357236
1426.357236
1426.357236
1426.357236
1426.357236
1426.357236
1426.357236
1426.357236
1426.357236
1426.357236
1426.357236
1426.357236
1426.357236
1426.357236
1426.357236
1426.357236
1426.357236
1426.357236
1426.357236
1426.357236
1426.357236
1426.357236
1426.357236
1426.357236
1426.286897
1426.286897
1426.286897
1426.286897
1426.286897
1426.286897
1426.286897
1426.286897
1426.286897
1426.286897
1426.286897
1426.286897
1426.286897
1426.286897
1426.286897
1426.286897
1426.286897
1426.286897
1426.286897
1426.286897
1426.286897
1426.286897
1426.286897
1426.286897
1426.286897
1426.286897
1426.286897
1426.286897
1426.286897
1426.286897
1426.286897
1426.286897
1426.286897
1426.286897
1426.286897
1426.286897
1426.286897
1426.286897
1426.286897
1426.286897
1426.286897
1426.286897
1426.286897
1426.286897
1426.286897
1426.286897
1426.286897
1426.286897
1426.286897
1426.286897
1426.286897
1426.286897
1426.156044
1426.156044
1426.156044
1426.156044
1426.156044
1426.156044
1426.156044
1426.156044
1426.156044
1426.156044
1426.156044
1426.156044
1426.156044
1426.156044
1426.156044
1426.156044
1426.156044
1426.156044
1426.156044
1426.156044
1426.156044
1426.156044
1426.156044
1426.156044
1426.156044
1426.156044
1426.156044
1426.156044
1426.156044
1426.156044
1426.156044
1426.156044
1426.156044
1426.156044
1426.156044
1426.156044
1426.156044
1426.156044
1426.156044
1426.156044
1426.156044
1426.156044
1426.156044
1426.156044
1426.156044
1426.156044
1425.911205
1425.911205
1425.911205
1425.911205
1425.911205
1425.911205
1425.911205
1425.911205
1425.911205
1425.911205
1425.911205
1425.911205
1425.911205
1425.911205
1425.911205
1425.911205
1425.911205
1425.794173
1425.794173
1425.794173
1425.794173
1425.794173
1425.794173
1425.794173
1425.794173
1425.747045
1425.747045
1425.747045
1425.747045
1425.747045
1425.747045
1425.747045
1425.747045
1425.747045
1425.747045
1425.747045
1425.747045
1425.747045
1425.747045
1425.747045
1425.747045
1425.747045
1425.747045
1425.747045
1425.747045
1425.747045
1425.747045
1425.747045
1425.733895
1425.733895
1425.733895
1425.733895
1425.733895
1425.733895
1425.733895
1425.733895
1425.733895
1425.733895
1425.733895
1425.733895
1425.733895
1425.733895
1425.733895
1425.733895
1425.733895
1425.733895
1425.485178
1425.485178
1425.485178
1425.485178
1425.201499
1425.201499
1425.201499
1425.201499
1425.201499
1425.201499
1425.201499
1425.201499
1425.201499
1425.201499
1425.201499
1424.849472
1424.849472
1424.849472
1424.849472
1424.849472
1424.849472
1424.849472
1424.849472
1424.849472
1424.849472
1424.849472
1424.849472
1424.849472
1424.849472
1424.849472
1424.849472
1424.849472
1424.849472
1424.849472
1424.849472
1424.849472
1424.849472
1424.849472
1424.849472
1424.849472
1424.849472
1424.849472
1424.849472
1424.849472
1424.849472
1424.849472
1424.849472
1424.849472
1424.849472
1424.849472
1424.849472
1424.849472
1424.849472
1424.849472
1424.849472
1424.849472
1424.849472
1424.849472
1424.849472
1424.849472
1424.849472
1424.849472
1424.849472
1424.849472
1424.849472
1424.849472
1424.849472
1424.849472
1424.849472
1424.849472
1424.849472
1424.849472
1424.849472
1424.849472
1424.849472
1424.849472
1424.849472
1424.849472
1424.849472
1424.849472
1424.849472
1424.849472
1424.849472
1424.849472
1424.849472
1424.849472
1424.849472
1424.849472
1424.849472
1424.849472
1424.849472
1424.849472
1424.849472
1424.849472
1424.849472
1424.849472
1424.849472
1424.849472
1424.849472
1424.849472
1424.849472
1424.849472
1424.849472
1424.849472
1424.849472
1424.849472
1424.849472
1424.849472
1424.849472
1424.849472
1424.849472
1424.849472
1424.849472
1424.849472
1424.849472
1424.849472
1424.849472
1424.849472
1424.849472
1424.849472
1424.849472
1424.849472
1424.849472
1424.849472
1424.849472
1424.849472
1424.849472
1424.849472
1424.849472
1424.849472
1424.849472
1424.849472
1424.849472
1424.849472
1424.849472
1424.849472
1424.849472
1424.849472
1424.849472
1424.849472
1424.849472
1424.849472
1424.849472
1424.849472
1424.849472
1424.849472
1424.849472
1424.849472
1424.849472
1424.849472
1424.849472
1424.849472
1424.849472
1424.849472
1424.849472
1424.849472
1424.849472
1424.849472
1424.849472
1424.849472
1424.849472
1424.849472
1424.849472
1424.849472
1424.849472
1424.849472
1424.849472
1424.849472
1424.849472
1424.849472
1424.849472
1424.849472
1424.849472
1424.849472
1424.849472
1424.849472
1424.849472
1424.849472
1424.849472
1424.849472
1424.849472
1424.849472
1424.849472
1424.849472
1424.849472
1424.849472
1424.849472
1424.849472
1424.849472
1424.849472
1424.849472
1424.849472
1424.849472
1424.849472
1424.849472
1424.849472
1424.849472
1424.849472
1424.849472
1424.849472
1424.849472
1424.849472
1424.849472
1424.849472
1424.849472
1424.849472
1424.056839
1424.056839
1424.056839
1424.056839
1424.056839
1424.056839
1424.056839
1424.056839
1424.056839
1424.056839
1424.056839
1424.056839
1424.056839
1424.056839
1424.056839
1424.056839
1424.056839
1424.056839
1424.056839
1424.056839
1424.056839
1424.056839
1424.056839
1424.056839
1424.056839
1424.056839
1424.056839
1424.056839
1424.056839
1424.056839
1424.056839
1424.056839
1424.056839
1424.056839
1424.056839
1424.056839
1424.056839
1424.056839
1424.056839
1424.056839
1424.056839
1424.056839
1424.056839
1424.056839
1424.056839
1424.056839
1423.956356
1423.956356
1423.956356
1423.956356
1423.956356
1423.956356
1423.956356
1423.956356
1423.956356
1423.956356
1423.956356
1423.956356
1423.956356
1423.956356
1423.956356
1423.956356
1423.956356
1423.956356
1423.956356
1423.956356
1423.956356
1423.956356
1423.688145
1423.688145
1423.688145
1423.688145
1423.688145
1423.688145
1423.688145
1423.688145
1423.688145
1423.688145
1423.688145
1423.688145
1423.688145
1423.688145
1423.688145
1423.688145
1423.688145
1423.688145
1423.688145
1423.688145
1423.688145
1423.688145
1423.688145
1423.688145
1423.688145
1423.687502
1423.687502
1423.687502
1423.687502
1423.687502
1423.687502
1423.687502
1423.687502
1423.687502
1423.687502
1423.687502
1423.687502
1423.687502
1423.687502
1423.686270
1423.686270
1423.686270
1423.686270
1423.686270
1423.686270
1423.686270
1423.686270
1423.686270
1423.686270
1423.686270
1423.686270
1423.686270
1423.686270
1423.686270
1423.686270
1423.686270
1423.686270
1423.686270
1423.686270
1423.686270
1423.686270
1423.686270
1423.686270
1423.686270
1423.686270
1423.686270
1423.686270
1423.686270
1423.686270
1423.686270
1423.686270
1423.686270
1423.686270
1423.686270
1423.686270
1423.686270
1423.686270
1423.686270
1423.686270
1423.686270
1423.686270
1423.686270
1423.686270
1423.686270
1423.686270
1423.686270
1423.686270
1423.686270
1423.686270
1423.313417
1423.313417
1423.313417
1423.313417
1423.313417
1423.313417
1423.313417
1423.313417
1423.313417
1423.313417
1423.313417
1423.313417
1423.313417
1423.313417
1423.313417
1423.313417
1423.313417
1423.313417
1423.313417
1423.313417
1423.313417
1423.313417
1423.313417
1423.313417
1423.313417
1423.313417
1423.313417
1423.313417
1423.313417
1423.313417
1423.313417
1423.313417
1423.313417
1423.313417
1423.313417
1423.313417
1423.313417
1423.313417
1423.313417
1423.313417
1423.313417
1423.313417
1423.313417
1423.313417
1423.313417
1423.313417
1423.313417
1423.263532
1423.263532
1423.263532
1423.263532
1423.263532
1423.263532
1423.263532
1423.263532
1423.263532
1423.263532
1423.263532
1423.263532
1423.263532
1423.263532
1423.263532
1423.263532
1423.263532
1423.263532
1423.263532
1423.263532
1423.263532
1423.263532
1423.263532
1423.263532
1423.263532
1422.909113
1422.909113
1422.909113
1422.909113
1422.909113
1422.909113
1422.887913
1422.887913
1422.887913
1422.887913
1422.887913
1422.887913
1422.887913
1422.887913
1422.887913
1422.887913
1422.887913
1422.887913
1422.887913
1422.887913
1422.887913
1422.887913
1422.887913
1422.887913
1422.887913
1422.887913
1422.887913
1422.887913
1422.887913
1422.887913
1422.887913
1422.887913
1422.887913
1422.887913
1422.887913
1422.887913
1422.887913
1422.887913
1422.887913
1422.887913
1422.887913
1422.887913
1422.887913
1422.887913
1422.426644
1422.426644
1422.426644
1422.426644
1422.426644
1422.426644
1422.426644
1422.426644
1422.426644
1422.426644
1422.426644
1422.426644
1422.426644
1422.426644
1422.426644
1422.426644
1422.426644
1422.426644
1422.426644
1422.426644
1422.426644
1422.426644
1422.426644
1422.426644
1422.426644
1422.426644
1422.426644
1422.426644
1422.426644
1422.426644
1422.426644
1422.426644
1422.426644
1422.426644
1422.426644
1422.426644
1422.426644
1422.426644
1422.426644
1422.426644
1422.426644
1422.426644
1422.426644
1422.426644
1422.426644
1422.426644
1422.426644
1422.426644
1422.426644
1422.426644
1422.426644
1422.426644
1422.426644
1422.426644
1422.426644
1422.426644
1422.426644
1422.426644
1422.426644
1422.426644
1422.426644
1422.426644
1422.426644
1422.426644
1422.426644
1422.426644
1422.426644
1422.426644
1422.426644
1422.426644
1422.426644
1422.426644
1422.426644
1422.426644
1422.426644
1422.426644
1422.426644
1422.426644
1422.426644
1422.426644
1422.426644
1422.426644
1422.426644
1422.426644
1422.426644
1422.426644
1422.426644
1422.426644
1422.426644
1422.426644
1422.426644
1422.426644
1422.426644
1422.426644
1422.426644
1422.426644
1422.426644
1422.426644
1422.426644
1422.426644
1422.426644
1422.426644
1422.426644
1422.426644
1422.426644
1422.426644
1422.426644
1422.426644
1422.426644
1422.426644
1422.426644
1422.426644
1422.426644
1422.426644
1422.426644
1422.426644
1422.426644
1422.426644
1422.426644
1422.426644
1422.426644
1422.426644
1422.185656
1422.185656
1422.185656
1422.185656
1422.185656
1422.185656
1422.185656
1422.185656
1422.185656
1422.185656
1422.185656
1422.185656
1422.185656
1422.185656
1422.185656
1422.185656
1422.185656
1422.185656
1422.185656
1422.185656
1422.185656
1422.185656
1422.185656
1422.185656
1422.185656
1422.185656
1422.185656
1422.185656
1422.185656
1422.185656
1422.185656
1422.104161
1422.104161
1422.104161
1422.104161
1422.104161
1422.104161
1422.104161
1422.104161
1422.104161
1422.104161
1421.970835
1421.970835
1421.970835
1421.970835
1421.970835
1421.970835
1421.970835
1421.970835
1421.970835
1421.970835
1421.970835
1421.970835
1421.970835
1421.970835
1421.970835
1421.970835
1421.970835
1421.970835
1421.970835
1421.970835
1421.970835
1421.970835
1421.970835
1421.970835
1421.970835
1421.970835
1421.970835
1421.970835
1421.970835
1421.970835
1421.970835
1421.970835
1421.970835
1421.970835
1421.970835
1421.970835
1421.970835
1421.970835
1421.970835
1421.970835
1421.970835
1421.970835
1421.970835
1421.970835
1421.970835
1421.970835
1421.970835
1421.970835
1421.970835
1421.970835
1421.970835
1421.970835
1421.970835
1421.970835
1421.970835
1421.970835
1421.970835
1421.970835
1421.970835
1421.970835
1421.970835
1421.970835
1421.970835
1421.970835
1421.970835
1421.970835
1421.970835
1421.970835
1421.970835
1421.970835
1421.970835
1421.970835
1421.970835
1421.970835
1421.970835
1421.970835
1421.970835
1421.970835
1421.970835
1421.970835
1421.970835
1421.970835
1421.970835
1421.970835
1421.970835
1421.970835
1421.970835
1421.970835
1421.970835
1421.970835
1421.970835
1421.970835
1421.970835
1421.970835
1421.970835
1421.970835
1421.970835
1421.970835
1421.970835
1421.970835
1421.970835
1421.970835
1421.970835
1421.970835
1421.970835
1421.970835
1421.970835
1421.970835
1421.970835
1421.970835
1421.970835
1421.707468
1421.707468
1421.707468
1421.707468
1421.707468
1421.707468
1421.707468
1421.707468
1421.707468
1421.707468
1421.707468
1421.707468
1421.707468
1421.707468
1421.707468
1421.707468
1421.707468
1421.707468
1421.707468
1421.707468
1421.707468
1421.707468
1421.707468
1421.707468
1421.707468
1421.707468
1421.707468
1421.707468
1421.707468
1421.707468
1421.707468
1421.707468
1421.651623
1421.651623
1421.651623
1421.651623
1421.651623
1421.298776
1421.298776
1421.298776
1421.298776
1421.298776
1421.298776
1421.298776
1421.298776
1421.298776
1421.298776
1421.298776
1421.298776
1421.298776
1421.298776
1421.298776
1421.298776
1421.298776
1421.298776
1421.298776
1421.298776
1421.298776
1421.298776
1421.298776
1421.298776
1421.298776
1421.298776
1421.298776
1421.298776
1421.298776
1421.298776
1421.298776
1421.298776
1421.298776
1421.298776
1421.258748
1421.258748
1421.258748
1421.258748
1421.258748
1421.258748
1421.258748
1421.258748
1421.258748
1421.258748
1421.258748
1421.258748
1421.258748
1421.258748
1421.258748
1421.258748
1420.700154
1420.700154
1420.700154
1420.700154
1420.700154
1420.700154
1420.700154
1420.700154
1420.700154
1420.700154
1420.700154
1420.700154
1420.700154
1420.700154
1420.700154
1420.700154
1420.700154
1420.700154
1420.700154
1420.700154
1420.700154
1420.700154
1420.700154
1420.700154
1420.700154
1420.700154
1420.700154
1420.700154
1420.700154
1420.700154
1420.700154
1420.700154
1420.700154
1420.700154
1420.700154
1420.700154
1420.700154
1420.700154
1420.700154
1420.700154
1420.700154
1420.700154
1420.700154
1420.700154
1420.700154
1420.700154
1420.700154
1420.700154
1420.700154
1420.700154
1420.601713
1420.601713
1420.601713
1420.601713
1420.601713
1420.601713
1420.601713
1420.601713
1420.601713
1420.601713
1420.601713
1420.601713
1420.601713
1420.601713
1420.601713
1420.601713
1420.601713
1420.601713
1420.601713
1420.601713
1420.601713
1420.601713
1420.601713
1420.601713
1420.601713
1420.601713
1420.601713
1420.601713
1420.601713
1420.601713
1420.601713
1420.601713
1420.601713
1420.601713
1420.601713
1420.601713
1420.601713
1420.601713
1420.601713
1420.601713
1420.601713
1420.601713
1420.601713
1420.601713
1420.601713
1420.601713
1420.601713
1420.601713
1420.601713
1420.601713
1420.566502
1420.566502
1420.566502
1420.566502
1420.566502
1420.566502
1420.566502
1420.566502
1420.566502
1420.566502
1420.566502
1420.566502
1420.566502
1420.566502
1420.566502
1420.566502
1420.566502
1420.566502
1420.566502
1420.566502
1420.566502
1420.566502
1420.566502
1420.566502
1420.566502
1420.566502
1420.566502
1420.566502
1420.566502
1420.566502
1420.566502
1420.566502
1420.566502
1420.566502
1420.566502
1420.566502
1420.566502
1420.566502
1420.566502
1420.566502
1420.566502
1420.566502
1420.566502
1420.566502
1420.566502
1420.566502
1420.566502
1420.566502
1420.566502
1420.566502
1420.566502
1420.566502
1420.566502
1420.566502
1420.566502
1420.045935
1420.045935
1420.045935
1420.045935
1420.045935
1420.045935
1420.045935
1420.045935
1420.045935
1420.045935
1420.045935
1420.045935
1420.045935
1420.045935
1420.045935
1420.045935
1420.045935
1420.045935
1420.045935
1420.045935
1420.045935
1420.045935
1420.045935
1420.045935
1420.045935
1420.045935
1420.045935
1420.045935
1420.045935
1420.045935
1420.045935
1420.045935
1420.045935
1420.045935
1420.045935
1420.045935
1420.045935
1419.915342
1419.915342
1419.915342
1419.915342
1419.915342
1419.915342
1419.915342
1419.915342
1419.915342
1419.915342
1419.497193
1419.497193
1419.497193
1419.497193
1419.497193
1419.497193
1419.497193
1419.497193
1419.497193
1419.497193
1419.497193
1419.497193
1419.497193
1419.497193
1419.497193
1419.497193
1419.497193
1419.497193
1419.497193
1419.497193
1419.497193
1419.497193
1419.497193
1419.497193
1419.497193
1419.497193
1419.497193
1419.497193
1419.497193
1419.497193
1419.497193
1419.497193
1419.497193
1419.497193
1419.497193
1419.497193
1419.497193
1419.497193
1419.497193
1419.497193
1419.497193
1419.497193
1419.497193
1419.497193
1419.497193
1419.497193
1419.497193
1419.497193
1419.081230
1419.081230
1419.081230
1419.081230
1419.081230
1419.081230
1419.081230
1419.081230
1419.081230
1419.081230
1419.081230
1419.081230
1419.081230
1419.081230
1419.081230
1419.081230
1419.081230
1419.081230
1419.081230
1419.081230
1419.081230
1419.081230
1419.081230
1419.081230
1419.081230
1419.081230
1419.081230
1419.081230
1419.081230
1419.081230
1419.081230
1419.081230
1419.081230
1419.081230
1419.081230
1419.081230
1419.081230
1419.081230
1419.081230
1419.081230
1419.081230
1419.081230
1419.081230
1419.081230
1419.081230
1419.081230
1419.081230
1419.081230
1419.081230
1419.081230
1418.533880
1418.533880
1418.533880
1418.533880
1418.533880
1418.533880
1418.533880
1418.533880
1418.533880
1418.533880
1418.533880
1418.533880
1418.533880
1418.533880
1418.533880
1418.533880
1418.533880
1418.533880
1418.533880
1418.533880
1418.533880
1418.533880
1418.533880
1418.533880
1418.533880
1418.533880
1418.533880
1418.533880
1418.533880
1418.533880
1418.533880
1418.533880
1418.533880
1418.533880
1418.533880
1418.533880
1418.533880
1418.533880
1418.533880
1418.533880
1418.533880
1418.533880
1418.533880
1418.533880
1418.533880
1418.533880
1418.533880
1418.533880
1418.533880
1418.533880
1418.533880
1418.533880
1418.533880
1418.533880
1418.533880
1418.533880
1418.533880
1418.533880
1418.533880
1418.533880
1418.533880
1418.533880
1418.533880
1418.533880
1418.533880
1418.533880
1418.533880
1418.533880
1418.533880
1418.533880
1418.533880
1418.533880
1418.533880
1418.533880
1418.533880
1418.533880
1418.533880
1418.533880
1418.533880
1418.533880
1418.533880
1418.491728
1418.491728
1418.491728
1418.491728
1418.491728
1418.491728
1418.491728
1418.491728
1418.491728
1418.491728
1418.491728
1418.491728
1418.491728
1418.491728
1418.491728
1418.491728
1418.491728
1418.491728
1418.491728
1418.491728
1418.491728
1418.491728
1418.491728
1418.491728
1418.491728
1418.491728
1418.491728
1418.491728
1418.491728
1418.491728
1418.491728
1418.491728
1418.491728
1418.491728
1418.491728
1418.491728
1418.491728
1418.491728
1418.491728
1418.491728
1418.491728
1418.491728
1418.491728
1418.491728
1418.491728
1418.491728
1418.491728
1418.491728
1418.491728
1418.491728
1418.491728
1418.491728
1418.491728
1418.491728
1418.491728
1418.491728
1418.491728
1418.491728
1418.491728
1418.491728
1418.491728
1418.491728
1418.491728
1418.491728
1418.491728
1417.578606
1417.578606
1417.578606
1417.578606
1417.578606
1417.578606
1417.578606
1417.578606
1417.578606
1417.578606
1417.578606
1417.578606
1417.578606
1417.578606
1417.578606
1417.578606
1417.578606
1417.578606
1417.578606
1417.578606
1417.578606
1417.578606
1417.578606
1417.578606
1417.578606
1417.578606
1417.578606
1417.578606
1417.578606
1417.578606
1417.578606
1417.578606
1417.578606
1417.578606
1417.578606
1417.578606
1417.578606
1417.578606
1417.578606
1417.578606
1417.578606
1417.578606
1417.578606
1417.578606
1417.578606
1417.578606
1417.578606
1417.578606
1417.578606
1417.578606
1417.578606
1417.578606
1417.578606
1417.578606
1417.578606
1417.578606
1417.578606
1417.578606
1417.578606
1417.578606
1417.578606
1417.578606
1417.578606
1417.578606
1417.578606
1417.578606
1417.578606
1417.578606
1417.578606
1417.578606
1417.578606
1417.578606
1417.578606
1417.578606
1417.578606
1417.578606
1417.578606
1417.578606
1417.578606
1417.578606
1417.578606
1417.578606
1417.578606
1417.578606
1417.578606
1417.578606
1417.578606
1417.578606
1417.578606
1417.578606
1417.578606
1417.578606
1417.578606
1417.578606
1417.578606
1417.578606
1417.578606
1417.525740
1417.525740
1417.525740
1417.525740
1417.525740
1417.525740
1417.525740
1417.525740
1417.525740
1417.525740
1417.525740
1417.525740
1417.525740
1417.525740
1417.525740
1417.525740
1417.525740
1417.525740
1417.525740
1417.525740
1417.525740
1417.525740
1417.525740
1417.525740
1417.525740
1417.525740
1417.525740
1417.525740
1417.525740
1417.525740
1417.525740
1417.525740
1417.483505
1417.483505
1417.483505
1417.483505
1417.483505
1417.483505
1417.483505
1417.483505
1417.483505
1417.483505
1417.483505
1417.483505
1417.483505
1417.483505
1417.483505
1417.483505
1417.483505
1417.483505
1417.483505
1417.483505
1417.483505
1417.483505
1417.217783
1417.217783
1417.217783
1417.217783
1417.217783
1417.217783
1417.217783
1417.217783
1417.217783
1417.217783
1417.217783
1417.217783
1417.217783
1417.217783
1417.217783
1417.217783
1417.217783
1417.217783
1417.217783
1417.217783
1417.217783
1417.217783
1417.217783
1417.217783
1417.217783
1417.217783
1417.217783
1417.217783
1417.217783
1417.217783
1417.217783
1417.217783
1417.217783
1417.217783
1417.102606
1417.102606
1417.102606
1417.102606
1417.102606
1417.102606
1417.102606
1417.102606
1417.102606
1417.102606
1417.102606
1416.730398
1416.730398
1416.730398
1416.730398
1416.730398
1416.730398
1416.730398
1416.730398
1416.730398
1416.730398
1416.730398
1416.730398
1416.661582
1416.661582
1416.661582
1416.661582
1416.661582
1416.661582
1416.661582
1416.661582
1416.661582
1416.661582
1416.661582
1416.661582
1416.661582
1416.661582
1416.661582
1416.661582
1416.661582
1416.661582
1416.661582
1416.661582
1416.661582
1416.661582
1416.661582
1416.661582
1416.661582
1416.661582
1416.661582
1416.661582
1416.661582
1416.661582
1416.661582
1416.661582
1416.661582
1416.661582
1416.661582
1416.661582
1416.661582
1416.661582
1416.661582
1416.661582
1416.661582
1416.661582
1416.558382
1416.558382
1416.558382
1416.558382
1416.475893
1416.475893
1416.475893
1416.475893
1416.475893
1416.475893
1416.475893
1416.475893
1416.475893
1416.475893
1416.475893
1416.475893
1416.475893
1416.475893
1416.475893
1416.475893
1416.475893
1416.475893
1416.475893
1416.475893
1416.475893
1416.475893
1416.058300
1416.058300
1416.058300
1416.058300
1416.058300
1416.058300
1416.058300
1416.058300
1416.058300
1416.058300
1416.058300
1416.058300
1416.058300
1416.058300
1416.058300
1416.058300
1416.058300
1416.058300
1416.058300
1416.058300
1416.058300
1416.058300
1416.058300
1416.058300
1416.058300
1416.058300
1416.058300
1416.058300
1416.058300
1416.058300
1416.058300
1416.058300
1416.058300
1416.058300
1416.058300
1416.058300
1416.058300
1415.997439
1415.997439
1415.997439
1415.997439
1415.997439
1415.997439
1415.997439
1415.997439
1415.997439
1415.997439
1415.997439
1415.997439
1415.997439
1415.997439
1415.997439
1415.997439
1415.997439
1415.997439
1415.997439
1415.997439
1415.997439
1415.997439
1415.997439
1415.997439
1415.997439
1415.997439
1415.997439
1415.901230
1415.901230
1415.901230
1415.551643
1415.551643
1415.551643
1415.551643
1415.551643
1415.551643
1415.551643
1415.551643
1415.551643
1415.551643
1415.551643
1415.551643
1415.551643
1415.551643
1415.551643
1415.551643
1415.551643
1415.551643
1415.551643
1415.551643
1415.551643
1415.551643
1415.551643
1415.551643
1415.551643
1415.551643
1415.551643
1415.551643
1415.551643
1415.551643
1415.551643
1415.551643
1415.551643
1415.551643
1415.551643
1415.551643
1415.551643
1415.551643
1415.551643
1415.551643
1415.551643
1415.551643
1415.551643
1415.551643
1415.551643
1415.551643
1415.551643
1415.551643
1415.551643
1415.551643
1415.551643
1415.551643
1415.551643
1415.551643
1415.551643
1415.551643
1415.551643
1415.551643
1415.470667
1415.470667
1415.470667
1415.470667
1415.470667
1415.470667
1415.470667
1415.470667
1415.470667
1415.470667
1415.470667
1415.470667
1415.470667
1415.470667
1415.470667
1415.470667
1415.470667
1415.470667
1415.470667
1415.348692
1415.348692
1415.348692
1415.348692
1415.237457
1415.237457
1415.237457
1415.237457
1415.237457
1415.237457
1415.237457
1415.237457
1415.237457
1415.237457
1414.977289
1414.977289
1414.977289
1414.977289
1414.977289
1414.977289
1414.977289
1414.977289
1414.977289
1414.977289
1414.977289
1414.977289
1414.977289
1414.977289
1414.977289
1414.977289
1414.977289
1414.977289
1414.977289
1414.977289
1414.977289
1414.977289
1414.977289
1414.977289
1414.977289
1414.977289
1414.977289
1414.977289
1414.977289
1414.977289
1414.977289
1414.977289
1414.977289
1414.977289
1414.977289
1414.977289
1414.977289
1414.977289
1414.977289
1414.977289
1414.977289
1414.977289
1414.977289
1414.977289
1414.977289
1414.977289
1414.977289
1414.977289
1414.977289
1414.977289
1414.977289
1414.977289
1414.977289
1414.592916
1414.592916
1414.592916
1414.592916
1414.592916
1414.592916
1414.592916
1414.592916
1414.592916
1414.592916
1414.592916
1414.592916
1414.592916
1414.592916
1414.592916
1414.592916
1414.592916
1414.592916
1414.592916
1414.592916
1414.592916
1414.592916
1414.592916
1414.386246
1414.386246
1414.386246
1414.386246
1414.386246
1414.386246
1414.386246
1414.386246
1414.386246
1414.386246
1414.386246
1414.386246
1414.386246
1414.386246
1414.386246
1414.386246
1414.386246
1414.386246
1414.386246
1414.386246
1414.386246
1414.386246
1414.386246
1414.386246
1414.386246
1414.386246
1414.386246
1414.386246
1414.386246
1414.386246
1414.386246
1414.386246
1414.386246
1414.386246
1414.386246
1414.386246
1414.386246
1414.319663
1414.319663
1414.319663
1414.319663
1414.319663
1414.319663
1414.319663
1414.319663
1414.319663
1414.319663
1414.319663
1414.319663
1414.319663
1414.319663
1414.319663
1414.319663
1414.319663
1414.319663
1414.319663
1414.319663
1414.319663
1414.319663
1414.319663
1414.319663
1414.319663
1414.319663
1414.319663
1414.319663
1414.319663
1414.319663
1414.319663
1414.319663
1414.319663
1414.316048
1414.316048
1414.316048
1414.316048
1414.316048
1414.316048
1414.316048
1414.316048
1414.316048
1414.316048
1414.316048
1414.316048
1414.316048
1414.316048
1414.316048
1414.316048
1414.316048
1414.316048
1414.316048
1414.316048
1414.316048
1414.316048
1414.316048
1414.316048
1414.316048
1414.316048
1414.316048
1414.316048
1413.968609
1413.968609
1413.968609
1413.968609
1413.968609
1413.968609
1413.968609
1413.968609
1413.968609
1413.968609
1413.968609
1413.968609
1413.968609
1413.968609
1413.968609
1413.968609
1413.968609
1413.968609
1413.968609
1413.968609
1413.968609
1413.968609
1413.968609
1413.968609
1413.968609
1413.968609
1413.968609
1413.968609
1413.968609
1413.968609
1413.968609
1413.968609
1413.968609
1413.968609
1413.968609
1413.968609
1413.968609
1413.968609
1413.968609
1413.968609
1413.968609
1413.968609
1413.968609
1413.673413
1413.673413
1413.673413
1413.673413
1413.673413
1413.673413
1413.673413
1413.673413
1413.673413
1413.673413
1413.673413
1413.673413
1413.673413
1413.673413
1413.673413
1413.673413
1413.673413
1413.673413
1413.673413
1413.673413
1413.673413
1413.673413
1413.673413
1413.673413
1413.673413
1413.673413
1413.673413
1413.673413
1413.673413
1413.673413
1413.673413
1413.673413
1413.673413
1413.673413
1413.673413
1413.673413
1413.673413
1413.673413
1413.673413
1413.673413
1413.673413
1413.673413
1413.673413
1413.673413
1413.673413
1413.673413
1413.673413
1413.673413
1413.673413
1413.673413
1413.673413
1413.673413
1413.673413
1413.673413
1413.673413
1413.673413
1413.480363
1413.480363
1413.480363
1413.480363
1413.480363
1413.480363
1413.368526
1413.368526
1413.368526
1413.368526
1413.368526
1413.368526
1413.368526
1413.368526
1413.368526
1413.368526
1413.368526
1413.368526
1413.368526
1413.368526
1413.368526
1413.368526
1413.368526
1413.368526
1413.368526
1413.368526
1413.368526
1413.368526
1413.368526
1413.368526
1413.368526
1413.368526
1413.368526
1413.368526
1413.368526
1413.368526
1413.368526
1413.203026
1413.203026
1413.203026
1413.203026
1413.203026
1413.203026
1413.203026
1413.203026
1413.203026
1413.203026
1413.203026
1413.203026
1413.203026
1413.203026
1413.203026
1413.203026
1413.013716
1413.013716
1413.013716
1413.013716
1413.013716
1413.013716
1413.013716
1412.909435
1412.909435
1412.909435
1412.909435
1412.909435
1412.909435
1412.909435
1412.909435
1412.909435
1412.909435
1412.909435
1412.909435
1412.909435
1412.909435
1412.909435
1412.909435
1412.909435
1412.909435
1412.909435
1412.909435
1412.909435
1412.909435
1412.909435
1412.909435
1412.909435
1412.909435
1412.909435
1412.909435
1412.909435
1412.909435
1412.909435
1412.909435
1412.909435
1412.909435
1412.909435
1412.909435
1412.909435
1412.909435
1412.909435
1412.909435
1412.909435
1412.909435
1412.909435
1412.909435
1412.909435
1412.909435
1412.909435
1412.909435
1412.909435
1411.410793
1411.410793
1411.410793
1411.410793
1411.410793
1411.410793
1411.410793
1411.410793
1411.410793
1411.410793
1411.410793
1411.410793
1411.410793
1411.410793
1411.410793
1411.410793
1411.410793
1411.410793
1411.410793
1411.410793
1411.410793
1411.410793
1411.410793
1411.410793
1411.410793
1411.410793
1411.410793
1411.410793
1411.410793
1411.410793
1411.410793
1411.410793
1411.410793
1411.410793
1411.410793
1411.410793
1411.410793
1411.410793
1411.410793
1411.410793
1411.410793
1411.410793
1411.410793
1411.410793
1411.410793
1411.410793
1411.410793
1411.410793
1411.410793
1411.410793
1411.410793
1411.410793
1411.410793
1411.410793
1411.410793
1411.410793
1411.410793
1411.410793
1411.410793
1411.410793
1411.410793
1411.410793
1411.410793
1411.410793
1411.410793
1411.410793
1411.410793
1411.410793
1411.410793
1411.410793
1411.410793
1411.410793
1411.410793
1411.410793
1411.410793
1411.410793
1411.410793
1411.410793
1411.410793
1411.410793
1411.410793
1411.410793
1411.410793
1411.410793
1411.410793
1411.410793
1411.410793
1411.410793
1411.410793
1411.410793
1411.410793
1411.410793
1411.410793
1411.410793
1411.410793
1411.410793
1411.410793
1411.410793
1411.410793
1411.410793
1411.410793
1411.410793
1411.410793
1411.410793
1411.410793
1411.410793
1411.410793
1411.410793
1411.410793
1411.410793
1411.410793
1411.410793
1411.410793
1411.410793
1411.410793
1411.410793
1411.410793
1411.410793
1411.410793
1411.410793
1411.410793
1411.410793
1411.410793
1411.410793
1411.410793
1411.410793
1411.410793
1411.410793
1411.410793
1411.410793
1411.410793
1411.410793
1411.410793
1411.410793
1411.410793
1411.410793
1411.410793
1411.410793
1411.410793
1411.410793
1411.410793
1411.410793
1411.410793
1411.410793
1411.410793
1411.410793
1411.410793
1411.410793
1411.410793
1411.410793
1411.410793
1411.410793
1411.410793
1411.410793
1411.410793
1411.410793
1411.410793
1411.410793
1411.410793
1411.410793
1411.410793
1411.410793
1411.410793
1411.410793
1411.358935
1411.358935
1411.230580
1411.230580
1411.230580
1411.230580
1411.230580
1411.230580
1411.230580
1411.230580
1411.230580
1411.230580
1411.230580
1411.230580
1411.230580
1411.230580
1411.230580
1411.230580
1411.230580
1411.230580
1411.230580
1411.095794
1411.095794
1411.095794
1411.095794
1411.095794
1411.095794
1411.095794
1411.095794
1411.095794
1411.095794
1411.095794
1411.095794
1411.095794
1411.095794
1411.095794
1411.095794
1411.095794
1411.095794
1411.095794
1410.729800
1410.729800
1410.729800
1410.729800
1410.729800
1410.729800
1410.729800
1410.729800
1410.729800
1410.729800
1410.729800
1410.729800
1410.729800
1410.729800
1410.729800
1410.729800
1410.729800
1410.657798
1410.657798
1410.657798
1410.657798
1410.657798
1410.657798
1410.657798
1410.657798
1410.657798
1410.657798
1410.657798
1410.657798
1410.657798
1410.657798
1410.657798
1410.657798
1410.657798
1410.657798
1410.657798
1410.657798
1410.657798
1410.657798
1410.657798
1410.657798
1410.657798
1410.657798
1410.657798
1410.657798
1410.657798
1410.657798
1410.657798
1410.657798
1410.657798
1410.657798
1410.657798
1410.657798
1410.657798
1410.657798
1410.657798
1410.657798
1410.657798
1410.657798
1410.657798
1410.657798
1410.657798
1410.657798
1410.657798
1410.657798
1410.657798
1410.657798
1410.657798
1410.657798
1410.657798
1410.657798
1410.657798
1410.657798
1410.657798
1410.657798
1410.657798
1410.657798
1410.657798
1410.657798
1410.657798
1410.657798
1410.657798
1410.657798
1410.657798
1410.657798
1410.657798
1410.657798
1410.657798
1410.657798
1410.657798
1410.657798
1410.657798
1410.657798
1410.657798
1410.657798
1410.657798
1410.657798
1410.657798
1410.657798
1410.657798
1410.657798
1410.657798
1410.657798
1410.657798
1410.657798
1410.657798
1410.657798
1410.657798
1410.657798
1410.657798
1410.657798
1410.657798
1410.657798
1410.657798
1410.657798
1410.657798
1410.657798
1410.657798
1410.657798
1410.657798
1410.657798
1410.657798
1410.657798
1410.657798
1410.657798
1410.657798
1410.657798
1410.657798
1410.657798
1410.657798
1410.657798
1410.657798
1410.657798
1410.657798
1410.657798
1410.657798
1410.657798
1410.657798
1410.657798
1410.657798
1410.657798
1410.657798
1410.657798
1410.657798
1410.657798
1410.657798
1410.657798
1410.657798
1410.657798
1410.657798
1410.657798
1410.657798
1410.657798
1410.657798
1410.657798
1410.657798
1410.657798
1410.657798
1410.657798
1410.657798
1410.657798
1410.657798
1410.657798
1410.657798
1410.657798
1410.657798
1410.657798
1410.657798
1410.657798
1410.657798
1410.657798
1410.657798
1410.657798
1410.657798
1410.657798
1410.657798
1410.657798
1410.657798
1410.657798
1410.657798
1410.657798
1410.657798
1410.657798
1410.657798
1410.657798
1410.657798
1410.657798
1410.657798
1410.657798
1410.657798
1410.657798
1410.657798
1410.657798
1410.657798
1410.657798
1410.657798
1410.657798
1410.657798
1410.657798
1410.657798
1410.657798
1410.657798
1410.657798
1410.657798
1410.657798
1410.657798
1410.657798
1410.657798
1410.657798
1410.103152
1410.103152
1410.103152
1410.103152
1410.103152
1410.103152
1410.103152
1410.103152
1410.103152
1410.103152
1410.103152
1410.103152
1410.103152
1410.103152
1410.103152
1410.103152
1410.103152
1410.103152
1410.103152
1410.103152
1410.103152
1410.015758
1410.015758
1410.015758
1410.015758
1410.015758
1410.015758
1410.015758
1410.015758
1410.015758
1410.015758
1410.015758
1410.015758
1410.015758
1410.015758
1410.015758
1410.015758
1410.015758
1410.015758
1410.015758
1410.015758
1410.015758
1410.015758
1410.015758
1410.015758
1410.015758
1410.015758
1410.015758
1410.015758
1410.015758
1410.015758
1410.015758
1410.015758
1410.015758
1410.015758
1410.015758
1410.015758
1410.015758
1410.015758
1410.015758
1410.015758
1410.015758
1410.015758
1410.015758
1410.015758
1410.015758
1410.015758
1410.015758
1410.015758
1410.015758
1410.015758
1410.015758
1410.015758
1410.015758
1410.015758
1410.015758
1410.015758
1410.015758
1410.015758
1410.015758
1410.015758
1410.015758
1410.015758
1410.015758
1410.015758
1410.015758
1410.015758
1410.015758
1410.015758
1410.015758
1410.015758
1410.015758
1410.015758
1410.015758
1410.015758
1410.015758
1410.015758
1410.015758
1410.015758
1410.015758
1410.015758
1410.015758
1410.015758
1410.015758
1410.015758
1410.015758
1410.015758
1410.015758
1410.015758
1410.015758
1409.641765
1409.641765
1409.641765
1409.641765
1409.641765
1409.641765
1409.641765
1409.641765
1409.641765
1409.641765
1409.641765
1409.641765
1409.641765
1409.641765
1409.641765
1409.641765
1409.641765
1409.641765
1409.641765
1409.641765
1409.641765
1409.641765
1409.641765
1409.641765
1409.641765
1409.641765
1409.641765
1409.641765
1409.641765
1409.641765
1409.641765
1409.641765
1409.641765
1409.641765
1409.641765
1409.641765
1409.641765
1409.641765
1409.641765
1409.641765
1409.641765
1409.641765
1409.641765
1409.641765
1409.641765
1409.641765
1409.641765
1409.641765
1409.641765
1409.641765
1409.641765
1409.641765
1409.641765
1409.641765
1409.641765
1409.641765
1409.641765
1409.641765
1409.641765
1409.641765
1409.641765
1409.641765
1409.641765
1409.641765
1409.641765
1409.641765
1409.641765
1409.641765
1409.641765
1409.641765
1409.641765
1409.641765
1409.641765
1409.641765
1409.641765
1409.641765
1409.641765
1409.641765
1409.641765
1409.641765
1409.641765
1409.641765
1409.641765
1409.641765
1409.641765
1409.641765
1409.641765
1409.641765
1409.641765
1409.641765
1409.641765
1409.641765
1409.641765
1409.641765
1409.641765
1409.641765
1409.641765
1409.641765
1409.641765
1409.641765
1409.641765
1409.641765
1409.641765
1409.641765
1409.641765
1409.641765
1409.641765
1409.641765
1409.641765
1409.641765
1409.641765
1409.641765
1409.641765
1409.641765
1409.641765
1408.922100
1408.922100
1408.922100
1408.922100
1408.922100
1408.922100
1408.922100
1408.922100
1408.922100
1408.922100
1408.922100
1408.922100
1408.922100
1408.922100
1408.922100
1408.922100
1408.922100
1408.922100
1408.922100
1408.922100
1408.922100
1408.922100
1408.922100
1408.922100
1408.922100
1408.922100
1408.922100
1408.922100
1408.922100
1408.922100
1408.922100
1408.922100
1408.922100
1408.922100
1408.922100
1408.922100
1408.922100
1408.922100
1408.922100
1408.922100
1408.922100
1408.922100
1408.922100
1408.922100
1408.922100
1408.922100
1408.922100
1408.922100
1408.922100
1408.922100
1408.922100
1408.922100
1408.922100
1408.922100
1408.922100
1408.922100
1408.922100
1408.922100
1408.922100
1408.922100
1408.922100
1408.922100
1408.922100
1408.922100
1408.922100
1408.922100
1408.922100
1408.922100
1408.922100
1408.922100
1408.922100
1408.922100
1408.922100
1408.922100
1408.922100
1408.922100
1408.922100
1408.922100
1408.922100
1408.922100
1408.922100
1408.922100
1408.922100
1408.922100
1408.922100
1408.922100
1408.922100
1408.922100
1408.922100
1408.922100
1408.922100
1408.922100
1408.922100
1408.922100
1408.448244
1408.448244
1408.448244
1408.448244
1408.448244
1408.448244
1408.448244
1408.448244
1408.448244
1408.448244
1408.448244
1408.448244
1408.448244
1408.448244
1408.448244
1408.448244
1408.448244
1408.448244
1408.448244
1408.448244
1408.448244
1408.448244
1408.448244
1408.448244
1408.448244
1408.448244
1408.448244
1408.448244
1408.448244
1408.448244
1408.448244
1408.448244
1408.448244
1408.448244
1408.448244
1408.448244
1408.448244
1408.448244
1408.448244
1408.448244
1408.448244
1408.448244
1408.448244
1408.448244
1408.448244
1408.448244
1408.448244
1408.448244
1408.448244
1408.448244
1408.448244
1408.448244
1408.448244
1408.448244
1408.448244
1408.448244
1408.448244
1408.448244
1408.448244
1408.448244
1408.448244
1408.448244
1408.448244
1408.448244
1408.448244
1408.448244
1408.448244
1408.448244
1408.448244
1408.448244
1408.448244
1408.448244
1408.448244
1408.448244
1408.448244
1408.448244
1408.448244
1408.448244
1408.448244
1408.448244
1408.448244
1408.448244
1408.448244
1408.448244
1408.448244
1408.448244
1408.448244
1408.448244
1408.448244
1408.448244
1408.448244
1408.448244
1408.448244
1408.420137
1408.420137
1408.420137
1408.420137
1408.420137
1408.420137
1408.420137
1408.420137
1408.293336
1408.293336
1408.293336
1408.293336
1408.293336
1408.293336
1408.293336
1408.293336
1408.293336
1408.293336
1408.293336
1408.293336
1408.293336
1408.293336
1408.293336
1408.293336
1408.293336
1408.293336
1408.293336
1408.293336
1408.293336
1408.293336
1408.293336
1408.293336
1408.293336
1408.293336
1408.293336
1408.293336
1408.293336
1408.293336
1408.293336
1408.293336
1408.293336
1408.293336
1408.293336
1408.293336
1408.293336
1408.293336
1408.293336
1408.293336
1408.293336
1408.293336
1408.293336
1408.293336
1408.293336
1408.293336
1408.293336
1408.293336
1408.293336
1408.293336
1408.293336
1408.293336
1408.293336
1408.293336
1408.293336
1408.211850
1408.211850
1408.211850
1408.211850
1408.211850
1408.211850
1408.211850
1408.211850
1408.211850
1408.211850
1408.211850
1408.211850
1408.211850
1408.211850
1408.211850
1408.211850
1408.211850
1408.211850
1408.211850
1408.211850
1408.211850
1408.211850
1408.211850
1408.211850
1408.211850
1408.211850
1408.211850
1408.211850
1408.211850
1408.211850
1408.211850
1408.211850
1408.211850
1408.211850
1408.211850
1408.211850
1408.211850
1408.211850
1408.211850
1408.211850
1408.211850
1408.211850
1408.211850
1408.211850
1408.211850
1408.211850
1408.211850
1408.211850
1408.211850
1408.211850
1408.211850
1408.211850
1408.211850
1408.211850
1408.211850
1408.211850
1408.211850
1408.211850
1408.211850
1408.211850
1408.211850
1408.211850
1408.211850
1408.211850
1408.211850
1408.211850
1408.211850
1408.211850
1408.211850
1408.211850
1408.211850
1408.211850
1408.211850
1408.211850
1408.211850
1408.211850
1408.211850
1408.211850
1408.211850
1408.211850
1408.211850
1408.211850
1408.211850
1408.211850
1408.140235
1408.140235
1408.140235
1408.140235
1408.140235
1408.140235
1408.140235
1408.140235
1408.140235
1408.140235
1408.140235
1408.140235
1408.140235
1408.140235
1408.140235
1408.140235
1408.140235
1408.140235
1408.140235
1408.105495
1408.105495
1407.353952
1407.353952
1407.353952
1407.353952
1407.353952
1407.353952
1407.353952
1407.353952
1407.353952
1407.353952
1407.353952
1407.353952
1407.353952
1407.353952
1407.353952
1407.353952
1407.353952
1407.353952
1407.353952
1407.353952
1407.353952
1407.353952
1407.353952
1407.353952
1407.353952
1407.353952
1407.353952
1407.353952
1407.353952
1407.353952
1407.353952
1407.353952
1407.353952
1407.353952
1407.353952
1407.353952
1407.353952
1407.353952
1407.353952
1407.353952
1407.353952
1407.353952
1407.353952
1407.353952
1407.353952
1407.353952
1407.353952
1407.353952
1407.353952
1407.353952
1407.353952
1407.353952
1407.353952
1407.353952
1407.353952
1407.353952
1407.353952
1407.353952
1407.353952
1407.353952
1407.353952
1407.353952
1407.353952
1407.353952
1407.353952
1407.353952
1407.353952
1407.353952
1407.353952
1407.353952
1407.353952
1407.353952
1407.353952
1407.353952
1407.353952
1407.353952
1407.353952
1407.353952
1407.353952
1407.353952
1407.353952
1407.353952
1407.353952
1407.353952
1407.353952
1407.353952
1407.353952
1407.353952
1407.353952
1407.353952
1407.353952
1407.353952
1407.353952
1407.353952
1407.353952
1407.353952
1407.353952
1407.353952
1407.353952
1407.353952
1407.353952
1407.353952
1407.353952
1407.353952
1407.353952
1407.353952
1407.353952
1407.353952
1407.353952
1407.353952
1407.353952
1407.353952
1407.353952
1407.353952
1407.353952
1407.353952
1407.353952
1407.353952
1407.353952
1407.353952
1407.353952
1407.353952
1407.353952
1407.353952
1407.353952
1407.353952
1407.353952
1407.353952
1407.353952
1407.353952
1407.138004
1407.138004
1407.138004
1407.138004
1407.138004
1407.138004
1407.138004
1407.138004
1407.138004
1407.138004
1407.138004
1407.138004
1407.138004
1407.138004
1407.138004
1407.138004
1407.138004
1407.138004
1407.138004
1407.138004
1407.138004
1407.138004
1407.138004
1407.138004
1407.138004
1407.138004
1407.138004
1407.138004
1407.138004
1407.138004
1407.138004
1407.138004
1407.138004
1407.138004
1407.138004
1407.138004
1407.138004
1407.138004
1407.138004
1407.138004
1407.138004
1407.138004
1407.138004
1407.138004
1407.138004
1407.138004
1407.138004
1407.138004
1407.138004
1407.138004
1407.138004
1407.138004
1407.138004
1407.138004
1407.138004
1407.138004
1407.138004
1407.138004
1407.138004
1407.138004
1407.138004
1407.138004
1407.138004
1407.138004
1407.138004
1407.138004
1407.138004
1407.138004
1407.138004
1407.138004
1407.138004
1407.138004
1407.138004
1407.138004
1407.138004
1407.138004
1407.138004
1407.138004
1406.924312
1406.924312
1406.924312
1406.924312
1406.924312
1406.924312
1406.924312
1406.924312
1406.924312
1406.924312
1406.924312
1406.924312
1406.924312
1406.924312
1406.924312
1406.924312
1406.924312
1406.924312
1405.509252
1405.509252
1405.509252
1405.509252
1405.509252
1405.509252
1405.509252
1405.509252
1405.509252
1405.509252
1405.509252
1405.509252
1405.509252
1405.509252
1405.509252
1405.509252
1405.509252
1405.509252
1405.509252
1405.509252
1405.509252
1405.509252
1405.509252
1405.509252
1405.509252
1405.509252
1405.509252
1405.509252
1405.509252
1405.509252
1405.509252
1405.509252
1405.509252
1405.509252
1405.509252
1405.509252
1405.509252
1405.509252
1405.509252
1405.509252
1405.509252
1405.509252
1405.509252
1405.509252
1405.509252
1405.509252
1405.509252
1405.509252
1405.509252
1405.509252
1405.509252
1405.509252
1405.509252
1405.509252
1405.509252
1405.509252
1405.509252
1405.509252
1405.509252
1405.509252
1405.509252
1405.509252
1405.509252
1405.509252
1405.509252
1405.509252
1405.509252
1405.509252
1405.509252
1405.509252
1405.509252
1405.509252
1405.509252
1405.509252
1405.509252
1405.509252
1405.509252
1405.509252
1405.509252
1405.509252
1405.509252
1405.509252
1405.509252
1405.509252
1405.509252
1405.509252
1405.509252
1405.509252
1405.509252
1404.739480
1404.739480
1404.739480
1404.739480
1404.739480
1404.739480
1404.739480
1404.739480
1404.739480
1404.739480
1404.739480
1404.739480
1404.739480
1404.739480
1404.739480
1404.739480
1404.739480
1404.739480
1404.739480
1404.739480
1404.739480
1404.739480
1404.739480
1404.739480
1404.739480
1404.739480
1404.739480
1404.739480
1404.739480
1404.739480
1404.739480
1404.739480
1404.739480
1404.739480
1404.739480
1404.739480
1404.739480
1404.739480
1404.739480
1404.739480
1404.739480
1404.739480
1404.739480
1404.739480
1404.739480
1404.739480
1404.739480
1404.739480
1404.739480
1404.739480
1404.739480
1404.739480
1404.739480
1404.739480
1404.739480
1404.739480
1404.739480
1404.739480
1404.739480
1404.739480
1404.739480
1404.739480
1404.739480
1404.739480
1404.739480
1404.739480
1404.739480
1404.739480
1404.739480
1404.739480
1404.739480
1404.739480
1404.739480
1404.739480
1404.739480
1404.739480
1404.739480
1404.739480
1404.739480
1404.739480
1404.739480
1404.739480
1404.739480
1404.739480
1404.739480
1404.739480
1404.739480
1404.739480
1404.739480
1404.739480
1404.739480
1404.739480
1404.739480
1404.739480
1404.739480
1404.739480
1404.739480
1404.739480
1404.739480
1404.739480
1404.739480
1404.739480
1404.739480
1404.739480
1404.739480
1404.739480
1404.739480
1404.739480
1404.739480
1404.739480
1404.739480
1404.739480
1404.739480
1404.739480
1404.739480
1404.739480
1404.739480
1404.739480
1404.739480
1404.739480
1404.739480
1404.739480
1404.739480
1404.739480
1404.739480
1404.739480
1404.739480
1404.739480
1404.739480
1404.739480
1404.739480
1404.739480
1404.739480
1404.739480
1404.739480
1404.739480
1404.739480
1404.739480
1404.739480
1404.739480
1404.739480
1404.739480
1404.739480
1404.739480
1404.739480
1404.739480
1404.739480
1404.739480
1404.739480
1404.739480
1404.739480
1404.739480
1404.739480
1404.739480
1404.739480
1404.739480
1404.739480
1404.739480
1404.739480
1404.739480
1404.739480
1404.739480
1404.739480
1404.739480
1404.739480
1404.739480
1404.739480
1404.739480
1404.739480
1404.739480
1404.739480
1404.739480
1404.739480
1404.739480
1404.739480
1404.739480
1404.739480
1404.739480
1404.739480
1404.739480
1404.739480
1404.739480
1404.739480
1404.739480
1404.739480
1404.739480
1404.739480
1404.739480
1404.739480
1404.739480
1404.739480
1404.739480
1404.739480
1404.739480
1404.739480
1404.739480
1404.739480
1404.739480
1404.739480
1404.739480
1404.739480
1404.739480
1404.739480
1404.739480
1404.739480
1404.739480
1404.739480
1404.739480
1404.739480
1404.739480
1404.739480
1404.739480
1404.739480
1404.739480
1404.739480
1404.739480
1404.739480
1404.739480
1404.739480
1404.739480
1404.739480
1404.739480
1404.739480
1404.739480
1404.739480
1404.739480
1404.739480
1404.739480
1404.739480
1404.739480
1404.739480
1404.739480
1404.739480
1404.739480
1404.739480
1404.739480
1404.739480
1404.739480
1404.739480
1404.739480
1404.739480
1404.739480
1404.739480
1404.739480
1404.739480
1404.739480
1404.739480
1404.739480
1404.739480
1404.739480
1404.739480
1404.739480
1404.739480
1404.739480
1404.739480
1404.602178
1404.602178
1404.602178
1404.602178
1404.602178
1404.602178
1404.602178
1404.602178
1404.602178
1404.602178
1404.602178
1404.602178
1404.602178
1404.602178
1404.602178
1404.441022
1404.441022
1404.441022
1404.441022
1404.441022
1404.441022
1404.441022
1404.441022
1404.441022
1404.441022
1404.441022
1404.441022
1404.441022
1404.441022
1404.441022
1404.441022
1404.441022
1404.441022
1404.441022
1404.441022
1404.441022
1404.441022
1404.441022
1404.441022
1404.441022
1404.441022
1404.441022
1404.441022
1404.441022
1404.441022
1404.441022
1404.441022
1404.441022
1404.441022
1404.441022
1404.441022
1404.441022
1404.441022
1404.441022
1404.441022
1404.441022
1404.441022
1404.441022
1404.441022
1404.441022
1404.441022
1404.441022
1404.441022
1404.441022
1404.441022
1404.275386
1404.275386
1404.275386
1404.275386
1404.275386
1404.275386
1404.275386
1404.275386
1404.275386
1404.275386
1404.275386
1404.275386
1404.275386
1404.275386
1404.275386
1404.275386
1404.275386
1404.275386
1404.275386
1404.275386
1404.275386
1404.275386
1404.275386
1404.275386
1404.275386
1404.275386
1404.275386
1404.275386
1404.275386
1404.275386
1404.275386
1404.275386
1404.275386
1404.275386
1404.275386
1404.275386
1404.275386
1404.275386
1404.275386
1404.275386
1404.275386
1404.275386
1404.275386
1404.275386
1404.275386
1404.275386
1404.275386
1404.275386
1404.275386
1404.275386
1404.275386
1404.275386
1404.275386
1404.275386
1404.275386
1404.275386
1404.275386
1404.275386
1404.275386
1404.275386
1404.275386
1404.275386
1404.275386
1404.275386
1404.275386
1404.275386
1404.275386
1404.275386
1404.275386
1404.275386
1404.275386
1404.275386
1404.275386
1404.275386
1404.275386
1404.275386
1404.275386
1404.275386
1404.202160
1404.202160
1404.202160
1404.202160
1404.202160
1404.202160
1404.202160
1404.202160
1404.202160
1404.202160
1404.198197
1404.198197
1404.198197
1404.198197
1404.198197
1404.198197
1404.198197
1404.198197
1404.198197
1403.952664
1403.952664
1403.952664
1403.952664
1403.952664
1403.952664
1403.952664
1403.952664
1403.952664
1403.952664
1403.952664
1403.952664
1403.952664
1403.952664
1403.952664
1403.952664
1403.952664
1403.952664
1403.952664
1403.952664
1403.952664
1403.952664
1403.952664
1403.952664
1403.952664
1403.952664
1403.952664
1403.952664
1403.952664
1403.952664
1403.952664
1403.952664
1403.952664
1403.952664
1403.952664
1403.952664
1403.952664
1403.952664
1403.952664
1403.952664
1403.952664
1403.952664
1403.952664
1403.952664
1403.952664
1403.952664
1403.952664
1403.952664
1403.952664
1403.952664
1403.952664
1403.952664
1403.952664
1403.952664
1403.952664
1403.952664
1403.952664
1403.952664
1403.952664
1403.952664
1403.952664
1403.952664
1403.952664
1403.952664
1403.952664
1403.952664
1403.952664
1403.952664
1403.952664
1403.952664
1403.952664
1403.952664
1403.952664
1403.952664
1403.952664
1403.952664
1403.952664
1403.952664
1403.952664
1403.952664
1403.952664
1403.952664
1403.952664
1403.952664
1403.952664
1403.952664
1403.952664
1403.952664
1403.952664
1403.813070
1403.813070
1403.813070
1403.813070
1403.813070
1403.813070
1403.813070
1403.813070
1403.813070
1403.813070
1403.813070
1403.813070
1403.813070
1403.813070
1403.813070
1403.813070
1403.813070
1403.813070
1403.813070
1403.813070
1403.813070
1403.813070
1403.813070
1403.813070
1403.813070
1403.813070
1403.813070
1403.813070
1403.813070
1403.813070
1403.813070
1403.813070
1403.813070
1403.813070
1403.813070
1403.813070
1403.813070
1403.813070
1403.813070
1403.813070
1403.813070
1403.813070
1403.813070
1403.813070
1403.813070
1403.813070
1403.813070
1403.813070
1403.813070
1403.813070
1403.813070
1403.813070
1403.813070
1403.813070
1403.813070
1403.307948
1403.307948
1403.307948
1403.307948
1403.307948
1403.307948
1403.307948
1403.307948
1403.307948
1403.307948
1403.307948
1403.307948
1403.307948
1403.307948
1403.307948
1403.307948
1403.307948
1403.307948
1403.307948
1403.307948
1403.307948
1403.307948
1403.307948
1403.307948
1403.307948
1403.307948
1403.307948
1403.087147
1403.087147
1403.087147
1403.087147
1403.087147
1403.087147
1403.087147
1403.087147
1403.087147
1403.087147
1403.087147
1403.087147
1403.087147
1403.087147
1403.087147
1403.087147
1403.087147
1403.087147
1403.087147
1403.087147
1403.087147
1403.087147
1403.087147
1403.087147
1403.087147
1403.087147
1403.087147
1403.087147
1403.087147
1403.087147
1403.087147
1403.087147
1403.087147
1403.087147
1403.087147
1403.087147
1403.087147
1403.087147
1403.087147
1403.087147
1403.087147
1403.087147
1403.087147
1403.087147
1403.087147
1403.087147
1403.087147
1403.087147
1403.087147
1403.087147
1403.087147
1403.087147
1403.087147
1403.087147
1403.087147
1403.087147
1403.087147
1403.087147
1403.087147
1403.087147
1403.087147
1403.087147
1403.087147
1403.087147
1403.087147
1403.087147
1403.087147
1403.087147
1403.087147
1403.087147
1403.087147
1403.087147
1403.087147
1403.087147
1403.087147
1403.087147
1403.055132
1403.055132
1403.055132
1402.781112
1402.781112
1402.781112
1402.781112
1402.781112
1402.781112
1402.781112
1402.781112
1402.781112
1402.781112
1402.781112
1402.781112
1402.781112
1402.781112
1402.781112
1402.781112
1402.781112
1402.781112
1402.781112
1402.781112
1402.781112
1402.781112
1402.781112
1402.781112
1402.781112
1402.781112
1402.781112
1402.781112
1402.781112
1402.781112
1402.781112
1402.781112
1402.781112
1402.781112
1402.781112
1402.781112
1402.781112
1402.781112
1402.781112
1402.781112
1402.781112
1402.781112
1402.781112
1402.781112
1402.781112
1402.781112
1402.781112
1402.781112
1402.781112
1402.781112
1402.781112
1402.781112
1402.781112
1402.781112
1402.781112
1402.781112
1402.781112
1402.781112
1402.781112
1402.781112
1402.781112
1402.781112
1402.781112
1402.781112
1402.781112
1402.781112
1402.781112
1402.781112
1402.781112
1402.781112
1402.781112
1402.781112
1402.781112
1402.781112
1402.781112
1402.781112
1402.781112
1402.781112
1402.781112
1402.781112
1402.781112
1402.781112
1402.781112
1402.781112
1402.781112
1402.781112
1402.781112
1402.781112
1402.781112
1402.781112
1402.781112
1402.781112
1402.781112
1402.781112
1402.781112
1402.781112
1402.781112
1402.781112
1402.781112
1402.781112
1402.781112
1402.781112
1402.781112
1402.781112
1402.781112
1402.781112
1402.781112
1402.781112
1402.781112
1402.781112
1402.679286
1402.679286
1402.679286
1402.679286
1402.679286
1402.679286
1402.679286
1402.679286
1402.679286
1402.679286
1402.679286
1402.679286
1402.679286
1402.679286
1402.679286
1402.679286
1402.679286
1402.679286
1402.679286
1402.679286
1402.679286
1402.679286
1402.679286
1402.679286
1402.679286
1402.679286
1402.679286
1402.679286
1402.679286
1402.679286
1402.679286
1402.679286
1402.679286
1402.679286
1402.679286
1402.679286
1402.679286
1402.679286
1402.679286
1402.679286
1402.679286
1402.679286
1402.679286
1402.679286
1402.679286
1402.679286
1402.679286
1402.679286
1402.679286
1402.679286
1402.679286
1402.679286
1402.679286
1402.679286
1402.679286
1402.679286
1402.679286
1402.679286
1402.679286
1402.679286
1402.679286
1402.679286
1402.679286
1402.679286
1402.679286
1402.679286
1402.679286
1402.679286
1402.679286
1402.679286
1402.679286
1402.679286
1402.679286
1402.679286
1402.679286
1402.679286
1402.679286
1402.679286
1402.679286
1402.679286
1402.679286
1402.679286
1402.679286
1402.679286
1402.679286
1402.679286
1402.679286
1402.679286
1402.679286
1402.679286
1402.679286
1402.679286
1402.679286
1402.679286
1402.679286
1402.679286
1402.679286
1402.679286
1402.679286
1402.679286
1402.679286
1402.679286
1402.679286
1402.679286
1402.679286
1402.679286
1402.679286
1402.679286
1402.679286
1402.679286
1402.679286
1402.679286
1402.679286
1402.679286
1402.679286
1402.679286
1402.679286
1402.679286
1402.679286
1402.679286
1402.679286
1402.679286
1402.679286
1402.679286
1402.679286
1402.679286
1402.679286
1402.679286
1402.679286
1402.679286
1402.679286
1402.679286
1402.679286
1402.679286
1402.679286
1402.679286
1402.679286
1402.679286
1402.679286
1402.679286
1402.679286
1402.679286
1402.679286
1402.679286
1402.679286
1402.679286
1402.679286
1402.458236
1402.458236
1402.458236
1402.458236
1402.458236
1402.458236
1402.458236
1402.458236
1402.458236
1402.458236
1402.458236
1402.458236
1402.458236
1402.458236
1402.458236
1402.458236
1402.458236
1402.458236
1402.458236
1402.458236
1402.458236
1402.458236
1402.458236
1402.458236
1402.458236
1402.458236
1402.458236
1402.458236
1402.458236
1402.458236
1402.458236
1402.458236
1402.458236
1402.458236
1402.458236
1402.458236
1402.458236
1402.458236
1402.458236
1402.458236
1402.458236
1402.458236
1402.458236
1402.458236
1402.458236
1402.458236
1402.458236
1402.458236
1402.458236
1402.458236
1402.458236
1402.458236
1402.458236
1402.458236
1402.458236
1402.458236
1402.458236
1402.458236
1402.458236
1402.458236
1402.458236
1402.458236
1402.458236
1402.458236
1402.458236
1402.458236
1402.458236
1402.458236
1402.458236
1402.458236
1402.458236
1402.458236
1402.458236
1402.458236
1402.458236
1402.458236
1402.458236
1402.458236
1402.458236
1402.458236
1402.458236
1402.458236
1402.458236
1402.458236
1402.458236
1402.458236
1402.458236
1402.458236
1402.458236
1402.458236
1402.458236
1402.458236
1402.458236
1402.458236
1402.458236
1402.458236
1402.458236
1402.458236
1402.458236
1402.458236
1402.458236
1402.458236
1402.458236
1402.458236
1402.458236
1402.458236
1402.458236
1402.458236
1402.458236
1402.458236
1402.458236
1402.458236
1402.458236
1402.458236
1402.458236
1402.458236
1402.458236
1402.458236
1402.458236
1402.458236
1402.458236
1402.410103
1402.410103
1402.410103
1402.410103
1402.410103
1402.410103
1402.410103
1402.410103
1402.410103
1402.410103
1402.410103
1402.410103
1402.410103
1402.410103
1402.410103
1402.410103
1402.410103
1402.410103
1402.410103
1402.410103
1402.410103
1402.410103
1402.410103
1402.410103
1402.242951
1402.242951
1402.242951
1402.242951
1402.242951
1402.242951
1402.242951
1402.242951
1402.242951
1402.242951
1402.242951
1402.242951
1402.242951
1402.097443
1402.097443
1402.097443
1402.097443
1402.097443
1402.097443
1402.097443
1402.097443
1402.097443
1402.097443
1402.097443
1402.097443
1402.097443
1402.097443
1402.097443
1402.097443
1402.097443
1402.097443
1402.097443
1402.097443
1402.097443
1402.097443
1402.097443
1402.097443
1402.097443
1402.097443
1402.097443
1402.097443
1402.097443
1402.097443
1402.097443
1402.097443
1402.097443
1402.097443
1402.097443
1402.097443
1402.097443
1402.097443
1402.097443
1402.097443
1402.097443
1402.097443
1402.097443
1402.097443
1402.097443
1402.097443
1402.097443
1402.097443
1402.097443
1402.097443
1402.097443
1402.097443
1402.097443
1402.097443
1402.097443
1402.097443
1402.097443
1402.097443
1402.097443
1402.097443
1402.097443
1402.097443
1402.097443
1402.097443
1402.097443
1402.097443
1402.097443
1402.097443
1402.097443
1402.097443
1402.097443
1402.097443
1402.097443
1402.097443
1402.097443
1402.097443
1402.097443
1401.974705
1401.974705
1401.974705
1401.974705
1401.974705
1401.974705
1401.974705
1401.974705
1401.974705
1401.974705
1401.974705
1401.974705
1401.974705
1401.974705
1401.974705
1401.974705
1401.974705
1401.974705
1401.974705
1401.974705
1401.974705
1401.974705
1401.974705
1401.974705
1401.974705
1401.974705
1401.974705
1401.974705
1401.974705
1401.974705
1401.974705
1401.974705
1401.974705
1401.974705
1401.974705
1401.974705
1401.974705
1401.974705
1401.974705
1401.974705
1401.974705
1401.974705
1401.974705
1401.974705
1401.974705
1401.974705
1401.974705
1401.974705
1401.974705
1401.974705
1401.974705
1401.974705
1401.974705
1401.974705
1401.938792
1401.938792
1401.938792
1401.938792
1401.938792
1401.938792
1401.938792
1401.938792
1401.938792
1401.938792
1401.938792
1401.938792
1401.938792
1401.938792
1401.938792
1401.938792
1401.938792
1401.938792
1401.938792
1401.938792
1401.938792
1401.938792
1401.938792
1401.890531
1401.890531
1401.890531
1401.890531
1401.890531
1401.890531
1401.890531
1401.890531
1401.890531
1401.890531
1401.890531
1401.890531
1401.890531
1401.890531
1401.890531
1401.890531
1401.890531
1401.890531
1401.890531
1401.890531
1401.890531
1401.890531
1401.890531
1401.890531
1401.890531
1401.890531
1401.890531
1401.890531
1401.890531
1401.890531
1401.890531
1401.890531
1401.890531
1401.890531
1401.890531
1401.890531
1401.890531
1401.890531
1401.890531
1401.890531
1401.890531
1401.890531
1401.890531
1401.890531
1401.890531
1401.890531
1401.890531
1401.890531
1401.890531
1401.890531
1401.890531
1401.890531
1401.890531
1401.890531
1401.890531
1401.890531
1401.890531
1401.890531
1401.890531
1401.890531
1401.890531
1401.890531
1401.890531
1401.890531
1401.890531
1401.890531
1401.890531
1401.890531
1401.890531
1401.890531
1401.890531
1401.890531
1401.890531
1401.890531
1401.890531
1401.890531
1401.890531
1401.890531
1401.890531
1401.890531
1401.890531
1401.890531
1401.890531
1401.890531
1401.890531
1401.890531
1401.890531
1401.890531
1401.890531
1401.890531
1401.890531
1401.890531
1401.890531
1401.890531
1401.890531
1401.890531
1401.890531
1401.890531
1401.890531
1401.890531
1401.878768
1401.878768
1401.878768
1401.878768
1401.878768
1401.878768
1401.878768
1401.878768
1401.878768
1401.878768
1401.878768
1401.878768
1401.878768
1401.878768
1401.878768
1401.878768
1401.878768
1401.878768
1401.819696
1401.819696
1401.819696
1401.819696
1401.819696
1401.819696
1401.819696
1401.819696
1401.819696
1401.819696
1401.819696
1401.819696
1401.819696
1401.819696
1401.819696
1401.819696
1401.819696
1401.819696
1401.819696
1401.819696
1401.758103
1401.758103
1401.758103
1401.758103
1401.758103
1401.758103
1401.758103
1401.758103
1401.758103
1401.758103
1401.758103
1401.758103
1401.758103
1401.758103
1401.758103
1401.758103
1401.758103
1401.758103
1401.758103
1401.758103
1401.758103
1401.758103
1401.758103
1401.604966
1401.604966
1401.604966
1401.604966
1401.604966
1401.604966
1401.604966
1401.604966
1401.604966
1401.604966
1401.604966
1401.604966
1401.604966
1401.604966
1401.604966
1401.604966
1401.604966
1401.604966
1401.604966
1401.604966
1401.604966
1401.604966
1401.604966
1401.604966
1401.604966
1401.604966
1401.604966
1401.604966
1401.604966
1401.604966
1401.604966
1401.604966
1401.604966
1401.604966
1401.604966
1401.604966
1401.604966
1401.604966
1401.604966
1401.433908
1401.433908
1401.433908
1401.433908
1401.433908
1401.433908
1401.433908
1401.433908
1401.433908
1401.433908
1401.433908
1401.433908
1401.433908
1401.433908
1401.433908
1401.433908
1401.433908
1401.433908
1401.433908
1401.433908
1401.433908
1401.433908
1401.433908
1401.433908
1401.433908
1401.433908
1401.433908
1401.433908
1401.433908
1401.433908
1401.433908
1401.433908
1401.433908
1401.433908
1401.433908
1401.433908
1401.433908
1401.433908
1401.433908
1401.433908
1401.433908
1401.433908
1401.433908
1401.433908
1401.433908
1401.433908
1401.433908
1401.433908
1401.433908
1401.433908
1401.433908
1401.433908
1401.433908
1401.433908
1401.433908
1401.433908
1401.433908
1401.433908
1401.433908
1401.433908
1401.433908
1401.433908
1401.433908
1401.433908
1401.433908
1401.433908
1401.433908
1401.433908
1401.433908
1401.433908
1401.433908
1401.433908
1401.433908
1401.433908
1401.433908
1401.433908
1401.433908
1401.433908
1401.433908
1401.433908
1401.433908
1401.433908
1401.433908
1401.409557
1401.409557
1401.341556
1401.311764
1401.311764
1401.311764
1401.311764
1401.311764
1401.311764
1401.311764
1401.311764
1401.311764
1401.311764
1401.311764
1401.311764
1401.311764
1400.925680
1400.925680
1400.925680
1400.925680
1400.925680
1400.925680
1400.925680
1400.925680
1400.925680
1400.925680
1400.925680
1400.925680
1400.925680
1400.925680
1400.925680
1400.925680
1400.925680
1400.925680
1400.925680
1400.925680
1400.925680
1400.925680
1400.925680
1400.925680
1400.925680
1400.925680
1400.925680
1400.925680
1400.925680
1400.925680
1400.925680
1400.925680
1400.925680
1400.925680
1400.925680
1400.925680
1400.925680
1400.925680
1400.925680
1400.925680
1400.925680
1400.925680
1400.925680
1400.925680
1400.925680
1400.925680
1400.925680
1400.925680
1400.925680
1400.925680
1400.925680
1400.925680
1400.925680
1400.925680
1400.925680
1400.925680
1400.925680
1400.925680
1400.925680
1400.925680
1400.925680
1400.925680
1400.925680
1400.925680
1400.925680
1400.925680
1400.925680
1400.925680
1400.925680
1400.925680
1400.925680
1400.925680
1400.925680
1400.925680
1400.925680
1400.925680
1400.925680
1400.925680
1400.925680
1400.925680
1400.925680
1400.925680
1400.925680
1400.925680
1400.925680
1400.925680
1400.925680
1400.925680
1400.925680
1400.925680
1400.925680
1400.925680
1400.925680
1400.925680
1400.925680
1400.925680
1400.925680
1400.925680
1400.925680
1400.925680
1400.925680
1400.925680
1400.925680
1400.925680
1400.925680
1400.925680
1400.925680
1400.925680
1400.925680
1400.925680
1400.925680
1400.925680
1400.925680
1400.925680
1400.925680
1400.925680
1400.925680
1400.925680
1400.925680
1400.925680
1400.925680
1400.925680
1400.925680
1400.925680
1400.925680
1400.925680
1400.925680
1400.925680
1400.925680
1400.925680
1400.925680
1400.925680
1400.925680
1400.925680
1400.925680
1400.925680
1400.925680
1400.925680
1400.925680
1400.925680
1400.925680
1400.925680
1400.925680
1400.925680
1400.925680
1400.925680
1400.925680
1400.925680
1400.925680
1400.925680
1400.709980
1400.709980
1400.709980
1400.709980
1400.709980
1400.709980
1400.709980
1400.709980
1400.709980
1400.709980
1400.612093
1400.612093
1400.612093
1400.612093
1400.612093
1400.612093
1400.612093
1400.612093
1400.612093
1400.612093
1400.612093
1400.612093
1400.612093
1400.612093
1400.612093
1400.612093
1400.612093
1400.612093
1400.612093
1400.612093
1400.612093
1400.612093
1400.612093
1400.612093
1400.612093
1400.612093
1400.612093
1400.612093
1400.612093
1400.437927
1400.437927
1400.437927
1400.437927
1400.437927
1400.437927
1400.437927
1400.437927
1400.437927
1400.437927
1400.437927
1400.415829
1400.415829
1400.415829
1400.415829
1400.415829
1400.415829
1400.415829
1400.415829
1400.415829
1400.415829
1400.415829
1400.415829
1400.415829
1400.415829
1400.415829
1400.415829
1400.415829
1400.415829
1400.415829
1400.415829
1400.415829
1400.415829
1400.415829
1400.415829
1400.415829
1400.415829
1400.415829
1400.415829
1400.415829
1400.415829
1400.415829
1400.415829
1400.415829
1400.415829
1400.415829
1400.415829
1400.299897
1400.299897
1400.299897
1400.299897
1400.299897
1400.299897
1400.299897
1400.299897
1400.299897
1400.299897
1400.299897
1400.299897
1400.299897
1400.299897
1400.299897
1400.299897
1400.299897
1400.299897
1400.299897
1400.299897
1400.299897
1400.299897
1400.299897
1400.299897
1400.299897
1400.299897
1400.299897
1400.299897
1400.299897
1400.299897
1400.299897
1400.299897
1400.299897
1400.299897
1400.299897
1400.299897
1400.299897
1400.299897
1400.299897
1400.299897
1400.299897
1400.299897
1400.299897
1400.299897
1400.299897
1400.299897
1400.299897
1400.299897
1400.299897
1400.299897
1400.299897
1400.299897
1400.299897
1400.299897
1400.299897
1400.299897
1400.299897
1400.299897
1400.299897
1400.299897
1400.299897
1400.299897
1400.299897
1400.299897
1400.299897
1400.222643
1400.222643
1400.222643
1400.222643
1400.222643
1400.222643
1400.222643
1400.222643
1400.222643
1400.222643
1400.222643
1400.222643
1400.222643
1400.222643
1400.222643
1400.222643
1400.222643
1400.222643
1400.222643
1400.222643
1400.222643
1400.222643
1400.222643
1400.222643
1400.222643
1400.222643
1400.222643
1400.222643
1400.222643
1400.222643
1400.222643
1400.222643
1400.222643
1400.222643
1400.222643
1400.222643
1400.222643
1400.222643
1400.110727
1400.110727
1400.110727
1400.110727
1400.110727
1400.110727
1400.110727
1400.110727
1400.110727
1400.110727
1400.110727
1400.110727
1400.110727
1400.110727
1400.110727
1400.110727
1400.110727
1400.110727
1400.110727
1400.110727
1400.110727
1400.110727
1400.110727
1400.110727
1400.110727
1400.110727
1400.110727
1400.110727
1400.110727
1400.110727
1400.110727
1400.110727
1400.110727
1400.110727
1400.110727
1400.110727
1400.110727
1400.110727
1400.110727
1400.110727
1400.110727
1400.110727
1400.110727
1400.110727
1400.110727
1400.110727
1400.110727
1400.110727
1400.110727
1400.110727
1400.110727
1400.110727
1400.110727
1400.110727
1400.110727
1400.110727
1400.110727
1400.110727
1400.110727
1400.110727
1400.110727
1400.110727
1400.110727
1400.110727
1400.110727
1400.110727
1400.110727
1400.110727
1400.110727
1400.110727
1400.110727
1400.110727
1400.110727
1400.110727
1400.110727
1400.110727
1400.110727
1400.110727
1400.110727
1400.110727
1400.110727
1400.110727
1400.043219
1400.043219
1400.043219
1400.043219
1400.043219
1400.043219
1400.043219
1400.043219
1400.043219
1400.043219
1399.856800
1399.856800
1399.856800
1399.856800
1399.856800
1399.856800
1399.856800
1399.856800
1399.856800
1399.856800
1399.856800
1399.856800
1399.856800
1399.856800
1399.856800
1399.856800
1399.856800
1399.856800
1399.856800
1399.856800
1399.856800
1399.856800
1399.856800
1399.856800
1399.856800
1399.856800
1399.856800
1399.856800
1399.856800
1399.856800
1399.856800
1399.856800
1399.856800
1399.856800
1399.856800
1399.856800
1399.856800
1399.856800
1399.856800
1399.856800
1399.856800
1399.856800
1399.856800
1399.856800
1399.856800
1399.856800
1399.856800
1399.856800
1399.856800
1399.856800
1399.856800
1399.856800
1399.856800
1399.856800
1399.856800
1399.856800
1399.856800
1399.856800
1399.856800
1399.856800
1399.856800
1399.856800
1399.856800
1399.856800
1399.856800
1399.856800
1399.856800
1399.856800
1399.856800
1399.856800
1399.856800
1399.849076
1399.849076
1399.849076
1399.849076
1399.849076
1399.849076
1399.849076
1399.849076
1399.849076
1399.849076
1399.849076
1399.849076
1399.849076
1399.849076
1399.849076
1399.849076
1399.849076
1399.849076
1399.847006
1399.847006
1399.847006
1399.847006
1399.847006
1399.847006
1399.847006
1399.847006
1399.847006
1399.847006
1399.847006
1399.847006
1399.847006
1399.847006
1399.847006
1399.847006
1399.847006
1399.847006
1399.847006
1399.847006
1399.847006
1399.847006
1399.847006
1399.847006
1399.847006
1399.847006
1399.847006
1399.795446
1399.795446
1399.795446
1399.795446
1399.795446
1399.795446
1399.795446
1399.795446
1399.795446
1399.795446
1399.795446
1399.795446
1399.795446
1399.795446
1399.795446
1399.795446
1399.795446
1399.795446
1399.795446
1399.795446
1399.795446
1399.795446
1399.795446
1399.795446
1399.795446
1399.795446
1399.795446
1399.795446
1399.795446
1399.795446
1399.795446
1399.793666
1399.793666
1399.793666
1399.793666
1399.793666
1399.793666
1399.793666
1399.793666
1399.793666
1399.793666
1399.793666
1399.793666
1399.793666
1399.793666
1399.793666
1399.793666
1399.793666
1399.793666
1399.793666
1399.793666
1399.793666
1399.793666
1399.793666
1399.793666
1399.792948
1399.792948
1399.792948
1399.792948
1399.792948
1399.792948
1399.792948
1399.792948
1399.792948
1399.792948
1399.792948
1399.792948
1399.792948
1399.792948
1399.792948
1399.792948
1399.792948
1399.792948
1399.792948
1399.792948
1399.792948
1399.792948
1399.792948
1399.792948
1399.792948
1399.792948
1399.792948
1399.792948
1399.792948
1399.792948
1399.792948
1399.775273
1399.775273
1399.775273
1399.775273
1399.775273
1399.775273
1399.775273
1399.775273
1399.775273
1399.717955
1399.717955
1399.717955
1399.717955
1399.717955
1399.717955
1399.717955
1399.717955
1399.633498
1399.633498
1399.633498
1399.633498
1399.633498
1399.633498
1399.633498
1399.633498
1399.633498
1399.633498
1399.633498
1399.633498
1399.633498
1399.633498
1399.633498
1399.633498
1399.633498
1399.633498
1399.633498
1399.633498
1399.633498
1399.633498
1399.633498
1399.633498
1399.633498
1399.593211
1399.593211
1399.593211
1399.593211
1399.593211
1399.593211
1399.593211
1399.593211
1399.593211
1399.593211
1399.593211
1399.593211
1399.593211
1399.593211
1399.593211
1399.593211
1399.593211
1399.593211
1399.593211
1399.593211
1399.593211
1399.593211
1399.593211
1399.593211
1399.593211
1399.593211
1399.593211
1399.593211
1399.593211
1399.593211
1399.593211
1399.593211
1399.593211
1399.593211
1399.593211
1399.593211
1399.593211
1399.593211
1399.593211
1399.593211
1399.593211
1399.593211
1399.593211
1399.593211
1399.593211
1399.593211
1399.593211
1399.593211
1399.593211
1399.593211
1399.593211
1399.583854
1399.583854
1399.507728
1399.507728
1399.507728
1399.507728
1399.507728
1399.507728
1399.507728
1399.507728
1399.507728
1399.507728
1399.507728
1399.507728
1399.507728
1399.507728
1399.507728
1399.507728
1399.507728
1399.507728
1399.507728
1399.507728
1399.507728
1399.507728
1399.507728
1399.507728
1399.507728
1399.507728
1399.507728
1399.507728
1399.507728
1399.507728
1399.507728
1399.507728
1399.507728
1399.507728
1399.507728
1399.507728
1399.507728
1399.507728
1399.507728
1399.507728
1399.507728
1399.507728
1399.507728
1399.507728
1399.507728
1399.507728
1399.507728
1399.507728
1399.507728
1399.507728
1399.507728
1399.507728
1399.507728
1399.507728
1399.507728
1399.507728
1399.507728
1399.507728
1399.507728
1399.507728
1399.507728
1399.507728
1399.507728
1399.507728
1399.507728
1399.507728
1399.507728
1399.507728
1399.507728
1399.507728
1399.507728
1399.507728
1399.507728
1399.507728
1399.507728
1399.507728
1399.507728
1399.507728
1399.507728
1399.507728
1399.507728
1399.507728
1399.507728
1399.497519
1399.497519
1399.497519
1399.497519
1399.497519
1399.497519
1399.497519
1399.497519
1399.497519
1399.497519
1399.497519
1399.497519
1399.497519
1399.497519
1399.497519
1399.497519
1399.497519
1399.497519
1399.497519
1399.497519
1399.497519
1399.497519
1399.497519
1399.497519
1399.497519
1399.497519
1399.450209
1399.450209
1399.450209
1399.450209
1399.450209
1399.450209
1399.450209
1399.450209
1399.450209
1399.450209
1399.450209
1399.450209
1399.450209
1399.450209
1399.450209
1399.450209
1399.450209
1399.450209
1399.450209
1399.450209
1399.450209
1399.450209
1399.450209
1399.450209
1399.450209
1399.395555
1399.395555
1399.395555
1399.395555
1399.395555
1399.395555
1399.395555
1399.395555
1399.395555
1399.395555
1399.395555
1399.395555
1399.395555
1399.395555
1399.395555
1399.395555
1399.395555
1399.395555
1399.395555
1399.395555
1399.395555
1399.395555
1399.395555
1399.395555
1399.395555
1399.395555
1399.395555
1399.395555
1399.395555
1399.395555
1399.395555
1399.395555
1399.395555
1399.395555
1399.395555
1399.395555
1399.395555
1399.395555
1399.395555
1399.395555
1399.395555
1399.395555
1399.395555
1399.395555
1399.395555
1399.395555
1399.395555
1399.395555
1399.395555
1399.395555
1399.395555
1399.395555
1399.395555
1399.395555
1399.395555
1399.395555
1399.395555
1399.395555
1399.395555
1399.395555
1399.395555
1399.395555
1399.395555
1399.395555
1399.395555
1399.395555
1399.395555
1399.395555
1399.395555
1399.395555
1399.395555
1399.395555
1399.395555
1399.395555
1399.395555
1399.395555
1399.395555
1399.395555
1399.395555
1399.395555
1399.395555
1399.395555
1399.395555
1399.395555
1399.395555
1399.395555
1399.395555
1399.395555
1399.395555
1399.395555
1399.395555
1399.395555
1399.395555
1399.395555
1399.395555
1399.395555
1399.395555
1399.395555
1399.395555
1399.395555
1399.395555
1399.395555
1399.395555
1399.395555
1399.395555
1399.395555
1399.395555
1399.379467
1399.379467
1399.379467
1399.379467
1399.379467
1399.379467
1399.379467
1399.379467
1399.379467
1399.379467
1399.379467
1399.379467
1399.379467
1399.379467
1399.379467
1399.379467
1399.379467
1399.379467
1399.379467
1399.379467
1399.379467
1399.379467
1399.379467
1399.379467
1399.379467
1399.379467
1399.379467
1399.379467
1399.379467
1399.379467
1399.379467
1399.379467
1399.379467
1399.379467
1399.379467
1399.379467
1399.379467
1399.379467
1399.379467
1399.379467
1399.379467
1399.379467
1399.379467
1399.379467
1399.379467
1399.379467
1399.379467
1399.379467
1399.379467
1399.379467
1399.379467
1399.379467
1399.379467
1399.379467
1399.379467
1399.379467
1399.379467
1399.379467
1399.379467
1399.379467
1399.379467
1399.378334
1399.378334
1399.378334
1399.378334
1399.378334
1399.378334
1399.378334
1399.378334
1399.378334
1399.378334
1399.378334
1399.378334
1399.378334
1399.378334
1399.378334
1399.378334
1399.378334
1399.378334
1399.378334
1399.378334
1399.378334
1399.378334
1399.378334
1399.378334
1399.378334
1399.378334
1399.378334
1399.378334
1399.378334
1399.378334
1399.378334
1399.378334
1399.378334
1399.378334
1399.378334
1399.378334
1399.378334
1399.378334
1399.378334
1399.358942
1399.358942
1399.358942
1399.358942
1399.358942
1399.358942
1399.358942
1399.358942
1399.358942
1399.358942
1399.358942
1399.358942
1399.358942
1399.358942
1399.358942
1399.358942
1399.358942
1399.358942
1399.358942
1399.358942
1399.358942
1399.358942
1399.358942
1399.358942
1399.358942
1399.358942
1399.358942
1399.358942
1399.358942
1399.358942
1399.358942
1399.358942
1399.358942
1399.358942
1399.358942
1399.358942
1399.358942
1399.358942
1399.358942
1399.358942
1399.358942
1399.358942
1399.358942
1399.358942
1399.358942
1399.358942
1399.358942
1399.358942
1399.358942
1399.358942
1399.358942
1399.358942
1399.358942
1399.358942
1399.358942
1399.358942
1399.358942
1399.358942
1399.358942
1399.358942
1399.358942
1399.333234
1399.333234
1399.333234
1399.333234
1399.333234
1399.333234
1399.333234
1399.333234
1399.333234
1399.333234
1399.333234
1399.333234
1399.333234
1399.333234
1399.333234
1399.333234
1399.333234
1399.333234
1399.333234
1399.333234
1399.333234
1399.333234
1399.333234
1399.304897
1399.304897
1399.304897
1399.304897
1399.304897
1399.304897
1399.304897
1399.304897
1399.304897
1399.304897
1399.304897
1399.304897
1399.304897
1399.304897
1399.304897
1399.304897
1399.304897
1399.304897
1399.304897
1399.304897
1399.304897
1399.304897
1399.304897
1399.304897
1399.304897
1399.304897
1399.304897
1399.304897
1399.304897
1399.304897
1399.304897
1399.304897
1399.304897
1399.304897
1399.304897
1399.304897
1399.304897
1399.304897
1399.304897
1399.304897
1399.304897
1399.304897
1399.304897
1399.304897
1399.304897
1399.304897
1399.304897
1399.304897
1399.304897
1399.304897
1399.304897
1399.304897
1399.304897
1399.304897
1399.304897
1399.304897
1399.304897
1399.304897
1399.304897
1399.304897
1399.304897
1399.304897
1399.304897
1399.304897
1399.304897
1399.304897
1399.304897
1399.304897
1399.304897
1399.304897
1399.304897
1399.304897
1399.304897
1399.304897
1399.304897
1399.304897
1399.304897
1399.304897
1399.304897
1399.304897
1399.304897
1399.304897
1399.304897
1399.304897
1399.304897
1399.304897
1399.304587
1399.304587
1399.304587
1399.304587
1399.304587
1399.303073
1399.303073
1399.303073
1399.303073
1399.303073
1399.303073
1399.303073
1399.303073
1399.303073
1399.303073
1399.303073
1399.303073
1399.303073
1399.303073
1399.303073
1399.303073
1399.303073
1399.303073
1399.303073
1399.303073
1399.303073
1399.303073
1399.303073
1399.303073
1399.303073
1399.303073
1399.303073
1399.303073
1399.303073
1399.303073
1399.303073
1399.303073
1399.303073
1399.287172
1399.287172
1399.287172
1399.287172
1399.287172
1399.287172
1399.287172
1399.287172
1399.287172
1399.287172
1399.287172
1399.287172
1399.287172
1399.287172
1399.287172
1399.287172
1399.287172
1399.287172
1399.287172
1399.287172
1399.287172
1399.287172
1399.287172
1399.287172
1399.287172
1399.287172
1399.287172
1399.287172
1399.287172
1399.267925
1399.267925
1399.267925
1399.267925
1399.267925
1399.267925
1399.267925
1399.267925
1399.267925
1399.267925
1399.267925
1399.267925
1399.267925
1399.267925
1399.267925
1399.267925
1399.267925
1399.267925
1399.267925
1399.267925
1399.267925
1399.267925
1399.267925
1399.267925
1399.267925
1399.267925
1399.267925
1399.267925
1399.267925
1399.267925
1399.267925
1399.267925
1399.267925
1399.267925
1399.267925
1399.267925
1399.267925
1399.267925
1399.267925
1399.267925
1399.267925
1399.267925
1399.267925
1399.267925
1399.267925
1399.267925
1399.172150
1399.172150
1399.172150
1399.172150
1399.172150
1399.172150
1399.172150
1399.172150
1399.172150
1399.172150
1399.172150
1399.172150
1399.172150
1399.172150
1399.172150
1399.172150
1399.172150
1399.172150
1399.172150
1399.172150
1399.172150
1399.172150
1399.172150
1399.172150
1399.172150
1399.172150
1399.172150
1399.172150
1399.172150
1399.172150
1399.172150
1399.172150
1399.172150
1399.172150
1399.172150
1399.172150
1399.172150
1399.172150
1399.172150
1399.172150
1399.172150
1399.172150
1399.172150
1399.172150
1399.172150
1399.172150
1399.172150
1399.172150
1399.172150
1399.172150
1399.172150
1399.172150
1399.172150
1399.172150
1399.172150
1399.172150
1399.172150
1399.172150
1399.172150
1399.172150
1399.172150
1399.172150
1399.172150
1399.172150
1399.172150
1399.172150
1399.172150
1399.172150
1399.172150
1399.172150
1399.172150
1399.172150
1399.172150
1399.172150
1399.172150
1399.172150
1399.172150
1399.172150
1399.172150
1399.172150
1399.172150
1399.172150
1399.172150
1399.172150
1399.172150
1399.172150
1399.172150
1399.172150
1399.172150
1399.172150
1399.172150
1399.172150
1399.172150
1399.172150
1399.172150
1399.172150
1399.172150
1399.172150
1399.172150
1399.172150
1399.172150
1399.172150
1399.172150
1399.172150
1399.172150
1399.172150
1399.172150
1399.172150
1399.172150
1399.172150
1399.172150
1399.172150
1399.172150
1399.172150
1399.172150
1399.172150
1399.172150
1399.172150
1399.172150
1399.172150
1399.162691
1399.162691
1399.162691
1399.162691
1399.162691
1399.162691
1399.162691
1399.162691
1399.162691
1399.161029
1399.161029
1399.161029
1399.161029
1399.161029
1399.161029
1399.161029
1399.161029
1399.161029
1399.161029
1399.161029
1399.161029
1399.161029
1399.161029
1399.126153
1399.126153
1399.126153
1399.126153
1399.126153
1399.126153
1399.126153
1399.126153
1399.126153
1399.126153
1399.126153
1399.126153
1399.126153
1399.126153
1399.126153
1399.126153
1399.126153
1399.126153
1399.126153
1399.126153
1399.126153
1399.126153
1399.126153
1399.126153
1399.126153
1399.126153
1399.126153
1399.126153
1399.126153
1399.126153
1399.126153
1399.126153
1399.126153
1399.126153
1399.126153
1399.126153
1399.126153
1399.126153
1399.126153
1399.126153
1399.126153
1399.126153
1399.126153
1399.126153
1399.126153
1399.126153
1399.126153
1399.126153
1399.126153
1399.126153
1399.126153
1399.126153
1399.126153
1399.126153
1399.126153
1399.126153
1399.126153
1399.126153
1399.126153
1399.126153
1399.126153
1399.126153
1399.126153
1399.092713
1399.092713
1399.092713
1399.092713
1399.092713
1399.092713
1399.092713
1399.092713
1399.092713
1399.092713
1399.092713
1399.092713
1399.092713
1399.092713
1399.092713
1399.092713
1399.092713
1399.092713
1399.092713
1399.092713
1399.092713
1399.092713
1399.092713
1399.092713
1399.092713
1399.087987
1399.087987
1399.087987
1399.087987
1399.087987
1399.087987
1399.087987
1399.087987
1399.087987
1399.087987
1399.087987
1399.087987
1399.087987
1399.087987
1399.087987
1399.087987
1399.087987
1399.087987
1399.087987
1399.087987
1399.087987
1399.087987
1399.087987
1399.087987
1399.087987
1399.009457
1399.009457
1399.009457
1399.009457
1399.009457
1399.009457
1399.009457
1399.009457
1399.009457
1399.009457
1399.009457
1399.009457
1399.009457
1399.009457
1399.009457
1399.009457
1399.009457
1399.009457
1399.009457
1399.009457
1399.009457
1399.009457
1399.009457
1399.009457
1399.009457
1399.009457
1399.009457
1399.009457
1399.009457
1399.009457
1399.009457
1399.009457
1399.009457
1399.009457
1399.009457
1399.009457
1399.009457
1399.009457
1399.009457
1399.009457
1399.009457
1399.009457
1399.009457
1399.009457
1399.009457
1399.009457
1399.009457
1399.009457
1399.009457
1399.009457
1399.009457
1399.009457
1399.009457
1399.009457
1399.009457
1399.009457
1399.009457
1399.009457
1399.009457
1399.009457
1399.009457
1399.009457
1399.009457
1399.009457
1399.009457
1399.009457
1399.009457
1399.009457
1399.009457
1399.009457
1399.009457
1399.009457
1399.009457
1399.009457
1399.009457
1399.009457
1399.009457
1399.009457
1399.009457
1399.009457
1399.009457
1399.009457
1399.009457
1399.009457
1399.009457
1399.009457
1399.009457
1399.009457
1399.009457
1399.009457
1399.009457
1399.009457
1399.009457
1399.009457
1399.009457
1399.009457
1399.009457
1399.009457
1399.009457
1399.009457
1399.009457
1399.009457
1399.009457
1399.009457
1399.009457
1399.009457
1399.009457
1399.009457
1399.009457
1399.009457
1399.009457
1399.009457
1399.009457
1399.009457
1399.009457
1399.009457
1399.009457
1399.009457
1399.009457
1399.009457
1399.009457
1399.009457
1399.009457
1399.009457
1399.009457
1399.009457
1399.009457
1399.009457
1399.009457
1399.009457
1399.009457
1399.009457
1399.009457
1399.009457
1399.009457
1399.009457
1399.009457
1399.009457
1399.009457
1399.009457
1399.009457
1399.009457
1399.009457
1399.009457
1399.009457
1399.009457
1399.009457
1399.009457
1399.009457
1399.009457
1399.009457
1399.009457
1399.009457
1399.009457
1399.009457
1399.009457
1399.009457
1399.009457
1399.009457
1399.009457
1399.009457
1399.009457
1399.009457
1399.009457
1399.009457
1399.009457
1399.009457
1399.009457
1399.001755
1399.001755
1399.001755
1399.001755
1399.001755
1399.001755
1399.001755
1399.001755
1399.001755
1399.001755
1399.001755
1399.001755
1399.001755
1399.001755
1399.001755
1399.001755
1399.001755
1399.001755
1399.001755
1399.001755
1399.001755
1399.001755
1399.001755
1399.001755
1399.001755
1399.001755
1399.001755
1399.001755
1399.001755
1399.001755
1399.001755
1399.001755
1399.001755
1399.001755
1399.001755
1399.001755
1399.001755
1399.001755
1399.001755
1399.001755
1399.001755
1399.001755
1399.001755
1399.001755
1399.001755
1399.001755
1399.001755
1399.001755
1399.001755
1399.001755
1399.001755
1399.001755
1399.001755
1399.001755
1399.001755
1398.986880
1398.986880
1398.986880
1398.986880
1398.986880
1398.986880
1398.986880
1398.986880
1398.986880
1398.986880
1398.986880
1398.986880
1398.986880
1398.986880
1398.986880
1398.986880
1398.986880
1398.986880
1398.986880
1398.986880
1398.986880
1398.986880
1398.986880
1398.986880
1398.982198
1398.982198
1398.982198
1398.982198
1398.982198
1398.982198
1398.982198
1398.982198
1398.982198
1398.982198
1398.982198
1398.982198
1398.982198
1398.982198
1398.982198
1398.982198
1398.982198
1398.982198
1398.982198
1398.982198
1398.982198
1398.982198
1398.982198
1398.982198
1398.954725
1398.954725
1398.954725
1398.954725
1398.954725
1398.954725
1398.954725
1398.954725
1398.954725
1398.954725
1398.954725
1398.903227
1398.903227
1398.903227
1398.903227
1398.903227
1398.903227
1398.903227
1398.903227
1398.903227
1398.903227
1398.903227
1398.903227
1398.903227
1398.903227
1398.903227
1398.903227
1398.903227
1398.903227
1398.903227
1398.903227
1398.903227
1398.903227
1398.903227
1398.903227
1398.903227
1398.903227
1398.903227
1398.903227
1398.903227
1398.903227
1398.903227
1398.903227
1398.903227
1398.903227
1398.903227
1398.903227
1398.903227
1398.903227
1398.903227
1398.903227
1398.903227
1398.903227
1398.903227
1398.903227
1398.903227
1398.903227
1398.903227
1398.903227
1398.903227
1398.903227
1398.903227
1398.903227
1398.903227
1398.903227
1398.903227
1398.903227
1398.903227
1398.903227
1398.903227
1398.903227
1398.903227
1398.903227
1398.903227
1398.903227
1398.903227
1398.903227
1398.903227
1398.846764
1398.846764
1398.846764
1398.846764
1398.846764
1398.846764
1398.846764
1398.846764
1398.846764
1398.846764
1398.846764
1398.846764
1398.846764
1398.846764
1398.846764
1398.846764
1398.846764
1398.846764
1398.846764
1398.846764
1398.846764
1398.846764
1398.846764
1398.846764
1398.846764
1398.846764
1398.846764
1398.846764
1398.846764
1398.846764
1398.846764
1398.846764
1398.846764
1398.846764
1398.742072
1398.742072
1398.742072
1398.742072
1398.742072
1398.742072
1398.742072
1398.742072
1398.742072
1398.742072
1398.742072
1398.742072
1398.742072
1398.742072
1398.742072
1398.742072
1398.742072
1398.742072
1398.742072
1398.742072
1398.742072
1398.742072
1398.742072
1398.742072
1398.742072
1398.742072
1398.742072
1398.742072
1398.742072
1398.742072
1398.742072
1398.742072
1398.742072
1398.742072
1398.742072
1398.742072
1398.742072
1398.742072
1398.742072
1398.742072
1398.742072
1398.742072
1398.742072
1398.742072
1398.742072
1398.742072
1398.742072
1398.742072
1398.742072
1398.742072
1398.742072
1398.742072
1398.742072
1398.742072
1398.742072
1398.742072
1398.742072
1398.742072
1398.742072
1398.742072
1398.742072
1398.742072
1398.742072
1398.742072
1398.742072
1398.742072
1398.742072
1398.742072
1398.742072
1398.742072
1398.742072
1398.742072
1398.742072
1398.678602
1398.678602
1398.678602
1398.678602
1398.678602
1398.678602
1398.678602
1398.678602
1398.678602
1398.678602
1398.678602
1398.678602
1398.678602
1398.678602
1398.678602
1398.678602
1398.678602
1398.678602
1398.678602
1398.678602
1398.678602
1398.678602
1398.678602
1398.678602
1398.678602
1398.678602
1398.678602
1398.678602
1398.678602
1398.678602
1398.678602
1398.678602
1398.678602
1398.678602
1398.678602
1398.678602
1398.678602
1398.678602
1398.678602
1398.678602
1398.678602
1398.678602
1398.678602
1398.671383
1398.671383
1398.671383
1398.671383
1398.671383
1398.671383
1398.671383
1398.671383
1398.671383
1398.671383
1398.671383
1398.671383
1398.671383
1398.671383
1398.671383
1398.671383
1398.671383
1398.671383
1398.671383
1398.671383
1398.671383
1398.671383
1398.607306
1398.607306
1398.607306
1398.607306
1398.607306
1398.607306
1398.607306
1398.607306
1398.607306
1398.607306
1398.607306
1398.607306
1398.607306
1398.607306
1398.607306
1398.607306
1398.607306
1398.607306
1398.607306
1398.607306
1398.607306
1398.607306
1398.607306
1398.607306
1398.607306
1398.607306
1398.607306
1398.607306
1398.607306
1398.607306
1398.607306
1398.607306
1398.607306
1398.607306
1398.607306
1398.607306
1398.607306
1398.607306
1398.607306
1398.607306
1398.607306
1398.607306
1398.607306
1398.607306
1398.607306
1398.607306
1398.607306
1398.607306
1398.607306
1398.607306
1398.607306
1398.607306
1398.607306
1398.607306
1398.607306
1398.607306
1398.607306
1398.607306
1398.607306
1398.607306
1398.607306
1398.607306
1398.558267
1398.558267
1398.558267
1398.558267
1398.558267
1398.558267
1398.558267
1398.558267
1398.558267
1398.558267
1398.558267
1398.558267
1398.558267
1398.533769
1398.533769
1398.533769
1398.533769
1398.533769
1398.533769
1398.533769
1398.533769
1398.533769
1398.533769
1398.533769
1398.533769
1398.533769
1398.533769
1398.533769
1398.533769
1398.533769
1398.533769
1398.533769
1398.533769
1398.533769
1398.533769
1398.533769
1398.533769
1398.533769
1398.533769
1398.533769
1398.533769
1398.533769
1398.533769
1398.533769
1398.533769
1398.533769
1398.533769
1398.533769
1398.533769
1398.533769
1398.533769
1398.533769
1398.533769
1398.533769
1398.533769
1398.533769
1398.525506
1398.525506
1398.525506
1398.525506
1398.525506
1398.525506
1398.525506
1398.525506
1398.525506
1398.525506
1398.525506
1398.525506
1398.525506
1398.525506
1398.525506
1398.525506
1398.525506
1398.525506
1398.525506
1398.525506
1398.525506
1398.525506
1398.525506
1398.525506
1398.525506
1398.525506
1398.525506
1398.525506
1398.525506
1398.525506
1398.525506
1398.525506
1398.520164
1398.520164
1398.520164
1398.520164
1398.520164
1398.520164
1398.520164
1398.520164
1398.520164
1398.520164
1398.520164
1398.520164
1398.520164
1398.520164
1398.520164
1398.520164
1398.520164
1398.520164
1398.520164
1398.520164
1398.520164
1398.520164
1398.520164
1398.520164
1398.520164
1398.510721
1398.510721
1398.510721
1398.510721
1398.510721
1398.510721
1398.510721
1398.510721
1398.510721
1398.510721
1398.510721
1398.510721
1398.436120
1398.436120
1398.436120
1398.436120
1398.436120
1398.436120
1398.436120
1398.436120
1398.436120
1398.436120
1398.436120
1398.436120
1398.436120
1398.436120
1398.436120
1398.436120
1398.436120
1398.436120
1398.436120
1398.436120
1398.436120
1398.436120
1398.436120
1398.436120
1398.436120
1398.436120
1398.436120
1398.436120
1398.436120
1398.436120
1398.436120
1398.436120
1398.436120
1398.436120
1398.436120
1398.436120
1398.436120
1398.436120
1398.436120
1398.436120
1398.436120
1398.436120
1398.436120
1398.436120
1398.436120
1398.436120
1398.436120
1398.436120
1398.436120
1398.436120
1398.436120
1398.436120
1398.436120
1398.436120
1398.436120
1398.436120
1398.436120
1398.436120
1398.436120
1398.436120
1398.436120
1398.436120
1398.436120
1398.436120
1398.436120
1398.436120
1398.436120
1398.379723
1398.379723
1398.379723
1398.379723
1398.379723
1398.379723
1398.379723
1398.379723
1398.379723
1398.379723
1398.379723
1398.379723
1398.379723
1398.379723
1398.379723
1398.379723
1398.379723
1398.379723
1398.345265
1398.345265
1398.345265
1398.345265
1398.345265
1398.345265
1398.345265
1398.345265
1398.345265
1398.345265
1398.345265
1398.345265
1398.345265
1398.345265
1398.345265
1398.345265
1398.345265
1398.345265
1398.345265
1398.345265
1398.345265
1398.345265
1398.345265
1398.345265
1398.345265
1398.345265
1398.345265
1398.345265
1398.345265
1398.345265
1398.345265
1398.345265
1398.345265
1398.345265
1398.345265
1398.345265
1398.345265
1398.345265
1398.345265
1398.345265
1398.345265
1398.345265
1398.345265
1398.345265
1398.345265
1398.345265
1398.345265
1398.345265
1398.345265
1398.345265
1398.345265
1398.345265
1398.345265
1398.345265
1398.345265
1398.345265
1398.345265
1398.345265
1398.345265
1398.345265
1398.345265
1398.345265
1398.345265
1398.345265
1398.345265
1398.345265
1398.345265
1398.345265
1398.345265
1398.345265
1398.345265
1398.345265
1398.345265
1398.345265
1398.345265
1398.308796
1398.308796
1398.308796
1398.308796
1398.308796
1398.308796
1398.308796
1398.308796
1398.308796
1398.308796
1398.308796
1398.308796
1398.308796
1398.308796
1398.308796
1398.308796
1398.308796
1398.308796
1398.308796
1398.308796
1398.308796
1398.308796
1398.308796
1398.308796
1398.308796
1398.266984
1398.266984
1398.266984
1398.266984
1398.266984
1398.266984
1398.266984
1398.266984
1398.266984
1398.266984
1398.266984
1398.266984
1398.266984
1398.266984
1398.266984
1398.266984
1398.254465
1398.254465
1398.254465
1398.254465
1398.254465
1398.254465
1398.254465
1398.254465
1398.254465
1398.254465
1398.254465
1398.254465
1398.254465
1398.254465
1398.254465
1398.254465
1398.254465
1398.254465
1398.254465
1398.254465
1398.254465
1398.254465
1398.254465
1398.254465
1398.254465
1398.254465
1398.254465
1398.254465
1398.254465
1398.254465
1398.254465
1398.254465
1398.254465
1398.254465
1398.254465
1398.254465
1398.254465
1398.254465
1398.254465
1398.254465
1398.254465
1398.254465
1398.254465
1398.254465
1398.254465
1398.254465
1398.254465
1398.254465
1398.254465
1398.254465
1398.254465
1398.254465
1398.254465
1398.254465
1398.254465
1398.254465
1398.254465
1398.254465
1398.254465
1398.254465
1398.254465
1398.246593
1398.246593
1398.246593
1398.246593
1398.246593
1398.246593
1398.246593
1398.246593
1398.246593
1398.246593
1398.246593
1398.246593
1398.246593
1398.246593
1398.246593
1398.246593
1398.246593
1398.246593
1398.246593
1398.246593
1398.246593
1398.246593
1398.246593
1398.246593
1398.246593
1398.246593
1398.246593
1398.246593
1398.246593
1398.246593
1398.246593
1398.246593
1398.246593
1398.246593
1398.246593
1398.246593
1398.246593
1398.246593
1398.246593
1398.246593
1398.246593
1398.246593
1398.246593
1398.213912
1398.213912
1398.213912
1398.213912
1398.213912
1398.213912
1398.213912
1398.213912
1398.213912
1398.213912
1398.213912
1398.213912
1398.213912
1398.213912
1398.213912
1398.213912
1398.213912
1398.213912
1398.213912
1398.213912
1398.213912
1398.213912
1398.213912
1398.174992
1398.174992
1398.174992
1398.174992
1398.174992
1398.174992
1398.174992
1398.174992
1398.174992
1398.174992
1398.174992
1398.174992
1398.174992
1398.174992
1398.174992
1398.174992
1398.174992
1398.174992
1398.174992
1398.174992
1398.174992
1398.174992
1398.174992
1398.174992
1398.174992
1398.173943
1398.173943
1398.173943
1398.173943
1398.173943
1398.173943
1398.173943
1398.173943
1398.173943
1398.173943
1398.173943
1398.173943
1398.173943
1398.173943
1398.173943
1398.173943
1398.173943
1398.173943
1398.173943
1398.173943
1398.173943
1398.173943
1398.173943
1398.173943
1398.173943
1398.173943
1398.173943
1398.173943
1398.173943
1398.173943
1398.173943
1398.173943
1398.173943
1398.173943
1398.173943
1398.173943
1398.173943
1398.173943
1398.173943
1398.173943
1398.173943
1398.173943
1398.173943
1398.173943
1398.173943
1398.173943
1398.173943
1398.173943
1398.153783
1398.153783
1398.153783
1398.153783
1398.153783
1398.153783
1398.153783
1398.153783
1398.153783
1398.153783
1398.153783
1398.134920
1398.134920
1398.134920
1398.134920
1398.134920
1398.134920
1398.086970
1398.086970
1398.086970
1398.086970
1398.086970
1398.086970
1398.086970
1398.086970
1398.086970
1398.086970
1398.086970
1398.086970
1398.086970
1398.086970
1398.086970
1398.086970
1398.086970
1398.086970
1398.086970
1398.086970
1398.086970
1398.086970
1398.086970
1398.086970
1398.086970
1398.086970
1398.086970
1398.086970
1398.086970
1398.086970
1398.086970
1398.086970
1398.086970
1398.086970
1398.086970
1398.086970
1398.086970
1398.086970
1398.086970
1398.086970
1398.086970
1398.086970
1398.086970
1398.086970
1398.086970
1398.086970
1398.086970
1398.086970
1398.086970
1398.086970
1398.086970
1398.086970
1398.086970
1398.086970
1398.086970
1398.086970
1398.086970
1398.086970
1398.086970
1398.086970
1398.086970
1398.086970
1398.086970
1398.086970
1398.086970
1398.086970
1398.086970
1398.086970
1398.086970
1398.086970
1398.086970
1398.054945
1398.054945
1398.054945
1398.054945
1398.054945
1398.054945
1398.054945
1398.054945
1398.054945
1398.054945
1398.054945
1398.054945
1398.054945
1398.054945
1398.054945
1398.054945
1398.054945
1398.054945
1398.054945
1398.054945
1398.054945
1398.054945
1398.054945
1398.054945
1398.054945
1398.054945
1398.054945
1398.054945
1398.021690
1398.021690
1398.021690
1398.021690
1398.021690
1398.021690
1398.021690
1398.021690
1398.021690
1398.021690
1398.021690
1398.021690
1398.021690
1398.021690
1398.021690
1398.021690
1398.021690
1398.021690
1398.021690
1398.021690
1398.021690
1398.021690
1398.021690
1398.021690
1398.021690
1398.021690
1398.021690
1398.021690
1398.021690
1398.021690
1398.021690
1398.021690
1398.021690
1398.021690
1398.021690
1398.021690
1398.021690
1398.021690
1398.021690
1398.021690
1398.021690
1398.021690
1398.021690
1398.021690
1398.021690
1398.021690
1398.021690
1398.021690
1398.021690
1398.021690
1398.021690
1398.021690
1398.021690
1398.021690
1398.021690
1398.021690
1398.021690
1398.021690
1398.021690
1398.021690
1398.021690
1398.021690
1398.021690
1398.021690
1398.021690
1398.021690
1398.021690
1398.021690
1398.021690
1398.021690
1398.021690
1398.021690
1398.021690
1398.021690
1398.021690
1398.021690
1398.021690
1398.002741
1398.002741
1398.002741
1398.002741
1398.002741
1397.966938
1397.966938
1397.966938
1397.966938
1397.966938
1397.966938
1397.966938
1397.966938
1397.966938
1397.966938
1397.966938
1397.966938
1397.966938
1397.966938
1397.966938
1397.966938
1397.966938
1397.966938
1397.966938
1397.966938
1397.966938
1397.966938
1397.966938
1397.966938
1397.966938
1397.966938
1397.966938
1397.966938
1397.966938
1397.966938
1397.966938
1397.966938
1397.966938
1397.966938
1397.966938
1397.966938
1397.966938
1397.867672
1397.867672
1397.867672
1397.867672
1397.867672
1397.867672
1397.867672
1397.867672
1397.867672
1397.867672
1397.867672
1397.867672
1397.867672
1397.867672
1397.867672
1397.867672
1397.867672
1397.867672
1397.867672
1397.867672
1397.867672
1397.867672
1397.867672
1397.867672
1397.867672
1397.867672
1397.867672
1397.867672
1397.867672
1397.867672
1397.757389
1397.757389
1397.757389
1397.757389
1397.757389
1397.757389
1397.757389
1397.757389
1397.757389
1397.757389
1397.757389
1397.757389
1397.757389
1397.757389
1397.757389
1397.757389
1397.757389
1397.757389
1397.757389
1397.757389
1397.757389
1397.757389
1397.757389
1397.757389
1397.757389
1397.757389
1397.757389
1397.757389
1397.757389
1397.757389
1397.757389
1397.757389
1397.757389
1397.757389
1397.757389
1397.757389
1397.757389
1397.757389
1397.757389
1397.757389
1397.757389
1397.757389
1397.757389
1397.757389
1397.757389
1397.757389
1397.757389
1397.757389
1397.757389
1397.757389
1397.757389
1397.757389
1397.757389
1397.757389
1397.757389
1397.757389
1397.757389
1397.757389
1397.757389
1397.757389
1397.757389
1397.757389
1397.757389
1397.757389
1397.757389
1397.757389
1397.757389
1397.757389
1397.757389
1397.740011
1397.740011
1397.740011
1397.740011
1397.740011
1397.740011
1397.740011
1397.740011
1397.740011
1397.740011
1397.740011
1397.740011
1397.740011
1397.740011
1397.740011
1397.740011
1397.740011
1397.740011
1397.740011
1397.740011
1397.740011
1397.740011
1397.740011
1397.740011
1397.740011
1397.740011
1397.740011
1397.740011
1397.740011
1397.740011
1397.740011
1397.740011
1397.740011
1397.740011
1397.740011
1397.740011
1397.740011
1397.740011
1397.740011
1397.740011
1397.740011
1397.740011
1397.740011
1397.740011
1397.732316
1397.732316
1397.732316
1397.732316
1397.732316
1397.732316
1397.709678
1397.684736
1397.684736
1397.684736
1397.684736
1397.684736
1397.684736
1397.684736
1397.684736
1397.684736
1397.684736
1397.684736
1397.684736
1397.684736
1397.684736
1397.684736
1397.684736
1397.684736
1397.684736
1397.684736
1397.684736
1397.684736
1397.684736
1397.684736
1397.684736
1397.684736
1397.684736
1397.684736
1397.684736
1397.684736
1397.684736
1397.684736
1397.684736
1397.684736
1397.684736
1397.684736
1397.684736
1397.684736
1397.684736
1397.684736
1397.684736
1397.684736
1397.684736
1397.684736
1397.684736
1397.684736
1397.684736
1397.684736
1397.684736
1397.684736
1397.684736
1397.684736
1397.684736
1397.684736
1397.684736
1397.684736
1397.684736
1397.684736
1397.684736
1397.684736
1397.684736
1397.684736
1397.684736
1397.684736
1397.684736
1397.684736
1397.684736
1397.684736
1397.684736
1397.684736
1397.684736
1397.684736
1397.684736
1397.684736
1397.684736
1397.684736
1397.684736
1397.684736
1397.684736
1397.684736
1397.684736
1397.684736
1397.684736
1397.684736
1397.684736
1397.684736
1397.684736
1397.684736
1397.684736
1397.684736
1397.684736
1397.684736
1397.684736
1397.684736
1397.684736
1397.684736
1397.684736
1397.684736
1397.684736
1397.684736
1397.684736
1397.684736
1397.684736
1397.684736
1397.684736
1397.684736
1397.674930
1397.674930
1397.674930
1397.674930
1397.674930
1397.674930
1397.674930
1397.674930
1397.674930
1397.674930
1397.674930
1397.674930
1397.674930
1397.674930
1397.674930
1397.674930
1397.674930
1397.674930
1397.674930
1397.674930
1397.674930
1397.674930
1397.674930
1397.674930
1397.674930
1397.674930
1397.674930
1397.674930
1397.674930
1397.674930
1397.674930
1397.674930
1397.674930
1397.674930
1397.674930
1397.674930
1397.610635
1397.610635
1397.610635
1397.610635
1397.610635
1397.610635
1397.610635
1397.610635
1397.610635
1397.610635
1397.610635
1397.610635
1397.610635
1397.610635
1397.610635
1397.610635
1397.610635
1397.610635
1397.610635
1397.610635
1397.610635
1397.610635
1397.610635
1397.610635
1397.610635
1397.610635
1397.610635
1397.610635
1397.610635
1397.610635
1397.610635
1397.610635
1397.610635
1397.610635
1397.610635
1397.610635
1397.610635
1397.610635
1397.610635
1397.610635
1397.610635
1397.548340
1397.548340
1397.548340
1397.548340
1397.548340
1397.548340
1397.547585
1397.547585
1397.529229
1397.529229
1397.529229
1397.529229
1397.529229
1397.529229
1397.529229
1397.529229
1397.529229
1397.529229
1397.529229
1397.529229
1397.529229
1397.511136
1397.511136
1397.511136
1397.511136
1397.511136
1397.511136
1397.511136
1397.511136
1397.511136
1397.511136
1397.511136
1397.511136
1397.511136
1397.511136
1397.511136
1397.511136
1397.511136
1397.511136
1397.511136
1397.511136
1397.511136
1397.511136
1397.511136
1397.511136
1397.511136
1397.511136
1397.511136
1397.511136
1397.505829
1397.505829
1397.505181
1397.505181
1397.505181
1397.505181
1397.495123
1397.495123
1397.495123
1397.495123
1397.495123
1397.495123
1397.495123
1397.495123
1397.495123
1397.427903
1397.427903
1397.427903
1397.427903
1397.427903
1397.427903
1397.427903
1397.427903
1397.427903
1397.427903
1397.427903
1397.427903
1397.427903
1397.427903
1397.427903
1397.427903
1397.427903
1397.427903
1397.427903
1397.427903
1397.427903
1397.427903
1397.427903
1397.427903
1397.427903
1397.427903
1397.427903
1397.427903
1397.427903
1397.427903
1397.427903
1397.427903
1397.427903
1397.427903
1397.427903
1397.427903
1397.427903
1397.377821
1397.377821
1397.377821
1397.377821
1397.377821
1397.377821
1397.377821
1397.377821
1397.377821
1397.377821
1397.377821
1397.377821
1397.377821
1397.377821
1397.377821
1397.377821
1397.377821
1397.377821
1397.377821
1397.377821
1397.377821
1397.377821
1397.377821
1397.377821
1397.377821
1397.377821
1397.377821
1397.377821
1397.377821
1397.377821
1397.377821
1397.377821
1397.377821
1397.377821
1397.377821
1397.377821
1397.377821
1397.377821
1397.377821
1397.377821
1397.377821
1397.377821
1397.377821
1397.377821
1397.377821
1397.377821
1397.377821
1397.377821
1397.377821
1397.377821
1397.377821
1397.377821
1397.377821
1397.377821
1397.377821
1397.377821
1397.377821
1397.377821
1397.377821
1397.377821
1397.377821
1397.377821
1397.377821
1397.377821
1397.377821
1397.355205
1397.355205
1397.355205
1397.355205
1397.355205
1397.355205
1397.355205
1397.355205
1397.355205
1397.355205
1397.355205
1397.355205
1397.355205
1397.355205
1397.355205
1397.355205
1397.355205
1397.355205
1397.355205
1397.355205
1397.355205
1397.355205
1397.355205
1397.355205
1397.355205
1397.355205
1397.355205
1397.355205
1397.355205
1397.355205
1397.355205
1397.355205
1397.355205
1397.355205
1397.355205
1397.355205
1397.355205
1397.355205
1397.355205
1397.355205
1397.282914
1397.282914
1397.282914
1397.282914
1397.282914
1397.282914
1397.282914
1397.282914
1397.282914
1397.282914
1397.282914
1397.282914
1397.282914
1397.282914
1397.282914
1397.253218
1397.253218
1397.253218
1397.253218
1397.253218
1397.253218
1397.253218
1397.253218
1397.253218
1397.253218
1397.253218
1397.253218
1397.253218
1397.253218
1397.253218
1397.253218
1397.253218
1397.253218
1397.253218
1397.253218
1397.253218
1397.253218
1397.253218
1397.253218
1397.253218
1397.253218
1397.253218
1397.253218
1397.253218
1397.253218
1397.253218
1397.253218
1397.253218
1397.253218
1397.253218
1397.253218
1397.253218
1397.253218
1397.253218
1397.253218
1397.253218
1397.253218
1397.253218
1397.253218
1397.253218
1397.253218
1397.253218
1397.253218
1397.253218
1397.253218
1397.253218
1397.253218
1397.253218
1397.253218
1397.253218
1397.253218
1397.253218
1397.253218
1397.253218
1397.253218
1397.253218
1397.253218
1397.253218
1397.253218
1397.253218
1397.209135
1397.209135
1397.209135
1397.209135
1397.209135
1397.209135
1397.209135
1397.209135
1397.209135
1397.209135
1397.209135
1397.209135
1397.209135
1397.209135
1397.209135
1397.209135
1397.209135
1397.209135
1397.209135
1397.209135
1397.209135
1397.209135
1397.209135
1397.209135
1397.209135
1397.209135
1397.209135
1397.209135
1397.209135
1397.209135
1397.209135
1397.209135
1397.209135
1397.209135
1397.209135
1397.209135
1397.209135
1397.209135
1397.209135
1397.209135
1397.209135
1397.209135
1397.209135
1397.209135
1397.209135
1397.209135
1397.209135
1397.209135
1397.209135
1397.209135
1397.209135
1397.209135
1397.209135
1397.209135
1397.209135
1397.209135
1397.209135
1397.209135
1397.209135
1397.209135
1397.209135
1397.209135
1397.209135
1397.209135
1397.209135
1397.209135
1397.209135
1397.209135
1397.209135
1397.209135
1397.209135
1397.209135
1397.209135
1397.209135
1397.209135
1397.209135
1397.209135
1397.209135
1397.209135
1397.209135
1397.209135
1397.209135
1397.209135
1397.209135
1397.209135
1397.209135
1397.209135
1397.209135
1397.209135
1397.209135
1397.148228
1397.148228
1397.148228
1397.148228
1397.148228
1397.148228
1397.148228
1397.148228
1397.148228
1397.148228
1397.148228
1397.148228
1397.148228
1397.148228
1397.148228
1397.148228
1397.148228
1397.148228
1397.148228
1397.148228
1397.148228
1397.148228
1397.148228
1397.148228
1397.148228
1397.148228
1397.148228
1397.148228
1397.148228
1397.148228
1397.148228
1397.148228
1397.148228
1397.148228
1397.148228
1397.148228
1397.148228
1397.148228
1397.148228
1397.148228
1397.148228
1397.148228
1397.148228
1397.148228
1397.148228
1397.148228
1397.148228
1397.148228
1397.148228
1397.148228
1397.118916
1397.118916
1397.118916
1397.118916
1397.118916
1397.118916
1397.118916
1397.118916
1397.102624
1397.102624
1397.102624
1397.102624
1397.102624
1397.102624
1397.102624
1397.102624
1397.102624
1397.102624
1397.102624
1397.102624
1397.102624
1397.102624
1397.102624
1397.102624
1397.102624
1397.102624
1397.102624
1397.102624
1397.102624
1397.102624
1397.102624
1397.102624
1397.102624
1397.102624
1397.102624
1397.102624
1397.102624
1397.102624
1397.102624
1397.102624
1397.102624
1397.102624
1397.102624
1397.102624
1397.102624
1397.102624
1397.102624
1397.102624
1397.102624
1397.102624
1397.102624
1397.102624
1397.102624
1397.102624
1397.102624
1397.102624
1397.102624
1397.102624
1397.102624
1397.102624
1397.102624
1397.102624
1397.102624
1397.102624
1397.102624
1397.102624
1397.102624
1397.102624
1397.102624
1397.102624
1397.102624
1397.102624
1397.102624
1397.102624
1397.102624
1397.102624
1397.102624
1397.102624
1397.102624
1397.102624
1397.102624
1397.102624
1397.102624
1397.102624
1397.102624
1397.102624
1397.102624
1397.102624
1397.102624
1397.102624
1397.101142
1397.101142
1397.101142
1397.101142
1397.101142
1397.101142
1397.101142
1397.101142
1397.101142
1397.101142
1397.101142
1397.101142
1397.101142
1397.101142
1397.101142
1397.101142
1397.101142
1397.101142
1397.101142
1397.101142
1397.101142
1397.101142
1397.101142
1397.101142
1397.101142
1397.101142
1397.101142
1397.101142
1397.101142
1397.101142
1397.101142
1397.101142
1397.101142
1397.101142
1397.101142
1397.101142
1397.101142
1397.101142
1397.101142
1397.101142
1397.101142
1397.101142
1397.101142
1397.101142
1397.101142
1397.101142
1397.101142
1397.101142
1397.087608
1397.087608
1397.087608
1397.087608
1397.087608
1397.087608
1397.087608
1397.087608
1397.087608
1397.087608
1397.087608
1397.087608
1397.087608
1397.087608
1397.087608
1397.087608
1397.087608
1397.087608
1397.087608
1397.087608
1397.087608
1397.087608
1397.087608
1397.087608
1397.087608
1397.087608
1397.087608
1397.087608
1397.087608
1397.087608
1397.087608
1397.087608
1397.087608
1397.087608
1397.087608
1397.087608
1397.087608
1397.087608
1397.087608
1397.087608
1397.087608
1397.087608
1397.087608
1397.087608
1397.087608
1397.087608
1397.087608
1397.087608
1397.087608
1397.087608
1397.087608
1397.087608
1397.087608
1397.087608
1397.087608
1397.087608
1397.087608
1397.087608
1397.087608
1397.087608
1397.087608
1397.087608
1397.087608
1397.087608
1397.087608
1397.087608
1397.036924
1397.036924
1397.036924
1397.036924
1397.036924
1397.036924
1397.036924
1397.036924
1397.036924
1397.036924
1397.036924
1397.036924
1397.036924
1397.036924
1397.036924
1397.036924
1397.036924
1397.036924
1397.036924
1397.036924
1397.036924
1397.036924
1397.036924
1397.036924
1397.036924
1397.036924
1397.036924
1397.036924
1397.036924
1397.036924
1397.036924
1397.036924
1397.033047
1397.033047
1397.033047
1397.033047
1397.033047
1397.033047
1397.033047
1397.033047
1397.033047
1397.033047
1397.033047
1397.033047
1397.033047
1397.033047
1397.033047
1397.033047
1397.033047
1397.033047
1397.033047
1397.033047
1397.033047
1397.033047
1397.033047
1397.033047
1397.033047
1396.956228
1396.956228
1396.956228
1396.956228
1396.956228
1396.956228
1396.956228
1396.956228
1396.956228
1396.956228
1396.956228
1396.956228
1396.956228
1396.956228
1396.956228
1396.956228
1396.956228
1396.956228
1396.956228
1396.956228
1396.956228
1396.956228
1396.956228
1396.956228
1396.956228
1396.956228
1396.956228
1396.956228
1396.956228
1396.956228
1396.956228
1396.956228
1396.956228
1396.956228
1396.956228
1396.956228
1396.956228
1396.956228
1396.956228
1396.956228
1396.956228
1396.956228
1396.956228
1396.956228
1396.956228
1396.956228
1396.956228
1396.956228
1396.956228
1396.956228
1396.956228
1396.956228
1396.956228
1396.956228
1396.956228
1396.956228
1396.956228
1396.956228
1396.956228
1396.956228
1396.956228
1396.956228
1396.956228
1396.956228
1396.956228
1396.956228
1396.956228
1396.892746
1396.892746
1396.877991
1396.877991
1396.877991
1396.877991
1396.877991
1396.877991
1396.877991
1396.877991
1396.877991
1396.877991
1396.877991
1396.877991
1396.877991
1396.877991
1396.877991
1396.877991
1396.877991
1396.877991
1396.877991
1396.877991
1396.877991
1396.877991
1396.877991
1396.877991
1396.877991
1396.877991
1396.877991
1396.877991
1396.877991
1396.877991
1396.877991
1396.877991
1396.877991
1396.877991
1396.877991
1396.877991
1396.877991
1396.877991
1396.877991
1396.877991
1396.877991
1396.877991
1396.877991
1396.877991
1396.877991
1396.877991
1396.877991
1396.877991
1396.877991
1396.877991
1396.877991
1396.877991
1396.877991
1396.877991
1396.877991
1396.877991
1396.877991
1396.877991
1396.877991
1396.877991
1396.877991
1396.877991
1396.877991
1396.877991
1396.877991
1396.877991
1396.877991
1396.877991
1396.877991
1396.877991
1396.877991
1396.877991
1396.877991
1396.877991
1396.877991
1396.877991
1396.877991
1396.877991
1396.877991
1396.877991
1396.877991
1396.877991
1396.877991
1396.877991
1396.877991
1396.877991
1396.877991
1396.877991
1396.877991
1396.877991
1396.877991
1396.877991
1396.877991
1396.877991
1396.877991
1396.877991
1396.877991
1396.877991
1396.877991
1396.877991
1396.877991
1396.877991
1396.877991
1396.877991
1396.877991
1396.877991
1396.877991
1396.877991
1396.877991
1396.877991
1396.877991
1396.877991
1396.877991
1396.872643
1396.872643
1396.872643
1396.872643
1396.872643
1396.872643
1396.872643
1396.792897
1396.792897
1396.792897
1396.792897
1396.792897
1396.792897
1396.792897
1396.792897
1396.792897
1396.792897
1396.792897
1396.792897
1396.792897
1396.792897
1396.792897
1396.792897
1396.792897
1396.792897
1396.792897
1396.792897
1396.792897
1396.792897
1396.792897
1396.792897
1396.792897
1396.792897
1396.753618
1396.753618
1396.753618
1396.753618
1396.753618
1396.753618
1396.753618
1396.753618
1396.753618
1396.753618
1396.753618
1396.753618
1396.753618
1396.753618
1396.753618
1396.753618
1396.753618
1396.753618
1396.753618
1396.753618
1396.753618
1396.753618
1396.753618
1396.753618
1396.753618
1396.753618
1396.753618
1396.753618
1396.753618
1396.753618
1396.753618
1396.753618
1396.753618
1396.753618
1396.753618
1396.753618
1396.753618
1396.753618
1396.753618
1396.753618
1396.753618
1396.753618
1396.753618
1396.753618
1396.753618
1396.753618
1396.753618
1396.753618
1396.753618
1396.753618
1396.753618
1396.753618
1396.753618
1396.753618
1396.753618
1396.753618
1396.753618
1396.753618
1396.753618
1396.753618
1396.753618
1396.753618
1396.753618
1396.753618
1396.753618
1396.753618
1396.753618
1396.753618
1396.753618
1396.753618
1396.753618
1396.753618
1396.753618
1396.753618
1396.753618
1396.753618
1396.753618
1396.753618
1396.658973
1396.658973
1396.658973
1396.658973
1396.658973
1396.645552
1396.645552
1396.645552
1396.645552
1396.645552
1396.645552
1396.645552
1396.645552
1396.645552
1396.645552
1396.645552
1396.645552
1396.645552
1396.645552
1396.645552
1396.645552
1396.645552
1396.645552
1396.645552
1396.645552
1396.645552
1396.645552
1396.645552
1396.645552
1396.645552
1396.645552
1396.645552
1396.645552
1396.645552
1396.645552
1396.645552
1396.645552
1396.645552
1396.645552
1396.645552
1396.645552
1396.645552
1396.645552
1396.645552
1396.645552
1396.645552
1396.645552
1396.645552
1396.645552
1396.645552
1396.645552
1396.645552
1396.645552
1396.645552
1396.645552
1396.645552
1396.645552
1396.645552
1396.645552
1396.645552
1396.645552
1396.645552
1396.645552
1396.637607
1396.637607
1396.637607
1396.637607
1396.637607
1396.637607
1396.637607
1396.637607
1396.637607
1396.637607
1396.637607
1396.637607
1396.637607
1396.637607
1396.637607
1396.637607
1396.637607
1396.637607
1396.637607
1396.637607
1396.637607
1396.637607
1396.637607
1396.637607
1396.637607
1396.637607
1396.637607
1396.637607
1396.637607
1396.637607
1396.637607
1396.637607
1396.624529
1396.624529
1396.624529
1396.624529
1396.624529
1396.624529
1396.624529
1396.624529
1396.624529
1396.624529
1396.624529
1396.624529
1396.624529
1396.624529
1396.624529
1396.624529
1396.624529
1396.624529
1396.624529
1396.624529
1396.624529
1396.624529
1396.624529
1396.624529
1396.624529
1396.624529
1396.624529
1396.624529
1396.624529
1396.624529
1396.624529
1396.624529
1396.624529
1396.624529
1396.624529
1396.624529
1396.624529
1396.624529
1396.624529
1396.624529
1396.624529
1396.624529
1396.624529
1396.624529
1396.624529
1396.624529
1396.624529
1396.624529
1396.624529
1396.624529
1396.624529
1396.624529
1396.578849
1396.578849
1396.578849
1396.578849
1396.578849
1396.578849
1396.578849
1396.578849
1396.578849
1396.578849
1396.578849
1396.578849
1396.578849
1396.578849
1396.578849
1396.578849
1396.578849
1396.578849
1396.578849
1396.578849
1396.578849
1396.578849
1396.578849
1396.578849
1396.578849
1396.578849
1396.578849
1396.578849
1396.578849
1396.578849
1396.578849
1396.578849
1396.578849
1396.578849
1396.578849
1396.578849
1396.578849
1396.578849
1396.578849
1396.578849
1396.578849
1396.578849
1396.525279
1396.525279
1396.525279
1396.525279
1396.525279
1396.525279
1396.525279
1396.525279
1396.525279
1396.525279
1396.525279
1396.525279
1396.525279
1396.525279
1396.525279
1396.525279
1396.525279
1396.525279
1396.525279
1396.525279
1396.525279
1396.525279
1396.525279
1396.525279
1396.525279
1396.525279
1396.525279
1396.525279
1396.525279
1396.525279
1396.525279
1396.525279
1396.525279
1396.525279
1396.511216
1396.511216
1396.511216
1396.511216
1396.511216
1396.511216
1396.511216
1396.511216
1396.511216
1396.511216
1396.511216
1396.511216
1396.511216
1396.511216
1396.511216
1396.511216
1396.511216
1396.511216
1396.511216
1396.511216
1396.511216
1396.511216
1396.511216
1396.511216
1396.511216
1396.511216
1396.511216
1396.511216
1396.511216
1396.511216
1396.502871
1396.502871
1396.502871
1396.502871
1396.502871
1396.502871
1396.502871
1396.502871
1396.502871
1396.502871
1396.502871
1396.502871
1396.502871
1396.502871
1396.502871
1396.502871
1396.502871
1396.502871
1396.502871
1396.502871
1396.502871
1396.457551
1396.457551
1396.457551
1396.457551
1396.457551
1396.457551
1396.457551
1396.457551
1396.457551
1396.457551
1396.457551
1396.457551
1396.457551
1396.457551
1396.457551
1396.457551
1396.457551
1396.457551
1396.457551
1396.457551
1396.457551
1396.457551
1396.457551
1396.457551
1396.457551
1396.457551
1396.457551
1396.457551
1396.457551
1396.457551
1396.457551
1396.457551
1396.457551
1396.457551
1396.457551
1396.457551
1396.457551
1396.457551
1396.457551
1396.457551
1396.457551
1396.457551
1396.457551
1396.457551
1396.457551
1396.457551
1396.457551
1396.457551
1396.457551
1396.457551
1396.457551
1396.457551
1396.457551
1396.457551
1396.457551
1396.457551
1396.457551
1396.457551
1396.457551
1396.457551
1396.457551
1396.457551
1396.436594
1396.436594
1396.436594
1396.436594
1396.436594
1396.436594
1396.436594
1396.436594
1396.436594
1396.436594
1396.436594
1396.436594
1396.436594
1396.436594
1396.436594
1396.436594
1396.436594
1396.436594
1396.436594
1396.436594
1396.436594
1396.266813
1396.266813
1396.266813
1396.266813
1396.266813
1396.266813
1396.266813
1396.266813
1396.266813
1396.266813
1396.266813
1396.266813
1396.266813
1396.266813
1396.266813
1396.266813
1396.266813
1396.266813
1396.266813
1396.266813
1396.266813
1396.266813
1396.266813
1396.266813
1396.266813
1396.266813
1396.266813
1396.266813
1396.266813
1396.266813
1396.266813
1396.266813
1396.266813
1396.266813
1396.266813
1396.266813
1396.266813
1396.266813
1396.266813
1396.266813
1396.266813
1396.266813
1396.266813
1396.266813
1396.266813
1396.266813
1396.266813
1396.266813
1396.266813
1396.266813
1396.266813
1396.266813
1396.266813
1396.266813
1396.266813
1396.266813
1396.266813
1396.266813
1396.266813
1396.266813
1396.266813
1396.266813
1396.266813
1396.266813
1396.266813
1396.266813
1396.266813
1396.266813
1396.266813
1396.266813
1396.266813
1396.266813
1396.266813
1396.266813
1396.266813
1396.266813
1396.266813
1396.266813
1396.266813
1396.266813
1396.266813
1396.266813
1396.266813
1396.266813
1396.266813
1396.266813
1396.266813
1396.266813
1396.266813
1396.266813
1396.266813
1396.266813
1396.266813
1396.266813
1396.266813
1396.266813
1396.266813
1396.266813
1396.266813
1396.266813
1396.266813
1396.266813
1396.266813
1396.266813
1396.266813
1396.266813
1396.266813
1396.266813
1396.266813
1396.266813
1396.266813
1396.266813
1396.266813
1396.266813
1396.266813
1396.266813
1396.266813
1396.266813
1396.266813
1396.266813
1396.266813
1396.266813
1396.266813
1396.266813
1396.266813
1396.266813
1396.266813
1396.266813
1396.266813
1396.266813
1396.266813
1396.266813
1396.266813
1396.266813
1396.266813
1396.184042
1396.184042
1396.184042
1396.184042
1396.184042
1396.184042
1396.184042
1396.184042
1396.184042
1396.184042
1396.184042
1396.184042
1396.184042
1396.184042
1396.184042
1396.184042
1396.184042
1396.184042
1396.184042
1396.184042
1396.184042
1396.184042
1396.184042
1396.184042
1396.184042
1396.184042
1396.184042
1396.184042
1396.184042
1396.184042
1396.184042
1396.184042
1396.184042
1396.184042
1396.184042
1396.184042
1396.184042
1396.184042
1396.184042
1396.184042
1396.184042
1396.184042
1396.184042
1396.184042
1396.184042
1396.184042
1396.184042
1396.184042
1396.184042
1396.184042
1396.184042
1396.184042
1396.184042
1396.184042
1396.184042
1396.184042
1396.184042
1396.184042
1396.184042
1396.184042
1396.145936
1396.145936
1396.145936
1396.145936
1396.145936
1396.145936
1396.145936
1396.145936
1396.145936
1396.145936
1396.145936
1396.145936
1396.145936
1396.145936
1396.145936
1396.078414
1396.078414
1396.078414
1396.078414
1396.078414
1396.078414
1396.078414
1396.078414
1396.078414
1396.078414
1396.078414
1396.078414
1396.078414
1396.078414
1396.078414
1396.078414
1396.078414
1396.078414
1396.078414
1396.078414
1396.078414
1396.078414
1396.078414
1396.078414
1396.078414
1396.078414
1396.078414
1396.078414
1396.078414
1396.078414
1396.078414
1396.078414
1396.078414
1396.078414
1396.078414
1396.078414
1396.078414
1396.078414
1396.078414
1396.078414
1396.078414
1396.078414
1396.078414
1396.078414
1396.078414
1396.078414
1396.078414
1396.078414
1396.078414
1396.078414
1396.078414
1396.078414
1396.078414
1396.044020
1396.044020
1396.044020
1396.044020
1396.044020
1396.044020
1396.044020
1396.044020
1396.044020
1396.000760
1396.000760
1396.000760
1396.000760
1396.000760
1396.000760
1396.000760
1396.000760
1396.000760
1396.000760
1396.000760
1396.000760
1396.000760
1396.000760
1396.000760
1396.000760
1396.000760
1396.000760
1396.000760
1396.000760
1396.000760
1396.000760
1396.000760
1396.000760
1396.000760
1396.000760
1396.000760
1396.000760
1396.000760
1396.000760
1396.000760
1396.000760
1396.000760
1396.000760
1396.000760
1396.000760
1396.000760
1396.000760
1396.000760
1396.000760
1396.000760
1396.000760
1396.000760
1396.000760
1396.000760
1396.000760
1396.000760
1396.000760
1396.000760
1396.000760
1396.000760
1396.000760
1396.000760
1396.000760
1396.000760
1396.000760
1396.000760
1396.000760
1396.000760
1396.000760
1396.000760
1396.000760
1396.000760
1396.000760
1396.000760
1396.000760
1396.000760
1396.000760
1396.000760
1396.000760
1396.000760
1396.000760
1396.000760
1396.000760
1396.000760
1396.000760
1396.000760
1396.000760
1396.000760
1396.000760
1396.000760
1396.000760
1396.000760
1396.000760
1395.991310
1395.991310
1395.991310
1395.991310
1395.923233
1395.923233
1395.923233
1395.923233
1395.923233
1395.923233
1395.915467
1395.915467
1395.915467
1395.915467
1395.915467
1395.915467
1395.915467
1395.915467
1395.915467
1395.915467
1395.915467
1395.915467
1395.915467
1395.915467
1395.915467
1395.915467
1395.915467
1395.915467
1395.915467
1395.915467
1395.915467
1395.915467
1395.915467
1395.915467
1395.915467
1395.915467
1395.915467
1395.915467
1395.915467
1395.915467
1395.915467
1395.915467
1395.915467
1395.915467
1395.915467
1395.915467
1395.915467
1395.915467
1395.915467
1395.915467
1395.915467
1395.915467
1395.915467
1395.915467
1395.915467
1395.915467
1395.915467
1395.915467
1395.915467
1395.915467
1395.915467
1395.915467
1395.915467
1395.860413
1395.860413
1395.860413
1395.860413
1395.860413
1395.860413
1395.860413
1395.860413
1395.860413
1395.860413
1395.860413
1395.860413
1395.860413
1395.860413
1395.860413
1395.860413
1395.860413
1395.860413
1395.860413
1395.860413
1395.860413
1395.860413
1395.860413
1395.860413
1395.860413
1395.860413
1395.860413
1395.860413
1395.860413
1395.860413
1395.785900
1395.785900
1395.785900
1395.785900
1395.785900
1395.785900
1395.785900
1395.785900
1395.785900
1395.785900
1395.785900
1395.785900
1395.785900
1395.785900
1395.785900
1395.785900
1395.785900
1395.785900
1395.785900
1395.785900
1395.785900
1395.785900
1395.785900
1395.785900
1395.785900
1395.785900
1395.785900
1395.785900
1395.785900
1395.785900
1395.785900
1395.785900
1395.785900
1395.785900
1395.785900
1395.785900
1395.785900
1395.785900
1395.785900
1395.785900
1395.785900
1395.785900
1395.785900
1395.785900
1395.785900
1395.785900
1395.785900
1395.785900
1395.785900
1395.785900
1395.785900
1395.785900
1395.785900
1395.785900
1395.785900
1395.785900
1395.785900
1395.785900
1395.785900
1395.785900
1395.785900
1395.785900
1395.785900
1395.785900
1395.785900
1395.785900
1395.785900
1395.785900
1395.785900
1395.785900
1395.785900
1395.785900
1395.785900
1395.785900
1395.785900
1395.785900
1395.785900
1395.785900
1395.785900
1395.785900
1395.785900
1395.785900
1395.785900
1395.785900
1395.785900
1395.785900
1395.785900
1395.785900
1395.785900
1395.785900
1395.785900
1395.785900
1395.785900
1395.785900
1395.785900
1395.785900
1395.785900
1395.785900
1395.785900
1395.785900
1395.785900
1395.785900
1395.785900
1395.785900
1395.785900
1395.785900
1395.785900
1395.785900
1395.785900
1395.785900
1395.785900
1395.785900
1395.785900
1395.785900
1395.785900
1395.785900
1395.785900
1395.785900
1395.785900
1395.785900
1395.785900
1395.785900
1395.785900
1395.785900
1395.785900
1395.785900
1395.785900
1395.785900
1395.785900
1395.785900
1395.785900
1395.785900
1395.785900
1395.785900
1395.785900
1395.785900
1395.785900
1395.785900
1395.785900
1395.785900
1395.785900
1395.785900
1395.722119
1395.722119
1395.722119
1395.722119
1395.722119
1395.722119
1395.722119
1395.722119
1395.722119
1395.722119
1395.722119
1395.722119
1395.722119
1395.722119
1395.722119
1395.722119
1395.722119
1395.722119
1395.722119
1395.722119
1395.722119
1395.722119
1395.722119
1395.722119
1395.722119
1395.722119
1395.722119
1395.722119
1395.722119
1395.722119
1395.722119
1395.722119
1395.722119
1395.722119
1395.722119
1395.722119
1395.722119
1395.722119
1395.722119
1395.722119
1395.722119
1395.722119
1395.722119
1395.722119
1395.722119
1395.722119
1395.722119
1395.722119
1395.722119
1395.722119
1395.722119
1395.722119
1395.722119
1395.675876
1395.675876
1395.675876
1395.675876
1395.675876
1395.675876
1395.675876
1395.675876
1395.675876
1395.675876
1395.675876
1395.675876
1395.675876
1395.675876
1395.675876
1395.675876
1395.675876
1395.675876
1395.675876
1395.675876
1395.675876
1395.675876
1395.675876
1395.675876
1395.675876
1395.675876
1395.675876
1395.675876
1395.675876
1395.675876
1395.675876
1395.675876
1395.675876
1395.675876
1395.675876
1395.675876
1395.675876
1395.675876
1395.675876
1395.675876
1395.675876
1395.675876
1395.675876
1395.675876
1395.675876
1395.675876
1395.675876
1395.675876
1395.675876
1395.675876
1395.675876
1395.675876
1395.675876
1395.675876
1395.675876
1395.675876
1395.675876
1395.675876
1395.675876
1395.675876
1395.675876
1395.675876
1395.675876
1395.675876
1395.675876
1395.675876
1395.675876
1395.675876
1395.675876
1395.675876
1395.675876
1395.675876
1395.675876
1395.675876
1395.675876
1395.675876
1395.675876
1395.675876
1395.675876
1395.675876
1395.675876
1395.675876
1395.675876
1395.675876
1395.675876
1395.675876
1395.675876
1395.675876
1395.675876
1395.675876
1395.675876
1395.675876
1395.675876
1395.675876
1395.675876
1395.675876
1395.675876
1395.675876
1395.675876
1395.675876
1395.675876
1395.675876
1395.675876
1395.675876
1395.675876
1395.675876
1395.675876
1395.675876
1395.675876
1395.675876
1395.675876
1395.675876
1395.675876
1395.675876
1395.675876
1395.675876
1395.675876
1395.675876
1395.675876
1395.675876
1395.675876
1395.675876
1395.675876
1395.675876
1395.675876
1395.675876
1395.675876
1395.675876
1395.675876
1395.675876
1395.675876
1395.675876
1395.675876
1395.675876
1395.675876
1395.675876
1395.675876
1395.675876
1395.675876
1395.675876
1395.675876
1395.675876
1395.675876
1395.675876
1395.675876
1395.675876
1395.675876
1395.675876
1395.675876
1395.675876
1395.675876
1395.675876
1395.662777
1395.662777
1395.662777
1395.662777
1395.662777
1395.662777
1395.662777
1395.662777
1395.662777
1395.662777
1395.662777
1395.662777
1395.629436
1395.629436
1395.629436
1395.629436
1395.629436
1395.629436
1395.629436
1395.629436
1395.629436
1395.629436
1395.629436
1395.629436
1395.629436
1395.629436
1395.629436
1395.629436
1395.629436
1395.629436
1395.629436
1395.629436
1395.629436
1395.629436
1395.629436
1395.585956
1395.585956
1395.585956
1395.585956
1395.585956
1395.585956
1395.585956
1395.585956
1395.585956
1395.585956
1395.585956
1395.585956
1395.585956
1395.585956
1395.585956
1395.585956
1395.585956
1395.585956
1395.585956
1395.585956
1395.585956
1395.585956
1395.585956
1395.585956
1395.585956
1395.585956
1395.585956
1395.585956
1395.585956
1395.585956
1395.585956
1395.585956
1395.585956
1395.585956
1395.585956
1395.585956
1395.585956
1395.585956
1395.585956
1395.585956
1395.585956
1395.585956
1395.585956
1395.585956
1395.585956
1395.585956
1395.585956
1395.585956
1395.585956
1395.585956
1395.585956
1395.585956
1395.585956
1395.585956
1395.585956
1395.585956
1395.585956
1395.585956
1395.585956
1395.585956
1395.585956
1395.585956
1395.585956
1395.585956
1395.585956
1395.585956
1395.585956
1395.585956
1395.585956
1395.585956
1395.585956
1395.585956
1395.585956
1395.585956
1395.585956
1395.585956
1395.585956
1395.585956
1395.585956
1395.585956
1395.585956
1395.585956
1395.585956
1395.585956
1395.585956
1395.585956
1395.585956
1395.585956
1395.585956
1395.585956
1395.585956
1395.585956
1395.585956
1395.585956
1395.585956
1395.585956
1395.585956
1395.585956
1395.585956
1395.585956
1395.585956
1395.585956
1395.585956
1395.585956
1395.585956
1395.585956
1395.585956
1395.585956
1395.558626
1395.558626
1395.558626
1395.558626
1395.558626
1395.558626
1395.558626
1395.558626
1395.558626
1395.558626
1395.558626
1395.558626
1395.558626
1395.558626
1395.558626
1395.558626
1395.558626
1395.558626
1395.558626
1395.558626
1395.558626
1395.558626
1395.558626
1395.558626
1395.558626
1395.558626
1395.558626
1395.558626
1395.558626
1395.558626
1395.558626
1395.558626
1395.558626
1395.558626
1395.558626
1395.558626
1395.558626
1395.558626
1395.558626
1395.558626
1395.558626
1395.558626
1395.558626
1395.558626
1395.558626
1395.558626
1395.558626
1395.558626
1395.558626
1395.558626
1395.555654
1395.555654
1395.555654
1395.555654
1395.555654
1395.555654
1395.555654
1395.555654
1395.555654
1395.555654
1395.555654
1395.555654
1395.555654
1395.555654
1395.555654
1395.555654
1395.555654
1395.555654
1395.555654
1395.555654
1395.555654
1395.555654
1395.555654
1395.555654
1395.555654
1395.555654
1395.555654
1395.555654
1395.555654
1395.555654
1395.555654
1395.555654
1395.555654
1395.555654
1395.555654
1395.555654
1395.555654
1395.555654
1395.555654
1395.555654
1395.555654
1395.555654
1395.555654
1395.555654
1395.555654
1395.555654
1395.555654
1395.555654
1395.555654
1395.555654
1395.555654
1395.555654
1395.555654
1395.555654
1395.555654
1395.555654
1395.555654
1395.555654
1395.555654
1395.555654
1395.555654
1395.555654
1395.555654
1395.555654
1395.555654
1395.555654
1395.555654
1395.555654
1395.555654
1395.555654
1395.555654
1395.555654
1395.555654
1395.555654
1395.555654
1395.555654
1395.555654
1395.555654
1395.555654
1395.555654
1395.548030
1395.548030
1395.548030
1395.548030
1395.548030
1395.548030
1395.548030
1395.548030
1395.548030
1395.548030
1395.548030
1395.548030
1395.548030
1395.548030
1395.548030
1395.548030
1395.548030
1395.548030
1395.548030
1395.548030
1395.548030
1395.535135
1395.535135
1395.535135
1395.535135
1395.535135
1395.535135
1395.535135
1395.535135
1395.535135
1395.535135
1395.535135
1395.535135
1395.535135
1395.535135
1395.535135
1395.535135
1395.535135
1395.535135
1395.535135
1395.535135
1395.535135
1395.535135
1395.535135
1395.535135
1395.535135
1395.535135
1395.535135
1395.535135
1395.535135
1395.535135
1395.535135
1395.535135
1395.535135
1395.535135
1395.535135
1395.535135
1395.535135
1395.535135
1395.535135
1395.535135
1395.535135
1395.535135
1395.535135
1395.535135
1395.535135
1395.535135
1395.535135
1395.535135
1395.535135
1395.535135
1395.535135
1395.535135
1395.535135
1395.535135
1395.535135
1395.535135
1395.535135
1395.535135
1395.535135
1395.535135
1395.535135
1395.535135
1395.535135
1395.535135
1395.535135
1395.535135
1395.535135
1395.535135
1395.535135
1395.535135
1395.535135
1395.535135
1395.535135
1395.535135
1395.535135
1395.535135
1395.535135
1395.535135
1395.535135
1395.535135
1395.535135
1395.534853
1395.504606
1395.504606
1395.504606
1395.504606
1395.504606
1395.504606
1395.504606
1395.504606
1395.504606
1395.504606
1395.504606
1395.504606
1395.504606
1395.504606
1395.504606
1395.490146
1395.490146
1395.490146
1395.490146
1395.490146
1395.490146
1395.490146
1395.490146
1395.490146
1395.490146
1395.490146
1395.490146
1395.490146
1395.490146
1395.490146
1395.490146
1395.490146
1395.490146
1395.490146
1395.488675
1395.488675
1395.488675
1395.488675
1395.488675
1395.488675
1395.488675
1395.488675
1395.488675
1395.488675
1395.488675
1395.488675
1395.488675
1395.482461
1395.482461
1395.482461
1395.482461
1395.482461
1395.482461
1395.482461
1395.423279
1395.423279
1395.423279
1395.423279
1395.423279
1395.423279
1395.423279
1395.423279
1395.423279
1395.423279
1395.423279
1395.423279
1395.423279
1395.423279
1395.423279
1395.423279
1395.423279
1395.423279
1395.423279
1395.423279
1395.423279
1395.423279
1395.423279
1395.423279
1395.423279
1395.423279
1395.423279
1395.423279
1395.423279
1395.423279
1395.423279
1395.423279
1395.423279
1395.381245
1395.381245
1395.381245
1395.326533
1395.326533
1395.326533
1395.326533
1395.326533
1395.326533
1395.326533
1395.326533
1395.326533
1395.326533
1395.326533
1395.326533
1395.326533
1395.326533
1395.326533
1395.326533
1395.326533
1395.326533
1395.326533
1395.326533
1395.326533
1395.326533
1395.326533
1395.326533
1395.326533
1395.326533
1395.326533
1395.326533
1395.326533
1395.326533
1395.326533
1395.326533
1395.326533
1395.326533
1395.326533
1395.326533
1395.326533
1395.326533
1395.326533
1395.326533
1395.326533
1395.326533
1395.326533
1395.326533
1395.326533
1395.326533
1395.326533
1395.326090
1395.326090
1395.326090
1395.326090
1395.326090
1395.326090
1395.326090
1395.326090
1395.326090
1395.326090
1395.326090
1395.308250
1395.308250
1395.308250
1395.308250
1395.308250
1395.308250
1395.308250
1395.308250
1395.308250
1395.308250
1395.308250
1395.308250
1395.308250
1395.308250
1395.308250
1395.308250
1395.308250
1395.308250
1395.308250
1395.308250
1395.289453
1395.289453
1395.289453
1395.289453
1395.254185
1395.254185
1395.254185
1395.254185
1395.254185
1395.254185
1395.254185
1395.254185
1395.254185
1395.254185
1395.254185
1395.254185
1395.254185
1395.254185
1395.254185
1395.210589
1395.210589
1395.210589
1395.210589
1395.210589
1395.210589
1395.210589
1395.210589
1395.210589
1395.210589
1395.210589
1395.210589
1395.210589
1395.210589
1395.210589
1395.210589
1395.210589
1395.210589
1395.210589
1395.210589
1395.210589
1395.210589
1395.210589
1395.210589
1395.210589
1395.210589
1395.210589
1395.210589
1395.210589
1395.210589
1395.210589
1395.210589
1395.210589
1395.210589
1395.210589
1395.210589
1395.210589
1395.210589
1395.210589
1395.210589
1395.210589
1395.210589
1395.210589
1395.210589
1395.210589
1395.210589
1395.210589
1395.210589
1395.210589
1395.210589
1395.210589
1395.210589
1395.210589
1395.210589
1395.210589
1395.210589
1395.210589
1395.210589
1395.210589
1395.210589
1395.210589
1395.210579
1395.210579
1395.210579
1395.210579
1395.210579
1395.210579
1395.210579
1395.210579
1395.210579
1395.210579
1395.210579
1395.210579
1395.210579
1395.210579
1395.210579
1395.210579
1395.210579
1395.210579
1395.210579
1395.210579
1395.210579
1395.210579
1395.210579
1395.210579
1395.210579
1395.210579
1395.210579
1395.210579
1395.210579
1395.210579
1395.210579
1395.210579
1395.210579
1395.210579
1395.210579
1395.210579
1395.210579
1395.210579
1395.210579
1395.210579
1395.210579
1395.210579
1395.210579
1395.210579
1395.210579
1395.210579
1395.210579
1395.210579
1395.210579
1395.210579
1395.210579
1395.210579
1395.210579
1395.210579
1395.210579
1395.210579
1395.210579
1395.210579
1395.210579
1395.210579
1395.210579
1395.210579
1395.210579
1395.210579
1395.210579
1395.210579
1395.210579
1395.210579
1395.210579
1395.210579
1395.104231
1395.104231
1395.104231
1395.104231
1395.104231
1395.104231
1395.104231
1395.104231
1395.104231
1395.104231
1395.104231
1395.104231
1395.104231
1395.104231
1395.104231
1395.104231
1395.104231
1395.104231
1395.104231
1395.104231
1395.104231
1395.104231
1395.104231
1395.104231
1395.104231
1395.071643
1395.071643
1395.071643
1395.071643
1395.071643
1395.071643
1395.071643
1395.071643
1395.071643
1395.071643
1395.071643
1395.071643
1395.071643
1395.071643
1395.071643
1395.071643
1395.071643
1395.071643
1395.071643
1395.071643
1395.071643
1395.071643
1395.071643
1395.071643
1395.071643
1395.071643
1395.071643
1395.071643
1395.071643
1395.071643
1395.071643
1395.071643
1395.071643
1395.071643
1395.071643
1395.071643
1395.071643
1395.071643
1395.071643
1395.071643
1395.071643
1395.071643
1395.071643
1395.071643
1395.071643
1395.071643
1395.071643
1395.071643
1395.071643
1395.071643
1395.071643
1395.071643
1395.071643
1395.071643
1395.071643
1395.071643
1395.071643
1395.071643
1395.071643
1395.071643
1395.071643
1395.071643
1395.071643
1395.068468
1395.068468
1395.068468
1395.068468
1395.068468
1395.068468
1395.068468
1395.068468
1395.068468
1395.068468
1395.068468
1395.068468
1395.068468
1395.068468
1395.068468
1395.068468
1395.068468
1395.068468
1395.068468
1395.068468
1395.068468
1395.068468
1395.068468
1395.068468
1395.068468
1395.068468
1395.068468
1395.068468
1395.068468
1395.068468
1395.068468
1395.068468
1395.068468
1395.068468
1395.068468
1395.068468
1395.068468
1395.068468
1394.979565
1394.979565
1394.979565
1394.979565
1394.979565
1394.979565
1394.979565
1394.979565
1394.979565
1394.979565
1394.979565
1394.979565
1394.979565
1394.979565
1394.979565
1394.979565
1394.979565
1394.979565
1394.979565
1394.979565
1394.979565
1394.979565
1394.979565
1394.979565
1394.979565
1394.979565
1394.979565
1394.979565
1394.979565
1394.979565
1394.979565
1394.979565
1394.979565
1394.979565
1394.979565
1394.979565
1394.979565
1394.979565
1394.979565
1394.979565
1394.979565
1394.979565
1394.979565
1394.979565
1394.979565
1394.979565
1394.979565
1394.979565
1394.979565
1394.979565
1394.979565
1394.979565
1394.979565
1394.979565
1394.979565
1394.979565
1394.979565
1394.979565
1394.979565
1394.979565
1394.979565
1394.979565
1394.979565
1394.979565
1394.979565
1394.931389
1394.931389
1394.931389
1394.931389
1394.931389
1394.931389
1394.931389
1394.931389
1394.931389
1394.931389
1394.931389
1394.931389
1394.931389
1394.931389
1394.931389
1394.931389
1394.931389
1394.931389
1394.931389
1394.931389
1394.862859
1394.862859
1394.862859
1394.862859
1394.862859
1394.862859
1394.862859
1394.862859
1394.862859
1394.862859
1394.862859
1394.862859
1394.862859
1394.862859
1394.862859
1394.862859
1394.862859
1394.862859
1394.862859
1394.862859
1394.862859
1394.862859
1394.862859
1394.862859
1394.862859
1394.862859
1394.862859
1394.862859
1394.862859
1394.862859
1394.862859
1394.862859
1394.862859
1394.862859
1394.862859
1394.862859
1394.862859
1394.862859
1394.862859
1394.862859
1394.862859
1394.862859
1394.862859
1394.862859
1394.862859
1394.862859
1394.862859
1394.862859
1394.862859
1394.862859
1394.862859
1394.862859
1394.862859
1394.862859
1394.862859
1394.862859
1394.862859
1394.862859
1394.720896
1394.720896
1394.720896
1394.720896
1394.720896
1394.720896
1394.720896
1394.720896
1394.720896
1394.720896
1394.720896
1394.720896
1394.720896
1394.720896
1394.720896
1394.720896
1394.720896
1394.720896
1394.720896
1394.720896
1394.720896
1394.720896
1394.720896
1394.720896
1394.720896
1394.720896
1394.720896
1394.720896
1394.720896
1394.720896
1394.720896
1394.720896
1394.720896
1394.720896
1394.720896
1394.720896
1394.720896
1394.720896
1394.720896
1394.720896
1394.720896
1394.720896
1394.720896
1394.720896
1394.720896
1394.720896
1394.720896
1394.720896
1394.720896
1394.720896
1394.720896
1394.720896
1394.720896
1394.720896
1394.720896
1394.720896
1394.720896
1394.720896
1394.720896
1394.720896
1394.720896
1394.720896
1394.720896
1394.720896
1394.720896
1394.720896
1394.720896
1394.720896
1394.720896
1394.720896
1394.720896
1394.720896
1394.720896
1394.720896
1394.720896
1394.720896
1394.720896
1394.720896
1394.720896
1394.720896
1394.720896
1394.720896
1394.720896
1394.720896
1394.720896
1394.720896
1394.720896
1394.720896
1394.720896
1394.720896
1394.720896
1394.720896
1394.720896
1394.720896
1394.720896
1394.720896
1394.720896
1394.720896
1394.720896
1394.720896
1394.720896
1394.720896
1394.720896
1394.720896
1394.720896
1394.720896
1394.720896
1394.720896
1394.720896
1394.720896
1394.720896
1394.720896
1394.720896
1394.720896
1394.720896
1394.720896
1394.720896
1394.720896
1394.720896
1394.720896
1394.720896
1394.720896
1394.720896
1394.720896
1394.720896
1394.720896
1394.720896
1394.720896
1394.720896
1394.720896
1394.720896
1394.720896
1394.720896
1394.720896
1394.720896
1394.720896
1394.720896
1394.720896
1394.720896
1394.720896
1394.720896
1394.720896
1394.720896
1394.720896
1394.720896
1394.720896
1394.720896
1394.720896
1394.720896
1394.720896
1394.720896
1394.720896
1394.720896
1394.720896
1394.720896
1394.720896
1394.720896
1394.720896
1394.720896
1394.720896
1394.720896
1394.720896
1394.720896
1394.720896
1394.720896
1394.720896
1394.720896
1394.720896
1394.720896
1394.720896
1394.720896
1394.720896
1394.720896
1394.720896
1394.720896
1394.720896
1394.720896
1394.720896
1394.720896
1394.720896
1394.720896
1394.720896
1394.720896
1394.720896
1394.720896
1394.720896
1394.720896
1394.720896
1394.720896
1394.720896
1394.720896
1394.720896
1394.720896
1394.720896
1394.720896
1394.720896
1394.720896
1394.720896
1394.720896
1394.720896
1394.720896
1394.720896
1394.720896
1394.720896
1394.720896
1394.720896
1394.720896
1394.720896
1394.720896
1394.720896
1394.720896
1394.720896
1394.720896
1394.720896
1394.720896
1394.720896
1394.720896
1394.720896
1394.720896
1394.720896
1394.720896
1394.720896
1394.720896
1394.720896
1394.720896
1394.720896
1394.720896
1394.720896
1394.720896
1394.720896
1394.711297
1394.711297
1394.632145
1394.632145
1394.632145
1394.632145
1394.632145
1394.632145
1394.632145
1394.632145
1394.632145
1394.632145
1394.632145
1394.632145
1394.632145
1394.632145
1394.632145
1394.632145
1394.632145
1394.632145
1394.632145
1394.632145
1394.632145
1394.632145
1394.632145
1394.632145
1394.632145
1394.632145
1394.632145
1394.632145
1394.632145
1394.632145
1394.632145
1394.632145
1394.632145
1394.632145
1394.632145
1394.632145
1394.632145
1394.632145
1394.632145
1394.632145
1394.632145
1394.632145
1394.632145
1394.632145
1394.632145
1394.632145
1394.632145
1394.632145
1394.632145
1394.632145
1394.632145
1394.632145
1394.632145
1394.632145
1394.632145
1394.632145
1394.632145
1394.632145
1394.632145
1394.632145
1394.632145
1394.632145
1394.632145
1394.632145
1394.632145
1394.632145
1394.632145
1394.632145
1394.632145
1394.632145
1394.632145
1394.632145
1394.632145
1394.632145
1394.632145
1394.632145
1394.632145
1394.632145
1394.595998
1394.595998
1394.595998
1394.595998
1394.595998
1394.595998
1394.595998
1394.595998
1394.595998
1394.595998
1394.595998
1394.595998
1394.595998
1394.595998
1394.595998
1394.595998
1394.595998
1394.595998
1394.595998
1394.595998
1394.595998
1394.595998
1394.595998
1394.595998
1394.595998
1394.595998
1394.595998
1394.595998
1394.595998
1394.595998
1394.595998
1394.595998
1394.595998
1394.595998
1394.595998
1394.595998
1394.595998
1394.595998
1394.595998
1394.595998
1394.595998
1394.595998
1394.595998
1394.595998
1394.595998
1394.595998
1394.595998
1394.595998
1394.595998
1394.595998
1394.595998
1394.595998
1394.595998
1394.595998
1394.595998
1394.595998
1394.595998
1394.595998
1394.595998
1394.595998
1394.595998
1394.595998
1394.595998
1394.595998
1394.595998
1394.595998
1394.595998
1394.595998
1394.595998
1394.595998
1394.595998
1394.595998
1394.595998
1394.595998
1394.595998
1394.595998
1394.595998
1394.595998
1394.595998
1394.595998
1394.595998
1394.595998
1394.595998
1394.595998
1394.595998
1394.595998
1394.595998
1394.595998
1394.595998
1394.595998
1394.595998
1394.595998
1394.595998
1394.595998
1394.595998
1394.595998
1394.595998
1394.595998
1394.595998
1394.595998
1394.595998
1394.595998
1394.595998
1394.595998
1394.595998
1394.595998
1394.595998
1394.595998
1394.595998
1394.595998
1394.595998
1394.595998
1394.595998
1394.595998
1394.595998
1394.595998
1394.595998
1394.595998
1394.595998
1394.595998
1394.595998
1394.595998
1394.595998
1394.595998
1394.595998
1394.595998
1394.595998
1394.595998
1394.595998
1394.595998
1394.595998
1394.595998
1394.595998
1394.595998
1394.595998
1394.595998
1394.595998
1394.595998
1394.595998
1394.595998
1394.595998
1394.595998
1394.595998
1394.595998
1394.595998
1394.595998
1394.595998
1394.541185
1394.541185
1394.541185
1394.541185
1394.541185
1394.541185
1394.541185
1394.541185
1394.541185
1394.541185
1394.541185
1394.541185
1394.541185
1394.541185
1394.541185
1394.541185
1394.541185
1394.541185
1394.541185
1394.541185
1394.541185
1394.541185
1394.541185
1394.530137
1394.530137
1394.530137
1394.530137
1394.530137
1394.530137
1394.530137
1394.530137
1394.530137
1394.530137
1394.530137
1394.530137
1394.530137
1394.530137
1394.530137
1394.530137
1394.530137
1394.530137
1394.530137
1394.530137
1394.530137
1394.530137
1394.530137
1394.530137
1394.530137
1394.530137
1394.530137
1394.530137
1394.530137
1394.530137
1394.530137
1394.530137
1394.530137
1394.530137
1394.530137
1394.530137
1394.530137
1394.530137
1394.530137
1394.530137
1394.530137
1394.530137
1394.442856
1394.442856
1394.442856
1394.442856
1394.442856
1394.442856
1394.442856
1394.442856
1394.442856
1394.442856
1394.442856
1394.442856
1394.442856
1394.442856
1394.442856
1394.442856
1394.442856
1394.442856
1394.442856
1394.442856
1394.442856
1394.442856
1394.442856
1394.442856
1394.442856
1394.442856
1394.442856
1394.442856
1394.442856
1394.442856
1394.442856
1394.442856
1394.442856
1394.442856
1394.442856
1394.442856
1394.442856
1394.442856
1394.442856
1394.442856
1394.442856
1394.442856
1394.442856
1394.442856
1394.442856
1394.442856
1394.442856
1394.442856
1394.442856
1394.442856
1394.442856
1394.442856
1394.442856
1394.442856
1394.442856
1394.442856
1394.442856
1394.442856
1394.442856
1394.442856
1394.442856
1394.442856
1394.442856
1394.442856
1394.442856
1394.442856
1394.442856
1394.442856
1394.442856
1394.442856
1394.442856
1394.442856
1394.442856
1394.442856
1394.442856
1394.442856
1394.442856
1394.442856
1394.442856
1394.442856
1394.442856
1394.442856
1394.442856
1394.442856
1394.442856
1394.442856
1394.442856
1394.442856
1394.442856
1394.442856
1394.442856
1394.442856
1394.442856
1394.442856
1394.442856
1394.442856
1394.442856
1394.442856
1394.442856
1394.442856
1394.442856
1394.442856
1394.423873
1394.423873
1394.423873
1394.423873
1394.423873
1394.423873
1394.423873
1394.423873
1394.423873
1394.423873
1394.423873
1394.423873
1394.423873
1394.423873
1394.423873
1394.423873
1394.423873
1394.402874
1394.402874
1394.402874
1394.402874
1394.402874
1394.402874
1394.402874
1394.402874
1394.402874
1394.402874
1394.402874
1394.402874
1394.402874
1394.402874
1394.402874
1394.402874
1394.402874
1394.402874
1394.402874
1394.402874
1394.402874
1394.402874
1394.402874
1394.402874
1394.402874
1394.402874
1394.402874
1394.402874
1394.402874
1394.402874
1394.402874
1394.402874
1394.402874
1394.402874
1394.402874
1394.402874
1394.272677
1394.272677
1394.272677
1394.272677
1394.272677
1394.272677
1394.272677
1394.272677
1394.272677
1394.272677
1394.272677
1394.272677
1394.272677
1394.272677
1394.272677
1394.272677
1394.272677
1394.272677
1394.272677
1394.272677
1394.272677
1394.272677
1394.272677
1394.272677
1394.272677
1394.272677
1394.272677
1394.272677
1394.272677
1394.272677
1394.272677
1394.272677
1394.272677
1394.272677
1394.272677
1394.272677
1394.272677
1394.272677
1394.272677
1394.272677
1394.272677
1394.272677
1394.272677
1394.272677
1394.272677
1394.272677
1394.272677
1394.272677
1394.272677
1394.272677
1394.272677
1394.272677
1394.272677
1394.272677
1394.272677
1394.272677
1394.272677
1394.272677
1394.272677
1394.272677
1394.272677
1394.272677
1394.272677
1394.272677
1394.272677
1394.272677
1394.272677
1394.272677
1394.264980
1394.264980
1394.264980
1394.264980
1394.264980
1394.264980
1394.264980
1394.264980
1394.264980
1394.264980
1394.264980
1394.264980
1394.264980
1394.264980
1394.264980
1394.264980
1394.264980
1394.264980
1394.264980
1394.264980
1394.264980
1394.264980
1394.264980
1394.264980
1394.264980
1394.264980
1394.264172
1394.264172
1394.264172
1394.264172
1394.264172
1394.264172
1394.264172
1394.264172
1394.264172
1394.264172
1394.264172
1394.264172
1394.264172
1394.264172
1394.264172
1394.264172
1394.264172
1394.264172
1394.264172
1394.264172
1394.264172
1394.264172
1394.264172
1394.264172
1394.248961
1394.248961
1394.248961
1394.248961
1394.248961
1394.248961
1394.248961
1394.248961
1394.248961
1394.248961
1394.248961
1394.248961
1394.248961
1394.248961
1394.248961
1394.248961
1394.248961
1394.248961
1394.248961
1394.248961
1394.248961
1394.248961
1394.248961
1394.248961
1394.248961
1394.248961
1394.248961
1394.248961
1394.248961
1394.248961
1394.248961
1394.248961
1394.248961
1394.248961
1394.248961
1394.248961
1394.248961
1394.248961
1394.248961
1394.248961
1394.248961
1394.248961
1394.248961
1394.248961
1394.248961
1394.248961
1394.248961
1394.248961
1394.248961
1394.248961
1394.248961
1394.248961
1394.248961
1394.248961
1394.248961
1394.248961
1394.248961
1394.248961
1394.248961
1394.248961
1394.248961
1394.248961
1394.248961
1394.248961
1394.248961
1394.248961
1394.248961
1394.248961
1394.248961
1394.248961
1394.248961
1394.248961
1394.248961
1394.248961
1394.248961
1394.248961
1394.240389
1394.240389
1394.240389
1394.240389
1394.240389
1394.240389
1394.240389
1394.240389
1394.240389
1394.240389
1394.240389
1394.240389
1394.240389
1394.240389
1394.240389
1394.240389
1394.240389
1394.230448
1394.230448
1394.230448
1394.230448
1394.230448
1394.230448
1394.230448
1394.230448
1394.229817
1394.229817
1394.229817
1394.229817
1394.229817
1394.229817
1394.229817
1394.229817
1394.229817
1394.229817
1394.229817
1394.229817
1394.229817
1394.229817
1394.210398
1394.210398
1394.210398
1394.210398
1394.210398
1394.210398
1394.210398
1394.210398
1394.210398
1394.210398
1394.210398
1394.210398
1394.210398
1394.210398
1394.210398
1394.210398
1394.210398
1394.210398
1394.210398
1394.210398
1394.210398
1394.210398
1394.210398
1394.210398
1394.210398
1394.210398
1394.210398
1394.210398
1394.210398
1394.210398
1394.210398
1394.210398
1394.210398
1394.210398
1394.210398
1394.210398
1394.210398
1394.210398
1394.210398
1394.210398
1394.210398
1394.210398
1394.210398
1394.210398
1394.210398
1394.210398
1394.210398
1394.210398
1394.210398
1394.210398
1394.210398
1394.210398
1394.210398
1394.210398
1394.210398
1394.210398
1394.210398
1394.210398
1394.210398
1394.210398
1394.210398
1394.210398
1394.210398
1394.210398
1394.210398
1394.210398
1394.210398
1394.210398
1394.210398
1394.210398
1394.210398
1394.210398
1394.210398
1394.210398
1394.210398
1394.210398
1394.210398
1394.210398
1394.210398
1394.210398
1394.210398
1394.210398
1394.210398
1394.210398
1394.210398
1394.210398
1394.210398
1394.210398
1394.210398
1394.210398
1394.210398
1394.210398
1394.210398
1394.210398
1394.210398
1394.210398
1394.210398
1394.210398
1394.210398
1394.210398
1394.210398
1394.210398
1394.210398
1394.210398
1394.210398
1394.210398
1394.210398
1394.210398
1394.210398
1394.210398
1394.210398
1394.210398
1394.210398
1394.210398
1394.210398
1394.210398
1394.210398
1394.210398
1394.210398
1394.210398
1394.210398
1394.210398
1394.210398
1394.210398
1394.210398
1394.210398
1394.210398
1394.210398
1394.210398
1394.210398
1394.210398
1394.210398
1394.210398
1394.210398
1394.210398
1394.210398
1394.210398
1394.210398
1394.210398
1394.210398
1394.210398
1394.210398
1394.210398
1394.210398
1394.210398
1394.210398
1394.210398
1394.210398
1394.210398
1394.210398
1394.210398
1394.210398
1394.210398
1394.210398
1394.210398
1394.210398
1394.210398
1394.210398
1394.210398
1394.157442
1394.157442
1394.157442
1394.157442
1394.157442
1394.157442
1394.147435
1394.147435
1394.147435
1394.147435
1394.147435
1394.147435
1394.147435
1394.147435
1394.147435
1394.147435
1394.147435
1394.147435
1394.147435
1394.147435
1394.147435
1394.147435
1394.147435
1394.147435
1394.147435
1394.147435
1394.147435
1394.147435
1394.147435
1394.147435
1394.147435
1394.147435
1394.147435
1394.147435
1394.147435
1394.147435
1394.147435
1394.147435
1394.147435
1394.147435
1394.147435
1394.147435
1394.147435
1394.147435
1394.147435
1394.147435
1394.147435
1394.147435
1394.147435
1394.147435
1394.147435
1394.147435
1394.147435
1394.147435
1394.147435
1394.147435
1394.147435
1394.147435
1394.147435
1394.147435
1394.147435
1394.147435
1394.147435
1394.147435
1394.147435
1394.147435
1394.147435
1394.147435
1394.147435
1394.147435
1394.147435
1394.147435
1394.147435
1394.147435
1394.147435
1394.147435
1394.147435
1394.147435
1394.147435
1394.147435
1394.147435
1394.147435
1394.147435
1394.147435
1394.147435
1394.147435
1394.147435
1394.147435
1394.147435
1394.147435
1394.147435
1394.147435
1394.141613
1394.141613
1394.141613
1394.141613
1394.141613
1394.141613
1394.141613
1394.141613
1394.141613
1394.141613
1394.141613
1394.141613
1394.141613
1394.141613
1394.141613
1394.141613
1394.141613
1394.141613
1394.141613
1394.141613
1394.141613
1394.141613
1394.141613
1394.141613
1394.141613
1394.141613
1394.141613
1394.141613
1394.141613
1394.141613
1394.124250
1394.124250
1394.124250
1394.124250
1394.124250
1394.124250
1394.124250
1394.124250
1394.124250
1394.124250
1394.124250
1394.124250
1394.124250
1394.124250
1394.124250
1394.124250
1394.124250
1394.124250
1394.124250
1394.124250
1394.124250
1394.124250
1394.124250
1394.124250
1394.124250
1394.124250
1394.124250
1394.124250
1394.124250
1394.124250
1394.124250
1394.124250
1394.124250
1394.124250
1394.124250
1394.124250
1394.124250
1394.124250
1394.124250
1394.124250
1394.124250
1394.124250
1394.124250
1394.124250
1394.124250
1394.124250
1394.124250
1394.124250
1394.124250
1394.124250
1394.124250
1394.089302
1394.089302
1394.089302
1394.089302
1394.089302
1394.089302
1394.089302
1394.089302
1394.089302
1394.089302
1394.089302
1394.089302
1394.089302
1394.089302
1394.089302
1394.089302
1394.089302
1394.089302
1394.089302
1394.089302
1394.089302
1394.089302
1394.089302
1394.089302
1394.089302
1394.089302
1394.089302
1394.089302
1394.089302
1394.089302
1394.089302
1394.089302
1394.089302
1394.089302
1394.089302
1394.089302
1394.089302
1394.089302
1394.076782
1394.076782
1394.076782
1394.076782
1394.076782
1394.076782
1394.076782
1394.076782
1394.076782
1394.076782
1394.076782
1394.076782
1394.076782
1394.076782
1394.076782
1394.076782
1394.076782
1394.076782
1394.076782
1394.076782
1394.076782
1394.076782
1394.076782
1394.076782
1394.076782
1394.076782
1394.076782
1394.076782
1394.076782
1394.076782
1394.076782
1394.076782
1394.076782
1394.076782
1394.076782
1394.076782
1394.076782
1394.076782
1394.076782
1394.076782
1394.076782
1394.076782
1394.076782
1394.076782
1394.076782
1394.076782
1394.076782
1394.076782
1394.076782
1394.076782
1394.069397
1394.069397
1394.069397
1394.069397
1394.069397
1394.069397
1394.069397
1393.998853
1393.998853
1393.998853
1393.998853
1393.998853
1393.998853
1393.998853
1393.998853
1393.998853
1393.998853
1393.998853
1393.998853
1393.998853
1393.998853
1393.998853
1393.998853
1393.998853
1393.998853
1393.998853
1393.998853
1393.998853
1393.998853
1393.998853
1393.998853
1393.998853
1393.998853
1393.998853
1393.998853
1393.998853
1393.998853
1393.998853
1393.998853
1393.998853
1393.998853
1393.998853
1393.998853
1393.998853
1393.998853
1393.998853
1393.998853
1393.998853
1393.998853
1393.998853
1393.998853
1393.998853
1393.998853
1393.998853
1393.998853
1393.998853
1393.998853
1393.998853
1393.998853
1393.998853
1393.998853
1393.998853
1393.998853
1393.998853
1393.998853
1393.998853
1393.998853
1393.998853
1393.998853
1393.998853
1393.998853
1393.998853
1393.998853
1393.998853
1393.998853
1393.998853
1393.998853
1393.998853
1393.998853
1393.964154
1393.964154
1393.964154
1393.964154
1393.964154
1393.964154
1393.964154
1393.964154
1393.964154
1393.964154
1393.964154
1393.964154
1393.964154
1393.964154
1393.964154
1393.964154
1393.964154
1393.964154
1393.964154
1393.964154
1393.964154
1393.964154
1393.964154
1393.964154
1393.964154
1393.964154
1393.964154
1393.964154
1393.964154
1393.964154
1393.964154
1393.964154
1393.964154
1393.964154
1393.964154
1393.964154
1393.964154
1393.964154
1393.964154
1393.964154
1393.964154
1393.964154
1393.964154
1393.964154
1393.964154
1393.964154
1393.964154
1393.964154
1393.964154
1393.937352
1393.937352
1393.937352
1393.937352
1393.937352
1393.937352
1393.937352
1393.937352
1393.937352
1393.937352
1393.930996
1393.930996
1393.930996
1393.930996
1393.930996
1393.930996
1393.898055
1393.898055
1393.898055
1393.898055
1393.898055
1393.898055
1393.898055
1393.898055
1393.898055
1393.898055
1393.898055
1393.898055
1393.898055
1393.898055
1393.898055
1393.898055
1393.898055
1393.898055
1393.898055
1393.898055
1393.898055
1393.898055
1393.898055
1393.898055
1393.898055
1393.898055
1393.898055
1393.898055
1393.898055
1393.898055
1393.898055
1393.898055
1393.898055
1393.898055
1393.898055
1393.898055
1393.866390
1393.866390
1393.866390
1393.866390
1393.866390
1393.866390
1393.866390
1393.866390
1393.866390
1393.866390
1393.866390
1393.866390
1393.866390
1393.866390
1393.866390
1393.866390
1393.866390
1393.866390
1393.866390
1393.866390
1393.866390
1393.866390
1393.866390
1393.866390
1393.866390
1393.866390
1393.866390
1393.866390
1393.866390
1393.866390
1393.866390
1393.866390
1393.866390
1393.866390
1393.866390
1393.866390
1393.866390
1393.866390
1393.866390
1393.866390
1393.866390
1393.866390
1393.866390
1393.866390
1393.866390
1393.866390
1393.866390
1393.866390
1393.866390
1393.866390
1393.866390
1393.862102
1393.862102
1393.818827
1393.818827
1393.818827
1393.818827
1393.806399
1393.806399
1393.806399
1393.806399
1393.806399
1393.806399
1393.806399
1393.806399
1393.806399
1393.806399
1393.806399
1393.806399
1393.806399
1393.806399
1393.806399
1393.806399
1393.806399
1393.806399
1393.806399
1393.806399
1393.806399
1393.806399
1393.806399
1393.806399
1393.806399
1393.806399
1393.806399
1393.806399
1393.806399
1393.806399
1393.806399
1393.806399
1393.806399
1393.806399
1393.806399
1393.806399
1393.806399
1393.806399
1393.806399
1393.806399
1393.806399
1393.806399
1393.806399
1393.806399
1393.806399
1393.806399
1393.806399
1393.806399
1393.806399
1393.806399
1393.806399
1393.806399
1393.806399
1393.806399
1393.806399
1393.806399
1393.806399
1393.806399
1393.806399
1393.806399
1393.806399
1393.806399
1393.806399
1393.806399
1393.806399
1393.806399
1393.806399
1393.806399
1393.806399
1393.806399
1393.806399
1393.806399
1393.806399
1393.806399
1393.806399
1393.806399
1393.806399
1393.806399
1393.806399
1393.806399
1393.806399
1393.806399
1393.806399
1393.806399
1393.806399
1393.806399
1393.806399
1393.806399
1393.806399
1393.806399
1393.806399
1393.806399
1393.806399
1393.806399
1393.806399
1393.806399
1393.713497
1393.713497
1393.713497
1393.713497
1393.713497
1393.713497
1393.713497
1393.713497
1393.713497
1393.713497
1393.713497
1393.713497
1393.713497
1393.713497
1393.713497
1393.713497
1393.713497
1393.713497
1393.713497
1393.713497
1393.713497
1393.713497
1393.713497
1393.713497
1393.713497
1393.713497
1393.713497
1393.713497
1393.713497
1393.713497
1393.713497
1393.713497
1393.713497
1393.713497
1393.713497
1393.713497
1393.713497
1393.713497
1393.713497
1393.713497
1393.713497
1393.713497
1393.713497
1393.713497
1393.713497
1393.713497
1393.713497
1393.713497
1393.713497
1393.713497
1393.706622
1393.706622
1393.706622
1393.706622
1393.706622
1393.706622
1393.706622
1393.706622
1393.706622
1393.706622
1393.706622
1393.706622
1393.706622
1393.706622
1393.706622
1393.706622
1393.706622
1393.706622
1393.706622
1393.706622
1393.706622
1393.706622
1393.706622
1393.706622
1393.706622
1393.706622
1393.706622
1393.706622
1393.706622
1393.706622
1393.706622
1393.706622
1393.706622
1393.706622
1393.706622
1393.706622
1393.706622
1393.706622
1393.706622
1393.706622
1393.706622
1393.706622
1393.706622
1393.706622
1393.706622
1393.706622
1393.706622
1393.706622
1393.706622
1393.706622
1393.706622
1393.706622
1393.706622
1393.706622
1393.706622
1393.706622
1393.706622
1393.706622
1393.706622
1393.706622
1393.706622
1393.706622
1393.706622
1393.706622
1393.706622
1393.706622
1393.706622
1393.706622
1393.706622
1393.706622
1393.706622
1393.706622
1393.706622
1393.706622
1393.706622
1393.706622
1393.706622
1393.706622
1393.706622
1393.706622
1393.706622
1393.706622
1393.706622
1393.706622
1393.706622
1393.706622
1393.706622
1393.706622
1393.706622
1393.706622
1393.706622
1393.706622
1393.706622
1393.706622
1393.706622
1393.706622
1393.706622
1393.706622
1393.706622
1393.706622
1393.706622
1393.706622
1393.706622
1393.706622
1393.706622
1393.706622
1393.706622
1393.706622
1393.706622
1393.706622
1393.706622
1393.706622
1393.706622
1393.706622
1393.706622
1393.706622
1393.706622
1393.706622
1393.706622
1393.706622
1393.706622
1393.706622
1393.706622
1393.706622
1393.706622
1393.706622
1393.706622
1393.706622
1393.706622
1393.706622
1393.706622
1393.706622
1393.706622
1393.706622
1393.706622
1393.706622
1393.706622
1393.706622
1393.706622
1393.706622
1393.706622
1393.706622
1393.706622
1393.706622
1393.706622
1393.706622
1393.706622
1393.706622
1393.706622
1393.706622
1393.706622
1393.706622
1393.706622
1393.706622
1393.706622
1393.706622
1393.706622
1393.706622
1393.706622
1393.706622
1393.706622
1393.706622
1393.706622
1393.706622
1393.706622
1393.706622
1393.706622
1393.706622
1393.706622
1393.706622
1393.706622
1393.706622
1393.706622
1393.706622
1393.706622
1393.706622
1393.706622
1393.706622
1393.706622
1393.706622
1393.706622
1393.706622
1393.706622
1393.706622
1393.706622
1393.706622
1393.706622
1393.706622
1393.706622
1393.706622
1393.706622
1393.706622
1393.706622
1393.706622
1393.706622
1393.706622
1393.706622
1393.706622
1393.706622
1393.706622
1393.706622
1393.706622
1393.706622
1393.706622
1393.706622
1393.706622
1393.658093
1393.658093
1393.658093
1393.658093
1393.658093
1393.658093
1393.658093
1393.658093
1393.658093
1393.658093
1393.658093
1393.658093
1393.658093
1393.658093
1393.658093
1393.658093
1393.658093
1393.658093
1393.658093
1393.658093
1393.658093
1393.658093
1393.658093
1393.658093
1393.658093
1393.658093
1393.658093
1393.658093
1393.658093
1393.658093
1393.658093
1393.658093
1393.658093
1393.658093
1393.658093
1393.658093
1393.658093
1393.658093
1393.658093
1393.658093
1393.658093
1393.658093
1393.658093
1393.658093
1393.658093
1393.658093
1393.658093
1393.658093
1393.658093
1393.658093
1393.658093
1393.658093
1393.658093
1393.658093
1393.658093
1393.658093
1393.658093
1393.658093
1393.658093
1393.658093
1393.658093
1393.658093
1393.658093
1393.658093
1393.658093
1393.658093
1393.658093
1393.658093
1393.658093
1393.658093
1393.658093
1393.658093
1393.658093
1393.658093
1393.658093
1393.658093
1393.658093
1393.658093
1393.658093
1393.658093
1393.658093
1393.651115
1393.651115
1393.651115
1393.651115
1393.651115
1393.651115
1393.651115
1393.651115
1393.651115
1393.651115
1393.651115
1393.651115
1393.651115
1393.651115
1393.651115
1393.651115
1393.651115
1393.651115
1393.651115
1393.651115
1393.651115
1393.651115
1393.651115
1393.651115
1393.651115
1393.651115
1393.651115
1393.651115
1393.651115
1393.651115
1393.651115
1393.651115
1393.651115
1393.651115
1393.651115
1393.651115
1393.651115
1393.651115
1393.651115
1393.651115
1393.651115
1393.651115
1393.651115
1393.651115
1393.651115
1393.651115
1393.651115
1393.651115
1393.651115
1393.651115
1393.651115
1393.651115
1393.651115
1393.651115
1393.651115
1393.628986
1393.628986
1393.628986
1393.628986
1393.628564
1393.628564
1393.628564
1393.628564
1393.628564
1393.628564
1393.628564
1393.628564
1393.628564
1393.628564
1393.628564
1393.628564
1393.628564
1393.628564
1393.628564
1393.624017
1393.624017
1393.624017
1393.624017
1393.624017
1393.624017
1393.624017
1393.624017
1393.624017
1393.624017
1393.624017
1393.624017
1393.624017
1393.624017
1393.624017
1393.624017
1393.624017
1393.624017
1393.624017
1393.624017
1393.624017
1393.624017
1393.624017
1393.624017
1393.624017
1393.624017
1393.623886
1393.623886
1393.623886
1393.623886
1393.623886
1393.623886
1393.623886
1393.623886
1393.623886
1393.623886
1393.623886
1393.623886
1393.605982
1393.605982
1393.605982
1393.605982
1393.605982
1393.605982
1393.605982
1393.605982
1393.605982
1393.605982
1393.605982
1393.605982
1393.605982
1393.605982
1393.605982
1393.605982
1393.605982
1393.605982
1393.605982
1393.605982
1393.605982
1393.605982
1393.605982
1393.605982
1393.605982
1393.605982
1393.605982
1393.605982
1393.605982
1393.605982
1393.605982
1393.605982
1393.605982
1393.605982
1393.605982
1393.605982
1393.605982
1393.605982
1393.605982
1393.605982
1393.605982
1393.605982
1393.605982
1393.605982
1393.605982
1393.605982
1393.605982
1393.605982
1393.605982
1393.605982
1393.605982
1393.605982
1393.605982
1393.605982
1393.605982
1393.605982
1393.605982
1393.605982
1393.605982
1393.605982
1393.605982
1393.605982
1393.605982
1393.605982
1393.605982
1393.605982
1393.605982
1393.605982
1393.605982
1393.605982
1393.605982
1393.605982
1393.605982
1393.605982
1393.605982
1393.605982
1393.605982
1393.605982
1393.605982
1393.605982
1393.605982
1393.605982
1393.605982
1393.605982
1393.605982
1393.605982
1393.605982
1393.605982
1393.559634
1393.559634
1393.559634
1393.559634
1393.559634
1393.559634
1393.559634
1393.559634
1393.559634
1393.559634
1393.559634
1393.559634
1393.559634
1393.559634
1393.559634
1393.559634
1393.559634
1393.559634
1393.559634
1393.559634
1393.559634
1393.559634
1393.559634
1393.559634
1393.559634
1393.559634
1393.559634
1393.559634
1393.559634
1393.559634
1393.559634
1393.559634
1393.559634
1393.559634
1393.559634
1393.559634
1393.559634
1393.559634
1393.559634
1393.559634
1393.559634
1393.559634
1393.559634
1393.559634
1393.559634
1393.559634
1393.559634
1393.559634
1393.559634
1393.559634
1393.559634
1393.559634
1393.559634
1393.559634
1393.559634
1393.559634
1393.559634
1393.559634
1393.559634
1393.559634
1393.559634
1393.559634
1393.559634
1393.559634
1393.559634
1393.559634
1393.559634
1393.559634
1393.559634
1393.559634
1393.559634
1393.559634
1393.559634
1393.559634
1393.559634
1393.559634
1393.559634
1393.559634
1393.559634
1393.559634
1393.527028
1393.527028
1393.527028
1393.527028
1393.527028
1393.527028
1393.527028
1393.527028
1393.527028
1393.527028
1393.527028
1393.527028
1393.527028
1393.527028
1393.527028
1393.527028
1393.527028
1393.527028
1393.527028
1393.527028
1393.527028
1393.527028
1393.527028
1393.527028
1393.527028
1393.527028
1393.527028
1393.527028
1393.527028
1393.527028
1393.527028
1393.527028
1393.527028
1393.527028
1393.527028
1393.527028
1393.527028
1393.527028
1393.527028
1393.527028
1393.527028
1393.527028
1393.527028
1393.527028
1393.527028
1393.527028
1393.527028
1393.527028
1393.527028
1393.527028
1393.527028
1393.527028
1393.527028
1393.527028
1393.527028
1393.527028
1393.527028
1393.527028
1393.527028
1393.527028
1393.527028
1393.527028
1393.527028
1393.527028
1393.527028
1393.527028
1393.527028
1393.527028
1393.527028
1393.527028
1393.527028
1393.527028
1393.527028
1393.527028
1393.527028
1393.527028
1393.527028
1393.527028
1393.527028
1393.527028
1393.527028
1393.488338
1393.488338
1393.488338
1393.488338
1393.488338
1393.488338
1393.488338
1393.488338
1393.488338
1393.488338
1393.488338
1393.488338
1393.488338
1393.488338
1393.488338
1393.488338
1393.488338
1393.488338
1393.488338
1393.488338
1393.488338
1393.488338
1393.488338
1393.488338
1393.488338
1393.488338
1393.488338
1393.488338
1393.488338
1393.488338
1393.488338
1393.488338
1393.488338
1393.488338
1393.488338
1393.488338
1393.488338
1393.488338
1393.488338
1393.488338
1393.488338
1393.488338
1393.488338
1393.488338
1393.488338
1393.488338
1393.488338
1393.488338
1393.488338
1393.488338
1393.468382
1393.461974
1393.461974
1393.461974
1393.461974
1393.461974
1393.461974
1393.461974
1393.461974
1393.461974
1393.461974
1393.461974
1393.461974
1393.461974
1393.461974
1393.461974
1393.461974
1393.461974
1393.461974
1393.461974
1393.461974
1393.461974
1393.461974
1393.461974
1393.461974
1393.461974
1393.461974
1393.461974
1393.461974
1393.461974
1393.461974
1393.461974
1393.461974
1393.461974
1393.461974
1393.461974
1393.461974
1393.461974
1393.461974
1393.461974
1393.461974
1393.461974
1393.461974
1393.461974
1393.461974
1393.461974
1393.461974
1393.461974
1393.461974
1393.461974
1393.461974
1393.461974
1393.461974
1393.461974
1393.461974
1393.461974
1393.461974
1393.461974
1393.461974
1393.461974
1393.461974
1393.461974
1393.461974
1393.461974
1393.461974
1393.461974
1393.461974
1393.461974
1393.461974
1393.461974
1393.461974
1393.461974
1393.461974
1393.461974
1393.461974
1393.461974
1393.461974
1393.461974
1393.461974
1393.461974
1393.461974
1393.461974
1393.461974
1393.461974
1393.461974
1393.461974
1393.461974
1393.461974
1393.461974
1393.461974
1393.461974
1393.461974
1393.461974
1393.461974
1393.459998
1393.459998
1393.459998
1393.459998
1393.459998
1393.459998
1393.459998
1393.459998
1393.459998
1393.459998
1393.459998
1393.459998
1393.459998
1393.459998
1393.459998
1393.436313
1393.436313
1393.436313
1393.436313
1393.436313
1393.436313
1393.436313
1393.436313
1393.436313
1393.436313
1393.436313
1393.436313
1393.436313
1393.436313
1393.436313
1393.436313
1393.436313
1393.436313
1393.436313
1393.436313
1393.436313
1393.436313
1393.436313
1393.436313
1393.436313
1393.436313
1393.436313
1393.436313
1393.436313
1393.436313
1393.436313
1393.436313
1393.436313
1393.436313
1393.436313
1393.436313
1393.436313
1393.436313
1393.436313
1393.436313
1393.436313
1393.436313
1393.436313
1393.436313
1393.436313
1393.436313
1393.436313
1393.436313
1393.436313
1393.436313
1393.436313
1393.436313
1393.436313
1393.436313
1393.436313
1393.436313
1393.436313
1393.436313
1393.436313
1393.436313
1393.436313
1393.436313
1393.436313
1393.436313
1393.436313
1393.436313
1393.436313
1393.436313
1393.436313
1393.436313
1393.436313
1393.436313
1393.436313
1393.436313
1393.436313
1393.436313
1393.436313
1393.436313
1393.436313
1393.436313
1393.436313
1393.436313
1393.436313
1393.436313
1393.436313
1393.436313
1393.436313
1393.436313
1393.436313
1393.436313
1393.436313
1393.435367
1393.435367
1393.435367
1393.435367
1393.435367
1393.435367
1393.414258
1393.414258
1393.414258
1393.414258
1393.414258
1393.414258
1393.414258
1393.414258
1393.414258
1393.414258
1393.414258
1393.414258
1393.414258
1393.414258
1393.414258
1393.414258
1393.414258
1393.414258
1393.414258
1393.414258
1393.414258
1393.414258
1393.414258
1393.414258
1393.414258
1393.414258
1393.414258
1393.414258
1393.414258
1393.414258
1393.414258
1393.414258
1393.414258
1393.414258
1393.414258
1393.414258
1393.414258
1393.414258
1393.414258
1393.414258
1393.414258
1393.414258
1393.414258
1393.414258
1393.414258
1393.414258
1393.414258
1393.414258
1393.414258
1393.414258
1393.414258
1393.414258
1393.414258
1393.414258
1393.414258
1393.414258
1393.414258
1393.414258
1393.414258
1393.414258
1393.414258
1393.414258
1393.414258
1393.414258
1393.414258
1393.414258
1393.414258
1393.414258
1393.414258
1393.414258
1393.414258
1393.414258
1393.414258
1393.414258
1393.414258
1393.414258
1393.414258
1393.411994
1393.411994
1393.411994
1393.411994
1393.411994
1393.411994
1393.411994
1393.411994
1393.411994
1393.411994
1393.411994
1393.411994
1393.411994
1393.411994
1393.411994
1393.411994
1393.411994
1393.411994
1393.411994
1393.411994
1393.411994
1393.411994
1393.411994
1393.411994
1393.411994
1393.411994
1393.411994
1393.411994
1393.411994
1393.411994
1393.411994
1393.411994
1393.411994
1393.411994
1393.411994
1393.411994
1393.411994
1393.411994
1393.411994
1393.411994
1393.411994
1393.411994
1393.411994
1393.411994
1393.411994
1393.399857
1393.399857
1393.399857
1393.397593
1393.397593
1393.397593
1393.397593
1393.397593
1393.397593
1393.397593
1393.397593
1393.397593
1393.397593
1393.397593
1393.397593
1393.397593
1393.397593
1393.397593
1393.397593
1393.390424
1393.390424
1393.390424
1393.390424
1393.390424
1393.390424
1393.390424
1393.390424
1393.390424
1393.390424
1393.390424
1393.390424
1393.390424
1393.390424
1393.390424
1393.390424
1393.390424
1393.390424
1393.390424
1393.390424
1393.390424
1393.390424
1393.390424
1393.390424
1393.390424
1393.390424
1393.390424
1393.390424
1393.390424
1393.390424
1393.390424
1393.390424
1393.390424
1393.390424
1393.390424
1393.390424
1393.390424
1393.390424
1393.390424
1393.390424
1393.390424
1393.390424
1393.390424
1393.390424
1393.390424
1393.390424
1393.347400
1393.347400
1393.347400
1393.347400
1393.347400
1393.347400
1393.347400
1393.347400
1393.347400
1393.347400
1393.347400
1393.347400
1393.347400
1393.347400
1393.347400
1393.347400
1393.347400
1393.347400
1393.347400
1393.347400
1393.347400
1393.347400
1393.347400
1393.347400
1393.347400
1393.347400
1393.347400
1393.347400
1393.347400
1393.347400
1393.347400
1393.347400
1393.347400
1393.347400
1393.347400
1393.347400
1393.347400
1393.347400
1393.347400
1393.347400
1393.347400
1393.347400
1393.347400
1393.347400
1393.347400
1393.347400
1393.347400
1393.347400
1393.347400
1393.347400
1393.347400
1393.347400
1393.347400
1393.347400
1393.347400
1393.347400
1393.347400
1393.347400
1393.347400
1393.347400
1393.347400
1393.347400
1393.347400
1393.347400
1393.347400
1393.347400
1393.347400
1393.347400
1393.347400
1393.347400
1393.347400
1393.347400
1393.347400
1393.347400
1393.347400
1393.347400
1393.347400
1393.347400
1393.347400
1393.347400
1393.347400
1393.347400
1393.347400
1393.347400
1393.347400
1393.347400
1393.347400
1393.347400
1393.347400
1393.347400
1393.347400
1393.347400
1393.347400
1393.347400
1393.347400
1393.347400
1393.347400
1393.347400
1393.347400
1393.347400
1393.347400
1393.347400
1393.347400
1393.347400
1393.347400
1393.347400
1393.347400
1393.347400
1393.347400
1393.347400
1393.347400
1393.347400
1393.347400
1393.347400
1393.347400
1393.347400
1393.347400
1393.347400
1393.347400
1393.347400
1393.347400
1393.347400
1393.347400
1393.347400
1393.347400
1393.347400
1393.347400
1393.347400
1393.347400
1393.347400
1393.347400
1393.347400
1393.347400
1393.347400
1393.347400
1393.347400
1393.347400
1393.347400
1393.347400
1393.347400
1393.347400
1393.347400
1393.347400
1393.347400
1393.347400
1393.347400
1393.347400
1393.347400
1393.347400
1393.347400
1393.347400
1393.347400
1393.347400
1393.347400
1393.347400
1393.347400
1393.347400
1393.347400
1393.347400
1393.347400
1393.347400
1393.347400
1393.347400
1393.347400
1393.347400
1393.347400
1393.347400
1393.347400
1393.347400
1393.347400
1393.347400
1393.347400
1393.347400
1393.347400
1393.347400
1393.347400
1393.347400
1393.347400
1393.347400
1393.347400
1393.347400
1393.347400
1393.347400
1393.347400
1393.347400
1393.347400
1393.347400
1393.347400
1393.347400
1393.347400
1393.347400
1393.347400
1393.347400
1393.347400
1393.347400
1393.347400
1393.347400
1393.347400
1393.347400
1393.347400
1393.347400
1393.347400
1393.347400
1393.347400
1393.347400
1393.347400
1393.347400
1393.347400
1393.347400
1393.347400
1393.347400
1393.347400
1393.347400
1393.347400
1393.347400
1393.347400
1393.347400
1393.347400
1393.347400
1393.347400
1393.347400
1393.347400
1393.347400
1393.347400
1393.347400
1393.347400
1393.347400
1393.347400
1393.347400
1393.347400
1393.347400
1393.347400
1393.347400
1393.347400
1393.347400
1393.347400
1393.347400
1393.347400
1393.347400
1393.347400
1393.347400
1393.347400
1393.347400
1393.347400
1393.347400
1393.347400
1393.347400
1393.347400
1393.347400
1393.347400
1393.347400
1393.347400
1393.347400
1393.347400
1393.347400
1393.347400
1393.347400
1393.347400
1393.347400
1393.347400
1393.347400
1393.347400
1393.347400
1393.347400
1393.347400
1393.347400
1393.347400
1393.347400
1393.347400
1393.347400
1393.347400
1393.347400
1393.342099
1393.342099
1393.342099
1393.342099
1393.342099
1393.342099
1393.342099
1393.342099
1393.342099
1393.342099
1393.342099
1393.342099
1393.342099
1393.342099
1393.342099
1393.342099
1393.342099
1393.342099
1393.342099
1393.342099
1393.342099
1393.342099
1393.342099
1393.342099
1393.342099
1393.342099
1393.342099
1393.342099
1393.342099
1393.342099
1393.342099
1393.342099
1393.342099
1393.342099
1393.342099
1393.342099
1393.342099
1393.342099
1393.342099
1393.342099
1393.342099
1393.342099
1393.342099
1393.342099
1393.342099
1393.342099
1393.342099
1393.342099
1393.342099
1393.342099
1393.342099
1393.342099
1393.342099
1393.342099
1393.342099
1393.342099
1393.342099
1393.342099
1393.342099
1393.342099
1393.342099
1393.342099
1393.342099
1393.342099
1393.342099
1393.342099
1393.342099
1393.342099
1393.342099
1393.342099
1393.342099
1393.342099
1393.342099
1393.334001
1393.334001
1393.334001
1393.334001
1393.334001
1393.334001
1393.334001
1393.334001
1393.334001
1393.334001
1393.334001
1393.334001
1393.312035
1393.312035
1393.312035
1393.312035
1393.312035
1393.312035
1393.312035
1393.312035
1393.312035
1393.312035
1393.312035
1393.312035
1393.312035
1393.312035
1393.312035
1393.312035
1393.312035
1393.312035
1393.312035
1393.312035
1393.312035
1393.312035
1393.312035
1393.312035
1393.312035
1393.312035
1393.312035
1393.312035
1393.312035
1393.312035
1393.312035
1393.312035
1393.312035
1393.312035
1393.312035
1393.312035
1393.312035
1393.312035
1393.312035
1393.312035
1393.312035
1393.312035
1393.312035
1393.312035
1393.312035
1393.312035
1393.312035
1393.312035
1393.312035
1393.312035
1393.312035
1393.284164
1393.284164
1393.284164
1393.284164
1393.284164
1393.284164
1393.284164
1393.284164
1393.284164
1393.284164
1393.284164
1393.284164
1393.284164
1393.284164
1393.284164
1393.284164
1393.284164
1393.284164
1393.284164
1393.284164
1393.284164
1393.284164
1393.284164
1393.284164
1393.284164
1393.284164
1393.284164
1393.284164
1393.284164
1393.284164
1393.284164
1393.284164
1393.284164
1393.284164
1393.284164
1393.284164
1393.284164
1393.284164
1393.284164
1393.284164
1393.284164
1393.284164
1393.284164
1393.284164
1393.284164
1393.284164
1393.284164
1393.284164
1393.284164
1393.284164
1393.284164
1393.284164
1393.284164
1393.284164
1393.284164
1393.284164
1393.284164
1393.284164
1393.284164
1393.284164
1393.284164
1393.284164
1393.284164
1393.284164
1393.284164
1393.284164
1393.284164
1393.284164
1393.284164
1393.284164
1393.284164
1393.284164
1393.284164
1393.284164
1393.284164
1393.284164
1393.284164
1393.284164
1393.284164
1393.284164
1393.284164
1393.284164
1393.284164
1393.284164
1393.284164
1393.284164
1393.284164
1393.284164
1393.284164
1393.284164
1393.284164
1393.284164
1393.284164
1393.281096
1393.277572
1393.277572
1393.277572
1393.277572
1393.277572
1393.277572
1393.277572
1393.277572
1393.277572
1393.277572
1393.277572
1393.277572
1393.277572
1393.277572
1393.277572
1393.277572
1393.277572
1393.277572
1393.277572
1393.277572
1393.277572
1393.277572
1393.277572
1393.277572
1393.277572
1393.277572
1393.277572
1393.277572
1393.277572
1393.277572
1393.277572
1393.277572
1393.277572
1393.277572
1393.277572
1393.277572
1393.277572
1393.277572
1393.277572
1393.277572
1393.277572
1393.277572
1393.277572
1393.277572
1393.277572
1393.277572
1393.277572
1393.277572
1393.277572
1393.277572
1393.272736
1393.272736
1393.272736
1393.272736
1393.272736
1393.271573
1393.271573
1393.271573
1393.271573
1393.271573
1393.271573
1393.271573
1393.271573
1393.271573
1393.271573
1393.271573
1393.271573
1393.271573
1393.271573
1393.271573
1393.271573
1393.271573
1393.271573
1393.271573
1393.271573
1393.271573
1393.271573
1393.271573
1393.271573
1393.271573
1393.271573
1393.271573
1393.271573
1393.271573
1393.271573
1393.271573
1393.271573
1393.271573
1393.271573
1393.271573
1393.271573
1393.271573
1393.271573
1393.271573
1393.271573
1393.271573
1393.271573
1393.271573
1393.271573
1393.264219
1393.264219
1393.264219
1393.264219
1393.264219
1393.264219
1393.264219
1393.264219
1393.264219
1393.264219
1393.264219
1393.264219
1393.264219
1393.264219
1393.264219
1393.264219
1393.264219
1393.264219
1393.264219
1393.264219
1393.264219
1393.264219
1393.264219
1393.264219
1393.264219
1393.264219
1393.264219
1393.264219
1393.264219
1393.264219
1393.264219
1393.264219
1393.264219
1393.264219
1393.264219
1393.264219
1393.264219
1393.264219
1393.264219
1393.264219
1393.264219
1393.264219
1393.264219
1393.264219
1393.264219
1393.264219
1393.264219
1393.264219
1393.264219
1393.264219
1393.264219
1393.264219
1393.264219
1393.261401
1393.261401
1393.261401
1393.261401
1393.261401
1393.261401
1393.261401
1393.261401
1393.261401
1393.261401
1393.261401
1393.261401
1393.261401
1393.261401
1393.261401
1393.261401
1393.261401
1393.261401
1393.261401
1393.261401
1393.261401
1393.261401
1393.261401
1393.261401
1393.261401
1393.261401
1393.261401
1393.261401
1393.261401
1393.261401
1393.261401
1393.261401
1393.261401
1393.261401
1393.261401
1393.261401
1393.261401
1393.261401
1393.261401
1393.261401
1393.261401
1393.257738
1393.257738
1393.257738
1393.257738
1393.257738
1393.257738
1393.257738
1393.257738
1393.257738
1393.257738
1393.257738
1393.257738
1393.257738
1393.257738
1393.257738
1393.257738
1393.257738
1393.257738
1393.257738
1393.257738
1393.257738
1393.257738
1393.257738
1393.257738
1393.257738
1393.257738
1393.257738
1393.257738
1393.257738
1393.257738
1393.257738
1393.257738
1393.257738
1393.257738
1393.257738
1393.257738
1393.257738
1393.257738
1393.257738
1393.257738
1393.257738
1393.257738
1393.257738
1393.257738
1393.257738
1393.257738
1393.239452
1393.239452
1393.239452
1393.239452
1393.239452
1393.239452
1393.239452
1393.239452
1393.239452
1393.239452
1393.239452
1393.239452
1393.239452
1393.239452
1393.239452
1393.239452
1393.239452
1393.239452
1393.239452
1393.239452
1393.239452
1393.239452
1393.239452
1393.239452
1393.239452
1393.239452
1393.239452
1393.239452
1393.239452
1393.239452
1393.239452
1393.239452
1393.239452
1393.239452
1393.239452
1393.239452
1393.239452
1393.239452
1393.239452
1393.239452
1393.239452
1393.239452
1393.239452
1393.239452
1393.239452
1393.239452
1393.239452
1393.239452
1393.239452
1393.239452
1393.239452
1393.239452
1393.239452
1393.239452
1393.239452
1393.239452
1393.239452
1393.239452
1393.239452
1393.239452
1393.239452
1393.239452
1393.239452
1393.239452
1393.239452
1393.239452
1393.239452
1393.239452
1393.239452
1393.239452
1393.239452
1393.239452
1393.239452
1393.239452
1393.239452
1393.239452
1393.239452
1393.239452
1393.239452
1393.236460
1393.236460
1393.236460
1393.236460
1393.236460
1393.236460
1393.236460
1393.236460
1393.236460
1393.236460
1393.236460
1393.229518
1393.229518
1393.229518
1393.229518
1393.229518
1393.218649
1393.218649
1393.218649
1393.218649
1393.218649
1393.218649
1393.218649
1393.218649
1393.218649
1393.218649
1393.218649
1393.218649
1393.218649
1393.218649
1393.218649
1393.218649
1393.218649
1393.218649
1393.218649
1393.218649
1393.218649
1393.218649
1393.218649
1393.218649
1393.218649
1393.218649
1393.218649
1393.218649
1393.218649
1393.218649
1393.218649
1393.218649
1393.218649
1393.218649
1393.218649
1393.218649
1393.218649
1393.218649
1393.218649
1393.218649
1393.218649
1393.218649
1393.218649
1393.218649
1393.218649
1393.218649
1393.218649
1393.218649
1393.218649
1393.218649
1393.218649
1393.218649
1393.218649
1393.218649
1393.218649
1393.218649
1393.218649
1393.218649
1393.218649
1393.218649
1393.218649
1393.218649
1393.218649
1393.218649
1393.218649
1393.218649
1393.218649
1393.218649
1393.218649
1393.218649
1393.218649
1393.218649
1393.218649
1393.218649
1393.218649
1393.217614
1393.217614
1393.217614
1393.217614
1393.217614
1393.217614
1393.217614
1393.217614
1393.217614
1393.217614
1393.217614
1393.217614
1393.217614
1393.217614
1393.217614
1393.217614
1393.194168
1393.194168
1393.194168
1393.194168
1393.194168
1393.194168
1393.194168
1393.194168
1393.194168
1393.194168
1393.194168
1393.194168
1393.194168
1393.194168
1393.194168
1393.194168
1393.194168
1393.194168
1393.194168
1393.194168
1393.194168
1393.194168
1393.194168
1393.194168
1393.194168
1393.194168
1393.194168
1393.194168
1393.194168
1393.194168
1393.194168
1393.194168
1393.194168
1393.194168
1393.194168
1393.194168
1393.194168
1393.194168
1393.194168
1393.194168
1393.194168
1393.194168
1393.194168
1393.194168
1393.194168
1393.194168
1393.194168
1393.194168
1393.194168
1393.194168
1393.194168
1393.194168
1393.194168
1393.194168
1393.194168
1393.194168
1393.194168
1393.194168
1393.194168
1393.194168
1393.194168
1393.194168
1393.194168
1393.194168
1393.194168
1393.194168
1393.194168
1393.194168
1393.184877
1393.184877
1393.184877
1393.184877
1393.184877
1393.184877
1393.184877
1393.184877
1393.184877
1393.184877
1393.184877
1393.184877
1393.184877
1393.184877
1393.184877
1393.184877
1393.184877
1393.184877
1393.184877
1393.184877
1393.184877
1393.184877
1393.184877
1393.184877
1393.184877
1393.184877
1393.184877
1393.184877
1393.184877
1393.184877
1393.184877
1393.184877
1393.184877
1393.184877
1393.184877
1393.184877
1393.184877
1393.184877
1393.184877
1393.184877
1393.184877
1393.184877
1393.184877
1393.184877
1393.182928
1393.182928
1393.182928
1393.182928
1393.182928
1393.182928
1393.182928
1393.182928
1393.182928
1393.182928
1393.182928
1393.182928
1393.182928
1393.182928
1393.182928
1393.182928
1393.182928
1393.182928
1393.182928
1393.182928
1393.182928
1393.182928
1393.182928
1393.182928
1393.182928
1393.182928
1393.182928
1393.182928
1393.182928
1393.182928
1393.182928
1393.182928
1393.182928
1393.182928
1393.182928
1393.182928
1393.182928
1393.182928
1393.182928
1393.182928
1393.182928
1393.182928
1393.182928
1393.182928
1393.182928
1393.182928
1393.182928
1393.182928
1393.182928
1393.182928
1393.182928
1393.182928
1393.182928
1393.182928
1393.182928
1393.182928
1393.182928
1393.182928
1393.182928
1393.182928
1393.182928
1393.182928
1393.182928
1393.182928
1393.182928
1393.182928
1393.182928
1393.182928
1393.182928
1393.182928
1393.182928
1393.182928
1393.174059
1393.174059
1393.171009
1393.171009
1393.171009
1393.171009
1393.171009
1393.171009
1393.171009
1393.171009
1393.171009
1393.167793
1393.167793
1393.167793
1393.167793
1393.167793
1393.167793
1393.167793
1393.167793
1393.167556
1393.167556
1393.167556
1393.167556
1393.167556
1393.167556
1393.167556
1393.167556
1393.167556
1393.167556
1393.167556
1393.167556
1393.167556
1393.167556
1393.167556
1393.167556
1393.154477
1393.154477
1393.154477
1393.154477
1393.154477
1393.154477
1393.154477
1393.154477
1393.154477
1393.154477
1393.154477
1393.154477
1393.154477
1393.130122
1393.130122
1393.130122
1393.130122
1393.130122
1393.130122
1393.130122
1393.130122
1393.130122
1393.130122
1393.130122
1393.130122
1393.130122
1393.130122
1393.130122
1393.130122
1393.130122
1393.130122
1393.130122
1393.130122
1393.130122
1393.130122
1393.130122
1393.130122
1393.130122
1393.130122
1393.130122
1393.130122
1393.130122
1393.130122
1393.130122
1393.130122
1393.130122
1393.130122
1393.130122
1393.130122
1393.130122
1393.130122
1393.130122
1393.130122
1393.130122
1393.130122
1393.130122
1393.130122
1393.130122
1393.130122
1393.130122
1393.130122
1393.130122
1393.130122
1393.130122
1393.130122
1393.130122
1393.130122
1393.130122
1393.130122
1393.130122
1393.130122
1393.130122
1393.130122
1393.130122
1393.130122
1393.130122
1393.130122
1393.130122
1393.130122
1393.130122
1393.130122
1393.130122
1393.130122
1393.130122
1393.130122
1393.130122
1393.130122
1393.130122
1393.130122
1393.130122
1393.130122
1393.130122
1393.130122
1393.130122
1393.130122
1393.130122
1393.130122
1393.130122
1393.130122
1393.130122
1393.130122
1393.130122
1393.130122
1393.130122
1393.130122
1393.130122
1393.130122
1393.130122
1393.130122
1393.130122
1393.130122
1393.130122
1393.130122
1393.130122
1393.130122
1393.130122
1393.130122
1393.130122
1393.130122
1393.130122
1393.130122
1393.130122
1393.130122
1393.130122
1393.130122
1393.130122
1393.130122
1393.130122
1393.130122
1393.130122
1393.130122
1393.130122
1393.130122
1393.130122
1393.130122
1393.130122
1393.130122
1393.130122
1393.130122
1393.130122
1393.130122
1393.130122
1393.130122
1393.130122
1393.130122
1393.130122
1393.130122
1393.130122
1393.130122
1393.130122
1393.130122
1393.130122
1393.130122
1393.130122
1393.130122
1393.130122
1393.130122
1393.130122
1393.130122
1393.130122
1393.130122
1393.130122
1393.130122
1393.130122
1393.130122
1393.130122
1393.130122
1393.130122
1393.130122
1393.130122
1393.130122
1393.130122
1393.130122
1393.130122
1393.130122
1393.130122
1393.130122
1393.130122
1393.130122
1393.130122
1393.130122
1393.130122
1393.130122
1393.130122
1393.130122
1393.130122
1393.130122
1393.130122
1393.130122
1393.130122
1393.130122
1393.130122
1393.130122
1393.130122
1393.130122
1393.130122
1393.130122
1393.130122
1393.130122
1393.130122
1393.130122
1393.130122
1393.130122
1393.130122
1393.130122
1393.130122
1393.130122
1393.130122
1393.130122
1393.130122
1393.130122
1393.130122
1393.130122
1393.130122
1393.130122
1393.130122
1393.130122
1393.130122
1393.130122
1393.130122
1393.130122
1393.130122
1393.130122
1393.130122
1393.130122
1393.130122
1393.130122
1393.130122
1393.130122
1393.130122
1393.130122
1393.130122
1393.130122
1393.130122
1393.130122
1393.127048
1393.127048
1393.127048
1393.127048
1393.127048
1393.127048
1393.127048
1393.127048
1393.113068
1393.113068
1393.113068
1393.113068
1393.113068
1393.113068
1393.113068
1393.113068
1393.113068
1393.113068
1393.113068
1393.113068
1393.113068
1393.113068
1393.111073
1393.111073
1393.111073
1393.111073
1393.111073
1393.111073
1393.111073
1393.111073
1393.111073
1393.111073
1393.111073
1393.107913
1393.107913
1393.107913
1393.107913
1393.107913
1393.107913
1393.107913
1393.107913
1393.107913
1393.107913
1393.107913
1393.107913
1393.107913
1393.107913
1393.107913
1393.107913
1393.107913
1393.107913
1393.107913
1393.107913
1393.107913
1393.107913
1393.107913
1393.107913
1393.107913
1393.107913
1393.107913
1393.107913
1393.107913
1393.107913
1393.107913
1393.107913
1393.107913
1393.107913
1393.107913
1393.107913
1393.107913
1393.107913
1393.107913
1393.107913
1393.107913
1393.107913
1393.107913
1393.107913
1393.107913
1393.107913
1393.107913
1393.107913
1393.107913
1393.107913
1393.107913
1393.107913
1393.107913
1393.107913
1393.107913
1393.107913
1393.107913
1393.107913
1393.107913
1393.107913
1393.107913
1393.107913
1393.107913
1393.107300
1393.107300
1393.107300
1393.107300
1393.107300
1393.107300
1393.107300
1393.107300
1393.107300
1393.107300
1393.107300
1393.107300
1393.107300
1393.107300
1393.107300
1393.107300
1393.107300
1393.107300
1393.107300
1393.107300
1393.107300
1393.107300
1393.107300
1393.107300
1393.107300
1393.090346
1393.090346
1393.090346
1393.090346
1393.090346
1393.090346
1393.090346
1393.090346
1393.090346
1393.090346
1393.090346
1393.090346
1393.090346
1393.090346
1393.088942
1393.088942
1393.088942
1393.088942
1393.088942
1393.088942
1393.088942
1393.088942
1393.088942
1393.088942
1393.088942
1393.088942
1393.088942
1393.088942
1393.088942
1393.088942
1393.088942
1393.088942
1393.088942
1393.088942
1393.088942
1393.088942
1393.088942
1393.088942
1393.088942
1393.088942
1393.088942
1393.088942
1393.088942
1393.088942
1393.088942
1393.088942
1393.088942
1393.061952
1393.061952
1393.061952
1393.061952
1393.061952
1393.061952
1393.061952
1393.061952
1393.061952
1393.061952
1393.061952
1393.061952
1393.061952
1393.061952
1393.061952
1393.061952
1393.061952
1393.061952
1393.061952
1393.061952
1393.061952
1393.061952
1393.061952
1393.061952
1393.061952
1393.061952
1393.061952
1393.061952
1393.030913
1393.030913
1393.030913
1393.030913
1393.030913
1393.030913
1393.030913
1393.030913
1393.030913
1393.030913
1393.030913
1393.030913
1393.030913
1393.030913
1393.030913
1393.030913
1393.030913
1393.030913
1393.030913
1393.030913
1393.030913
1393.030913
1393.030913
1393.030913
1393.030913
1393.030913
1393.030913
1393.030913
1393.030913
1393.030913
1393.030913
1393.030913
1393.030913
1393.030913
1393.030913
1393.030913
1393.030913
1393.030913
1393.030913
1393.030913
1393.030913
1393.030913
1393.030913
1393.030913
1393.030913
1393.030913
1393.030913
1393.030913
1393.030913
1393.030913
1393.030913
1393.030913
1393.030913
1393.030913
1393.030913
1393.030913
1393.030913
1393.030913
1393.030913
1393.030913
1393.030913
1393.030913
1393.030913
1393.030913
1393.030913
1393.030913
1393.030913
1393.030913
1393.030913
1393.030913
1393.030913
1393.030913
1393.030913
1393.030913
1393.030913
1393.030913
1393.030913
1393.030913
1393.030913
1393.030913
1393.030913
1393.030913
1393.030913
1393.030913
1393.030913
1393.030913
1393.030913
1393.030913
1393.030913
1393.030913
1393.030913
1393.030913
1393.030913
1393.030913
1393.030913
1393.030913
1393.030913
1393.030913
1393.030913
1393.030913
1393.030913
1393.030913
1393.030913
1393.030913
1393.030913
1393.030913
1393.030913
1393.030913
1393.030913
1393.030913
1393.030913
1393.030913
1393.030913
1393.030913
1393.030913
1393.030913
1393.030913
1393.030913
1393.025333
1393.025333
1393.025333
1393.023758
1393.023758
1393.023758
1393.023758
1393.023758
1393.023758
1393.023758
1393.023758
1393.023758
1393.023758
1393.023758
1393.023758
1393.023758
1393.023758
1393.023758
1393.023758
1393.023758
1393.023758
1393.023758
1393.023758
1393.023758
1393.023758
1393.023758
1393.023758
1393.023758
1393.023758
1393.023758
1393.023758
1393.023758
1393.023758
1393.023758
1393.023758
1393.023758
1393.023758
1393.023758
1393.023758
1393.023758
1393.023758
1393.023758
1393.023758
1393.023758
1393.023758
1393.023758
1393.023758
1393.023758
1393.023758
1393.023758
1393.023758
1393.011243
1393.011243
1393.011243
1393.011243
1393.011243
1393.011243
1393.011243
1393.011243
1393.011243
1393.011243
1393.011243
1393.011243
1393.011243
1393.011243
1393.011243
1393.011243
1393.011243
1393.005763
1393.005763
1393.005763
1393.005763
1393.005763
1393.005763
1393.005763
1393.005763
1393.005763
1393.005763
1393.005763
1393.005763
1393.005763
1393.005763
1393.005763
1393.005763
1393.005763
1393.005763
1393.005763
1393.005763
1393.005763
1393.005763
1393.005763
1393.005763
1393.005763
1393.005763
1393.005763
1393.005763
1393.005763
1393.005763
1393.005763
1393.005763
1393.005763
1392.966007
1392.966007
1392.966007
1392.966007
1392.966007
1392.966007
1392.966007
1392.966007
1392.966007
1392.966007
1392.966007
1392.943415
1392.943415
1392.943415
1392.943415
1392.943415
1392.943415
1392.943415
1392.943415
1392.943415
1392.943415
1392.943415
1392.943415
1392.943415
1392.943415
1392.943415
1392.943415
1392.943415
1392.943415
1392.943415
1392.943415
1392.943415
1392.943415
1392.943415
1392.943415
1392.943415
1392.943415
1392.943415
1392.943415
1392.943415
1392.943415
1392.943415
1392.943415
1392.943415
1392.943415
1392.943415
1392.943415
1392.943415
1392.943415
1392.943415
1392.943415
1392.943415
1392.943415
1392.943415
1392.943415
1392.943415
1392.943415
1392.943415
1392.943415
1392.943415
1392.943415
1392.927525
1392.927525
1392.927525
1392.927525
1392.927525
1392.927525
1392.927525
1392.927525
1392.927525
1392.927525
1392.927525
1392.927525
1392.927525
1392.927525
1392.927525
1392.927525
1392.927525
1392.927525
1392.927525
1392.927525
1392.927525
1392.927525
1392.927525
1392.927525
1392.927525
1392.927525
1392.927525
1392.927525
1392.927525
1392.927525
1392.927525
1392.927525
1392.927525
1392.927525
1392.927525
1392.927525
1392.927525
1392.927525
1392.927525
1392.927525
1392.927525
1392.927525
1392.927525
1392.927525
1392.927525
1392.927525
1392.927525
1392.927525
1392.927525
1392.927525
1392.927525
1392.927525
1392.927525
1392.927525
1392.927525
1392.927525
1392.927525
1392.927525
1392.927525
1392.927525
1392.927525
1392.927525
1392.927525
1392.927525
1392.927525
1392.927525
1392.927525
1392.927525
1392.927525
1392.927525
1392.927525
1392.927525
1392.927525
1392.927525
1392.927525
1392.927525
1392.927525
1392.927525
1392.927525
1392.927525
1392.927525
1392.927525
1392.927525
1392.927525
1392.927525
1392.927525
1392.927525
1392.927525
1392.927525
1392.927525
1392.927525
1392.927525
1392.927525
1392.927525
1392.927525
1392.927525
1392.927525
1392.927525
1392.927525
1392.927525
1392.927525
1392.927525
1392.927525
1392.927525
1392.927525
1392.927525
1392.927525
1392.927525
1392.927525
1392.927525
1392.927525
1392.927525
1392.927525
1392.927525
1392.927525
1392.927525
1392.927525
1392.927525
1392.927525
1392.927525
1392.927525
1392.927525
1392.927525
1392.927525
1392.927525
1392.927525
1392.927525
1392.909142
1392.909142
1392.909142
1392.909142
1392.909142
1392.909142
1392.909142
1392.909142
1392.909142
1392.909142
1392.909142
1392.909142
1392.909142
1392.909142
1392.909142
1392.909142
1392.909142
1392.909142
1392.900749
1392.900749
1392.900749
1392.900749
1392.900749
1392.900749
1392.900749
1392.900749
1392.900749
1392.900749
1392.900749
1392.900749
1392.900749
1392.900749
1392.900749
1392.900749
1392.900749
1392.900749
1392.900749
1392.900749
1392.900749
1392.900749
1392.900749
1392.900749
1392.900749
1392.900749
1392.900749
1392.900749
1392.900749
1392.900749
1392.900749
1392.900749
1392.900749
1392.900749
1392.900749
1392.900749
1392.900749
1392.900749
1392.900749
1392.900749
1392.900749
1392.900749
1392.900749
1392.900749
1392.900749
1392.900749
1392.900749
1392.900749
1392.900749
1392.900749
1392.900749
1392.900749
1392.895305
1392.895305
1392.895305
1392.895305
1392.895305
1392.895305
1392.895305
1392.895305
1392.895305
1392.895305
1392.887874
1392.887874
1392.887874
1392.887874
1392.887874
1392.887874
1392.887874
1392.887874
1392.887874
1392.887874
1392.887874
1392.887874
1392.887874
1392.887874
1392.887874
1392.887874
1392.887874
1392.887874
1392.887874
1392.887874
1392.887874
1392.887874
1392.887874
1392.887874
1392.887874
1392.887874
1392.887874
1392.887874
1392.887874
1392.887874
1392.887874
1392.887874
1392.887874
1392.873260
1392.873260
1392.873260
1392.873260
1392.873260
1392.873260
1392.873260
1392.873260
1392.873260
1392.873260
1392.873260
1392.873260
1392.873260
1392.873260
1392.873260
1392.873260
1392.873260
1392.873260
1392.873260
1392.873260
1392.873260
1392.873260
1392.873260
1392.873260
1392.873260
1392.873260
1392.873260
1392.873260
1392.873260
1392.873260
1392.873260
1392.873260
1392.873260
1392.873260
1392.873260
1392.873260
1392.873260
1392.873260
1392.873260
1392.873260
1392.873260
1392.873260
1392.873260
1392.873260
1392.873260
1392.873260
1392.873260
1392.873260
1392.873260
1392.873260
1392.873260
1392.873260
1392.873260
1392.873260
1392.873260
1392.873260
1392.873260
1392.873260
1392.873260
1392.873260
1392.873260
1392.873260
1392.873260
1392.873260
1392.873260
1392.873260
1392.873260
1392.873260
1392.873260
1392.873260
1392.873260
1392.873260
1392.873260
1392.873260
1392.873260
1392.873260
1392.873260
1392.873260
1392.873260
1392.873260
1392.873260
1392.873260
1392.873260
1392.873260
1392.873260
1392.873260
1392.873260
1392.873260
1392.873260
1392.873260
1392.873260
1392.873260
1392.873260
1392.873260
1392.873260
1392.873260
1392.873260
1392.873260
1392.873260
1392.873260
1392.873260
1392.873260
1392.873260
1392.873260
1392.873260
1392.873260
1392.873260
1392.873260
1392.873260
1392.873260
1392.873260
1392.873260
1392.873260
1392.873260
1392.873260
1392.873260
1392.873260
1392.873260
1392.873260
1392.873260
1392.873260
1392.873260
1392.873260
1392.873260
1392.873260
1392.873260
1392.873260
1392.873260
1392.873260
1392.873260
1392.873260
1392.873260
1392.873260
1392.873260
1392.873260
1392.873260
1392.873260
1392.873260
1392.873260
1392.873260
1392.873260
1392.873260
1392.873260
1392.873260
1392.873260
1392.873260
1392.873260
1392.873260
1392.873260
1392.873260
1392.873260
1392.873260
1392.854191
1392.854191
1392.854191
1392.854191
1392.854191
1392.854191
1392.854191
1392.854191
1392.854191
1392.854191
1392.847640
1392.847640
1392.847640
1392.847640
1392.847640
1392.847640
1392.847640
1392.847640
1392.847640
1392.847640
1392.847640
1392.847640
1392.847640
1392.847640
1392.847640
1392.847640
1392.847640
1392.847640
1392.847640
1392.847640
1392.847640
1392.847640
1392.847640
1392.847640
1392.847640
1392.847640
1392.847640
1392.847640
1392.847640
1392.847640
1392.847640
1392.847640
1392.847640
1392.847640
1392.847640
1392.847640
1392.847640
1392.847640
1392.847640
1392.847640
1392.847640
1392.847640
1392.847640
1392.847640
1392.847640
1392.847640
1392.847640
1392.847640
1392.847640
1392.847640
1392.847640
1392.847640
1392.847640
1392.847640
1392.847640
1392.847640
1392.847640
1392.847640
1392.847640
1392.847640
1392.847640
1392.847640
1392.847640
1392.808740
1392.808740
1392.808740
1392.808740
1392.808740
1392.808740
1392.808740
1392.808740
1392.808740
1392.808740
1392.808740
1392.808740
1392.808740
1392.808740
1392.808740
1392.808740
1392.808740
1392.808740
1392.808740
1392.808740
1392.808740
1392.808740
1392.808740
1392.808740
1392.808740
1392.808740
1392.808740
1392.808740
1392.808740
1392.808740
1392.808740
1392.808740
1392.808740
1392.808740
1392.808740
1392.784824
1392.784824
1392.784824
1392.784824
1392.784824
1392.784824
1392.784824
1392.784824
1392.784824
1392.784824
1392.784824
1392.784824
1392.784824
1392.784824
1392.784824
1392.784824
1392.784824
1392.784824
1392.784824
1392.784824
1392.784824
1392.784824
1392.784824
1392.784824
1392.784824
1392.784824
1392.784824
1392.784824
1392.784824
1392.784824
1392.784824
1392.784824
1392.784824
1392.784824
1392.784824
1392.784824
1392.784824
1392.784824
1392.784824
1392.784824
1392.784824
1392.784824
1392.784824
1392.784824
1392.784824
1392.784824
1392.784824
1392.784824
1392.784824
1392.784824
1392.784824
1392.784824
1392.784824
1392.784824
1392.784824
1392.784824
1392.784824
1392.784824
1392.784824
1392.784824
1392.784824
1392.784824
1392.784824
1392.770432
1392.770432
1392.770432
1392.770432
1392.770432
1392.770432
1392.770432
1392.770432
1392.770432
1392.770432
1392.770432
1392.770432
1392.770432
1392.770432
1392.770432
1392.770432
1392.770432
1392.770432
1392.770432
1392.770432
1392.770432
1392.770432
1392.770432
1392.770432
1392.770432
1392.770432
1392.770432
1392.770432
1392.770432
1392.737950
1392.737950
1392.737950
1392.737950
1392.737950
1392.737950
1392.737950
1392.737950
1392.737950
1392.737950
1392.737950
1392.737950
1392.737950
1392.737950
1392.737950
1392.737950
1392.737950
1392.737950
1392.737950
1392.737950
1392.737950
1392.737950
1392.737950
1392.737950
1392.737950
1392.737950
1392.737950
1392.737950
1392.737950
1392.737950
1392.737950
1392.737950
1392.735535
1392.735535
1392.735535
1392.735535
1392.735535
1392.735535
1392.735535
1392.735535
1392.735535
1392.735535
1392.735535
1392.735535
1392.735535
1392.735535
1392.735535
1392.735535
1392.735535
1392.735535
1392.716661
1392.716661
1392.716661
1392.716661
1392.716661
1392.716661
1392.716661
1392.716661
1392.716661
1392.716661
1392.716661
1392.716661
1392.716661
1392.716661
1392.716661
1392.716661
1392.716661
1392.716661
1392.716661
1392.716661
1392.716661
1392.716661
1392.716661
1392.716661
1392.716661
1392.716661
1392.716661
1392.716661
1392.716661
1392.716661
1392.716661
1392.716661
1392.716661
1392.716661
1392.716661
1392.716661
1392.716661
1392.716661
1392.716661
1392.716661
1392.716661
1392.716661
1392.716661
1392.716661
1392.716661
1392.716661
1392.716661
1392.716661
1392.716661
1392.716661
1392.716661
1392.716661
1392.716661
1392.716661
1392.716661
1392.716661
1392.716661
1392.701016
1392.701016
1392.701016
1392.701016
1392.701016
1392.701016
1392.701016
1392.701016
1392.701016
1392.701016
1392.701016
1392.701016
1392.701016
1392.701016
1392.701016
1392.701016
1392.701016
1392.701016
1392.701016
1392.701016
1392.701016
1392.701016
1392.701016
1392.701016
1392.701016
1392.701016
1392.701016
1392.701016
1392.701016
1392.701016
1392.701016
1392.701016
1392.701016
1392.701016
1392.701016
1392.701016
1392.699214
1392.699214
1392.699214
1392.699214
1392.699214
1392.699214
1392.699214
1392.699214
1392.675753
1392.675753
1392.675753
1392.675753
1392.675753
1392.675753
1392.675753
1392.675753
1392.675753
1392.675753
1392.675753
1392.675753
1392.675753
1392.675753
1392.675753
1392.675753
1392.675753
1392.675753
1392.675753
1392.675753
1392.675753
1392.675753
1392.675753
1392.675753
1392.675753
1392.675753
1392.675753
1392.675753
1392.675753
1392.675753
1392.675753
1392.675753
1392.675753
1392.675753
1392.675753
1392.675753
1392.675753
1392.675753
1392.675753
1392.675753
1392.675753
1392.675753
1392.675753
1392.675753
1392.675753
1392.675753
1392.675753
1392.675753
1392.675753
1392.675753
1392.675753
1392.675753
1392.675753
1392.675753
1392.675753
1392.675753
1392.675753
1392.675753
1392.675753
1392.675753
1392.675753
1392.675753
1392.675753
1392.675753
1392.675753
1392.675753
1392.675753
1392.675753
1392.675753
1392.675753
1392.675753
1392.675753
1392.675753
1392.675753
1392.675753
1392.675753
1392.675753
1392.607300
1392.607300
1392.607300
1392.607300
1392.607300
1392.607300
1392.607300
1392.607300
1392.607300
1392.607300
1392.607300
1392.607300
1392.607300
1392.607300
1392.607300
1392.607300
1392.607300
1392.607300
1392.607300
1392.607300
1392.607300
1392.607300
1392.607300
1392.587499
1392.518107
1392.518107
1392.518107
1392.518107
1392.518107
1392.518107
1392.518107
1392.518107
1392.518107
1392.518107
1392.518107
1392.518107
1392.518107
1392.518107
1392.518107
1392.518107
1392.518107
1392.518107
1392.518107
1392.518107
1392.518107
1392.518107
1392.518107
1392.518107
1392.518107
1392.518107
1392.518107
1392.518107
1392.518107
1392.518107
1392.518107
1392.518107
1392.518107
1392.518107
1392.518107
1392.518107
1392.518107
1392.518107
1392.518107
1392.518107
1392.518107
1392.518107
1392.518107
1392.518107
1392.518107
1392.518107
1392.518107
1392.518107
1392.518107
1392.518107
1392.453273
1392.453273
1392.453273
1392.453273
1392.453273
1392.453273
1392.453273
1392.453273
1392.453273
1392.453273
1392.453273
1392.453273
1392.453273
1392.453273
1392.453273
1392.453273
1392.453273
1392.453273
1392.453273
1392.453273
1392.453273
1392.453273
1392.453273
1392.453273
1392.453273
1392.453273
1392.453273
1392.453273
1392.453273
1392.453273
1392.453273
1392.453273
1392.453273
1392.453273
1392.453273
1392.453273
1392.453273
1392.453273
1392.453273
1392.453273
1392.453273
1392.453273
1392.453273
1392.453273
1392.453273
1392.453273
1392.453273
1392.453273
1392.453273
1392.453273
1392.453273
1392.453273
1392.453273
1392.453273
1392.453273
1392.453273
1392.453273
1392.453273
1392.453273
1392.453273
1392.453273
1392.453273
1392.453273
1392.453273
1392.453273
1392.453273
1392.453273
1392.453273
1392.453273
1392.453273
1392.453273
1392.453273
1392.453273
1392.453273
1392.453273
1392.453273
1392.453273
1392.453273
1392.453273
1392.453273
1392.453273
1392.453273
1392.453273
1392.453273
1392.453273
1392.453273
1392.453273
1392.453273
1392.453273
1392.453273
1392.453273
1392.453273
1392.453273
1392.453273
1392.453273
1392.453273
1392.453273
1392.453273
1392.453273
1392.453273
1392.453273
1392.453273
1392.425012
1392.425012
1392.425012
1392.425012
1392.425012
1392.425012
1392.425012
1392.425012
1392.425012
1392.425012
1392.425012
1392.425012
1392.425012
1392.425012
1392.425012
1392.425012
1392.425012
1392.425012
1392.425012
1392.425012
1392.425012
1392.425012
1392.425012
1392.425012
1392.425012
1392.425012
1392.425012
1392.425012
1392.425012
1392.425012
1392.425012
1392.425012
1392.425012
1392.425012
1392.425012
1392.425012
1392.425012
1392.425012
1392.425012
1392.425012
1392.425012
1392.425012
1392.425012
1392.425012
1392.425012
1392.425012
1392.425012
1392.425012
1392.425012
1392.425012
1392.425012
1392.425012
1392.425012
1392.425012
1392.425012
1392.425012
1392.425012
1392.425012
1392.425012
1392.425012
1392.425012
1392.425012
1392.425012
1392.425012
1392.425012
1392.425012
1392.425012
1392.425012
1392.425012
1392.425012
1392.425012
1392.425012
1392.425012
1392.425012
1392.421235
1392.421235
1392.421235
1392.421235
1392.421235
1392.421235
1392.421235
1392.421235
1392.421235
1392.421235
1392.421235
1392.421235
1392.421235
1392.421235
1392.421235
1392.421235
1392.421235
1392.421235
1392.421235
1392.421235
1392.421235
1392.421235
1392.421235
1392.421235
1392.421235
1392.421235
1392.271091
1392.271091
1392.271091
1392.271091
1392.271091
1392.271091
1392.271091
1392.271091
1392.271091
1392.271091
1392.271091
1392.271091
1392.271091
1392.271091
1392.271091
1392.271091
1392.271091
1392.271091
1392.271091
1392.271091
1392.271091
1392.271091
1392.271091
1392.271091
1392.271091
1392.271091
1392.271091
1392.271091
1392.271091
1392.271091
1392.271091
1392.271091
1392.271091
1392.271091
1392.271091
1392.271091
1392.271091
1392.271091
1392.271091
1392.271091
1392.271091
1392.271091
1392.271091
1392.271091
1392.271091
1392.271091
1392.271091
1392.271091
1392.271091
1392.271091
1392.271091
1392.271091
1392.271091
1392.271091
1392.271091
1392.271091
1392.271091
1392.271091
1392.271091
1392.271091
1392.271091
1392.271091
1392.271091
1392.271091
1392.271091
1392.271091
1392.271091
1392.271091
1392.271091
1392.271091
1392.271091
1392.271091
1392.271091
1392.271091
1392.271091
1392.271091
1392.271091
1392.271091
1392.271091
1392.271091
1392.271091
1392.271091
1392.271091
1392.271091
1392.271091
1392.271091
1392.271091
1392.271091
1392.271091
1392.271091
1392.271091
1392.271091
1392.271091
1392.271091
1392.271091
1392.271091
1392.271091
1392.271091
1392.271091
1392.271091
1392.271091
1392.271091
1392.271091
1392.271091
1392.271091
1392.271091
1392.271091
1392.271091
1392.271091
1392.271091
1392.271091
1392.271091
1392.271091
1392.271091
1392.271091
1392.271091
1392.271091
1392.271091
1392.271091
1392.271091
1392.271091
1392.271091
1392.271091
1392.271091
1392.271091
1392.271091
1392.271091
1392.271091
1392.271091
1392.271091
1392.271091
1392.271091
1392.271091
1392.271091
1392.271091
1392.271091
1392.271091
1392.271091
1392.271091
1392.271091
1392.271091
1392.271091
1392.271091
1392.271091
1392.271091
1392.271091
1392.271091
1392.271091
1392.271091
1392.271091
1392.271091
1392.271091
1392.271091
1392.271091
1392.271091
1392.271091
1392.271091
1392.271091
1392.271091
1392.271091
1392.271091
1392.271091
1392.271091
1392.271091
1392.271091
1392.271091
1392.271091
1392.271091
1392.271091
1392.271091
1392.271091
1392.271091
1392.271091
1392.271091
1392.271091
1392.271091
1392.271091
1392.271091
1392.271091
1392.271091
1392.271091
1392.271091
1392.271091
1392.271091
1392.271091
1392.271091
1392.271091
1392.271091
1392.271091
1392.271091
1392.271091
1392.271091
1392.271091
1392.271091
1392.271091
1392.271091
1392.271091
1392.271091
1392.271091
1392.271091
1392.271091
1392.271091
1392.271091
1392.271091
1392.271091
1392.271091
1392.271091
1392.271091
1392.271091
1392.271091
1392.271091
1392.271091
1392.271091
1392.271091
1392.271091
1392.271091
1392.271091
1392.271091
1392.271091
1392.271091
1392.271091
1392.271091
1392.271091
1392.271091
1392.271091
1392.271091
1392.271091
1392.271091
1392.271091
1392.271091
1392.271091
1392.271091
1392.271091
1392.271091
1392.271091
1392.271091
1392.271091
1392.271091
1392.271091
1392.271091
1392.271091
1392.271091
1392.271091
1392.271091
1392.271091
1392.271091
1392.271091
1392.271091
1392.271091
1392.262457
1392.262457
1392.262457
1392.262457
1392.262457
1392.262457
1392.262457
1392.262457
1392.262457
1392.262457
1392.262457
1392.219713
1392.219713
1392.219713
1392.219713
1392.219713
1392.219713
1392.152632
1392.152632
1392.152632
1392.152632
1392.152632
1392.152632
1392.152632
1392.152632
1392.152632
1392.152632
1392.152632
1392.152632
1392.152632
1392.152632
1392.152632
1392.152632
1392.152632
1392.152632
1392.152632
1392.152632
1392.152632
1392.152632
1392.152632
1392.152632
1392.152632
1392.152632
1392.152632
1392.152632
1392.152632
1392.152632
1392.152632
1392.152632
1392.152632
1392.152632
1392.152632
1392.152632
1392.152632
1392.152632
1392.152632
1392.152632
1392.152632
1392.152632
1392.152632
1392.152632
1392.152632
1392.152632
1392.152632
1392.152632
1392.152632
1392.152632
1392.152632
1392.152632
1392.152632
1392.152632
1392.152632
1392.152632
1392.152632
1392.152632
1392.152632
1392.152632
1392.152632
1392.152632
1392.152632
1392.152632
1392.152632
1392.152632
1392.152632
1392.152632
1392.152632
1392.152632
1392.152632
1392.152632
1392.152632
1392.152632
1392.152632
1392.152632
1392.152632
1392.152632
1392.152632
1392.152632
1392.152632
1392.152632
1392.152632
1392.152632
1392.152632
1392.152632
1392.152632
1392.152632
1392.152632
1392.152632
1392.096272
1392.096272
1392.096272
1392.096272
1392.096272
1392.096272
1392.096272
1392.096272
1392.096272
1392.096272
1392.096272
1392.096272
1392.096272
1392.096272
1392.096272
1392.096272
1392.096272
1392.096272
1392.096272
1392.096272
1392.096272
1392.096272
1392.096272
1392.096272
1392.096272
1392.096272
1392.096272
1392.096272
1392.096272
1392.096272
1392.096272
1392.096272
1392.096272
1392.096272
1392.096272
1392.096272
1392.096272
1392.096272
1392.096272
1392.096272
1392.096272
1392.096272
1392.096272
1392.096272
1392.096272
1392.096272
1392.096272
1392.096272
1392.096272
1392.066600
1392.066600
1392.066600
1392.066600
1392.066600
1392.066600
1392.066600
1392.066600
1392.066600
1392.066600
1392.066600
1392.066600
1392.066600
1392.066600
1392.066600
1392.066600
1392.066600
1392.066600
1392.066600
1392.066600
1392.066600
1392.066600
1392.066600
1392.066600
1392.066600
1392.066600
1392.066600
1392.066600
1392.066600
1392.066600
1392.066600
1392.066600
1392.066600
1392.066600
1392.066600
1392.066600
1392.066600
1392.066600
1392.066600
1392.066600
1392.066600
1392.066600
1392.066600
1392.066600
1392.066600
1392.066600
1392.066600
1392.066600
1392.066600
1392.066600
1392.066600
1391.957584
1391.957584
1391.957584
1391.957584
1391.957584
1391.957584
1391.957584
1391.957584
1391.957584
1391.957584
1391.957584
1391.957584
1391.957584
1391.957584
1391.957584
1391.957584
1391.957584
1391.957584
1391.957584
1391.957584
1391.957584
1391.957584
1391.957584
1391.957584
1391.957584
1391.957584
1391.957584
1391.957584
1391.957584
1391.957584
1391.957584
1391.957584
1391.957584
1391.957584
1391.957584
1391.957584
1391.957584
1391.957584
1391.957584
1391.957584
1391.957584
1391.957584
1391.957584
1391.957584
1391.957584
1391.957584
1391.957584
1391.957584
1391.957584
1391.957584
1391.957584
1391.957584
1391.957584
1391.957584
1391.957584
1391.957584
1391.957584
1391.957584
1391.957584
1391.957584
1391.957584
1391.957584
1391.957584
1391.957584
1391.957584
1391.957584
1391.957584
1391.957584
1391.957584
1391.957584
1391.957584
1391.957584
1391.957584
1391.957584
1391.957584
1391.957584
1391.957584
1391.957584
1391.957584
1391.957584
1391.957584
1391.957584
1391.957584
1391.957584
1391.957584
1391.957584
1391.957584
1391.957584
1391.957584
1391.957584
1391.957584
1391.957584
1391.957584
1391.957584
1391.957584
1391.957584
1391.957584
1391.957584
1391.957584
1391.957584
1391.957584
1391.957584
1391.957584
1391.957584
1391.957584
1391.957584
1391.957584
1391.957584
1391.957584
1391.957584
1391.957584
1391.957584
1391.957584
1391.957584
1391.957584
1391.957584
1391.957584
1391.957584
1391.957584
1391.957584
1391.957584
1391.957584
1391.957584
1391.957584
1391.957584
1391.957584
1391.957584
1391.957584
1391.957584
1391.957584
1391.957584
1391.957584
1391.957584
1391.957584
1391.957584
1391.957584
1391.957584
1391.957584
1391.957584
1391.957584
1391.957584
1391.957584
1391.957584
1391.957584
1391.957584
1391.957584
1391.957584
1391.957584
1391.957584
1391.957584
1391.957584
1391.957584
1391.957584
1391.957584
1391.957584
1391.957584
1391.957584
1391.957584
1391.957584
1391.957584
1391.956666
1391.956666
1391.956666
1391.956666
1391.956666
1391.956666
1391.956666
1391.956666
1391.956666
1391.956666
1391.956666
1391.956666
1391.956666
1391.956666
1391.956666
1391.956666
1391.956666
1391.956666
1391.956666
1391.956666
1391.956666
1391.956666
1391.956666
1391.956666
1391.956666
1391.956666
1391.956666
1391.956666
1391.956666
1391.956666
1391.956666
1391.956666
1391.956666
1391.956666
1391.956666
1391.956666
1391.956666
1391.956666
1391.956666
1391.956666
1391.956666
1391.956666
1391.956666
1391.956666
1391.956666
1391.956666
1391.956666
1391.956666
1391.956666
1391.956666
1391.956666
1391.956666
1391.956666
1391.956666
1391.956666
1391.956666
1391.956666
1391.956666
1391.956666
1391.956666
1391.956666
1391.956666
1391.956666
1391.956666
1391.956666
1391.939599
1391.939599
1391.939599
1391.939599
1391.939599
1391.939599
1391.939599
1391.939599
1391.939599
1391.939599
1391.939599
1391.939599
1391.939599
1391.939599
1391.939599
1391.939599
1391.939599
1391.939599
1391.939599
1391.939599
1391.939599
1391.939599
1391.939599
1391.939599
1391.939599
1391.939599
1391.939599
1391.939599
1391.939599
1391.939599
1391.939599
1391.939599
1391.939599
1391.939599
1391.939599
1391.939599
1391.939599
1391.939599
1391.939599
1391.939599
1391.939599
1391.939599
1391.939599
1391.939599
1391.939599
1391.939599
1391.896261
1391.896261
1391.896261
1391.896261
1391.896261
1391.896261
1391.896261
1391.896261
1391.896261
1391.896261
1391.896261
1391.896261
1391.896261
1391.896261
1391.896261
1391.896261
1391.896261
1391.896261
1391.896261
1391.896261
1391.896261
1391.896261
1391.896261
1391.896261
1391.896261
1391.896261
1391.896261
1391.896261
1391.896261
1391.845299
1391.845299
1391.845299
1391.845299
1391.845299
1391.845299
1391.845299
1391.845299
1391.845299
1391.845299
1391.845299
1391.845299
1391.845299
1391.845299
1391.845299
1391.845299
1391.845299
1391.845299
1391.845299
1391.845299
1391.845299
1391.845299
1391.750193
1391.750193
1391.750193
1391.750193
1391.750193
1391.750193
1391.750193
1391.750193
1391.750193
1391.750193
1391.750193
1391.750193
1391.750193
1391.750193
1391.750193
1391.750193
1391.750193
1391.750193
1391.750193
1391.750193
1391.750193
1391.750193
1391.750193
1391.750193
1391.750193
1391.750193
1391.750193
1391.750193
1391.750193
1391.750193
1391.750193
1391.750193
1391.750193
1391.750193
1391.750193
1391.750193
1391.750193
1391.750193
1391.750193
1391.750193
1391.750193
1391.750193
1391.750193
1391.750193
1391.750193
1391.750193
1391.750193
1391.750193
1391.750193
1391.750193
1391.750193
1391.750193
1391.750193
1391.750193
1391.750193
1391.750193
1391.750193
1391.750193
1391.750193
1391.750193
1391.750193
1391.750193
1391.750193
1391.750193
1391.750193
1391.750193
1391.750193
1391.750193
1391.750193
1391.750193
1391.750193
1391.748442
1391.748442
1391.748442
1391.748442
1391.748442
1391.748442
1391.748442
1391.748442
1391.748442
1391.748442
1391.748442
1391.748442
1391.748442
1391.748442
1391.748442
1391.748442
1391.748442
1391.748442
1391.748442
1391.748442
1391.748442
1391.748442
1391.748442
1391.748442
1391.748442
1391.748442
1391.726115
1391.726115
1391.726115
1391.698179
1391.698179
1391.698179
1391.698179
1391.698179
1391.698179
1391.698179
1391.698179
1391.698179
1391.698179
1391.698179
1391.698179
1391.698179
1391.698179
1391.698179
1391.698179
1391.698179
1391.698179
1391.698179
1391.698179
1391.698179
1391.698179
1391.698179
1391.698179
1391.698179
1391.698179
1391.698179
1391.698179
1391.698179
1391.698179
1391.698179
1391.698179
1391.698179
1391.698179
1391.698179
1391.698179
1391.698179
1391.698179
1391.698179
1391.698179
1391.698179
1391.698179
1391.698179
1391.698179
1391.698179
1391.698179
1391.698179
1391.698179
1391.698179
1391.698179
1391.698179
1391.674649
1391.674649
1391.674649
1391.674649
1391.674649
1391.674649
1391.674649
1391.674649
1391.617151
1391.617151
1391.617151
1391.617151
1391.617151
1391.617151
1391.617151
1391.617151
1391.617151
1391.617151
1391.617151
1391.617151
1391.617151
1391.617151
1391.617151
1391.617151
1391.617151
1391.617151
1391.617151
1391.617151
1391.617151
1391.617151
1391.617151
1391.583316
1391.583316
1391.583316
1391.583316
1391.583316
1391.583316
1391.583316
1391.583316
1391.583316
1391.583316
1391.583316
1391.583316
1391.583316
1391.583316
1391.583316
1391.583316
1391.583316
1391.583316
1391.583316
1391.583316
1391.583316
1391.583316
1391.583316
1391.553607
1391.553607
1391.553607
1391.553607
1391.553607
1391.553607
1391.553607
1391.553607
1391.553607
1391.553607
1391.553607
1391.553607
1391.553607
1391.553607
1391.553607
1391.553607
1391.553607
1391.553607
1391.553607
1391.553607
1391.553607
1391.553607
1391.553607
1391.553607
1391.553607
1391.553607
1391.553607
1391.553607
1391.553607
1391.553607
1391.553607
1391.553607
1391.553607
1391.553607
1391.553607
1391.553607
1391.553607
1391.553607
1391.553607
1391.553607
1391.553607
1391.553607
1391.553607
1391.553607
1391.529726
1391.529726
1391.529726
1391.529726
1391.529726
1391.529726
1391.529726
1391.529726
1391.529726
1391.529726
1391.529726
1391.529726
1391.529726
1391.529726
1391.529726
1391.529726
1391.529726
1391.529726
1391.529726
1391.529726
1391.529726
1391.529726
1391.529726
1391.529726
1391.529726
1391.529726
1391.529726
1391.529726
1391.529726
1391.529726
1391.529726
1391.529726
1391.529726
1391.529726
1391.529726
1391.529726
1391.491427
1391.491427
1391.491427
1391.491427
1391.491427
1391.491427
1391.491427
1391.491427
1391.491427
1391.491427
1391.491427
1391.491427
1391.491427
1391.491427
1391.491427
1391.491427
1391.487398
1391.487398
1391.487398
1391.487398
1391.487398
1391.487398
1391.487398
1391.487398
1391.487398
1391.487398
1391.487398
1391.487398
1391.487398
1391.487398
1391.487398
1391.487398
1391.487398
1391.487398
1391.487398
1391.487398
1391.487398
1391.487398
1391.487398
1391.487398
1391.450254
1391.450254
1391.450254
1391.450254
1391.450254
1391.450254
1391.450254
1391.450254
1391.450254
1391.450254
1391.450254
1391.450254
1391.450254
1391.450254
1391.450254
1391.450254
1391.450254
1391.450254
1391.450254
1391.450254
1391.450254
1391.450254
1391.450254
1391.450254
1391.450254
1391.450254
1391.450254
1391.450254
1391.450254
1391.450254
1391.450254
1391.450254
1391.450254
1391.450254
1391.450254
1391.450254
1391.450254
1391.450254
1391.450254
1391.450254
1391.450254
1391.450254
1391.450254
1391.450254
1391.450254
1391.450254
1391.450254
1391.450254
1391.450254
1391.450254
1391.436850
1391.436850
1391.436850
1391.436850
1391.436850
1391.436850
1391.436850
1391.436850
1391.436850
1391.436850
1391.436850
1391.436850
1391.436850
1391.436850
1391.436850
1391.436850
1391.436850
1391.436850
1391.436850
1391.436850
1391.436850
1391.436850
1391.436850
1391.436850
1391.436850
1391.436850
1391.436850
1391.436850
1391.342004
1391.342004
1391.342004
1391.342004
1391.342004
1391.342004
1391.342004
1391.342004
1391.342004
1391.342004
1391.342004
1391.342004
1391.342004
1391.342004
1391.342004
1391.342004
1391.342004
1391.342004
1391.342004
1391.342004
1391.342004
1391.342004
1391.342004
1391.342004
1391.342004
1391.342004
1391.342004
1391.342004
1391.342004
1391.342004
1391.342004
1391.342004
1391.342004
1391.342004
1391.342004
1391.342004
1391.342004
1391.342004
1391.342004
1391.342004
1391.342004
1391.342004
1391.342004
1391.342004
1391.342004
1391.342004
1391.342004
1391.342004
1391.342004
1391.342004
1391.342004
1391.342004
1391.342004
1391.342004
1391.342004
1391.342004
1391.342004
1391.342004
1391.342004
1391.342004
1391.342004
1391.342004
1391.342004
1391.342004
1391.342004
1391.342004
1391.342004
1391.342004
1391.342004
1391.342004
1391.342004
1391.342004
1391.342004
1391.342004
1391.342004
1391.342004
1391.342004
1391.342004
1391.342004
1391.342004
1391.342004
1391.342004
1391.342004
1391.342004
1391.342004
1391.342004
1391.342004
1391.342004
1391.342004
1391.342004
1391.342004
1391.342004
1391.342004
1391.342004
1391.342004
1391.342004
1391.342004
1391.342004
1391.342004
1391.342004
1391.342004
1391.342004
1391.342004
1391.342004
1391.342004
1391.342004
1391.342004
1391.342004
1391.342004
1391.342004
1391.342004
1391.342004
1391.342004
1391.342004
1391.342004
1391.342004
1391.342004
1391.342004
1391.342004
1391.342004
1391.342004
1391.342004
1391.342004
1391.342004
1391.342004
1391.342004
1391.342004
1391.342004
1391.342004
1391.342004
1391.342004
1391.342004
1391.342004
1391.342004
1391.342004
1391.342004
1391.342004
1391.342004
1391.342004
1391.342004
1391.342004
1391.342004
1391.342004
1391.342004
1391.342004
1391.342004
1391.342004
1391.342004
1391.342004
1391.342004
1391.342004
1391.342004
1391.342004
1391.342004
1391.334973
1391.334973
1391.334973
1391.334973
1391.271387
1391.271387
1391.271387
1391.271387
1391.271387
1391.271387
1391.271387
1391.271387
1391.271387
1391.271387
1391.271387
1391.271387
1391.271387
1391.271387
1391.271387
1391.271387
1391.271387
1391.271387
1391.271387
1391.271387
1391.271387
1391.271387
1391.271387
1391.271387
1391.271387
1391.271387
1391.271387
1391.271387
1391.271387
1391.271387
1391.271387
1391.271387
1391.271387
1391.271387
1391.271387
1391.271387
1391.271387
1391.271387
1391.271387
1391.271387
1391.271387
1391.271387
1391.271387
1391.271387
1391.271387
1391.271387
1391.271387
1391.271387
1391.271387
1391.271387
1391.271387
1391.271387
1391.271387
1391.271387
1391.271387
1391.271387
1391.271387
1391.271387
1391.271387
1391.271387
1391.271387
1391.271387
1391.271387
1391.271387
1391.271387
1391.271387
1391.271387
1391.271387
1391.271387
1391.271387
1391.271387
1391.271387
1391.271387
1391.271387
1391.271387
1391.271387
1391.271387
1391.271387
1391.271387
1391.271387
1391.271387
1391.271387
1391.271387
1391.271387
1391.271387
1391.271387
1391.271387
1391.271387
1391.271387
1391.271387
1391.271387
1391.271387
1391.271387
1391.271387
1391.271387
1391.271387
1391.271387
1391.271387
1391.271387
1391.271387
1391.185584
1391.185584
1391.185584
1391.185584
1391.185584
1391.185584
1391.185584
1391.185584
1391.185584
1391.185584
1391.185584
1391.185584
1391.185584
1391.185584
1391.185584
1391.185584
1391.185584
1391.185584
1391.185584
1391.185584
1391.185584
1391.185584
1391.185584
1391.185584
1391.185584
1391.185584
1391.185584
1391.185584
1391.185584
1391.185584
1391.185584
1391.185584
1391.185584
1391.185584
1391.185584
1391.185584
1391.185584
1391.185584
1391.185584
1391.185584
1391.185584
1391.185584
1391.185584
1391.185584
1391.185584
1391.185584
1391.185584
1391.185584
1391.185584
1391.185584
1391.185584
1391.185584
1391.185584
1391.185584
1391.185584
1391.167848
1391.167848
1391.167848
1391.167848
1391.167848
1391.167848
1391.167848
1391.144288
1391.144288
1391.144288
1391.144288
1391.144288
1391.144288
1391.144288
1391.144288
1391.144288
1391.144288
1391.144288
1391.144288
1391.144288
1391.144288
1391.144288
1391.144288
1391.144288
1391.144288
1391.144288
1391.144288
1391.144288
1391.144288
1391.144288
1391.144288
1391.144288
1391.144288
1391.144288
1391.144288
1391.144288
1391.144288
1391.144288
1391.144288
1391.144288
1391.144288
1391.144288
1391.144288
1391.144288
1391.144288
1391.144288
1391.144288
1391.144288
1391.144288
1391.144288
1391.144288
1391.144288
1391.144288
1391.144288
1391.144288
1391.144288
1391.144288
1391.144288
1391.144288
1391.144288
1391.144288
1391.144288
1391.144288
1391.144288
1391.144288
1391.144288
1391.144288
1391.144288
1391.144288
1391.144288
1391.144288
1391.144288
1391.144288
1391.144288
1391.144288
1391.144288
1391.144288
1391.144288
1391.144288
1391.144288
1391.144288
1391.144288
1391.144288
1391.144288
1391.144288
1391.144288
1391.144288
1391.138146
1391.138146
1391.138146
1391.138146
1391.138146
1391.138146
1391.138146
1391.138146
1391.138146
1391.138146
1391.138146
1391.138146
1391.138146
1391.138146
1391.138146
1391.138146
1391.117731
1391.117731
1391.117731
1391.117731
1391.117731
1391.117731
1391.117731
1391.117731
1391.117731
1391.117731
1391.117731
1391.117731
1391.117731
1391.117731
1391.117731
1391.117731
1391.117731
1391.117731
1391.117731
1391.117731
1391.117731
1391.117731
1391.117731
1391.117731
1391.117731
1391.117731
1391.117731
1391.117731
1391.117731
1391.117731
1391.117731
1391.117731
1391.117731
1391.117731
1391.117731
1391.117731
1391.117731
1391.117731
1391.117731
1391.117731
1391.117731
1391.117731
1391.117731
1391.117731
1391.117731
1391.117731
1391.117731
1391.117731
1391.117731
1391.117731
1391.117731
1391.117731
1391.117731
1391.117731
1391.117731
1391.117731
1391.117731
1391.117731
1391.117731
1391.117731
1391.117731
1391.032851
1391.032851
1391.032851
1391.032851
1391.032851
1391.032851
1391.032851
1391.032851
1391.032851
1391.032851
1391.032851
1391.032851
1391.032851
1391.032851
1391.032851
1391.032851
1391.032851
1391.032851
1391.032851
1391.032851
1391.032851
1391.032851
1391.032851
1391.032851
1391.032851
1391.032851
1391.032851
1391.032851
1391.032851
1391.032851
1391.032851
1391.032851
1391.032851
1391.032851
1391.032851
1391.032851
1391.032851
1391.032851
1391.032851
1391.032851
1390.973655
1390.973655
1390.973655
1390.973655
1390.973655
1390.973655
1390.973655
1390.973655
1390.973655
1390.973655
1390.973655
1390.973655
1390.973655
1390.973655
1390.973655
1390.973655
1390.973655
1390.973655
1390.973655
1390.973655
1390.973655
1390.973655
1390.973655
1390.973655
1390.973655
1390.973655
1390.973655
1390.973655
1390.973655
1390.973655
1390.973655
1390.973655
1390.973655
1390.973655
1390.973655
1390.973655
1390.973655
1390.973655
1390.973655
1390.973655
1390.973655
1390.973655
1390.973655
1390.973655
1390.973655
1390.973655
1390.973655
1390.973655
1390.973655
1390.973655
1390.973655
1390.973655
1390.973655
1390.973655
1390.973655
1390.973655
1390.973655
1390.973655
1390.973655
1390.973655
1390.973655
1390.973655
1390.973655
1390.973655
1390.973655
1390.973655
1390.973655
1390.973655
1390.973655
1390.973655
1390.973655
1390.973655
1390.973655
1390.973655
1390.973655
1390.973655
1390.973655
1390.973655
1390.973655
1390.973655
1390.973655
1390.973655
1390.973655
1390.973655
1390.973655
1390.973655
1390.973655
1390.973655
1390.973655
1390.973655
1390.973655
1390.973655
1390.973655
1390.973655
1390.973655
1390.973655
1390.973655
1390.973655
1390.973655
1390.973655
1390.973655
1390.973655
1390.973655
1390.973655
1390.973655
1390.973655
1390.973655
1390.973655
1390.973655
1390.973655
1390.973655
1390.973655
1390.973655
1390.973655
1390.973655
1390.973655
1390.973655
1390.973655
1390.973655
1390.923447
1390.923447
1390.923447
1390.923447
1390.923447
1390.923447
1390.923447
1390.923447
1390.923447
1390.923447
1390.923447
1390.923447
1390.923447
1390.923447
1390.923447
1390.923447
1390.923447
1390.923447
1390.923447
1390.923447
1390.923447
1390.923447
1390.923447
1390.923447
1390.923447
1390.923447
1390.923447
1390.923447
1390.923447
1390.923447
1390.923447
1390.923447
1390.923447
1390.923447
1390.923447
1390.923447
1390.923447
1390.923447
1390.923447
1390.923447
1390.923447
1390.923447
1390.923447
1390.923447
1390.923447
1390.923447
1390.923447
1390.923447
1390.923447
1390.914950
1390.914950
1390.914950
1390.914950
1390.914950
1390.914950
1390.914950
1390.914950
1390.914950
1390.914950
1390.914950
1390.914950
1390.914950
1390.914950
1390.914950
1390.914950
1390.914950
1390.914950
1390.914950
1390.914950
1390.914950
1390.914950
1390.914950
1390.914950
1390.914950
1390.914950
1390.914950
1390.914950
1390.914950
1390.914950
1390.914950
1390.914950
1390.914950
1390.914950
1390.914950
1390.914950
1390.914950
1390.914950
1390.914950
1390.914950
1390.914950
1390.914950
1390.914950
1390.914950
1390.914950
1390.914950
1390.914950
1390.914950
1390.914950
1390.914950
1390.914950
1390.914950
1390.914950
1390.914950
1390.914950
1390.914950
1390.914950
1390.914950
1390.914950
1390.914950
1390.914950
1390.914950
1390.914950
1390.914950
1390.914950
1390.914950
1390.914950
1390.914950
1390.914950
1390.914950
1390.914950
1390.914950
1390.914950
1390.914950
1390.914950
1390.914950
1390.914950
1390.914950
1390.914950
1390.914950
1390.914950
1390.914950
1390.914950
1390.914950
1390.914950
1390.914950
1390.914950
1390.914950
1390.914950
1390.914950
1390.914950
1390.914950
1390.914950
1390.914950
1390.914950
1390.914950
1390.914950
1390.914950
1390.914950
1390.914950
1390.914950
1390.914950
1390.914950
1390.908197
1390.908197
1390.908197
1390.908197
1390.908197
1390.908197
1390.908197
1390.908197
1390.908197
1390.908197
1390.908197
1390.908197
1390.908197
1390.908197
1390.908197
1390.908197
1390.908197
1390.908197
1390.908197
1390.908197
1390.908197
1390.908197
1390.908197
1390.908197
1390.908197
1390.908197
1390.908197
1390.908197
1390.908197
1390.908197
1390.908197
1390.908197
1390.908197
1390.908197
1390.908197
1390.908197
1390.908197
1390.908197
1390.908197
1390.908197
1390.908197
1390.908197
1390.908197
1390.908197
1390.908197
1390.908197
1390.908197
1390.908197
1390.908197
1390.908197
1390.908197
1390.908197
1390.908197
1390.908197
1390.908197
1390.908197
1390.908197
1390.908197
1390.908197
1390.908197
1390.888205
1390.888205
1390.888205
1390.888205
1390.888205
1390.888205
1390.888205
1390.888205
1390.888205
1390.888205
1390.888205
1390.888205
1390.888205
1390.888205
1390.867979
1390.867979
1390.867979
1390.867979
1390.867979
1390.867979
1390.867979
1390.867979
1390.867979
1390.867979
1390.867979
1390.867979
1390.867979
1390.867979
1390.867979
1390.867979
1390.867979
1390.867979
1390.867979
1390.867979
1390.867979
1390.867979
1390.867979
1390.867979
1390.867979
1390.867979
1390.816528
1390.816528
1390.816528
1390.816528
1390.816528
1390.816528
1390.816528
1390.816528
1390.816528
1390.816528
1390.816528
1390.816528
1390.816528
1390.816528
1390.816528
1390.816528
1390.816528
1390.816528
1390.816528
1390.816528
1390.816528
1390.816528
1390.816528
1390.816528
1390.816528
1390.816528
1390.816528
1390.816528
1390.816528
1390.816528
1390.816528
1390.816528
1390.816528
1390.816528
1390.816528
1390.816528
1390.816528
1390.816528
1390.816528
1390.816528
1390.816528
1390.816528
1390.816528
1390.816528
1390.816528
1390.816528
1390.816528
1390.816528
1390.816528
1390.816528
1390.816528
1390.816528
1390.816528
1390.816528
1390.816528
1390.816528
1390.816528
1390.816528
1390.816528
1390.816528
1390.816528
1390.816528
1390.816528
1390.816528
1390.816528
1390.816528
1390.816528
1390.816528
1390.816528
1390.763351
1390.763351
1390.763351
1390.763351
1390.763351
1390.763351
1390.763351
1390.763351
1390.763351
1390.763351
1390.763351
1390.763351
1390.763351
1390.763351
1390.763351
1390.754713
1390.754713
1390.754713
1390.754713
1390.754713
1390.754713
1390.754713
1390.754713
1390.754713
1390.754713
1390.754713
1390.754713
1390.754713
1390.754713
1390.754713
1390.754713
1390.754713
1390.754713
1390.754713
1390.754713
1390.754713
1390.754713
1390.754713
1390.754713
1390.754713
1390.686303
1390.686303
1390.686303
1390.686303
1390.686303
1390.686303
1390.686303
1390.686303
1390.686303
1390.686303
1390.686303
1390.686303
1390.686303
1390.686303
1390.686303
1390.686303
1390.686303
1390.686303
1390.686303
1390.686303
1390.686303
1390.686303
1390.686303
1390.686303
1390.686303
1390.686303
1390.686303
1390.686303
1390.686303
1390.686303
1390.686303
1390.686303
1390.686303
1390.686303
1390.686303
1390.686303
1390.686303
1390.686303
1390.686303
1390.686303
1390.686303
1390.686303
1390.686303
1390.686303
1390.686303
1390.686303
1390.686303
1390.686303
1390.686303
1390.686303
1390.686303
1390.686303
1390.686303
1390.686303
1390.686303
1390.686303
1390.686303
1390.686303
1390.686303
1390.686303
1390.686303
1390.686303
1390.686303
1390.686303
1390.686303
1390.686303
1390.686303
1390.686303
1390.686303
1390.686303
1390.686303
1390.686303
1390.686303
1390.686303
1390.686303
1390.686303
1390.686303
1390.686303
1390.686303
1390.686303
1390.686303
1390.686303
1390.686303
1390.686303
1390.686303
1390.686303
1390.644394
1390.644394
1390.644394
1390.644394
1390.644394
1390.644394
1390.644394
1390.644394
1390.644394
1390.644394
1390.644394
1390.644394
1390.644394
1390.644394
1390.644394
1390.644394
1390.644394
1390.644394
1390.644394
1390.644394
1390.644394
1390.644394
1390.644394
1390.644394
1390.644394
1390.644394
1390.644394
1390.644394
1390.644394
1390.644394
1390.644394
1390.644394
1390.644394
1390.644394
1390.644394
1390.644394
1390.644394
1390.644394
1390.644394
1390.644394
1390.644394
1390.644394
1390.644394
1390.644394
1390.644394
1390.644394
1390.644394
1390.644394
1390.644394
1390.644394
1390.644394
1390.644394
1390.598261
1390.598261
1390.598261
1390.598261
1390.598261
1390.598261
1390.598261
1390.598261
1390.598261
1390.598261
1390.598261
1390.598261
1390.598261
1390.598261
1390.598261
1390.598261
1390.598261
1390.598261
1390.598261
1390.598261
1390.598261
1390.598261
1390.598261
1390.598261
1390.598261
1390.598261
1390.598261
1390.598261
1390.598261
1390.598261
1390.593785
1390.593785
1390.593785
1390.593785
1390.593785
1390.593785
1390.593785
1390.593785
1390.593785
1390.593785
1390.593785
1390.593785
1390.593785
1390.593785
1390.593785
1390.593785
1390.593785
1390.593785
1390.593785
1390.593785
1390.587755
1390.587755
1390.587755
1390.587755
1390.587755
1390.582481
1390.582481
1390.582481
1390.582481
1390.582481
1390.582481
1390.582481
1390.582481
1390.582481
1390.582481
1390.582481
1390.582481
1390.582481
1390.582481
1390.582481
1390.582481
1390.582481
1390.582481
1390.582481
1390.582481
1390.582481
1390.582481
1390.582481
1390.582481
1390.582481
1390.582481
1390.582481
1390.582481
1390.582481
1390.582481
1390.582481
1390.582481
1390.582481
1390.582481
1390.582481
1390.582481
1390.582481
1390.582481
1390.582481
1390.582481
1390.582481
1390.582481
1390.582481
1390.582481
1390.582481
1390.555782
1390.555782
1390.555782
1390.555782
1390.555782
1390.555782
1390.555782
1390.555782
1390.555782
1390.555782
1390.555782
1390.555782
1390.555782
1390.555782
1390.555782
1390.555782
1390.555782
1390.555782
1390.555782
1390.555782
1390.555782
1390.555782
1390.555782
1390.555782
1390.555782
1390.555782
1390.555782
1390.555782
1390.555782
1390.555782
1390.555782
1390.555782
1390.555782
1390.555782
1390.555782
1390.555782
1390.555782
1390.555782
1390.555782
1390.555782
1390.555782
1390.555782
1390.555782
1390.555782
1390.555782
1390.555782
1390.555782
1390.555782
1390.555782
1390.555782
1390.555782
1390.555782
1390.555782
1390.555782
1390.555782
1390.555782
1390.555782
1390.555782
1390.555782
1390.555782
1390.555782
1390.555782
1390.555782
1390.555782
1390.555782
1390.555782
1390.555782
1390.555782
1390.555782
1390.555782
1390.555782
1390.555782
1390.555782
1390.555782
1390.555782
1390.555782
1390.555782
1390.555782
1390.555782
1390.555782
1390.555782
1390.555782
1390.555782
1390.555782
1390.555782
1390.555782
1390.555782
1390.555782
1390.555782
1390.555782
1390.555782
1390.555782
1390.555782
1390.555782
1390.555782
1390.555782
1390.555782
1390.555782
1390.555782
1390.555782
1390.555782
1390.555782
1390.555782
1390.550347
1390.550347
1390.550347
1390.550347
1390.550347
1390.550347
1390.550347
1390.550347
1390.550347
1390.550347
1390.550347
1390.550347
1390.550347
1390.550347
1390.550347
1390.550347
1390.550347
1390.550347
1390.550347
1390.550347
1390.550347
1390.550347
1390.550347
1390.550347
1390.550347
1390.550347
1390.550347
1390.550347
1390.550347
1390.550347
1390.550347
1390.550347
1390.550347
1390.550347
1390.550347
1390.550347
1390.550347
1390.550347
1390.536868
1390.536868
1390.536868
1390.536868
1390.536868
1390.536868
1390.536868
1390.496745
1390.496745
1390.496745
1390.496745
1390.496745
1390.496745
1390.496745
1390.496745
1390.496745
1390.496745
1390.496745
1390.496745
1390.496745
1390.496745
1390.496745
1390.496745
1390.496745
1390.496745
1390.496745
1390.496745
1390.496745
1390.496745
1390.496745
1390.496745
1390.496745
1390.496745
1390.496745
1390.496745
1390.496745
1390.496745
1390.496745
1390.496745
1390.496745
1390.496745
1390.496745
1390.496745
1390.496745
1390.496745
1390.496745
1390.496745
1390.496745
1390.496745
1390.496745
1390.496745
1390.496745
1390.496745
1390.496745
1390.496745
1390.464035
1390.464035
1390.464035
1390.464035
1390.464035
1390.464035
1390.464035
1390.464035
1390.464035
1390.464035
1390.464035
1390.464035
1390.464035
1390.464035
1390.464035
1390.464035
1390.464035
1390.464035
1390.464035
1390.464035
1390.464035
1390.464035
1390.464035
1390.464035
1390.464035
1390.464035
1390.464035
1390.464035
1390.464035
1390.464035
1390.464035
1390.464035
1390.464035
1390.464035
1390.464035
1390.464035
1390.464035
1390.464035
1390.441200
1390.441200
1390.441200
1390.441200
1390.441200
1390.441200
1390.441200
1390.441200
1390.441200
1390.441200
1390.441200
1390.441200
1390.441200
1390.441200
1390.441200
1390.441200
1390.441200
1390.441200
1390.441200
1390.441200
1390.441200
1390.441200
1390.441200
1390.441200
1390.441200
1390.441200
1390.441200
1390.441200
1390.441200
1390.441200
1390.441200
1390.441200
1390.441200
1390.441200
1390.441200
1390.441200
1390.441200
1390.441200
1390.441200
1390.441200
1390.441200
1390.441200
1390.441200
1390.441200
1390.441200
1390.441200
1390.441200
1390.441200
1390.441200
1390.435206
1390.435206
1390.435206
1390.435206
1390.435206
1390.435206
1390.435206
1390.435206
1390.435206
1390.435206
1390.435206
1390.435206
1390.435206
1390.435206
1390.435206
1390.435206
1390.435206
1390.435206
1390.435206
1390.435206
1390.435206
1390.435206
1390.435206
1390.404458
1390.404458
1390.404458
1390.404458
1390.404458
1390.404458
1390.404458
1390.404458
1390.404458
1390.404458
1390.404458
1390.404458
1390.404458
1390.404458
1390.404458
1390.404458
1390.404458
1390.404458
1390.404458
1390.404458
1390.404458
1390.404458
1390.404458
1390.404458
1390.404458
1390.392456
1390.392456
1390.392456
1390.392456
1390.392456
1390.392456
1390.392456
1390.392456
1390.392456
1390.392456
1390.392456
1390.392456
1390.392456
1390.392456
1390.392456
1390.392456
1390.392456
1390.392456
1390.392456
1390.392456
1390.392456
1390.307894
1390.307894
1390.307894
1390.307894
1390.307894
1390.307894
1390.307894
1390.307894
1390.307894
1390.307894
1390.307894
1390.307894
1390.307894
1390.307894
1390.307894
1390.307894
1390.307894
1390.307894
1390.307894
1390.307894
1390.307894
1390.307894
1390.307894
1390.307894
1390.307894
1390.307894
1390.307894
1390.307894
1390.307894
1390.307894
1390.307894
1390.307894
1390.307894
1390.307894
1390.307894
1390.307894
1390.307894
1390.307894
1390.307894
1390.307894
1390.307894
1390.278600
1390.278600
1390.278600
1390.278600
1390.278600
1390.278600
1390.278600
1390.278600
1390.278600
1390.278600
1390.278600
1390.278600
1390.278600
1390.278600
1390.278600
1390.278600
1390.278600
1390.278600
1390.278600
1390.260677
1390.260677
1390.260677
1390.260677
1390.260677
1390.260677
1390.260677
1390.260677
1390.260677
1390.260677
1390.260677
1390.260677
1390.260677
1390.260677
1390.260677
1390.260677
1390.260677
1390.260677
1390.260677
1390.260677
1390.260677
1390.260677
1390.260677
1390.260677
1390.260677
1390.260677
1390.260677
1390.260677
1390.260677
1390.260677
1390.260677
1390.260677
1390.260677
1390.260677
1390.260677
1390.251818
1390.251818
1390.251818
1390.251818
1390.251818
1390.251818
1390.251818
1390.251818
1390.251818
1390.251818
1390.251818
1390.251818
1390.251818
1390.251818
1390.251818
1390.251818
1390.251818
1390.251818
1390.251818
1390.251818
1390.251818
1390.251818
1390.251818
1390.251818
1390.251818
1390.251818
1390.251818
1390.251818
1390.251818
1390.251818
1390.251818
1390.251818
1390.251818
1390.251818
1390.251818
1390.251818
1390.251818
1390.249310
1390.249310
1390.249310
1390.249310
1390.249310
1390.249310
1390.249310
1390.249310
1390.249310
1390.249310
1390.249310
1390.249310
1390.249310
1390.249310
1390.249310
1390.249310
1390.249310
1390.249310
1390.249310
1390.249310
1390.249310
1390.249310
1390.249310
1390.249310
1390.249310
1390.249310
1390.249310
1390.249310
1390.249310
1390.249310
1390.249310
1390.249310
1390.249310
1390.249310
1390.249310
1390.249310
1390.249310
1390.249310
1390.249310
1390.249310
1390.249310
1390.249310
1390.249310
1390.249310
1390.249310
1390.249310
1390.249310
1390.249310
1390.249310
1390.249310
1390.249310
1390.249310
1390.249310
1390.249310
1390.249310
1390.249310
1390.249310
1390.249310
1390.249310
1390.249310
1390.249310
1390.249310
1390.249310
1390.249310
1390.249310
1390.249310
1390.249310
1390.249310
1390.249310
1390.249310
1390.249310
1390.249310
1390.249310
1390.249310
1390.249310
1390.249310
1390.243629
1390.243629
1390.243629
1390.243629
1390.243629
1390.243629
1390.243629
1390.243629
1390.243629
1390.243629
1390.243629
1390.243629
1390.243629
1390.243629
1390.186083
1390.186083
1390.186083
1390.186083
1390.186083
1390.186083
1390.186083
1390.186083
1390.186083
1390.186083
1390.118261
1390.118261
1390.118261
1390.118261
1390.118261
1390.118261
1390.118261
1390.118261
1390.118261
1390.118261
1390.118261
1390.118261
1390.118261
1390.118261
1390.118261
1390.118261
1390.118261
1390.118261
1390.118261
1390.118261
1390.118261
1390.118261
1390.118261
1390.118261
1390.118261
1390.118261
1390.118261
1390.118261
1390.118261
1390.118261
1390.118261
1390.118261
1390.118261
1390.118261
1390.118261
1390.118261
1390.118261
1390.118261
1390.118261
1390.118261
1390.118261
1390.118261
1390.118261
1390.118261
1390.118261
1390.118261
1390.118261
1390.111762
1390.111762
1390.111762
1390.111762
1390.111762
1390.111762
1390.111762
1390.111762
1390.111762
1390.065013
1390.065013
1390.065013
1390.065013
1390.065013
1390.065013
1390.065013
1390.048707
1390.048707
1390.048707
1390.048707
1390.048707
1390.048707
1390.048707
1390.048707
1390.048707
1390.048707
1390.048707
1390.048707
1390.048707
1390.048707
1390.048707
1390.048707
1390.048707
1390.048707
1390.048707
1390.048707
1390.048707
1390.048707
1390.048707
1390.048707
1390.048707
1390.048707
1390.048707
1390.048707
1390.048707
1390.048707
1390.048707
1390.048707
1390.048707
1390.048707
1390.048707
1390.048707
1390.048707
1390.048707
1390.048707
1390.048707
1390.048707
1390.048707
1390.048707
1390.048707
1390.048707
1390.048707
1390.048707
1390.048707
1390.048707
1390.048707
1390.048707
1390.048707
1390.048707
1390.048707
1390.048707
1390.048707
1390.048707
1390.048707
1390.048707
1390.048707
1390.048707
1390.048707
1390.048707
1390.048707
1390.048707
1390.048707
1390.048707
1390.048707
1390.048707
1390.048707
1390.048707
1390.048707
1390.048707
1390.048707
1390.048707
1390.048707
1390.048707
1389.999922
1389.999922
1389.999922
1389.999922
1389.999922
1389.999922
1389.999922
1389.999922
1389.999922
1389.999922
1389.999922
1389.999922
1389.999922
1389.999922
1389.999922
1389.999922
1389.999922
1389.999922
1389.999922
1389.999922
1389.985409
1389.985409
1389.985409
1389.985409
1389.985409
1389.985409
1389.985409
1389.985409
1389.985409
1389.985409
1389.985409
1389.985409
1389.985409
1389.985409
1389.985409
1389.985409
1389.985409
1389.985409
1389.985409
1389.958528
1389.958528
1389.958528
1389.958528
1389.958528
1389.958528
1389.958528
1389.958528
1389.958528
1389.958528
1389.958528
1389.958528
1389.958528
1389.958528
1389.958528
1389.958528
1389.958528
1389.958528
1389.958528
1389.958528
1389.958528
1389.958528
1389.958528
1389.958528
1389.958528
1389.958528
1389.958528
1389.958528
1389.958528
1389.958528
1389.958528
1389.958528
1389.958528
1389.958528
1389.958528
1389.958528
1389.958528
1389.958528
1389.958528
1389.958528
1389.958528
1389.958528
1389.958528
1389.958528
1389.958528
1389.958528
1389.958528
1389.958528
1389.958528
1389.958528
1389.958528
1389.958528
1389.958528
1389.958528
1389.958528
1389.958528
1389.958528
1389.958528
1389.958528
1389.958528
1389.958528
1389.958528
1389.958528
1389.958528
1389.958528
1389.958528
1389.958528
1389.958528
1389.958528
1389.958528
1389.958528
1389.958528
1389.958528
1389.958528
1389.958528
1389.958528
1389.958528
1389.958528
1389.958528
1389.958528
1389.958528
1389.817846
1389.817846
1389.817846
1389.817846
1389.817846
1389.817846
1389.817846
1389.817846
1389.817846
1389.817846
1389.817846
1389.817846
1389.817846
1389.817846
1389.817846
1389.817846
1389.817846
1389.817846
1389.817846
1389.817846
1389.817846
1389.817846
1389.817846
1389.817846
1389.817846
1389.817846
1389.817846
1389.817846
1389.817846
1389.817846
1389.817846
1389.817846
1389.817846
1389.817846
1389.817846
1389.817846
1389.817846
1389.817846
1389.817846
1389.817846
1389.817846
1389.817846
1389.817846
1389.817846
1389.817846
1389.817846
1389.817846
1389.817846
1389.817846
1389.817846
1389.817846
1389.817846
1389.817846
1389.817846
1389.817846
1389.817846
1389.817846
1389.817846
1389.817846
1389.817846
1389.817846
1389.817846
1389.817846
1389.817846
1389.817846
1389.817846
1389.817846
1389.817846
1389.817846
1389.817846
1389.817846
1389.817846
1389.817846
1389.817846
1389.817846
1389.817846
1389.817846
1389.817846
1389.817846
1389.817846
1389.817846
1389.817846
1389.817846
1389.817846
1389.817846
1389.817846
1389.817846
1389.817846
1389.817846
1389.817846
1389.817846
1389.817846
1389.817846
1389.817846
1389.817846
1389.817846
1389.817846
1389.817846
1389.817846
1389.817846
1389.817846
1389.817846
1389.817846
1389.817846
1389.817846
1389.817846
1389.817846
1389.817846
1389.817846
1389.817846
1389.817846
1389.817846
1389.817846
1389.817846
1389.817846
1389.817846
1389.817846
1389.817846
1389.817846
1389.817846
1389.817846
1389.817846
1389.817846
1389.817846
1389.817846
1389.817846
1389.817846
1389.817846
1389.817846
1389.817846
1389.817846
1389.817846
1389.817846
1389.817846
1389.817846
1389.817846
1389.817846
1389.817846
1389.817846
1389.817846
1389.817846
1389.817846
1389.817846
1389.817846
1389.817846
1389.715734
1389.715734
1389.715734
1389.715734
1389.715734
1389.715734
1389.715734
1389.715734
1389.715734
1389.715734
1389.715734
1389.715734
1389.715734
1389.715734
1389.715734
1389.715734
1389.715734
1389.715734
1389.715734
1389.715734
1389.715734
1389.715734
1389.715734
1389.715734
1389.715734
1389.715734
1389.715734
1389.715734
1389.715734
1389.715734
1389.715734
1389.715734
1389.715734
1389.715734
1389.715734
1389.715734
1389.715734
1389.715734
1389.715734
1389.715734
1389.715734
1389.715734
1389.715734
1389.715734
1389.715734
1389.715734
1389.715734
1389.715734
1389.715734
1389.715734
1389.715734
1389.715734
1389.715734
1389.715734
1389.715734
1389.715734
1389.715734
1389.715734
1389.715734
1389.715734
1389.715734
1389.715734
1389.715734
1389.715734
1389.715734
1389.715734
1389.715734
1389.715734
1389.715734
1389.715734
1389.715734
1389.715734
1389.715734
1389.715734
1389.715734
1389.715734
1389.715734
1389.715734
1389.715734
1389.715734
1389.715734
1389.672616
1389.672616
1389.672616
1389.672616
1389.672616
1389.672616
1389.672616
1389.672616
1389.672616
1389.672616
1389.672616
1389.672616
1389.672616
1389.672616
1389.672616
1389.672616
1389.672616
1389.672616
1389.672616
1389.666783
1389.666783
1389.666783
1389.666783
1389.666783
1389.666783
1389.666783
1389.666783
1389.666783
1389.666783
1389.666783
1389.666783
1389.666783
1389.666783
1389.666783
1389.666783
1389.666783
1389.666783
1389.666783
1389.666783
1389.666783
1389.666783
1389.666783
1389.666783
1389.666783
1389.666783
1389.666783
1389.666783
1389.666783
1389.666783
1389.666783
1389.666783
1389.666783
1389.666783
1389.666783
1389.666783
1389.666783
1389.666783
1389.666783
1389.666783
1389.666783
1389.666783
1389.666783
1389.666783
1389.666783
1389.666783
1389.665246
1389.665246
1389.665246
1389.665246
1389.611789
1389.611789
1389.611789
1389.611789
1389.611789
1389.611789
1389.611789
1389.611789
1389.611789
1389.611789
1389.611789
1389.611789
1389.611789
1389.611789
1389.611789
1389.611789
1389.611789
1389.611789
1389.611789
1389.611789
1389.611789
1389.611789
1389.611789
1389.611789
1389.611789
1389.611789
1389.611789
1389.611789
1389.611789
1389.611789
1389.611789
1389.611789
1389.611789
1389.611789
1389.611789
1389.611789
1389.611789
1389.545961
1389.545961
1389.545961
1389.545961
1389.545961
1389.545961
1389.545961
1389.545961
1389.545961
1389.545961
1389.545961
1389.545961
1389.545961
1389.545961
1389.545961
1389.545961
1389.545961
1389.545961
1389.545961
1389.545961
1389.545961
1389.545961
1389.545961
1389.545961
1389.545961
1389.545961
1389.545961
1389.545961
1389.545961
1389.545961
1389.545961
1389.545961
1389.545961
1389.545961
1389.545961
1389.545961
1389.545961
1389.545961
1389.545961
1389.545961
1389.545961
1389.545961
1389.545961
1389.545961
1389.545961
1389.545961
1389.545961
1389.545961
1389.545961
1389.545961
1389.545961
1389.545961
1389.545961
1389.545961
1389.545961
1389.545961
1389.545961
1389.545961
1389.545961
1389.545961
1389.545961
1389.545961
1389.545961
1389.545961
1389.545961
1389.545961
1389.545961
1389.545961
1389.545961
1389.545961
1389.545961
1389.545961
1389.545961
1389.545961
1389.545961
1389.545961
1389.545961
1389.545961
1389.545961
1389.545961
1389.545961
1389.545961
1389.545961
1389.545961
1389.545961
1389.545961
1389.545961
1389.545961
1389.545961
1389.545961
1389.545961
1389.545961
1389.545961
1389.545961
1389.545961
1389.545961
1389.545961
1389.545961
1389.545961
1389.545961
1389.545961
1389.545961
1389.545961
1389.545961
1389.545961
1389.545961
1389.545961
1389.545961
1389.545961
1389.545961
1389.545961
1389.545961
1389.545961
1389.545961
1389.545961
1389.545961
1389.545961
1389.545961
1389.545961
1389.545961
1389.545961
1389.545961
1389.545961
1389.545961
1389.545961
1389.545961
1389.545961
1389.545961
1389.545961
1389.545961
1389.545961
1389.545961
1389.545961
1389.545961
1389.545961
1389.545961
1389.545961
1389.545961
1389.545961
1389.545961
1389.545961
1389.545961
1389.545961
1389.545961
1389.545961
1389.545961
1389.545961
1389.545961
1389.545961
1389.545961
1389.545961
1389.545961
1389.545961
1389.545961
1389.545961
1389.545961
1389.545961
1389.545961
1389.545961
1389.545961
1389.545961
1389.545961
1389.545961
1389.545961
1389.545961
1389.545961
1389.545961
1389.545961
1389.545961
1389.545961
1389.545961
1389.545961
1389.545961
1389.545961
1389.545961
1389.545961
1389.545961
1389.527720
1389.527720
1389.527720
1389.527720
1389.527720
1389.527720
1389.527720
1389.527720
1389.527720
1389.527720
1389.527720
1389.527720
1389.527720
1389.527720
1389.527720
1389.527720
1389.527720
1389.527720
1389.527720
1389.527720
1389.527720
1389.527720
1389.527720
1389.527720
1389.527720
1389.527720
1389.527720
1389.527720
1389.527720
1389.527720
1389.527720
1389.527720
1389.527720
1389.527720
1389.508474
1389.508474
1389.508474
1389.508474
1389.508474
1389.508474
1389.508474
1389.508474
1389.508474
1389.508474
1389.508474
1389.508474
1389.508474
1389.508474
1389.508474
1389.508474
1389.508474
1389.508474
1389.508474
1389.508474
1389.508474
1389.508474
1389.508474
1389.508474
1389.508474
1389.508474
1389.508474
1389.508474
1389.508474
1389.508474
1389.508474
1389.508474
1389.508474
1389.508474
1389.508474
1389.508474
1389.508474
1389.508474
1389.508474
1389.508474
1389.508474
1389.508474
1389.508474
1389.508474
1389.508474
1389.508474
1389.508474
1389.508474
1389.508474
1389.508474
1389.508474
1389.439630
1389.439630
1389.439630
1389.439630
1389.439630
1389.439630
1389.439630
1389.439630
1389.439630
1389.439630
1389.439630
1389.439630
1389.439630
1389.439630
1389.439630
1389.439630
1389.439630
1389.439630
1389.439630
1389.439630
1389.439630
1389.439630
1389.439630
1389.439630
1389.439630
1389.439630
1389.439630
1389.439630
1389.439630
1389.439630
1389.439630
1389.439630
1389.439630
1389.439630
1389.439630
1389.439630
1389.439630
1389.439630
1389.439630
1389.439630
1389.439630
1389.439630
1389.439630
1389.439630
1389.439630
1389.439630
1389.439630
1389.439630
1389.439630
1389.439630
1389.439630
1389.439630
1389.439630
1389.439630
1389.439630
1389.439630
1389.439630
1389.439630
1389.439630
1389.439630
1389.439630
1389.439630
1389.439630
1389.439630
1389.439630
1389.439630
1389.439630
1389.439630
1389.439630
1389.439630
1389.439630
1389.439630
1389.439630
1389.439630
1389.439630
1389.439630
1389.439630
1389.439630
1389.439630
1389.439630
1389.439630
1389.439630
1389.439630
1389.439630
1389.439630
1389.439630
1389.439630
1389.439630
1389.439630
1389.439630
1389.439630
1389.439630
1389.439630
1389.439630
1389.439630
1389.439630
1389.439630
1389.439630
1389.439630
1389.439630
1389.439630
1389.439630
1389.439630
1389.439630
1389.439630
1389.439630
1389.439630
1389.439630
1389.439630
1389.439630
1389.439630
1389.439630
1389.439630
1389.439630
1389.439630
1389.439630
1389.439630
1389.439630
1389.439630
1389.439630
1389.439630
1389.439630
1389.439630
1389.439630
1389.439630
1389.439630
1389.439630
1389.439630
1389.439630
1389.439630
1389.439630
1389.439630
1389.439630
1389.439630
1389.439630
1389.439630
1389.439630
1389.439630
1389.439630
1389.439630
1389.439630
1389.389911
1389.389911
1389.389911
1389.389911
1389.389911
1389.389911
1389.389911
1389.389911
1389.389911
1389.389911
1389.389911
1389.389911
1389.389911
1389.389911
1389.389911
1389.389911
1389.389911
1389.389911
1389.389911
1389.389911
1389.389911
1389.389911
1389.389911
1389.389911
1389.389911
1389.389911
1389.389911
1389.389911
1389.389911
1389.389911
1389.389911
1389.389911
1389.389911
1389.389911
1389.389911
1389.389911
1389.389911
1389.389911
1389.389911
1389.389911
1389.389911
1389.389911
1389.389911
1389.389911
1389.389911
1389.389911
1389.389911
1389.389911
1389.389911
1389.389911
1389.389911
1389.389911
1389.389911
1389.389911
1389.389911
1389.389911
1389.389911
1389.389911
1389.389911
1389.389911
1389.389911
1389.389911
1389.389911
1389.389911
1389.389911
1389.389911
1389.389911
1389.389911
1389.389911
1389.389911
1389.389911
1389.389911
1389.389911
1389.389911
1389.389911
1389.389911
1389.389911
1389.389911
1389.389911
1389.389911
1389.389911
1389.389911
1389.389911
1389.389911
1389.389911
1389.389911
1389.389911
1389.389911
1389.389911
1389.389911
1389.389911
1389.389911
1389.389911
1389.389911
1389.389911
1389.389911
1389.389911
1389.389911
1389.389911
1389.389911
1389.367386
1389.367386
1389.367386
1389.367386
1389.367386
1389.367386
1389.367386
1389.367386
1389.367386
1389.367386
1389.367386
1389.367386
1389.367386
1389.367386
1389.367386
1389.367386
1389.367386
1389.367386
1389.367386
1389.367386
1389.367386
1389.367386
1389.367386
1389.367386
1389.367386
1389.367386
1389.367386
1389.367386
1389.367386
1389.367386
1389.367386
1389.367386
1389.367386
1389.367386
1389.367386
1389.367386
1389.367386
1389.367386
1389.367386
1389.367386
1389.367386
1389.367386
1389.367386
1389.367386
1389.367386
1389.367386
1389.367386
1389.367386
1389.367386
1389.367386
1389.367386
1389.367386
1389.367386
1389.367386
1389.367386
1389.367386
1389.367386
1389.367386
1389.367386
1389.367386
1389.367386
1389.367386
1389.367386
1389.367386
1389.367386
1389.367386
1389.367386
1389.367386
1389.367386
1389.367386
1389.367386
1389.367386
1389.367386
1389.367386
1389.367386
1389.367386
1389.367386
1389.359950
1389.359950
1389.359950
1389.359950
1389.359950
1389.359950
1389.359950
1389.359950
1389.359950
1389.359950
1389.359950
1389.359950
1389.359950
1389.359950
1389.359950
1389.359950
1389.359950
1389.359950
1389.359950
1389.359950
1389.359950
1389.359950
1389.356102
1389.356102
1389.356102
1389.356102
1389.356102
1389.356102
1389.356102
1389.356102
1389.356102
1389.356102
1389.356102
1389.356102
1389.356102
1389.356102
1389.282117
1389.282117
1389.282117
1389.282117
1389.282117
1389.282117
1389.282117
1389.282117
1389.282117
1389.282117
1389.282117
1389.282117
1389.282117
1389.282117
1389.282117
1389.282117
1389.282117
1389.282117
1389.282117
1389.282117
1389.282117
1389.282117
1389.282117
1389.282117
1389.282117
1389.282117
1389.282117
1389.282117
1389.282117
1389.282117
1389.282117
1389.282117
1389.282117
1389.282117
1389.282117
1389.282117
1389.282117
1389.282117
1389.282117
1389.282117
1389.282117
1389.282117
1389.282117
1389.282117
1389.282117
1389.282117
1389.282117
1389.282117
1389.282117
1389.282117
1389.282117
1389.282117
1389.282117
1389.282117
1389.282117
1389.282117
1389.282117
1389.282117
1389.282117
1389.282117
1389.282117
1389.282117
1389.282117
1389.282117
1389.282117
1389.282117
1389.282117
1389.282117
1389.282117
1389.282117
1389.282117
1389.282117
1389.256789
1389.256789
1389.256789
1389.256789
1389.256789
1389.256789
1389.256789
1389.256789
1389.256789
1389.256789
1389.256789
1389.256789
1389.256789
1389.256789
1389.256789
1389.237237
1389.237237
1389.237237
1389.237237
1389.237237
1389.237237
1389.237237
1389.237237
1389.237237
1389.237237
1389.237237
1389.237237
1389.237237
1389.237237
1389.237237
1389.237237
1389.237237
1389.237237
1389.237237
1389.237237
1389.237237
1389.237237
1389.237237
1389.237237
1389.237237
1389.237237
1389.237237
1389.237237
1389.237237
1389.237237
1389.237237
1389.237237
1389.237237
1389.237237
1389.237237
1389.237237
1389.237237
1389.237237
1389.237237
1389.237237
1389.237237
1389.237237
1389.237237
1389.237237
1389.237237
1389.237237
1389.237237
1389.237237
1389.237237
1389.237237
1389.237237
1389.237237
1389.237237
1389.237237
1389.237237
1389.237237
1389.237237
1389.227686
1389.227686
1389.227686
1389.227686
1389.227686
1389.227686
1389.227686
1389.227686
1389.227686
1389.227686
1389.227686
1389.227686
1389.207436
1389.207436
1389.207436
1389.146031
1389.146031
1389.146031
1389.146031
1389.146031
1389.146031
1389.146031
1389.146031
1389.146031
1389.146031
1389.146031
1389.146031
1389.146031
1389.146031
1389.146031
1389.146031
1389.146031
1389.146031
1389.146031
1389.146031
1389.146031
1389.146031
1389.146031
1389.146031
1389.146031
1389.146031
1389.146031
1389.146031
1389.146031
1389.146031
1389.146031
1389.146031
1389.146031
1389.146031
1389.146031
1389.146031
1389.146031
1389.146031
1389.146031
1389.146031
1389.146031
1389.146031
1389.146031
1389.146031
1389.146031
1389.146031
1389.146031
1389.146031
1389.146031
1389.146031
1389.146031
1389.146031
1389.146031
1389.146031
1389.146031
1389.146031
1389.146031
1389.146031
1389.146031
1389.146031
1389.146031
1389.146031
1389.146031
1389.146031
1389.146031
1389.146031
1389.146031
1389.146031
1389.146031
1389.146031
1389.146031
1389.146031
1389.146031
1389.146031
1389.146031
1389.146031
1389.146031
1389.146031
1389.146031
1389.146031
1389.127498
1389.127498
1389.127498
1389.127498
1389.127498
1389.127498
1389.127498
1389.127498
1389.127498
1389.127498
1389.127498
1389.127498
1389.127498
1389.127498
1389.127498
1389.127498
1389.127498
1389.127498
1389.127498
1389.127498
1389.106154
1389.106154
1389.106154
1389.106154
1389.106154
1389.106154
1389.106154
1389.106154
1389.106154
1389.106154
1389.087046
1389.087046
1389.087046
1389.087046
1389.087046
1389.087046
1389.087046
1389.087046
1389.087046
1389.087046
1389.087046
1389.087046
1389.087046
1389.087046
1389.087046
1389.087046
1389.087046
1389.087046
1389.087046
1389.087046
1389.087046
1389.009668
1389.009668
1389.009668
1389.009668
1389.009668
1389.009668
1389.009668
1389.009668
1389.009668
1389.009668
1389.009668
1389.009668
1389.009668
1389.009668
1389.009668
1389.009668
1389.009668
1389.009668
1389.009668
1389.009668
1389.009668
1389.009668
1389.009668
1389.009668
1389.009668
1389.009668
1389.009668
1389.009668
1389.009668
1389.009668
1389.009668
1389.009668
1389.009668
1389.009668
1389.009668
1389.009668
1389.009668
1389.009668
1389.009668
1389.009668
1389.009668
1389.009668
1389.009668
1389.009668
1389.009668
1389.009668
1389.009668
1389.009668
1389.009668
1389.009668
1389.009668
1389.009668
1389.009668
1389.009668
1389.009668
1389.009668
1388.965862
1388.965862
1388.965862
1388.965862
1388.965862
1388.965862
1388.965862
1388.965862
1388.965862
1388.965862
1388.965862
1388.965862
1388.965862
1388.965862
1388.965862
1388.965862
1388.965862
1388.965862
1388.965862
1388.965862
1388.965862
1388.965862
1388.965862
1388.965862
1388.965862
1388.965862
1388.965862
1388.965862
1388.965862
1388.965862
1388.965862
1388.965862
1388.965862
1388.965862
1388.965862
1388.965862
1388.965862
1388.965862
1388.965862
1388.965862
1388.965862
1388.965862
1388.965862
1388.965862
1388.961599
1388.961599
1388.961599
1388.961599
1388.961599
1388.961599
1388.961599
1388.961599
1388.961599
1388.961599
1388.961599
1388.961599
1388.961599
1388.961599
1388.961599
1388.958409
1388.958409
1388.958409
1388.958409
1388.958409
1388.958409
1388.958409
1388.958409
1388.930487
1388.930487
1388.930487
1388.930487
1388.930487
1388.930487
1388.930487
1388.930487
1388.930487
1388.930487
1388.930487
1388.930487
1388.930487
1388.930487
1388.930487
1388.930487
1388.930487
1388.930487
1388.930487
1388.930487
1388.930487
1388.930487
1388.930487
1388.842835
1388.757906
1388.757906
1388.757906
1388.757906
1388.757906
1388.757906
1388.757906
1388.757906
1388.757906
1388.757906
1388.757906
1388.757906
1388.757906
1388.757906
1388.757906
1388.757906
1388.757906
1388.757906
1388.757906
1388.757906
1388.757906
1388.757906
1388.757906
1388.757906
1388.757906
1388.757906
1388.757906
1388.757906
1388.757906
1388.757906
1388.757906
1388.757906
1388.757906
1388.757906
1388.757906
1388.757906
1388.757906
1388.757906
1388.757906
1388.757906
1388.757906
1388.757906
1388.757906
1388.757906
1388.757906
1388.757906
1388.757906
1388.757906
1388.757906
1388.757906
1388.757906
1388.757906
1388.757906
1388.757906
1388.757906
1388.757906
1388.757906
1388.757906
1388.757906
1388.757906
1388.757906
1388.757906
1388.757906
1388.756819
1388.747233
1388.747233
1388.747233
1388.747233
1388.747233
1388.747233
1388.747233
1388.747233
1388.747233
1388.747233
1388.747233
1388.747233
1388.747233
1388.747233
1388.747233
1388.747233
1388.747233
1388.747233
1388.747233
1388.747233
1388.747233
1388.747233
1388.747233
1388.705436
1388.705436
1388.705436
1388.705436
1388.705436
1388.705436
1388.705436
1388.705436
1388.705436
1388.705436
1388.705436
1388.705436
1388.705436
1388.705436
1388.705436
1388.705436
1388.705436
1388.705436
1388.705436
1388.705436
1388.705436
1388.705436
1388.705436
1388.705436
1388.705436
1388.705436
1388.705436
1388.705436
1388.705436
1388.705436
1388.705436
1388.705436
1388.705436
1388.705436
1388.705436
1388.705436
1388.705436
1388.705436
1388.705436
1388.705436
1388.705436
1388.705436
1388.705436
1388.705436
1388.705436
1388.705436
1388.697427
1388.697427
1388.697427
1388.697427
1388.697427
1388.697427
1388.697427
1388.697427
1388.697427
1388.697427
1388.697427
1388.697427
1388.697427
1388.697427
1388.697427
1388.697427
1388.697427
1388.697427
1388.697427
1388.697427
1388.697427
1388.697427
1388.685822
1388.685822
1388.685822
1388.685822
1388.685822
1388.685822
1388.685822
1388.685822
1388.685822
1388.685822
1388.685822
1388.685822
1388.685822
1388.685822
1388.685822
1388.685822
1388.685822
1388.685822
1388.516563
1388.516563
1388.516563
1388.516563
1388.516563
1388.516563
1388.516563
1388.516563
1388.516563
1388.516563
1388.516563
1388.516563
1388.516563
1388.516563
1388.516563
1388.516563
1388.516563
1388.516563
1388.516563
1388.516563
1388.516563
1388.516563
1388.516563
1388.516563
1388.516563
1388.516563
1388.516563
1388.516563
1388.516563
1388.516563
1388.516563
1388.516563
1388.487454
1388.487454
1388.487454
1388.487454
1388.487454
1388.487454
1388.487454
1388.487454
1388.487454
1388.487454
1388.487454
1388.487454
1388.487454
1388.487454
1388.487454
1388.487454
1388.487454
1388.487454
1388.487454
1388.487454
1388.487454
1388.487454
1388.487454
1388.487454
1388.487454
1388.487454
1388.487454
1388.487454
1388.487454
1388.487454
1388.487454
1388.487454
1388.487454
1388.487454
1388.487454
1388.487454
1388.487454
1388.487454
1388.487454
1388.487454
1388.487454
1388.487454
1388.487454
1388.487454
1388.487454
1388.487454
1388.487454
1388.487454
1388.487454
1388.487454
1388.487454
1388.487454
1388.487454
1388.487454
1388.487454
1388.487454
1388.487454
1388.487454
1388.487454
1388.487454
1388.487454
1388.487454
1388.487454
1388.487454
1388.487454
1388.487454
1388.487454
1388.487454
1388.487454
1388.487454
1388.487454
1388.487454
1388.487454
1388.487454
1388.487454
1388.487454
1388.487454
1388.487454
1388.464248
1388.464248
1388.464248
1388.464248
1388.464248
1388.464248
1388.464248
1388.464248
1388.464248
1388.400830
1388.400830
1388.400830
1388.400830
1388.400830
1388.400830
1388.400830
1388.400830
1388.400830
1388.400830
1388.400830
1388.400830
1388.400830
1388.348981
1388.348981
1388.348981
1388.348981
1388.348981
1388.348981
1388.348981
1388.348981
1388.348981
1388.348981
1388.348981
1388.348981
1388.348981
1388.348981
1388.348981
1388.348981
1388.348981
1388.348981
1388.348981
1388.348981
1388.348981
1388.348981
1388.348981
1388.348981
1388.348981
1388.348981
1388.348981
1388.348981
1388.348981
1388.348981
1388.348981
1388.348981
1388.348981
1388.348981
1388.348981
1388.348981
1388.348981
1388.348981
1388.348981
1388.348981
1388.348981
1388.348981
1388.348981
1388.348981
1388.348981
1388.348981
1388.348981
1388.348981
1388.348981
1388.275530
1388.275530
1388.275530
1388.275530
1388.275530
1388.275530
1388.275530
1388.275530
1388.275530
1388.275530
1388.275530
1388.275530
1388.275530
1388.275530
1388.275530
1388.275530
1388.275530
1388.275530
1388.275530
1388.275530
1388.275530
1388.275530
1388.275530
1388.275530
1388.275530
1388.275530
1388.275530
1388.275530
1388.275530
1388.275530
1388.275530
1388.245350
1388.245350
1388.245350
1388.245350
1388.245350
1388.245350
1388.245350
1388.245350
1388.245350
1388.245350
1388.245350
1388.245350
1388.245350
1388.245350
1388.245350
1388.245350
1388.245350
1388.245350
1388.245350
1388.228664
1388.089080
1388.089080
1388.089080
1388.089080
1388.089080
1388.089080
1388.089080
1388.089080
1388.089080
1388.089080
1388.089080
1388.089080
1388.089080
1388.089080
1388.089080
1388.089080
1388.089080
1388.089080
1388.089080
1388.089080
1388.089080
1388.089080
1388.089080
1388.089080
1388.089080
1388.089080
1388.089080
1388.089080
1388.089080
1388.089080
1388.089080
1388.089080
1388.089080
1388.089080
1388.089080
1388.089080
1388.089080
1388.089080
1388.089080
1388.089080
1388.089080
1388.089080
1388.089080
1388.089080
1388.089080
1388.089080
1388.032760
1388.032760
1388.032760
1388.032760
1388.032760
1388.032760
1388.032760
1388.032760
1388.032760
1388.032760
1388.032760
1388.032760
1388.032760
1388.032760
1388.032760
1388.032760
1388.032760
1388.032760
1388.032760
1388.032760
1388.032760
1388.032760
1388.032760
1388.032760
1388.032760
1388.032760
1388.032760
1388.032760
1388.032760
1388.032760
1388.032760
1388.032760
1388.032760
1388.032760
1388.032760
1388.032760
1388.032760
1388.032760
1388.032760
1388.032760
1388.032760
1388.032760
1388.032760
1388.032760
1388.032760
1388.032760
1388.032760
1388.032760
1388.032760
1388.032760
1388.032760
1388.032760
1388.032760
1388.032760
1388.032760
1388.032760
1388.032760
1388.032760
1388.032760
1388.032760
1388.032760
1388.032760
1388.032760
1388.032760
1388.032760
1388.032760
1388.032760
1388.032760
1388.032760
1388.032760
1388.032760
1388.032760
1388.032760
1388.032760
1388.032760
1388.032760
1388.032760
1388.032760
1388.032760
1388.032760
1388.032760
1388.032760
1388.032760
1388.032760
1388.032760
1388.032760
1388.032760
1388.032760
1388.032760
1388.032760
1388.032760
1388.032760
1388.032760
1388.032760
1388.032760
1388.032760
1388.032760
1388.032760
1388.032760
1388.032760
1388.032760
1388.032760
1388.032760
1388.032760
1388.032760
1388.032760
1388.032760
1388.032760
1388.032760
1388.032760
1388.032760
1388.032760
1388.032760
1388.032760
1388.032760
1388.032760
1388.032760
1388.032760
1388.032760
1388.032760
1388.032760
1388.032760
1388.032760
1388.032760
1387.995090
1387.995090
1387.995090
1387.995090
1387.995090
1387.995090
1387.995090
1387.995090
1387.995090
1387.995090
1387.995090
1387.995090
1387.995090
1387.995090
1387.995090
1387.995090
1387.995090
1387.995090
1387.995090
1387.995090
1387.995090
1387.995090
1387.995090
1387.995090
1387.995090
1387.995090
1387.995090
1387.995090
1387.995090
1387.995090
1387.995090
1387.995090
1387.995090
1387.995090
1387.995090
1387.995090
1387.856856
1387.856856
1387.856856
1387.856856
1387.856856
1387.856856
1387.856856
1387.856856
1387.856856
1387.856856
1387.856856
1387.856856
1387.856856
1387.856856
1387.856856
1387.856856
1387.856856
1387.856856
1387.856856
1387.856856
1387.856856
1387.856856
1387.856856
1387.856856
1387.856856
1387.856856
1387.856856
1387.856856
1387.856856
1387.856856
1387.856856
1387.856856
1387.856856
1387.856856
1387.856856
1387.856856
1387.856856
1387.856856
1387.856856
1387.856856
1387.809910
1387.809910
1387.809910
1387.809910
1387.809910
1387.809910
1387.809910
1387.809910
1387.809910
1387.809910
1387.809910
1387.809910
1387.809910
1387.809910
1387.809910
1387.809910
1387.809910
1387.809910
1387.809910
1387.809910
1387.809910
1387.809910
1387.809910
1387.809910
1387.809910
1387.809910
1387.809910
1387.809910
1387.809910
1387.809910
1387.809910
1387.809910
1387.809910
1387.809910
1387.809910
1387.809910
1387.809910
1387.809910
1387.809910
1387.809910
1387.809910
1387.809910
1387.809910
1387.809910
1387.809910
1387.809910
1387.809910
1387.809910
1387.809910
1387.809910
1387.809910
1387.809910
1387.809910
1387.809910
1387.809910
1387.809910
1387.809910
1387.809910
1387.809910
1387.809910
1387.809910
1387.809910
1387.809910
1387.809910
1387.809910
1387.809910
1387.809910
1387.809910
1387.809910
1387.809910
1387.809910
1387.809910
1387.809910
1387.809910
1387.809910
1387.809910
1387.809910
1387.809910
1387.809910
1387.809910
1387.809910
1387.809910
1387.809910
1387.809910
1387.809910
1387.809910
1387.809910
1387.809910
1387.809910
1387.809910
1387.809910
1387.809910
1387.809910
1387.809910
1387.809910
1387.809910
1387.809910
1387.809910
1387.809910
1387.809910
1387.809910
1387.809910
1387.809910
1387.809910
1387.809910
1387.809910
1387.809910
1387.809910
1387.809910
1387.809910
1387.809910
1387.809910
1387.809910
1387.809910
1387.809910
1387.809910
1387.809910
1387.809910
1387.809910
1387.809910
1387.809910
1387.809910
1387.809910
1387.809910
1387.809910
1387.809910
1387.809910
1387.809910
1387.809910
1387.809910
1387.809910
1387.809910
1387.809910
1387.809910
1387.809910
1387.809910
1387.809910
1387.809910
1387.809910
1387.809910
1387.809910
1387.809910
1387.809910
1387.809910
1387.809910
1387.809910
1387.809910
1387.809910
1387.809910
1387.809910
1387.809910
1387.809910
1387.809910
1387.713900
1387.713900
1387.713900
1387.713900
1387.713900
1387.713900
1387.591989
1387.591989
1387.591989
1387.591989
1387.591989
1387.591989
1387.591989
1387.591989
1387.591989
1387.591989
1387.591989
1387.591989
1387.591989
1387.591989
1387.591989
1387.591989
1387.591989
1387.591989
1387.591989
1387.591989
1387.591989
1387.591989
1387.591989
1387.591989
1387.591989
1387.591989
1387.591989
1387.591989
1387.591989
1387.591989
1387.591989
1387.591989
1387.591989
1387.591989
1387.591989
1387.591989
1387.591989
1387.591989
1387.591989
1387.591989
1387.591989
1387.591989
1387.591989
1387.591989
1387.591989
1387.591989
1387.591989
1387.591989
1387.591989
1387.591989
1387.591989
1387.591989
1387.591989
1387.591989
1387.591989
1387.591989
1387.591989
1387.591989
1387.591989
1387.591989
1387.591989
1387.591989
1387.591989
1387.591989
1387.591989
1387.591989
1387.591989
1387.591989
1387.591989
1387.591989
1387.591989
1387.591989
1387.591989
1387.591989
1387.591989
1387.591989
1387.591989
1387.591989
1387.591989
1387.591989
1387.591989
1387.591989
1387.591989
1387.591989
1387.591989
1387.591989
1387.591989
1387.591989
1387.591989
1387.591989
1387.591989
1387.591989
1387.591989
1387.591989
1387.591989
1387.581197
1387.581197
1387.581197
1387.581197
1387.521694
1387.521694
1387.521694
1387.521694
1387.521694
1387.521694
1387.521694
1387.521694
1387.521694
1387.521694
1387.521694
1387.521694
1387.521694
1387.521694
1387.521694
1387.521694
1387.521694
1387.521694
1387.521694
1387.521694
1387.521694
1387.521694
1387.521694
1387.521694
1387.521694
1387.521694
1387.521694
1387.521694
1387.521694
1387.521694
1387.521694
1387.521694
1387.521694
1387.521694
1387.521694
1387.521694
1387.521694
1387.521694
1387.521694
1387.521694
1387.521694
1387.521694
1387.521694
1387.521694
1387.521694
1387.521694
1387.521694
1387.521694
1387.521694
1387.521694
1387.521694
1387.521694
1387.521694
1387.521694
1387.416026
1387.416026
1387.416026
1387.416026
1387.416026
1387.336378
1387.336378
1387.336378
1387.336378
1387.336378
1387.336378
1387.336378
1387.336378
1387.336378
1387.336378
1387.336378
1387.336378
1387.336378
1387.336378
1387.336378
1387.336378
1387.336378
1387.336378
1387.336378
1387.336378
1387.336378
1387.336378
1387.336378
1387.336378
1387.336378
1387.336378
1387.336378
1387.336378
1387.336378
1387.336378
1387.336378
1387.336378
1387.336378
1387.336378
1387.336378
1387.245861
1387.245861
1387.245861
1387.245861
1387.245861
1387.245861
1387.245861
1387.245861
1387.245861
1387.245861
1387.245861
1387.245861
1387.245861
1387.245861
1387.245861
1387.245861
1387.245861
1387.245861
1387.245861
1387.245861
1387.245861
1387.245861
1387.245861
1387.245861
1387.245861
1387.245861
1387.245861
1387.245861
1387.245861
1387.245861
1387.245861
1387.245861
1387.245861
1387.245861
1387.245861
1387.245861
1387.245861
1387.245861
1387.245861
1387.245861
1387.245861
1387.245861
1387.245861
1387.245861
1387.245861
1387.245861
1387.245861
1387.245861
1387.245861
1387.245861
1387.245861
1387.245861
1387.245861
1387.245861
1387.245861
1387.245861
1387.245861
1387.236176
1387.236176
1387.236176
1387.236176
1387.236176
1387.236176
1387.236176
1387.236176
1387.236176
1387.236176
1387.236176
1387.236176
1387.236176
1387.236176
1387.236176
1387.236176
1387.236176
1387.236176
1387.090832
1387.090832
1387.090832
1387.090832
1387.090832
1387.090832
1387.090832
1387.090832
1387.090832
1387.090832
1387.090832
1387.090832
1387.090832
1387.090832
1387.090832
1387.090832
1387.090832
1387.090832
1387.090832
1387.090832
1387.090832
1387.090832
1387.090832
1387.090832
1387.090832
1387.090832
1387.090832
1387.090832
1387.090832
1387.090832
1387.090832
1387.090832
1387.090832
1387.090832
1387.090832
1387.090832
1387.090832
1387.090832
1387.090832
1387.090832
1387.090832
1387.090832
1387.090832
1387.090832
1387.090832
1387.090832
1387.090832
1387.090832
1387.090832
1387.090832
1387.090832
1387.090832
1387.090832
1387.090832
1387.090832
1387.090832
1387.090832
1387.090832
1387.090832
1387.090832
1387.090832
1387.090832
1387.090832
1387.090832
1387.090832
1387.090832
1387.090832
1387.090832
1387.090832
1387.090832
1387.090832
1387.090832
1387.090832
1387.090832
1387.090832
1387.090832
1387.090832
1387.090832
1387.090832
1387.090832
1387.090832
1387.090832
1387.090832
1387.090832
1387.090832
1387.073872
1387.073872
1387.073872
1387.073872
1387.073872
1387.073872
1387.073872
1387.073872
1387.073872
1387.073872
1387.073872
1387.073872
1387.073872
1387.073872
1387.073872
1387.073872
1387.073872
1387.073872
1387.073872
1387.073872
1387.073872
1387.073872
1387.073872
1387.073872
1387.073872
1387.073872
1387.073872
1387.073872
1387.073872
1387.073872
1387.073872
1387.073872
1387.073872
1387.073872
1387.073872
1387.073872
1387.073872
1386.956928
1386.956928
1386.956928
1386.956928
1386.956928
1386.956928
1386.956928
1386.956928
1386.956928
1386.956928
1386.956928
1386.956928
1386.956928
1386.956928
1386.956928
1386.956928
1386.956928
1386.956928
1386.956928
1386.956928
1386.956928
1386.956928
1386.956928
1386.956928
1386.956928
1386.956928
1386.956928
1386.956928
1386.956928
1386.956928
1386.956928
1386.956928
1386.956928
1386.956928
1386.956928
1386.956928
1386.956928
1386.956928
1386.956928
1386.956928
1386.956928
1386.956928
1386.956928
1386.956928
1386.956928
1386.956928
1386.956928
1386.956928
1386.956928
1386.956928
1386.956928
1386.935136
1386.935136
1386.935136
1386.935136
1386.935136
1386.935136
1386.935136
1386.935136
1386.935136
1386.935136
1386.935136
1386.935136
1386.892246
1386.892246
1386.892246
1386.760300
1386.760300
1386.760300
1386.760300
1386.760300
1386.760300
1386.760300
1386.760300
1386.760300
1386.760300
1386.760300
1386.760300
1386.760300
1386.760300
1386.760300
1386.760300
1386.760300
1386.760300
1386.760300
1386.760300
1386.760300
1386.760300
1386.760300
1386.760300
1386.760300
1386.760300
1386.760300
1386.760300
1386.760300
1386.760300
1386.760300
1386.760300
1386.681337
1386.681337
1386.681337
1386.681337
1386.681337
1386.681337
1386.681337
1386.681337
1386.681337
1386.681337
1386.681337
1386.681337
1386.681337
1386.681337
1386.681337
1386.681337
1386.681337
1386.681337
1386.681337
1386.681337
1386.681337
1386.681337
1386.681337
1386.681337
1386.681337
1386.681337
1386.681337
1386.681337
1386.681337
1386.681337
1386.681337
1386.681337
1386.681337
1386.681337
1386.681337
1386.681337
1386.681337
1386.681337
1386.681337
1386.681337
1386.681337
1386.681337
1386.681337
1386.681337
1386.681337
1386.681337
1386.681337
1386.681337
1386.681337
1386.681337
1386.681337
1386.681337
1386.681337
1386.681337
1386.681337
1386.681337
1386.681337
1386.681337
1386.681337
1386.681337
1386.681337
1386.681337
1386.681337
1386.681337
1386.681337
1386.681337
1386.681337
1386.681337
1386.681337
1386.681337
1386.681337
1386.681337
1386.681337
1386.681337
1386.681337
1386.681337
1386.681337
1386.681337
1386.681337
1386.681337
1386.681337
1386.681337
1386.681337
1386.681337
1386.681337
1386.681337
1386.681337
1386.681337
1386.681337
1386.681337
1386.681337
1386.681337
1386.681337
1386.681337
1386.681337
1386.681337
1386.681337
1386.681337
1386.681337
1386.681337
1386.681337
1386.681337
1386.681337
1386.652117
1386.652117
1386.652117
1386.652117
1386.652117
1386.652117
1386.652117
1386.652117
1386.652117
1386.652117
1386.652117
1386.652117
1386.652117
1386.652117
1386.652117
1386.652117
1386.652117
1386.652117
1386.652117
1386.652117
1386.652117
1386.652117
1386.652117
1386.652117
1386.652117
1386.652117
1386.652117
1386.590764
1386.590764
1386.590764
1386.590764
1386.590764
1386.590764
1386.590764
1386.590764
1386.590764
1386.590764
1386.590764
1386.589801
1386.589801
1386.589801
1386.589801
1386.589801
1386.589801
1386.589801
1386.589801
1386.589801
1386.589801
1386.589801
1386.589801
1386.589801
1386.589801
1386.589801
1386.589801
1386.589801
1386.589801
1386.589801
1386.589801
1386.589801
1386.589801
1386.589801
1386.589801
1386.589801
1386.589801
1386.589801
1386.589801
1386.589801
1386.589801
1386.589801
1386.589801
1386.589801
1386.589801
1386.589801
1386.589801
1386.589801
1386.589801
1386.589801
1386.589801
1386.589801
1386.589801
1386.589801
1386.320445
1386.320445
1386.320445
1386.320445
1386.320445
1386.320445
1386.320445
1386.320445
1386.320445
1386.320445
1386.320445
1386.320445
1386.320445
1386.320445
1386.320445
1386.320445
1386.320445
1386.320445
1386.320445
1386.320445
1386.320445
1386.320445
1386.320445
1386.320445
1386.320445
1386.320445
1386.320445
1386.298138
1386.298138
1386.274367
1386.274367
1386.274367
1386.274367
1386.274367
1386.274367
1386.274367
1386.274367
1386.274367
1386.274367
1386.274367
1386.274367
1386.274367
1386.274367
1386.274367
1386.274367
1386.274367
1386.274367
1386.274367
1386.274367
1386.274367
1386.274367
1386.274367
1386.274367
1386.274367
1386.274367
1386.274367
1386.274367
1386.274367
1386.274367
1386.274367
1386.274367
1386.274367
1386.274367
1386.274367
1386.274367
1386.274367
1386.274367
1386.274367
1386.274367
1386.274367
1386.108785
1386.108785
1386.108785
1386.108785
1386.108785
1386.108785
1386.108785
1386.108785
1386.108785
1386.108785
1386.108785
1386.108785
1386.108785
1386.108785
1386.108785
1386.108785
1386.108785
1386.108785
1386.108785
1386.108785
1386.108785
1386.108785
1386.108785
1386.108785
1386.108785
1386.108785
1386.108785
1386.108785
1386.108785
1386.108785
1386.108785
1386.108785
1386.108785
1386.108785
1386.108785
1386.108785
1386.108785
1386.108785
1386.108785
1386.108785
1386.108785
1386.108785
1386.108785
1386.108785
1386.108785
1386.108785
1386.108785
1386.108785
1386.108785
1386.108785
1386.108785
1386.108785
1386.108785
1386.108785
1386.108785
1386.108785
1386.108785
1386.108785
1386.108785
1386.108785
1386.108785
1386.108785
1386.108785
1386.108785
1386.108785
1386.108785
1386.108785
1386.108785
1386.108785
1386.108785
1386.108785
1386.108785
1386.108785
1386.108785
1386.108785
1386.108785
1386.108785
1386.108785
1386.108785
1386.108785
1386.108785
1386.108785
1386.108785
1386.108785
1386.108785
1386.108785
1386.108785
1386.108785
1386.108785
1386.108785
1386.108785
1386.108785
1386.108785
1386.108785
1386.108785
1386.108785
1386.108785
1386.081405
1386.081405
1386.081405
1386.081405
1386.081405
1386.081405
1386.081405
1386.081405
1386.081405
1386.081405
1386.081405
1386.081405
1386.081405
1386.081405
1386.081405
1386.081405
1386.081405
1386.081405
1386.081405
1386.081405
1386.081405
1386.081405
1386.081405
1386.081405
1386.081405
1386.081405
1386.081405
1386.081405
1386.081405
1386.081405
1386.034706
1386.034706
1386.034706
1386.034706
1386.034706
1386.034706
1386.034706
1386.034706
1386.034706
1386.034706
1386.034706
1386.034706
1386.034706
1386.034706
1386.034706
1386.034706
1386.034706
1386.034706
1386.034706
1386.034706
1386.034706
1386.034706
1386.034706
1386.034706
1385.903731
1385.903731
1385.903731
1385.903731
1385.903731
1385.903731
1385.903731
1385.903731
1385.903731
1385.903731
1385.903731
1385.903731
1385.903731
1385.903731
1385.903731
1385.903731
1385.903731
1385.903731
1385.903731
1385.903731
1385.903731
1385.903731
1385.903731
1385.903731
1385.903731
1385.903731
1385.903731
1385.903731
1385.903731
1385.903731
1385.903731
1385.903731
1385.903731
1385.903731
1385.903731
1385.903731
1385.903731
1385.903731
1385.903731
1385.903731
1385.903731
1385.903731
1385.903731
1385.903731
1385.903731
1385.903731
1385.903731
1385.903731
1385.903731
1385.903731
1385.903731
1385.903731
1385.903731
1385.903731
1385.903731
1385.903731
1385.903731
1385.903731
1385.903731
1385.727416
1385.727416
1385.727416
1385.727416
1385.727416
1385.727416
1385.727416
1385.727416
1385.727416
1385.727416
1385.727416
1385.727416
1385.727416
1385.727416
1385.727416
1385.727416
1385.727416
1385.727416
1385.727416
1385.727416
1385.727416
1385.727416
1385.727416
1385.727416
1385.727416
1385.727416
1385.727416
1385.727416
1385.727416
1385.727416
1385.727416
1385.727416
1385.727416
1385.727416
1385.727416
1385.727416
1385.727416
1385.727416
1385.727416
1385.727416
1385.727416
1385.727416
1385.727416
1385.727416
1385.727416
1385.727416
1385.727416
1385.727416
1385.727416
1385.727416
1385.727416
1385.727416
1385.727416
1385.727416
1385.727416
1385.727416
1385.727416
1385.727416
1385.727416
1385.727416
1385.727416
1385.727416
1385.727416
1385.727416
1385.727416
1385.727416
1385.727416
1385.727416
1385.727416
1385.727416
1385.727416
1385.727416
1385.648869
1385.648869
1385.648869
1385.648869
1385.648869
1385.648869
1385.596333
1385.596333
1385.596333
1385.596333
1385.596333
1385.596333
1385.596333
1385.596333
1385.596333
1385.596333
1385.596333
1385.596333
1385.596333
1385.596333
1385.596333
1385.596333
1385.596333
1385.596333
1385.596333
1385.596333
1385.596333
1385.596333
1385.596333
1385.596333
1385.596333
1385.596333
1385.596333
1385.596333
1385.596333
1385.596333
1385.596333
1385.596333
1385.596333
1385.596333
1385.596333
1385.596333
1385.596333
1385.596333
1385.596333
1385.596333
1385.596333
1385.596333
1385.596333
1385.596333
1385.596333
1385.596333
1385.596333
1385.596333
1385.596333
1385.596333
1385.596333
1385.596333
1385.596333
1385.596333
1385.596333
1385.596333
1385.596333
1385.596333
1385.596333
1385.596333
1385.596333
1385.596333
1385.596333
1385.596333
1385.596333
1385.596333
1385.596333
1385.596333
1385.596333
1385.596333
1385.596333
1385.596333
1385.596333
1385.596333
1385.596333
1385.596333
1385.596333
1385.596333
1385.596333
1385.596333
1385.596333
1385.596333
1385.596333
1385.596333
1385.596333
1385.596333
1385.596333
1385.596333
1385.596333
1385.596333
1385.596333
1385.596333
1385.596333
1385.582305
1385.582305
1385.582305
1385.582305
1385.582305
1385.582305
1385.582305
1385.582305
1385.582305
1385.582305
1385.582305
1385.582305
1385.582305
1385.582305
1385.582305
1385.582305
1385.582305
1385.582305
1385.582305
1385.582305
1385.582305
1385.582305
1385.582305
1385.582305
1385.582305
1385.582305
1385.582305
1385.582305
1385.582305
1385.582305
1385.582305
1385.582305
1385.582305
1385.582305
1385.582305
1385.582305
1385.582305
1385.582305
1385.582305
1385.582305
1385.582305
1385.582305
1385.582305
1385.582305
1385.582305
1385.526246
1385.526246
1385.526246
1385.526246
1385.526246
1385.460431
1385.460431
1385.460431
1385.460431
1385.460431
1385.460431
1385.460431
1385.460431
1385.460431
1385.460431
1385.460431
1385.460431
1385.460431
1385.460431
1385.428089
1385.428089
1385.428089
1385.428089
1385.428089
1385.428089
1385.428089
1385.428089
1385.428089
1385.428089
1385.428089
1385.428089
1385.428089
1385.428089
1385.428089
1385.428089
1385.428089
1385.428089
1385.428089
1385.428089
1385.428089
1385.428089
1385.428089
1385.428089
1385.428089
1385.428089
1385.428089
1385.428089
1385.428089
1385.428089
1385.428089
1385.428089
1385.428089
1385.428089
1385.428089
1385.428089
1385.428089
1385.428089
1385.428089
1385.428089
1385.293706
1385.293706
1385.293706
1385.293706
1385.293706
1385.293706
1385.293706
1385.293706
1385.293706
1385.293706
1385.293706
1385.293706
1385.293706
1385.293706
1385.293706
1385.293706
1385.293706
1385.293706
1385.293706
1385.293706
1385.293706
1385.293706
1385.293706
1385.293706
1385.293706
1385.293706
1385.293706
1385.293706
1385.293706
1385.293706
1385.293706
1385.293706
1385.293706
1385.293706
1385.293706
1385.293706
1385.293706
1385.293706
1385.293706
1385.293706
1385.293706
1385.293706
1385.293706
1385.293706
1385.293706
1385.293706
1385.293706
1385.293706
1385.293706
1385.293706
1385.283402
1385.283402
1385.283402
1385.283402
1385.283402
1385.283402
1385.283402
1385.283402
1385.283402
1385.283402
1385.283402
1385.283402
1385.283402
1385.283402
1385.283402
1385.283402
1385.283402
1385.283402
1385.283402
1385.283402
1385.283402
1385.283402
1385.283402
1385.283402
1385.283402
1385.283402
1385.283402
1385.283402
1385.283402
1385.283402
1385.283402
1385.283402
1385.283402
1385.283402
1385.247598
1385.247598
1385.247598
1385.247598
1385.247598
1385.247598
1385.247598
1385.247598
1385.247598
1385.247598
1385.247598
1385.247598
1385.247598
1385.247598
1385.247598
1385.247598
1385.247598
1385.247598
1385.247598
1385.247598
1385.247598
1385.247598
1385.247598
1385.247598
1385.247598
1385.247598
1385.247598
1385.146684
1385.146684
1385.146684
1385.146684
1385.146684
1385.146684
1385.146684
1385.146684
1385.146684
1385.146684
1385.146684
1385.146684
1385.146684
1385.146684
1385.146684
1385.146684
1385.146684
1385.146684
1385.146684
1385.014235
1385.014235
1385.014235
1385.014235
1385.014235
1385.014235
1385.014235
1385.014235
1385.014235
1385.014235
1385.014235
1385.014235
1385.014235
1385.014235
1385.014235
1385.014235
1385.014235
1385.014235
1385.014235
1385.014235
1385.014235
1385.014235
1385.014235
1385.014235
1385.014235
1385.014235
1385.014235
1385.014235
1385.014235
1385.014235
1385.014235
1385.014235
1385.014235
1385.014235
1385.014235
1385.014235
1385.014235
1385.014235
1385.014235
1385.014235
1385.014235
1385.014235
1385.014235
1385.014235
1385.014235
1385.014235
1385.014235
1385.014235
1385.014235
1385.014235
1385.014235
1385.014235
1385.014235
1385.014235
1385.014235
1385.014235
1385.014235
1385.014235
1385.014235
1385.014235
1385.014235
1385.014235
1385.014235
1385.014235
1385.014235
1385.014235
1385.014235
1385.014235
1385.014235
1385.014235
1385.014235
1385.014235
1385.014235
1385.014235
1385.014235
1385.014235
1385.014235
1385.014235
1385.014235
1385.014235
1385.014235
1385.014235
1385.014235
1385.014235
1385.014235
1385.014235
1385.014235
1385.014235
1385.014235
1385.014235
1385.014235
1385.014235
1385.014235
1385.014235
1385.014235
1385.014235
1385.014235
1385.014235
1385.014235
1385.014235
1385.014235
1385.014235
1385.014235
1385.014235
1385.014235
1385.014235
1385.014235
1384.903581
1384.903581
1384.903581
1384.903581
1384.903581
1384.903581
1384.903581
1384.903581
1384.903581
1384.903581
1384.903581
1384.903581
1384.903581
1384.903581
1384.903581
1384.903581
1384.903581
1384.903581
1384.903581
1384.903581
1384.903581
1384.903581
1384.903581
1384.903581
1384.903581
1384.903581
1384.903581
1384.903581
1384.903581
1384.903581
1384.903581
1384.903581
1384.903581
1384.903581
1384.903581
1384.903581
1384.903581
1384.903581
1384.903581
1384.903581
1384.903581
1384.903581
1384.903581
1384.903581
1384.903581
1384.903581
1384.903581
1384.903581
1384.903581
1384.903581
1384.903581
1384.903581
1384.903581
1384.903581
1384.903581
1384.903581
1384.903581
1384.903581
1384.903581
1384.903581
1384.903581
1384.903581
1384.903581
1384.903581
1384.903581
1384.903581
1384.903581
1384.903581
1384.903581
1384.903581
1384.903581
1384.903581
1384.903581
1384.903581
1384.903581
1384.903581
1384.903581
1384.903581
1384.903581
1384.903581
1384.903581
1384.903581
1384.903581
1384.903581
1384.903581
1384.903581
1384.903581
1384.903581
1384.903581
1384.903581
1384.903581
1384.903581
1384.903581
1384.903581
1384.903581
1384.903581
1384.903581
1384.903581
1384.903581
1384.903581
1384.903581
1384.903581
1384.903581
1384.903581
1384.903581
1384.903581
1384.903581
1384.903581
1384.903581
1384.903581
1384.903581
1384.900371
1384.900371
1384.900371
1384.900371
1384.900371
1384.900371
1384.900371
1384.900371
1384.900371
1384.900371
1384.900371
1384.900371
1384.900371
1384.900371
1384.900371
1384.900371
1384.900371
1384.900371
1384.900371
1384.900371
1384.900371
1384.900371
1384.900371
1384.900371
1384.900371
1384.900371
1384.900371
1384.882405
1384.882405
1384.882405
1384.882405
1384.882405
1384.882405
1384.882405
1384.882405
1384.882405
1384.882405
1384.882405
1384.882405
1384.882405
1384.882405
1384.882405
1384.882405
1384.882405
1384.882405
1384.882405
1384.882405
1384.882405
1384.882405
1384.882405
1384.882405
1384.882405
1384.882405
1384.882405
1384.882405
1384.882405
1384.882405
1384.882405
1384.882405
1384.882405
1384.882405
1384.882405
1384.882405
1384.882405
1384.882405
1384.882405
1384.882405
1384.882405
1384.882405
1384.882405
1384.882405
1384.882405
1384.882405
1384.882405
1384.882405
1384.882405
1384.882405
1384.882405
1384.882405
1384.882405
1384.882405
1384.882405
1384.882405
1384.882405
1384.882405
1384.882405
1384.882405
1384.882405
1384.882405
1384.882405
1384.882405
1384.882405
1384.882405
1384.882405
1384.882405
1384.859983
1384.859983
1384.859983
1384.859983
1384.859983
1384.859983
1384.859983
1384.859983
1384.859983
1384.859983
1384.859983
1384.859983
1384.859983
1384.859983
1384.859983
1384.859983
1384.859983
1384.859983
1384.859983
1384.859983
1384.859983
1384.859983
1384.859983
1384.859983
1384.859983
1384.859983
1384.859983
1384.859983
1384.859983
1384.859983
1384.859983
1384.859983
1384.859983
1384.859983
1384.859983
1384.859983
1384.859983
1384.859983
1384.859983
1384.859983
1384.859983
1384.859983
1384.859983
1384.859983
1384.859983
1384.859983
1384.859983
1384.859983
1384.859983
1384.859983
1384.859983
1384.859983
1384.859983
1384.859983
1384.859983
1384.859983
1384.859983
1384.859983
1384.859983
1384.859983
1384.859983
1384.859983
1384.859983
1384.859983
1384.859983
1384.859983
1384.859983
1384.859983
1384.859983
1384.859983
1384.859983
1384.859983
1384.859983
1384.859983
1384.859983
1384.859983
1384.859983
1384.859983
1384.859983
1384.859983
1384.859983
1384.859983
1384.859983
1384.859983
1384.859983
1384.859983
1384.859983
1384.859983
1384.859983
1384.859983
1384.859983
1384.859983
1384.859983
1384.859983
1384.859983
1384.859983
1384.859983
1384.859983
1384.859983
1384.859983
1384.859983
1384.859983
1384.859983
1384.859983
1384.859983
1384.859983
1384.859983
1384.859983
1384.859983
1384.859983
1384.859983
1384.859983
1384.859983
1384.859983
1384.859983
1384.859983
1384.859983
1384.859983
1384.859983
1384.859983
1384.859983
1384.859983
1384.859983
1384.859983
1384.859983
1384.859983
1384.859983
1384.859983
1384.859983
1384.859983
1384.859983
1384.859983
1384.859983
1384.859983
1384.859983
1384.859983
1384.859983
1384.859983
1384.859983
1384.859983
1384.857713
1384.857713
1384.857713
1384.857713
1384.857713
1384.857713
1384.857713
1384.857713
1384.857713
1384.857713
1384.857713
1384.857713
1384.857713
1384.857713
1384.857713
1384.857713
1384.857713
1384.857713
1384.857713
1384.857713
1384.857713
1384.857713
1384.857713
1384.857713
1384.857713
1384.857713
1384.857713
1384.857713
1384.857713
1384.857713
1384.701670
1384.701670
1384.701670
1384.701670
1384.701670
1384.701670
1384.701670
1384.701670
1384.701670
1384.701670
1384.701670
1384.701670
1384.701670
1384.701670
1384.701670
1384.701670
1384.701670
1384.701670
1384.684664
1384.684664
1384.684664
1384.684664
1384.684664
1384.684664
1384.684664
1384.684664
1384.684664
1384.684664
1384.684664
1384.684664
1384.684664
1384.684664
1384.684664
1384.684664
1384.684664
1384.684664
1384.684664
1384.684664
1384.684664
1384.684664
1384.684664
1384.684664
1384.684664
1384.684664
1384.684664
1384.684664
1384.684664
1384.684664
1384.684664
1384.684664
1384.673887
1384.673887
1384.673887
1384.673887
1384.673887
1384.673887
1384.673887
1384.673887
1384.673887
1384.673887
1384.673887
1384.673887
1384.673887
1384.673887
1384.673887
1384.673887
1384.673887
1384.673887
1384.673887
1384.673887
1384.673887
1384.673887
1384.673887
1384.673887
1384.673887
1384.673887
1384.673887
1384.673887
1384.673887
1384.673887
1384.673887
1384.673887
1384.673887
1384.673887
1384.673887
1384.673887
1384.673887
1384.673887
1384.673887
1384.673887
1384.673887
1384.673887
1384.673887
1384.673887
1384.673887
1384.673887
1384.673887
1384.673887
1384.673887
1384.673887
1384.673887
1384.673887
1384.673887
1384.673887
1384.673887
1384.673887
1384.673887
1384.673887
1384.673887
1384.673887
1384.673887
1384.673887
1384.673887
1384.673887
1384.673887
1384.673887
1384.673887
1384.673887
1384.667732
1384.667732
1384.667732
1384.667732
1384.667732
1384.667732
1384.667732
1384.667732
1384.667732
1384.667732
1384.667732
1384.667732
1384.667732
1384.667732
1384.667732
1384.667732
1384.667732
1384.667732
1384.667732
1384.667732
1384.667732
1384.667732
1384.667732
1384.667732
1384.667732
1384.667732
1384.667732
1384.667732
1384.667732
1384.667732
1384.667732
1384.667732
1384.667732
1384.667732
1384.667732
1384.667732
1384.667732
1384.667732
1384.667732
1384.550071
1384.550071
1384.550071
1384.550071
1384.550071
1384.550071
1384.550071
1384.550071
1384.550071
1384.550071
1384.550071
1384.550071
1384.550071
1384.550071
1384.550071
1384.550071
1384.550071
1384.550071
1384.550071
1384.550071
1384.550071
1384.550071
1384.550071
1384.550071
1384.550071
1384.550071
1384.550071
1384.550071
1384.550071
1384.550071
1384.550071
1384.550071
1384.550071
1384.550071
1384.550071
1384.550071
1384.550071
1384.550071
1384.550071
1384.550071
1384.550071
1384.550071
1384.550071
1384.550071
1384.550071
1384.550071
1384.550071
1384.550071
1384.550071
1384.550071
1384.550071
1384.550071
1384.550071
1384.550071
1384.550071
1384.550071
1384.550071
1384.550071
1384.550071
1384.550071
1384.550071
1384.550071
1384.550071
1384.550071
1384.550071
1384.550071
1384.550071
1384.550071
1384.550071
1384.550071
1384.550071
1384.550071
1384.550071
1384.550071
1384.550071
1384.550071
1384.550071
1384.550071
1384.550071
1384.550071
1384.550071
1384.550071
1384.550071
1384.550071
1384.550071
1384.550071
1384.550071
1384.550071
1384.550071
1384.550071
1384.550071
1384.550071
1384.550071
1384.550071
1384.545426
1384.545426
1384.545426
1384.545426
1384.545426
1384.545426
1384.545426
1384.545426
1384.545426
1384.545426
1384.545426
1384.545426
1384.545426
1384.545426
1384.545426
1384.545426
1384.545426
1384.545426
1384.545426
1384.545426
1384.545426
1384.545426
1384.545426
1384.545426
1384.545426
1384.545426
1384.545426
1384.545426
1384.545426
1384.545426
1384.545426
1384.545426
1384.545426
1384.545426
1384.545426
1384.545426
1384.545426
1384.545426
1384.545426
1384.545426
1384.545426
1384.545426
1384.545426
1384.545426
1384.545426
1384.545426
1384.545426
1384.545426
1384.545426
1384.545426
1384.545426
1384.545426
1384.545426
1384.545426
1384.545426
1384.545426
1384.545426
1384.545426
1384.545426
1384.545426
1384.545426
1384.545426
1384.545426
1384.545426
1384.545426
1384.545426
1384.545426
1384.545426
1384.545426
1384.532220
1384.532220
1384.532220
1384.532220
1384.532220
1384.532220
1384.532220
1384.532220
1384.532220
1384.532220
1384.532220
1384.532220
1384.532220
1384.532220
1384.532220
1384.532220
1384.532220
1384.532220
1384.532220
1384.532220
1384.532220
1384.532220
1384.532220
1384.532220
1384.532220
1384.532220
1384.532220
1384.532220
1384.532220
1384.532220
1384.532220
1384.532220
1384.532220
1384.532220
1384.532220
1384.532220
1384.532220
1384.532220
1384.532220
1384.532220
1384.532220
1384.532220
1384.532220
1384.532220
1384.532220
1384.532220
1384.532220
1384.532220
1384.532220
1384.532220
1384.532220
1384.532220
1384.532220
1384.532220
1384.532220
1384.532220
1384.532220
1384.532220
1384.532220
1384.532220
1384.532220
1384.532220
1384.532220
1384.532220
1384.532220
1384.532220
1384.532220
1384.532220
1384.532220
1384.532220
1384.532220
1384.532220
1384.532220
1384.532220
1384.532220
1384.532220
1384.532220
1384.532220
1384.532220
1384.532220
1384.532220
1384.532220
1384.532220
1384.532220
1384.532220
1384.532220
1384.532220
1384.532220
1384.532220
1384.532220
1384.532220
1384.532220
1384.532220
1384.532220
1384.532220
1384.532220
1384.532220
1384.532220
1384.500659
1384.500659
1384.489932
1384.489932
1384.489932
1384.489932
1384.489932
1384.489932
1384.489932
1384.489932
1384.489932
1384.489932
1384.489932
1384.489932
1384.489932
1384.489932
1384.489932
1384.489932
1384.489932
1384.489932
1384.489932
1384.489932
1384.489932
1384.489932
1384.479598
1384.479598
1384.479598
1384.479598
1384.479598
1384.479598
1384.477679
1384.477679
1384.477679
1384.477679
1384.477679
1384.477679
1384.477679
1384.477679
1384.477679
1384.477679
1384.477679
1384.477679
1384.477679
1384.477679
1384.477679
1384.477679
1384.477679
1384.477679
1384.477679
1384.477679
1384.477679
1384.477679
1384.477679
1384.477679
1384.477679
1384.477679
1384.477679
1384.477679
1384.477679
1384.477679
1384.477679
1384.477679
1384.477679
1384.477679
1384.477679
1384.477679
1384.477679
1384.477679
1384.477679
1384.477679
1384.475822
1384.475822
1384.475822
1384.475822
1384.475822
1384.475822
1384.475822
1384.475822
1384.475822
1384.475822
1384.475822
1384.475822
1384.475822
1384.422465
1384.422465
1384.422465
1384.422465
1384.422465
1384.422465
1384.412936
1384.412936
1384.412936
1384.412936
1384.412936
1384.412936
1384.412936
1384.412936
1384.412936
1384.412936
1384.412936
1384.412936
1384.412936
1384.412936
1384.412936
1384.412936
1384.412936
1384.412936
1384.412936
1384.412936
1384.412936
1384.412936
1384.412936
1384.412936
1384.412936
1384.412936
1384.412936
1384.412936
1384.412936
1384.412936
1384.412936
1384.412936
1384.412936
1384.412936
1384.412936
1384.412936
1384.412936
1384.412936
1384.412936
1384.412936
1384.412936
1384.412936
1384.412936
1384.412936
1384.412936
1384.412936
1384.412936
1384.412936
1384.412936
1384.412936
1384.412936
1384.412936
1384.412936
1384.412936
1384.412936
1384.412936
1384.412936
1384.412936
1384.412936
1384.412936
1384.412936
1384.412936
1384.412936
1384.412936
1384.412936
1384.412936
1384.412936
1384.412936
1384.412936
1384.412936
1384.412936
1384.412936
1384.412936
1384.412936
1384.412936
1384.412936
1384.412936
1384.412936
1384.412936
1384.412936
1384.412936
1384.412936
1384.412936
1384.412936
1384.412936
1384.412936
1384.412936
1384.412936
1384.412936
1384.412936
1384.412936
1384.412936
1384.412936
1384.412936
1384.412936
1384.412936
1384.412936
1384.412936
1384.412936
1384.363996
1384.363996
1384.363996
1384.363996
1384.363996
1384.363996
1384.363996
1384.363996
1384.363996
1384.363996
1384.363996
1384.363996
1384.363996
1384.363996
1384.363996
1384.363996
1384.363996
1384.363996
1384.363996
1384.363996
1384.363996
1384.363996
1384.363996
1384.363996
1384.363996
1384.363996
1384.363996
1384.363996
1384.363996
1384.363996
1384.363996
1384.363996
1384.363996
1384.363996
1384.363996
1384.363996
1384.363996
1384.363996
1384.363996
1384.363996
1384.363996
1384.363996
1384.363996
1384.363996
1384.363996
1384.363996
1384.363996
1384.363996
1384.363996
1384.363996
1384.363996
1384.363996
1384.363996
1384.363996
1384.363996
1384.363996
1384.363996
1384.363996
1384.363996
1384.363996
1384.363996
1384.363996
1384.363996
1384.363996
1384.363996
1384.363996
1384.363996
1384.363996
1384.363996
1384.363996
1384.363996
1384.363996
1384.363996
1384.363996
1384.363996
1384.363996
1384.363996
1384.363996
1384.363996
1384.363996
1384.363996
1384.363996
1384.363996
1384.363996
1384.363996
1384.363996
1384.363996
1384.363996
1384.363996
1384.363996
1384.363996
1384.363996
1384.363996
1384.363996
1384.363996
1384.363996
1384.363996
1384.363996
1384.248264
1384.248264
1384.248264
1384.248264
1384.248264
1384.248264
1384.248264
1384.248264
1384.248264
1384.248264
1384.248264
1384.248264
1384.248264
1384.248264
1384.248264
1384.248264
1384.248264
1384.248264
1384.248264
1384.248264
1384.248264
1384.248264
1384.248264
1384.248264
1384.248264
1384.248264
1384.248264
1384.248264
1384.248264
1384.248264
1384.248264
1384.248264
1384.248264
1384.248264
1384.248264
1384.248264
1384.248264
1384.248264
1384.248264
1384.248264
1384.248264
1384.248264
1384.248264
1384.248264
1384.248264
1384.248264
1384.248264
1384.248264
1384.248264
1384.248264
1384.248264
1384.248264
1384.248264
1384.248264
1384.248264
1384.248264
1384.248264
1384.248264
1384.248264
1384.248264
1384.248264
1384.248264
1384.248264
1384.248264
1384.248264
1384.248264
1384.248264
1384.248264
1384.248264
1384.248264
1384.248264
1384.248264
1384.248264
1384.248264
1384.248264
1384.248264
1384.248264
1384.248264
1384.248264
1384.248264
1384.248264
1384.248264
1384.248264
1384.248264
1384.248264
1384.248264
1384.248264
1384.248264
1384.248264
1384.248264
1384.248264
1384.248264
1384.248264
1384.248264
1384.248264
1384.248264
1384.248264
1384.248264
1384.248264
1384.248264
1384.248264
1384.248264
1384.248264
1384.248264
1384.248264
1384.248264
1384.248264
1384.248264
1384.248264
1384.248264
1384.248264
1384.248264
1384.248264
1384.248264
1384.248264
1384.248264
1384.248264
1384.248264
1384.248264
1384.248264
1384.248264
1384.248264
1384.248264
1384.248264
1384.248264
1384.248264
1384.248264
1384.248264
1384.248264
1384.248264
1384.248264
1384.248264
1384.248264
1384.248264
1384.248264
1384.248264
1384.248264
1384.248264
1384.248264
1384.248264
1384.212225
1384.212225
1384.212225
1384.212225
1384.212225
1384.151490
1384.151490
1384.151490
1384.151490
1384.151490
1384.151490
1384.151490
1384.151490
1384.151490
1384.151490
1384.151490
1384.151490
1384.151490
1384.151490
1384.151490
1384.151490
1384.151490
1384.151490
1384.151490
1384.151490
1384.151490
1384.151490
1384.151490
1384.151490
1384.151490
1384.151490
1384.151490
1384.151490
1384.151490
1384.151490
1384.151490
1384.151490
1384.151490
1384.151490
1384.151490
1384.151490
1384.151490
1384.151490
1384.151490
1384.151490
1384.151490
1384.151490
1384.151490
1384.151490
1384.151490
1384.151490
1384.151490
1384.151490
1384.151490
1384.151490
1384.151490
1384.151490
1384.151490
1384.151490
1384.151490
1384.151490
1384.151490
1384.151490
1384.151490
1384.151490
1384.151490
1384.151490
1384.151490
1384.151490
1384.151490
1384.151490
1384.151490
1384.151490
1384.151490
1384.151490
1384.151490
1384.151490
1384.151490
1384.151490
1384.151490
1384.151490
1384.151490
1384.151490
1384.151490
1384.151490
1384.151490
1384.151490
1384.151490
1384.151490
1384.151490
1384.151490
1384.151490
1384.151490
1384.151490
1384.151490
1384.151490
1384.151490
1384.151490
1384.151490
1384.151490
1384.151490
1384.151490
1384.151490
1384.151490
1384.151490
1384.139668
1384.139668
1384.139668
1384.139668
1384.139668
1384.131209
1384.131209
1384.131209
1384.131209
1384.131209
1384.131209
1384.131209
1384.131209
1384.131209
1384.131209
1384.131209
1384.131209
1384.131209
1384.131209
1384.131209
1384.131209
1384.131209
1384.131209
1384.131209
1384.131209
1384.131209
1384.131209
1384.131209
1384.131209
1384.131209
1384.131209
1384.131209
1384.131209
1384.131209
1384.131209
1384.131209
1384.131209
1384.131209
1384.131209
1384.131209
1384.131209
1384.131209
1384.131209
1384.131209
1384.131209
1384.131209
1384.131209
1384.131209
1384.131209
1384.095957
1384.095957
1384.095957
1384.095957
1384.095957
1384.095957
1384.069570
1384.069570
1384.069570
1384.069570
1384.069570
1384.069570
1384.069570
1384.069570
1384.069570
1384.069570
1384.069570
1384.069570
1384.069570
1384.069570
1384.069570
1384.069570
1384.069570
1384.069570
1384.069570
1384.069570
1384.069570
1384.069570
1384.069570
1384.069570
1384.069570
1384.069570
1384.069570
1384.069570
1384.069570
1384.069570
1384.069570
1384.069570
1384.069570
1384.069570
1384.069570
1384.069570
1384.069570
1384.069570
1384.069570
1384.069570
1384.069570
1384.069570
1384.069570
1384.069570
1384.069570
1384.069570
1384.069570
1384.069570
1384.069570
1384.069570
1384.069570
1384.069570
1384.069570
1384.069570
1384.069570
1384.069570
1384.069570
1384.069570
1384.069570
1384.069570
1384.069570
1384.056170
1384.056170
1384.056170
1384.056170
1384.056170
1384.056170
1384.056170
1384.056170
1384.056170
1384.056170
1384.056170
1384.056170
1384.056170
1384.056170
1384.056170
1384.056170
1384.056170
1384.051962
1384.051962
1384.051962
1384.051962
1384.051962
1384.051962
1384.051962
1384.051962
1384.051962
1384.051962
1384.051962
1384.051962
1384.051962
1384.051962
1384.051962
1384.051962
1384.051962
1384.051962
1384.051962
1384.051962
1384.051962
1384.051962
1384.051962
1384.051962
1384.051962
1384.051962
1384.051962
1384.051962
1384.051962
1384.051962
1384.051962
1384.051962
1384.051962
1384.029483
1384.029483
1384.029483
1384.029483
1384.029483
1384.029483
1384.029483
1384.029483
1384.029483
1384.029483
1384.029483
1384.029483
1384.027627
1384.027627
1384.027627
1384.027627
1384.027627
1384.027627
1384.027627
1384.027627
1384.027627
1384.027627
1384.027627
1384.027627
1384.027627
1384.027627
1384.027627
1384.027627
1384.027627
1384.027627
1384.027627
1384.027627
1384.017334
1384.017334
1383.853645
1383.853645
1383.853645
1383.853645
1383.853645
1383.853645
1383.853645
1383.853645
1383.853645
1383.853645
1383.853645
1383.853645
1383.853645
1383.853645
1383.853645
1383.853645
1383.853645
1383.853645
1383.853645
1383.853645
1383.853645
1383.853645
1383.853645
1383.853645
1383.853645
1383.853645
1383.853645
1383.853645
1383.853645
1383.853645
1383.853645
1383.853645
1383.853645
1383.853645
1383.853645
1383.853645
1383.853645
1383.853645
1383.853645
1383.853645
1383.853645
1383.853645
1383.853645
1383.853645
1383.853645
1383.853645
1383.853645
1383.853645
1383.853645
1383.853645
1383.853645
1383.853645
1383.853645
1383.853645
1383.853645
1383.853645
1383.853645
1383.853645
1383.853645
1383.853645
1383.853645
1383.853645
1383.853645
1383.853645
1383.853645
1383.853645
1383.853645
1383.853645
1383.853645
1383.853645
1383.853645
1383.853645
1383.853645
1383.853645
1383.853645
1383.844056
1383.844056
1383.844056
1383.844056
1383.844056
1383.844056
1383.844056
1383.844056
1383.844056
1383.844056
1383.844056
1383.844056
1383.844056
1383.844056
1383.844056
1383.844056
1383.844056
1383.844056
1383.844056
1383.844056
1383.844056
1383.844056
1383.844056
1383.844056
1383.844056
1383.844056
1383.844056
1383.844056
1383.844056
1383.844056
1383.844056
1383.844056
1383.844056
1383.844056
1383.844056
1383.844056
1383.844056
1383.844056
1383.844056
1383.844056
1383.844056
1383.844056
1383.844056
1383.844056
1383.844056
1383.844056
1383.844056
1383.844056
1383.844056
1383.724964
1383.724964
1383.724964
1383.724964
1383.724964
1383.724964
1383.724964
1383.724964
1383.724964
1383.724964
1383.724964
1383.724964
1383.724964
1383.724964
1383.724964
1383.724964
1383.724964
1383.724964
1383.724964
1383.724964
1383.724964
1383.724964
1383.724964
1383.724964
1383.724964
1383.724964
1383.724964
1383.724964
1383.724964
1383.724964
1383.724964
1383.700284
1383.700284
1383.700284
1383.700284
1383.700284
1383.700284
1383.700284
1383.700284
1383.607127
1383.607127
1383.607127
1383.607127
1383.607127
1383.607127
1383.607127
1383.607127
1383.607127
1383.607127
1383.607127
1383.607127
1383.607127
1383.607127
1383.607127
1383.607127
1383.607127
1383.607127
1383.607127
1383.607127
1383.607127
1383.607127
1383.607127
1383.607127
1383.607127
1383.607127
1383.607127
1383.607127
1383.607127
1383.607127
1383.607127
1383.607127
1383.607127
1383.607127
1383.607127
1383.607127
1383.607127
1383.607127
1383.607127
1383.607127
1383.607127
1383.607127
1383.607127
1383.607127
1383.607127
1383.607127
1383.607127
1383.607127
1383.607127
1383.607127
1383.581319
1383.581319
1383.581319
1383.581319
1383.581319
1383.581319
1383.581319
1383.581319
1383.581319
1383.581319
1383.581319
1383.581319
1383.581319
1383.581319
1383.581319
1383.581319
1383.581319
1383.581319
1383.581319
1383.581319
1383.581319
1383.581319
1383.581319
1383.581319
1383.581319
1383.581319
1383.581319
1383.581319
1383.581319
1383.581319
1383.581319
1383.581319
1383.581319
1383.581319
1383.581319
1383.581319
1383.581319
1383.581319
1383.581319
1383.581319
1383.581319
1383.581319
1383.581319
1383.581319
1383.581319
1383.581319
1383.581319
1383.581319
1383.581319
1383.581319
1383.581319
1383.581319
1383.581319
1383.581319
1383.581319
1383.581319
1383.581319
1383.581319
1383.581319
1383.581319
1383.581319
1383.581319
1383.581319
1383.581319
1383.581319
1383.581319
1383.581319
1383.581319
1383.581319
1383.581319
1383.581319
1383.581319
1383.581319
1383.581319
1383.581319
1383.581319
1383.581319
1383.581319
1383.581319
1383.581319
1383.581319
1383.581319
1383.581319
1383.581319
1383.581319
1383.581319
1383.581319
1383.581319
1383.581319
1383.581319
1383.581319
1383.581319
1383.581319
1383.581319
1383.581319
1383.567590
1383.567590
1383.567590
1383.567590
1383.567590
1383.567590
1383.567590
1383.567590
1383.567590
1383.567590
1383.567590
1383.567590
1383.567590
1383.567590
1383.567590
1383.567590
1383.567590
1383.567590
1383.567590
1383.567590
1383.567590
1383.567590
1383.567590
1383.567590
1383.567590
1383.567590
1383.567590
1383.567590
1383.567590
1383.567590
1383.553041
1383.553041
1383.553041
1383.553041
1383.553041
1383.553041
1383.553041
1383.553041
1383.553041
1383.553041
1383.553041
1383.553041
1383.553041
1383.553041
1383.553041
1383.553041
1383.553041
1383.553041
1383.553041
1383.553041
1383.553041
1383.553041
1383.553041
1383.553041
1383.553041
1383.553041
1383.553041
1383.553041
1383.521722
1383.521722
1383.521722
1383.521722
1383.521722
1383.521722
1383.521722
1383.521722
1383.521722
1383.521722
1383.521722
1383.521722
1383.521722
1383.521722
1383.521722
1383.521722
1383.521722
1383.521722
1383.521722
1383.521722
1383.521722
1383.521722
1383.521722
1383.521722
1383.521722
1383.521722
1383.521722
1383.521722
1383.521722
1383.519066
1383.519066
1383.519066
1383.519066
1383.519066
1383.519066
1383.519066
1383.519066
1383.519066
1383.519066
1383.519066
1383.519066
1383.519066
1383.519066
1383.519066
1383.519066
1383.519066
1383.519066
1383.519066
1383.519066
1383.519066
1383.519066
1383.519066
1383.519066
1383.519066
1383.519066
1383.519066
1383.519066
1383.519066
1383.519066
1383.519066
1383.519066
1383.441635
1383.441635
1383.441635
1383.441635
1383.441635
1383.441635
1383.441635
1383.441635
1383.441635
1383.441635
1383.441635
1383.441635
1383.441635
1383.441635
1383.441635
1383.441635
1383.441635
1383.441635
1383.441635
1383.441635
1383.441635
1383.441635
1383.441635
1383.441635
1383.441635
1383.441635
1383.441635
1383.441635
1383.441635
1383.441635
1383.429164
1383.429164
1383.429164
1383.429164
1383.429164
1383.429164
1383.429164
1383.429164
1383.429164
1383.429164
1383.429164
1383.429164
1383.429164
1383.429164
1383.429164
1383.429164
1383.429164
1383.429164
1383.429164
1383.429164
1383.429164
1383.429164
1383.429164
1383.429164
1383.429164
1383.429164
1383.429164
1383.429164
1383.429164
1383.429164
1383.429164
1383.429164
1383.429164
1383.429164
1383.429164
1383.429164
1383.429164
1383.429164
1383.429164
1383.429164
1383.420779
1383.420779
1383.420779
1383.420779
1383.420779
1383.420779
1383.420779
1383.420779
1383.420779
1383.420779
1383.420779
1383.420779
1383.420779
1383.420779
1383.420779
1383.420779
1383.420779
1383.420779
1383.420779
1383.420779
1383.420779
1383.420779
1383.420779
1383.420779
1383.420779
1383.420779
1383.420779
1383.420779
1383.420779
1383.388150
1383.388150
1383.388150
1383.388150
1383.388150
1383.388150
1383.388150
1383.388150
1383.388150
1383.388150
1383.388150
1383.388150
1383.388150
1383.388150
1383.388150
1383.388150
1383.388150
1383.388150
1383.388150
1383.388150
1383.388150
1383.388150
1383.388150
1383.388150
1383.388150
1383.388150
1383.388150
1383.353130
1383.353130
1383.353130
1383.353130
1383.353130
1383.353130
1383.353130
1383.353130
1383.353130
1383.353130
1383.353130
1383.353130
1383.353130
1383.353130
1383.353130
1383.353130
1383.353130
1383.353130
1383.353130
1383.353130
1383.353130
1383.353130
1383.353130
1383.353130
1383.353130
1383.353130
1383.353130
1383.353130
1383.353130
1383.353130
1383.353130
1383.353130
1383.353130
1383.353130
1383.353130
1383.353130
1383.348852
1383.348852
1383.348852
1383.348852
1383.348852
1383.348852
1383.348852
1383.348852
1383.348852
1383.348852
1383.348852
1383.348852
1383.348852
1383.345416
1383.345416
1383.345416
1383.345416
1383.345416
1383.345416
1383.296835
1383.296835
1383.296835
1383.296835
1383.296835
1383.296835
1383.296835
1383.296835
1383.296835
1383.296835
1383.296835
1383.296835
1383.296835
1383.296835
1383.296835
1383.296835
1383.296835
1383.296835
1383.296835
1383.296835
1383.296835
1383.296835
1383.296835
1383.296835
1383.296835
1383.296835
1383.296835
1383.296835
1383.296835
1383.296835
1383.250312
1383.250312
1383.250312
1383.250312
1383.250312
1383.250312
1383.250312
1383.250312
1383.250312
1383.250312
1383.250312
1383.250312
1383.250312
1383.250312
1383.250312
1383.250312
1383.250312
1383.250312
1383.250312
1383.250312
1383.250312
1383.250312
1383.250312
1383.250312
1383.250312
1383.250312
1383.250312
1383.250312
1383.250312
1383.244731
1383.244731
1383.244731
1383.244731
1383.244731
1383.244731
1383.244731
1383.244731
1383.244731
1383.244731
1383.244731
1383.244731
1383.244731
1383.244731
1383.244731
1383.244731
1383.244731
1383.244731
1383.244731
1383.244731
1383.244731
1383.244731
1383.244731
1383.244731
1383.244731
1383.244731
1383.244731
1383.244731
1383.244731
1383.240922
1383.240922
1383.240922
1383.240922
1383.240922
1383.240922
1383.240922
1383.240922
1383.240922
1383.240922
1383.240922
1383.240922
1383.240922
1383.240922
1383.240922
1383.182605
1383.182605
1383.182605
1383.182605
1383.182605
1383.182605
1383.182605
1383.182605
1383.182605
1383.182605
1383.182605
1383.182605
1383.182605
1383.182605
1383.182605
1383.182605
1383.182605
1383.182605
1383.182605
1383.182605
1383.182605
1383.182605
1383.182605
1383.182605
1383.182605
1383.182605
1383.182605
1383.182605
1383.182605
1383.182605
1383.182605
1383.182605
1383.182605
1383.182605
1383.182605
1383.182605
1383.182605
1383.182605
1383.182605
1383.182605
1383.182605
1383.182605
1383.182605
1383.182605
1383.182605
1383.182605
1383.176440
1383.176440
1383.176440
1383.176440
1383.176440
1383.176440
1383.176440
1383.176440
1383.176440
1383.176440
1383.176440
1383.176440
1383.143835
1383.143835
1383.143835
1383.143835
1383.143835
1383.143835
1383.143835
1383.143835
1383.143835
1383.143835
1383.143835
1383.143835
1383.143835
1383.143835
1383.143835
1383.143835
1383.143835
1383.143835
1383.143835
1383.143835
1383.143835
1383.143835
1383.143835
1383.143835
1383.143835
1383.143835
1383.143835
1383.143835
1383.143835
1383.143835
1383.143835
1383.143835
1383.143835
1383.143835
1383.143835
1383.143835
1383.143835
1383.143835
1383.143835
1383.143835
1383.143835
1383.143835
1383.143835
1383.143835
1383.143835
1383.143835
1383.143835
1383.143835
1383.143835
1383.143835
1383.143835
1383.143835
1383.143835
1383.143835
1383.143835
1383.143835
1383.143835
1383.143835
1383.143835
1383.143835
1383.143835
1383.143835
1383.143835
1383.143835
1383.143835
1383.143835
1383.143835
1383.143835
1383.143835
1383.143835
1383.143835
1383.143835
1383.143835
1383.143835
1383.143835
1383.143835
1383.143835
1383.143835
1383.143835
1383.143835
1383.143835
1383.143835
1383.143835
1383.125635
1383.125635
1383.125635
1383.125635
1383.125635
1383.125635
1382.966854
1382.966854
1382.966854
1382.966854
1382.966854
1382.966854
1382.966854
1382.966854
1382.966854
1382.966854
1382.966854
1382.966854
1382.966854
1382.966854
1382.966854
1382.966854
1382.966854
1382.966854
1382.966854
1382.966854
1382.966854
1382.966854
1382.966854
1382.966854
1382.966854
1382.966854
1382.966854
1382.966854
1382.966854
1382.966854
1382.966854
1382.966854
1382.966854
1382.966854
1382.966854
1382.966854
1382.966854
1382.966854
1382.966854
1382.966854
1382.966854
1382.966854
1382.966854
1382.966854
1382.966854
1382.966854
1382.966854
1382.966854
1382.966854
1382.966854
1382.966854
1382.966854
1382.966854
1382.831571
1382.831571
1382.831571
1382.831571
1382.831571
1382.831571
1382.831571
1382.831571
1382.831571
1382.831571
1382.831571
1382.831571
1382.831571
1382.831571
1382.831571
1382.831571
1382.831571
1382.831571
1382.831571
1382.831571
1382.831571
1382.831571
1382.831571
1382.831571
1382.831571
1382.831571
1382.831571
1382.831571
1382.831571
1382.831571
1382.831571
1382.831571
1382.831571
1382.831571
1382.831571
1382.831571
1382.831571
1382.831571
1382.831571
1382.831571
1382.831571
1382.831571
1382.831571
1382.831571
1382.831571
1382.831571
1382.831571
1382.831571
1382.831571
1382.831571
1382.831571
1382.831571
1382.831571
1382.831571
1382.831571
1382.831571
1382.831571
1382.831571
1382.831571
1382.831571
1382.831571
1382.831571
1382.831571
1382.831571
1382.831571
1382.831571
1382.831571
1382.831571
1382.831571
1382.831571
1382.831571
1382.831571
1382.831571
1382.831571
1382.831571
1382.831571
1382.831571
1382.831571
1382.831571
1382.831571
1382.831571
1382.831571
1382.831571
1382.831571
1382.831571
1382.831571
1382.831571
1382.831571
1382.831571
1382.831571
1382.831571
1382.831571
1382.831571
1382.831571
1382.831571
1382.831571
1382.831571
1382.831571
1382.831571
1382.831571
1382.831571
1382.831571
1382.831571
1382.831571
1382.831571
1382.831571
1382.831571
1382.831571
1382.831571
1382.831571
1382.831571
1382.831571
1382.831571
1382.831571
1382.831571
1382.831571
1382.831571
1382.831571
1382.831571
1382.831571
1382.831571
1382.831571
1382.831571
1382.831571
1382.831571
1382.831571
1382.831571
1382.831571
1382.831571
1382.831571
1382.831571
1382.831571
1382.831571
1382.831571
1382.831571
1382.831571
1382.831571
1382.831571
1382.821563
1382.821563
1382.821563
1382.821563
1382.821563
1382.821563
1382.821563
1382.821563
1382.821563
1382.821563
1382.821563
1382.821563
1382.821563
1382.821563
1382.820121
1382.820121
1382.820121
1382.820121
1382.820121
1382.820121
1382.820121
1382.820121
1382.820121
1382.820121
1382.820121
1382.820121
1382.820121
1382.820121
1382.820121
1382.820121
1382.820121
1382.820121
1382.820121
1382.820121
1382.820121
1382.820121
1382.820121
1382.820121
1382.820121
1382.820121
1382.820121
1382.820121
1382.820121
1382.820121
1382.820121
1382.820121
1382.820121
1382.820121
1382.820121
1382.820121
1382.820121
1382.820121
1382.746753
1382.746753
1382.746753
1382.746753
1382.746753
1382.746753
1382.746753
1382.746753
1382.746753
1382.746753
1382.746753
1382.746753
1382.746753
1382.746753
1382.746753
1382.746753
1382.746753
1382.746753
1382.746753
1382.746753
1382.746753
1382.746753
1382.746753
1382.746753
1382.746753
1382.746753
1382.746753
1382.746753
1382.746753
1382.746753
1382.746753
1382.746753
1382.746753
1382.746753
1382.746753
1382.746753
1382.746753
1382.746753
1382.746753
1382.746753
1382.746753
1382.746753
1382.746753
1382.746753
1382.746753
1382.746753
1382.746753
1382.746753
1382.746753
1382.746753
1382.746753
1382.746753
1382.746753
1382.639005
1382.639005
1382.639005
1382.639005
1382.639005
1382.639005
1382.639005
1382.639005
1382.639005
1382.639005
1382.639005
1382.639005
1382.639005
1382.639005
1382.639005
1382.639005
1382.639005
1382.639005
1382.639005
1382.639005
1382.639005
1382.639005
1382.639005
1382.639005
1382.639005
1382.639005
1382.639005
1382.639005
1382.639005
1382.639005
1382.639005
1382.639005
1382.639005
1382.639005
1382.639005
1382.639005
1382.639005
1382.639005
1382.639005
1382.639005
1382.639005
1382.639005
1382.639005
1382.639005
1382.639005
1382.639005
1382.639005
1382.639005
1382.639005
1382.639005
1382.636617
1382.636617
1382.636617
1382.636617
1382.636617
1382.636617
1382.636617
1382.636617
1382.636617
1382.636617
1382.636617
1382.636617
1382.636617
1382.636617
1382.636617
1382.636617
1382.636617
1382.636617
1382.636617
1382.636617
1382.636617
1382.636617
1382.636617
1382.636617
1382.636617
1382.636617
1382.636617
1382.636617
1382.636617
1382.636617
1382.636617
1382.636617
1382.636617
1382.636617
1382.636617
1382.636617
1382.636617
1382.636617
1382.636617
1382.636617
1382.636617
1382.636617
1382.636617
1382.636617
1382.636617
1382.636617
1382.636617
1382.636617
1382.636617
1382.636617
1382.636617
1382.636617
1382.636617
1382.636617
1382.636617
1382.636617
1382.636617
1382.636617
1382.636617
1382.636617
1382.636617
1382.636617
1382.636617
1382.636617
1382.636617
1382.636617
1382.636617
1382.636617
1382.636617
1382.636617
1382.636617
1382.636617
1382.636617
1382.636617
1382.636617
1382.636617
1382.636617
1382.636617
1382.636617
1382.636617
1382.636617
1382.636617
1382.636617
1382.636617
1382.636617
1382.636617
1382.636617
1382.636617
1382.636617
1382.636617
1382.636617
1382.636617
1382.636617
1382.636617
1382.636617
1382.636617
1382.636617
1382.636617
1382.636617
1382.636617
1382.636617
1382.636617
1382.636617
1382.636617
1382.636617
1382.636617
1382.636617
1382.636617
1382.503606
1382.503606
1382.503606
1382.503606
1382.503606
1382.503606
1382.503606
1382.503606
1382.503606
1382.503606
1382.503606
1382.503606
1382.503606
1382.503606
1382.503606
1382.503606
1382.503606
1382.503606
1382.503606
1382.503606
1382.503606
1382.503606
1382.503606
1382.503606
1382.503606
1382.503606
1382.503606
1382.503606
1382.503606
1382.503606
1382.503606
1382.503606
1382.503606
1382.503606
1382.503606
1382.503606
1382.503606
1382.503606
1382.503606
1382.503606
1382.503606
1382.503606
1382.503606
1382.503606
1382.503606
1382.503606
1382.503606
1382.503606
1382.503606
1382.503606
1382.503606
1382.503606
1382.503606
1382.503606
1382.503606
1382.503606
1382.503606
1382.503606
1382.503606
1382.503606
1382.503606
1382.503606
1382.503606
1382.503606
1382.503606
1382.503606
1382.503606
1382.503606
1382.503606
1382.381192
1382.381192
1382.381192
1382.381192
1382.381192
1382.381192
1382.381192
1382.381192
1382.381192
1382.381192
1382.381192
1382.381192
1382.381192
1382.381192
1382.381192
1382.381192
1382.381192
1382.381192
1382.381192
1382.381192
1382.381192
1382.381192
1382.381192
1382.381192
1382.381192
1382.381192
1382.381192
1382.381192
1382.381192
1382.381192
1382.381192
1382.381192
1382.381192
1382.381192
1382.381192
1382.381192
1382.381192
1382.353119
1382.353119
1382.353119
1382.353119
1382.353119
1382.353119
1382.353119
1382.353119
1382.353119
1382.353119
1382.353119
1382.353119
1382.353119
1382.353119
1382.353119
1382.353119
1382.353119
1382.353119
1382.353119
1382.353119
1382.353119
1382.353119
1382.353119
1382.353119
1382.353119
1382.353119
1382.353119
1382.353119
1382.353119
1382.353119
1382.353119
1382.353119
1382.353119
1382.353119
1382.353119
1382.353119
1382.353119
1382.353119
1382.353119
1382.353119
1382.353119
1382.353119
1382.353119
1382.353119
1382.353119
1382.353119
1382.353119
1382.353119
1382.353119
1382.353119
1382.353119
1382.353119
1382.353119
1382.353119
1382.353119
1382.353119
1382.282541
1382.282541
1382.282541
1382.282541
1382.282541
1382.282541
1382.282541
1382.282541
1382.282541
1382.282541
1382.282541
1382.282541
1382.282541
1382.282541
1382.282541
1382.282541
1382.282541
1382.282541
1382.282541
1382.282541
1382.282541
1382.282541
1382.282541
1382.282541
1382.282541
1382.282541
1382.282541
1382.282541
1382.282541
1382.282541
1382.282541
1382.282541
1382.282541
1382.282541
1382.282541
1382.282541
1382.282541
1382.282541
1382.282541
1382.282541
1382.282541
1382.282541
1382.282541
1382.282541
1382.278462
1382.278462
1382.278462
1382.278462
1382.278462
1382.278462
1382.278462
1382.278462
1382.278462
1382.228110
1382.228110
1382.228110
1382.228110
1382.228110
1382.228110
1382.228110
1382.228110
1382.228110
1382.228110
1382.228110
1382.228110
1382.228110
1382.228110
1382.228110
1382.228110
1382.228110
1382.228110
1382.226758
1382.226758
1382.226758
1382.226758
1382.226758
1382.200248
1382.200248
1382.200248
1382.128202
1382.128202
1382.128202
1382.128202
1382.128202
1382.128202
1382.128202
1382.128202
1382.128202
1382.128202
1382.128202
1382.128202
1382.128202
1382.128202
1382.128202
1382.128202
1382.128202
1382.128202
1382.128202
1382.128202
1382.128202
1382.128202
1382.128202
1382.128202
1382.128202
1382.128202
1382.128202
1382.128202
1382.128202
1382.128202
1382.128202
1382.128202
1382.128202
1382.128202
1382.128202
1382.128202
1382.128202
1382.128202
1382.128202
1382.128202
1382.128202
1382.128202
1382.128202
1382.128202
1382.128202
1382.128202
1382.128202
1382.128202
1382.128202
1382.128202
1382.128202
1382.128202
1382.128202
1382.128202
1382.128202
1382.128202
1382.128202
1382.128202
1382.128202
1382.064459
1382.064459
1382.064459
1382.064459
1382.064459
1382.064459
1382.064459
1382.064459
1382.064459
1382.064459
1382.064459
1382.064459
1382.064459
1382.064459
1382.064459
1382.064459
1382.064459
1382.064459
1382.064459
1382.064459
1382.064459
1382.064459
1382.064459
1382.064459
1382.064459
1382.064459
1382.064459
1382.064459
1382.064459
1382.064459
1382.064459
1382.064459
1382.064459
1382.064459
1382.064459
1382.064459
1382.064459
1382.064459
1382.064459
1382.064459
1382.064459
1382.064459
1382.064459
1382.064459
1382.064459
1382.064459
1382.064459
1382.064459
1382.064459
1382.064459
1382.064459
1382.064459
1382.064459
1382.064459
1382.064459
1382.064459
1382.064459
1382.064459
1382.064459
1382.064459
1382.064459
1382.064459
1382.064459
1382.064459
1382.064459
1382.005081
1382.005081
1382.005081
1382.005081
1382.005081
1382.005081
1382.005081
1382.005081
1382.005081
1382.005081
1382.005081
1382.005081
1382.005081
1382.005081
1382.005081
1382.005081
1382.005081
1382.005081
1382.005081
1382.005081
1382.005081
1382.005081
1382.005081
1382.005081
1382.005081
1382.005081
1382.005081
1382.005081
1382.005081
1382.005081
1382.005081
1382.005081
1382.005081
1382.005081
1382.005081
1382.005081
1382.005081
1382.005081
1382.005081
1382.005081
1382.005081
1382.005081
1382.005081
1382.005081
1382.005081
1382.005081
1382.005081
1382.005081
1382.005081
1382.005081
1381.958074
1381.958074
1381.958074
1381.958074
1381.958074
1381.958074
1381.958074
1381.958074
1381.958074
1381.958074
1381.958074
1381.958074
1381.958074
1381.958074
1381.958074
1381.958074
1381.958074
1381.958074
1381.958074
1381.958074
1381.958074
1381.958074
1381.958074
1381.958074
1381.958074
1381.958074
1381.958074
1381.958074
1381.958074
1381.958074
1381.958074
1381.958074
1381.958074
1381.958074
1381.958074
1381.958074
1381.958074
1381.940712
1381.940712
1381.940712
1381.940712
1381.940712
1381.940712
1381.940712
1381.940712
1381.940712
1381.940712
1381.908657
1381.908657
1381.908657
1381.908657
1381.908657
1381.908657
1381.908657
1381.908657
1381.908657
1381.908657
1381.908657
1381.908657
1381.908657
1381.908657
1381.908657
1381.908657
1381.908657
1381.908657
1381.908657
1381.908657
1381.908657
1381.908657
1381.908657
1381.908657
1381.908657
1381.908657
1381.908657
1381.908657
1381.908657
1381.908657
1381.908657
1381.908657
1381.908657
1381.908657
1381.908657
1381.908657
1381.908657
1381.908657
1381.908657
1381.908657
1381.908657
1381.908657
1381.908657
1381.908657
1381.908657
1381.908657
1381.908657
1381.908657
1381.908657
1381.908657
1381.908657
1381.908657
1381.908657
1381.908657
1381.908657
1381.908657
1381.908657
1381.908657
1381.908657
1381.908657
1381.908657
1381.908657
1381.908657
1381.908657
1381.908657
1381.908657
1381.908657
1381.908657
1381.908657
1381.908657
1381.908657
1381.908657
1381.908657
1381.908657
1381.908657
1381.908657
1381.908657
1381.908657
1381.908657
1381.908657
1381.908657
1381.908657
1381.908657
1381.908657
1381.908657
1381.908657
1381.908657
1381.908657
1381.908657
1381.908657
1381.908657
1381.908657
1381.908657
1381.908657
1381.908657
1381.908657
1381.883978
1381.883978
1381.883978
1381.883978
1381.883978
1381.883978
1381.883978
1381.883978
1381.883978
1381.883978
1381.883978
1381.883978
1381.883978
1381.883978
1381.883978
1381.883978
1381.883978
1381.817176
1381.817176
1381.817176
1381.817176
1381.817176
1381.817176
1381.817176
1381.817176
1381.817176
1381.817176
1381.817176
1381.817176
1381.817176
1381.817176
1381.817176
1381.817176
1381.817176
1381.817176
1381.817176
1381.817176
1381.817176
1381.817176
1381.817176
1381.817176
1381.817176
1381.817176
1381.817176
1381.817176
1381.817176
1381.817176
1381.817176
1381.817176
1381.817176
1381.817176
1381.817176
1381.817176
1381.817176
1381.817176
1381.817176
1381.817176
1381.817176
1381.817176
1381.817176
1381.817176
1381.817176
1381.817176
1381.817176
1381.817176
1381.817176
1381.817176
1381.817176
1381.817176
1381.817176
1381.817176
1381.817176
1381.817176
1381.817176
1381.817176
1381.817176
1381.817176
1381.817176
1381.817176
1381.817176
1381.817176
1381.817176
1381.817176
1381.817176
1381.817176
1381.817176
1381.817176
1381.817176
1381.817176
1381.817176
1381.817176
1381.817176
1381.817176
1381.817176
1381.817176
1381.817176
1381.817176
1381.813732
1381.813732
1381.813732
1381.811804
1381.811804
1381.811804
1381.811804
1381.811804
1381.811804
1381.811804
1381.811804
1381.811804
1381.811804
1381.811804
1381.737202
1381.737202
1381.737202
1381.737202
1381.737202
1381.737202
1381.737202
1381.737202
1381.737202
1381.737202
1381.737202
1381.737202
1381.737202
1381.737202
1381.737202
1381.737202
1381.737202
1381.737202
1381.737202
1381.737202
1381.737202
1381.737202
1381.737202
1381.737202
1381.737202
1381.737202
1381.737202
1381.737202
1381.737202
1381.737202
1381.737202
1381.737202
1381.737202
1381.737202
1381.737202
1381.737202
1381.737202
1381.737202
1381.737202
1381.737202
1381.737202
1381.737202
1381.737202
1381.737202
1381.737202
1381.737202
1381.737202
1381.737202
1381.737202
1381.737202
1381.737202
1381.737202
1381.737202
1381.737202
1381.737202
1381.737202
1381.737202
1381.737202
1381.737202
1381.737202
1381.737202
1381.737202
1381.737202
1381.737202
1381.737202
1381.737202
1381.737202
1381.737202
1381.737202
1381.737202
1381.737202
1381.737202
1381.737202
1381.737202
1381.737202
1381.737202
1381.737202
1381.737202
1381.737202
1381.737202
1381.737202
1381.737202
1381.737202
1381.737202
1381.737202
1381.737202
1381.737202
1381.737202
1381.737202
1381.737202
1381.737202
1381.737202
1381.737202
1381.737202
1381.737202
1381.737202
1381.737202
1381.733788
1381.733788
1381.733788
1381.694053
1381.694053
1381.694053
1381.694053
1381.694053
1381.694053
1381.694053
1381.694053
1381.694053
1381.694053
1381.694053
1381.694053
1381.694053
1381.694053
1381.694053
1381.652331
1381.652331
1381.652331
1381.652331
1381.652331
1381.652331
1381.652331
1381.652331
1381.652331
1381.652331
1381.652331
1381.652331
1381.652331
1381.652331
1381.652331
1381.652331
1381.652331
1381.652331
1381.652331
1381.652331
1381.652331
1381.652331
1381.652331
1381.652331
1381.652331
1381.652331
1381.652331
1381.652331
1381.652331
1381.652331
1381.652331
1381.652331
1381.642802
1381.642802
1381.642802
1381.642802
1381.642802
1381.642802
1381.642802
1381.642802
1381.642802
1381.642802
1381.642802
1381.642802
1381.642802
1381.642802
1381.642802
1381.642802
1381.642802
1381.642802
1381.639156
1381.639156
1381.639156
1381.639156
1381.639156
1381.639156
1381.639156
1381.639156
1381.639156
1381.639156
1381.639156
1381.639156
1381.639156
1381.639156
1381.639156
1381.639156
1381.639156
1381.639156
1381.639156
1381.639156
1381.639156
1381.639156
1381.639156
1381.639156
1381.639156
1381.639156
1381.639156
1381.639156
1381.639156
1381.639156
1381.639156
1381.639156
1381.639156
1381.639156
1381.639156
1381.639156
1381.639156
1381.639156
1381.639156
1381.639156
1381.639156
1381.639156
1381.639156
1381.639156
1381.639156
1381.639156
1381.639156
1381.639156
1381.599752
1381.599752
1381.599752
1381.599752
1381.599752
1381.599752
1381.599752
1381.599752
1381.599752
1381.599752
1381.599752
1381.599752
1381.599752
1381.599752
1381.599752
1381.599752
1381.599752
1381.599752
1381.599752
1381.599752
1381.599752
1381.599752
1381.599752
1381.599752
1381.599752
1381.599752
1381.599752
1381.599752
1381.599752
1381.599752
1381.599752
1381.599752
1381.599752
1381.599752
1381.599752
1381.579304
1381.579304
1381.579304
1381.579304
1381.579304
1381.579304
1381.579304
1381.579304
1381.579304
1381.579304
1381.579304
1381.579304
1381.579304
1381.579304
1381.579304
1381.579304
1381.579304
1381.579304
1381.579304
1381.579304
1381.579304
1381.579304
1381.579304
1381.579304
1381.579304
1381.579304
1381.579304
1381.579304
1381.579304
1381.579304
1381.579304
1381.579304
1381.579304
1381.579304
1381.579304
1381.579304
1381.579304
1381.579304
1381.579304
1381.579304
1381.579304
1381.579304
1381.579304
1381.579304
1381.579304
1381.579304
1381.579304
1381.579304
1381.579304
1381.579304
1381.572854
1381.572854
1381.572854
1381.572854
1381.572854
1381.572854
1381.572854
1381.506110
1381.506110
1381.506110
1381.506110
1381.506110
1381.506110
1381.506110
1381.506110
1381.506110
1381.506110
1381.506110
1381.506110
1381.506110
1381.506110
1381.506110
1381.506110
1381.506110
1381.506110
1381.506110
1381.506110
1381.506110
1381.506110
1381.506110
1381.506110
1381.506110
1381.506110
1381.506110
1381.506110
1381.506110
1381.506110
1381.506110
1381.506110
1381.506110
1381.506110
1381.506110
1381.506110
1381.506110
1381.506110
1381.506110
1381.506110
1381.506110
1381.506110
1381.506110
1381.458929
1381.458929
1381.458929
1381.458929
1381.458929
1381.458929
1381.458929
1381.458929
1381.458929
1381.458929
1381.458929
1381.458929
1381.458929
1381.458929
1381.458929
1381.458929
1381.458929
1381.458929
1381.458929
1381.458929
1381.458929
1381.458929
1381.458929
1381.458929
1381.458929
1381.458929
1381.458929
1381.458929
1381.458929
1381.458929
1381.458929
1381.458929
1381.458929
1381.458929
1381.458929
1381.458929
1381.458929
1381.458929
1381.458929
1381.458929
1381.458929
1381.458929
1381.458929
1381.458929
1381.458929
1381.458929
1381.458929
1381.458929
1381.458929
1381.458929
1381.458929
1381.458929
1381.458929
1381.458929
1381.458929
1381.458929
1381.458929
1381.458929
1381.458929
1381.458929
1381.458929
1381.458929
1381.458929
1381.458929
1381.458929
1381.458929
1381.458929
1381.458929
1381.458929
1381.458929
1381.458929
1381.458929
1381.458929
1381.458929
1381.458929
1381.458929
1381.458929
1381.458929
1381.458929
1381.458929
1381.458929
1381.458929
1381.458929
1381.458929
1381.458929
1381.458929
1381.458929
1381.458929
1381.458929
1381.458929
1381.458929
1381.458929
1381.458929
1381.458929
1381.458929
1381.458929
1381.458929
1381.458929
1381.458929
1381.458929
1381.458929
1381.458929
1381.458929
1381.458929
1381.458929
1381.458929
1381.458929
1381.458929
1381.458929
1381.458929
1381.458929
1381.458929
1381.458929
1381.458929
1381.458929
1381.458929
1381.458929
1381.458929
1381.458929
1381.458929
1381.458929
1381.458929
1381.458929
1381.458929
1381.458929
1381.458929
1381.458929
1381.458929
1381.458929
1381.458929
1381.458929
1381.458929
1381.458929
1381.458929
1381.458929
1381.458929
1381.458929
1381.458929
1381.458929
1381.458929
1381.458929
1381.458929
1381.458929
1381.458929
1381.458929
1381.458929
1381.458929
1381.458929
1381.458929
1381.458929
1381.458929
1381.458929
1381.458929
1381.458929
1381.458929
1381.458929
1381.458929
1381.458929
1381.458929
1381.458929
1381.458929
1381.458929
1381.458929
1381.458929
1381.458929
1381.458929
1381.458929
1381.458929
1381.458929
1381.458929
1381.458929
1381.458929
1381.458929
1381.458929
1381.458929
1381.458929
1381.458929
1381.457771
1381.457771
1381.457771
1381.457771
1381.457771
1381.457771
1381.457771
1381.457771
1381.457771
1381.457771
1381.457771
1381.457771
1381.437970
1381.437970
1381.437970
1381.437970
1381.437970
1381.437970
1381.437970
1381.437970
1381.437970
1381.437970
1381.437970
1381.437970
1381.437970
1381.437970
1381.437970
1381.437970
1381.437970
1381.437970
1381.437970
1381.437970
1381.437970
1381.437970
1381.437970
1381.437970
1381.437970
1381.437970
1381.437970
1381.437970
1381.437970
1381.437970
1381.437970
1381.437970
1381.437970
1381.437970
1381.437970
1381.437970
1381.437970
1381.437970
1381.437970
1381.421642
1381.421642
1381.421642
1381.421642
1381.421642
1381.421642
1381.421642
1381.421642
1381.421642
1381.421642
1381.421642
1381.421642
1381.421642
1381.421642
1381.421642
1381.421642
1381.421642
1381.421642
1381.421642
1381.421642
1381.421642
1381.421642
1381.421642
1381.421642
1381.421642
1381.421642
1381.421642
1381.421642
1381.421642
1381.421642
1381.421642
1381.421642
1381.421642
1381.421642
1381.421642
1381.421642
1381.421642
1381.421642
1381.421642
1381.421642
1381.421642
1381.421642
1381.421642
1381.421642
1381.421642
1381.421642
1381.421642
1381.421642
1381.421642
1381.421642
1381.421642
1381.421642
1381.421642
1381.421642
1381.395874
1381.395874
1381.395874
1381.395874
1381.395874
1381.395874
1381.395874
1381.395874
1381.395874
1381.395874
1381.395874
1381.395874
1381.395874
1381.395874
1381.395874
1381.395874
1381.395874
1381.395874
1381.395874
1381.395874
1381.395874
1381.395874
1381.395874
1381.395874
1381.395874
1381.395874
1381.395874
1381.395874
1381.395874
1381.395874
1381.395874
1381.395874
1381.395874
1381.395874
1381.395874
1381.395874
1381.395874
1381.395874
1381.395874
1381.395874
1381.395874
1381.395874
1381.395874
1381.395874
1381.395874
1381.395874
1381.395874
1381.395874
1381.395874
1381.395874
1381.395874
1381.395874
1381.395874
1381.395874
1381.395874
1381.395874
1381.395874
1381.374991
1381.374991
1381.374991
1381.374991
1381.374991
1381.374991
1381.374991
1381.374991
1381.374991
1381.374991
1381.374991
1381.374991
1381.374991
1381.374991
1381.374991
1381.374991
1381.374991
1381.374991
1381.374991
1381.374991
1381.374991
1381.374991
1381.374991
1381.374991
1381.374991
1381.374991
1381.374991
1381.374991
1381.374991
1381.374991
1381.374991
1381.374991
1381.374991
1381.374991
1381.374991
1381.374991
1381.374991
1381.374991
1381.374991
1381.374991
1381.374991
1381.374991
1381.374991
1381.374991
1381.374991
1381.371483
1381.371483
1381.371483
1381.371483
1381.371483
1381.371483
1381.371483
1381.371483
1381.371483
1381.371483
1381.371483
1381.371483
1381.371483
1381.371483
1381.371483
1381.371483
1381.371483
1381.371483
1381.371483
1381.371483
1381.371483
1381.371483
1381.371483
1381.371483
1381.371483
1381.371483
1381.371483
1381.371483
1381.371483
1381.371483
1381.371483
1381.371483
1381.371483
1381.371483
1381.371483
1381.371483
1381.371483
1381.371483
1381.371483
1381.371483
1381.371483
1381.371483
1381.371483
1381.371483
1381.371483
1381.371483
1381.371483
1381.371483
1381.371483
1381.371483
1381.371483
1381.371483
1381.371483
1381.371483
1381.371483
1381.371483
1381.371483
1381.371483
1381.371483
1381.371483
1381.371483
1381.371483
1381.371483
1381.371483
1381.371483
1381.371483
1381.371483
1381.371483
1381.371483
1381.371483
1381.371483
1381.371483
1381.371483
1381.371483
1381.371483
1381.371483
1381.371483
1381.371483
1381.371483
1381.371483
1381.371483
1381.371483
1381.371483
1381.371483
1381.371483
1381.371483
1381.371483
1381.371483
1381.371483
1381.371483
1381.371483
1381.371483
1381.371483
1381.371483
1381.371483
1381.371483
1381.371483
1381.371483
1381.371483
1381.371483
1381.371483
1381.371483
1381.371483
1381.371483
1381.371483
1381.371483
1381.371483
1381.371483
1381.371483
1381.314021
1381.314021
1381.314021
1381.314021
1381.314021
1381.314021
1381.314021
1381.314021
1381.314021
1381.314021
1381.314021
1381.314021
1381.314021
1381.314021
1381.314021
1381.314021
1381.314021
1381.314021
1381.314021
1381.314021
1381.314021
1381.314021
1381.314021
1381.314021
1381.314021
1381.314021
1381.314021
1381.314021
1381.314021
1381.314021
1381.314021
1381.314021
1381.314021
1381.314021
1381.314021
1381.314021
1381.314021
1381.314021
1381.314021
1381.314021
1381.314021
1381.314021
1381.314021
1381.314021
1381.314021
1381.314021
1381.314021
1381.314021
1381.314021
1381.314021
1381.302702
1381.302702
1381.302702
1381.302702
1381.302702
1381.302702
1381.302702
1381.302702
1381.302702
1381.302702
1381.302702
1381.302702
1381.302702
1381.302702
1381.302702
1381.302702
1381.302702
1381.302702
1381.302702
1381.302702
1381.302702
1381.302702
1381.302702
1381.302702
1381.302702
1381.302702
1381.302702
1381.302702
1381.302702
1381.302702
1381.302702
1381.302702
1381.302702
1381.302702
1381.302702
1381.302702
1381.302702
1381.302702
1381.302702
1381.255422
1381.255422
1381.255422
1381.255422
1381.255422
1381.255422
1381.255422
1381.255422
1381.255422
1381.255422
1381.255422
1381.255422
1381.255422
1381.255422
1381.255422
1381.255422
1381.255422
1381.255422
1381.255422
1381.255422
1381.255422
1381.255422
1381.255422
1381.255422
1381.255422
1381.255422
1381.255422
1381.255422
1381.255422
1381.255422
1381.255422
1381.255422
1381.255422
1381.255422
1381.255422
1381.255422
1381.255422
1381.255422
1381.255422
1381.255422
1381.255422
1381.255422
1381.255422
1381.255422
1381.255422
1381.255422
1381.255422
1381.255422
1381.255422
1381.255422
1381.255422
1381.255422
1381.255422
1381.255422
1381.255422
1381.255422
1381.255422
1381.255422
1381.255422
1381.255422
1381.255422
1381.255422
1381.255422
1381.255422
1381.255422
1381.255422
1381.255422
1381.255422
1381.255422
1381.255422
1381.255422
1381.255422
1381.255422
1381.255422
1381.255422
1381.255422
1381.255422
1381.255422
1381.255422
1381.255422
1381.255422
1381.255422
1381.255422
1381.255422
1381.255422
1381.255422
1381.255422
1381.255422
1381.255422
1381.255422
1381.255422
1381.255422
1381.255422
1381.255422
1381.255422
1381.255422
1381.255422
1381.255422
1381.255422
1381.255422
1381.255422
1381.255422
1381.246526
1381.246526
1381.246526
1381.246526
1381.246526
1381.246526
1381.246526
1381.246526
1381.246526
1381.246526
1381.246526
1381.246526
1381.246526
1381.246526
1381.246526
1381.246526
1381.246526
1381.246526
1381.246526
1381.246526
1381.246526
1381.246526
1381.246526
1381.246526
1381.246526
1381.246526
1381.246526
1381.246526
1381.246526
1381.246526
1381.246526
1381.246526
1381.246526
1381.246526
1381.246526
1381.246526
1381.246526
1381.246526
1381.246526
1381.246526
1381.221551
1381.221551
1381.221551
1381.221551
1381.221551
1381.221551
1381.221551
1381.221551
1381.221551
1381.221551
1381.221551
1381.221551
1381.221551
1381.221551
1381.221551
1381.221551
1381.221551
1381.221551
1381.221551
1381.221551
1381.221551
1381.221551
1381.221551
1381.221551
1381.221551
1381.221551
1381.221551
1381.221551
1381.221551
1381.221551
1381.221551
1381.221551
1381.221551
1381.221551
1381.221551
1381.221551
1381.221551
1381.221551
1381.221551
1381.221551
1381.221551
1381.221551
1381.221551
1381.221551
1381.221551
1381.221551
1381.221551
1381.221551
1381.221551
1381.221551
1381.221551
1381.221551
1381.221551
1381.221551
1381.221551
1381.221551
1381.221551
1381.221551
1381.221551
1381.221551
1381.221551
1381.221551
1381.221551
1381.221551
1381.162514
1381.162514
1381.162514
1381.162514
1381.162514
1381.162514
1381.162514
1381.162514
1381.162514
1381.162514
1381.162514
1381.162514
1381.162514
1381.162514
1381.162514
1381.162514
1381.162514
1381.162514
1381.162514
1381.162514
1381.162514
1381.162514
1381.162514
1381.162514
1381.162514
1381.162514
1381.162514
1381.162514
1381.162514
1381.162514
1381.162514
1381.162514
1381.162514
1381.162514
1381.162514
1381.162514
1381.162514
1381.162514
1381.162514
1381.162514
1381.162514
1381.162514
1381.162514
1381.162514
1381.162514
1381.162514
1381.162514
1381.162514
1381.162514
1381.162514
1381.162514
1381.162514
1381.162514
1381.162514
1381.162514
1381.162514
1381.162514
1381.162514
1381.162514
1381.162514
1381.162514
1381.162514
1381.162514
1381.162514
1381.162514
1381.162514
1381.162514
1381.162514
1381.162514
1381.162514
1381.162514
1381.162514
1381.162514
1381.162514
1381.162514
1381.162514
1381.162514
1381.162514
1381.162514
1381.162514
1381.162514
1381.162514
1381.162514
1381.162514
1381.162514
1381.162514
1381.162514
1381.162514
1381.162514
1381.162514
1381.162514
1381.162514
1381.162514
1381.162514
1381.162514
1381.162514
1381.162514
1381.162514
1381.162514
1381.162514
1381.103645
1381.103645
1381.103645
1381.103645
1381.103645
1381.103645
1381.103645
1381.103645
1381.103645
1381.103645
1381.103645
1381.103645
1381.103645
1381.103645
1381.103645
1381.103645
1381.103645
1381.103645
1381.103645
1381.103645
1381.103645
1381.103645
1381.103645
1381.103645
1381.103645
1381.103645
1381.103645
1381.103645
1381.103645
1381.103645
1381.103645
1381.103645
1381.103645
1381.103645
1381.103645
1381.103645
1381.103645
1381.103645
1381.103645
1381.103645
1381.103645
1381.103645
1381.103645
1381.103645
1381.103645
1381.103645
1381.103645
1381.103645
1381.103645
1381.103645
1381.103645
1381.103645
1381.103645
1381.103645
1381.103645
1381.103645
1381.103645
1381.103645
1381.103645
1381.103645
1381.103645
1381.103645
1381.103645
1381.103645
1381.103645
1381.103645
1381.103645
1381.103645
1381.103645
1381.103645
1381.103645
1381.103645
1381.103645
1381.103645
1381.103645
1381.103645
1381.103645
1381.103645
1381.103645
1381.103645
1381.103645
1381.103645
1381.103645
1381.103645
1381.103645
1381.103645
1381.101004
1381.101004
1381.101004
1381.101004
1381.101004
1381.101004
1381.101004
1381.101004
1381.101004
1381.101004
1381.101004
1381.101004
1381.101004
1381.101004
1381.101004
1381.101004
1381.101004
1381.101004
1381.101004
1381.101004
1381.101004
1381.101004
1381.101004
1381.101004
1381.101004
1381.101004
1381.101004
1381.101004
1381.101004
1381.101004
1381.101004
1381.101004
1381.101004
1381.101004
1381.101004
1381.101004
1381.101004
1381.101004
1381.078290
1381.078290
1381.078290
1381.078290
1381.078290
1381.078290
1381.078290
1381.078290
1381.078290
1381.078290
1381.078290
1381.078290
1381.078290
1381.078290
1381.078290
1381.078290
1381.078290
1381.078290
1381.078290
1381.078290
1381.078290
1381.078290
1381.078290
1381.078290
1381.078290
1381.078290
1381.078290
1381.078290
1381.078290
1381.078290
1381.078290
1381.078290
1381.078290
1381.078290
1381.078290
1381.078290
1381.078290
1381.078290
1381.078290
1381.078290
1381.078290
1381.078290
1381.078290
1381.078290
1381.078290
1381.078290
1381.078290
1381.078290
1381.078290
1381.078290
1381.078290
1381.078290
1381.078290
1381.078290
1381.078290
1381.078290
1381.078290
1381.078290
1381.078290
1381.078290
1381.078290
1381.078290
1381.078290
1381.078290
1381.078290
1381.078290
1381.078290
1381.078290
1381.078290
1381.078290
1381.078290
1381.078290
1381.078290
1381.078290
1381.078290
1381.078290
1381.078290
1381.063445
1381.063445
1381.063445
1381.063445
1381.063445
1381.063445
1381.063445
1381.063445
1381.063445
1381.063445
1381.063445
1381.063445
1381.063445
1381.063445
1381.063445
1381.063445
1381.063445
1381.063445
1381.063445
1381.063445
1381.063445
1381.063445
1381.063445
1381.063445
1381.063445
1381.063445
1381.063445
1381.063445
1381.063445
1381.063445
1381.063445
1381.063445
1381.063445
1381.063445
1381.063445
1381.063445
1381.063445
1381.063445
1381.063445
1381.063445
1381.063445
1381.063445
1381.063445
1381.053800
1381.053800
1381.053800
1381.053800
1381.053800
1381.053800
1381.053800
1381.053800
1381.053800
1381.053800
1381.053800
1381.053800
1381.053800
1381.053800
1381.053800
1381.053800
1381.053800
1381.053800
1381.053800
1381.053800
1381.053800
1381.053800
1381.053800
1381.053800
1381.053800
1381.053800
1381.053800
1381.053800
1381.053800
1381.053800
1381.053800
1381.053800
1381.053800
1381.053800
1381.053800
1381.053800
1381.053800
1381.053800
1381.053800
1381.053800
1381.053800
1381.053800
1381.053800
1381.053800
1381.053800
1381.053800
1381.053800
1381.053800
1381.053800
1381.053800
1381.053800
1381.053800
1381.053800
1381.053800
1381.053800
1381.053800
1381.020660
1381.020660
1381.020660
1381.020660
1381.020660
1381.020660
1381.020660
1381.020660
1381.020660
1381.020660
1381.020660
1381.020660
1381.020660
1381.020660
1381.020660
1381.020660
1381.020660
1381.020660
1381.020660
1381.020660
1381.020660
1381.020660
1381.020660
1381.020660
1381.020660
1381.020660
1381.020660
1381.020660
1381.020660
1381.020660
1381.020660
1381.020660
1381.020660
1381.020660
1381.020660
1381.020660
1381.020660
1381.020660
1381.020660
1381.020660
1381.020660
1381.020660
1381.020660
1381.020660
1381.020660
1381.020660
1381.020660
1381.020660
1381.020660
1381.020660
1381.020660
1381.020660
1381.020660
1381.020660
1381.020660
1381.020660
1381.020660
1381.020660
1381.020660
1381.020660
1381.020660
1381.020660
1381.020660
1381.020660
1381.020660
1381.020660
1381.020660
1381.020660
1381.020660
1381.020660
1381.020660
1381.020660
1381.020660
1381.020660
1381.020660
1381.020660
1381.020660
1381.020660
1381.020660
1381.020660
1381.020660
1381.020660
1381.020660
1381.020660
1381.020660
1381.020660
1381.020660
1381.020660
1381.020660
1381.020660
1381.011485
1381.011485
1381.011485
1381.011485
1381.011485
1381.011485
1381.011485
1381.011485
1381.011485
1381.011485
1381.011485
1381.011485
1381.011485
1381.011485
1381.011485
1381.011485
1381.011485
1381.011485
1381.011485
1381.011485
1381.011485
1381.011485
1381.011485
1381.011485
1381.011485
1381.011485
1381.011485
1381.011485
1381.011485
1381.011485
1381.011485
1381.011485
1381.011485
1381.011485
1381.011485
1381.011485
1381.011485
1381.011485
1381.002770
1381.002770
1381.002770
1381.002770
1381.000869
1381.000869
1381.000869
1381.000869
1381.000869
1381.000869
1381.000869
1381.000869
1381.000869
1381.000869
1381.000869
1381.000869
1381.000869
1381.000869
1381.000869
1381.000869
1381.000869
1381.000869
1381.000869
1381.000869
1381.000869
1381.000869
1381.000869
1381.000869
1381.000869
1381.000869
1381.000869
1381.000869
1381.000869
1381.000869
1381.000869
1381.000869
1381.000869
1381.000869
1381.000869
1381.000869
1381.000869
1381.000869
1381.000869
1381.000869
1381.000869
1381.000869
1381.000869
1381.000869
1381.000869
1381.000869
1381.000869
1381.000869
1381.000869
1381.000869
1381.000869
1381.000869
1381.000869
1381.000869
1381.000869
1381.000869
1381.000869
1381.000869
1381.000869
1381.000869
1381.000869
1381.000869
1381.000869
1381.000869
1381.000869
1381.000869
1381.000869
1381.000869
1381.000869
1381.000869
1381.000869
1381.000869
1381.000869
1381.000869
1381.000869
1381.000869
1381.000869
1381.000869
1381.000869
1381.000869
1381.000869
1381.000869
1381.000869
1381.000869
1381.000869
1381.000869
1381.000869
1381.000869
1381.000869
1381.000869
1381.000869
1381.000869
1381.000869
1381.000869
1381.000869
1381.000869
1381.000869
1381.000869
1381.000869
1381.000869
1381.000869
1381.000869
1381.000869
1381.000869
1381.000869
1381.000869
1381.000869
1381.000869
1381.000869
1381.000869
1381.000869
1381.000869
1381.000869
1381.000869
1381.000869
1381.000869
1381.000869
1381.000869
1380.994398
1380.994398
1380.994398
1380.994398
1380.994398
1380.994398
1380.994398
1380.994398
1380.994398
1380.994398
1380.994398
1380.994398
1380.994398
1380.994398
1380.994398
1380.990487
1380.990487
1380.990487
1380.990487
1380.990487
1380.990487
1380.990487
1380.990487
1380.990487
1380.990487
1380.990487
1380.990487
1380.990487
1380.990487
1380.976955
1380.955630
1380.950318
1380.950318
1380.950318
1380.950318
1380.950318
1380.950318
1380.950318
1380.950318
1380.950318
1380.950318
1380.950318
1380.950318
1380.950318
1380.950318
1380.950318
1380.950318
1380.950318
1380.950318
1380.950318
1380.950318
1380.950318
1380.950318
1380.950318
1380.950318
1380.950318
1380.950318
1380.950318
1380.950318
1380.950318
1380.950318
1380.950318
1380.950318
1380.950318
1380.950318
1380.950318
1380.950318
1380.950318
1380.950318
1380.950318
1380.950318
1380.950318
1380.950318
1380.950318
1380.950318
1380.950318
1380.950318
1380.950318
1380.950318
1380.950318
1380.950318
1380.950318
1380.950318
1380.950318
1380.950318
1380.950318
1380.950318
1380.950318
1380.950318
1380.950318
1380.950318
1380.950318
1380.950318
1380.950318
1380.950318
1380.950318
1380.950318
1380.950318
1380.950318
1380.950318
1380.950318
1380.950318
1380.950318
1380.950318
1380.950318
1380.950318
1380.950318
1380.950318
1380.950318
1380.950318
1380.950318
1380.950318
1380.950318
1380.950318
1380.950318
1380.950318
1380.950318
1380.950318
1380.950318
1380.950318
1380.950318
1380.950318
1380.950318
1380.950318
1380.950318
1380.950318
1380.950318
1380.950318
1380.950318
1380.950318
1380.950318
1380.950318
1380.950318
1380.950318
1380.950318
1380.950318
1380.950318
1380.950318
1380.950318
1380.950318
1380.950318
1380.950318
1380.950318
1380.950318
1380.950318
1380.950318
1380.950318
1380.950318
1380.950318
1380.950318
1380.950318
1380.950318
1380.950318
1380.950318
1380.950318
1380.950318
1380.950318
1380.950318
1380.950318
1380.950318
1380.950318
1380.950318
1380.950318
1380.950318
1380.950318
1380.950318
1380.950318
1380.950318
1380.950318
1380.950318
1380.950318
1380.950318
1380.950318
1380.950318
1380.950318
1380.950318
1380.950318
1380.950318
1380.950318
1380.950318
1380.950318
1380.950318
1380.950318
1380.950318
1380.950318
1380.950318
1380.950318
1380.950318
1380.950318
1380.950318
1380.950318
1380.950318
1380.950318
1380.950318
1380.950318
1380.950318
1380.950318
1380.950318
1380.950318
1380.950318
1380.950318
1380.950318
1380.950318
1380.950318
1380.950318
1380.888807
1380.888807
1380.888807
1380.888807
1380.888807
1380.888807
1380.888807
1380.888807
1380.888807
1380.888807
1380.888807
1380.888807
1380.888807
1380.888807
1380.888807
1380.888807
1380.888807
1380.888807
1380.888807
1380.888807
1380.888807
1380.888807
1380.888807
1380.888807
1380.888807
1380.888807
1380.888807
1380.888807
1380.888807
1380.888807
1380.888807
1380.888807
1380.888807
1380.888807
1380.888807
1380.888807
1380.888807
1380.888807
1380.888807
1380.888807
1380.888807
1380.888807
1380.888807
1380.888807
1380.888807
1380.888807
1380.888807
1380.888807
1380.888807
1380.888807
1380.888807
1380.888807
1380.888807
1380.888807
1380.888807
1380.888807
1380.888807
1380.888807
1380.888807
1380.888807
1380.888807
1380.888807
1380.888807
1380.888807
1380.888807
1380.888807
1380.888807
1380.888807
1380.888807
1380.888807
1380.888807
1380.888807
1380.888807
1380.888807
1380.888807
1380.888807
1380.888807
1380.888807
1380.888807
1380.888807
1380.888807
1380.888807
1380.888807
1380.888807
1380.888807
1380.888807
1380.888807
1380.888807
1380.888807
1380.888807
1380.888807
1380.888807
1380.888807
1380.888807
1380.888807
1380.888807
1380.888807
1380.888807
1380.888807
1380.888807
1380.888807
1380.888807
1380.888807
1380.888807
1380.888807
1380.888807
1380.888807
1380.888807
1380.888807
1380.888807
1380.888807
1380.888807
1380.888807
1380.888807
1380.888807
1380.888807
1380.888807
1380.888807
1380.888807
1380.888807
1380.888807
1380.888807
1380.888807
1380.888807
1380.888807
1380.888807
1380.888807
1380.888807
1380.888807
1380.888807
1380.888807
1380.888807
1380.888807
1380.888807
1380.888807
1380.888807
1380.888807
1380.888807
1380.888807
1380.888807
1380.888807
1380.888807
1380.888807
1380.888807
1380.888807
1380.888807
1380.888807
1380.888807
1380.888807
1380.888807
1380.888807
1380.888807
1380.888807
1380.888807
1380.888807
1380.888807
1380.888807
1380.888807
1380.888807
1380.888807
1380.888807
1380.888807
1380.888807
1380.888807
1380.888807
1380.888807
1380.888807
1380.888807
1380.888807
1380.888807
1380.888807
1380.888807
1380.888807
1380.888807
1380.888807
1380.888807
1380.888807
1380.888807
1380.888807
1380.888807
1380.888807
1380.888807
1380.888807
1380.888807
1380.888807
1380.888807
1380.888807
1380.888807
1380.888807
1380.888807
1380.888807
1380.888807
1380.888807
1380.888807
1380.888807
1380.888807
1380.888807
1380.888807
1380.888807
1380.888807
1380.888807
1380.888807
1380.888807
1380.888807
1380.888807
1380.888807
1380.888807
1380.888807
1380.888807
1380.888807
1380.888807
1380.888807
1380.888807
1380.888807
1380.888807
1380.888807
1380.888807
1380.888807
1380.888807
1380.888807
1380.888807
1380.888807
1380.888807
1380.888807
1380.888807
1380.888807
1380.888807
1380.888248
1380.888248
1380.888248
1380.888248
1380.888248
1380.888248
1380.888248
1380.888248
1380.888248
1380.888248
1380.888248
1380.888248
1380.888248
1380.888248
1380.888248
1380.888248
1380.888248
1380.888248
1380.888248
1380.888248
1380.888248
1380.883967
1380.883967
1380.883967
1380.883967
1380.883967
1380.883967
1380.883967
1380.883967
1380.883967
1380.883967
1380.883967
1380.883967
1380.883967
1380.883967
1380.883967
1380.883967
1380.883967
1380.883967
1380.883967
1380.883967
1380.883967
1380.883967
1380.883967
1380.883967
1380.883967
1380.883967
1380.883967
1380.883967
1380.883967
1380.865118
1380.865118
1380.865118
1380.865118
1380.865118
1380.865118
1380.865118
1380.865118
1380.865118
1380.865118
1380.865118
1380.865118
1380.865118
1380.865118
1380.865118
1380.865118
1380.865118
1380.865118
1380.865118
1380.865118
1380.865118
1380.865118
1380.865118
1380.865118
1380.865118
1380.865118
1380.865118
1380.865118
1380.865118
1380.865118
1380.865118
1380.865118
1380.865118
1380.865118
1380.865118
1380.865118
1380.865118
1380.865118
1380.865118
1380.865118
1380.865118
1380.865118
1380.865118
1380.865118
1380.865118
1380.865118
1380.865118
1380.865118
1380.865118
1380.865118
1380.865118
1380.865118
1380.865118
1380.865118
1380.865118
1380.865118
1380.865118
1380.865118
1380.865118
1380.865118
1380.865118
1380.865118
1380.865118
1380.865118
1380.865118
1380.865118
1380.865118
1380.865118
1380.865118
1380.865118
1380.865118
1380.865118
1380.865118
1380.865118
1380.852023
1380.852023
1380.852023
1380.852023
1380.852023
1380.852023
1380.852023
1380.852023
1380.852023
1380.852023
1380.852023
1380.852023
1380.852023
1380.852023
1380.852023
1380.852023
1380.852023
1380.852023
1380.852023
1380.852023
1380.852023
1380.852023
1380.852023
1380.852023
1380.852023
1380.852023
1380.852023
1380.852023
1380.852023
1380.852023
1380.852023
1380.852023
1380.852023
1380.852023
1380.852023
1380.852023
1380.834114
1380.834114
1380.834114
1380.834114
1380.834114
1380.834114
1380.834114
1380.834114
1380.834114
1380.834114
1380.834114
1380.834114
1380.834114
1380.834114
1380.834114
1380.834114
1380.834114
1380.834114
1380.834114
1380.834114
1380.834114
1380.834114
1380.834114
1380.834114
1380.834114
1380.834114
1380.834114
1380.834114
1380.834114
1380.834114
1380.834114
1380.834114
1380.834114
1380.834114
1380.834114
1380.834114
1380.834114
1380.834114
1380.834114
1380.834114
1380.834114
1380.834114
1380.834114
1380.834114
1380.834114
1380.834114
1380.834114
1380.834114
1380.834114
1380.834114
1380.834114
1380.834114
1380.834114
1380.834114
1380.834114
1380.834114
1380.834114
1380.834114
1380.834114
1380.834114
1380.834114
1380.834114
1380.834114
1380.834114
1380.834114
1380.834114
1380.834114
1380.834114
1380.834114
1380.834114
1380.834114
1380.834114
1380.834114
1380.834114
1380.834114
1380.834114
1380.834114
1380.834114
1380.834114
1380.834114
1380.834114
1380.834114
1380.834114
1380.834114
1380.834114
1380.834114
1380.834114
1380.834114
1380.834114
1380.834114
1380.834114
1380.834114
1380.834114
1380.834114
1380.834114
1380.834114
1380.834114
1380.834114
1380.834114
1380.834114
1380.834114
1380.834114
1380.834114
1380.834114
1380.834114
1380.834114
1380.834114
1380.834114
1380.834114
1380.834114
1380.834114
1380.834114
1380.834114
1380.834114
1380.834114
1380.834114
1380.825413
1380.825413
1380.825413
1380.825413
1380.825413
1380.825413
1380.825413
1380.825413
1380.825413
1380.825413
1380.825413
1380.825413
1380.825413
1380.825413
1380.825413
1380.825413
1380.825413
1380.825413
1380.825413
1380.825413
1380.825413
1380.825413
1380.825413
1380.825413
1380.825413
1380.825413
1380.825413
1380.804491
1380.804491
1380.804491
1380.804491
1380.804491
1380.804491
1380.804491
1380.804491
1380.804491
1380.804491
1380.804491
1380.804491
1380.804491
1380.804491
1380.804491
1380.804491
1380.804491
1380.804491
1380.804491
1380.804491
1380.804491
1380.804491
1380.804491
1380.804491
1380.804491
1380.804491
1380.804491
1380.804491
1380.804491
1380.804491
1380.804491
1380.804491
1380.804491
1380.804491
1380.804491
1380.804491
1380.804491
1380.804491
1380.804491
1380.804491
1380.804491
1380.804491
1380.804491
1380.804491
1380.804491
1380.804491
1380.804491
1380.804491
1380.804491
1380.804491
1380.790096
1380.790096
1380.790096
1380.790096
1380.790096
1380.790096
1380.790096
1380.790096
1380.790096
1380.790096
1380.790096
1380.790096
1380.790096
1380.790096
1380.790096
1380.790096
1380.790096
1380.790096
1380.790096
1380.790096
1380.790096
1380.790096
1380.790096
1380.790096
1380.790096
1380.790096
1380.790096
1380.790096
1380.790096
1380.790096
1380.790096
1380.790096
1380.790096
1380.790096
1380.790096
1380.790096
1380.790096
1380.790096
1380.790096
1380.790096
1380.790096
1380.790096
1380.790096
1380.790096
1380.790096
1380.790096
1380.790096
1380.790096
1380.790096
1380.790096
1380.790096
1380.790096
1380.790096
1380.790096
1380.790096
1380.790096
1380.790096
1380.790096
1380.779765
1380.779765
1380.779765
1380.779765
1380.779765
1380.779765
1380.779765
1380.779765
1380.779765
1380.779765
1380.779765
1380.779765
1380.779765
1380.779765
1380.779765
1380.779765
1380.779765
1380.779765
1380.779765
1380.771024
1380.771024
1380.771024
1380.771024
1380.771024
1380.771024
1380.771024
1380.771024
1380.771024
1380.771024
1380.771024
1380.771024
1380.771024
1380.771024
1380.771024
1380.771024
1380.771024
1380.771024
1380.771024
1380.771024
1380.771024
1380.771024
1380.771024
1380.771024
1380.771024
1380.771024
1380.771024
1380.771024
1380.771024
1380.771024
1380.771024
1380.771024
1380.771024
1380.771024
1380.771024
1380.771024
1380.771024
1380.771024
1380.771024
1380.771024
1380.771024
1380.771024
1380.771024
1380.771024
1380.771024
1380.771024
1380.771024
1380.771024
1380.771024
1380.771024
1380.771024
1380.771024
1380.771024
1380.771024
1380.771024
1380.771024
1380.771024
1380.771024
1380.771024
1380.771024
1380.771024
1380.771024
1380.771024
1380.771024
1380.771024
1380.771024
1380.771024
1380.771024
1380.771024
1380.771024
1380.771024
1380.771024
1380.771024
1380.771024
1380.771024
1380.771024
1380.771024
1380.771024
1380.771024
1380.771024
1380.771024
1380.771024
1380.771024
1380.757882
1380.757882
1380.757882
1380.757882
1380.757882
1380.757882
1380.757882
1380.757882
1380.757882
1380.757882
1380.757882
1380.757882
1380.757882
1380.757882
1380.757882
1380.757882
1380.757882
1380.757882
1380.757882
1380.757882
1380.757882
1380.757882
1380.757882
1380.757882
1380.757882
1380.757882
1380.757882
1380.757882
1380.757882
1380.757882
1380.757882
1380.757882
1380.757882
1380.757882
1380.757882
1380.757882
1380.757882
1380.757882
1380.757882
1380.757882
1380.757882
1380.757882
1380.735044
1380.735044
1380.735044
1380.735044
1380.735044
1380.735044
1380.735044
1380.735044
1380.735044
1380.735044
1380.735044
1380.735044
1380.735044
1380.735044
1380.735044
1380.735044
1380.735044
1380.735044
1380.735044
1380.735044
1380.735044
1380.735044
1380.735044
1380.735044
1380.735044
1380.735044
1380.735044
1380.735044
1380.735044
1380.735044
1380.735044
1380.735044
1380.735044
1380.735044
1380.735044
1380.735044
1380.735044
1380.735044
1380.735044
1380.735044
1380.735044
1380.735044
1380.735044
1380.735044
1380.735044
1380.735044
1380.735044
1380.735044
1380.735044
1380.735044
1380.735044
1380.735044
1380.735044
1380.735044
1380.735044
1380.735044
1380.735044
1380.735044
1380.735044
1380.735044
1380.735044
1380.735044
1380.735044
1380.735044
1380.735044
1380.735044
1380.735044
1380.735044
1380.735044
1380.735044
1380.735044
1380.735044
1380.735044
1380.735044
1380.735044
1380.735044
1380.735044
1380.735044
1380.735044
1380.735044
1380.735044
1380.735044
1380.735044
1380.735044
1380.735044
1380.735044
1380.735044
1380.735044
1380.735044
1380.735044
1380.735044
1380.735044
1380.735044
1380.735044
1380.735044
1380.735044
1380.735044
1380.735044
1380.735044
1380.735044
1380.735044
1380.735044
1380.735044
1380.735044
1380.735044
1380.735044
1380.735044
1380.735044
1380.735044
1380.735044
1380.735044
1380.735044
1380.735044
1380.735044
1380.735044
1380.735044
1380.735044
1380.735044
1380.735044
1380.735044
1380.735044
1380.735044
1380.735044
1380.735044
1380.735044
1380.731045
1380.731045
1380.731045
1380.731045
1380.731045
1380.731045
1380.731045
1380.731045
1380.731045
1380.731045
1380.731045
1380.731045
1380.731045
1380.731045
1380.731045
1380.731045
1380.731045
1380.731045
1380.731045
1380.731045
1380.731045
1380.731045
1380.731045
1380.731045
1380.731045
1380.731045
1380.731045
1380.731045
1380.731045
1380.731045
1380.731045
1380.731045
1380.731045
1380.731045
1380.731045
1380.731045
1380.731045
1380.731045
1380.731045
1380.731045
1380.731045
1380.731045
1380.731045
1380.731045
1380.731045
1380.731045
1380.731045
1380.731045
1380.731045
1380.731045
1380.731045
1380.731045
1380.731045
1380.731045
1380.731045
1380.731045
1380.731045
1380.731045
1380.731045
1380.731045
1380.731045
1380.731045
1380.731045
1380.731045
1380.731045
1380.725492
1380.725492
1380.725492
1380.725492
1380.725492
1380.725492
1380.725492
1380.725492
1380.725492
1380.725492
1380.725492
1380.725492
1380.725492
1380.725492
1380.725354
1380.725354
1380.725354
1380.725354
1380.725354
1380.725354
1380.725354
1380.725354
1380.725354
1380.725354
1380.725354
1380.725354
1380.725354
1380.725354
1380.725354
1380.720495
1380.720495
1380.720495
1380.720495
1380.720495
1380.720495
1380.720495
1380.720495
1380.720495
1380.720495
1380.720495
1380.720495
1380.720495
1380.720495
1380.720495
1380.720495
1380.720495
1380.720495
1380.720495
1380.720495
1380.720495
1380.720495
1380.720495
1380.720495
1380.720495
1380.720495
1380.720495
1380.720495
1380.720495
1380.720495
1380.720495
1380.720495
1380.720495
1380.720495
1380.720495
1380.720495
1380.720495
1380.720495
1380.720495
1380.720267
1380.720267
1380.720267
1380.720267
1380.720267
1380.720267
1380.718983
1380.718983
1380.718983
1380.718983
1380.718983
1380.710995
1380.710995
1380.710995
1380.710995
1380.710995
1380.710995
1380.710995
1380.698004
1380.698004
1380.698004
1380.698004
1380.698004
1380.698004
1380.698004
1380.698004
1380.698004
1380.698004
1380.698004
1380.698004
1380.698004
1380.698004
1380.698004
1380.698004
1380.698004
1380.698004
1380.698004
1380.698004
1380.698004
1380.698004
1380.698004
1380.698004
1380.687097
1380.687097
1380.687097
1380.687097
1380.687097
1380.687097
1380.687097
1380.687097
1380.687097
1380.687097
1380.665003
1380.665003
1380.665003
1380.665003
1380.665003
1380.665003
1380.665003
1380.665003
1380.665003
1380.665003
1380.665003
1380.665003
1380.665003
1380.665003
1380.665003
1380.665003
1380.665003
1380.665003
1380.665003
1380.665003
1380.665003
1380.665003
1380.665003
1380.665003
1380.665003
1380.665003
1380.665003
1380.665003
1380.665003
1380.665003
1380.665003
1380.665003
1380.665003
1380.665003
1380.665003
1380.665003
1380.665003
1380.665003
1380.665003
1380.665003
1380.665003
1380.665003
1380.665003
1380.665003
1380.665003
1380.665003
1380.665003
1380.665003
1380.665003
1380.665003
1380.665003
1380.665003
1380.665003
1380.665003
1380.665003
1380.665003
1380.665003
1380.665003
1380.665003
1380.665003
1380.665003
1380.665003
1380.665003
1380.665003
1380.665003
1380.665003
1380.665003
1380.665003
1380.665003
1380.665003
1380.665003
1380.665003
1380.665003
1380.665003
1380.665003
1380.665003
1380.665003
1380.665003
1380.665003
1380.665003
1380.665003
1380.665003
1380.665003
1380.665003
1380.665003
1380.665003
1380.665003
1380.665003
1380.665003
1380.665003
1380.640185
1380.640185
1380.640185
1380.640185
1380.640185
1380.640185
1380.640185
1380.640185
1380.640185
1380.640185
1380.640185
1380.640185
1380.640185
1380.640185
1380.640185
1380.640185
1380.640185
1380.640185
1380.640185
1380.640185
1380.640185
1380.640185
1380.640185
1380.640185
1380.640185
1380.640185
1380.640185
1380.640185
1380.640185
1380.640185
1380.640185
1380.640185
1380.640185
1380.640185
1380.640185
1380.640185
1380.640185
1380.640185
1380.640185
1380.640185
1380.640185
1380.640185
1380.640185
1380.640185
1380.640185
1380.640185
1380.640185
1380.640185
1380.640185
1380.640185
1380.640185
1380.640185
1380.640185
1380.640185
1380.640185
1380.640185
1380.640185
1380.640185
1380.640185
1380.640185
1380.640185
1380.638566
1380.638566
1380.638566
1380.638566
1380.638566
1380.638566
1380.638566
1380.638566
1380.638566
1380.638566
1380.638566
1380.638566
1380.638566
1380.638566
1380.638566
1380.638566
1380.638566
1380.638566
1380.638566
1380.638566
1380.638566
1380.638566
1380.638566
1380.638566
1380.638566
1380.638566
1380.638566
1380.638566
1380.638566
1380.638566
1380.638566
1380.638566
1380.638566
1380.638566
1380.638566
1380.638566
1380.638566
1380.638566
1380.638566
1380.638148
1380.638148
1380.638148
1380.638148
1380.638148
1380.638148
1380.638148
1380.638148
1380.638148
1380.638148
1380.638148
1380.638148
1380.638148
1380.638148
1380.638148
1380.638148
1380.638148
1380.638148
1380.638148
1380.638148
1380.638148
1380.636405
1380.636405
1380.636405
1380.636405
1380.636405
1380.636405
1380.636405
1380.636405
1380.636405
1380.636405
1380.603519
1380.603519
1380.603519
1380.603519
1380.603519
1380.603519
1380.603519
1380.603519
1380.603519
1380.603519
1380.603519
1380.603519
1380.603519
1380.603519
1380.603519
1380.603519
1380.603519
1380.603519
1380.603519
1380.603519
1380.603519
1380.603519
1380.603519
1380.603519
1380.603519
1380.603519
1380.603519
1380.603519
1380.603519
1380.603519
1380.603519
1380.603519
1380.603519
1380.603519
1380.603519
1380.603519
1380.603519
1380.603519
1380.603519
1380.603519
1380.603519
1380.603519
1380.603519
1380.603519
1380.603519
1380.603519
1380.603519
1380.603519
1380.603519
1380.603519
1380.603519
1380.603519
1380.603519
1380.603519
1380.603519
1380.603519
1380.603519
1380.603519
1380.603519
1380.603519
1380.603519
1380.603519
1380.603519
1380.595202
1380.595202
1380.587609
1380.587609
1380.587609
1380.587609
1380.587609
1380.587609
1380.587609
1380.587609
1380.587609
1380.587609
1380.587609
1380.584714
1380.584714
1380.584714
1380.572032
1380.572032
1380.572032
1380.572032
1380.572032
1380.572032
1380.572032
1380.572032
1380.572032
1380.572032
1380.572032
1380.572032
1380.572032
1380.572032
1380.572032
1380.572032
1380.572032
1380.572032
1380.572032
1380.572032
1380.572032
1380.572032
1380.572032
1380.572032
1380.572032
1380.572032
1380.572032
1380.572032
1380.572032
1380.572032
1380.572032
1380.572032
1380.572032
1380.572032
1380.572032
1380.572032
1380.572032
1380.572032
1380.572032
1380.572032
1380.572032
1380.572032
1380.572032
1380.572032
1380.561373
1380.561373
1380.561373
1380.561373
1380.561373
1380.561373
1380.561373
1380.561373
1380.561373
1380.561373
1380.561373
1380.561373
1380.561373
1380.561373
1380.561373
1380.561373
1380.561373
1380.561373
1380.561373
1380.561373
1380.561373
1380.561373
1380.561373
1380.561373
1380.561373
1380.561373
1380.561373
1380.542020
1380.542020
1380.542020
1380.542020
1380.542020
1380.542020
1380.542020
1380.542020
1380.542020
1380.542020
1380.542020
1380.542020
1380.542020
1380.542020
1380.542020
1380.542020
1380.542020
1380.542020
1380.542020
1380.542020
1380.542020
1380.542020
1380.542020
1380.542020
1380.542020
1380.542020
1380.542020
1380.542020
1380.542020
1380.496316
1380.496316
1380.496316
1380.496316
1380.496316
1380.496316
1380.496316
1380.496316
1380.496316
1380.496316
1380.496316
1380.496316
1380.496316
1380.496316
1380.496316
1380.496316
1380.496316
1380.496316
1380.496316
1380.496316
1380.496316
1380.496316
1380.496316
1380.496316
1380.496316
1380.496316
1380.496316
1380.496316
1380.496316
1380.496316
1380.496316
1380.496316
1380.496316
1380.496316
1380.496316
1380.496316
1380.496316
1380.496316
1380.496316
1380.496316
1380.496316
1380.496316
1380.496316
1380.482687
1380.482687
1380.482687
1380.482687
1380.482687
1380.482687
1380.482687
1380.482687
1380.482687
1380.482687
1380.482687
1380.482687
1380.482687
1380.482687
1380.482687
1380.482687
1380.482687
1380.482687
1380.482687
1380.482687
1380.482687
1380.482687
1380.482687
1380.482687
1380.482687
1380.482687
1380.482687
1380.482687
1380.482687
1380.482687
1380.482687
1380.482687
1380.482687
1380.482687
1380.482687
1380.482687
1380.482687
1380.482687
1380.482687
1380.482687
1380.482687
1380.482687
1380.482687
1380.482687
1380.482687
1380.482687
1380.482687
1380.482687
1380.482687
1380.482687
1380.452805
1380.452805
1380.452805
1380.452805
1380.452805
1380.452805
1380.452805
1380.452805
1380.452805
1380.452805
1380.452805
1380.452805
1380.452805
1380.452805
1380.452805
1380.452805
1380.452805
1380.452805
1380.452805
1380.452805
1380.452805
1380.452805
1380.452805
1380.452805
1380.452805
1380.452805
1380.452805
1380.452805
1380.452805
1380.452805
1380.452805
1380.452805
1380.452805
1380.452805
1380.452805
1380.452805
1380.452805
1380.452805
1380.452805
1380.452805
1380.452805
1380.452805
1380.452805
1380.452805
1380.452805
1380.452805
1380.452805
1380.452805
1380.452805
1380.452805
1380.452805
1380.452805
1380.452805
1380.452805
1380.452805
1380.452805
1380.452805
1380.452805
1380.452805
1380.452805
1380.452805
1380.449402
1380.449402
1380.449402
1380.449402
1380.449402
1380.449402
1380.449402
1380.449402
1380.449402
1380.449402
1380.449402
1380.449402
1380.449402
1380.449402
1380.449402
1380.449402
1380.449402
1380.449402
1380.449402
1380.449402
1380.449402
1380.449402
1380.449402
1380.449402
1380.449402
1380.449402
1380.449402
1380.449402
1380.449402
1380.449402
1380.449402
1380.449402
1380.449402
1380.449402
1380.449402
1380.449402
1380.449402
1380.449402
1380.449402
1380.449402
1380.449402
1380.449402
1380.449402
1380.449402
1380.449402
1380.449402
1380.449402
1380.449402
1380.449402
1380.449402
1380.449402
1380.449402
1380.449402
1380.449402
1380.449402
1380.449402
1380.449402
1380.449402
1380.449402
1380.449402
1380.449402
1380.449402
1380.449402
1380.449402
1380.449402
1380.449402
1380.449402
1380.449402
1380.449402
1380.449402
1380.449402
1380.449402
1380.449402
1380.449402
1380.449402
1380.449402
1380.449402
1380.449402
1380.449402
1380.449402
1380.449402
1380.449402
1380.449402
1380.449402
1380.449402
1380.449402
1380.449402
1380.444942
1380.444942
1380.444942
1380.444942
1380.444942
1380.444942
1380.444942
1380.444942
1380.444942
1380.444942
1380.444942
1380.444942
1380.444942
1380.444942
1380.444942
1380.444942
1380.444942
1380.444942
1380.444942
1380.444942
1380.444942
1380.385158
1380.385158
1380.385158
1380.385158
1380.385158
1380.385158
1380.385158
1380.385158
1380.385158
1380.385158
1380.385158
1380.385158
1380.385158
1380.385158
1380.385158
1380.385158
1380.385158
1380.385158
1380.385158
1380.385158
1380.385158
1380.385158
1380.385158
1380.385158
1380.385158
1380.385158
1380.385158
1380.385158
1380.385158
1380.385158
1380.385158
1380.385158
1380.385158
1380.385158
1380.385158
1380.385158
1380.385158
1380.385158
1380.385158
1380.385158
1380.385158
1380.385158
1380.385158
1380.385158
1380.385158
1380.372580
1380.372580
1380.372580
1380.372580
1380.372580
1380.372580
1380.372580
1380.372580
1380.372580
1380.372580
1380.372580
1380.372580
1380.372580
1380.372580
1380.372580
1380.372580
1380.372580
1380.372580
1380.372580
1380.372580
1380.372580
1380.372580
1380.372580
1380.372580
1380.372580
1380.372580
1380.372580
1380.372580
1380.372580
1380.372580
1380.372580
1380.372580
1380.372580
1380.372580
1380.372580
1380.372580
1380.372580
1380.372580
1380.372580
1380.372580
1380.372580
1380.372580
1380.372580
1380.372580
1380.372580
1380.372580
1380.372580
1380.372580
1380.372580
1380.372580
1380.372580
1380.372580
1380.372580
1380.372580
1380.372580
1380.372580
1380.372580
1380.372580
1380.372580
1380.372580
1380.372580
1380.372580
1380.372580
1380.372580
1380.372580
1380.372580
1380.372580
1380.372580
1380.372580
1380.372580
1380.372580
1380.372580
1380.372580
1380.372580
1380.372580
1380.372580
1380.372580
1380.372580
1380.372580
1380.372580
1380.372580
1380.372580
1380.372580
1380.372580
1380.372580
1380.372580
1380.372580
1380.372580
1380.372580
1380.372580
1380.372580
1380.372580
1380.372580
1380.372580
1380.372580
1380.372580
1380.372580
1380.372580
1380.372580
1380.372580
1380.372580
1380.372580
1380.372580
1380.372580
1380.372580
1380.372580
1380.372580
1380.372580
1380.372580
1380.372580
1380.372580
1380.372580
1380.372580
1380.372580
1380.372580
1380.372580
1380.372580
1380.372580
1380.372580
1380.372580
1380.372580
1380.372580
1380.372580
1380.372580
1380.372580
1380.372580
1380.372580
1380.372580
1380.372580
1380.372580
1380.372580
1380.372580
1380.372580
1380.372580
1380.372580
1380.372580
1380.372580
1380.372580
1380.372580
1380.372580
1380.372580
1380.372580
1380.372580
1380.372580
1380.372580
1380.364313
1380.364313
1380.364313
1380.364313
1380.364313
1380.364313
1380.364313
1380.364313
1380.364313
1380.364313
1380.364313
1380.364313
1380.364313
1380.364313
1380.364313
1380.364313
1380.364313
1380.363417
1380.363417
1380.353749
1380.353749
1380.353749
1380.353749
1380.353749
1380.353749
1380.353749
1380.353749
1380.353749
1380.353749
1380.353749
1380.353749
1380.353749
1380.353749
1380.353749
1380.353749
1380.353749
1380.353749
1380.353749
1380.353749
1380.353749
1380.353749
1380.353749
1380.353749
1380.353749
1380.353749
1380.353749
1380.353749
1380.353749
1380.353749
1380.353749
1380.353749
1380.353749
1380.353749
1380.353749
1380.353749
1380.353749
1380.353749
1380.353749
1380.353749
1380.353749
1380.353749
1380.353749
1380.353749
1380.353749
1380.353749
1380.353749
1380.353749
1380.353749
1380.353749
1380.353749
1380.353749
1380.353749
1380.353749
1380.353749
1380.353749
1380.353749
1380.353749
1380.353749
1380.353749
1380.353749
1380.353749
1380.353749
1380.353749
1380.353749
1380.353749
1380.353749
1380.353749
1380.353749
1380.304498
1380.304498
1380.304498
1380.304498
1380.304498
1380.304498
1380.304498
1380.304498
1380.304498
1380.304498
1380.299695
1380.299695
1380.299695
1380.299695
1380.299695
1380.299695
1380.299695
1380.299695
1380.299695
1380.299695
1380.299695
1380.299695
1380.299695
1380.299695
1380.299695
1380.299695
1380.299695
1380.299695
1380.299695
1380.299695
1380.299695
1380.299695
1380.299695
1380.299695
1380.299695
1380.299695
1380.299695
1380.299695
1380.299695
1380.299695
1380.299695
1380.299695
1380.299695
1380.299695
1380.299695
1380.299695
1380.299695
1380.299695
1380.299695
1380.299695
1380.299695
1380.299695
1380.299695
1380.299695
1380.299695
1380.299695
1380.299695
1380.297597
1380.297597
1380.297597
1380.297597
1380.297597
1380.297597
1380.297597
1380.297597
1380.297597
1380.297597
1380.297597
1380.297597
1380.297597
1380.297597
1380.297597
1380.297597
1380.297597
1380.297597
1380.297597
1380.297597
1380.297597
1380.297597
1380.297597
1380.254927
1380.254927
1380.254927
1380.254927
1380.254927
1380.254927
1380.254927
1380.254927
1380.254927
1380.254927
1380.254927
1380.254927
1380.254927
1380.254927
1380.254927
1380.254927
1380.254927
1380.254927
1380.254927
1380.254927
1380.254927
1380.254927
1380.254927
1380.254927
1380.254927
1380.254927
1380.254927
1380.254927
1380.254927
1380.254927
1380.254927
1380.254927
1380.254927
1380.254927
1380.254927
1380.254927
1380.254927
1380.222599
1380.222599
1380.222599
1380.222599
1380.222599
1380.222599
1380.222599
1380.222599
1380.222599
1380.222599
1380.222599
1380.222599
1380.222599
1380.222599
1380.222599
1380.222599
1380.222599
1380.222599
1380.222599
1380.222599
1380.222599
1380.222599
1380.222599
1380.222599
1380.222599
1380.222599
1380.222599
1380.222599
1380.222599
1380.222599
1380.222599
1380.222599
1380.222599
1380.222599
1380.163049
1380.163049
1380.163049
1380.163049
1380.163049
1380.163049
1380.163049
1380.163049
1380.163049
1380.163049
1380.163049
1380.163049
1380.163049
1380.163049
1380.163049
1380.163049
1380.163049
1380.163049
1380.163049
1380.163049
1380.163049
1380.163049
1380.163049
1380.163049
1380.163049
1380.163049
1380.163049
1380.163049
1380.163049
1380.163049
1380.163049
1380.163049
1380.163049
1380.163049
1380.163049
1380.163049
1380.163049
1380.163049
1380.163049
1380.163049
1380.163049
1380.163049
1380.163049
1380.163049
1380.163049
1380.163049
1380.163049
1380.163049
1380.163049
1380.163049
1380.163049
1380.163049
1380.163049
1380.163049
1380.163049
1380.163049
1380.163049
1380.163049
1380.163049
1380.163049
1380.163049
1380.163049
1380.163049
1380.163049
1380.163049
1380.163049
1380.163049
1380.163049
1380.163049
1380.163049
1380.163049
1380.163049
1380.163049
1380.163049
1380.163049
1380.163049
1380.163049
1380.163049
1380.134326
1380.134326
1380.134326
1380.134326
1380.134326
1380.134326
1380.134326
1380.134326
1380.134326
1380.134326
1380.134326
1380.134326
1380.134326
1380.134326
1380.134326
1380.134326
1380.134326
1380.134326
1380.134326
1380.134326
1380.134326
1380.134326
1380.134326
1380.134326
1380.134326
1380.134326
1380.134326
1380.134326
1380.134326
1380.134326
1380.134326
1380.134326
1380.134326
1380.134326
1380.134326
1380.134326
1380.134326
1380.134326
1380.134326
1380.134326
1380.134326
1380.134326
1380.134326
1380.134326
1380.134326
1380.134326
1380.134326
1380.134326
1380.134326
1380.134326
1380.134326
1380.134326
1380.134326
1380.134326
1380.134326
1380.134326
1380.134326
1380.134326
1380.134326
1380.134326
1380.134326
1380.134326
1380.134326
1380.134326
1380.134326
1380.134326
1380.130731
1380.130731
1380.130731
1380.130731
1380.130731
1380.130731
1380.130731
1380.130731
1380.130731
1380.048764
1380.048764
1380.048764
1380.048764
1380.048764
1380.048764
1380.048764
1380.048764
1380.048764
1380.048764
1380.048764
1380.048764
1380.048764
1380.048764
1380.048764
1380.048764
1380.048764
1380.048764
1380.048764
1380.048764
1380.048764
1380.048764
1380.048764
1380.048764
1380.048764
1380.048764
1380.048764
1380.048764
1380.048764
1380.048764
1380.048764
1380.048764
1380.048764
1380.048764
1380.048764
1380.048764
1380.048764
1380.048764
1380.048764
1380.048764
1380.048764
1380.048764
1380.048764
1380.048764
1380.048764
1380.048764
1380.048764
1380.048764
1380.048764
1380.048764
1380.048764
1380.048764
1380.048764
1380.048764
1380.048764
1380.048764
1380.048764
1380.048764
1380.048764
1380.048764
1380.048764
1380.048764
1380.048764
1380.048764
1380.048764
1380.048764
1380.048764
1380.048764
1380.048764
1380.048764
1380.048764
1380.048764
1380.048764
1379.996533
1379.996533
1379.996533
1379.996533
1379.996533
1379.996533
1379.996533
1379.996533
1379.996533
1379.996533
1379.996533
1379.996533
1379.996533
1379.996533
1379.996533
1379.996533
1379.996533
1379.996533
1379.996533
1379.996533
1379.996533
1379.996533
1379.996533
1379.996533
1379.996533
1379.996533
1379.996533
1379.996533
1379.996533
1379.996533
1379.996533
1379.996533
1379.996533
1379.996533
1379.996533
1379.996533
1379.996533
1379.996533
1379.946116
1379.946116
1379.946116
1379.946116
1379.946116
1379.946116
1379.946116
1379.946116
1379.946116
1379.946116
1379.946116
1379.946116
1379.946116
1379.946116
1379.946116
1379.946116
1379.946116
1379.946116
1379.946116
1379.946116
1379.946116
1379.946116
1379.946116
1379.946116
1379.946116
1379.946116
1379.946116
1379.946116
1379.946116
1379.946116
1379.946116
1379.946116
1379.946116
1379.946116
1379.946116
1379.946116
1379.946116
1379.896282
1379.896282
1379.896282
1379.896282
1379.896282
1379.896282
1379.896282
1379.896282
1379.896282
1379.896282
1379.896282
1379.896282
1379.896282
1379.896282
1379.896282
1379.896282
1379.896282
1379.896282
1379.896282
1379.896282
1379.895806
1379.895806
1379.895806
1379.895806
1379.895806
1379.895806
1379.895806
1379.895806
1379.895806
1379.895806
1379.895806
1379.895806
1379.895806
1379.895806
1379.895806
1379.895806
1379.756402
1379.756402
1379.756402
1379.756402
1379.756402
1379.756402
1379.756402
1379.756402
1379.756402
1379.756402
1379.756402
1379.756402
1379.756402
1379.756402
1379.756402
1379.756402
1379.756402
1379.756402
1379.616396
1379.616396
1379.616396
1379.616396
1379.616396
1379.616396
1379.616396
1379.616396
1379.616396
1379.616396
1379.616396
1379.616396
1379.616396
1379.616396
1379.616396
1379.616396
1379.616396
1379.616396
1379.616396
1379.616396
1379.616396
1379.616396
1379.616396
1379.616396
1379.616396
1379.616396
1379.616396
1379.616396
1379.616396
1379.616396
1379.616396
1379.616396
1379.616396
1379.616396
1379.616396
1379.616396
1379.616396
1379.616396
1379.616396
1379.616396
1379.616396
1379.616396
1379.598497
1379.598497
1379.598497
1379.598497
1379.598497
1379.598497
1379.598497
1379.598497
1379.598497
1379.598497
1379.598497
1379.598497
1379.598497
1379.598497
1379.598497
1379.598497
1379.598497
1379.598497
1379.598497
1379.598497
1379.598497
1379.598497
1379.598497
1379.598497
1379.598497
1379.598497
1379.598497
1379.598497
1379.598497
1379.598497
1379.598497
1379.598497
1379.598497
1379.598497
1379.598497
1379.598497
1379.598497
1379.598497
1379.598497
1379.598497
1379.598497
1379.598497
1379.598497
1379.598497
1379.598497
1379.598497
1379.598497
1379.598497
1379.598497
1379.598497
1379.598497
1379.598497
1379.598497
1379.598497
1379.598497
1379.598497
1379.598497
1379.598497
1379.455030
1379.455030
1379.455030
1379.455030
1379.380441
1379.380441
1379.380441
1379.380441
1379.380441
1379.380441
1379.380441
1379.380441
1379.380441
1379.380441
1379.380441
1379.380441
1379.380441
1379.380441
1379.380441
1379.380441
1379.380441
1379.380441
1379.380441
1379.380441
1379.380441
1379.380441
1379.380441
1379.380441
1379.380441
1379.380441
1379.380441
1379.380441
1379.380441
1379.380441
1379.380441
1379.380441
1379.380441
1379.380441
1379.380441
1379.380441
1379.380441
1379.380441
1379.380441
1379.380441
1379.380441
1379.380441
1379.380441
1379.380441
1379.380441
1379.380441
1379.380441
1379.380441
1379.380441
1379.380441
1379.380441
1379.380441
1379.380441
1379.380441
1379.380441
1379.380441
1379.380441
1379.380441
1379.380441
1379.380441
1379.380441
1379.380441
1379.380441
1379.380441
1379.380441
1379.380441
1379.380441
1379.380441
1379.380441
1379.380441
1379.380441
1379.380441
1379.380441
1379.380441
1379.380441
1379.380441
1379.380441
1379.380441
1379.380441
1379.380441
1379.298081
1379.298081
1379.298081
1379.298081
1379.298081
1379.298081
1379.298081
1379.298081
1379.298081
1379.298081
1379.298081
1379.298081
1379.298081
1379.298081
1379.298081
1379.298081
1379.298081
1379.298081
1379.298081
1379.298081
1379.298081
1379.298081
1379.298081
1379.298081
1379.298081
1379.298081
1379.298081
1379.298081
1379.298081
1379.298081
1379.298081
1379.298081
1379.298081
1379.298081
1379.298081
1379.298081
1379.298081
1379.298081
1379.298081
1379.298081
1379.298081
1379.298081
1379.298081
1379.298081
1379.298081
1379.298081
1379.298081
1379.298081
1379.298081
1379.298081
1379.298081
1379.298081
1379.298081
1379.298081
1379.298081
1379.298081
1379.298081
1379.298081
1379.298081
1379.298081
1379.298081
1379.298081
1379.298081
1379.298081
1379.298081
1379.298081
1379.298081
1379.298081
1379.298081
1379.298081
1379.298081
1379.298081
1379.298081
1379.298081
1379.298081
1379.298081
1379.298081
1379.298081
1379.132782
1379.132782
1379.132782
1379.132782
1379.132782
1379.132782
1379.132782
1379.132782
1379.132782
1379.132782
1379.132782
1379.132782
1379.132782
1379.132782
1379.132782
1379.132782
1379.132782
1379.132782
1379.132782
1379.132782
1379.132782
1379.132782
1379.132782
1379.132782
1379.132782
1379.132782
1379.132782
1379.132782
1379.132782
1379.132782
1379.132782
1379.132782
1379.132782
1379.132782
1379.132782
1379.132782
1379.132782
1379.132782
1379.132782
1379.132782
1379.132782
1379.132782
1379.132782
1379.132782
1379.132782
1379.132782
1379.132782
1379.132782
1378.737255
1378.737255
1378.737255
1378.737255
1378.737255
1378.737255
1378.737255
1378.737255
1378.737255
1378.737255
1378.737255
1378.737255
1378.737255
1378.737255
1378.737255
1378.737255
1378.737255
1378.737255
1378.737255
1378.737255
1378.737255
1378.737255
1378.737255
1378.737255
1378.737255
1378.737255
1378.737255
1378.737255
1378.737255
1378.737255
1378.737255
1378.737255
1378.737255
1378.737255
1378.737255
1378.737255
1378.737255
1378.737255
1378.737255
1378.737255
1378.737255
1378.737255
1378.737255
1378.737255
1378.737255
1378.737255
1378.737255
1378.737255
1378.737255
1378.737255
1378.737255
1378.737255
1378.737255
1378.737255
1378.737255
1378.737255
1378.737255
1378.737255
1378.737255
1378.737255
1378.737255
1378.737255
1378.737255
1378.737255
1378.737255
1378.737255
1378.737255
1378.737255
1378.737255
1378.737255
1378.737255
1378.737255
1378.737255
1378.737255
1378.675295
1378.675295
1378.675295
1378.675295
1378.675295
1378.675295
1378.675295
1378.675295
1378.675295
1378.401457
1378.401457
1378.401457
1378.401457
1378.401457
1378.401457
1378.401457
1378.401457
1378.401457
1378.401457
1378.401457
1378.401457
1378.401457
1378.401457
1378.401457
1378.401457
1378.401457
1378.401457
1378.401457
1378.401457
1378.401457
1378.401457
1378.401457
1378.401457
1378.401457
1378.401457
1378.401457
1378.401457
1378.401457
1378.401457
1378.401457
1378.401457
1378.401457
1378.401457
1378.401457
1378.401457
1378.401457
1378.401457
1378.401457
1378.401457
1378.401457
1378.401457
1378.401457
1378.401457
1378.401457
1378.401457
1378.401457
1378.401457
1378.401457
1378.401457
1378.232215
1378.232215
1378.232215
1378.232215
1378.232215
1378.232215
1378.232215
1378.232215
1378.232215
1378.232215
1378.232215
1378.232215
1378.232215
1378.232215
1378.232215
1378.232215
1378.232215
1378.232215
1378.232215
1378.232215
1378.232215
1378.232215
1378.232215
1378.232215
1378.232215
1378.232215
1378.232215
1378.232215
1378.232215
1378.232215
1378.232215
1378.232215
1378.232215
1378.232215
1378.232215
1378.232215
1378.232215
1378.232215
1378.232215
1378.232215
1378.232215
1378.232215
1378.232215
1378.232215
1378.232215
1378.232215
1378.232215
1378.232215
1378.232215
1378.232215
1378.232215
1378.232215
1378.232215
1378.232215
1378.232215
1378.232215
1378.232215
1378.232215
1378.232215
1378.232215
1378.232215
1378.232215
1378.232215
1378.232215
1378.232215
1378.232215
1378.232215
1378.232215
1378.232215
1378.232215
1378.232215
1378.232215
1378.232215
1378.232215
1378.232215
1378.232215
1378.232215
1378.232215
1378.232215
1378.232215
1378.232215
1378.232215
1378.232215
1378.232215
1378.232215
1378.232215
1378.232215
1378.232215
1378.232215
1378.232215
1378.232215
1378.232215
1378.232215
1378.232215
1378.232215
1378.232215
1378.232215
1378.232215
1378.232215
1378.232215
1378.232215
1378.232215
1378.232215
1378.232215
1378.232215
1378.232215
1378.232215
1378.232215
1378.232215
1378.232215
1378.232215
1378.232215
1378.232215
1378.232215
1378.232215
1378.232215
1378.232215
1378.232215
1378.232215
1378.232215
1378.232215
1378.232215
1378.232215
1378.232215
1378.232215
1378.232215
1378.232215
1378.232215
1378.232215
1378.232215
1378.232215
1378.232215
1378.232215
1378.232215
1378.232215
1378.232215
1378.232215
1378.232215
1378.232215
1378.232215
1378.232215
1378.232215
1378.232215
1378.232215
1378.232215
1378.232215
1378.232215
1378.232215
1378.232215
1378.232215
1378.232215
1378.232215
1378.232215
1378.232215
1378.232215
1378.232215
1378.232215
1378.202693
1378.202693
1378.202693
1378.202693
1378.202693
1378.202693
1378.202693
1378.202693
1378.202693
1378.176261
1378.176261
1378.176261
1378.176261
1378.176261
1378.176261
1378.176261
1378.176261
1378.176261
1378.176261
1378.176261
1378.176261
1378.176261
1378.176261
1378.176261
1378.176261
1378.176261
1378.176261
1378.176261
1378.176261
1378.176261
1378.176261
1378.176261
1378.176261
1378.176261
1378.176261
1378.176261
1378.176261
1378.176261
1378.176261
1378.176261
1378.176261
1378.176261
1378.176261
1378.176261
1378.176261
1378.176261
1378.176261
1378.176261
1378.176261
1378.176261
1378.176261
1378.176261
1378.176261
1378.176261
1378.176261
1378.176261
1378.176261
1378.176261
1378.176261
1378.176261
1378.176261
1378.176261
1378.176261
1378.176261
1378.176261
1378.176261
1378.176261
1378.176261
1378.176261
1378.176261
1378.176261
1378.176261
1378.176261
1378.176261
1378.176261
1378.176261
1378.115608
1378.115608
1378.082285
1378.082285
1378.082285
1378.082285
1378.082285
1378.082285
1378.082285
1378.082285
1378.082285
1378.082285
1378.082285
1378.082285
1378.082285
1378.082285
1378.082285
1378.082285
1378.082285
1378.082285
1378.082285
1378.082285
1378.082285
1378.082285
1378.082285
1378.082285
1378.082285
1378.082285
1378.082285
1378.003479
1378.003479
1378.003479
1378.003479
1378.003479
1378.003479
1378.003479
1378.003479
1378.003479
1378.003479
1378.003479
1378.003479
1378.003479
1378.003479
1378.003479
1378.003479
1378.003479
1378.003479
1378.003479
1378.003479
1378.003479
1378.003479
1378.003479
1378.003479
1378.003479
1378.003479
1378.003479
1378.003479
1378.003479
1378.003479
1378.003479
1378.003479
1378.003479
1378.003479
1378.003479
1378.003479
1378.003479
1378.003479
1378.003479
1378.003479
1378.003479
1378.003479
1378.003479
1378.003479
1378.003479
1378.003479
1378.003479
1378.003479
1378.003479
1378.003479
1377.465387
1377.465387
1377.465387
1377.465387
1377.465387
1377.465387
1377.465387
1377.465387
1377.465387
1377.465387
1377.465387
1377.465387
1377.465387
1377.465387
1377.465387
1377.465387
1377.465387
1377.465387
1377.465387
1377.465387
1377.465387
1377.465387
1377.465387
1377.465387
1377.465387
1377.465387
1377.465387
1377.465387
1377.465387
1377.465387
1377.465387
1377.465387
1377.465387
1377.465387
1377.465387
1377.465387
1377.465387
1377.465387
1377.465387
1377.465387
1377.465387
1377.465387
1377.465387
1377.465387
1377.465387
1377.465387
1377.465387
1377.465387
1377.465387
1377.465387
1377.465387
1377.465387
1377.465387
1377.465387
1377.465387
1377.465387
1377.465387
1377.465387
1377.465387
1377.401907
1377.401907
1377.401907
1377.370365
1377.370365
1377.370365
1377.370365
1377.370365
1377.370365
1377.370365
1377.370365
1377.370365
1377.370365
1377.370365
1377.370365
1377.370365
1377.370365
1377.370365
1377.370365
1377.370365
1377.370365
1377.370365
1377.370365
1377.370365
1377.370365
1377.370365
1377.370365
1377.370365
1377.370365
1377.370365
1377.370365
1377.370365
1377.370365
1377.370365
1377.370365
1377.370365
1377.345877
1377.345877
1377.345877
1377.345877
1377.345877
1377.345877
1377.345877
1377.345877
1377.345877
1376.663669
1376.663669
1376.663669
1376.663669
1376.663669
1376.663669
1376.663669
1376.663669
1376.663669
1376.663669
1376.663669
1376.663669
1376.663669
1376.663669
1376.663669
1376.663669
1376.663669
1376.663669
1376.663669
1376.663669
1376.663669
1376.663669
1376.663669
1376.663669
1376.663669
1376.663669
1376.663669
1376.663669
1376.663669
1376.663669
1376.663669
1376.663669
1376.663669
1376.663669
1376.663669
1376.663669
1376.663669
1376.663669
1376.663669
1376.663669
1376.663669
1376.663669
1376.663669
1376.663669
1376.663669
1376.663669
1376.663669
1376.663669
1376.663669
1376.663669
1376.663669
1376.663669
1376.663669
1376.663669
1376.663669
1376.663669
1376.663669
1376.663669
1376.663669
1376.663669
1376.663669
1376.663669
1376.663669
1376.663669
1376.663669
1376.663669
1376.663669
1376.663669
1376.663669
1376.663669
1376.663669
1376.663669
1376.663669
1376.663669
1376.663669
1376.663669
1376.663669
1376.663669
1376.663669
1376.663669
1376.663669
1376.663669
1376.663669
1376.663669
1376.663669
1376.663669
1376.663669
1376.663669
1376.663669
1376.663669
1376.663669
1376.663669
1376.508937
1376.508937
1376.508937
1376.508937
1376.508937
1376.508937
1376.508937
1376.508937
1376.508937
1376.508937
1376.508937
1376.508937
1376.508937
1376.508937
1376.508937
1376.508937
1376.508937
1376.508937
1376.508937
1376.508937
1376.508937
1376.508937
1376.508937
1376.508937
1376.508937
1376.508937
1376.508937
1376.508937
1376.508937
1376.508937
1376.508937
1376.508937
1376.508937
1376.508937
1376.508937
1376.508937
1376.508937
1376.508937
1376.508937
1376.508937
1376.508937
1376.508937
1376.508937
1376.508937
1376.508937
1376.508937
1376.508937
1376.508937
1376.508937
1376.508937
1376.508937
1376.508937
1376.508937
1376.508937
1376.508937
1376.508937
1376.187950
1376.187950
1376.187950
1376.187950
1376.187950
1376.187950
1376.187950
1376.187950
1376.187950
1376.187950
1376.187950
1376.187950
1376.187950
1376.187950
1376.187950
1376.187950
1376.187950
1376.187950
1376.187950
1376.187950
1376.187950
1376.187950
1376.187950
1376.187950
1376.187950
1376.187950
1376.187950
1376.187950
1376.187950
1376.187950
1376.187950
1376.187950
1376.187950
1376.187950
1376.187950
1376.187950
1376.187950
1376.187950
1376.187950
1376.187950
1376.187950
1376.187950
1376.187950
1376.187950
1376.187950
1376.187950
1376.187950
1376.187950
1376.187950
1376.187950
1376.187950
1376.187950
1376.187950
1376.187950
1376.187950
1376.187950
1376.187950
1376.187950
1376.187950
1376.187950
1376.187950
1376.187950
1376.187950
1376.187950
1376.187950
1376.187950
1376.187950
1376.187950
1376.187950
1376.187950
1376.187950
1376.187950
1376.187950
1376.187950
1376.187950
1376.187950
1376.187950
1376.187950
1376.187950
1376.187950
1376.187950
1376.187950
1376.187950
1376.187950
1376.187950
1376.187950
1376.187950
1376.187950
1376.187950
1376.187950
1376.187950
1376.187950
1376.187950
1376.187950
1376.187950
1376.187950
1376.187950
1376.187950
1376.187950
1376.187950
1376.187950
1376.187950
1376.187950
1376.187950
1376.187950
1376.187950
1376.187950
1376.187950
1376.187950
1376.187950
1376.187950
1376.187950
1376.187950
1376.187950
1376.187950
1376.187950
1376.187950
1376.187950
1376.187950
1376.187950
1376.187950
1376.187950
1376.187950
1376.187950
1376.187950
1376.187950
1376.187950
1376.187950
1376.187950
1376.187950
1376.187950
1376.187950
1376.187950
1376.187950
1376.187950
1376.187950
1376.187950
1376.187950
1376.187950
1376.187950
1376.187950
1376.187950
1376.187950
1376.187950
1376.187950
1376.187950
1376.187950
1376.187950
1376.187950
1376.187950
1376.060842
1376.060842
1376.060842
1376.060842
1376.060842
1376.060842
1376.060842
1376.060842
1376.060842
1376.060842
1376.060842
1376.060842
1376.060842
1376.060842
1376.060842
1376.060842
1376.060842
1376.060842
1376.060842
1376.060842
1376.060842
1376.060842
1376.060842
1376.060842
1376.060842
1376.060842
1376.060842
1376.060842
1376.060842
1376.060842
1376.060842
1376.060842
1376.060842
1376.060842
1376.060842
1376.060842
1376.060842
1375.783300
1375.783300
1375.783300
1375.783300
1375.783300
1375.783300
1375.783300
1375.783300
1375.783300
1375.783300
1375.783300
1375.783300
1375.783300
1375.783300
1375.783300
1375.783300
1375.783300
1375.783300
1375.783300
1375.783300
1375.783300
1375.783300
1375.783300
1375.783300
1375.783300
1375.783300
1375.783300
1375.783300
1375.783300
1375.783300
1375.783300
1375.783300
1375.783300
1375.783300
1375.783300
1375.783300
1375.783300
1375.783300
1375.783300
1375.783300
1375.783300
1375.783300
1375.783300
1375.783300
1375.783300
1375.783300
1375.783300
1375.783300
1375.783300
1375.783300
1375.783300
1375.783300
1375.783300
1375.783300
1375.783300
1375.783300
1375.783300
1375.783300
1375.783300
1375.783300
1375.783300
1375.783300
1375.783300
1375.783300
1375.783300
1375.783300
1375.783300
1375.783300
1375.783300
1375.783300
1375.783300
1375.783300
1375.783300
1375.783300
1375.783300
1375.783300
1375.783300
1375.783300
1375.783300
1375.783300
1375.783300
1375.783300
1375.783300
1375.783300
1375.783300
1375.783300
1375.783300
1375.783300
1375.783300
1375.783300
1375.783300
1375.783300
1375.783300
1375.783300
1375.783300
1375.783300
1375.783300
1375.783300
1375.783300
1375.783300
1375.783300
1375.783300
1375.783300
1375.783300
1375.783300
1375.783300
1375.783300
1375.783300
1375.783300
1375.783300
1375.783300
1375.783300
1375.783300
1375.783300
1375.783300
1375.783300
1375.783300
1375.783300
1375.783300
1375.783300
1375.783300
1375.783300
1375.783300
1375.783300
1375.783300
1375.783300
1375.783300
1375.783300
1375.783300
1375.783300
1375.783300
1375.783300
1375.783300
1375.783300
1375.783300
1375.783300
1375.783300
1375.783300
1375.783300
1375.783300
1375.783300
1375.783300
1375.783300
1375.783300
1375.783300
1375.783300
1375.783300
1375.783300
1375.783300
1375.783300
1375.613319
1375.613319
1375.613319
1375.613319
1375.613319
1375.613319
1375.613319
1375.613319
1375.613319
1375.613319
1375.613319
1375.613319
1375.613319
1375.613319
1375.613319
1375.613319
1375.613319
1375.613319
1375.497382
1375.497382
1375.497382
1375.497382
1375.497382
1375.497382
1375.497382
1375.497382
1375.497382
1375.497382
1375.497382
1375.497382
1375.497382
1375.497382
1375.497382
1375.497382
1375.497382
1375.497382
1375.497382
1375.497382
1375.497382
1375.497382
1375.497382
1375.497382
1375.497382
1375.497382
1375.497382
1375.497382
1375.497382
1375.497382
1375.497382
1375.497382
1375.497382
1375.497382
1375.497382
1375.497382
1375.497382
1375.497382
1375.497382
1375.497382
1375.497382
1375.497382
1375.497382
1375.497382
1375.353273
1375.353273
1375.353273
1375.353273
1375.353273
1375.353273
1375.353273
1375.353273
1375.353273
1375.353273
1375.353273
1375.353273
1375.353273
1375.353273
1375.353273
1375.353273
1375.353273
1375.353273
1375.353273
1375.353273
1375.353273
1375.353273
1375.353273
1375.353273
1375.353273
1375.353273
1375.353273
1375.353273
1375.353273
1375.353273
1375.353273
1375.353273
1375.353273
1375.353273
1375.353273
1375.353273
1375.353273
1375.353273
1375.242822
1375.242822
1375.242822
1375.242822
1375.242822
1375.242822
1375.242822
1375.242822
1375.242822
1375.242822
1375.242822
1375.242822
1375.242822
1375.242822
1375.242822
1375.242822
1375.242822
1375.242822
1375.242822
1375.242822
1375.242822
1375.242822
1375.242822
1375.242822
1375.242822
1375.242822
1375.242822
1375.242822
1375.242822
1375.242822
1375.242822
1375.242822
1375.242822
1375.242822
1375.242822
1375.242822
1375.242822
1375.242822
1375.242822
1375.242822
1375.242822
1375.242822
1375.242822
1375.242822
1375.242822
1375.242822
1375.242822
1375.242822
1375.242822
1375.242822
1375.242822
1375.242822
1375.242822
1375.242822
1375.242822
1375.242822
1375.242822
1375.242822
1375.242822
1375.242822
1375.242822
1375.242822
1375.242822
1375.242822
1375.242822
1375.242822
1375.242822
1375.242822
1375.242822
1375.242822
1375.242822
1375.242822
1375.242822
1375.242822
1375.242822
1375.242822
1375.242822
1375.242822
1375.242822
1375.242822
1375.242822
1375.242822
1375.242822
1375.242822
1375.242822
1375.242822
1375.242822
1375.242822
1375.242822
1375.242822
1375.242822
1375.242822
1375.242822
1375.242822
1375.242822
1375.242822
1375.242822
1375.242822
1375.242822
1375.242822
1375.242822
1375.242822
1375.242822
1375.242822
1375.242822
1375.242822
1375.242822
1375.242822
1375.242822
1375.242822
1375.242822
1375.242822
1375.242822
1375.242822
1375.242822
1375.242822
1375.242822
1375.242822
1375.242822
1375.222503
1375.222503
1375.222503
1375.222503
1375.222503
1375.222503
1375.222503
1375.222503
1375.222503
1375.222503
1375.222503
1375.222503
1375.222503
1375.222503
1375.222503
1375.222503
1375.222503
1374.924140
1374.924140
1374.924140
1374.924140
1374.924140
1374.924140
1374.924140
1374.924140
1374.924140
1374.924140
1374.924140
1374.924140
1374.924140
1374.924140
1374.924140
1374.924140
1374.924140
1374.924140
1374.924140
1374.924140
1374.924140
1374.924140
1374.924140
1374.924140
1374.924140
1374.924140
1374.924140
1374.924140
1374.924140
1374.856857
1374.856857
1374.856857
1374.856857
1374.856857
1374.856857
1374.856857
1374.856857
1374.856857
1374.856857
1374.856857
1374.856857
1374.856857
1374.856857
1374.856857
1374.856857
1374.856857
1374.856857
1374.856857
1374.856857
1374.856857
1374.856857
1374.856857
1374.856857
1374.856857
1374.856857
1374.856857
1374.339003
1374.339003
1374.339003
1374.339003
1374.339003
1374.339003
1374.339003
1374.339003
1374.339003
1374.339003
1374.339003
1374.339003
1374.339003
1374.339003
1374.339003
1374.339003
1374.339003
1374.339003
1374.339003
1374.339003
1374.339003
1374.339003
1374.339003
1374.339003
1374.339003
1374.339003
1374.339003
1374.339003
1374.339003
1374.339003
1374.339003
1374.339003
1374.339003
1374.339003
1374.339003
1374.339003
1374.339003
1374.339003
1374.339003
1374.339003
1374.339003
1374.339003
1374.339003
1374.339003
1374.339003
1374.339003
1374.339003
1374.339003
1374.339003
1374.339003
1374.339003
1374.305716
1374.305716
1374.305716
1374.305716
1374.305716
1374.305716
1374.305716
1374.305716
1374.305716
1374.305716
1374.305716
1374.305716
1374.305716
1374.305716
1374.305716
1374.305716
1374.305716
1374.305716
1374.305716
1374.305716
1374.305716
1374.305716
1374.305716
1374.305716
1374.305716
1374.305716
1374.305716
1374.305716
1374.305716
1374.305716
1374.305716
1374.305716
1374.305716
1374.305716
1374.305716
1374.305716
1374.305716
1374.305716
1374.305716
1374.305716
1374.305716
1374.305716
1374.305716
1374.305716
1374.305716
1374.305716
1374.305716
1374.305716
1374.305716
1374.305716
1374.305716
1374.305716
1374.305716
1374.305716
1374.305716
1374.305716
1374.305716
1374.305716
1374.305716
1374.305716
1374.305716
1374.305716
1374.305716
1374.305716
1374.305716
1374.305716
1374.305716
1374.305716
1374.305716
1374.305716
1374.305716
1374.305716
1374.305716
1374.305716
1374.305716
1374.305716
1374.305716
1374.305716
1374.305716
1374.305716
1374.305716
1374.305716
1374.305716
1374.305716
1374.305716
1374.305716
1374.305716
1374.305716
1374.305716
1374.305716
1374.305716
1374.305716
1374.305716
1374.305716
1374.305716
1374.305716
1374.199653
1374.199653
1374.199653
1374.199653
1374.199653
1374.199653
1374.199653
1374.199653
1374.199653
1374.199653
1374.199653
1374.199653
1374.199653
1374.199653
1374.199653
1374.199653
1374.199653
1373.844807
1373.844807
1373.844807
1373.844807
1373.844807
1373.844807
1373.844807
1373.844807
1373.844807
1373.844807
1373.844807
1373.844807
1373.844807
1373.844807
1373.844807
1373.844807
1373.844807
1373.844807
1373.844807
1373.844807
1373.844807
1373.844807
1373.844807
1373.844807
1373.844807
1373.844807
1373.844807
1373.844807
1373.844807
1373.844807
1373.844807
1373.844807
1373.844807
1373.844807
1373.844807
1373.844807
1373.844807
1373.844807
1373.844807
1373.844807
1373.844807
1373.844807
1373.844807
1373.844807
1373.844807
1373.844807
1373.844807
1373.844807
1373.844807
1373.844807
1373.844807
1373.782216
1373.782216
1373.782216
1373.782216
1373.782216
1373.782216
1373.782216
1373.782216
1373.782216
1373.782216
1373.782216
1373.782216
1373.782216
1373.782216
1373.782216
1373.782216
1373.782216
1373.782216
1373.782216
1373.782216
1373.782216
1373.782216
1373.782216
1373.782216
1373.782216
1373.782216
1373.782216
1373.782216
1373.782216
1373.782216
1373.782216
1373.782216
1373.782216
1373.782216
1373.782216
1373.782216
1373.782216
1373.782216
1373.782216
1373.782216
1373.782216
1373.782216
1373.782216
1373.782216
1373.782216
1373.782216
1373.782216
1373.782216
1373.782216
1373.782216
1373.782216
1373.782216
1373.782216
1373.782216
1373.782216
1373.782216
1373.782216
1373.782216
1373.782216
1373.782216
1373.782216
1373.782216
1373.782216
1373.782216
1373.782216
1373.782216
1373.782216
1373.782216
1373.782216
1373.782216
1373.782216
1373.782216
1373.782216
1373.782216
1373.782216
1373.782216
1373.782216
1373.782216
1373.782216
1373.782216
1373.782216
1373.782216
1373.782216
1373.782216
1373.782216
1373.782216
1373.782216
1373.782216
1373.782216
1373.782216
1373.782216
1373.782216
1373.782216
1373.782216
1373.782216
1373.782216
1373.782216
1373.470156
1373.470156
1373.470156
1373.470156
1373.470156
1373.470156
1373.470156
1373.470156
1373.470156
1373.470156
1373.470156
1373.470156
1373.470156
1373.470156
1373.470156
1373.470156
1373.470156
1373.470156
1373.470156
1373.470156
1373.470156
1373.470156
1373.470156
1373.470156
1373.470156
1373.470156
1373.470156
1373.470156
1373.470156
1373.470156
1373.470156
1373.470156
1373.470156
1373.470156
1373.470156
1373.470156
1373.470156
1373.470156
1373.470156
1373.470156
1373.470156
1373.470156
1373.470156
1373.470156
1373.470156
1373.470156
1373.470156
1373.470156
1373.470156
1373.470156
1373.470156
1373.470156
1373.470156
1373.470156
1373.470156
1373.470156
1373.470156
1373.470156
1373.470156
1373.470156
1373.470156
1373.470156
1373.470156
1373.470156
1373.470156
1373.470156
1373.470156
1373.470156
1373.470156
1373.470156
1373.470156
1373.470156
1373.470156
1373.470156
1373.470156
1373.470156
1373.470156
1373.470156
1373.470156
1373.470156
1373.470156
1373.470156
1373.470156
1373.470156
1373.470156
1373.470156
1373.470156
1373.470156
1373.470156
1373.470156
1373.470156
1373.470156
1373.470156
1373.470156
1373.470156
1373.470156
1373.470156
1373.470156
1373.470156
1373.470156
1373.470156
1373.470156
1373.470156
1373.470156
1373.470156
1373.470156
1373.470156
1373.470156
1373.470156
1373.470156
1373.470156
1373.470156
1373.470156
1373.470156
1373.470156
1373.470156
1373.470156
1373.470156
1373.470156
1373.470156
1373.470156
1373.470156
1373.470156
1373.125429
1373.125429
1373.125429
1373.125429
1373.125429
1373.125429
1373.125429
1373.125429
1373.125429
1373.125429
1373.125429
1373.125429
1373.125429
1373.125429
1373.125429
1373.125429
1373.125429
1373.125429
1373.125429
1373.125429
1373.125429
1372.883290
1372.883290
1372.883290
1372.883290
1372.883290
1372.883290
1372.883290
1372.883290
1372.883290
1372.883290
1372.883290
1372.883290
1372.883290
1372.883290
1372.883290
1372.883290
1372.883290
1372.883290
1372.883290
1372.883290
1372.883290
1372.883290
1372.883290
1372.883290
1372.883290
1372.883290
1372.883290
1372.883290
1372.883290
1372.883290
1372.883290
1372.883290
1372.883290
1372.883290
1372.883290
1372.883290
1372.883290
1372.883290
1372.883290
1372.883290
1372.883290
1372.883290
1372.883290
1372.883290
1372.883290
1372.883290
1372.883290
1372.883290
1372.883290
1372.883290
1372.883290
1372.883290
1372.883290
1372.883290
1372.883290
1372.883290
1372.883290
1372.883290
1372.883290
1372.883290
1372.883290
1372.883290
1372.883290
1372.883290
1372.883290
1372.883290
1372.883290
1372.883290
1372.883290
1372.883290
1372.883290
1372.883290
1372.883290
1372.883290
1372.883290
1372.883290
1372.883290
1372.883290
1372.883290
1372.883290
1372.883290
1372.883290
1372.883290
1372.883290
1372.883290
1372.883290
1372.883290
1372.883290
1372.883290
1372.883290
1372.883290
1372.883290
1372.883290
1372.883290
1372.883290
1372.883290
1372.883290
1372.883290
1372.883290
1372.883290
1372.883290
1372.883290
1372.883290
1372.883290
1372.883290
1372.883290
1372.883290
1372.883290
1372.883290
1372.883290
1372.883290
1372.883290
1372.883290
1372.883290
1372.883290
1372.883290
1372.883290
1372.883290
1372.883290
1372.883290
1372.883290
1372.883290
1372.883290
1372.883290
1372.883290
1372.883290
1372.883290
1372.883290
1372.883290
1372.883290
1372.883290
1372.883290
1372.883290
1372.883290
1372.883290
1372.883290
1372.883290
1372.883290
1372.883290
1372.883290
1372.862876
1372.862876
1372.862876
1372.862876
1372.862876
1372.862876
1372.862876
1372.862876
1372.862876
1372.862876
1372.862876
1372.862876
1372.862876
1372.862876
1372.862876
1372.712925
1372.712925
1372.712925
1372.712925
1372.712925
1372.712925
1372.712925
1372.712925
1372.712925
1372.712925
1372.712925
1372.712925
1372.712925
1372.712925
1372.712925
1372.712925
1372.712925
1372.712925
1372.712925
1372.712925
1372.712925
1372.712925
1372.712925
1372.712925
1372.712925
1372.712925
1372.712925
1372.712925
1372.712925
1372.712925
1372.712925
1372.712925
1372.712925
1372.712925
1372.712925
1372.712925
1372.712925
1372.712925
1372.712925
1372.712925
1372.712925
1372.712925
1372.712925
1372.712925
1372.712925
1372.712925
1372.712925
1372.712925
1372.712925
1372.712925
1372.712925
1372.712925
1372.712925
1372.712925
1372.712925
1372.712925
1372.712925
1372.712925
1372.712925
1372.712925
1372.712925
1372.712925
1372.712925
1372.712925
1372.712925
1372.712925
1372.712925
1372.712925
1372.712925
1372.712925
1372.712925
1372.712925
1372.712925
1372.712925
1372.712925
1372.712925
1372.712925
1372.712925
1372.712925
1372.712925
1372.712925
1372.712925
1372.712925
1372.712925
1372.712925
1372.712925
1372.712925
1372.712925
1372.712925
1372.712925
1372.712925
1372.712925
1372.712925
1372.712925
1372.712925
1372.712925
1372.712925
1372.712925
1372.712925
1372.712925
1372.712925
1372.712925
1372.712925
1372.712925
1372.712925
1372.712925
1372.712925
1372.712925
1372.712925
1372.712925
1372.712925
1372.712925
1372.712925
1372.712925
1372.712925
1372.389145
1372.389145
1372.389145
1372.389145
1372.389145
1372.389145
1372.389145
1372.389145
1372.389145
1372.389145
1372.389145
1372.389145
1372.389145
1372.389145
1372.389145
1372.389145
1372.389145
1372.389145
1372.389145
1372.389145
1372.389145
1372.389145
1372.389145
1372.389145
1372.389145
1372.389145
1372.389145
1372.389145
1372.389145
1372.389145
1372.389145
1372.389145
1372.389145
1372.389145
1372.389145
1372.389145
1372.389145
1372.389145
1372.389145
1372.389145
1372.389145
1372.389145
1372.389145
1372.389145
1372.389145
1372.389145
1372.389145
1372.389145
1372.389145
1372.389145
1372.377367
1372.377367
1372.225254
1372.225254
1372.225254
1372.225254
1372.225254
1372.225254
1372.225254
1372.225254
1372.225254
1372.225254
1372.225254
1372.225254
1372.225254
1372.225254
1372.225254
1372.225254
1372.225254
1372.225254
1372.225254
1372.225254
1372.225254
1372.225254
1372.225254
1372.225254
1372.225254
1372.225254
1372.225254
1372.225254
1372.225254
1372.225254
1372.225254
1372.225254
1372.225254
1372.225254
1372.225254
1372.225254
1372.225254
1372.225254
1372.225254
1372.225254
1372.200665
1372.200665
1372.200665
1372.200665
1372.200665
1372.200665
1372.200665
1372.200665
1372.200665
1372.200665
1372.200665
1372.200665
1372.200665
1372.200665
1372.200665
1372.200665
1372.200665
1372.200665
1372.200665
1372.200665
1372.200665
1372.200665
1372.099055
1372.099055
1372.099055
1372.099055
1372.099055
1372.099055
1372.099055
1372.099055
1372.099055
1372.099055
1372.099055
1372.099055
1372.099055
1372.099055
1372.099055
1372.099055
1372.099055
1372.099055
1372.099055
1372.099055
1372.099055
1372.099055
1372.099055
1372.099055
1372.099055
1372.099055
1372.099055
1372.099055
1372.099055
1372.099055
1372.099055
1372.099055
1372.099055
1372.099055
1372.099055
1372.099055
1372.099055
1372.099055
1372.099055
1372.099055
1372.099055
1372.099055
1372.099055
1372.099055
1372.099055
1372.099055
1372.099055
1372.099055
1372.099055
1372.099055
1372.099055
1372.099055
1372.099055
1372.099055
1372.099055
1372.099055
1372.099055
1372.099055
1372.099055
1372.099055
1372.099055
1372.099055
1372.099055
1372.099055
1372.099055
1372.099055
1372.099055
1372.099055
1372.099055
1372.099055
1372.099055
1372.099055
1372.099055
1372.099055
1372.099055
1372.099055
1372.099055
1372.099055
1372.099055
1372.099055
1372.099055
1372.099055
1372.099055
1372.099055
1372.099055
1372.099055
1372.099055
1372.099055
1372.099055
1372.099055
1372.099055
1372.099055
1372.099055
1372.099055
1372.099055
1372.099055
1372.099055
1372.099055
1372.099055
1372.099055
1372.099055
1372.099055
1372.099055
1372.099055
1372.099055
1372.099055
1372.099055
1372.099055
1372.099055
1372.099055
1372.099055
1372.099055
1372.099055
1372.099055
1372.099055
1372.099055
1372.099055
1372.099055
1372.099055
1372.099055
1372.099055
1372.099055
1372.099055
1372.099055
1372.028746
1372.028746
1372.028746
1372.028746
1372.028746
1372.028746
1372.028746
1372.028746
1372.028746
1372.028746
1372.028746
1372.028746
1372.028746
1372.028746
1372.028746
1372.028746
1372.028746
1372.028746
1372.028746
1372.028746
1372.028746
1372.028746
1372.028746
1372.028746
1372.028746
1372.028746
1372.028746
1372.028746
1372.028746
1372.028746
1372.028746
1372.028746
1372.028746
1372.028746
1372.028746
1372.028746
1372.028746
1372.028746
1372.028746
1372.028746
1372.028746
1372.028746
1372.028746
1372.028746
1372.028746
1372.028746
1372.028746
1372.028746
1372.028746
1372.028746
1372.028746
1372.028746
1372.028746
1372.028746
1372.028746
1372.028746
1372.028746
1372.028746
1372.028746
1372.028746
1372.028746
1372.028746
1372.028746
1372.028746
1372.028746
1372.028746
1371.611852
1371.611852
1371.611852
1371.611852
1371.611852
1371.611852
1371.611852
1371.611852
1371.611852
1371.611852
1371.611852
1371.611852
1371.611852
1371.611852
1371.611852
1371.611852
1371.611852
1371.611852
1371.611852
1371.611852
1371.611852
1371.611852
1371.611852
1371.611852
1371.611852
1371.611852
1371.611852
1371.611852
1371.611852
1371.611852
1371.611852
1371.611852
1371.611852
1371.611852
1371.611852
1371.611852
1371.611852
1371.611852
1371.611852
1371.611852
1371.611852
1371.611852
1371.611852
1371.611852
1371.611852
1371.611852
1371.611852
1371.611852
1371.611852
1371.611852
1371.611852
1371.611852
1371.611852
1371.611852
1371.611852
1371.611852
1371.611852
1371.611852
1371.579607
1371.579607
1371.579607
1371.579607
1371.579607
1371.579607
1371.579607
1371.579607
1371.579607
1371.579607
1371.579607
1371.579607
1371.579607
1371.579607
1371.579607
1371.579607
1371.579607
1371.579607
1371.579607
1371.579607
1371.579607
1371.579607
1371.579607
1371.579607
1371.579607
1371.579607
1371.579607
1371.579607
1371.579607
1371.579607
1371.579607
1371.579607
1371.579607
1371.579607
1371.579607
1371.579607
1371.579607
1371.579607
1371.579607
1371.579607
1371.579607
1371.579607
1371.579607
1371.579607
1371.579607
1371.579607
1371.579607
1371.579607
1371.579607
1371.579607
1371.579607
1371.579607
1371.579607
1371.579607
1371.579607
1371.579607
1371.579607
1371.579607
1371.579607
1371.579607
1371.579607
1371.579607
1371.488838
1371.488838
1371.488838
1371.488838
1371.488838
1371.488838
1371.488838
1371.488838
1371.488838
1371.488838
1371.488838
1371.488838
1371.488838
1371.488838
1371.488838
1371.488838
1371.488838
1371.488838
1371.488838
1371.488838
1371.488838
1371.488838
1371.488838
1371.488838
1371.488838
1371.488838
1371.488838
1371.488838
1371.488838
1371.488838
1371.488838
1371.488838
1371.488838
1371.322805
1371.322805
1371.322805
1371.322805
1371.322805
1371.322805
1371.322805
1371.322805
1371.322805
1371.322805
1371.322805
1371.322805
1371.322805
1371.322805
1371.322805
1371.322805
1371.322805
1371.322805
1371.322805
1371.322805
1371.322805
1371.322805
1371.322805
1371.322805
1371.322805
1371.322805
1371.322805
1371.322805
1371.322805
1371.322805
1371.322805
1371.322805
1371.322805
1371.322805
1371.322805
1371.322805
1371.322805
1371.322805
1371.322805
1371.322805
1371.322805
1371.322805
1371.322805
1371.322805
1371.322805
1371.322805
1371.322805
1371.322805
1371.322805
1371.322805
1371.322805
1371.322805
1371.322805
1371.322805
1371.322805
1371.322805
1371.322805
1371.322805
1371.322805
1371.322805
1371.322805
1371.322805
1371.322805
1371.322805
1371.322805
1371.322805
1371.322805
1371.322805
1371.322805
1371.322805
1371.322805
1371.322805
1371.322805
1371.322805
1371.322805
1371.322805
1371.322805
1371.322805
1371.322805
1371.322805
1371.322805
1371.322805
1371.322805
1371.322805
1371.322805
1371.322805
1371.322805
1371.322805
1371.322805
1371.322805
1371.322805
1371.322805
1371.322805
1371.322805
1371.322805
1371.322805
1371.322805
1371.322805
1371.322805
1371.322805
1371.322805
1371.322805
1371.322805
1371.322805
1371.322805
1371.322805
1371.322805
1371.322805
1371.322805
1371.322805
1371.322805
1371.322805
1371.322805
1371.322805
1371.322805
1371.322805
1371.322805
1371.322805
1371.322805
1371.322805
1371.322805
1371.322805
1371.322805
1371.322805
1371.322805
1371.322805
1371.322805
1371.322805
1371.322805
1371.322805
1371.322805
1371.322805
1371.322805
1371.322805
1371.322805
1371.322805
1371.322805
1371.322805
1371.322805
1371.322805
1371.322805
1371.322805
1371.322805
1371.322805
1371.322805
1371.322805
1371.322805
1371.322805
1371.208540
1371.208540
1371.208540
1371.208540
1371.208540
1371.208540
1371.208540
1371.208540
1371.208540
1371.208540
1371.208540
1371.208540
1371.208540
1371.208540
1371.208540
1371.208540
1371.208540
1371.208540
1371.208540
1371.208540
1371.208540
1371.208540
1371.208540
1371.208540
1371.208540
1371.208540
1371.208540
1371.208540
1371.208540
1371.208540
1371.208540
1371.208540
1371.208540
1371.208540
1371.208540
1371.208540
1371.208540
1371.208540
1371.208540
1371.208540
1371.208540
1371.208540
1371.208540
1371.208540
1371.208540
1371.208540
1371.208540
1371.208540
1371.208540
1371.208540
1371.095685
1371.095685
1371.095685
1371.095685
1371.095685
1371.095685
1371.095685
1371.095685
1371.095685
1371.095685
1371.095685
1371.095685
1371.095685
1371.095685
1371.095685
1371.095685
1371.095685
1371.095685
1371.095685
1371.095685
1371.095685
1371.095685
1371.095685
1371.095685
1371.095685
1371.095685
1371.095685
1371.095685
1371.095685
1371.095685
1371.095685
1371.095685
1371.095685
1371.095685
1371.095685
1371.095685
1371.095685
1371.095685
1371.095685
1371.095685
1371.095685
1371.095685
1371.095685
1371.095685
1371.095685
1371.095685
1371.095685
1371.095685
1371.095685
1371.095685
1371.095685
1371.095685
1371.095685
1371.095685
1371.095685
1371.095685
1371.095685
1371.095685
1371.095685
1371.095685
1371.095685
1371.095685
1371.095685
1371.095685
1371.095685
1371.095685
1371.095685
1371.095685
1371.095685
1371.095685
1371.095685
1371.095685
1371.095685
1371.095685
1371.095685
1371.095685
1371.095685
1371.080254
1371.080254
1371.080254
1371.080254
1371.080254
1371.080254
1371.080254
1371.080254
1371.080254
1371.080254
1371.080254
1371.080254
1371.080254
1371.080254
1371.080254
1371.080254
1371.022106
1371.022106
1371.022106
1371.022106
1371.022106
1371.022106
1371.022106
1371.022106
1371.022106
1371.022106
1371.022106
1371.022106
1371.022106
1371.022106
1371.022106
1371.022106
1371.022106
1371.022106
1371.022106
1371.022106
1371.022106
1371.022106
1371.022106
1371.022106
1371.022106
1371.022106
1371.022106
1371.022106
1371.022106
1371.022106
1371.022106
1371.022106
1371.022106
1370.824942
1370.824942
1370.824942
1370.824942
1370.824942
1370.824942
1370.824942
1370.824942
1370.824942
1370.824942
1370.824942
1370.824942
1370.824942
1370.824942
1370.824942
1370.824942
1370.824942
1370.824942
1370.824942
1370.824942
1370.824942
1370.824942
1370.824942
1370.824942
1370.824942
1370.824942
1370.824942
1370.824942
1370.824942
1370.824942
1370.824942
1370.824942
1370.824942
1370.824942
1370.824942
1370.824942
1370.824942
1370.824942
1370.824942
1370.824942
1370.824942
1370.824942
1370.824942
1370.824942
1370.824942
1370.824942
1370.824942
1370.824942
1370.824942
1370.824942
1370.824942
1370.824942
1370.824942
1370.824942
1370.824942
1370.824942
1370.824942
1370.824942
1370.824942
1370.824942
1370.824942
1370.824942
1370.824942
1370.824942
1370.824942
1370.824942
1370.824942
1370.824942
1370.824942
1370.824942
1370.824942
1370.824942
1370.824942
1370.824942
1370.824942
1370.824942
1370.824942
1370.824942
1370.824942
1370.824942
1370.824942
1370.824942
1370.824942
1370.824942
1370.824942
1370.824942
1370.824942
1370.824942
1370.824942
1370.824942
1370.824942
1370.824942
1370.824942
1370.824942
1370.824942
1370.824942
1370.824942
1370.824942
1370.824942
1370.824942
1370.824942
1370.824942
1370.824942
1370.824942
1370.824942
1370.824942
1370.824942
1370.824942
1370.824942
1370.824942
1370.824942
1370.824942
1370.824942
1370.824942
1370.824942
1370.824942
1370.824942
1370.824942
1370.824942
1370.824942
1370.824942
1370.824942
1370.824942
1370.824942
1370.824942
1370.824942
1370.824942
1370.824942
1370.824942
1370.824942
1370.824942
1370.824942
1370.824942
1370.824942
1370.824942
1370.824942
1370.824942
1370.824942
1370.824942
1370.824942
1370.824942
1370.824942
1370.824942
1370.824942
1370.824942
1370.824942
1370.824942
1370.824942
1370.824942
1370.824942
1370.824942
1370.824942
1370.824942
1370.824942
1370.824942
1370.824942
1370.824942
1370.824942
1370.824942
1370.824942
1370.824942
1370.824942
1370.824942
1370.824942
1370.824942
1370.824942
1370.824942
1370.824942
1370.824942
1370.824942
1370.824942
1370.824942
1370.824942
1370.824942
1370.824942
1370.824942
1370.824942
1370.824942
1370.824942
1370.824942
1370.824942
1370.824942
1370.824942
1370.824942
1370.824942
1370.824942
1370.824942
1370.824942
1370.824942
1370.824942
1370.824942
1370.824942
1370.824942
1370.824942
1370.824942
1370.824942
1370.750298
1370.750298
1370.750298
1370.716900
1370.716900
1370.716900
1370.716900
1370.716900
1370.716900
1370.716900
1370.716900
1370.716900
1370.716900
1370.716900
1370.716900
1370.618836
1370.618836
1370.618836
1370.618836
1370.618836
1370.618836
1370.618836
1370.618836
1370.618836
1370.618836
1370.618836
1370.618836
1370.618836
1370.618836
1370.618836
1370.618836
1370.618836
1370.618836
1370.618836
1370.618836
1370.618836
1370.618836
1370.618836
1370.618836
1370.618836
1370.618836
1370.618836
1370.618836
1370.618836
1370.618836
1370.618836
1370.618836
1370.618836
1370.618836
1370.618836
1370.618836
1370.618836
1370.618836
1370.571476
1370.571476
1370.571476
1370.571476
1370.571476
1370.571476
1370.571476
1370.571476
1370.571476
1370.571476
1370.571476
1370.571476
1370.571476
1370.571476
1370.571476
1370.571476
1370.571476
1370.571476
1370.571476
1370.571476
1370.571476
1370.571476
1370.571476
1370.571476
1370.571476
1370.571476
1370.571476
1370.571476
1370.571476
1370.571476
1370.571476
1370.571476
1370.571476
1370.571476
1370.571476
1370.571476
1370.571476
1370.571476
1370.571476
1370.571476
1370.571476
1370.571476
1370.571476
1370.571476
1370.571476
1370.571476
1370.571476
1370.571476
1370.571476
1370.571476
1370.571476
1370.571476
1370.571476
1370.571476
1370.571476
1370.571476
1370.571476
1370.571476
1370.571476
1370.571476
1370.571476
1370.571476
1370.571476
1370.571476
1370.571476
1370.571476
1370.571476
1370.571476
1370.571476
1370.571476
1370.571476
1370.571476
1370.571476
1370.571476
1370.571476
1370.568517
1370.568517
1370.568517
1370.568517
1370.568517
1370.568517
1370.568517
1370.568517
1370.568517
1370.568517
1370.568517
1370.568517
1370.568517
1370.568517
1370.568517
1370.568517
1370.568517
1370.568517
1370.568517
1370.568517
1370.568517
1370.568517
1370.568517
1370.568517
1370.568517
1370.568517
1370.568517
1370.568517
1370.568517
1370.568517
1370.568517
1370.568517
1370.568517
1370.568517
1370.568517
1370.568517
1370.568517
1370.568517
1370.568517
1370.568517
1370.568517
1370.568517
1370.568517
1370.568517
1370.568517
1370.568517
1370.568517
1370.568517
1370.568517
1370.568517
1370.568517
1370.568517
1370.568517
1370.568517
1370.568517
1370.568517
1370.568517
1370.568517
1370.568517
1370.568517
1370.568517
1370.568517
1370.568517
1370.568517
1370.568517
1370.568517
1370.568517
1370.568517
1370.568517
1370.568517
1370.568517
1370.568517
1370.568517
1370.568517
1370.568517
1370.568517
1370.568517
1370.568517
1370.568517
1370.568517
1370.568517
1370.568517
1370.568517
1370.568517
1370.568517
1370.568517
1370.568517
1370.568517
1370.568517
1370.568517
1370.568517
1370.551835
1370.551835
1370.551835
1370.551835
1370.551835
1370.551835
1370.551835
1370.551835
1370.551835
1370.551835
1370.551835
1370.551835
1370.551835
1370.551835
1370.551835
1370.537205
1370.537205
1370.537205
1370.537205
1370.537205
1370.537205
1370.537205
1370.537205
1370.537205
1370.537205
1370.537205
1370.537205
1370.537205
1370.537205
1370.537205
1370.537205
1370.537205
1370.537205
1370.537205
1370.537205
1370.537205
1370.537205
1370.537205
1370.537205
1370.480220
1370.480220
1370.480220
1370.480220
1370.480220
1370.480220
1370.480220
1370.480220
1370.480220
1370.480220
1370.480220
1370.480220
1370.480220
1370.480220
1370.480220
1370.480220
1370.480220
1370.480220
1370.480220
1370.480220
1370.480220
1370.386347
1370.386347
1370.386347
1370.386347
1370.386347
1370.386347
1370.386347
1370.386347
1370.386347
1370.386347
1370.386347
1370.386347
1370.386347
1370.386347
1370.386347
1370.386347
1370.386347
1370.386347
1370.386347
1370.386347
1370.386347
1370.386347
1370.386347
1370.386347
1370.386347
1370.386347
1370.386347
1370.386347
1370.386347
1370.386347
1370.386347
1370.386347
1370.386347
1370.386347
1370.386347
1370.386347
1370.162414
1370.162414
1370.162414
1370.162414
1370.162414
1370.162414
1370.162414
1370.162414
1370.162414
1370.162414
1370.162414
1370.162414
1370.162414
1370.162414
1370.162414
1370.162414
1370.162414
1370.162414
1370.162414
1370.162414
1370.162414
1370.162414
1370.162414
1370.162414
1370.162414
1370.162414
1370.162414
1370.162414
1370.162414
1370.162414
1370.162414
1370.162414
1370.162414
1370.162414
1370.162414
1370.162414
1370.162414
1370.162414
1370.162414
1370.162414
1370.162414
1370.127614
1370.127614
1370.127614
1370.127614
1370.127614
1370.127614
1370.127614
1370.127614
1370.127614
1370.127614
1370.127614
1370.127614
1370.127614
1370.127614
1370.127614
1370.127614
1370.127614
1370.127614
1370.127614
1370.127614
1370.127614
1370.127614
1370.127614
1370.127614
1370.127614
1370.127614
1370.127614
1370.127614
1370.127614
1370.127614
1370.127614
1370.127614
1370.127614
1370.127614
1370.127614
1370.127614
1370.127614
1370.127614
1370.127614
1370.127614
1370.127614
1370.127614
1370.127614
1370.127614
1370.127614
1370.127614
1370.127614
1370.127614
1370.127614
1370.127614
1370.127614
1370.127614
1370.127614
1370.127614
1370.127614
1370.127614
1370.127614
1370.127614
1370.127614
1370.127614
1370.127614
1370.127614
1370.127614
1370.127614
1370.127614
1370.127614
1370.127614
1370.127614
1370.127614
1370.127614
1370.127614
1370.127614
1370.127614
1370.127614
1370.127614
1370.127614
1370.127614
1370.127614
1370.127614
1370.127614
1370.127614
1370.127614
1370.127614
1370.127614
1370.127614
1370.127614
1370.127614
1370.127614
1370.127614
1370.127614
1370.127614
1370.127614
1370.127614
1370.127614
1370.127614
1370.127614
1370.127614
1370.127614
1370.127614
1370.127614
1370.127614
1370.127614
1370.127614
1370.127614
1370.127614
1370.127614
1370.127614
1370.127614
1370.127614
1370.127614
1370.127614
1370.127614
1370.127614
1370.127614
1370.127614
1370.127614
1370.118111
1370.118111
1370.118111
1370.118111
1369.765643
1369.765643
1369.765643
1369.765643
1369.765643
1369.765643
1369.765643
1369.765643
1369.765643
1369.765643
1369.765643
1369.765643
1369.765643
1369.765643
1369.765643
1369.765643
1369.765643
1369.765643
1369.765643
1369.765643
1369.765643
1369.765643
1369.765643
1369.765643
1369.765643
1369.765643
1369.765643
1369.765643
1369.765643
1369.765643
1369.765643
1369.765643
1369.765643
1369.765643
1369.765643
1369.765643
1369.765643
1369.765643
1369.765643
1369.765643
1369.765643
1369.765643
1369.765643
1369.765643
1369.765643
1369.765643
1369.765643
1369.765643
1369.765643
1369.765643
1369.765643
1369.765643
1369.765643
1369.765643
1369.765643
1369.765643
1369.765643
1369.765643
1369.765643
1369.765643
1369.765643
1369.765643
1369.765643
1369.765643
1369.765643
1369.765643
1369.765643
1369.765643
1369.765643
1369.765643
1369.765643
1369.765643
1369.765643
1369.765643
1369.765643
1369.765643
1369.765643
1369.765643
1369.765643
1369.765643
1369.765643
1369.765643
1369.765643
1369.765643
1369.765643
1369.765643
1369.765643
1369.765643
1369.765643
1369.765643
1369.765643
1369.765643
1369.765643
1369.765643
1369.765643
1369.765643
1369.765643
1369.765643
1369.765643
1369.765643
1369.765643
1369.765643
1369.765643
1369.765643
1369.765643
1369.765643
1369.765643
1369.765643
1369.765643
1369.765643
1369.765643
1369.765643
1369.765643
1369.765643
1369.765643
1369.765643
1369.765643
1369.765643
1369.765643
1369.765643
1369.765643
1369.765643
1369.765643
1369.765643
1369.765643
1369.765643
1369.636546
1369.636546
1369.636546
1369.636546
1369.636546
1369.636546
1369.636546
1369.636546
1369.636546
1369.636546
1369.636546
1369.636546
1369.636546
1369.636546
1369.636546
1369.636546
1369.636546
1369.636546
1369.636546
1369.636546
1369.636546
1369.636546
1369.636546
1369.636546
1369.636546
1369.636546
1369.636546
1369.636546
1369.636546
1369.636546
1369.636546
1369.636546
1369.636546
1369.636546
1369.636546
1369.636546
1369.636546
1369.636546
1369.636546
1369.636546
1369.636546
1369.636546
1369.636546
1369.636546
1369.636546
1369.636546
1369.636546
1369.636546
1369.636546
1369.636546
1369.636546
1369.636546
1369.636546
1369.636546
1369.636546
1369.636546
1369.636546
1369.636546
1369.636546
1369.636546
1369.636546
1369.636546
1369.636546
1369.636546
1369.636546
1369.636546
1369.636546
1369.636546
1369.636546
1369.636546
1369.636546
1369.636546
1369.636546
1369.636546
1369.636546
1369.636546
1369.636546
1369.636546
1369.636546
1369.636546
1369.636546
1369.636546
1369.636546
1369.636546
1369.636546
1369.636546
1369.636546
1369.636546
1369.636546
1369.636546
1369.636546
1369.636546
1369.636546
1369.636546
1369.636546
1369.636546
1369.636546
1369.636546
1369.636546
1369.636546
1369.636546
1369.636546
1369.565800
1369.565800
1369.549059
1369.549059
1369.549059
1369.549059
1369.549059
1369.549059
1369.549059
1369.549059
1369.549059
1369.547014
1369.547014
1369.547014
1369.547014
1369.547014
1369.547014
1369.547014
1369.547014
1369.547014
1369.547014
1369.547014
1369.547014
1369.547014
1369.547014
1369.547014
1369.547014
1369.547014
1369.547014
1369.547014
1369.547014
1369.547014
1369.547014
1369.547014
1369.547014
1369.547014
1369.547014
1369.547014
1369.547014
1369.547014
1369.547014
1369.547014
1369.547014
1369.547014
1369.547014
1369.547014
1369.547014
1369.481053
1369.481053
1369.481053
1369.481053
1369.481053
1369.481053
1369.481053
1369.457928
1369.457928
1369.457928
1369.457928
1369.457928
1369.457928
1369.457928
1369.457928
1369.457928
1369.457928
1369.457928
1369.457928
1369.299336
1369.299336
1369.299336
1369.299336
1369.299336
1369.299336
1369.299336
1369.299336
1369.298912
1369.298912
1369.298912
1369.298912
1369.298912
1369.298912
1369.298912
1369.298912
1369.298912
1369.298912
1369.298912
1369.298912
1369.298912
1369.298912
1369.298912
1369.298912
1369.298912
1369.298912
1369.298912
1369.298912
1369.298912
1369.298912
1369.298912
1369.298912
1369.298912
1369.298912
1369.298912
1369.298912
1369.298912
1369.298912
1369.273268
1369.273268
1369.273268
1369.273268
1369.273268
1369.273268
1369.273268
1369.273268
1369.273268
1369.273268
1369.273268
1369.273268
1369.273268
1369.273268
1369.273268
1369.273268
1369.273268
1369.273268
1369.273268
1369.273268
1369.273268
1369.273268
1369.273268
1369.273268
1369.273268
1369.273268
1369.273268
1369.273268
1369.273268
1369.273268
1369.273268
1369.259758
1369.259758
1369.259758
1369.259758
1369.259758
1369.259758
1369.259758
1369.259758
1369.259758
1369.259758
1369.147073
1369.147073
1369.147073
1369.147073
1369.147073
1369.147073
1369.147073
1369.147073
1369.147073
1369.147073
1369.147073
1369.147073
1369.147073
1369.147073
1369.147073
1369.147073
1369.147073
1369.147073
1369.147073
1369.147073
1369.147073
1369.147073
1369.147073
1369.147073
1369.147073
1369.147073
1369.147073
1369.147073
1369.147073
1369.147073
1369.147073
1369.147073
1369.147073
1369.147073
1369.147073
1369.147073
1369.147073
1369.147073
1369.147073
1369.147073
1369.147073
1369.147073
1369.147073
1369.147073
1369.147073
1369.147073
1369.147073
1369.147073
1369.147073
1369.147073
1369.147073
1369.147073
1369.147073
1369.147073
1369.147073
1369.147073
1369.147073
1369.147073
1369.147073
1369.147073
1369.147073
1369.147073
1369.147073
1369.147073
1369.147073
1369.147073
1369.147073
1369.147073
1369.147073
1369.147073
1369.147073
1369.147073
1369.147073
1369.147073
1369.147073
1369.147073
1369.147073
1369.147073
1369.147073
1369.147073
1369.147073
1369.147073
1369.147073
1369.147073
1369.147073
1369.147073
1369.147073
1369.147073
1369.147073
1369.147073
1369.147073
1369.147073
1369.147073
1369.147073
1369.147073
1369.147073
1369.147073
1369.147073
1369.147073
1369.147073
1369.147073
1369.147073
1369.147073
1369.147073
1369.147073
1369.147073
1369.147073
1369.147073
1369.147073
1369.147073
1369.147073
1369.147073
1369.147073
1369.147073
1369.045592
1369.045592
1369.045592
1369.045592
1369.045592
1369.045592
1369.045592
1369.045592
1369.045592
1369.045592
1369.045592
1369.045592
1369.045592
1369.045592
1369.045592
1369.045592
1369.045592
1369.045592
1369.045592
1369.045592
1369.045592
1369.045592
1369.045592
1369.045592
1369.045592
1369.045592
1369.045592
1369.045592
1369.045592
1369.045592
1369.045592
1369.045592
1369.045592
1369.045592
1369.045592
1369.045592
1369.022236
1369.022236
1369.022236
1369.022236
1369.022236
1369.022236
1369.022236
1369.022236
1369.022236
1369.022236
1369.022236
1369.022236
1369.022236
1369.022236
1369.022236
1369.022236
1369.022236
1369.022236
1369.022236
1369.022236
1369.022236
1369.022236
1369.022236
1369.022236
1369.022236
1369.022236
1369.022236
1369.022236
1369.022236
1369.022236
1369.022236
1369.022236
1369.022236
1369.022236
1369.022236
1369.022236
1369.022236
1369.022236
1369.022236
1369.022236
1369.022236
1369.022236
1369.022236
1369.022236
1369.022236
1369.022236
1369.022236
1369.022236
1369.022236
1369.022236
1369.022236
1369.022236
1369.022236
1369.022236
1369.022236
1369.022236
1369.022236
1369.022236
1369.022236
1369.022236
1369.022236
1369.022236
1369.022236
1369.022236
1369.022236
1368.949451
1368.949451
1368.949451
1368.949451
1368.949451
1368.949451
1368.949451
1368.949451
1368.949451
1368.949451
1368.949451
1368.949451
1368.949451
1368.949451
1368.949451
1368.949451
1368.949451
1368.949451
1368.949451
1368.949451
1368.949451
1368.949451
1368.949451
1368.949451
1368.949451
1368.949451
1368.949451
1368.949451
1368.949451
1368.949451
1368.949451
1368.949451
1368.949451
1368.949451
1368.949451
1368.949451
1368.949451
1368.949451
1368.949451
1368.949451
1368.949451
1368.949451
1368.949451
1368.949451
1368.949451
1368.949451
1368.949451
1368.949451
1368.949451
1368.949451
1368.935627
1368.935627
1368.935627
1368.935627
1368.935627
1368.935627
1368.935627
1368.935627
1368.935627
1368.935627
1368.935627
1368.935627
1368.935627
1368.935627
1368.935627
1368.935627
1368.935627
1368.935627
1368.935627
1368.921308
1368.921308
1368.921308
1368.921308
1368.921308
1368.921308
1368.921308
1368.921308
1368.921308
1368.921308
1368.921308
1368.921308
1368.921308
1368.921308
1368.921308
1368.921308
1368.921308
1368.921308
1368.921308
1368.921308
1368.921308
1368.921308
1368.921308
1368.921308
1368.921308
1368.921308
1368.921308
1368.921308
1368.921308
1368.921308
1368.921308
1368.921308
1368.921308
1368.921308
1368.921308
1368.921308
1368.921308
1368.921308
1368.921308
1368.921308
1368.921308
1368.921308
1368.921308
1368.921308
1368.921308
1368.921308
1368.921308
1368.921308
1368.921308
1368.921308
1368.921308
1368.921308
1368.921308
1368.921308
1368.921308
1368.921308
1368.921308
1368.921308
1368.921308
1368.921308
1368.921308
1368.921308
1368.921308
1368.921308
1368.921308
1368.921308
1368.921308
1368.921308
1368.921308
1368.921308
1368.921308
1368.921308
1368.921308
1368.921308
1368.921308
1368.921308
1368.921308
1368.921308
1368.921308
1368.921308
1368.888905
1368.819200
1368.819200
1368.819200
1368.819200
1368.819200
1368.819200
1368.819200
1368.819200
1368.760881
1368.760881
1368.760881
1368.760881
1368.760881
1368.760881
1368.760881
1368.760881
1368.760881
1368.760881
1368.760881
1368.760881
1368.760881
1368.760881
1368.760881
1368.760881
1368.760881
1368.760881
1368.760881
1368.760881
1368.760881
1368.760881
1368.760881
1368.760881
1368.760881
1368.760881
1368.760881
1368.760881
1368.760881
1368.760881
1368.760881
1368.760881
1368.760881
1368.760881
1368.760881
1368.760881
1368.760881
1368.640157
1368.640157
1368.640157
1368.640157
1368.640157
1368.640157
1368.640157
1368.640157
1368.640157
1368.640157
1368.640157
1368.640157
1368.640157
1368.640157
1368.640157
1368.640157
1368.640157
1368.640157
1368.640157
1368.640157
1368.640157
1368.640157
1368.640157
1368.640157
1368.640157
1368.640157
1368.640157
1368.640157
1368.640157
1368.640157
1368.640157
1368.640157
1368.640157
1368.640157
1368.640157
1368.640157
1368.640157
1368.640157
1368.640157
1368.640157
1368.640157
1368.640157
1368.640157
1368.640157
1368.640157
1368.640157
1368.640157
1368.640157
1368.640157
1368.640157
1368.640157
1368.640157
1368.640157
1368.640157
1368.640157
1368.640157
1368.640157
1368.640157
1368.640157
1368.640157
1368.640157
1368.640157
1368.640157
1368.640157
1368.640157
1368.640157
1368.640157
1368.640157
1368.640157
1368.640157
1368.461309
1368.461309
1368.461309
1368.461309
1368.461309
1368.461309
1368.461309
1368.461309
1368.461309
1368.461309
1368.461309
1368.461309
1368.461309
1368.461309
1368.461309
1368.461309
1368.461309
1368.461309
1368.461309
1368.461309
1368.461309
1368.461309
1368.461309
1368.461309
1368.461309
1368.461309
1368.461309
1368.461309
1368.461309
1368.461309
1368.461309
1368.461309
1368.461309
1368.461309
1368.461309
1368.461309
1368.461309
1368.461309
1368.461309
1368.461309
1368.461309
1368.461309
1368.461309
1368.461309
1368.461309
1368.461309
1368.461309
1368.461309
1368.461309
1368.461309
1368.461309
1368.461309
1368.461309
1368.461309
1368.461309
1368.461309
1368.461309
1368.461309
1368.461309
1368.461309
1368.461309
1368.461309
1368.429570
1368.429570
1368.356274
1368.356274
1368.356274
1368.356274
1368.356274
1368.356274
1368.356274
1368.356274
1368.160788
1368.160788
1368.160788
1368.160788
1368.160788
1368.160788
1368.160788
1368.160788
1368.160788
1368.160788
1368.160788
1368.160788
1368.160788
1368.160788
1368.160788
1368.160788
1368.160788
1368.160788
1368.160788
1368.160788
1368.160788
1368.160788
1368.160788
1368.160788
1368.160788
1368.160788
1368.160788
1368.160788
1368.160788
1368.160788
1368.160788
1368.160788
1368.160788
1368.160788
1368.160788
1368.160788
1368.160788
1368.160788
1368.160788
1368.160788
1368.160788
1368.160788
1368.160788
1368.160788
1368.160788
1368.160788
1368.160788
1368.160788
1368.160788
1368.160788
1368.160788
1368.160788
1368.160788
1368.160788
1368.160788
1368.160788
1368.160788
1368.160788
1368.160788
1368.160788
1368.160788
1368.160788
1368.160788
1368.160788
1368.160788
1368.160788
1368.160788
1368.160788
1368.160788
1368.115873
1368.115873
1368.115873
1368.115873
1368.115873
1368.115873
1368.115873
1368.115873
1368.115873
1368.115873
1368.115873
1368.115873
1368.115873
1368.115873
1368.094364
1368.094364
1368.094364
1368.094364
1368.094364
1368.094364
1368.094364
1368.094364
1368.094364
1368.094364
1368.094364
1368.094364
1368.094364
1368.094364
1368.094364
1368.094364
1368.094364
1368.000210
1368.000210
1368.000210
1368.000210
1368.000210
1368.000210
1368.000210
1368.000210
1368.000210
1368.000210
1368.000210
1368.000210
1368.000210
1368.000210
1368.000210
1368.000210
1368.000210
1368.000210
1368.000210
1368.000210
1368.000210
1368.000210
1368.000210
1368.000210
1368.000210
1368.000210
1368.000210
1367.954056
1367.954056
1367.954056
1367.954056
1367.954056
1367.954056
1367.954056
1367.954056
1367.954056
1367.954056
1367.954056
1367.954056
1367.954056
1367.954056
1367.954056
1367.954056
1367.954056
1367.954056
1367.954056
1367.954056
1367.954056
1367.954056
1367.643133
1367.643133
1367.643133
1367.643133
1367.643133
1367.643133
1367.643133
1367.643133
1367.643133
1367.643133
1367.643133
1367.643133
1367.643133
1367.643133
1367.643133
1367.643133
1367.643133
1367.643133
1367.643133
1367.643133
1367.643133
1367.643133
1367.643133
1367.643133
1367.643133
1367.643133
1367.643133
1367.643133
1367.643133
1367.643133
1367.643133
1367.643133
1367.643133
1367.643133
1367.643133
1367.643133
1367.643133
1367.643133
1367.643133
1367.643133
1367.643133
1367.643133
1367.643133
1367.643133
1367.643133
1367.643133
1367.643133
1367.643133
1367.643133
1367.643133
1367.643133
1367.643133
1367.643133
1367.643133
1367.643133
1367.643133
1367.643133
1367.643133
1367.643133
1367.643133
1367.643133
1367.643133
1367.643133
1367.643133
1367.643133
1367.643133
1367.643133
1367.643133
1367.643133
1367.643133
1367.643133
1367.643133
1367.643133
1367.643133
1367.643133
1367.643133
1367.469592
1367.469592
1367.469592
1367.469592
1367.469592
1367.469592
1367.469592
1367.469592
1367.469592
1367.469592
1367.469592
1367.469592
1367.469592
1367.469592
1367.469592
1367.469592
1367.469592
1367.469592
1367.469592
1367.469592
1367.469592
1367.469592
1367.469592
1367.469592
1367.469592
1367.469592
1367.469592
1367.469592
1367.469592
1367.469592
1367.469592
1367.469592
1367.469592
1367.469592
1367.469592
1367.469592
1367.469592
1367.469592
1367.469592
1367.469592
1367.469592
1367.469592
1367.469592
1367.469592
1367.469592
1367.469592
1367.469592
1367.469592
1367.469592
1367.469592
1367.469592
1367.469592
1367.469592
1367.469592
1367.469592
1367.469592
1367.469592
1367.469592
1367.469592
1367.469592
1367.469592
1367.469592
1367.469592
1367.469592
1367.469592
1367.469592
1367.469592
1367.469592
1367.469592
1367.469592
1367.469592
1367.469592
1367.469592
1367.469592
1367.469592
1367.469592
1367.469592
1367.469592
1367.469592
1367.469592
1367.469592
1367.469592
1367.469592
1367.469592
1367.469592
1367.469592
1367.469592
1367.469592
1367.469592
1367.469592
1367.469592
1367.469592
1367.469592
1367.469592
1367.469592
1367.469592
1367.469592
1367.469592
1367.469592
1367.469592
1367.469592
1367.469592
1367.469592
1367.469592
1367.469592
1367.469592
1367.469592
1367.469592
1367.469592
1367.469592
1367.469592
1367.469592
1367.469592
1367.469592
1367.469592
1367.469592
1367.469592
1367.469592
1367.469592
1367.469592
1367.469592
1367.469592
1367.469592
1367.469592
1367.469592
1367.469592
1367.469592
1367.469592
1367.469592
1367.388790
1367.388790
1367.388790
1367.388790
1367.388790
1367.388790
1367.388790
1367.388790
1367.388790
1367.388790
1367.388790
1367.388790
1367.388790
1367.388790
1367.388790
1367.388790
1367.388790
1367.388790
1367.388790
1367.388790
1367.388790
1367.388790
1367.388790
1367.388790
1367.388790
1367.388790
1367.388790
1367.388790
1367.388790
1367.388790
1367.388790
1367.388790
1367.388790
1367.388790
1367.388790
1367.388790
1367.388790
1367.388790
1367.388790
1367.388790
1367.388790
1367.388790
1367.388790
1367.388790
1367.388790
1367.388790
1367.388790
1367.388790
1367.388790
1367.388790
1367.388790
1367.388790
1367.388790
1367.388790
1367.388790
1367.388790
1367.388790
1367.388790
1367.388790
1367.388790
1367.388790
1367.388790
1367.388790
1367.388790
1367.388790
1367.388790
1367.388790
1367.388790
1367.388790
1367.388790
1367.388790
1367.388790
1367.388790
1367.388790
1367.388790
1367.388790
1367.388790
1367.388790
1367.388790
1367.388790
1367.388790
1367.331428
1367.331428
1367.331428
1367.331428
1367.331428
1367.331428
1367.331428
1367.331428
1367.331428
1367.331428
1367.331428
1367.331428
1367.331428
1367.331428
1367.118841
1367.118841
1367.118841
1367.118841
1367.118841
1367.118841
1367.118841
1367.118841
1367.118841
1367.118841
1367.118841
1367.118841
1367.118841
1367.118841
1367.118841
1367.118841
1367.118841
1367.118841
1367.118841
1367.118841
1367.118841
1367.118841
1367.118841
1367.118841
1367.118841
1367.118841
1367.118841
1367.118841
1367.118841
1367.118841
1367.118841
1367.118841
1367.118841
1367.118841
1367.118841
1367.118841
1367.118841
1367.118841
1367.118841
1367.118841
1367.118841
1367.118841
1367.118841
1367.118841
1367.118841
1367.118841
1367.118841
1367.118841
1367.118841
1367.118841
1367.118841
1367.118841
1367.118841
1367.118841
1367.118841
1367.118841
1367.113391
1367.113391
1367.113391
1367.113391
1367.113391
1367.113391
1367.113391
1367.113391
1367.113391
1367.113391
1367.113391
1367.113391
1367.113391
1367.113391
1367.113391
1367.113391
1367.113391
1367.113391
1367.113391
1367.113391
1367.113391
1367.113391
1367.113391
1367.113391
1367.113391
1367.113391
1367.113391
1367.113391
1367.113391
1367.113391
1367.113391
1367.113391
1367.113391
1367.113391
1367.113391
1367.113391
1367.113391
1367.113391
1367.113391
1367.113391
1367.113391
1367.113391
1367.113391
1367.113391
1367.113391
1367.113391
1367.113391
1367.113391
1367.113391
1367.113391
1367.113391
1367.113391
1367.113391
1367.113391
1366.783188
1366.783188
1366.783188
1366.783188
1366.783188
1366.783188
1366.783188
1366.783188
1366.783188
1366.783188
1366.783188
1366.783188
1366.783188
1366.783188
1366.783188
1366.783188
1366.783188
1366.783188
1366.783188
1366.783188
1366.783188
1366.783188
1366.783188
1366.783188
1366.783188
1366.783188
1366.783188
1366.783188
1366.783188
1366.783188
1366.783188
1366.783188
1366.783188
1366.783188
1366.783188
1366.783188
1366.783188
1366.783188
1366.783188
1366.783188
1366.783188
1366.783188
1366.783188
1366.783188
1366.783188
1366.783188
1366.783188
1366.783188
1366.783188
1366.783188
1366.783188
1366.783188
1366.783188
1366.783188
1366.783188
1366.783188
1366.783188
1366.783188
1366.783188
1366.783188
1366.783188
1366.783188
1366.783188
1366.783188
1366.783188
1366.783188
1366.783188
1366.783188
1366.783188
1366.783188
1366.783188
1366.783188
1366.783188
1366.783188
1366.783188
1366.783188
1366.783188
1366.783188
1366.783188
1366.783188
1366.783188
1366.783188
1366.783188
1366.783188
1366.783188
1366.783188
1366.783188
1366.783188
1366.783188
1366.783188
1366.783188
1366.783188
1366.783188
1366.783188
1366.783188
1366.783188
1366.783188
1366.783188
1366.783188
1366.783188
1366.783188
1366.783188
1366.783188
1366.783188
1366.783188
1366.783188
1366.783188
1366.783188
1366.783188
1366.783188
1366.783188
1366.783188
1366.538408
1366.538408
1366.538408
1366.538408
1366.538408
1366.538408
1366.538408
1366.538408
1366.538408
1366.538408
1366.538408
1366.538408
1366.538408
1366.538408
1366.538408
1366.538408
1366.538408
1366.538408
1366.538408
1366.538408
1366.538408
1366.538408
1366.538408
1366.538408
1366.538408
1366.538408
1366.538408
1366.538408
1366.538408
1366.538408
1366.538408
1366.538408
1366.538408
1366.538408
1366.538408
1366.538408
1366.538408
1366.538408
1366.538408
1366.538408
1366.538408
1366.538408
1366.538408
1366.538408
1366.538408
1366.538408
1366.538408
1366.538408
1366.538408
1366.538408
1366.538408
1366.538408
1366.538408
1366.538408
1366.538408
1366.538408
1366.538408
1366.538408
1366.538408
1366.538408
1366.538408
1366.538408
1366.538408
1366.538408
1366.538408
1366.538408
1366.466843
1366.466843
1366.466843
1366.466843
1366.466843
1366.466843
1366.466843
1366.466843
1366.466843
1366.466843
1366.466843
1366.466843
1366.466843
1366.466843
1366.466843
1366.466843
1366.466843
1366.466843
1366.466843
1366.466843
1366.466843
1366.376207
1366.376207
1366.376207
1366.376207
1366.376207
1366.376207
1366.376207
1366.376207
1366.376207
1366.374542
1366.374542
1366.374542
1366.374542
1366.374542
1366.374542
1366.374542
1366.374542
1366.374542
1366.374542
1366.374542
1366.374542
1366.374542
1366.374542
1366.374542
1366.374542
1366.374542
1366.374542
1366.374542
1366.374542
1366.374542
1366.374542
1366.374542
1366.374542
1366.374542
1366.374542
1366.374542
1366.374542
1366.374542
1366.374542
1366.374542
1366.374542
1366.374542
1366.374542
1366.374542
1366.374542
1366.374542
1366.374542
1366.374542
1366.374542
1366.374542
1366.268418
1366.268418
1366.268418
1366.268418
1366.268418
1366.268418
1366.268418
1366.268418
1366.268418
1366.268418
1366.268418
1366.268418
1366.213337
1366.213337
1366.213337
1366.213337
1366.213337
1366.213337
1366.213337
1366.213337
1366.213337
1366.213337
1366.213337
1366.213337
1366.213337
1366.213337
1366.213337
1366.213337
1366.213337
1366.213337
1366.213337
1366.213337
1366.213337
1366.213337
1366.213337
1366.213337
1366.213337
1366.213337
1366.213337
1366.213337
1366.213337
1366.213337
1366.213337
1366.213337
1366.213337
1366.213337
1366.213337
1366.213337
1366.213337
1366.213337
1366.213337
1366.213337
1366.213337
1366.213337
1366.213337
1366.213337
1366.213337
1366.213337
1366.213337
1366.213337
1366.213337
1366.213337
1366.213337
1366.213337
1366.213337
1366.213337
1366.213337
1366.213337
1366.213337
1366.213337
1366.213337
1366.213337
1366.213337
1366.213337
1366.213337
1366.213337
1366.213337
1366.044025
1366.044025
1366.044025
1366.044025
1366.044025
1366.044025
1366.044025
1366.044025
1366.044025
1366.044025
1366.044025
1366.044025
1366.044025
1366.044025
1366.044025
1366.044025
1366.044025
1366.044025
1366.044025
1366.044025
1366.044025
1366.044025
1366.044025
1366.044025
1366.044025
1366.044025
1366.044025
1366.044025
1366.044025
1366.044025
1366.044025
1366.044025
1366.035597
1366.035597
1366.035597
1365.988529
1365.988529
1365.988529
1365.988529
1365.988529
1365.988529
1365.988529
1365.988529
1365.988529
1365.988529
1365.988529
1365.988529
1365.988529
1365.988529
1365.988529
1365.988529
1365.988529
1365.988529
1365.988529
1365.988529
1365.988529
1365.988529
1365.988529
1365.988529
1365.988529
1365.988529
1365.988529
1365.988529
1365.988529
1365.988529
1365.988529
1365.988529
1365.988529
1365.942769
1365.942769
1365.942769
1365.942769
1365.942769
1365.942769
1365.942769
1365.942769
1365.942769
1365.942769
1365.942769
1365.942769
1365.942769
1365.942769
1365.942769
1365.942769
1365.942769
1365.942769
1365.898508
1365.898508
1365.898508
1365.898508
1365.898508
1365.898508
1365.898508
1365.898508
1365.898508
1365.898508
1365.898508
1365.898508
1365.898508
1365.898508
1365.898508
1365.898508
1365.898508
1365.798196
1365.798196
1365.798196
1365.798196
1365.798196
1365.798196
1365.798196
1365.798196
1365.798196
1365.798196
1365.798196
1365.798196
1365.798196
1365.798196
1365.798196
1365.798196
1365.798196
1365.798196
1365.798196
1365.798196
1365.798196
1365.798196
1365.798196
1365.798196
1365.798196
1365.798196
1365.798196
1365.798196
1365.798196
1365.798196
1365.798196
1365.798196
1365.798196
1365.798196
1365.798196
1365.798196
1365.798196
1365.798196
1365.798196
1365.798196
1365.798196
1365.798196
1365.798196
1365.798196
1365.798196
1365.798196
1365.798196
1365.798196
1365.798196
1365.798196
1365.798196
1365.798196
1365.798196
1365.798196
1365.798196
1365.798196
1365.798196
1365.798196
1365.798196
1365.798196
1365.798196
1365.798196
1365.765042
1365.765042
1365.765042
1365.765042
1365.765042
1365.765042
1365.765042
1365.765042
1365.765042
1365.765042
1365.765042
1365.765042
1365.765042
1365.765042
1365.765042
1365.765042
1365.765042
1365.765042
1365.765042
1365.765042
1365.765042
1365.765042
1365.765042
1365.765042
1365.765042
1365.765042
1365.765042
1365.765042
1365.765042
1365.765042
1365.765042
1365.765042
1365.765042
1365.765042
1365.765042
1365.765042
1365.765042
1365.765042
1365.765042
1365.765042
1365.765042
1365.660037
1365.660037
1365.660037
1365.660037
1365.660037
1365.660037
1365.660037
1365.660037
1365.660037
1365.660037
1365.660037
1365.660037
1365.660037
1365.660037
1365.660037
1365.523781
1365.523781
1365.523781
1365.523781
1365.523781
1365.523781
1365.523781
1365.523781
1365.523781
1365.523781
1365.523781
1365.523781
1365.523781
1365.523781
1365.523781
1365.523781
1365.523781
1365.523781
1365.523781
1365.523781
1365.523781
1365.523781
1365.523781
1365.523781
1365.523781
1365.523781
1365.523781
1365.523781
1365.523781
1365.523781
1365.523781
1365.523781
1365.523781
1365.523781
1365.523781
1365.523781
1365.523781
1365.523781
1365.523781
1365.523781
1365.523781
1365.523781
1365.523781
1365.523781
1365.523781
1364.980892
1364.980892
1364.980892
1364.980892
1364.980892
1364.980892
1364.980892
1364.980892
1364.980892
1364.980892
1364.980892
1364.980892
1364.980892
1364.980892
1364.980892
1364.980892
1364.980892
1364.980892
1364.980892
1364.980892
1364.980892
1364.980892
1364.980892
1364.980892
1364.980892
1364.980892
1364.980892
1364.980892
1364.980892
1364.980892
1364.980892
1364.980892
1364.980892
1364.980892
1364.980892
1364.980892
1364.980892
1364.980892
1364.980892
1364.980892
1364.980892
1364.980892
1364.980892
1364.980892
1364.980892
1364.980892
1364.980892
1364.980892
1364.980892
1364.980892
1364.980892
1364.980892
1364.980892
1364.980892
1364.980892
1364.980892
1364.980892
1364.980892
1364.980892
1364.980892
1364.980892
1364.980892
1364.980892
1364.980892
1364.980892
1364.980892
1364.980892
1364.980892
1364.980892
1364.980892
1364.980892
1364.980892
1364.980892
1364.980892
1364.980892
1364.980892
1364.980892
1364.980892
1364.980892
1364.980892
1364.980892
1364.980892
1364.980892
1364.980892
1364.980892
1364.980892
1364.980892
1364.980892
1364.980892
1364.980892
1364.980892
1364.980892
1364.980892
1364.980892
1364.980892
1364.980892
1364.980892
1364.980892
1364.980892
1364.980892
1364.980892
1364.980892
1364.980892
1364.980892
1364.980892
1364.980892
1364.740452
1364.740452
1364.740452
1364.740452
1364.740452
1364.740452
1364.740452
1364.740452
1364.740452
1364.740452
1364.740452
1364.740452
1364.740452
1364.740452
1364.740452
1364.740452
1364.740452
1364.740452
1364.740452
1364.740452
1364.740452
1364.740452
1364.740452
1364.740452
1364.740452
1364.740452
1364.740452
1364.740452
1364.740452
1364.740452
1364.740452
1364.740452
1364.740452
1364.740452
1364.740452
1364.740452
1364.740452
1364.740452
1364.740452
1364.740452
1364.740452
1364.740452
1364.740452
1364.740452
1364.740452
1364.740452
1364.740452
1364.740452
1364.740452
1364.740452
1364.740452
1364.740452
1364.740452
1364.740452
1364.740452
1364.740452
1364.740452
1364.740452
1364.740452
1364.740452
1364.740452
1364.740452
1364.740452
1364.740452
1364.740452
1364.740452
1364.740452
1364.740452
1364.740452
1364.740452
1364.740452
1364.740452
1364.740452
1364.740452
1364.740452
1364.740452
1364.740452
1364.740452
1364.740452
1364.740452
1364.740452
1364.740452
1364.740452
1364.740452
1364.740452
1364.740452
1364.740452
1364.740452
1364.740452
1364.740452
1364.740452
1364.740452
1364.740452
1364.740452
1364.694448
1364.694448
1364.694448
1364.694448
1364.694448
1364.694448
1364.694448
1364.694448
1364.694448
1364.694448
1364.694448
1364.694448
1364.694448
1364.694448
1364.694448
1364.694448
1364.694448
1364.694448
1364.614033
1364.614033
1364.614033
1364.614033
1364.614033
1364.614033
1364.614033
1364.614033
1364.614033
1364.614033
1364.614033
1364.614033
1364.614033
1364.614033
1364.614033
1364.614033
1364.614033
1364.614033
1364.614033
1364.614033
1364.614033
1364.614033
1364.614033
1364.614033
1364.614033
1364.614033
1364.614033
1364.614033
1364.614033
1364.614033
1364.614033
1364.614033
1364.614033
1364.614033
1364.614033
1364.614033
1364.614033
1364.551644
1364.551644
1364.551644
1364.551644
1364.551644
1364.551644
1364.551644
1364.551644
1364.551644
1364.551644
1364.551644
1364.551644
1364.551644
1364.551644
1364.551644
1364.551644
1364.551644
1364.551644
1364.551644
1364.551644
1364.551644
1364.551644
1364.551644
1364.551644
1364.551644
1364.551644
1364.551644
1364.551644
1364.551644
1364.551644
1364.551644
1364.551644
1364.551644
1364.551644
1364.551644
1364.551644
1364.551644
1364.551644
1364.551644
1364.551644
1364.551644
1364.551644
1364.551644
1364.551644
1364.551644
1364.551644
1364.551644
1364.551644
1364.551644
1364.551644
1364.551644
1364.551644
1364.551644
1364.551644
1364.551644
1364.551644
1364.551644
1364.551644
1364.551644
1364.551644
1364.551644
1364.551644
1364.551644
1364.551644
1364.551644
1364.551644
1364.476622
1364.476622
1364.476622
1364.476622
1364.476622
1364.476622
1364.476622
1364.476622
1364.476622
1364.476622
1364.476622
1364.476622
1364.476622
1364.476622
1364.476622
1364.380568
1364.380568
1364.380568
1364.380568
1364.380568
1364.380568
1364.380568
1364.380568
1364.380568
1364.380568
1364.380568
1364.380568
1364.380568
1364.380568
1364.380568
1364.380568
1364.380568
1364.380568
1364.380568
1364.218063
1364.218063
1364.218063
1364.218063
1364.218063
1364.218063
1364.218063
1364.218063
1364.218063
1364.218063
1364.218063
1364.218063
1364.218063
1364.218063
1364.218063
1364.218063
1364.212007
1364.113238
1364.113238
1364.113238
1364.113238
1364.113238
1364.113238
1364.113238
1364.113238
1364.113238
1364.113238
1364.113238
1364.113238
1364.113238
1364.113238
1364.113238
1364.113238
1364.113238
1364.113238
1364.113238
1364.113238
1364.113238
1364.113238
1364.113238
1364.113238
1364.113238
1364.113238
1364.113238
1364.113238
1364.113238
1364.044345
1364.044345
1364.044345
1364.044345
1364.044345
1364.044345
1364.044345
1364.044345
1363.955509
1363.955509
1363.955509
1363.955509
1363.955509
1363.955509
1363.955509
1363.955509
1363.955509
1363.955509
1363.955509
1363.955509
1363.955509
1363.955509
1363.955509
1363.955509
1363.955509
1363.955509
1363.955509
1363.955509
1363.955509
1363.955509
1363.955509
1363.955509
1363.896987
1363.896987
1363.896987
1363.896987
1363.896987
1363.896987
1363.896987
1363.896987
1363.896987
1363.896987
1363.896987
1363.896987
1363.896987
1363.896987
1363.896987
1363.896987
1363.896987
1363.896987
1363.896987
1363.896987
1363.896987
1363.896987
1363.896987
1363.896987
1363.896987
1363.896987
1363.896987
1363.896987
1363.896987
1363.896987
1363.896987
1363.896987
1363.896987
1363.896987
1363.896987
1363.813385
1363.813385
1363.813385
1363.813385
1363.813385
1363.813385
1363.813385
1363.813385
1363.813385
1363.231168
1363.231168
1363.231168
1363.231168
1363.231168
1363.231168
1363.231168
1363.231168
1363.231168
1363.231168
1363.231168
1363.231168
1363.231168
1363.231168
1363.231168
1363.231168
1363.231168
1363.231168
1363.231168
1363.231168
1363.231168
1363.231168
1363.231168
1363.231168
1363.231168
1363.231168
1363.231168
1363.231168
1363.231168
1363.231168
1363.231168
1363.231168
1363.231168
1363.231168
1363.231168
1363.231168
1363.231168
1363.231168
1363.231168
1363.231168
1363.231168
1363.231168
1363.231168
1363.231168
1363.231168
1363.231168
1363.231168
1363.231168
1363.231168
1363.231168
1363.231168
1363.231168
1363.231168
1363.231168
1363.231168
1363.231168
1363.231168
1363.231168
1363.231168
1363.231168
1363.231168
1363.231168
1363.231168
1363.231168
1363.231168
1363.231168
1363.231168
1363.231168
1363.231168
1363.231168
1363.231168
1363.231168
1363.231168
1363.231168
1363.231168
1363.231168
1363.231168
1363.231168
1363.231168
1363.231168
1363.231168
1363.231168
1363.231168
1363.231168
1363.231168
1363.231168
1363.231168
1363.231168
1363.231168
1363.231168
1363.231168
1363.231168
1363.231168
1363.231168
1363.231168
1363.231168
1363.231168
1363.231168
1363.231168
1363.231168
1363.231168
1363.231168
1363.231168
1363.231168
1363.231168
1363.231168
1363.231168
1363.231168
1363.231168
1363.231168
1363.231168
1363.231168
1363.231168
1363.231168
1363.231168
1363.231168
1363.231168
1363.231168
1363.231168
1363.231168
1363.231168
1363.231168
1363.231168
1363.231168
1363.231168
1363.231168
1363.231168
1363.231168
1363.231168
1363.231168
1363.231168
1363.231168
1363.231168
1363.231168
1363.231168
1363.231168
1363.231168
1363.231168
1363.231168
1363.231168
1363.231168
1363.018093
1363.018093
1363.018093
1363.018093
1363.018093
1363.018093
1363.018093
1363.018093
1363.018093
1362.890494
1362.890494
1362.890494
1362.890494
1362.890494
1362.890494
1362.890494
1362.890494
1362.890494
1362.890494
1362.890494
1362.693742
1362.693742
1362.693742
1362.693742
1362.693742
1362.693742
1362.693742
1362.693742
1362.693742
1362.693742
1362.693742
1362.693742
1362.693742
1362.693742
1362.693742
1362.693742
1362.693742
1362.693742
1362.693742
1362.693742
1362.693742
1362.693742
1362.693742
1362.693742
1362.693742
1362.693742
1362.693742
1362.693742
1362.693742
1362.693742
1362.693742
1362.693742
1362.693742
1362.693742
1362.693742
1362.693742
1362.693742
1362.693742
1362.693742
1362.693742
1362.693742
1362.693742
1362.693742
1362.693742
1362.693742
1362.693742
1362.693742
1362.693742
1362.693742
1362.693742
1362.693742
1362.693742
1362.693742
1362.693742
1362.693742
1362.693742
1362.693742
1362.693742
1362.693742
1362.693742
1362.693742
1362.693742
1362.693742
1362.693742
1362.693742
1362.693742
1362.693742
1362.693742
1362.693742
1362.693742
1362.639341
1362.639341
1362.639341
1362.639341
1362.639341
1362.639341
1362.639341
1362.639341
1362.639341
1362.639341
1362.639341
1362.639341
1362.639341
1362.639341
1362.639341
1362.639341
1362.639341
1362.639341
1362.639341
1362.639341
1362.639341
1362.639341
1362.639341
1362.639341
1362.639341
1362.639341
1362.639341
1362.639341
1362.639341
1362.639341
1362.639341
1362.639341
1362.639341
1362.639341
1362.639341
1362.639341
1362.639341
1362.639341
1362.639341
1362.639341
1362.639341
1362.639341
1362.639341
1362.639341
1362.470173
1362.470173
1362.470173
1362.470173
1362.470173
1362.470173
1362.470173
1362.470173
1362.470173
1362.470173
1362.470173
1362.470173
1362.470173
1362.470173
1362.470173
1362.470173
1362.470173
1362.470173
1362.470173
1362.470173
1362.470173
1362.470173
1362.470173
1362.470173
1362.470173
1362.470173
1362.470173
1362.470173
1362.470173
1362.470173
1362.470173
1362.470173
1362.125723
1362.125723
1362.125723
1362.125723
1362.125723
1362.125723
1362.125723
1362.125723
1362.125723
1362.125723
1362.125723
1362.125723
1362.125723
1362.125723
1362.125723
1362.125723
1362.125723
1362.125723
1362.125723
1362.125723
1362.125723
1362.125723
1362.125723
1362.125723
1362.125723
1362.125723
1362.125723
1362.125723
1362.125723
1362.125723
1362.125723
1362.125723
1362.125723
1362.125723
1362.125723
1362.125723
1362.125723
1362.125723
1362.125723
1362.125723
1362.125723
1362.125723
1362.125723
1362.125723
1362.125723
1362.125723
1362.125723
1362.125723
1362.125723
1362.125723
1362.125723
1362.125723
1362.125723
1362.125723
1362.125723
1362.125723
1362.125723
1362.125723
1362.125723
1362.125723
1362.125723
1362.125723
1362.125723
1362.125723
1362.125723
1362.125723
1362.125723
1362.125723
1362.125723
1362.125723
1362.125723
1362.125723
1362.125723
1362.125723
1362.125723
1362.125723
1362.125723
1362.125723
1362.125723
1362.125723
1362.125723
1362.125723
1362.125723
1362.125723
1362.125723
1362.125723
1362.125723
1362.096968
1362.096968
1362.096968
1362.096968
1362.096968
1362.096968
1362.096968
1362.096968
1362.096968
1362.096968
1362.096968
1362.096968
1362.096968
1362.096968
1362.096968
1362.096968
1362.096968
1362.096968
1362.096968
1362.096968
1362.096968
1362.096968
1362.096968
1362.096968
1362.096968
1362.096968
1362.096968
1362.096968
1362.096968
1362.096968
1362.096968
1362.096968
1362.096968
1362.096968
1362.096968
1362.096968
1362.096968
1362.096968
1362.096968
1362.096968
1362.096968
1362.096968
1362.096968
1362.096968
1362.096968
1362.096968
1362.096968
1362.096968
1362.096968
1362.096968
1362.096968
1362.096968
1362.080178
1362.080178
1362.080178
1362.080178
1362.080178
1362.080178
1362.080178
1362.080178
1362.080178
1362.080178
1362.080178
1362.080178
1362.080178
1362.080178
1362.080178
1362.080178
1362.080178
1362.080178
1362.080178
1362.080178
1362.080178
1362.080178
1361.993894
1361.993894
1361.993894
1361.993894
1361.993894
1361.993894
1361.993894
1361.993894
1361.993894
1361.993894
1361.993894
1361.993894
1361.993894
1361.993894
1361.993894
1361.993894
1361.993894
1361.993894
1361.993894
1361.993894
1361.897102
1361.897102
1361.897102
1361.841796
1361.841796
1361.841796
1361.841796
1361.841796
1361.841796
1361.841796
1361.841796
1361.841796
1361.841796
1361.841796
1361.264462
1361.264462
1361.264462
1361.264462
1361.264462
1361.264462
1361.264462
1361.264462
1361.264462
1361.264462
1361.264462
1361.264462
1361.264462
1361.264462
1361.264462
1361.264462
1361.264462
1361.264462
1361.264462
1361.264462
1361.264462
1361.264462
1361.264462
1361.264462
1361.264462
1361.264462
1361.264462
1361.264462
1361.264462
1361.264462
1361.264462
1361.264462
1361.264462
1361.264462
1361.264462
1361.264462
1361.264462
1361.264462
1361.264462
1361.264462
1361.264462
1361.264462
1361.264462
1361.264462
1361.264462
1361.264462
1361.264462
1361.264462
1361.264462
1361.264462
1361.264462
1361.264462
1361.264462
1361.264462
1361.264462
1361.264462
1361.264462
1361.264462
1361.264462
1361.264462
1361.264462
1361.264462
1361.264462
1361.264462
1361.264462
1361.264462
1361.264462
1361.264462
1361.264462
1361.264462
1361.264462
1361.264462
1361.264462
1361.264462
1361.264462
1361.264462
1361.264462
1361.264462
1361.264462
1361.264462
1361.264462
1361.264462
1361.264462
1361.264462
1361.264462
1361.264462
1361.264462
1361.264462
1361.264462
1361.264462
1361.264462
1361.264462
1361.264462
1361.264462
1361.264462
1361.264462
1361.264462
1361.264462
1361.264462
1361.264462
1361.264462
1361.264462
1361.264462
1361.264462
1361.264462
1361.264462
1361.264462
1361.264462
1361.264462
1361.264462
1361.264462
1361.264462
1361.264462
1361.264462
1361.264462
1361.264462
1361.264462
1360.983458
1360.983458
1360.983458
1360.983458
1360.983458
1360.983458
1360.983458
1360.983458
1360.983458
1360.983458
1360.983458
1360.983458
1360.983458
1360.983458
1360.983458
1360.983458
1360.983458
1360.983458
1360.983458
1360.983458
1360.983458
1360.983458
1360.983458
1360.983458
1360.983458
1360.983458
1360.983458
1360.983458
1360.983458
1360.983458
1360.983458
1360.983458
1360.983458
1360.983458
1360.983458
1360.983458
1360.983458
1360.983458
1360.983458
1360.983458
1360.983458
1360.983458
1360.983458
1360.983458
1360.983458
1360.983458
1360.983458
1360.983458
1360.983458
1360.983458
1360.983458
1360.983458
1360.983458
1360.983458
1360.752021
1360.752021
1360.752021
1360.752021
1360.752021
1360.752021
1360.752021
1360.752021
1360.752021
1360.752021
1360.752021
1360.752021
1360.752021
1360.752021
1360.752021
1360.752021
1360.752021
1360.752021
1360.752021
1360.752021
1360.752021
1360.752021
1360.752021
1360.752021
1360.752021
1360.752021
1360.752021
1360.752021
1360.752021
1360.752021
1360.752021
1360.752021
1360.752021
1360.752021
1360.752021
1360.752021
1360.752021
1360.752021
1360.752021
1360.752021
1360.752021
1360.752021
1360.752021
1360.752021
1360.752021
1360.752021
1360.752021
1360.752021
1360.752021
1360.752021
1360.752021
1360.752021
1360.752021
1360.752021
1360.752021
1360.752021
1360.752021
1360.752021
1360.752021
1360.752021
1360.752021
1360.752021
1360.752021
1360.752021
1360.752021
1360.752021
1360.752021
1360.752021
1360.752021
1360.752021
1360.752021
1360.752021
1360.752021
1360.752021
1360.752021
1360.752021
1360.752021
1360.752021
1360.752021
1360.752021
1360.752021
1360.752021
1360.752021
1360.752021
1360.752021
1360.752021
1360.752021
1360.752021
1360.752021
1360.752021
1360.752021
1360.752021
1360.752021
1360.752021
1360.475972
1360.475972
1360.475972
1360.475972
1360.475972
1360.475972
1360.475972
1360.475972
1360.475972
1360.475972
1360.475972
1360.475972
1360.475972
1360.475972
1360.475972
1360.475972
1360.475972
1360.475972
1360.475972
1360.475972
1359.998221
1359.998221
1359.998221
1359.998221
1359.998221
1359.998221
1359.998221
1359.998221
1359.998221
1359.998221
1359.998221
1359.998221
1359.998221
1359.998221
1359.998221
1359.998221
1359.998221
1359.998221
1359.998221
1359.998221
1359.998221
1359.998221
1359.998221
1359.998221
1359.998221
1359.998221
1359.998221
1359.998221
1359.998221
1359.998221
1359.998221
1359.998221
1359.998221
1359.998221
1359.998221
1359.998221
1359.998221
1359.998221
1359.998221
1359.998221
1359.998221
1359.998221
1359.998221
1359.998221
1359.998221
1359.998221
1359.998221
1359.998221
1359.998221
1359.998221
1359.998221
1359.998221
1359.998221
1359.998221
1359.998221
1359.998221
1359.998221
1359.998221
1359.998221
1359.998221
1359.998221
1359.998221
1359.998221
1359.998221
1359.998221
1359.998221
1359.998221
1359.998221
1359.998221
1359.998221
1359.998221
1359.998221
1359.998221
1359.998221
1359.998221
1359.998221
1359.998221
1359.998221
1359.998221
1359.998221
1359.998221
1359.998221
1359.998221
1359.998221
1359.998221
1359.998221
1359.998221
1359.998221
1359.998221
1359.998221
1359.998221
1359.998221
1359.998221
1359.998221
1359.998221
1359.998221
1359.998221
1359.998221
1359.998221
1359.998221
1359.998221
1359.998221
1359.998221
1359.998221
1359.998221
1359.998221
1359.998221
1359.998221
1359.998221
1359.998221
1359.998221
1359.998221
1359.998221
1359.998221
1359.998221
1359.998221
1359.998221
1359.998221
1359.998221
1359.998221
1359.998221
1359.998221
1359.998221
1359.998221
1359.998221
1359.998221
1359.998221
1359.998221
1359.998221
1359.998221
1359.998221
1359.998221
1359.998221
1359.998221
1359.998221
1359.998221
1359.998221
1359.998221
1359.998221
1359.998221
1359.998221
1359.998221
1359.998221
1359.998221
1359.998221
1359.998221
1359.998221
1359.998221
1359.998221
1359.998221
1359.998221
1359.998221
1359.998221
1359.998221
1359.998221
1359.998221
1359.998221
1359.998221
1359.998221
1359.998221
1359.998221
1359.998221
1359.998221
1359.998221
1359.998221
1359.998221
1359.998221
1359.998221
1359.998221
1359.998221
1359.998221
1359.998221
1359.998221
1359.998221
1359.998221
1359.998221
1359.998221
1359.998221
1359.998221
1359.998221
1359.998221
1359.998221
1359.998221
1359.998221
1359.998221
1359.998221
1359.998221
1359.998221
1359.998221
1359.998221
1359.998221
1359.998221
1359.998221
1359.998221
1359.998221
1359.998221
1359.998221
1359.998221
1359.998221
1359.998221
1359.998221
1359.998221
1359.998221
1359.998221
1359.998221
1359.998221
1359.998221
1359.998221
1359.998221
1359.998221
1359.998221
1359.998221
1359.998221
1359.998221
1359.998221
1359.998221
1359.998221
1359.998221
1359.998221
1359.998221
1359.998221
1359.998221
1359.998221
1359.998221
1359.998221
1359.998221
1359.998221
1359.998221
1359.998221
1359.998221
1359.998221
1359.998221
1359.998221
1359.998221
1359.998221
1359.998221
1359.998221
1359.998221
1359.998221
1359.998221
1359.998221
1359.998221
1359.998221
1359.998221
1359.998221
1359.998221
1359.998221
1359.998221
1359.998221
1359.998221
1359.732013
1359.732013
1359.732013
1359.732013
1359.732013
1359.732013
1359.732013
1359.732013
1359.732013
1359.732013
1359.732013
1359.732013
1359.732013
1359.732013
1359.732013
1359.732013
1359.732013
1359.732013
1359.732013
1359.732013
1359.732013
1359.732013
1359.732013
1359.732013
1359.732013
1359.732013
1359.732013
1359.732013
1359.732013
1359.732013
1359.732013
1359.732013
1359.732013
1359.732013
1359.732013
1359.732013
1359.732013
1359.732013
1359.732013
1359.732013
1359.732013
1359.732013
1359.732013
1359.732013
1359.732013
1359.732013
1359.732013
1359.732013
1359.732013
1359.732013
1359.732013
1359.732013
1359.732013
1359.732013
1359.732013
1359.732013
1359.732013
1359.732013
1359.732013
1359.732013
1359.732013
1359.732013
1359.732013
1359.732013
1359.732013
1359.732013
1359.732013
1359.732013
1359.732013
1359.732013
1359.732013
1359.732013
1359.732013
1359.732013
1359.732013
1359.732013
1359.732013
1359.732013
1359.732013
1359.732013
1359.732013
1359.732013
1359.732013
1359.732013
1359.732013
1359.732013
1359.732013
1359.732013
1359.732013
1359.732013
1359.732013
1359.732013
1359.732013
1359.732013
1359.732013
1359.732013
1359.732013
1359.732013
1359.732013
1359.732013
1359.732013
1359.732013
1359.732013
1359.732013
1359.732013
1359.732013
1359.732013
1359.732013
1359.732013
1359.732013
1359.732013
1359.732013
1359.732013
1359.732013
1359.732013
1359.732013
1359.732013
1359.732013
1359.732013
1359.732013
1359.732013
1359.732013
1359.732013
1359.732013
1359.732013
1359.732013
1359.732013
1359.732013
1359.732013
1359.732013
1359.732013
1359.732013
1359.732013
1359.732013
1359.732013
1359.613228
1359.613228
1359.613228
1359.613228
1359.613228
1359.613228
1359.613228
1359.613228
1359.613228
1359.613228
1359.613228
1359.613228
1359.613228
1359.613228
1359.613228
1359.613228
1359.613228
1359.613228
1359.613228
1359.613228
1359.613228
1359.613228
1359.613228
1359.613228
1359.613228
1359.613228
1359.613228
1359.613228
1359.613228
1359.613228
1359.613228
1359.613228
1359.613228
1359.613228
1359.613228
1359.613228
1359.613228
1359.613228
1359.613228
1359.613228
1359.613228
1359.613228
1359.613228
1359.613228
1359.613228
1359.613228
1359.613228
1359.613228
1359.613228
1359.613228
1359.613228
1359.613228
1359.613228
1359.613228
1359.613228
1359.613228
1359.613228
1359.613228
1359.613228
1359.613228
1359.613228
1359.613228
1359.613228
1359.613228
1359.613228
1359.613228
1359.613228
1359.598319
1359.598319
1359.598319
1359.598319
1359.598319
1359.598319
1359.598319
1359.598319
1359.598319
1359.598319
1359.598319
1359.598319
1359.598319
1359.598319
1359.598319
1359.598319
1359.598319
1359.598319
1359.598319
1359.598319
1359.598319
1359.598319
1359.598319
1359.598319
1359.598319
1359.598319
1359.598319
1359.598319
1359.598319
1359.598319
1359.598319
1359.598319
1359.598319
1359.598319
1359.598319
1359.598319
1359.598319
1359.598319
1359.598319
1359.598319
1359.598319
1359.598319
1359.598319
1359.598319
1359.598319
1359.598319
1359.598319
1359.598319
1359.598319
1359.598319
1359.598319
1359.598319
1359.598319
1359.598319
1359.598319
1359.598319
1359.598319
1359.598319
1359.598319
1359.598319
1359.598319
1359.598319
1359.598319
1359.598319
1359.598319
1359.598319
1359.598319
1359.598319
1359.598319
1359.598319
1359.598319
1359.598319
1359.548234
1359.548234
1359.548234
1359.548234
1359.548234
1359.548234
1359.548234
1359.548234
1359.548234
1359.548234
1359.548234
1359.548234
1359.548234
1359.548234
1359.548234
1359.548234
1359.548234
1359.548234
1359.548234
1359.548234
1359.548234
1359.548234
1359.548234
1359.548234
1359.548234
1359.548234
1359.548234
1359.548234
1359.548234
1359.548234
1359.548234
1359.548234
1359.548234
1359.548234
1359.548234
1359.548234
1359.548234
1359.520470
1359.520470
1359.520470
1359.520470
1359.520470
1359.520470
1359.520470
1359.520470
1359.520470
1359.520470
1359.520470
1359.520470
1359.520470
1359.520470
1359.520470
1359.520470
1359.520470
1359.520470
1359.520470
1359.520470
1359.520470
1359.520470
1359.520470
1359.520470
1359.520470
1359.520470
1359.520470
1359.520470
1359.520470
1359.520470
1359.520470
1359.520470
1359.520470
1359.520470
1359.520470
1359.520470
1359.520470
1359.520470
1359.520470
1359.520470
1359.520470
1359.485590
1359.485590
1359.485590
1359.485590
1359.485590
1359.485590
1359.485590
1359.485590
1359.485590
1359.485590
1359.485590
1359.485590
1359.485590
1359.485590
1359.485590
1359.485590
1359.485590
1359.485590
1359.485590
1359.485590
1359.485590
1359.485590
1359.485590
1359.485590
1359.485590
1359.485590
1359.485590
1359.485590
1359.485590
1359.485590
1359.485590
1359.485590
1359.485590
1359.485590
1359.401119
1359.401119
1359.401119
1359.401119
1359.401119
1359.401119
1359.401119
1359.401119
1359.401119
1359.401119
1359.401119
1359.401119
1359.401119
1359.401119
1359.401119
1359.401119
1359.401119
1359.401119
1359.401119
1359.401119
1359.401119
1359.401119
1359.401119
1359.401119
1359.401119
1359.401119
1359.401119
1359.401119
1359.401119
1359.401119
1359.401119
1359.401119
1359.401119
1359.401119
1359.401119
1359.401119
1359.401119
1359.401119
1359.401119
1359.401119
1359.401119
1359.401119
1359.401119
1359.401119
1359.401119
1359.401119
1359.401119
1359.401119
1359.401119
1359.401119
1359.401119
1359.401119
1359.401119
1359.401119
1359.401119
1359.401119
1359.401119
1359.401119
1359.401119
1359.401119
1359.401119
1359.401119
1359.401119
1359.401119
1359.401119
1359.401119
1359.401119
1359.401119
1359.401119
1359.401119
1359.401119
1359.401119
1359.401119
1359.401119
1359.401119
1359.401119
1359.401119
1359.401119
1359.401119
1359.401119
1359.401119
1359.401119
1359.401119
1359.401119
1359.401119
1359.401119
1359.401119
1359.401119
1359.401119
1359.401119
1359.401119
1359.401119
1359.401119
1359.401119
1359.401119
1359.401119
1359.401119
1359.401119
1359.401119
1359.401119
1359.401119
1359.401119
1359.401119
1359.401119
1359.401119
1359.401119
1359.401119
1359.401119
1359.401119
1359.401119
1359.401119
1359.401119
1359.401119
1359.276805
1359.276805
1359.276805
1359.276805
1359.276805
1359.276805
1359.276805
1359.276805
1359.276805
1359.276805
1359.276805
1359.276805
1359.276805
1359.276805
1359.276805
1359.276805
1359.276805
1359.276805
1359.276805
1359.276805
1359.276805
1359.276805
1359.276805
1359.276805
1359.276805
1359.276805
1359.276805
1359.276805
1359.276805
1359.276805
1359.276805
1359.276805
1359.276805
1359.276805
1359.276805
1359.276805
1359.276805
1359.276805
1359.276805
1359.276805
1359.276805
1359.276805
1359.276805
1359.276805
1359.276805
1359.276805
1359.276805
1359.276805
1359.276805
1359.276805
1359.276805
1359.276805
1359.276805
1359.276805
1359.276805
1359.276805
1359.276805
1359.276805
1359.276805
1359.276805
1359.276805
1359.276805
1359.276805
1359.276805
1359.276805
1359.276805
1359.276805
1359.276805
1359.276805
1359.276805
1359.276805
1359.276805
1359.276805
1359.276805
1359.276805
1359.276805
1359.276805
1359.276805
1359.276805
1359.276805
1359.276805
1359.276805
1359.276805
1359.276805
1359.276805
1359.276805
1359.276805
1359.241505
1359.241505
1359.241505
1359.241505
1359.241505
1359.241505
1359.241505
1359.241505
1359.241505
1359.241505
1359.241505
1359.241505
1359.241505
1359.241505
1359.241505
1359.241505
1359.193641
1359.193641
1359.193641
1359.193641
1359.193641
1359.193641
1359.193641
1359.193641
1359.193641
1359.193641
1359.193641
1359.193641
1359.193641
1359.193641
1359.193641
1359.193641
1359.193641
1359.193641
1359.193641
1359.193641
1359.193641
1359.193641
1359.193641
1359.193641
1359.193641
1359.193641
1359.193641
1359.193641
1359.193641
1359.193641
1359.193641
1359.193641
1359.193641
1359.193641
1359.193641
1359.193641
1359.193641
1359.193641
1359.193641
1359.019853
1359.019853
1359.019853
1359.019853
1359.019853
1359.019853
1359.019853
1359.019853
1359.019853
1359.019853
1359.019853
1359.019853
1359.019853
1359.019853
1359.019853
1359.019853
1359.019853
1359.019853
1359.019853
1359.019853
1359.019853
1359.019853
1359.019853
1359.019853
1359.019853
1359.019853
1359.019853
1359.019853
1359.019853
1359.019853
1359.019853
1359.019853
1359.019853
1359.019853
1359.019853
1359.019853
1359.019853
1359.019853
1359.019853
1359.019853
1359.019853
1359.019853
1359.019853
1359.019853
1359.019853
1359.019853
1359.019853
1359.019853
1359.019853
1359.019853
1359.019853
1359.019853
1359.019853
1359.019853
1359.019853
1359.019853
1359.019853
1359.019853
1359.019853
1359.019853
1359.019853
1359.019853
1359.019853
1359.019853
1359.019853
1359.019853
1359.019853
1359.019853
1359.019853
1359.019853
1359.019853
1359.019853
1359.019853
1359.019853
1359.019853
1359.019853
1359.019853
1359.019853
1359.019853
1359.019853
1359.019853
1359.019853
1359.019853
1359.019853
1359.019853
1359.019853
1359.019853
1359.019853
1359.019853
1359.019853
1359.019853
1359.019853
1359.019853
1359.019853
1359.019853
1359.019853
1359.019853
1359.019853
1359.019853
1359.019853
1359.019853
1359.019853
1359.019853
1359.019853
1359.019853
1359.019853
1359.019853
1359.019853
1359.019853
1359.019853
1359.019853
1359.019853
1359.019853
1359.019853
1359.019853
1359.019853
1359.019853
1359.019853
1359.019853
1359.019853
1359.019853
1359.019853
1359.019853
1359.019853
1359.019853
1359.019853
1359.019853
1359.019853
1359.019853
1359.019853
1359.019853
1359.019853
1359.019853
1359.019853
1359.019853
1359.019853
1359.019853
1359.019853
1359.019853
1359.019853
1359.019853
1359.019853
1359.019853
1359.019853
1359.019853
1359.019853
1359.019853
1359.019853
1359.019853
1359.019853
1359.019853
1359.019853
1359.019853
1359.019853
1359.019853
1359.019853
1359.019853
1359.019853
1359.019853
1359.019853
1359.019853
1359.019853
1359.019853
1359.019853
1359.019853
1359.019853
1359.019853
1359.019853
1359.019853
1359.019853
1359.019853
1359.019853
1359.019853
1359.019853
1359.019853
1359.019853
1359.019853
1359.019853
1359.019853
1359.019853
1359.019853
1359.019853
1359.019853
1359.019853
1359.019853
1359.019853
1359.019853
1359.019853
1359.019853
1359.019853
1359.019853
1359.019853
1359.019853
1359.019853
1359.019853
1359.019853
1359.019853
1359.019853
1359.019853
1359.019853
1359.019853
1359.019853
1359.019816
1359.019816
1359.019816
1359.019816
1359.019816
1359.019816
1359.019816
1359.019816
1359.019816
1359.019816
1359.019816
1359.019816
1359.019816
1359.019816
1359.019816
1359.019816
1359.019816
1359.019816
1359.019816
1359.019816
1359.019816
1359.019816
1359.019816
1359.019816
1359.019816
1359.019816
1359.019816
1359.019816
1359.019816
1359.019816
1359.019816
1359.019816
1359.019816
1359.019816
1359.019816
1359.019816
1359.019816
1359.019816
1359.019816
1359.019816
1359.019816
1359.019816
1359.019816
1359.019816
1359.019816
1359.019816
1359.019816
1359.019816
1359.019816
1359.019816
1358.994380
1358.994380
1358.994380
1358.994380
1358.994380
1358.994380
1358.994380
1358.994380
1358.994380
1358.994380
1358.994380
1358.994380
1358.994380
1358.994380
1358.994380
1358.994380
1358.994380
1358.994380
1358.994380
1358.994380
1358.994380
1358.994380
1358.994380
1358.994380
1358.994380
1358.994380
1358.994380
1358.994380
1358.994380
1358.994380
1358.994380
1358.994380
1358.994380
1358.994380
1358.994380
1358.994380
1358.994380
1358.994380
1358.994380
1358.994380
1358.994380
1358.994380
1358.994380
1358.994380
1358.994380
1358.994380
1358.936358
1358.936358
1358.936358
1358.936358
1358.936358
1358.936358
1358.936358
1358.936358
1358.936358
1358.936358
1358.936358
1358.936358
1358.936358
1358.936358
1358.936358
1358.936358
1358.936358
1358.936358
1358.936358
1358.936358
1358.936358
1358.936358
1358.936358
1358.936358
1358.936358
1358.936358
1358.936358
1358.891821
1358.891821
1358.891821
1358.891821
1358.891821
1358.891821
1358.891821
1358.891821
1358.891821
1358.829502
1358.829502
1358.829502
1358.829502
1358.829502
1358.829502
1358.829502
1358.829502
1358.829502
1358.829502
1358.829502
1358.829502
1358.829502
1358.829502
1358.829502
1358.829502
1358.829502
1358.829502
1358.829502
1358.829502
1358.829502
1358.829502
1358.829502
1358.829502
1358.829502
1358.829502
1358.829502
1358.829502
1358.829502
1358.829502
1358.829502
1358.829502
1358.829502
1358.829502
1358.829502
1358.829502
1358.829502
1358.829502
1358.829502
1358.829502
1358.829502
1358.829502
1358.829502
1358.829502
1358.829502
1358.829502
1358.829502
1358.829502
1358.829502
1358.829502
1358.829502
1358.829502
1358.829502
1358.829502
1358.829502
1358.829502
1358.829502
1358.829502
1358.829502
1358.669830
1358.669830
1358.669830
1358.669830
1358.669830
1358.669830
1358.669830
1358.669830
1358.669830
1358.669830
1358.669830
1358.669830
1358.669830
1358.669830
1358.669830
1358.669830
1358.669830
1358.669830
1358.669830
1358.669830
1358.669830
1358.669830
1358.669830
1358.669830
1358.669830
1358.669830
1358.669830
1358.669830
1358.669830
1358.669830
1358.669830
1358.669830
1358.669830
1358.669830
1358.669830
1358.669830
1358.669830
1358.669830
1358.669830
1358.669830
1358.669830
1358.669830
1358.669830
1358.669830
1358.669830
1358.669830
1358.669830
1358.669830
1358.669830
1358.669830
1358.669830
1358.669830
1358.669830
1358.669830
1358.669830
1358.669830
1358.669830
1358.669830
1358.669830
1358.669830
1358.669830
1358.669830
1358.669830
1358.669830
1358.669830
1358.669830
1358.669830
1358.669830
1358.669830
1358.669830
1358.669830
1358.669830
1358.669830
1358.669830
1358.669830
1358.669830
1358.669830
1358.669830
1358.669830
1358.669830
1358.669830
1358.669830
1358.669830
1358.669830
1358.669830
1358.669830
1358.669830
1358.669830
1358.669830
1358.669830
1358.669830
1358.669830
1358.669830
1358.669830
1358.669830
1358.669830
1358.669830
1358.669830
1358.669830
1358.669830
1358.669830
1358.669830
1358.669830
1358.669830
1358.669830
1358.669830
1358.669830
1358.669830
1358.669830
1358.669830
1358.669830
1358.669830
1358.669830
1358.669830
1358.640644
1358.640644
1358.640644
1358.640644
1358.640644
1358.640644
1358.640644
1358.640644
1358.640644
1358.640644
1358.640644
1358.640644
1358.640644
1358.640644
1358.640644
1358.640644
1358.640644
1358.640644
1358.640644
1358.640644
1358.640644
1358.640644
1358.640644
1358.640644
1358.640644
1358.640644
1358.640644
1358.640644
1358.640644
1358.640644
1358.640644
1358.640644
1358.640644
1358.640644
1358.640644
1358.640644
1358.640644
1358.636329
1358.636329
1358.636329
1358.636329
1358.636329
1358.636329
1358.636329
1358.636329
1358.636329
1358.636329
1358.636329
1358.636329
1358.636329
1358.636329
1358.636329
1358.636329
1358.636329
1358.636329
1358.636329
1358.636329
1358.636329
1358.636329
1358.636329
1358.636329
1358.636329
1358.636329
1358.636329
1358.636329
1358.636329
1358.636329
1358.636329
1358.636329
1358.636329
1358.636329
1358.636329
1358.636329
1358.636329
1358.636329
1358.636329
1358.636329
1358.636329
1358.636329
1358.636329
1358.620222
1358.620222
1358.620222
1358.620222
1358.620222
1358.620222
1358.620222
1358.620222
1358.620222
1358.620222
1358.620222
1358.620222
1358.620222
1358.620222
1358.620222
1358.620222
1358.620222
1358.620222
1358.620222
1358.620222
1358.620222
1358.620222
1358.620222
1358.620222
1358.620222
1358.620222
1358.620222
1358.620222
1358.620222
1358.620222
1358.620222
1358.620222
1358.620222
1358.620222
1358.620222
1358.620222
1358.620222
1358.620222
1358.620222
1358.620222
1358.620222
1358.620222
1358.582029
1358.582029
1358.582029
1358.582029
1358.582029
1358.582029
1358.582029
1358.582029
1358.582029
1358.582029
1358.582029
1358.582029
1358.582029
1358.582029
1358.582029
1358.582029
1358.582029
1358.582029
1358.582029
1358.582029
1358.582029
1358.582029
1358.582029
1358.582029
1358.582029
1358.582029
1358.582029
1358.582029
1358.582029
1358.582029
1358.582029
1358.582029
1358.582029
1358.582029
1358.582029
1358.582029
1358.582029
1358.582029
1358.582029
1358.582029
1358.582029
1358.582029
1358.582029
1358.582029
1358.582029
1358.582029
1358.582029
1358.582029
1358.582029
1358.582029
1358.582029
1358.582029
1358.582029
1358.582029
1358.582029
1358.582029
1358.582029
1358.582029
1358.582029
1358.582029
1358.582029
1358.582029
1358.582029
1358.582029
1358.582029
1358.582029
1358.582029
1358.555633
1358.547389
1358.547389
1358.532907
1358.532907
1358.532907
1358.532907
1358.532907
1358.532907
1358.532907
1358.532907
1358.532907
1358.532907
1358.532907
1358.532907
1358.519235
1358.519235
1358.519235
1358.519235
1358.519235
1358.519235
1358.519235
1358.519235
1358.519235
1358.519235
1358.519235
1358.519235
1358.519235
1358.519235
1358.519235
1358.519235
1358.519235
1358.519235
1358.519235
1358.519235
1358.519235
1358.519235
1358.519235
1358.519235
1358.519235
1358.519235
1358.519235
1358.519235
1358.519235
1358.519235
1358.519235
1358.519235
1358.519235
1358.519235
1358.519235
1358.519235
1358.519235
1358.519235
1358.519235
1358.519235
1358.519235
1358.519235
1358.519235
1358.519235
1358.519235
1358.519235
1358.519235
1358.519235
1358.519235
1358.519235
1358.519235
1358.519235
1358.519235
1358.519235
1358.519235
1358.519235
1358.519235
1358.519235
1358.519235
1358.519235
1358.519235
1358.519235
1358.519235
1358.519235
1358.519235
1358.519235
1358.519235
1358.519235
1358.519235
1358.519235
1358.519235
1358.519235
1358.519235
1358.519235
1358.519235
1358.519235
1358.519235
1358.519235
1358.519235
1358.519235
1358.519235
1358.519235
1358.519235
1358.462881
1358.462881
1358.462881
1358.462881
1358.462881
1358.462881
1358.462881
1358.462881
1358.462881
1358.462881
1358.462881
1358.462881
1358.462881
1358.462881
1358.462881
1358.462881
1358.462881
1358.462881
1358.462881
1358.462881
1358.462881
1358.462881
1358.462881
1358.462881
1358.462881
1358.462881
1358.462881
1358.462881
1358.462881
1358.462881
1358.462881
1358.462881
1358.462881
1358.462881
1358.462881
1358.462881
1358.462881
1358.462881
1358.462881
1358.462881
1358.462881
1358.462881
1358.462881
1358.462881
1358.462881
1358.462881
1358.462881
1358.462881
1358.462881
1358.462881
1358.462881
1358.462881
1358.413890
1358.413890
1358.413890
1358.413890
1358.413890
1358.413890
1358.413890
1358.413890
1358.413890
1358.413890
1358.413890
1358.413890
1358.413890
1358.413890
1358.413890
1358.413890
1358.413890
1358.413890
1358.413890
1358.413890
1358.413890
1358.413890
1358.413890
1358.413890
1358.413890
1358.413890
1358.413890
1358.413890
1358.413890
1358.413890
1358.413890
1358.413890
1358.273057
1358.273057
1358.273057
1358.273057
1358.273057
1358.273057
1358.273057
1358.273057
1358.273057
1358.273057
1358.273057
1358.273057
1358.273057
1358.273057
1358.273057
1358.273057
1358.273057
1358.273057
1358.273057
1358.273057
1358.273057
1358.273057
1358.273057
1358.273057
1358.273057
1358.273057
1358.273057
1358.273057
1358.273057
1358.273057
1358.273057
1358.273057
1358.273057
1358.273057
1358.273057
1358.273057
1358.273057
1358.273057
1358.273057
1358.273057
1358.273057
1358.273057
1358.273057
1358.273057
1358.273057
1358.273057
1358.273057
1358.273057
1358.273057
1358.273057
1358.273057
1358.273057
1358.273057
1358.273057
1358.273057
1358.273057
1358.273057
1358.273057
1358.273057
1358.273057
1358.273057
1358.273057
1358.273057
1358.273057
1358.273057
1358.273057
1358.253869
1358.253869
1358.253869
1358.253869
1358.253869
1358.253869
1358.253869
1358.253869
1358.253869
1358.253869
1358.253869
1358.253869
1358.253869
1358.253869
1358.253869
1358.253869
1358.253869
1358.253869
1358.253869
1358.253869
1358.253869
1358.253869
1358.253869
1358.253869
1358.253869
1358.253869
1358.253869
1358.253869
1358.253869
1358.253869
1358.253869
1358.253869
1358.253869
1358.253869
1358.253869
1358.253869
1358.253869
1358.253869
1358.253869
1358.253869
1358.253869
1358.253869
1358.253869
1358.253869
1358.253869
1358.253869
1358.253869
1358.253869
1358.253869
1358.253869
1358.253869
1358.253869
1358.253869
1358.253869
1358.253869
1358.253869
1358.253869
1358.253869
1358.253869
1358.253869
1358.253869
1358.253869
1358.253869
1358.253869
1358.253869
1358.253869
1358.253869
1358.253869
1358.253869
1358.253869
1358.253869
1358.253869
1358.253869
1358.253869
1358.253869
1358.253869
1358.253869
1358.253869
1358.253869
1358.253869
1358.253869
1358.253869
1358.253869
1358.253869
1358.253869
1358.253869
1358.253869
1358.253869
1358.253869
1358.253869
1358.253869
1358.253869
1358.253869
1358.253869
1358.253869
1358.253869
1358.253869
1358.243531
1358.243531
1358.243531
1358.243531
1358.243531
1358.243531
1358.243531
1358.243531
1358.219474
1358.219474
1358.219474
1358.219474
1358.219474
1358.219474
1358.219474
1358.219474
1358.219474
1358.219474
1358.219474
1358.135507
1358.135507
1358.135507
1358.135507
1358.135507
1358.135507
1358.135507
1358.135507
1358.135507
1358.135507
1358.135507
1358.135507
1358.135507
1358.135507
1358.135507
1358.135507
1358.135507
1358.135507
1358.135507
1358.135507
1358.135507
1358.135507
1358.135507
1358.135507
1358.135507
1358.135507
1358.135507
1358.135507
1358.135507
1358.135507
1358.135507
1358.135507
1358.135507
1358.135507
1358.135507
1358.135507
1358.135507
1358.135507
1358.135507
1358.135507
1358.135507
1358.135507
1358.135507
1358.135507
1358.135507
1358.135507
1358.135507
1358.135507
1358.135507
1358.135507
1358.135507
1358.135507
1358.135507
1358.135507
1358.135507
1358.135507
1358.135507
1358.135507
1358.135507
1358.135507
1358.135507
1358.135507
1358.135507
1358.135507
1358.135507
1358.135507
1358.135507
1358.135507
1358.135507
1358.135507
1358.135507
1358.135507
1358.135507
1358.135507
1358.135507
1358.135507
1358.135507
1358.135507
1358.135507
1358.135507
1358.135507
1358.135507
1358.135507
1358.135507
1358.135507
1358.135507
1358.135507
1358.135507
1358.135507
1358.135507
1358.135507
1358.135507
1358.135507
1358.135507
1358.135507
1358.135507
1358.135507
1358.135507
1358.135507
1358.135507
1358.135507
1358.135507
1358.135507
1358.135507
1358.135507
1358.135507
1358.135507
1358.135507
1358.135507
1358.135507
1358.135507
1358.135507
1358.135507
1358.135507
1358.135507
1358.135507
1358.135507
1358.135507
1358.135507
1358.135507
1358.121661
1358.121661
1358.121661
1358.121661
1358.121661
1358.105779
1358.105779
1358.105779
1358.105779
1358.105779
1358.105779
1358.105779
1358.105779
1358.105779
1358.105779
1358.105779
1358.105779
1358.105779
1358.105779
1358.105779
1358.091148
1358.091148
1358.091148
1358.091148
1358.091148
1358.091148
1358.091148
1358.091148
1358.091148
1358.091148
1358.091148
1358.091148
1358.091148
1358.091148
1358.091148
1358.091148
1358.091148
1358.091148
1358.091148
1358.091148
1358.088488
1358.088488
1358.088488
1358.088488
1358.088488
1358.088488
1358.088488
1358.088488
1358.088488
1358.088488
1358.088488
1358.088488
1358.088488
1358.088488
1358.088488
1358.088488
1358.088488
1358.088488
1358.088488
1358.088488
1358.088488
1358.088488
1358.088488
1358.088488
1358.088488
1358.088488
1358.088488
1358.088488
1358.088488
1358.088488
1358.088488
1358.088488
1358.088488
1358.088488
1358.088488
1358.088488
1358.088488
1358.088488
1358.088488
1358.088488
1358.088488
1358.088488
1358.088488
1358.088488
1358.088488
1358.088488
1358.039147
1358.039147
1358.039147
1358.039147
1358.039147
1358.039147
1358.039147
1358.039147
1358.039147
1358.039147
1358.039147
1358.039147
1358.039147
1358.039147
1358.039147
1358.039147
1358.039147
1358.039147
1358.039147
1358.039147
1358.039147
1358.039147
1358.039147
1358.039147
1358.039147
1358.039147
1358.039147
1358.039147
1358.039147
1358.039147
1358.039147
1358.039147
1358.039147
1358.039147
1358.039147
1358.039147
1358.039147
1358.039147
1358.039147
1358.039147
1358.039147
1358.039147
1358.039147
1358.039147
1358.039147
1358.039147
1358.039147
1358.039147
1357.977596
1357.977596
1357.977596
1357.977596
1357.977596
1357.977596
1357.977596
1357.977596
1357.977596
1357.977596
1357.977596
1357.977596
1357.977596
1357.977596
1357.977596
1357.977596
1357.977596
1357.977596
1357.977596
1357.977596
1357.977596
1357.977596
1357.977596
1357.977596
1357.977596
1357.977596
1357.977596
1357.977596
1357.977596
1357.977596
1357.977596
1357.977596
1357.977596
1357.977596
1357.977596
1357.977596
1357.977596
1357.977596
1357.977596
1357.977596
1357.977596
1357.977596
1357.977596
1357.977596
1357.977596
1357.977596
1357.977596
1357.977596
1357.977596
1357.977596
1357.977596
1357.977596
1357.977596
1357.977596
1357.977596
1357.977596
1357.977596
1357.977596
1357.977596
1357.977596
1357.977596
1357.977596
1357.977596
1357.977596
1357.977596
1357.977596
1357.977596
1357.977596
1357.977596
1357.977596
1357.977596
1357.977596
1357.977596
1357.977596
1357.977596
1357.977596
1357.977596
1357.851807
1357.851807
1357.851807
1357.851807
1357.851807
1357.851807
1357.851807
1357.851807
1357.851807
1357.711427
1357.711427
1357.711427
1357.711427
1357.711427
1357.711427
1357.711427
1357.711427
1357.711427
1357.711427
1357.711427
1357.711427
1357.711427
1357.711427
1357.711427
1357.711427
1357.711427
1357.711427
1357.711427
1357.711427
1357.711427
1357.711427
1357.711427
1357.711427
1357.711427
1357.711427
1357.711427
1357.711427
1357.711427
1357.711427
1357.711427
1357.711427
1357.711427
1357.711427
1357.711427
1357.711427
1357.711427
1357.711427
1357.711427
1357.711427
1357.711427
1357.711427
1357.711427
1357.711427
1357.711427
1357.711427
1357.711427
1357.711427
1357.711427
1357.711427
1357.711427
1357.711427
1357.711427
1357.711427
1357.711427
1357.711427
1357.711427
1357.711427
1357.711427
1357.711427
1357.711427
1357.711427
1357.711427
1357.711427
1357.711427
1357.711427
1357.711427
1357.711427
1357.711427
1357.711427
1357.711427
1357.711427
1357.711427
1357.711427
1357.711427
1357.711427
1357.711427
1357.711427
1357.711427
1357.711427
1357.536431
1357.536431
1357.536431
1357.536431
1357.536431
1357.536431
1357.536431
1357.536431
1357.536431
1357.536431
1357.536431
1357.536431
1357.536431
1357.536431
1357.536431
1357.536431
1357.536431
1357.536431
1357.536431
1357.536431
1357.536431
1357.536431
1357.536431
1357.536431
1357.536431
1357.536431
1357.536431
1357.536431
1357.536431
1357.536431
1357.536431
1357.536431
1357.536431
1357.536431
1357.536431
1357.536431
1357.536431
1357.536431
1357.536431
1357.536431
1357.536431
1357.536431
1357.536431
1357.536431
1357.536431
1357.536431
1357.536431
1357.536431
1357.536431
1357.536431
1357.536431
1357.536431
1357.536431
1357.536431
1357.536431
1357.536431
1357.536431
1357.536431
1357.536431
1357.536431
1357.536431
1357.536431
1357.536431
1357.461856
1357.461856
1357.461856
1357.461856
1357.461856
1357.461856
1357.461856
1357.461856
1357.461856
1357.461856
1357.461856
1357.461856
1357.461856
1357.461856
1357.461856
1357.461856
1357.461856
1357.461856
1357.461856
1357.461856
1357.461856
1357.461856
1357.461856
1357.461856
1357.461856
1357.461856
1357.381192
1357.381192
1357.381192
1357.381192
1357.381192
1357.381192
1357.381192
1357.381192
1357.381192
1357.381192
1357.381192
1357.381192
1357.381192
1357.381192
1357.381192
1357.381192
1357.381192
1357.381192
1357.381192
1357.381192
1357.381192
1357.381192
1357.381192
1357.381192
1357.381192
1357.381192
1357.381192
1357.381192
1357.381192
1357.381192
1357.334109
1357.334109
1357.334109
1357.334109
1357.334109
1357.334109
1357.334109
1357.334109
1357.334109
1357.334109
1357.334109
1357.334109
1357.334109
1357.334109
1357.334109
1357.334109
1357.334109
1357.334109
1357.334109
1357.334109
1357.334109
1357.334109
1357.334109
1357.334109
1357.334109
1357.334109
1357.334109
1357.334109
1357.334109
1357.334109
1357.334109
1357.334109
1357.334109
1357.334109
1357.334109
1357.334109
1357.334109
1357.334109
1357.334109
1357.334109
1357.334109
1357.334109
1357.334109
1357.334109
1357.334109
1357.334109
1357.334109
1357.334109
1357.334109
1357.334109
1357.334109
1357.334109
1357.334109
1357.334109
1357.334109
1357.334109
1357.334109
1357.219765
1357.219765
1357.219765
1357.219765
1357.219765
1357.219765
1357.219765
1357.219765
1357.219765
1357.219765
1357.219765
1357.219765
1357.219765
1357.219765
1357.219765
1357.219765
1357.219765
1357.219765
1357.219765
1357.219765
1357.219765
1357.219765
1357.219765
1357.219765
1357.219765
1357.219765
1357.219765
1357.219765
1357.219765
1357.219765
1357.219765
1357.219765
1357.196904
1357.196904
1357.196904
1357.196904
1357.196904
1357.196904
1357.163918
1357.163918
1357.163918
1357.163918
1357.163918
1357.163918
1357.163918
1357.157948
1357.157948
1357.157948
1357.157948
1357.157948
1357.157948
1357.157948
1357.157948
1357.157948
1357.157948
1357.157948
1357.157948
1357.157948
1357.157948
1357.157948
1357.157948
1357.157948
1357.157948
1357.157948
1357.157948
1357.157948
1357.157948
1357.157948
1357.157948
1357.157948
1357.157948
1357.157948
1357.157948
1357.157948
1357.157948
1357.157948
1357.157948
1357.157948
1357.157948
1357.157948
1357.157948
1357.157948
1357.157948
1357.157948
1357.157948
1357.157948
1357.157948
1357.157948
1357.157948
1357.157948
1357.157948
1357.157948
1357.157948
1357.157948
1357.157948
1357.157948
1357.157948
1357.157948
1357.157948
1357.157948
1357.157948
1357.157948
1357.157948
1357.157948
1357.157948
1357.157948
1357.157948
1357.157948
1357.157948
1357.157948
1357.157948
1357.157948
1357.157948
1357.157948
1357.157948
1357.157948
1357.157948
1357.157948
1357.157948
1357.157948
1356.865136
1356.865136
1356.865136
1356.865136
1356.865136
1356.865136
1356.865136
1356.865136
1356.865136
1356.865136
1356.865136
1356.865136
1356.865136
1356.865136
1356.865136
1356.865136
1356.865136
1356.865136
1356.865136
1356.865136
1356.865136
1356.865136
1356.865136
1356.865136
1356.865136
1356.865136
1356.865136
1356.865136
1356.865136
1356.865136
1356.865136
1356.865136
1356.865136
1356.865136
1356.865136
1356.865136
1356.865136
1356.865136
1356.865136
1356.865136
1356.865136
1356.865136
1356.865136
1356.865136
1356.865136
1356.865136
1356.779245
1356.779245
1356.779245
1356.779245
1356.779245
1356.779245
1356.779245
1356.779245
1356.779245
1356.779245
1356.779245
1356.779245
1356.779245
1356.779245
1356.779245
1356.779245
1356.779245
1356.779245
1356.779245
1356.779245
1356.779245
1356.779245
1356.779245
1356.779245
1356.779245
1356.779245
1356.779245
1356.779245
1356.779245
1356.779245
1356.779245
1356.779245
1356.779245
1356.779245
1356.779245
1356.652816
1356.652816
1356.652816
1356.652816
1356.652816
1356.652816
1356.652816
1356.652816
1356.652816
1356.652816
1356.652816
1356.652816
1356.652816
1356.652816
1356.652816
1356.652816
1356.652816
1356.652816
1356.652816
1356.652816
1356.652816
1356.652816
1356.652816
1356.652816
1356.652816
1356.652816
1356.652816
1356.652816
1356.652816
1356.652816
1356.652816
1356.652816
1356.652816
1356.652816
1356.652816
1356.652816
1356.652816
1356.652816
1356.652816
1356.652816
1356.652816
1356.652816
1356.652816
1356.618141
1356.618141
1356.618141
1356.618141
1356.618141
1356.618141
1356.618141
1356.618141
1356.618141
1356.618141
1356.618141
1356.618141
1356.618141
1356.618141
1356.618141
1356.618141
1356.618141
1356.618141
1356.618141
1356.618141
1356.618141
1356.543271
1356.543271
1356.543271
1356.535234
1356.535234
1356.535234
1356.535234
1356.535234
1356.535234
1356.535234
1356.535234
1356.535234
1356.535234
1356.535234
1356.535234
1356.535234
1356.535234
1356.535234
1356.453265
1356.453265
1356.453265
1356.453265
1356.387566
1356.387566
1356.387566
1356.387566
1356.387566
1356.387566
1356.387566
1356.387566
1356.387566
1356.387566
1356.387566
1356.387566
1356.387566
1356.037247
1356.037247
1356.037247
1356.037247
1356.037247
1356.037247
1356.037247
1356.037247
1356.037247
1356.037247
1356.037247
1356.037247
1356.037247
1356.037247
1356.037247
1356.037247
1356.037247
1356.037247
1356.037247
1356.037247
1356.037247
1356.037247
1356.037247
1356.037247
1356.037247
1356.037247
1356.037247
1356.037247
1356.037247
1356.037247
1356.037247
1356.037247
1356.037247
1356.037247
1356.037247
1356.037247
1356.037247
1356.037247
1356.037247
1356.037247
1356.037247
1356.037247
1356.037247
1356.037247
1356.037247
1356.037247
1355.617887
1355.617887
1355.617887
1355.617887
1355.617887
1355.617887
1355.617887
1355.617887
1355.617887
1355.617887
1355.617887
1355.617887
1355.617887
1355.617887
1355.617887
1355.617887
1355.617887
1355.617887
1355.617887
1355.617887
1355.617887
1355.617887
1355.617887
1355.617887
1355.617887
1355.617887
1355.617887
1355.617887
1355.617887
1355.617887
1355.617887
1355.617887
1355.617887
1355.617887
1355.617887
1355.617887
1355.617887
1355.617887
1355.617887
1355.617887
1355.617887
1355.617887
1355.617887
1355.617887
1355.617887
1355.617887
1355.617887
1355.617887
1355.617887
1355.617887
1355.617887
1355.617887
1355.617887
1355.617887
1355.617887
1355.617887
1355.617887
1355.617887
1355.617887
1355.617887
1355.617887
1355.617887
1355.465133
1355.465133
1355.465133
1355.465133
1355.465133
1355.465133
1355.465133
1355.465133
1355.465133
1355.465133
1355.465133
1355.465133
1355.465133
1355.465133
1355.465133
1355.465133
1355.465133
1355.465133
1355.465133
1355.465133
1355.465133
1355.465133
1355.465133
1355.465133
1355.465133
1355.465133
1355.465133
1355.465133
1355.465133
1355.465133
1355.465133
1355.465133
1355.465133
1355.465133
1355.465133
1355.465133
1355.465133
1355.465133
1355.465133
1355.465133
1355.465133
1355.465133
1355.465133
1355.465133
1355.465133
1355.465133
1355.465133
1355.465133
1355.465133
1355.465133
1355.465133
1355.465133
1355.465133
1355.465133
1355.465133
1355.465133
1355.465133
1355.465133
1355.465133
1355.465133
1355.465133
1355.465133
1355.465133
1355.465133
1355.465133
1355.465133
1355.465133
1355.465133
1355.465133
1355.465133
1355.465133
1355.465133
1355.465133
1355.465133
1355.465133
1355.465133
1355.465133
1355.465133
1355.465133
1355.465133
1355.465133
1355.465133
1355.465133
1355.465133
1355.465133
1355.465133
1355.465133
1355.465133
1355.465133
1355.465133
1355.465133
1355.465133
1355.465133
1355.465133
1355.465133
1355.465133
1355.465133
1355.465133
1355.465133
1355.465133
1355.465133
1355.465133
1355.292796
1355.292796
1355.292796
1355.292796
1355.292796
1355.292796
1355.292796
1355.292796
1355.292796
1355.292796
1355.292796
1355.292796
1355.292796
1355.292796
1355.292796
1355.292796
1355.292796
1355.292796
1355.292796
1355.292796
1355.292796
1355.292796
1355.292796
1355.292796
1355.292796
1355.292796
1355.292796
1355.292796
1355.292796
1355.292796
1355.292796
1355.292796
1355.292796
1355.292796
1355.292796
1355.292796
1355.292796
1355.292796
1355.292796
1355.292796
1355.292796
1355.292796
1355.292796
1355.292796
1355.192408
1355.192408
1355.192408
1355.192408
1355.192408
1354.951515
1354.951515
1354.951515
1354.951515
1354.951515
1354.951515
1354.951515
1354.951515
1354.951515
1354.891338
1354.891338
1354.891338
1354.891338
1354.891338
1354.891338
1354.891338
1354.891338
1354.891338
1354.891338
1354.891338
1354.891338
1354.891338
1354.891338
1354.891338
1354.891338
1354.891338
1354.891338
1354.891338
1354.891338
1354.891338
1354.891338
1354.891338
1354.891338
1354.891338
1354.891338
1354.891338
1354.891338
1354.653808
1354.653808
1354.653808
1354.653808
1354.653808
1354.653808
1354.653808
1354.653808
1354.653808
1354.653808
1354.653808
1354.653808
1354.653808
1354.653808
1354.653808
1354.653808
1354.653808
1354.653808
1354.653808
1354.653808
1354.653808
1354.653808
1354.653808
1354.653808
1354.653808
1354.653808
1354.653808
1354.653808
1354.653808
1354.653808
1354.653808
1354.653808
1354.653808
1354.653808
1354.653808
1354.653808
1354.653808
1354.653808
1354.653808
1354.653808
1354.653808
1354.653808
1354.653808
1354.653808
1354.653808
1354.653808
1354.653808
1354.653808
1354.653808
1354.653808
1354.653808
1354.653808
1354.653808
1354.653808
1354.653808
1354.653808
1354.653808
1354.653808
1354.653808
1354.653808
1354.653808
1354.653808
1354.653808
1354.653808
1354.653808
1354.653808
1354.653808
1354.653808
1354.653808
1354.653808
1354.653808
1354.653808
1354.653808
1354.653808
1354.653808
1354.653808
1354.653808
1354.653808
1354.653808
1354.653808
1354.653808
1354.653808
1354.653808
1354.653808
1354.653808
1354.653808
1354.653808
1354.653808
1354.653808
1354.653808
1354.653808
1354.653808
1354.653808
1354.653808
1354.653808
1354.653808
1354.653808
1354.653808
1354.653808
1354.653808
1354.653808
1354.653808
1354.653808
1354.653808
1354.653808
1354.653808
1354.653808
1354.653808
1354.182025
1354.182025
1354.182025
1354.182025
1354.182025
1354.182025
1354.182025
1354.182025
1354.182025
1354.182025
1354.182025
1354.182025
1354.182025
1354.182025
1354.182025
1354.182025
1354.182025
1354.182025
1354.182025
1354.182025
1354.182025
1354.182025
1354.182025
1354.182025
1354.182025
1354.182025
1354.182025
1354.182025
1354.182025
1354.182025
1354.182025
1354.182025
1354.182025
1354.182025
1354.182025
1354.182025
1354.182025
1354.182025
1354.182025
1354.182025
1354.182025
1354.182025
1354.182025
1354.182025
1354.182025
1354.182025
1354.182025
1354.182025
1354.182025
1354.182025
1354.182025
1354.182025
1354.182025
1354.182025
1354.182025
1354.182025
1354.182025
1354.182025
1354.182025
1354.182025
1354.182025
1354.182025
1354.182025
1354.182025
1354.182025
1354.182025
1354.182025
1353.298351
1353.298351
1353.298351
1353.298351
1353.298351
1353.298351
1353.298351
1353.298351
1353.298351
1353.298351
1353.298351
1353.298351
1353.298351
1353.298351
1353.298351
1353.298351
1353.298351
1353.298351
1353.298351
1353.298351
1353.298351
1353.298351
1353.298351
1353.298351
1353.298351
1353.298351
1353.298351
1353.298351
1353.298351
1353.298351
1353.298351
1353.298351
1353.298351
1353.298351
1353.298351
1353.298351
1353.298351
1353.298351
1353.298351
1353.298351
1353.298351
1353.298351
1353.298351
1353.298351
1353.298351
1353.298351
1353.228416
1353.228416
1353.228416
1353.228416
1353.228416
1353.228416
1353.039721
1353.039721
1353.039721
1353.039721
1353.039721
1353.039721
1353.039721
1353.039721
1353.039721
1352.948714
1352.948714
1352.948714
1352.948714
1352.948714
1352.948714
1352.948714
1352.948714
1352.948714
1352.948714
1352.948714
1352.948714
1352.948714
1352.743482
1352.743482
1352.743482
1352.743482
1352.743482
1352.743482
1352.743482
1352.743482
1352.743482
1352.743482
1352.743482
1352.743482
1352.743482
1352.743482
1352.743482
1352.743482
1352.743482
1352.743482
1352.743482
1352.743482
1352.743482
1352.743482
1352.743482
1352.743482
1352.743482
1352.613167
1352.613167
1352.613167
1352.613167
1352.613167
1352.613167
1352.613167
1352.613167
1352.613167
1352.613167
1352.613167
1352.613167
1352.613167
1352.613167
1352.613167
1352.613167
1352.613167
1352.613167
1352.613167
1352.426932
1352.426932
1352.426932
1352.426932
1352.426932
1352.426932
1352.426932
1352.426932
1352.426932
1352.426932
1352.426932
1352.426932
1352.426932
1352.426932
1352.426932
1352.426932
1352.426932
1352.426932
1352.426932
1352.426932
1352.426932
1352.426932
1352.426932
1352.426932
1352.426932
1352.426932
1352.426932
1352.426932
1352.426932
1352.426932
1352.426932
1352.426932
1352.426932
1352.426932
1352.426932
1352.426932
1352.426932
1352.426932
1352.426932
1352.426932
1352.426932
1352.426932
1352.426932
1352.426932
1352.426932
1352.426932
1352.426932
1352.426932
1352.426932
1352.426932
1352.426932
1352.134823
1352.134823
1352.134823
1352.134823
1352.134823
1352.134823
1352.134823
1352.134823
1352.134823
1352.134823
1352.134823
1352.134823
1352.134823
1352.134823
1352.134823
1352.134823
1352.134823
1352.134823
1352.134823
1352.134823
1352.134823
1352.134823
1352.134823
1352.134823
1352.134823
1352.134823
1352.134823
1352.134823
1352.134823
1352.134823
1352.134823
1352.134823
1352.134823
1352.134823
1352.134823
1352.134823
1352.134823
1352.134823
1352.134823
1352.134823
1352.134823
1352.134823
1352.134823
1352.134823
1352.134823
1352.134823
1352.134823
1352.134823
1352.134823
1352.134823
1352.134823
1352.134823
1352.134823
1352.134823
1352.134823
1352.134823
1352.134823
1352.134823
1352.134823
1352.134823
1352.134823
1352.134823
1352.134823
1352.134823
1352.134823
1352.134823
1352.134823
1352.134823
1352.134823
1352.134823
1352.134823
1352.134823
1352.134823
1352.134823
1352.134823
1352.134823
1352.134823
1352.134823
1352.134823
1352.134823
1352.134823
1352.134823
1352.134823
1352.134823
1352.134823
1352.134823
1352.134823
1352.134823
1352.134823
1352.134823
1352.134823
1352.134823
1352.134823
1352.134823
1352.134823
1352.134823
1352.134823
1351.825408
1351.825408
1351.825408
1351.825408
1351.825408
1351.825408
1351.825408
1351.825408
1351.825408
1351.825408
1351.825408
1351.825408
1351.825408
1351.825408
1351.825408
1351.825408
1351.825408
1351.825408
1351.825408
1351.825408
1351.825408
1351.825408
1351.825408
1351.825408
1351.825408
1351.825408
1351.825408
1351.825408
1351.825408
1351.825408
1351.825408
1351.825408
1351.825408
1351.825408
1351.825408
1351.825408
1351.825408
1351.825408
1351.825408
1351.825408
1351.825408
1351.825408
1351.825408
1351.825408
1351.825408
1351.825408
1351.825408
1351.825408
1351.825408
1351.825408
1351.825408
1351.825408
1351.825408
1351.825408
1351.825408
1351.825408
1351.825408
1351.825408
1351.825408
1351.825408
1351.825408
1351.825408
1351.825408
1351.825408
1351.825408
1351.825408
1351.825408
1351.825408
1351.825408
1351.825408
1351.825408
1351.825408
1351.825408
1351.825408
1351.825408
1351.825408
1351.825408
1351.825408
1351.825408
1351.825408
1351.825408
1351.825408
1351.825408
1351.825408
1351.825408
1351.825408
1351.825408
1351.825408
1351.825408
1351.825408
1351.825408
1351.825408
1351.825408
1351.342819
1351.342819
1351.342819
1351.342819
1351.342819
1351.342819
1351.342819
1351.342819
1351.342819
1351.342819
1351.342819
1351.342819
1351.342819
1351.342819
1351.342819
1351.342819
1351.342819
1351.342819
1351.342819
1351.342819
1351.342819
1351.342819
1351.342819
1351.342819
1351.342819
1351.342819
1351.342819
1351.342819
1351.342819
1351.342819
1351.342819
1351.342819
1351.342819
1351.342819
1351.342819
1351.342819
1351.342819
1351.342819
1351.342819
1351.342819
1351.342819
1351.342819
1351.342819
1351.342819
1351.342819
1351.342819
1351.342819
1351.342819
1351.342819
1351.342819
1351.342819
1351.342819
1351.342819
1351.342819
1351.342819
1351.342819
1351.342819
1351.342819
1351.342819
1351.342819
1351.342819
1351.342819
1351.342819
1351.342819
1351.342819
1351.342819
1350.952631
1350.952631
1350.952631
1350.952631
1350.952631
1350.952631
1350.952631
1350.952631
1350.952631
1350.952631
1350.952631
1350.952631
1350.952631
1350.952631
1350.952631
1350.952631
1350.952631
1350.952631
1350.952631
1350.952631
1350.952631
1350.952631
1350.952631
1350.952631
1350.952631
1350.952631
1350.952631
1350.952631
1350.952631
1350.952631
1350.952631
1350.952631
1350.952631
1350.952631
1350.952631
1350.952631
1350.952631
1350.952631
1350.952631
1350.952631
1350.952631
1350.952631
1350.952631
1350.952631
1350.952631
1350.952631
1350.952631
1350.952631
1350.952631
1350.952631
1350.952631
1350.952631
1350.952631
1350.952631
1350.952631
1350.952631
1350.952631
1350.952631
1350.952631
1350.952631
1350.952631
1350.952631
1350.952631
1350.952631
1350.952631
1350.952631
1350.952631
1350.952631
1350.952631
1350.952631
1350.952631
1350.952631
1350.952631
1350.952631
1350.952631
1350.952631
1350.952631
1350.952631
1350.952631
1350.952631
1350.952631
1350.952631
1350.952631
1350.952631
1350.952631
1350.952631
1350.952631
1350.952631
1350.952631
1350.952631
1350.952631
1350.952631
1350.952631
1350.952631
1350.952631
1350.952631
1350.952631
1350.952631
1350.952631
1350.952631
1350.952631
1350.952631
1350.952631
1350.952631
1350.952631
1350.952631
1350.952631
1350.952631
1350.952631
1350.952631
1350.952631
1350.952631
1350.952631
1350.952631
1350.952631
1350.952631
1350.952631
1350.952631
1350.952631
1350.952631
1350.952631
1350.952631
1350.952631
1350.952631
1350.952631
1350.952631
1350.952631
1350.952631
1350.952631
1350.952631
1350.952631
1350.952631
1350.952631
1350.952631
1350.952631
1350.952631
1350.952631
1350.952631
1350.952631
1350.952631
1350.871361
1350.871361
1350.871361
1350.871361
1350.871361
1350.828662
1350.828662
1350.828662
1350.828662
1350.828662
1350.828662
1350.828662
1350.828662
1350.828662
1350.828662
1350.828662
1350.828662
1350.828662
1350.828662
1350.828662
1350.828662
1350.828662
1350.828662
1350.828662
1350.828662
1350.828662
1350.828662
1350.828662
1350.828662
1350.828662
1350.828662
1350.828662
1350.828662
1350.828662
1350.828662
1350.828662
1350.828662
1350.828662
1350.828662
1350.828662
1350.828662
1350.828662
1350.828662
1350.828662
1350.828662
1350.828662
1350.828662
1350.828662
1350.828662
1350.828662
1350.828662
1350.828662
1350.828662
1350.828662
1350.828662
1350.828662
1350.828662
1350.828662
1350.828662
1350.828662
1350.828662
1350.828662
1350.828662
1350.828662
1350.828662
1350.828662
1350.828662
1350.828662
1350.828662
1350.828662
1350.828662
1350.828662
1350.828662
1350.828662
1350.828662
1350.828662
1350.828662
1350.828662
1350.828662
1350.828662
1350.828662
1350.828662
1350.828662
1350.828662
1350.828662
1350.828662
1350.828662
1350.828662
1350.828662
1350.828662
1350.828662
1350.828662
1350.828662
1350.828662
1350.828662
1350.828662
1350.828662
1350.828662
1350.828662
1350.828662
1350.821433
1350.821433
1350.648483
1350.648483
1350.648483
1350.460213
1350.460213
1350.460213
1350.460213
1350.460213
1350.460213
1350.460213
1350.460213
1350.460213
1350.460213
1350.460213
1350.460213
1350.460213
1350.460213
1350.460213
1350.460213
1350.460213
1350.460213
1350.460213
1350.460213
1350.460213
1350.342582
1350.342582
1350.342582
1350.342582
1350.342582
1350.342582
1350.342582
1350.342582
1350.342582
1350.342582
1350.342582
1350.342582
1350.342582
1350.342582
1350.342582
1350.342582
1350.342582
1350.342582
1350.342582
1350.342582
1350.342582
1350.342582
1350.342582
1350.342582
1350.342582
1350.342582
1350.342582
1350.342582
1350.342582
1350.342582
1350.342582
1350.342582
1350.342582
1350.342582
1350.342582
1350.342582
1350.342582
1350.342582
1350.342582
1350.342582
1350.342582
1350.342582
1350.342582
1350.342582
1350.342582
1350.342582
1350.342582
1350.342582
1350.342582
1350.342582
1350.342582
1350.342582
1350.342582
1350.342582
1350.342582
1350.342582
1350.342582
1350.342582
1350.342582
1350.342582
1350.342582
1350.342582
1350.342582
1350.342582
1350.342582
1350.342582
1350.342582
1350.342582
1350.342582
1350.342582
1350.342582
1350.342582
1350.342582
1350.342582
1350.342582
1350.342582
1350.342582
1350.342582
1350.342582
1350.342582
1350.342582
1350.342582
1350.342582
1350.342582
1350.342582
1350.342582
1350.342582
1350.342582
1350.342582
1350.342582
1350.342582
1350.342582
1350.342582
1350.342582
1350.342582
1350.128442
1350.128442
1350.128442
1350.128442
1350.128442
1350.128442
1350.128442
1350.128442
1350.128442
1350.128442
1350.128442
1350.128442
1350.128442
1350.128442
1350.128442
1350.128442
1350.128442
1350.128442
1350.128442
1350.128442
1350.128442
1350.128442
1350.128442
1350.128442
1350.128442
1350.128442
1350.128442
1350.128442
1350.128442
1350.128442
1350.128442
1350.128442
1350.128442
1350.128442
1350.128442
1350.128442
1350.128442
1350.128442
1350.128442
1350.128442
1350.128442
1350.128442
1350.128442
1350.128442
1350.128442
1350.128442
1350.128442
1350.128442
1350.128442
1350.128442
1350.128442
1350.128442
1350.128442
1350.128442
1350.128442
1350.128442
1350.128442
1350.128442
1350.128442
1350.128442
1350.128442
1350.128442
1350.128442
1350.128442
1350.128442
1350.128442
1350.128442
1350.128442
1350.128442
1350.128442
1350.128442
1350.128442
1350.128442
1350.128442
1350.128442
1350.128442
1350.128442
1350.128442
1350.128442
1350.128442
1350.128442
1350.128442
1350.128442
1350.128442
1350.128442
1350.128442
1350.128442
1350.128442
1350.128442
1350.128442
1350.128442
1350.128442
1350.128442
1350.128442
1350.128442
1350.128442
1350.128442
1350.128442
1350.128442
1350.128442
1350.128442
1350.128442
1350.128442
1350.128442
1350.128442
1350.128442
1350.128442
1350.128442
1350.128442
1350.128442
1350.128442
1350.128442
1350.128442
1350.128442
1350.128442
1350.128442
1350.128442
1350.128442
1350.128442
1350.128442
1350.128442
1350.128442
1350.128442
1350.128442
1350.128442
1350.128442
1350.128442
1350.128442
1350.128442
1350.128442
1350.128442
1350.128442
1350.128442
1350.128442
1350.128442
1350.128442
1350.128442
1350.128442
1350.128442
1350.128442
1350.107447
1350.107447
1350.107447
1350.107447
1350.107447
1350.107447
1350.107447
1350.107447
1350.107447
1350.107447
1350.107447
1350.107447
1350.107447
1350.107447
1350.107447
1350.107447
1350.107447
1350.107447
1350.107447
1350.107447
1350.107447
1350.107447
1349.985949
1349.985949
1349.985949
1349.985949
1349.985949
1349.985949
1349.985949
1349.985949
1349.985949
1349.985949
1349.985949
1349.985949
1349.985949
1349.985949
1349.985949
1349.985949
1349.985949
1349.985949
1349.660179
1349.660179
1349.660179
1349.660179
1349.660179
1349.660179
1349.660179
1349.660179
1349.660179
1349.660179
1349.660179
1349.660179
1349.660179
1349.660179
1349.660179
1349.660179
1349.660179
1349.660179
1349.660179
1349.660179
1349.660179
1349.660179
1349.660179
1349.660179
1349.660179
1349.660179
1349.660179
1349.660179
1349.660179
1349.660179
1349.660179
1349.660179
1349.660179
1349.660179
1349.660179
1349.660179
1349.660179
1349.660179
1349.660179
1349.660179
1349.660179
1349.660179
1349.660179
1349.660179
1349.660179
1349.660179
1349.660179
1349.660179
1349.660179
1349.660179
1349.660179
1349.660179
1349.660179
1349.660179
1349.660179
1349.660179
1349.660179
1349.660179
1349.660179
1349.660179
1349.660179
1349.660179
1349.660179
1349.660179
1349.660179
1349.660179
1349.660179
1349.660179
1349.660179
1349.660179
1349.660179
1349.660179
1349.660179
1349.660179
1349.660179
1349.660179
1349.660179
1349.660179
1349.660179
1349.660179
1349.660179
1349.660179
1349.660179
1349.660179
1349.660179
1349.660179
1349.660179
1349.660179
1349.660179
1349.660179
1349.660179
1349.660179
1349.660179
1349.660179
1349.660179
1349.660179
1349.660179
1349.660179
1349.660179
1349.660179
1349.660179
1349.660179
1349.660179
1349.660179
1349.660179
1349.660179
1349.660179
1349.660179
1349.660179
1349.660179
1349.660179
1349.660179
1349.660179
1349.660179
1349.660179
1349.660179
1349.660179
1349.660179
1349.660179
1349.660179
1349.660179
1349.660179
1349.660179
1349.660179
1349.660179
1349.660179
1349.660179
1349.660179
1349.660179
1349.660179
1349.660179
1349.660179
1349.660179
1349.660179
1349.660179
1349.660179
1349.660179
1349.660179
1349.660179
1349.660179
1349.660179
1349.660179
1349.660179
1349.660179
1349.660179
1349.660179
1349.660179
1349.660179
1349.660179
1349.660179
1349.660179
1349.660179
1349.660179
1349.660179
1349.660179
1349.660179
1349.660179
1349.660179
1349.660179
1349.660179
1349.660179
1349.660179
1349.660179
1349.660179
1349.660179
1349.660179
1349.660179
1349.660179
1349.660179
1349.660179
1349.660179
1349.660179
1349.660179
1349.660179
1349.660179
1349.660179
1349.660179
1349.660179
1349.660179
1349.660179
1349.613884
1349.613884
1349.613884
1349.613884
1349.613884
1349.613884
1349.613884
1349.613884
1349.613884
1349.613884
1349.445081
1349.445081
1349.445081
1349.445081
1349.445081
1349.445081
1349.445081
1349.445081
1349.445081
1349.445081
1349.445081
1349.445081
1349.088279
1349.088279
1349.088279
1349.088279
1349.088279
1349.088279
1349.088279
1349.088279
1349.088279
1349.088279
1349.088279
1349.088279
1349.088279
1349.088279
1349.088279
1349.088279
1349.088279
1349.088279
1349.088279
1349.088279
1349.088279
1349.088279
1349.088279
1349.088279
1349.088279
1349.088279
1349.088279
1349.088279
1349.088279
1349.088279
1349.088279
1349.088279
1349.088279
1349.088279
1349.088279
1349.088279
1349.088279
1349.088279
1349.088279
1349.088279
1349.088279
1349.088279
1349.088279
1349.088279
1349.088279
1349.088279
1349.088279
1349.088279
1349.088279
1349.088279
1349.088279
1349.088279
1349.088279
1349.088279
1349.088279
1349.088279
1349.088279
1349.088279
1349.088279
1349.088279
1349.088279
1349.088279
1349.088279
1349.088279
1349.088279
1349.088279
1349.088279
1349.088279
1349.088279
1349.088279
1349.088279
1349.088279
1349.088279
1349.088279
1349.044691
1349.044691
1349.044691
1349.044691
1349.044691
1349.044691
1349.044691
1349.044691
1349.044691
1349.044691
1349.044691
1349.044691
1349.044691
1349.044691
1349.044691
1349.044691
1349.044691
1349.044691
1349.044691
1349.044691
1348.841922
1348.841922
1348.841922
1348.841922
1348.841922
1348.841922
1348.841922
1348.841922
1348.841922
1348.841922
1348.841922
1348.841922
1348.841922
1348.841922
1348.841922
1348.841922
1348.841922
1348.841922
1348.841922
1348.841922
1348.841922
1348.841922
1348.841922
1348.841922
1348.841922
1348.841922
1348.841922
1348.841922
1348.841922
1348.841922
1348.841922
1348.841922
1348.841922
1348.841922
1348.841922
1348.841922
1348.841922
1348.841922
1348.841922
1348.841922
1348.841922
1348.841922
1348.841922
1348.841922
1348.841922
1348.841922
1348.841922
1348.841922
1348.841922
1348.841922
1348.841922
1348.841922
1348.841922
1348.841922
1348.841922
1348.841922
1348.841922
1348.841922
1348.841922
1348.841922
1348.841922
1348.841922
1348.841922
1348.841922
1348.841922
1348.841922
1348.841922
1348.841922
1348.841922
1348.841922
1348.841922
1348.841922
1348.841922
1348.841922
1348.841922
1348.841922
1348.841922
1348.841922
1348.760414
1348.760414
1348.760414
1348.760414
1348.760414
1348.760414
1348.760414
1348.760414
1348.760414
1348.711568
1348.711568
1348.711568
1348.711568
1348.711568
1348.711568
1348.711568
1348.711568
1348.711568
1348.711568
1348.711568
1348.711568
1348.711568
1348.711568
1348.711568
1348.711568
1348.711568
1348.711568
1348.711568
1348.711568
1348.711568
1348.711568
1348.711568
1348.711568
1348.711568
1348.711568
1348.711568
1348.711568
1348.711568
1348.711568
1348.711568
1348.711568
1348.711568
1348.711568
1348.711568
1348.711568
1348.711568
1348.711568
1348.711568
1348.711568
1348.711568
1348.711568
1348.711568
1348.711568
1348.711568
1348.711568
1348.711568
1348.711568
1348.711568
1348.711568
1348.711568
1348.711568
1348.711568
1348.711568
1348.711568
1348.711568
1348.711568
1348.711568
1348.711568
1348.711568
1348.711568
1348.711568
1348.711568
1348.711568
1348.711568
1348.711568
1348.711568
1348.711568
1348.711568
1348.711568
1348.711568
1348.711568
1348.711568
1348.711568
1348.711568
1348.711568
1348.711568
1348.711568
1348.711568
1348.711568
1348.711568
1348.711568
1348.711568
1348.711568
1348.711568
1348.711568
1348.711568
1348.711568
1348.711568
1348.711568
1348.711568
1348.711568
1348.711568
1348.711568
1348.711568
1348.711568
1348.711568
1348.711568
1348.711568
1348.711568
1348.676861
1348.676861
1348.676861
1348.676861
1348.676861
1348.676861
1348.676861
1348.676861
1348.676861
1348.676861
1348.676861
1348.676861
1348.676861
1348.676861
1348.676861
1348.676861
1348.676861
1348.676861
1348.676861
1348.676861
1348.676861
1348.676861
1348.676861
1348.676861
1348.676861
1348.676861
1348.676861
1348.676861
1348.676861
1348.676861
1348.676861
1348.676861
1348.676861
1348.676861
1348.676861
1348.676861
1348.676861
1348.676861
1348.676861
1348.418981
1348.418981
1348.418981
1348.418981
1348.418981
1348.418981
1348.418981
1348.418981
1348.418981
1348.418981
1348.418981
1348.418981
1348.418981
1348.418981
1348.418981
1348.418981
1348.418981
1348.418981
1348.418981
1348.418981
1348.418981
1348.418981
1348.418981
1348.418981
1348.418981
1348.418981
1348.418981
1348.418981
1348.418981
1348.418981
1348.418981
1348.418981
1348.418981
1348.418981
1348.418981
1348.418981
1348.418981
1348.418981
1348.418981
1348.418981
1348.418981
1348.418981
1348.418981
1348.418981
1348.418981
1348.418981
1348.418981
1348.418981
1348.418981
1348.418981
1348.418981
1348.418981
1348.418981
1348.418981
1348.418981
1348.418981
1348.418981
1348.418981
1348.418981
1348.418981
1348.418981
1348.418981
1348.418981
1348.418981
1348.418981
1348.418981
1348.418981
1348.418981
1348.418981
1348.418981
1348.418981
1348.418981
1348.418981
1348.418981
1348.418981
1348.418981
1348.418981
1348.418981
1348.418981
1348.418981
1348.418981
1348.418981
1348.418981
1348.418981
1348.418981
1348.418981
1348.418981
1348.418981
1348.418981
1348.113873
1348.113873
1348.113873
1348.113873
1348.113873
1348.113873
1348.113873
1348.113873
1348.113873
1348.113873
1348.113873
1348.113873
1348.113873
1348.113873
1348.113873
1348.113873
1348.113873
1348.113873
1348.113873
1348.113873
1348.113873
1348.113873
1348.113873
1348.113873
1348.113873
1348.113873
1348.113873
1348.113873
1348.113873
1348.113873
1348.113873
1348.113873
1348.113873
1348.113873
1348.113873
1348.113873
1348.113873
1348.113873
1348.113873
1347.665963
1347.665963
1347.665963
1347.665963
1347.665963
1347.665963
1347.665963
1347.665963
1347.665963
1347.665963
1347.665963
1347.665963
1347.665963
1347.665963
1347.665963
1347.665963
1347.665963
1347.665963
1347.665963
1347.665963
1347.665963
1347.665963
1347.665963
1347.665963
1347.665963
1347.665963
1347.665963
1347.665963
1347.665963
1347.665963
1347.665963
1347.665963
1347.665963
1347.665963
1347.665963
1347.665963
1347.665963
1347.665963
1347.665963
1347.665963
1347.665963
1347.665963
1347.665963
1347.665963
1347.665963
1347.665963
1347.665963
1347.665963
1347.665963
1347.665963
1347.665963
1347.665963
1347.665963
1347.665963
1347.665963
1347.665963
1347.665963
1347.665963
1347.665963
1347.665963
1347.665963
1347.665963
1347.665963
1347.665963
1347.665963
1347.665963
1347.665963
1347.665963
1347.665963
1347.665963
1347.665963
1347.665963
1347.665963
1347.565288
1347.565288
1347.565288
1347.565288
1347.565288
1347.565288
1347.565288
1347.565288
1347.565288
1347.565288
1347.565288
1347.565288
1347.565288
1347.565288
1347.565288
1347.565288
1347.565288
1347.565288
1347.565288
1347.565288
1347.565288
1347.565288
1347.565288
1347.565288
1347.565288
1347.565288
1347.565288
1347.565288
1347.565288
1347.565288
1347.565288
1347.565288
1347.565288
1347.565288
1347.565288
1347.565288
1347.565288
1347.565288
1347.565288
1347.565288
1347.565288
1347.565288
1347.565288
1347.565288
1347.565288
1347.565288
1347.565288
1347.565288
1347.451090
1347.451090
1347.451090
1347.451090
1347.451090
1347.451090
1347.451090
1347.451090
1347.451090
1347.451090
1347.451090
1347.451090
1347.451090
1347.451090
1347.451090
1347.320412
1347.320412
1347.320412
1347.320412
1347.320412
1347.320412
1347.320412
1347.320412
1347.320412
1347.320412
1347.320412
1347.320412
1347.320412
1347.320412
1347.320412
1347.320412
1347.320412
1347.320412
1347.320412
1347.320412
1347.320412
1347.320412
1347.320412
1347.320412
1347.320412
1347.320412
1347.320412
1347.320412
1347.320412
1347.320412
1347.320412
1347.320412
1347.320412
1347.320412
1347.320412
1347.320412
1347.320412
1347.320412
1347.320412
1347.320412
1347.320412
1347.320412
1347.320412
1347.320412
1347.320412
1347.320412
1347.320412
1347.320412
1347.320412
1347.320412
1347.320412
1347.320412
1347.320412
1347.320412
1347.320412
1347.320412
1347.320412
1347.320412
1347.320412
1347.320412
1347.320412
1347.320412
1347.320412
1347.320412
1347.320412
1347.320412
1347.320412
1347.320412
1347.320412
1347.320412
1347.320412
1347.320412
1347.320412
1347.320412
1347.320412
1347.320412
1347.320412
1347.320412
1347.320412
1347.320412
1347.320412
1347.320412
1347.320412
1347.119828
1347.119828
1347.119828
1347.119828
1347.119828
1347.119828
1347.119828
1347.119828
1347.119828
1347.119828
1347.119828
1347.119828
1347.119828
1347.119828
1347.119828
1347.119828
1347.119828
1347.119828
1347.119828
1347.119828
1347.119828
1347.119828
1347.119828
1347.119828
1347.119828
1347.119828
1347.119828
1347.119828
1347.119828
1347.119828
1347.119828
1347.119828
1347.119828
1347.119828
1347.119828
1347.119828
1347.119828
1347.119828
1347.119828
1347.119828
1347.119828
1347.119828
1347.119828
1347.119828
1347.119828
1347.119828
1347.119828
1347.119828
1347.119828
1347.119828
1347.119828
1347.119828
1347.119828
1347.119828
1347.119828
1347.119828
1347.119828
1347.119828
1347.119828
1347.119828
1347.119828
1347.119828
1347.119828
1347.119828
1347.119828
1347.119828
1347.119828
1347.119828
1347.119828
1347.119828
1347.119828
1347.119828
1347.119828
1347.119828
1347.119828
1347.119828
1347.119828
1347.119828
1347.119828
1347.119828
1347.119828
1346.971671
1346.971671
1346.971671
1346.971671
1346.971671
1346.971671
1346.971671
1346.971671
1346.971671
1346.971671
1346.971671
1346.971671
1346.971671
1346.971671
1346.971671
1346.971671
1346.971671
1346.971671
1346.971671
1346.971671
1346.971671
1346.971671
1346.971671
1346.971671
1346.971671
1346.971671
1346.971671
1346.971671
1346.971671
1346.971671
1346.971671
1346.971671
1346.971671
1346.971671
1346.971671
1346.971671
1346.971671
1346.971671
1346.971671
1346.971671
1346.971671
1346.971671
1346.971671
1346.971671
1346.971671
1346.971671
1346.971671
1346.971671
1346.971671
1346.971671
1346.971671
1346.971671
1346.971671
1346.971671
1346.971671
1346.971671
1346.971671
1346.971671
1346.971671
1346.971671
1346.971671
1346.971671
1346.971671
1346.971671
1346.971671
1346.971671
1346.971671
1346.971671
1346.971671
1346.971671
1346.971671
1346.971671
1346.971671
1346.971671
1346.971671
1346.971671
1346.971671
1346.971671
1346.971671
1346.971671
1346.971671
1346.971671
1346.971671
1346.971671
1346.971671
1346.971671
1346.971671
1346.971671
1346.971671
1346.971671
1346.971671
1346.971671
1346.971671
1346.971671
1346.971671
1346.971671
1346.971671
1346.971671
1346.971671
1346.971671
1346.971671
1346.971671
1346.971671
1346.971671
1346.971671
1346.971671
1346.971671
1346.971671
1346.971671
1346.971671
1346.971671
1346.971671
1346.971671
1346.971671
1346.971671
1346.971671
1346.971671
1346.971671
1346.971671
1346.971671
1346.971671
1346.971671
1346.971671
1346.971671
1346.971671
1346.971671
1346.971671
1346.971671
1346.971671
1346.971671
1346.971671
1346.971671
1346.971671
1346.971671
1346.971671
1346.971671
1346.971671
1346.971671
1346.971671
1346.971671
1346.971671
1346.971671
1346.971671
1346.971671
1346.971671
1346.971671
1346.971671
1346.764426
1346.764426
1346.695399
1346.695399
1346.695399
1346.695399
1346.695399
1346.695399
1346.695399
1346.695399
1346.695399
1346.695399
1346.695399
1346.695399
1346.695399
1346.695399
1346.695399
1346.695399
1346.695399
1346.695399
1346.695399
1346.695399
1346.695399
1346.695399
1346.695399
1346.695399
1346.695399
1346.695399
1346.695399
1346.695399
1346.695399
1346.695399
1346.695399
1346.695399
1346.695399
1346.695399
1346.695399
1346.695399
1346.695399
1346.695399
1346.695399
1346.695399
1346.695399
1346.695399
1346.695399
1346.695399
1346.695399
1346.695399
1346.695399
1346.695399
1346.695399
1346.695399
1346.695399
1346.695399
1346.695399
1346.695399
1346.695399
1346.695399
1346.695399
1346.695399
1346.695399
1346.695399
1346.695399
1346.695399
1346.695399
1346.695399
1346.695399
1346.695399
1346.695399
1346.695399
1346.695399
1346.695399
1346.695399
1346.695399
1346.695399
1346.695399
1346.695399
1346.695399
1346.695399
1346.695399
1346.695399
1346.695399
1346.695399
1346.695399
1346.695399
1346.695399
1346.695399
1346.695399
1346.695399
1346.695399
1346.695399
1346.695399
1346.695399
1346.695399
1346.695399
1346.695399
1346.695399
1346.695399
1346.695399
1346.695399
1346.668377
1346.668377
1346.668377
1346.668377
1346.668377
1346.668377
1346.668377
1346.668377
1346.668377
1346.668377
1346.668377
1346.668377
1346.668377
1346.668377
1346.493238
1346.493238
1346.493238
1346.493238
1346.493238
1346.493238
1346.493238
1346.493238
1346.493238
1346.493238
1346.493238
1346.493238
1346.493238
1346.493238
1346.493238
1346.493238
1346.493238
1346.493238
1346.493238
1346.493238
1346.493238
1346.493238
1346.493238
1346.493238
1346.493238
1346.493238
1346.493238
1346.493238
1346.493238
1346.493238
1346.492854
1346.492854
1346.492854
1346.492854
1346.492854
1346.492854
1346.492854
1346.492854
1346.492854
1346.492854
1346.492854
1346.492854
1346.492854
1346.492854
1346.492854
1346.492854
1346.492854
1346.492854
1346.492854
1346.492854
1346.492854
1346.492854
1346.492854
1346.492854
1346.492854
1346.492854
1346.492854
1346.492854
1346.492854
1346.492854
1346.492854
1346.492854
1346.492854
1346.492854
1346.492854
1346.492854
1346.492854
1346.492854
1346.492854
1346.492854
1346.492854
1346.492854
1346.492854
1346.492854
1346.492854
1346.492854
1346.492854
1346.492854
1346.492854
1346.492854
1346.492854
1346.492854
1346.492854
1346.492854
1346.492854
1346.492854
1346.492854
1346.492854
1346.492854
1346.492854
1346.492854
1346.492854
1346.492854
1346.492854
1346.492854
1346.492854
1346.492854
1346.492854
1346.492854
1346.492854
1346.492854
1346.492854
1346.492854
1346.492854
1346.492854
1346.492854
1346.492854
1346.492854
1346.492854
1346.492854
1346.492854
1346.492854
1346.492854
1346.492854
1346.492854
1346.492854
1346.492854
1346.492854
1346.492854
1346.492854
1346.492854
1346.492854
1346.492854
1346.492854
1346.492854
1346.492854
1346.492854
1346.492854
1346.492854
1346.492854
1346.492854
1346.492854
1346.492854
1346.492854
1346.492854
1346.492854
1346.492854
1346.492854
1346.492854
1346.492854
1346.492854
1346.492854
1346.492854
1346.492854
1346.492854
1346.492854
1346.492854
1346.452687
1346.452687
1346.452687
1346.452687
1346.452687
1346.452687
1346.452687
1346.452687
1346.452687
1346.189851
1346.189851
1346.189851
1346.189851
1346.189851
1346.189851
1346.189851
1346.189851
1346.189851
1346.189851
1346.189851
1346.189851
1346.189851
1346.189851
1346.189851
1346.189851
1346.189851
1346.189851
1346.189851
1346.189851
1346.189851
1346.189851
1346.189851
1346.189851
1346.189851
1346.189851
1346.189851
1346.189851
1346.189851
1346.189851
1346.189851
1346.189851
1346.189851
1346.189851
1346.189851
1346.189851
1346.189851
1346.189851
1346.189851
1346.189851
1346.189851
1346.136492
1346.136492
1346.136492
1346.136492
1346.136492
1346.136492
1346.136492
1346.136492
1346.136492
1346.136492
1346.136492
1346.136492
1346.136492
1346.136492
1346.136492
1346.136492
1346.136492
1346.136492
1346.136492
1346.136492
1346.136492
1345.942601
1345.942601
1345.942601
1345.942601
1345.942601
1345.942601
1345.942601
1345.942601
1345.942601
1345.942601
1345.942601
1345.942601
1345.942601
1345.942601
1345.942601
1345.942601
1345.942601
1345.942601
1345.942601
1345.942601
1345.942601
1345.942601
1345.942601
1345.942601
1345.942601
1345.942601
1345.942601
1345.942601
1345.942601
1345.942601
1345.942601
1345.942601
1345.942601
1345.942601
1345.942601
1345.942601
1345.942601
1345.942601
1345.942601
1345.942601
1345.942601
1345.942601
1345.942601
1345.942601
1345.942601
1345.942601
1345.942601
1345.942601
1345.942601
1345.942601
1345.942601
1345.942601
1345.942601
1345.942601
1345.942601
1345.942601
1345.942601
1345.942601
1345.942601
1345.942601
1345.942601
1345.942601
1345.942601
1345.942601
1345.942601
1345.942601
1345.942601
1345.942601
1345.942601
1345.942601
1345.942601
1345.942601
1345.942601
1345.942601
1345.942601
1345.942601
1345.942601
1345.942601
1345.942601
1345.942601
1345.942601
1345.942601
1345.942601
1345.942601
1345.942601
1345.942601
1345.942601
1345.942601
1345.942601
1345.942601
1345.942601
1345.942601
1345.942601
1345.942601
1345.942601
1345.942601
1345.942601
1345.942601
1345.942601
1345.942601
1345.942601
1345.942601
1345.942601
1345.942601
1345.942601
1345.746831
1345.746831
1345.746831
1345.746831
1345.746831
1345.746831
1345.746831
1345.746831
1345.746831
1345.746831
1345.746831
1345.746831
1345.746831
1345.746831
1345.746831
1345.746831
1345.746831
1345.746831
1345.746831
1345.746831
1345.746831
1345.746831
1345.746831
1345.746831
1345.746831
1345.723826
1345.723826
1345.723826
1345.723826
1345.723826
1345.723826
1345.723826
1345.723826
1345.723826
1345.723826
1345.723826
1345.723826
1345.723826
1345.723826
1345.723826
1345.723826
1345.723826
1345.723826
1345.723826
1345.637534
1345.637534
1345.637534
1345.637534
1345.637534
1345.637534
1345.637534
1345.637534
1345.637534
1345.637534
1345.637534
1345.637534
1345.637534
1345.637534
1345.637534
1345.023471
1345.023471
1345.023471
1345.023471
1345.023471
1345.023471
1345.023471
1345.023471
1345.023471
1345.023471
1345.023471
1345.023471
1345.023471
1345.023471
1345.023471
1345.023471
1345.023471
1345.023471
1345.023471
1345.023471
1345.023471
1345.023471
1345.023471
1345.023471
1345.023471
1345.023471
1345.023471
1345.023471
1345.023471
1345.023471
1345.023471
1345.023471
1345.023471
1345.023471
1345.023471
1345.023471
1345.023471
1345.023471
1345.023471
1345.023471
1345.023471
1345.023471
1345.023471
1345.023471
1345.023471
1345.023471
1345.023471
1345.023471
1345.023471
1345.023471
1345.023471
1345.023471
1345.023471
1345.023471
1345.023471
1345.023471
1345.023471
1345.023471
1345.023471
1345.023471
1345.023471
1345.023471
1345.023471
1345.023471
1345.023471
1345.023471
1345.023471
1345.023471
1345.023471
1345.023471
1345.023471
1345.023471
1345.023471
1345.023471
1345.023471
1345.023471
1345.023471
1345.023471
1345.023471
1345.023471
1345.023471
1345.023471
1345.023471
1345.023471
1345.023471
1345.023471
1345.023471
1345.023471
1345.023471
1345.023471
1345.023471
1345.023471
1345.003171
1345.003171
1345.003171
1345.003171
1345.003171
1345.003171
1345.003171
1345.003171
1345.003171
1345.003171
1345.003171
1345.003171
1345.003171
1345.003171
1345.003171
1345.003171
1345.003171
1345.003171
1345.003171
1345.003171
1345.003171
1345.003171
1345.003171
1345.003171
1345.003171
1345.003171
1345.003171
1345.003171
1345.003171
1345.003171
1345.003171
1345.003171
1345.003171
1345.003171
1345.003171
1345.003171
1345.003171
1345.003171
1345.003171
1345.003171
1345.003171
1345.003171
1344.735078
1344.735078
1344.735078
1344.735078
1344.735078
1344.735078
1344.735078
1344.735078
1344.735078
1344.735078
1344.735078
1344.735078
1344.735078
1344.735078
1344.735078
1344.735078
1344.735078
1344.735078
1344.735078
1344.735078
1344.735078
1344.735078
1344.735078
1344.735078
1344.735078
1344.735078
1344.735078
1344.735078
1344.735078
1344.735078
1344.735078
1344.735078
1344.735078
1344.735078
1344.735078
1344.735078
1344.735078
1344.735078
1344.735078
1344.735078
1344.735078
1344.735078
1344.735078
1344.735078
1344.735078
1344.735078
1344.735078
1344.735078
1344.735078
1344.735078
1344.735078
1344.735078
1344.735078
1344.735078
1344.735078
1344.735078
1344.735078
1344.566032
1344.566032
1344.566032
1344.566032
1344.566032
1344.566032
1344.566032
1344.566032
1344.566032
1344.566032
1344.566032
1344.566032
1344.566032
1344.566032
1344.566032
1344.566032
1344.566032
1344.566032
1344.566032
1344.286386
1344.286386
1344.286386
1344.286386
1344.286386
1344.286386
1344.286386
1344.286386
1344.286386
1344.286386
1344.286386
1344.286386
1344.286386
1344.286386
1344.286386
1344.286386
1344.286386
1344.286386
1344.286386
1344.286386
1344.286386
1344.286386
1344.185124
1344.185124
1344.185124
1344.185124
1344.185124
1344.185124
1344.185124
1344.185124
1344.185124
1343.721549
1343.721549
1343.721549
1343.721549
1343.721549
1343.721549
1343.721549
1343.721549
1343.721549
1343.721549
1343.721549
1343.721549
1343.721549
1343.721549
1343.721549
1343.721549
1343.721549
1343.721549
1343.721549
1343.721549
1343.721549
1343.721549
1343.721549
1343.721549
1343.721549
1343.721549
1343.721549
1343.721549
1343.721549
1343.721549
1343.721549
1343.721549
1343.721549
1343.721549
1343.721549
1343.721549
1343.721549
1343.721549
1343.721549
1343.721549
1343.721549
1343.721549
1343.721549
1343.721549
1343.721549
1343.721549
1343.721549
1343.721549
1343.721549
1343.721549
1343.721549
1343.721549
1343.721549
1343.721549
1343.721549
1343.721549
1343.721549
1343.721549
1343.721549
1343.721549
1343.721549
1343.721549
1343.721549
1343.721549
1343.721549
1343.721549
1343.721549
1343.721549
1343.721549
1343.533130
1343.533130
1343.533130
1343.533130
1343.533130
1343.533130
1343.533130
1343.533130
1343.533130
1343.324349
1343.324349
1343.324349
1343.324349
1343.324349
1343.324349
1343.324349
1343.324349
1343.324349
1343.324349
1343.324349
1343.324349
1343.324349
1343.324349
1343.324349
1343.324349
1343.287345
1343.287345
1343.287345
1343.287345
1343.287345
1343.287345
1343.287345
1343.287345
1343.287345
1343.287345
1343.287345
1343.287345
1343.287345
1343.287345
1343.287345
1343.287345
1343.287345
1343.287345
1343.287345
1343.287345
1343.287345
1343.287345
1343.236903
1343.236903
1343.236903
1343.236903
1343.236903
1343.236903
1343.236903
1343.236903
1343.236903
1343.236903
1343.236903
1343.236903
1343.236903
1343.236903
1343.236903
1343.236903
1343.236903
1343.236903
1343.236903
1343.236903
1343.236903
1343.236903
1343.236903
1343.236903
1343.236903
1343.236903
1343.014584
1343.014584
1343.014584
1343.014584
1343.014584
1343.014584
1343.014584
1343.014584
1343.014584
1343.014584
1343.014584
1343.014584
1343.014584
1343.014584
1343.014584
1343.014584
1343.014584
1343.014584
1343.014584
1343.014584
1343.014584
1343.014584
1343.014584
1343.014584
1343.014584
1343.014584
1343.014584
1343.014584
1343.014584
1343.014584
1343.014584
1343.014584
1343.014584
1343.014584
1343.014584
1343.014584
1343.014584
1343.014584
1343.014584
1343.014584
1343.014584
1343.014584
1343.014584
1343.014584
1343.014584
1343.014584
1343.014584
1343.014584
1343.014584
1343.014584
1343.014584
1343.014584
1343.014584
1342.253731
1342.253731
1342.253731
1342.253731
1342.253731
1342.253731
1342.253731
1342.253731
1342.253731
1342.253731
1342.253731
1342.253731
1342.253731
1342.253731
1342.253731
1342.253731
1342.253731
1342.253731
1342.253731
1342.253731
1342.253731
1342.253731
1342.253731
1342.253731
1342.253731
1342.253731
1342.253731
1342.253731
1342.253731
1342.253731
1342.253731
1342.253731
1342.253731
1342.253731
1342.253731
1342.253731
1342.253731
1342.253731
1342.253731
1342.253731
1342.253731
1342.253731
1342.253731
1342.253731
1342.253731
1342.253731
1342.253731
1342.253731
1342.253731
1342.253731
1342.253731
1342.253731
1342.253731
1342.253731
1342.253731
1342.253731
1342.253731
1342.253731
1342.253731
1342.253731
1342.253731
1342.253731
1342.253731
1342.253731
1342.253731
1342.253731
1342.253731
1342.253731
1342.253731
1342.253731
1342.253731
1342.253731
1342.253731
1342.253731
1342.253731
1342.253731
1342.253731
1342.253731
1342.253731
1342.253731
1342.253731
1342.253731
1342.253731
1342.253731
1342.253731
1342.253731
1342.253731
1342.253731
1342.253731
1342.253731
1342.253731
1342.253731
1342.251278
1342.251278
1342.251278
1342.251278
1342.251278
1342.251278
1342.251278
1342.251278
1342.251278
1342.251278
1342.251278
1342.251278
1342.251278
1342.251278
1342.251278
1342.251278
1342.251278
1342.251278
1342.251278
1342.251278
1342.251278
1342.251278
1342.251278
1342.251278
1342.251278
1342.251278
1342.251278
1342.251278
1342.251278
1342.251278
1342.251278
1342.251278
1342.251278
1342.251278
1342.251278
1342.251278
1342.251278
1342.251278
1342.251278
1342.048938
1342.048938
1342.048938
1342.048938
1342.048938
1342.048938
1342.048938
1342.048938
1342.048938
1342.048938
1342.048938
1342.048938
1342.048938
1342.048938
1342.048938
1342.048938
1342.048938
1342.048938
1342.048938
1342.048938
1342.048938
1342.048938
1342.048938
1342.048938
1342.048938
1342.048938
1342.048938
1342.048938
1342.048938
1342.048938
1342.048938
1342.048938
1342.048938
1342.048938
1342.048938
1342.048938
1342.048938
1342.048938
1342.048938
1342.048938
1342.048938
1342.048938
1342.048938
1342.048938
1342.048938
1342.048938
1342.048938
1342.048938
1342.042620
1342.042620
1342.042620
1342.042620
1342.042620
1342.042620
1342.042620
1342.042620
1342.042620
1342.042620
1342.042620
1342.042620
1342.042620
1342.042620
1342.042620
1342.042620
1342.042620
1342.042620
1342.042620
1342.042620
1342.042620
1342.042620
1342.042620
1342.042620
1342.042620
1342.042620
1342.042620
1342.042620
1342.042620
1342.042620
1342.042620
1342.042620
1342.042620
1342.042620
1342.042620
1342.042620
1342.042620
1342.042620
1342.042620
1342.042620
1342.042620
1342.042620
1342.042620
1342.042620
1342.042620
1342.042620
1342.042620
1342.042620
1342.042620
1342.042620
1342.042620
1342.042620
1342.042620
1342.042620
1342.042620
1342.042620
1342.042620
1342.042620
1342.042620
1342.042620
1342.042620
1342.042620
1342.042620
1342.042620
1342.042620
1342.042620
1342.042620
1342.042620
1342.042620
1342.042620
1342.042620
1342.042620
1342.042620
1342.042620
1342.042620
1342.042620
1342.042620
1342.042620
1341.882321
1341.882321
1341.882321
1341.882321
1341.882321
1341.882321
1341.882321
1341.882321
1341.882321
1341.882321
1341.882321
1341.882321
1341.882321
1341.882321
1341.882321
1341.882321
1341.882321
1341.882321
1341.882321
1341.882321
1341.882321
1341.882321
1341.882321
1341.882321
1341.882321
1341.789845
1341.789845
1341.789845
1341.789845
1341.789845
1341.789845
1341.789845
1341.789845
1341.789845
1341.789845
1341.789845
1341.789845
1341.789845
1341.789845
1341.789845
1341.789845
1341.743319
1341.743319
1341.743319
1341.743319
1341.743319
1341.743319
1341.743319
1341.743319
1341.743319
1341.743319
1341.743319
1341.743319
1341.743319
1341.743319
1341.743319
1341.743319
1341.743319
1341.743319
1341.743319
1341.743319
1341.743319
1341.743319
1341.743319
1341.743319
1341.743319
1341.743319
1341.743319
1341.743319
1341.384616
1341.384616
1341.384616
1341.384616
1341.384616
1341.384616
1341.384616
1341.384616
1341.384616
1341.384616
1341.384616
1341.384616
1341.384616
1341.384616
1341.255912
1341.255912
1341.255912
1341.255912
1341.255912
1341.255912
1341.255912
1341.255912
1341.255912
1341.255912
1341.255912
1341.255912
1341.255912
1341.255912
1341.255912
1341.255912
1341.255912
1341.255912
1341.255912
1341.255912
1341.255912
1341.255912
1341.255912
1341.255912
1341.255912
1341.087630
1341.087630
1341.087630
1341.087630
1341.087630
1341.087630
1341.087630
1341.087630
1341.087630
1341.087630
1341.087630
1341.087630
1341.087630
1341.087630
1341.087630
1340.817393
1340.817393
1340.817393
1340.817393
1340.817393
1340.817393
1340.817393
1340.817393
1340.817393
1340.817393
1340.817393
1340.600635
1340.600635
1340.600635
1340.600635
1340.600635
1340.600635
1340.600635
1340.600635
1340.600635
1340.600635
1340.600635
1340.600635
1340.600635
1340.600635
1340.600635
1340.600635
1340.600635
1340.600635
1340.600635
1340.600635
1340.600635
1340.600635
1340.600635
1340.600635
1340.600635
1340.600635
1340.600635
1340.600635
1340.600635
1340.600635
1340.600635
1340.600635
1340.600635
1340.600635
1340.600635
1340.327957
1340.327957
1340.327957
1340.327957
1340.327957
1340.327957
1340.327957
1340.327957
1340.327957
1340.327957
1340.327957
1340.327957
1340.327957
1340.327957
1340.327957
1340.327957
1340.327957
1340.327957
1340.327957
1340.327957
1340.327957
1340.327957
1340.327957
1340.327957
1340.327957
1340.327957
1340.327957
1340.327957
1340.327957
1340.327957
1340.327957
1340.327957
1340.327957
1340.327957
1340.327957
1340.327957
1340.327957
1340.327957
1340.327957
1340.327957
1340.327957
1340.327957
1340.327957
1340.327957
1339.440692
1339.440692
1339.440692
1339.440692
1339.440692
1339.440692
1339.440692
1339.440692
1339.440692
1339.440692
1339.440692
1339.440692
1339.440692
1339.440692
1339.440692
1339.440692
1339.440692
1339.440692
1339.440692
1339.440692
1339.440692
1339.440692
1339.440692
1339.440692
1339.440692
1339.440692
1339.440692
1339.440692
1339.440692
1339.440692
1339.440692
1339.440692
1339.440692
1339.440692
1339.440692
1339.440692
1339.440692
1339.440692
1339.440692
1339.440692
1339.440692
1339.440692
1339.440692
1339.440692
1339.440692
1339.440692
1339.440692
1339.440692
1339.440692
1339.440692
1339.440692
1339.440692
1339.440692
1339.440692
1339.440692
1339.440692
1339.440692
1339.440692
1339.440692
1339.440692
1339.440692
1339.440692
1339.440692
1339.440692
1339.440692
1339.440692
1339.440692
1339.440692
1339.440692
1339.440692
1339.440692
1339.440692
1339.440692
1339.440692
1339.440692
1339.440692
1339.440692
1339.440692
1339.440692
1339.440692
1339.440692
1339.440692
1339.440692
1339.440692
1339.440692
1339.440692
1339.440692
1339.440692
1339.440692
1339.440692
1339.440692
1339.440692
1339.440692
1339.440692
1339.440692
1339.440692
1339.440692
1339.440692
1339.440692
1339.440692
1339.440692
1338.936198
1338.936198
1338.936198
1338.936198
1338.936198
1338.936198
1338.936198
1338.936198
1338.936198
1338.936198
1338.936198
1338.936198
1338.936198
1338.936198
1338.936198
1338.936198
1338.936198
1338.936198
1338.936198
1338.936198
1338.936198
1338.936198
1338.936198
1338.936198
1338.936198
1338.936198
1338.936198
1338.936198
1338.936198
1338.936198
1338.936198
1338.936198
1338.936198
1338.936198
1338.936198
1338.936198
1338.936198
1338.936198
1338.936198
1338.936198
1338.936198
1338.936198
1338.936198
1338.936198
1338.936198
1338.936198
1338.936198
1338.936198
1338.936198
1338.552436
1338.552436
1338.552436
1338.552436
1338.552436
1338.552436
1338.552436
1338.552436
1338.552436
1338.552436
1338.552436
1338.552436
1338.552436
1338.552436
1338.552436
1338.552436
1338.552436
1338.552436
1338.552436
1338.552436
1338.552436
1338.552436
1338.552436
1338.552436
1338.552436
1338.552436
1338.552436
1338.552436
1338.552436
1338.552436
1338.552436
1338.552436
1338.552436
1338.552436
1338.552436
1338.552436
1338.552436
1338.552436
1338.552436
1338.552436
1338.552436
1338.552436
1338.552436
1338.552436
1338.552436
1338.552436
1338.552436
1338.552436
1338.552436
1338.552436
1337.918955
1337.918955
1337.918955
1337.918955
1337.918955
1337.918955
1337.918955
1337.918955
1337.918955
1337.918955
1337.918955
1337.918955
1337.918955
1337.918955
1337.918955
1337.918955
1337.918955
1337.918955
1337.918955
1337.918955
1337.918955
1337.918955
1337.918955
1337.918955
1337.918955
1337.918955
1337.918955
1337.918955
1337.918955
1337.918955
1337.918955
1337.918955
1337.918955
1337.918955
1337.918955
1337.918955
1337.918955
1337.918955
1337.918955
1337.918955
1337.918955
1337.918955
1337.918955
1337.918955
1337.918955
1337.918955
1337.918955
1337.918955
1337.918955
1337.918955
1337.918955
1337.918955
1337.918955
1337.918955
1337.918955
1337.918955
1337.918955
1337.918955
1337.918955
1337.918955
1337.918955
1337.918955
1337.918955
1337.918955
1337.918955
1337.542023
1337.542023
1337.542023
1337.542023
1337.542023
1337.542023
1337.542023
1337.542023
1337.542023
1337.542023
1337.542023
1337.542023
1337.542023
1337.542023
1337.542023
1337.542023
1337.542023
1337.542023
1337.542023
1337.542023
1337.542023
1337.542023
1337.542023
1337.542023
1337.542023
1337.542023
1337.542023
1337.542023
1337.542023
1337.542023
1337.542023
1337.542023
1337.542023
1337.542023
1337.542023
1337.542023
1337.542023
1337.542023
1337.542023
1337.542023
1337.542023
1337.542023
1337.542023
1337.542023
1337.542023
1337.542023
1337.542023
1337.542023
1337.542023
1337.542023
1337.542023
1337.542023
1337.542023
1337.542023
1337.542023
1337.542023
1337.542023
1337.542023
1337.542023
1337.542023
1337.542023
1337.542023
1337.542023
1337.542023
1337.542023
1336.471890
1336.471890
1336.471890
1336.471890
1336.471890
1336.471890
1336.471890
1336.471890
1336.471890
1336.471890
1336.471890
1336.471890
1336.471890
1336.471890
1336.471890
1336.471890
1336.471890
1336.471890
1336.471890
1336.471890
1336.471890
1336.471890
1336.471890
1336.471890
1336.471890
1336.471890
1336.471890
1336.471890
1336.471890
1336.471890
1336.471890
1336.471890
1336.471890
1336.471890
1336.471890
1336.471890
1336.471890
1336.471890
1336.471890
1336.471890
1336.471890
1336.471890
1336.471890
1336.471890
1336.471890
1336.471890
1336.471890
1336.471890
1336.471890
1336.471890
1336.471890
1336.471890
1336.471890
1336.471890
1336.471890
1336.471890
1336.471890
1336.471890
1336.471890
1336.471890
1336.471890
1336.471890
1336.471890
1336.471890
1336.471890
1336.471890
1336.471890
1336.471890
1336.471890
1336.471890
1336.471890
1336.471890
1336.471890
1336.018464
1336.018464
1336.018464
1336.018464
1336.018464
1336.018464
1336.018464
1336.018464
1336.018464
1336.018464
1336.018464
1336.018464
1336.018464
1336.018464
1336.018464
1336.018464
1336.018464
1336.018464
1336.018464
1336.018464
1336.018464
1336.018464
1336.018464
1336.018464
1336.018464
1336.018464
1336.018464
1336.018464
1336.018464
1336.018464
1336.018464
1336.018464
1336.018464
1336.018464
1336.018464
1336.018464
1336.018464
1336.018464
1336.018464
1336.018464
1336.018464
1336.018464
1336.018464
1336.018464
1336.018464
1336.018464
1336.018464
1336.018464
1336.018464
1336.018464
1336.018464
1336.018464
1336.018464
1336.018464
1336.018464
1336.018464
1336.018464
1336.018464
1336.018464
1336.018464
1336.018464
1336.018464
1336.018464
1336.018464
1336.018464
1336.018464
1336.018464
1336.018464
1336.018464
1336.018464
1336.018464
1336.018464
1336.018464
1336.018464
1336.018464
1336.018464
1336.018464
1336.018464
1336.018464
1336.018464
1336.018464
1336.018464
1336.018464
1336.018464
1336.018464
1336.018464
1335.338464
1335.338464
1335.338464
1335.338464
1335.338464
1335.338464
1335.338464
1335.338464
1335.338464
1335.338464
1335.338464
1335.338464
1335.338464
1334.662099
1334.662099
1334.662099
1334.662099
1334.662099
1334.662099
1334.662099
1334.662099
1334.662099
1334.662099
1334.662099
1334.662099
1334.662099
1334.662099
1334.662099
1334.662099
1334.662099
1334.662099
1334.662099
1334.662099
1334.662099
1334.662099
1334.662099
1334.662099
1334.662099
1334.662099
1334.662099
1334.662099
1334.662099
1334.662099
1334.662099
1334.662099
1334.662099
1334.662099
1334.662099
1334.662099
1334.662099
1334.662099
1334.662099
1334.662099
1334.662099
1334.662099
1334.662099
1334.662099
1334.662099
1334.662099
1334.662099
1334.662099
1334.662099
1334.662099
1334.262549
1334.262549
1334.262549
1334.262549
1334.262549
1334.262549
1334.262549
1334.262549
1334.262549
1334.262549
1334.262549
1334.262549
1334.262549
1334.262549
1334.222655
1334.222655
1334.222655
1334.222655
1334.222655
1334.222655
1334.222655
1334.222655
1334.222655
1334.222655
1334.222655
1333.359460
1333.359460
1333.359460
1333.359460
1333.359460
1333.359460
1333.359460
1333.359460
1333.359460
1333.359460
1333.359460
1333.359460
1333.359460
1333.359460
1333.359460
1333.359460
1333.359460
1333.359460
1333.359460
1333.359460
1333.359460
1333.359460
1333.359460
1333.359460
1333.359460
1333.359460
1333.359460
1333.359460
1333.359460
1333.359460
1333.359460
1333.359460
1333.359460
1333.359460
1333.359460
1333.359460
1333.359460
1333.359460
1332.418679
1332.418679
1332.418679
1332.418679
1332.418679
1332.418679
1332.418679
1332.418679
1332.418679
1332.418679
1332.418679
1332.418679
1332.418679
1332.418679
1332.418679
1332.418679
1332.418679
1332.418679
1332.418679
1332.418679
1332.418679
1332.418679
1332.418679
1332.418679
1332.418679
1332.418679
1332.418679
1332.418679
1332.418679
1332.418679
1332.418679
1332.418679
1332.418679
1332.418679
1332.418679
1332.418679
1332.418679
1332.418679
1332.418679
1332.418679
1332.418679
1332.418679
1332.418679
1332.260608
1332.260608
1332.260608
1332.260608
1332.131640
1332.131640
1332.131640
1332.131640
1332.131640
1332.131640
1332.131640
1332.131640
1332.131640
1332.131640
1332.131640
1332.131640
1332.131640
1332.131640
1332.131640
1332.131640
1332.131640
1332.131640
1332.131640
1332.131640
1332.131640
1332.131640
1332.131640
1332.131640
1332.131640
1332.131640
1332.131640
1332.131640
1332.131640
1332.131640
1332.131640
1332.131640
1332.131640
1332.131640
1331.282041
1331.282041
1331.282041
1331.282041
1331.282041
1331.282041
1331.282041
1331.282041
1330.845988
1330.845988
1330.845988
1330.845988
1330.845988
1330.845988
1330.845988
1330.845988
1330.845988
1330.845988
1330.845988
1330.845988
1330.845988
1330.845988
1330.845988
1330.845988
1330.845988
1330.845988
1330.845988
1330.845988
1330.845988
1330.845988
1330.845988
1330.845988
1330.845988
1330.845988
1330.845988
1330.845988
1330.845988
1330.426084
1330.426084
1330.426084
1330.426084
1330.426084
1330.426084
1330.426084
1330.426084
1330.426084
1330.426084
1330.426084
1330.426084
1330.426084
1330.426084
1330.426084
1330.426084
1330.426084
1330.426084
1330.426084
1330.426084
1329.512619
1329.512619
1329.512619
1329.512619
1329.512619
1329.512619
1329.512619
1329.512619
1329.512619
1329.512619
1329.512619
1329.512619
1329.512619
1329.512619
1329.512619
1329.512619
1329.512619
1329.512619
1329.512619
1329.512619
1329.512619
1329.512619
1329.512619
1329.512619
1329.512619
1329.512619
1329.512619
1329.512619
1329.512619
1329.512619
1329.512619
1329.512619
1329.512619
1329.512619
1329.512619
1329.512619
1329.512619
1329.512619
1329.512619
1329.512619
1329.512619
1329.512619
1329.512619
1329.512619
1329.512619
1329.512619
1329.512619
1329.512619
1329.512619
1329.512619
1329.512619
1329.512619
1329.512619
1329.512619
1329.512619
1329.512619
1329.512619
1329.512619
1329.512619
1329.512619
1329.512619
1329.512619
1329.512619
1329.512619
1329.512619
1329.512619
1329.512619
1329.512619
1329.512619
1329.512619
1329.512619
1329.512619
1329.512619
1329.512619
1329.512619
1329.512619
1329.512619
1329.512619
1329.512619
1329.512619
1329.512619
1329.512619
1329.512619
1329.512619
1329.512619
1329.512619
1329.512619
1329.512619
1329.512619
1329.512619
1329.512619
1329.512619
1329.512619
1329.512619
1329.512619
1329.512619
1329.512619
1329.512619
1329.512619
1329.512619
1329.512619
1329.512619
1329.512619
1329.512619
1329.512619
1329.512619
1329.512619
1329.512619
1329.512619
1329.512619
1329.512619
1329.512619
1329.512619
1329.512619
1329.512619
1329.512619
1329.512619
1329.512619
1329.512619
1329.512619
1329.512619
1329.512619
1329.512619
1329.512619
1329.512619
1329.512619
1329.512619
1329.512619
1329.512619
1329.512619
1329.512619
1329.512619
1329.512619
1329.512619
1329.512619
1329.512619
1329.512619
1329.512619
1329.512619
1329.512619
1329.512619
1329.512619
1329.512619
1329.512619
1329.512619
1329.512619
1329.512619
1329.512619
1329.512619
1329.512619
1329.512619
1329.512619
1329.512619
1329.512619
1329.512619
1329.512619
1329.512619
1329.512619
1329.512619
1329.512619
1329.512619
1329.512619
1329.512619
1328.177253
1328.177253
1328.177253
1328.177253
1328.177253
1328.177253
1328.177253
1328.177253
1328.177253
1328.177253
1328.177253
1328.177253
1328.177253
1328.177253
1328.177253
1328.177253
1328.177253
1328.177253
1328.177253
1328.177253
1328.177253
1328.177253
1328.177253
1328.177253
1328.177253
1328.177253
1328.177253
1328.177253
1328.177253
1328.177253
1328.177253
1328.177253
1328.177253
1328.177253
1328.177253
1328.177253
1328.177253
1328.177253
1328.177253
1328.177253
1328.177253
1328.177253
1328.177253
1328.177253
1328.177253
1328.177253
1328.177253
1328.177253
1328.177253
1328.177253
1328.177253
1328.177253
1328.177253
1328.177253
1328.177253
1328.177253
1328.177253
1328.177253
1328.177253
1328.177253
1328.177253
1328.177253
1328.177253
1328.177253
1328.177253
1328.177253
1328.177253
1328.177253
1328.177253
1328.177253
1328.177253
1328.177253
1328.177253
1328.177253
1328.177253
1328.177253
1328.177253
1328.177253
1328.177253
1328.177253
1328.177253
1328.177253
1328.177253
1328.177253
1328.177253
1328.177253
1328.177253
1328.177253
1328.177253
1328.177253
1328.177253
1328.177253
1328.177253
1328.177253
1328.177253
1328.177253
1328.177253
1328.177253
1328.177253
1328.177253
1328.177253
1328.177253
1328.177253
1328.177253
1328.177253
1328.177253
1328.177253
1328.177253
1328.177253
1328.177253
1328.177253
1328.177253
1328.177253
1328.177253
1328.177253
1328.177253
1328.177253
1328.177253
1328.177253
1328.177253
1328.177253
1328.177253
1328.177253
1328.177253
1328.177253
1328.177253
1328.009000
1328.009000
1328.009000
1328.009000
1328.009000
1328.009000
1327.260938
1327.260938
1327.260938
1327.260938
1327.260938
1327.260938
1327.260938
1327.260938
1327.260938
1327.260938
1327.260938
1327.260938
1327.260938
1327.260938
1327.260938
1327.260938
1327.260938
1327.260938
1327.260938
1327.260938
1327.260938
1327.260938
1327.260938
1327.260938
1327.260938
1327.260938
1327.260938
1327.053006
1327.053006
1327.053006
1327.053006
1327.053006
1327.053006
1327.053006
1327.053006
1327.053006
1327.053006
1327.053006
1327.053006
1327.053006
1327.053006
1327.053006
1327.053006
1327.053006
1327.053006
1327.053006
1327.053006
1327.053006
1327.053006
1327.053006
1327.053006
1327.053006
1327.053006
1327.053006
1327.053006
1327.053006
1327.053006
1327.053006
1327.053006
1327.053006
1327.053006
1326.387653
1326.387653
1326.387653
1326.387653
1326.387653
1326.387653
1326.387653
1326.387653
1326.387653
1326.387653
1326.387653
1326.387653
1326.387653
1326.387653
1326.387653
1326.387653
1326.387653
1326.387653
1326.387653
1326.387653
1326.387653
1326.387653
1326.387653
1326.387653
1326.387653
1326.387653
1326.387653
1326.387653
1326.387653
1326.387653
1326.387653
1326.387653
1326.387653
1326.387653
1326.387653
1326.387653
1326.387653
1326.387653
1326.387653
1326.387653
1326.387653
1326.387653
1326.387653
1326.387653
1326.387653
1326.387653
1326.387653
1326.387653
1326.387653
1326.387653
1326.387653
1326.387653
1326.387653
1326.387653
1326.387653
1326.387653
1326.387653
1326.387653
1326.387653
1326.387653
1326.387653
1326.387653
1326.387653
1326.387653
1326.387653
1326.387653
1326.387653
1326.387653
1326.387653
1326.387653
1326.387653
1326.387653
1326.142110
1326.142110
1326.142110
1326.142110
1326.142110
1326.142110
1326.142110
1326.142110
1326.142110
1326.142110
1326.142110
1326.142110
1326.142110
1326.142110
1326.142110
1326.142110
1326.142110
1326.142110
1326.142110
1326.142110
1326.142110
1326.142110
1326.142110
1326.142110
1326.142110
1326.142110
1326.142110
1326.142110
1326.142110
1326.142110
1326.142110
1326.142110
1325.902518
1325.902518
1325.902518
1325.902518
1325.902518
1325.902518
1325.902518
1325.902518
1325.902518
1325.902518
1325.902518
1325.902518
1325.902518
1325.902518
1325.902518
1325.902518
1325.902518
1325.902518
1325.902518
1325.902518
1325.902518
1325.902518
1325.902518
1325.902518
1325.902518
1325.902518
1325.902518
1325.902518
1325.902518
1325.902518
1325.902518
1325.902518
1325.902518
1325.902518
1325.902518
1325.902518
1325.902518
1325.902518
1325.902518
1325.902518
1325.902518
1325.902518
1325.902518
1325.902518
1325.902518
1325.902518
1325.902518
1325.902518
1325.902518
1325.902518
1325.902518
1325.902518
1325.902518
1325.902518
1325.902518
1325.902518
1325.902518
1325.902518
1325.902518
1325.902518
1325.902518
1325.902518
1325.902518
1325.902518
1325.902518
1325.902518
1325.902518
1325.902518
1325.902518
1325.902518
1325.902518
1325.902518
1325.902518
1325.902518
1325.902518
1325.902518
1325.902518
1325.902518
1325.902518
1325.902518
1325.902518
1325.902518
1325.902518
1325.902518
1325.902518
1325.902518
1325.902518
1325.902518
1325.902518
1325.902518
1325.902518
1325.902518
1325.902518
1325.902518
1325.902518
1325.902518
1325.902518
1325.902518
1325.902518
1325.902518
1325.902518
1325.902518
1325.902518
1325.902518
1325.902518
1325.902518
1325.902518
1325.902518
1325.902518
1325.902518
1325.902518
1325.902518
1325.902518
1325.902518
1325.902518
1325.902518
1325.902518
1325.902518
1325.902518
1325.902518
1325.902518
1325.902518
1325.902518
1325.902518
1325.902518
1325.902518
1325.902518
1325.902518
1325.902518
1325.902518
1325.902518
1325.902518
1325.902518
1325.902518
1325.902518
1325.902518
1325.902518
1325.902518
1325.902518
1325.902518
1325.902518
1325.902518
1325.902518
1325.902518
1325.902518
1325.902518
1325.902518
1325.902518
1325.902518
1325.902518
1325.902518
1325.902518
1325.902518
1325.902518
1325.902518
1325.902518
1325.902518
1325.902518
1325.902518
1325.902518
1325.902518
1325.902518
1325.902518
1325.902518
1325.902518
1325.902518
1325.902518
1325.902518
1325.902518
1325.902518
1325.902518
1325.902518
1325.902518
1325.902518
1325.902518
1325.902518
1325.902518
1325.902518
1325.902518
1325.902518
1325.902518
1325.902518
1325.902518
1325.902518
1325.823634
1325.823634
1325.823634
1325.823634
1325.823634
1325.823634
1325.823634
1325.823634
1325.823634
1325.783858
1325.783858
1325.783858
1325.783858
1325.783858
1325.783858
1325.670945
1325.670945
1325.670945
1325.670945
1325.670945
1325.670945
1325.670945
1325.670945
1325.670945
1325.670945
1325.670945
1325.670945
1325.670945
1325.670945
1325.670945
1325.670945
1325.670945
1325.670945
1325.670945
1325.670945
1325.670945
1325.670945
1325.308104
1325.308104
1325.308104
1324.043235
1324.043235
1324.043235
1324.043235
1324.043235
1324.043235
1324.043235
1324.043235
1324.043235
1324.043235
1324.043235
1324.043235
1324.043235
1324.043235
1324.043235
1324.043235
1324.043235
1324.043235
1324.043235
1324.043235
1324.043235
1324.043235
1324.043235
1324.043235
1324.043235
1324.043235
1324.043235
1324.043235
1324.043235
1324.043235
1324.043235
1324.043235
1324.043235
1324.043235
1324.043235
1324.043235
1324.043235
1324.043235
1324.043235
1324.043235
1324.043235
1324.043235
1324.043235
1324.043235
1324.043235
1324.043235
1324.043235
1324.043235
1324.043235
1324.043235
1324.043235
1324.043235
1324.043235
1324.043235
1324.043235
1324.043235
1324.043235
1324.043235
1324.043235
1324.043235
1324.043235
1324.043235
1324.043235
1324.043235
1324.043235
1324.043235
1324.043235
1324.043235
1324.043235
1324.043235
1324.043235
1324.043235
1324.043235
1324.043235
1324.043235
1324.043235
1324.043235
1324.043235
1324.043235
1324.043235
1324.043235
1324.043235
1324.043235
1324.043235
1324.043235
1324.043235
1324.043235
1323.978985
1323.978985
1323.978985
1323.978985
1323.978985
1323.978985
1323.978985
1323.978985
1323.978985
1323.978985
1323.974073
1323.974073
1323.974073
1323.974073
1323.974073
1323.974073
1323.974073
1323.974073
1323.974073
1323.974073
1323.974073
1323.974073
1323.974073
1323.974073
1323.974073
1323.974073
1323.974073
1323.974073
1323.974073
1323.974073
1323.974073
1323.428864
1323.428864
1323.428864
1323.428864
1323.428864
1323.428864
1323.428864
1323.428864
1323.428864
1323.428864
1323.428864
1323.428864
1323.428864
1323.428864
1323.428864
1323.428864
1323.428864
1323.428864
1323.428864
1323.428864
1323.428864
1323.428864
1323.428864
1323.428864
1323.428864
1323.428864
1323.428864
1323.428864
1323.428864
1323.428864
1323.428864
1323.428864
1323.428864
1323.428864
1323.157953
1323.157953
1323.157953
1323.157953
1323.157953
1323.157953
1323.157953
1323.157953
1323.157953
1323.157953
1323.157953
1323.157953
1323.157953
1323.157953
1323.157953
1323.157953
1323.157953
1323.157953
1323.157953
1323.157953
1323.157953
1323.157953
1323.157953
1323.157953
1323.157953
1323.157953
1323.157953
1322.116770
1322.116770
1322.116770
1322.116770
1322.116770
1322.116770
1322.116770
1322.116770
1322.116770
1322.116770
1322.116770
1322.116770
1322.116770
1322.116770
1322.116770
1322.116770
1322.116770
1322.116770
1322.116770
1322.116770
1322.116770
1322.116770
1322.116770
1322.116770
1322.116770
1322.116770
1322.116770
1322.116770
1322.116770
1322.116770
1322.116770
1322.116770
1322.116770
1322.116770
1322.116770
1322.116770
1322.116770
1322.116770
1322.116770
1322.116770
1322.116770
1322.116770
1322.116770
1322.116770
1322.116770
1322.116770
1322.116770
1322.116770
1322.116770
1322.116770
1322.116770
1322.116770
1322.116770
1322.116770
1322.116770
1322.116770
1322.116770
1322.116770
1322.116770
1322.116770
1322.116770
1322.116770
1322.116770
1322.116770
1322.116770
1322.116770
1322.116770
1322.116770
1322.116770
1322.116770
1322.116770
1322.116770
1322.116770
1322.116770
1322.116770
1322.116770
1322.116770
1322.116770
1322.116770
1322.116770
1322.116770
1322.116770
1322.116770
1321.904290
1321.904290
1321.904290
1321.904290
1321.904290
1321.904290
1321.904290
1321.904290
1321.904290
1321.904290
1321.904290
1321.904290
1321.904290
1321.904290
1321.904290
1321.904290
1321.904290
1321.904290
1321.904290
1321.904290
1321.904290
1321.904290
1321.904290
1321.904290
1321.904290
1321.904290
1321.904290
1321.904290
1321.904290
1321.904290
1321.904290
1321.904290
1321.904290
1321.904290
1321.904290
1321.904290
1321.904290
1321.904290
1321.904290
1321.904290
1321.904290
1321.904290
1321.904290
1321.904290
1321.904290
1321.904290
1321.904290
1321.904290
1321.904290
1321.904290
1321.904290
1321.904290
1321.904290
1321.904290
1321.904290
1321.904290
1321.904290
1321.904290
1321.904290
1321.904290
1321.904290
1321.904290
1321.904290
1321.904290
1321.904290
1321.904290
1321.904290
1321.904290
1321.904290
1321.904290
1321.904290
1321.904290
1321.904290
1321.904290
1321.904290
1321.904290
1321.904290
1321.904290
1321.904290
1321.904290
1321.904290
1321.904290
1321.904290
1321.904290
1321.904290
1321.904290
1321.904290
1321.904290
1321.904290
1321.904290
1321.904290
1321.904290
1321.904290
1321.904290
1321.904290
1321.904290
1321.904290
1321.904290
1321.904290
1321.904290
1321.904290
1321.904290
1321.904290
1321.904290
1321.904290
1321.904290
1321.904290
1321.904290
1321.904290
1321.904290
1321.904290
1321.904290
1321.904290
1321.904290
1321.904290
1321.904290
1321.904290
1321.904290
1321.904290
1321.904290
1321.904290
1321.904290
1321.904290
1321.904290
1321.904290
1321.904290
1321.904290
1321.904290
1321.904290
1321.409521
1321.409521
1321.409521
1321.409521
1321.409521
1321.409521
1321.409521
1321.409521
1321.409521
1321.409521
1321.409521
1321.409521
1321.409521
1321.409521
1321.409521
1321.253149
1321.253149
1321.253149
1321.253149
1321.253149
1321.253149
1321.253149
1321.253149
1321.253149
1321.253149
1321.253149
1321.253149
1321.253149
1321.253149
1321.253149
1321.253149
1321.253149
1321.253149
1321.253149
1321.253149
1321.253149
1321.253149
1321.253149
1321.253149
1320.808496
1320.808496
1320.808496
1320.808496
1320.808496
1320.808496
1320.808496
1320.808496
1320.808496
1320.808496
1320.808496
1320.808496
1320.808496
1320.808496
1320.808496
1320.808496
1320.808496
1320.808496
1320.808496
1320.808496
1320.808496
1320.808496
1320.808496
1320.808496
1320.808496
1320.808496
1320.808496
1320.808496
1320.808496
1320.808496
1320.808496
1320.808496
1320.808496
1320.808496
1320.808496
1320.808496
1320.808496
1320.808496
1320.808496
1320.808496
1320.808496
1320.808496
1320.808496
1320.808496
1320.808496
1320.808496
1320.808496
1320.808496
1320.808496
1320.808496
1320.450532
1320.450532
1320.450532
1320.450532
1320.450532
1320.450532
1320.450532
1320.450532
1320.450532
1320.450532
1320.450532
1320.450532
1320.450532
1320.450532
1320.450532
1320.450532
1320.450532
1320.450532
1320.450532
1320.450532
1320.450532
1320.450532
1320.450532
1320.450532
1320.450532
1320.450532
1320.450532
1320.450532
1320.450532
1320.450532
1320.450532
1320.450532
1320.450532
1320.450532
1320.450532
1320.450532
1320.450532
1320.450532
1320.450532
1320.450532
1320.450532
1320.450532
1320.450532
1320.450532
1320.450532
1320.450532
1320.450532
1320.450532
1320.450532
1320.450532
1320.347444
1320.347444
1320.347444
1320.347444
1320.347444
1320.347444
1320.347444
1320.347444
1320.347444
1320.347444
1320.347444
1320.347444
1320.347444
1320.347444
1320.347444
1320.347444
1320.347444
1320.347444
1320.347444
1320.347444
1320.347444
1320.347444
1320.347444
1320.347444
1320.347444
1320.347444
1320.347444
1320.347444
1320.347444
1320.347444
1320.347444
1320.347444
1320.347444
1320.347444
1320.347444
1320.347444
1320.347444
1320.347444
1320.347444
1320.347444
1320.347444
1320.347444
1320.347444
1320.199181
1320.199181
1320.199181
1320.199181
1320.199181
1320.199181
1320.199181
1320.199181
1320.199181
1320.199181
1320.199181
1320.199181
1320.199181
1320.199181
1320.199181
1320.199181
1320.199181
1320.199181
1320.199181
1320.199181
1320.199181
1320.199181
1320.199181
1320.199181
1320.199181
1320.199181
1320.199181
1320.199181
1320.199181
1320.199181
1320.199181
1320.199181
1320.199181
1320.199181
1320.199181
1318.472208
1318.472208
1318.472208
1318.472208
1318.472208
1318.472208
1318.472208
1318.472208
1318.472208
1318.472208
1318.472208
1318.472208
1318.472208
1318.472208
1318.472208
1318.472208
1318.472208
1318.472208
1318.472208
1318.472208
1318.472208
1318.472208
1318.472208
1318.472208
1318.472208
1318.472208
1318.472208
1318.472208
1318.472208
1318.472208
1318.472208
1318.472208
1318.472208
1318.472208
1318.472208
1318.472208
1318.472208
1318.472208
1318.472208
1318.472208
1318.472208
1318.472208
1318.472208
1318.472208
1318.472208
1318.472208
1318.472208
1318.472208
1318.472208
1318.472208
1318.472208
1318.472208
1318.472208
1318.472208
1318.472208
1318.472208
1318.472208
1318.472208
1318.472208
1318.472208
1318.472208
1318.472208
1318.472208
1318.472208
1318.472208
1318.472208
1318.472208
1318.472208
1318.472208
1318.472208
1318.472208
1318.472208
1318.472208
1318.472208
1318.472208
1318.472208
1318.472208
1318.472208
1318.472208
1318.472208
1318.472208
1318.472208
1318.472208
1318.472208
1318.472208
1318.472208
1318.472208
1318.472208
1318.472208
1318.472208
1318.472208
1318.472208
1318.472208
1318.472208
1318.472208
1318.472208
1318.472208
1318.472208
1318.472208
1318.472208
1318.472208
1318.472208
1318.472208
1318.472208
1318.472208
1318.472208
1318.472208
1318.472208
1318.472208
1318.472208
1318.472208
1318.472208
1318.472208
1318.472208
1318.472208
1318.472208
1318.472208
1318.472208
1318.472208
1318.472208
1318.472208
1318.472208
1318.472208
1318.472208
1318.472208
1318.472208
1318.472208
1318.472208
1318.472208
1318.472208
1318.472208
1318.472208
1318.472208
1318.472208
1318.472208
1318.472208
1318.472208
1318.472208
1318.472208
1318.472208
1318.472208
1318.472208
1318.472208
1318.472208
1318.472208
1318.472208
1318.472208
1318.472208
1318.472208
1318.472208
1318.472208
1318.472208
1318.472208
1318.472208
1318.472208
1318.472208
1318.472208
1318.472208
1318.472208
1318.472208
1318.472208
1318.472208
1318.472208
1318.472208
1318.472208
1318.472208
1318.472208
1318.472208
1318.472208
1318.472208
1318.472208
1318.472208
1318.472208
1318.472208
1318.472208
1318.472208
1318.472208
1318.472208
1318.472208
1318.472208
1318.472208
1318.472208
1318.472208
1318.472208
1318.472208
1318.472208
1318.472208
1318.472208
1318.472208
1318.472208
1318.472208
1318.472208
1318.472208
1318.472208
1318.225500
1318.225500
1318.225500
1318.225500
1318.225500
1318.225500
1318.225500
1318.225500
1318.225500
1318.225500
1318.225500
1318.225500
1318.225500
1318.225500
1318.225500
1318.225500
1318.225500
1318.225500
1318.225500
1318.225500
1318.225500
1318.225500
1318.225500
1318.225500
1318.225500
1318.225500
1318.225500
1318.225500
1318.225500
1318.225500
1318.225500
1318.225500
1318.225500
1318.225500
1318.225500
1318.225500
1318.225500
1318.225500
1318.225500
1318.225500
1318.225500
1318.225500
1318.225500
1318.225500
1318.225500
1318.225500
1318.225500
1318.225500
1318.225500
1318.225500
1317.766147
1317.766147
1317.766147
1317.766147
1317.766147
1317.766147
1317.766147
1317.766147
1317.766147
1317.766147
1317.766147
1317.766147
1317.766147
1317.766147
1317.766147
1317.766147
1317.766147
1317.766147
1317.766147
1317.766147
1317.766147
1317.766147
1317.766147
1317.766147
1317.766147
1317.766147
1317.766147
1317.766147
1317.766147
1317.766147
1317.766147
1317.766147
1317.766147
1317.766147
1317.766147
1317.766147
1317.766147
1317.766147
1317.766147
1317.766147
1317.766147
1317.766147
1317.766147
1317.766147
1317.766147
1317.766147
1317.766147
1317.766147
1317.766147
1317.766147
1317.766147
1317.766147
1317.766147
1317.766147
1317.766147
1317.766147
1317.766147
1317.766147
1317.766147
1317.766147
1317.766147
1317.766147
1317.766147
1317.766147
1317.766147
1317.766147
1317.766147
1317.766147
1317.766147
1317.766147
1317.766147
1317.766147
1317.766147
1317.766147
1317.766147
1317.766147
1317.766147
1317.766147
1317.766147
1317.766147
1317.766147
1317.766147
1317.766147
1317.766147
1317.766147
1317.766147
1317.766147
1317.766147
1317.766147
1317.766147
1317.766147
1317.671454
1317.671454
1317.671454
1317.671454
1317.671454
1317.671454
1317.671454
1317.671454
1317.671454
1317.671454
1317.671454
1317.671454
1317.671454
1317.671454
1317.671454
1317.671454
1317.671454
1317.671454
1317.671454
1317.671454
1317.671454
1317.671454
1317.671454
1317.671454
1317.671454
1317.671454
1317.671454
1317.671454
1317.671454
1317.671454
1317.671454
1317.671454
1317.671454
1317.671454
1317.671454
1317.671454
1317.671454
1317.671454
1317.671454
1317.671454
1317.671454
1317.671454
1317.671454
1317.671454
1317.671454
1317.671454
1317.671454
1317.671454
1317.671454
1317.671454
1317.671454
1317.671454
1317.671454
1317.671454
1317.671454
1317.671454
1317.671454
1317.671454
1317.671454
1317.671454
1317.671454
1317.671454
1317.671454
1317.671454
1317.671454
1317.671454
1317.671454
1317.671454
1317.671454
1317.671454
1317.671454
1317.671454
1317.671454
1317.671454
1317.671454
1317.671454
1317.671454
1317.671454
1317.671454
1317.671454
1317.671454
1317.671454
1317.671454
1317.671454
1317.671454
1317.671454
1317.671454
1317.671454
1317.671454
1317.671454
1317.671454
1317.671454
1317.671454
1317.671454
1317.671454
1317.671454
1317.671454
1317.671454
1317.671454
1317.671454
1317.671454
1317.671454
1317.671454
1317.671454
1317.671454
1317.671454
1317.671454
1317.671454
1317.671454
1317.671454
1317.671454
1317.671454
1317.671454
1317.671454
1317.671454
1317.671454
1317.671454
1317.671454
1317.671454
1317.671454
1317.671454
1317.671454
1317.671454
1317.671454
1317.671454
1317.671454
1317.671454
1317.671454
1317.671454
1317.671454
1317.671454
1317.671454
1317.671454
1317.671454
1317.671454
1317.671454
1317.671454
1317.671454
1317.520648
1317.520648
1317.520648
1317.520648
1317.520648
1317.520648
1317.520648
1317.520648
1317.520648
1317.520648
1317.520648
1317.520648
1317.520648
1317.411366
1317.411366
1317.411366
1317.411366
1317.411366
1317.411366
1317.411366
1317.411366
1317.411366
1317.411366
1317.411366
1317.411366
1317.411366
1317.411366
1317.411366
1317.411366
1317.411366
1317.411366
1317.411366
1317.411366
1317.411366
1317.411366
1317.411366
1317.411366
1317.411366
1317.411366
1317.411366
1317.411366
1317.411366
1317.411366
1317.411366
1317.411366
1317.411366
1317.411366
1317.411366
1317.411366
1317.411366
1317.411366
1317.411366
1317.411366
1317.411366
1317.411366
1317.411366
1317.411366
1317.411366
1317.411366
1317.411366
1317.411366
1317.411366
1317.411366
1317.411366
1317.411366
1317.411366
1317.411366
1317.411366
1317.411366
1317.411366
1317.411366
1317.411366
1317.411366
1317.411366
1317.411366
1317.411366
1317.411366
1317.411366
1317.411366
1317.411366
1317.411366
1317.411366
1317.411366
1317.411366
1317.411366
1317.411366
1317.411366
1317.411366
1317.411366
1317.411366
1317.411366
1317.411366
1317.411366
1317.377494
1317.377494
1317.377494
1317.377494
1317.377494
1317.377494
1317.377494
1317.377494
1317.377494
1317.377494
1317.377494
1317.377494
1317.377494
1317.377494
1317.377494
1317.377494
1317.377494
1317.377494
1317.377494
1317.377494
1317.377494
1317.377494
1317.377494
1317.377494
1317.377494
1317.377494
1317.377494
1317.377494
1317.377494
1317.377494
1317.377494
1317.377494
1317.377494
1317.377494
1317.377494
1317.377494
1317.377494
1317.377494
1317.377494
1317.377494
1317.377494
1317.377494
1317.377494
1317.377494
1317.377494
1317.377494
1317.377494
1317.377494
1317.377494
1317.377494
1317.377494
1317.377494
1317.377494
1317.377494
1317.377494
1317.377494
1317.377494
1317.377494
1317.377494
1317.377494
1317.377494
1317.377494
1317.377494
1317.377494
1317.377494
1317.377494
1317.377494
1317.377494
1317.377494
1317.377494
1317.377494
1317.377494
1317.377494
1317.377494
1317.377494
1317.377494
1317.377494
1317.377494
1317.377494
1317.377494
1317.377494
1317.377494
1317.377494
1317.377494
1317.377494
1317.377494
1317.377494
1317.377494
1317.377494
1317.377494
1317.377494
1317.377494
1317.377494
1317.377494
1317.377494
1317.377494
1317.377494
1317.377494
1317.377494
1317.377494
1317.377494
1317.377494
1317.377494
1317.377494
1317.377494
1317.299197
1317.299197
1317.299197
1317.299197
1317.299197
1317.299197
1317.299197
1317.299197
1317.299197
1317.299197
1317.299197
1317.299197
1317.299197
1317.299197
1317.299197
1317.299197
1317.299197
1317.299197
1317.299197
1317.299197
1317.299197
1317.299197
1317.299197
1317.299197
1317.299197
1317.299197
1317.299197
1317.299197
1317.299197
1317.299197
1317.299197
1317.299197
1317.299197
1317.299197
1317.299197
1317.299197
1317.299197
1317.299197
1317.299197
1317.299197
1317.299197
1317.299197
1317.299197
1317.299197
1317.299197
1317.299197
1317.299197
1317.299197
1317.299197
1317.299197
1317.299197
1317.299197
1317.299197
1317.299197
1317.299197
1317.299197
1317.299197
1317.299197
1317.299197
1317.299197
1317.299197
1317.299197
1317.299197
1317.299197
1317.299197
1317.299197
1317.299197
1317.299197
1317.299197
1317.299197
1317.299197
1317.299197
1317.299197
1317.299197
1317.299197
1317.299197
1317.299197
1317.299197
1317.299197
1317.299197
1317.299197
1317.299197
1317.299197
1317.299197
1317.299197
1317.299197
1317.299197
1317.299197
1317.299197
1317.299197
1317.299197
1317.299197
1317.299197
1317.299197
1317.299197
1317.299197
1317.299197
1317.299197
1317.299197
1317.299197
1317.299197
1317.299197
1317.299197
1317.299197
1317.299197
1317.299197
1317.299197
1317.299197
1317.299197
1317.299197
1317.299197
1317.299197
1317.299197
1317.282299
1317.282299
1317.282299
1317.282299
1317.282299
1317.282299
1317.282299
1317.282299
1317.282299
1317.282299
1317.282299
1317.282299
1317.282299
1317.282299
1317.282299
1317.282299
1317.282299
1317.282299
1317.282299
1317.282299
1317.282299
1317.282299
1317.282299
1317.282299
1317.282299
1317.282299
1317.282299
1317.282299
1317.282299
1317.282299
1317.282299
1317.282299
1317.251348
1317.251348
1317.251348
1317.251348
1317.251348
1317.251348
1317.251348
1317.251348
1317.251348
1317.251348
1317.251348
1317.251348
1317.251348
1317.251348
1317.251348
1317.251348
1317.251348
1317.251348
1317.251348
1317.251348
1317.251348
1317.251348
1317.251348
1317.251348
1317.251348
1317.251348
1317.251348
1317.251348
1317.251348
1317.251348
1317.251348
1317.251348
1317.251348
1317.251348
1317.251348
1317.251348
1317.251348
1317.251348
1317.251348
1317.251348
1317.251348
1317.251348
1317.251348
1317.251348
1317.251348
1317.251348
1317.251348
1317.251348
1317.251348
1317.251348
1317.251348
1317.251348
1317.251348
1317.251348
1317.251348
1317.251348
1317.251348
1317.251348
1317.251348
1317.251348
1317.251348
1317.251348
1317.251348
1317.251348
1317.251348
1317.251348
1317.251348
1317.251348
1317.251348
1317.251348
1317.251348
1317.119892
1317.119892
1317.119892
1317.119892
1317.119892
1317.119892
1317.119892
1317.119892
1317.119892
1317.119892
1317.119892
1317.119892
1317.119892
1317.119892
1317.119892
1317.119892
1317.119892
1317.119892
1317.119892
1317.119892
1317.119892
1317.119892
1317.119892
1317.119892
1317.119892
1317.119892
1317.119892
1317.119892
1317.119892
1317.119892
1317.119892
1317.119892
1317.119892
1317.119892
1317.119892
1317.119892
1317.119892
1317.119892
1317.119892
1317.119892
1317.119892
1317.119892
1317.119892
1317.119892
1317.119892
1317.119892
1317.119892
1317.119892
1317.119892
1317.119892
1317.119892
1317.119892
1317.119892
1317.119892
1317.119892
1317.119892
1317.119892
1317.119892
1317.119892
1317.119892
1317.119892
1317.119892
1317.119892
1317.119892
1317.119892
1317.119892
1317.119892
1317.119892
1317.119892
1317.119892
1317.119892
1317.119892
1317.119892
1317.119892
1317.119892
1317.119892
1317.119892
1317.119892
1317.119892
1317.119892
1317.119892
1317.119892
1317.119892
1317.119892
1317.119892
1317.119892
1317.119892
1317.119892
1317.119892
1317.119892
1317.119892
1317.119892
1317.119892
1317.119892
1317.119892
1317.119892
1317.119892
1317.119892
1317.119892
1317.119892
1317.119892
1317.119892
1317.119892
1317.119892
1317.119892
1317.119892
1317.119892
1317.119892
1317.119892
1317.119892
1317.119892
1317.119892
1317.119892
1317.119892
1317.119892
1317.119892
1317.119892
1317.119892
1317.119892
1317.119892
1317.119892
1317.119892
1317.119892
1317.119892
1317.119892
1317.119892
1317.119892
1317.119892
1317.119892
1317.119892
1317.104904
1317.104904
1317.104904
1317.104904
1317.104904
1317.104904
1317.104904
1317.104904
1317.104904
1317.104904
1317.104904
1317.104904
1317.104904
1317.104904
1317.104904
1317.104904
1317.104904
1317.104904
1317.104904
1317.104904
1317.104904
1317.104904
1317.104904
1317.104904
1317.104904
1317.104904
1317.104904
1317.104904
1317.104904
1317.104904
1317.104904
1317.104904
1317.104904
1317.104904
1317.104904
1317.104904
1317.104904
1317.104904
1317.104904
1317.104904
1317.103301
1317.103301
1317.103301
1317.103301
1317.103301
1317.103301
1317.103301
1317.103301
1317.103301
1317.103301
1317.103301
1317.103301
1317.103301
1317.103301
1317.103301
1317.103301
1317.103301
1317.103301
1317.103301
1317.103301
1317.103301
1317.103301
1317.103301
1317.103301
1317.103301
1317.103301
1317.103301
1317.103301
1317.103301
1317.103301
1317.103301
1317.103301
1317.103301
1317.103301
1317.103301
1317.103301
1317.103301
1317.103301
1317.103301
1317.103301
1317.103301
1317.103301
1317.103301
1317.103301
1317.103301
1317.103301
1317.103301
1317.103301
1317.103301
1317.103301
1317.103301
1317.103301
1317.103301
1317.103301
1317.103301
1317.103301
1317.103301
1317.103301
1317.103301
1317.103301
1317.103301
1317.103301
1317.103301
1317.103301
1317.103301
1317.103301
1317.103301
1317.103301
1317.103301
1317.103301
1317.103301
1317.103301
1317.103301
1317.103301
1317.103301
1317.103301
1317.103301
1317.103301
1317.103301
1317.103301
1317.103301
1317.103301
1317.103301
1317.103301
1317.103301
1317.103301
1317.103301
1317.103301
1317.103301
1317.103301
1317.103301
1317.103301
1317.103301
1317.103301
1317.103301
1317.103301
1317.103301
1317.103301
1317.103301
1317.103301
1317.103301
1317.103301
1317.103301
1317.103301
1317.103301
1317.103301
1317.103301
1317.103301
1317.044135
1317.044135
1317.044135
1317.044135
1317.044135
1317.044135
1317.044135
1317.044135
1317.044135
1317.044135
1317.044135
1317.044135
1317.044135
1317.044135
1317.044135
1317.044135
1317.044135
1317.044135
1317.044135
1317.044135
1317.044135
1317.044135
1317.044135
1317.044135
1317.044135
1317.044135
1317.044135
1317.044135
1317.044135
1317.044135
1317.044135
1317.044135
1317.044135
1317.044135
1317.044135
1317.044135
1317.044135
1316.926003
1316.926003
1316.926003
1316.926003
1316.926003
1316.926003
1316.926003
1316.926003
1316.926003
1316.926003
1316.926003
1316.926003
1316.926003
1316.926003
1316.926003
1316.926003
1316.926003
1316.926003
1316.926003
1316.926003
1316.926003
1316.926003
1316.926003
1316.926003
1316.926003
1316.926003
1316.926003
1316.926003
1316.926003
1316.926003
1316.926003
1316.926003
1316.926003
1316.926003
1316.926003
1316.926003
1316.926003
1316.926003
1316.926003
1316.926003
1316.926003
1316.926003
1316.926003
1316.926003
1316.926003
1316.926003
1316.926003
1316.926003
1316.883470
1316.883470
1316.883470
1316.883470
1316.883470
1316.883470
1316.883470
1316.883470
1316.883470
1316.883470
1316.883470
1316.883470
1316.883470
1316.883470
1316.626339
1316.626339
1316.626339
1316.626339
1316.626339
1316.626339
1316.626339
1316.626339
1316.626339
1316.626339
1316.626339
1316.626339
1316.626339
1316.626339
1316.626339
1316.626339
1316.626339
1316.626339
1316.626339
1316.626339
1316.626339
1316.626339
1316.626339
1316.626339
1316.626339
1316.626339
1316.626339
1316.626339
1316.626339
1316.626339
1316.626339
1316.626339
1316.626339
1316.626339
1316.626339
1316.626339
1316.626339
1316.626339
1316.626339
1316.626339
1316.626339
1316.626339
1316.626339
1316.626339
1316.626339
1316.626339
1316.626339
1316.626339
1316.626339
1316.626339
1316.626339
1316.626339
1316.626339
1316.626339
1316.626339
1316.626339
1316.626339
1316.626339
1316.626339
1316.626339
1316.626339
1316.626339
1316.626339
1316.626339
1316.626339
1316.626339
1316.626339
1316.626339
1316.626339
1316.626339
1316.626339
1316.626339
1316.626339
1316.626339
1316.626339
1316.626339
1316.626339
1316.626339
1316.626339
1316.626339
1316.626339
1316.626339
1316.626339
1316.626339
1316.626339
1316.626339
1316.626339
1316.626339
1316.626339
1316.626339
1316.626339
1316.626339
1316.440670
1316.440670
1316.440670
1316.440670
1316.440670
1316.440670
1316.440670
1316.440670
1316.440670
1316.440670
1316.440670
1316.440670
1316.440670
1316.440670
1316.440670
1316.440670
1316.440670
1316.440670
1316.440670
1316.440670
1316.440670
1316.440670
1316.440670
1316.440670
1316.440670
1316.440670
1316.440670
1316.440670
1316.440670
1316.440670
1316.440670
1316.440670
1316.440670
1316.440670
1316.440670
1316.440670
1316.440670
1316.440670
1316.440670
1316.440670
1316.440670
1316.440670
1316.440670
1316.440670
1316.440670
1316.440670
1316.440670
1316.440670
1316.440670
1316.440670
1316.440670
1316.440670
1316.440670
1316.440670
1316.440670
1316.440670
1316.440670
1316.440670
1316.440670
1316.440670
1316.440670
1316.440670
1316.440670
1316.440670
1316.440670
1316.440670
1316.440670
1316.440670
1316.440670
1316.440670
1316.440670
1316.440670
1316.440670
1316.440670
1316.440670
1316.440670
1316.363388
1316.363388
1316.363388
1316.363388
1316.363388
1316.363388
1316.363388
1316.363388
1316.363388
1316.363388
1316.363388
1316.363388
1316.363388
1316.363388
1316.363388
1316.363388
1316.363388
1316.363388
1316.363388
1316.363388
1316.363388
1316.363388
1316.363388
1316.363388
1316.363388
1316.363388
1316.363388
1316.363388
1316.363388
1316.363388
1316.363388
1316.363388
1316.363388
1316.363388
1316.363388
1316.363388
1316.363388
1316.363388
1316.363388
1316.363388
1316.363388
1316.363388
1316.363388
1316.363388
1316.363388
1316.363388
1316.363388
1316.363388
1316.363388
1316.363388
1316.363388
1316.363388
1316.363388
1316.363388
1316.363388
1316.363388
1316.363388
1316.363388
1316.363388
1316.363388
1316.363388
1316.363388
1316.363388
1316.363388
1316.363388
1316.363388
1316.363388
1316.363388
1316.363388
1316.363388
1316.363388
1316.363388
1316.363388
1316.363388
1316.363388
1316.363388
1316.363388
1316.363388
1316.363388
1316.363388
1316.363388
1316.363388
1316.363388
1316.363388
1316.363388
1316.363388
1316.363388
1316.363388
1316.363388
1316.363388
1316.363388
1316.363388
1316.363388
1316.363388
1316.363388
1316.363388
1316.363388
1316.363388
1316.363388
1316.363388
1316.363388
1316.363388
1316.363388
1316.363388
1316.363388
1316.363388
1316.363388
1316.363388
1316.363388
1316.363388
1316.363388
1316.363388
1316.363388
1316.363388
1316.363388
1316.197769
1316.197769
1316.197769
1316.197769
1316.197769
1316.197769
1316.197769
1316.197769
1316.197769
1316.184347
1316.184347
1316.184347
1316.184347
1316.184347
1316.184347
1316.184347
1316.184347
1316.184347
1316.184347
1316.184347
1316.184347
1316.184347
1316.184347
1316.184347
1316.184347
1316.184347
1316.184347
1316.184347
1316.184347
1316.184347
1316.184347
1316.184347
1316.184347
1316.184347
1316.184347
1316.184347
1316.184347
1316.184347
1316.184347
1316.184347
1316.184347
1316.184347
1316.184347
1316.184347
1316.184347
1316.184347
1316.184347
1316.184347
1316.184347
1316.184347
1316.184347
1316.184347
1316.184347
1316.184347
1316.184347
1316.184347
1316.184347
1316.184347
1316.184347
1316.184347
1316.184347
1316.184347
1316.184347
1316.184347
1316.184347
1316.184347
1316.172764
1316.172764
1316.172764
1316.163614
1316.163614
1316.163614
1316.163614
1316.163614
1316.163614
1316.163614
1316.163614
1316.163614
1316.163614
1316.163614
1316.163614
1316.163614
1316.163614
1316.163614
1316.163614
1316.163614
1316.163614
1316.163614
1316.163614
1316.163614
1316.163614
1316.163614
1316.163614
1316.163614
1316.163614
1316.163614
1316.163614
1316.163614
1316.163614
1316.163614
1316.163614
1316.163614
1316.163614
1316.163614
1316.163614
1316.163614
1316.163614
1316.163614
1316.163614
1316.163614
1316.163614
1316.163614
1316.163614
1316.163614
1316.163614
1316.163614
1316.127563
1316.127563
1316.127563
1316.127563
1316.127563
1316.127563
1316.127563
1316.127563
1316.127563
1316.127563
1316.127563
1316.127563
1316.127563
1316.127563
1316.127563
1316.127563
1316.127563
1316.127563
1316.127563
1316.127563
1316.127563
1316.127563
1316.127563
1316.127563
1316.127563
1316.127563
1316.127563
1316.127563
1316.127563
1316.127563
1316.127563
1316.127563
1316.127563
1316.127563
1316.127563
1316.127563
1316.127563
1316.127563
1316.127563
1316.127563
1316.127563
1316.127563
1316.127563
1316.127563
1316.127563
1316.127563
1316.127563
1316.127563
1316.127563
1316.127563
1316.127563
1316.127563
1316.127563
1316.127563
1316.127563
1316.127563
1316.127563
1316.127563
1316.127563
1316.127563
1316.127563
1316.127563
1316.127563
1316.127563
1316.127563
1316.127563
1316.127563
1316.127563
1316.127563
1316.127563
1316.127563
1316.127563
1316.127563
1316.127563
1315.381781
1315.381781
1315.381781
1315.381781
1315.381781
1315.381781
1315.381781
1315.381781
1315.381781
1315.381781
1315.381781
1315.381781
1315.381781
1315.381781
1315.381781
1315.381781
1315.381781
1315.381781
1315.381781
1315.381781
1315.381781
1315.381781
1315.381781
1315.381781
1315.381781
1315.381781
1315.381781
1315.381781
1315.381781
1315.381781
1315.381781
1315.381781
1315.381781
1315.381781
1315.381781
1315.381781
1315.381781
1315.381781
1315.381781
1315.381781
1315.381781
1315.381781
1315.381781
1315.381781
1315.381781
1315.381781
1315.381781
1315.381781
1315.381781
1315.381781
1315.381781
1315.381781
1315.381781
1315.381781
1315.381781
1315.381781
1315.381781
1315.381781
1315.381781
1315.381781
1315.381781
1315.381781
1315.381781
1315.381781
1315.381781
1315.381781
1315.381781
1315.381781
1315.381781
1315.381781
1315.381781
1315.381781
1315.381781
1315.381781
1315.381781
1315.381781
1315.381781
1315.381781
1315.381781
1315.381781
1315.381781
1315.381781
1315.381781
1315.381781
1315.381781
1315.381781
1315.381781
1315.381781
1315.381781
1315.381781
1315.381781
1315.381781
1315.381781
1315.381781
1315.381781
1315.381781
1315.381781
1315.381781
1315.381781
1315.381781
1315.381781
1315.381781
1315.381781
1315.381781
1315.381781
1315.381781
1315.381781
1315.381781
1315.381781
1315.381781
1315.381781
1315.381781
1315.381781
1315.381781
1315.381781
1315.381781
1315.381781
1315.381781
1315.381781
1315.381781
1315.381781
1315.381781
1315.381781
1315.381781
1315.381781
1315.381781
1315.381781
1315.381781
1315.381781
1315.381781
1315.381781
1315.381781
1315.381781
1315.381781
1315.381781
1315.381781
1315.381781
1315.381781
1315.381781
1315.381781
1315.381781
1315.381781
1315.381781
1315.381781
1315.381781
1315.381781
1315.381781
1315.381781
1315.381781
1315.381781
1315.381781
1315.381781
1315.381781
1315.381781
1315.381781
1315.381781
1315.381781
1315.381781
1315.381781
1315.381781
1315.381781
1315.381781
1315.381781
1315.381781
1315.381781
1315.381781
1315.381781
1315.381781
1315.381781
1315.381781
1315.381781
1315.381781
1315.381781
1315.381781
1315.381781
1315.381781
1315.381781
1315.381781
1315.381781
1315.381781
1315.381781
1315.381781
1315.381781
1315.381781
1315.381781
1315.381781
1315.381781
1315.381781
1315.381781
1315.381781
1315.381781
1315.381781
1315.381781
1315.381781
1315.381781
1315.381781
1315.381781
1315.381781
1315.381781
1315.381781
1315.381781
1315.381781
1315.381781
1315.381781
1315.381781
1315.365480
1315.365480
1315.340063
1315.340063
1315.340063
1315.340063
1315.340063
1315.340063
1315.340063
1315.340063
1315.340063
1315.340063
1315.340063
1315.340063
1315.340063
1315.340063
1315.340063
1315.340063
1315.340063
1315.340063
1315.340063
1315.340063
1315.340063
1315.340063
1315.340063
1315.340063
1315.340063
1315.340063
1315.340063
1315.340063
1315.340063
1315.340063
1315.340063
1315.340063
1315.340063
1315.340063
1315.340063
1315.340063
1315.340063
1315.340063
1315.340063
1315.340063
1315.340063
1315.340063
1315.340063
1315.340063
1315.340063
1315.340063
1315.340063
1315.340063
1315.340063
1315.340063
1315.340063
1315.340063
1315.340063
1315.340063
1315.340063
1315.339692
1315.339692
1315.339692
1315.339692
1315.339692
1315.339692
1315.339692
1315.339692
1315.339692
1315.339692
1315.339692
1315.339692
1315.339692
1315.339692
1315.339692
1315.339692
1315.339692
1315.339692
1315.339692
1315.339692
1315.339692
1315.339692
1315.339692
1315.339692
1315.339692
1315.339692
1315.339692
1315.339692
1315.339692
1315.339692
1315.339692
1315.339692
1315.339692
1315.339692
1315.339692
1315.285482
1315.285482
1315.285482
1315.282472
1315.282472
1315.282472
1315.282472
1315.282472
1315.282472
1315.282472
1315.282472
1315.282472
1315.282472
1315.282472
1315.282472
1315.282472
1315.246782
1315.246782
1315.246782
1315.246782
1315.246782
1315.246782
1315.246782
1315.246782
1315.246782
1315.246782
1315.246782
1315.246782
1315.246782
1315.246782
1315.246782
1315.246782
1315.246782
1315.246782
1315.246782
1315.246782
1315.246782
1315.246782
1315.246782
1315.246782
1315.246782
1315.246782
1315.246782
1315.246782
1315.246782
1315.246782
1315.246782
1315.246782
1315.246782
1315.246782
1315.246782
1315.246782
1315.246782
1315.246782
1315.246782
1315.246782
1315.246782
1315.246782
1315.246782
1315.246782
1315.246782
1315.246782
1315.246782
1315.246782
1315.246782
1315.246782
1315.246782
1315.246782
1315.246782
1315.246782
1315.246782
1315.246782
1315.246782
1315.246782
1315.221117
1315.221117
1315.167105
1315.167105
1315.167105
1315.167105
1315.167105
1315.167105
1315.167105
1315.167105
1315.167105
1315.167105
1315.167105
1315.154441
1315.154441
1315.154441
1315.154441
1315.154441
1315.154441
1315.154441
1315.154441
1315.154441
1315.154441
1315.154441
1315.154441
1315.154441
1315.154441
1315.154441
1315.154441
1315.154441
1315.154441
1315.154441
1315.154441
1315.154441
1315.154441
1315.154441
1315.154441
1315.113408
1315.113408
1315.113408
1315.014504
1315.014504
1315.014504
1315.014504
1315.014504
1315.014504
1315.014504
1315.014504
1315.014504
1315.014504
1315.014504
1314.969481
1314.969481
1314.969481
1314.969481
1314.969481
1314.969481
1314.969481
1314.969481
1314.969481
1314.969481
1314.969481
1314.969481
1314.969481
1314.969481
1314.969481
1314.969481
1314.969481
1314.969481
1314.969481
1314.969481
1314.969481
1314.969481
1314.969481
1314.969481
1314.969481
1314.969481
1314.969481
1314.969481
1314.969481
1314.969481
1314.969481
1314.969481
1314.969481
1314.969481
1314.969481
1314.969481
1314.969481
1314.969481
1314.969481
1314.969481
1314.969481
1314.969481
1314.969481
1314.969481
1314.969481
1314.969481
1314.969481
1314.969481
1314.969481
1314.969481
1314.969481
1314.969481
1314.969481
1314.969481
1314.969481
1314.969481
1314.969481
1314.969481
1314.969481
1314.969481
1314.969481
1314.969481
1314.969481
1314.969481
1314.969481
1314.969481
1314.969481
1314.969481
1314.969481
1314.969481
1314.969481
1314.969481
1314.969481
1314.969481
1314.969481
1314.969481
1314.969481
1314.969481
1314.969481
1314.969481
1314.969481
1314.969481
1314.969481
1314.969481
1314.969481
1314.863520
1314.863520
1314.863520
1314.863520
1314.863520
1314.863520
1314.863520
1314.863520
1314.863520
1314.863520
1314.863520
1314.863520
1314.863520
1314.863520
1314.863520
1314.863520
1314.863520
1314.863520
1314.863520
1314.863520
1314.863520
1314.863520
1314.863520
1314.863520
1314.863520
1314.863520
1314.863520
1314.863520
1314.863520
1314.863520
1314.863520
1314.863520
1314.863520
1314.863520
1314.863520
1314.863520
1314.863520
1314.863520
1314.863520
1314.863520
1314.863520
1314.863520
1314.863520
1314.863520
1314.863520
1314.863520
1314.863520
1314.863520
1314.863520
1314.863520
1314.863520
1314.863520
1314.863520
1314.863520
1314.863520
1314.863520
1314.863520
1314.863520
1314.863520
1314.863520
1314.863520
1314.863520
1314.863520
1314.863520
1314.863520
1314.863520
1314.853572
1314.853572
1314.853572
1314.853572
1314.853572
1314.853572
1314.853572
1314.853572
1314.853572
1314.853572
1314.853572
1314.853572
1314.853572
1314.853572
1314.853572
1314.853572
1314.853572
1314.853572
1314.853572
1314.842650
1314.842650
1314.842650
1314.842650
1314.842650
1314.842650
1314.842650
1314.842650
1314.842650
1314.842650
1314.842650
1314.842650
1314.842650
1314.842650
1314.842650
1314.842650
1314.842650
1314.842650
1314.842650
1314.842650
1314.842650
1314.842650
1314.842650
1314.842650
1314.842650
1314.842650
1314.842650
1314.842650
1314.842650
1314.842650
1314.842650
1314.842650
1314.842650
1314.842650
1314.842650
1314.842650
1314.842650
1314.842650
1314.842650
1314.842650
1314.842650
1314.842650
1314.842650
1314.842650
1314.842650
1314.826663
1314.826663
1314.826663
1314.826663
1314.826663
1314.826663
1314.826663
1314.826663
1314.826663
1314.826663
1314.826663
1314.826663
1314.826663
1314.826663
1314.826663
1314.747498
1314.747498
1314.747498
1314.747498
1314.747498
1314.747498
1314.747498
1314.747498
1314.747498
1314.747498
1314.747498
1314.747498
1314.747498
1314.747498
1314.747498
1314.747498
1314.747498
1314.747498
1314.747498
1314.747498
1314.747498
1314.747498
1314.747498
1314.747498
1314.747498
1314.747498
1314.747498
1314.747498
1314.747498
1314.747498
1314.747498
1314.747498
1314.747498
1314.747498
1314.747498
1314.747498
1314.747498
1314.747498
1314.747498
1314.747498
1314.745880
1314.745880
1314.745880
1314.745880
1314.745880
1314.745880
1314.745880
1314.745880
1314.745880
1314.745880
1314.664187
1314.664187
1314.664187
1314.664187
1314.664187
1314.664187
1314.664187
1314.664187
1314.664187
1314.664187
1314.664187
1314.664187
1314.664187
1314.664187
1314.664187
1314.664187
1314.664187
1314.664187
1314.664187
1314.664187
1314.664187
1314.664187
1314.664187
1314.664187
1314.664187
1314.664187
1314.664187
1314.664187
1314.664187
1314.664187
1314.664187
1314.664187
1314.664187
1314.664187
1314.664187
1314.664187
1314.664187
1314.664187
1314.664187
1314.664187
1314.664187
1314.664187
1314.664187
1314.664187
1314.664187
1314.664187
1314.664187
1314.664187
1314.664187
1314.664187
1314.664187
1314.664187
1314.664187
1314.621216
1314.621216
1314.621216
1314.621216
1314.621216
1314.621216
1314.621216
1314.621216
1314.621216
1314.621216
1314.621216
1314.621216
1314.621216
1314.621216
1314.621216
1314.621216
1314.621216
1314.621216
1314.621216
1314.621216
1314.621216
1314.621216
1314.621216
1314.621216
1314.621216
1314.621216
1314.621216
1314.621216
1314.621216
1314.621216
1314.621216
1314.621216
1314.621216
1314.621216
1314.621216
1314.582142
1314.582142
1314.582142
1314.582142
1314.582142
1314.582142
1314.582142
1314.566076
1314.566076
1314.566076
1314.566076
1314.566076
1314.566076
1314.566076
1314.566076
1314.566076
1314.566076
1314.566076
1314.566076
1314.566076
1314.566076
1314.566076
1314.566076
1314.566076
1314.566076
1314.566076
1314.566076
1314.566076
1314.566076
1314.566076
1314.566076
1314.566076
1314.566076
1314.566076
1314.566076
1314.566076
1314.566076
1314.566076
1314.566076
1314.566076
1314.566076
1314.566076
1314.566076
1314.566076
1314.566076
1314.566076
1314.566076
1314.566076
1314.566076
1314.566076
1314.566076
1314.566076
1314.566076
1314.566076
1314.566076
1314.566076
1314.566076
1314.566076
1314.566076
1314.566076
1314.566076
1314.566076
1314.566076
1314.566076
1314.566076
1314.541502
1314.541502
1314.541502
1314.541502
1314.541502
1314.541502
1314.541502
1314.541502
1314.541502
1314.541502
1314.541502
1314.541502
1314.541502
1314.541502
1314.541502
1314.541502
1314.541502
1314.541502
1314.541502
1314.541502
1314.541502
1314.541502
1314.541502
1314.519974
1314.452840
1314.452840
1314.452840
1314.452840
1314.399387
1314.399387
1314.399387
1314.399387
1314.399387
1314.399387
1314.399387
1314.399387
1314.399387
1314.399387
1314.399387
1314.399387
1314.399387
1314.399387
1314.399387
1314.399387
1314.399387
1314.399387
1314.399387
1314.399387
1314.399387
1314.399387
1314.399387
1314.399387
1314.399387
1314.399387
1314.399387
1314.399387
1314.399387
1314.399387
1314.399387
1314.399387
1314.399387
1314.399387
1314.399387
1314.399387
1314.399387
1314.399387
1314.399387
1314.399387
1314.399387
1314.399387
1314.399387
1314.399387
1314.399387
1314.399387
1314.399387
1314.399387
1314.399387
1314.399387
1314.399387
1314.399387
1314.399387
1314.399387
1314.399387
1314.399387
1314.399387
1314.399387
1314.399387
1314.399387
1314.399387
1314.399387
1314.399387
1314.399387
1314.399387
1314.399387
1314.399387
1314.399387
1314.399387
1314.399387
1314.399387
1314.399387
1314.399387
1314.399387
1314.399387
1314.399387
1314.399387
1314.386091
1314.386091
1314.386091
1314.386091
1314.386091
1314.386091
1314.386091
1314.386091
1314.282313
1314.282313
1314.282313
1314.282313
1314.282313
1314.282313
1314.282313
1314.282313
1314.282313
1314.282313
1314.282313
1314.282313
1314.282313
1314.282313
1314.282313
1314.282313
1314.282313
1314.282313
1314.282313
1314.282313
1314.282313
1314.282313
1314.282313
1314.282313
1314.282313
1314.282313
1314.282313
1314.282313
1314.282313
1314.282313
1314.282313
1314.282313
1314.282313
1314.282313
1314.282313
1314.282313
1314.282313
1314.282313
1314.282313
1314.282313
1314.282313
1314.282313
1314.282313
1314.282313
1314.282313
1314.282313
1314.282313
1314.282313
1314.282313
1314.282313
1314.282313
1314.282313
1314.282313
1314.120390
1314.120390
1314.120390
1314.120390
1314.120390
1314.120390
1314.120390
1314.120390
1314.120390
1314.120390
1314.120390
1314.120390
1314.120390
1314.120390
1314.120390
1314.120390
1314.120390
1314.120390
1314.002837
1314.002837
1314.002837
1314.002837
1314.002837
1314.002837
1314.002837
1314.002837
1314.002837
1314.002837
1314.002837
1314.002837
1314.002837
1314.002837
1314.002837
1314.002837
1314.002837
1314.002837
1314.002837
1314.002837
1314.002837
1314.002837
1314.002837
1314.002837
1314.002837
1314.002837
1314.002837
1314.002837
1314.002837
1314.002837
1314.002837
1314.002837
1314.002837
1314.002837
1314.002837
1314.002837
1314.002837
1314.002837
1314.002837
1314.002837
1314.002837
1314.002837
1314.002837
1314.002837
1314.002837
1314.002837
1314.002837
1314.002837
1314.002837
1314.002837
1314.002837
1314.002837
1314.002837
1314.002837
1314.002837
1314.002837
1314.002837
1314.002837
1314.002837
1314.002837
1314.002837
1314.002837
1314.002837
1314.002837
1314.002837
1314.002837
1314.002837
1314.002837
1314.002837
1314.002837
1314.002837
1314.002837
1314.002837
1314.002837
1314.002837
1314.002837
1314.002837
1314.002837
1314.002837
1314.002837
1314.002837
1314.002837
1314.002837
1314.002837
1314.002837
1314.002837
1313.899754
1313.899754
1313.899754
1313.899754
1313.899754
1313.899754
1313.899754
1313.899754
1313.899754
1313.899754
1313.899754
1313.899754
1313.899754
1313.899754
1313.899754
1313.899754
1313.899754
1313.899754
1313.899754
1313.899754
1313.899754
1313.899754
1313.899754
1313.899754
1313.899754
1313.899754
1313.899754
1313.899754
1313.899754
1313.899754
1313.899754
1313.899754
1313.899754
1313.899754
1313.899754
1313.899754
1313.899754
1313.899754
1313.899754
1313.899754
1313.899754
1313.899754
1313.899754
1313.899754
1313.899754
1313.899754
1313.899754
1313.899754
1313.899754
1313.899754
1313.899754
1313.899754
1313.899754
1313.899754
1313.899754
1313.899754
1313.899754
1313.899754
1313.899754
1313.899754
1313.899754
1313.899754
1313.899754
1313.899754
1313.899754
1313.899754
1313.899754
1313.899754
1313.899754
1313.899754
1313.899754
1313.785732
1313.785732
1313.785732
1313.785732
1313.785732
1313.785732
1313.785732
1313.785732
1313.785732
1313.785732
1313.785732
1313.785732
1313.785732
1313.785732
1313.785732
1313.785732
1313.785732
1313.785732
1313.785732
1313.785732
1313.785732
1313.785732
1313.785732
1313.785732
1313.785732
1313.785732
1313.785732
1313.785732
1313.785732
1313.785732
1313.785732
1313.785732
1313.785732
1313.785732
1313.785732
1313.785732
1313.785732
1313.785732
1313.785732
1313.785732
1313.785732
1313.785732
1313.785732
1313.785732
1313.785732
1313.785732
1313.785732
1313.785732
1313.785732
1313.785732
1313.785732
1313.785732
1313.785732
1313.785732
1313.785732
1313.785732
1313.785732
1313.785732
1313.785732
1313.785732
1313.785732
1313.785732
1313.785732
1313.785732
1313.785732
1313.785732
1313.677628
1313.677628
1313.677628
1313.677628
1313.677628
1313.677628
1313.677628
1313.677628
1313.677628
1313.677628
1313.677628
1313.677628
1313.677628
1313.677628
1313.677628
1313.677628
1313.677628
1313.677628
1313.677628
1313.677628
1313.677628
1313.677628
1313.677628
1313.677628
1313.677628
1313.648166
1313.648166
1313.648166
1313.648166
1313.648166
1313.648166
1313.648166
1313.648166
1313.648166
1313.648166
1313.648166
1313.648166
1313.648166
1313.648166
1313.648166
1313.648166
1313.648166
1313.648166
1313.648166
1313.648166
1313.648166
1313.648166
1313.648166
1313.648166
1313.648166
1313.648166
1313.648166
1313.648166
1313.648166
1313.648166
1313.648166
1313.642936
1313.642936
1313.642936
1313.642936
1313.642936
1313.642936
1313.642936
1313.642936
1313.642936
1313.642936
1313.642936
1313.642936
1313.642936
1313.642936
1313.642936
1313.642936
1313.642936
1313.642936
1313.642936
1313.642936
1313.642936
1313.642936
1313.642936
1313.642936
1313.642936
1313.642936
1313.642936
1313.642936
1313.642936
1313.642936
1313.642936
1313.642936
1313.642936
1313.642936
1313.642936
1313.642936
1313.642936
1313.642936
1313.642936
1313.642936
1313.642936
1313.642936
1313.642936
1313.642936
1313.642936
1313.642936
1313.642936
1313.642936
1313.642936
1313.642936
1313.642936
1313.642936
1313.642936
1313.642936
1313.642936
1313.642936
1313.642936
1313.642936
1313.642936
1313.594375
1313.594375
1313.594375
1313.594375
1313.594375
1313.594375
1313.594375
1313.594375
1313.594375
1313.594375
1313.594375
1313.594375
1313.594375
1313.594375
1313.594375
1313.594375
1313.594375
1313.594375
1313.594375
1313.594375
1313.594375
1313.594375
1313.594375
1313.594375
1313.594375
1313.594375
1313.594375
1313.594375
1313.594375
1313.594375
1313.594375
1313.594375
1313.594375
1313.594375
1313.594375
1313.594375
1313.594375
1313.594375
1313.594375
1313.594375
1313.594375
1313.594375
1313.594375
1313.594375
1313.594375
1313.594375
1313.594375
1313.570248
1313.570248
1313.570248
1313.570248
1313.570248
1313.570248
1313.570248
1313.570248
1313.411855
1313.411855
1313.411855
1313.411855
1313.411855
1313.411855
1313.411855
1313.411855
1313.411855
1313.411855
1313.411855
1313.411855
1313.411855
1313.411855
1313.411855
1313.411855
1313.411855
1313.411855
1313.411855
1313.411855
1313.411855
1313.411855
1313.411855
1313.411855
1313.411855
1313.411855
1313.411855
1313.411855
1313.411855
1313.411855
1313.411855
1313.411855
1313.411855
1313.411855
1313.411855
1313.411855
1313.411855
1313.411855
1313.411855
1313.411855
1313.411855
1313.411855
1313.411855
1313.411855
1313.411855
1313.411855
1313.411855
1313.411855
1313.411855
1313.411855
1313.411855
1313.411855
1313.411855
1313.411855
1313.411855
1313.411855
1313.411855
1313.411855
1313.411855
1313.411855
1313.411855
1313.411855
1313.411855
1313.411855
1313.411855
1313.411855
1313.411855
1313.411855
1313.411855
1313.411855
1313.411855
1313.411855
1313.411855
1313.411855
1313.411855
1313.411855
1313.411855
1313.411855
1313.411855
1313.411855
1313.411855
1313.411855
1313.411855
1313.411855
1313.411855
1313.411855
1313.411855
1313.411855
1313.411855
1313.411855
1313.411855
1313.411855
1313.411855
1313.411855
1313.411855
1313.411855
1313.411855
1313.411855
1313.411855
1313.411855
1313.411855
1313.411855
1313.411855
1313.411855
1313.411855
1313.411855
1313.411855
1313.411855
1313.411855
1313.411855
1313.411855
1313.411855
1313.411855
1313.411855
1313.411855
1313.411855
1313.411855
1313.411855
1313.410147
1313.410147
1313.410147
1313.410147
1313.410147
1313.410147
1313.410147
1313.410147
1313.410147
1313.410147
1313.410147
1313.410147
1313.410147
1313.410147
1313.410147
1313.410147
1313.410147
1313.410147
1313.410147
1313.410147
1313.410147
1313.410147
1313.410147
1313.410147
1313.410147
1313.410147
1313.410147
1313.410147
1313.216370
1313.216370
1313.216370
1313.216370
1313.216370
1313.216370
1313.216370
1313.216370
1313.216370
1313.216370
1313.216370
1313.216370
1313.216370
1313.216370
1313.216370
1313.216370
1313.216370
1313.216370
1313.216370
1313.216370
1313.216370
1313.216370
1313.216370
1313.216370
1313.216370
1313.216370
1313.216370
1313.216370
1313.216370
1313.216370
1313.216370
1313.216370
1313.216370
1313.216370
1313.216370
1313.216370
1313.216370
1313.216370
1313.216370
1313.216370
1313.216370
1313.216370
1313.216370
1313.216370
1313.216370
1313.216370
1313.216370
1313.210532
1313.210532
1313.210532
1313.210532
1313.210532
1313.210532
1313.210532
1313.210532
1313.210532
1313.210532
1313.210532
1313.210532
1313.210532
1313.210532
1313.210532
1313.210532
1313.210532
1313.210532
1313.210532
1313.210532
1313.210532
1313.210532
1313.210532
1313.210532
1313.210532
1313.210532
1313.210532
1313.210532
1313.210532
1313.210532
1313.210532
1313.210532
1313.210532
1313.210532
1313.210532
1313.210532
1313.210532
1313.210532
1313.210532
1313.210532
1313.210532
1313.210532
1313.210532
1313.210532
1313.210532
1313.210532
1313.210532
1313.210532
1313.210532
1313.210532
1313.210532
1313.210532
1313.210532
1313.210532
1313.210532
1313.110652
1313.110652
1313.110652
1313.110652
1313.110652
1313.110652
1313.110652
1313.110652
1313.110652
1313.110652
1313.110652
1313.110652
1313.110652
1313.110652
1313.110652
1313.110652
1313.110652
1313.110652
1313.110652
1313.110652
1313.110652
1313.110652
1313.110652
1313.110652
1313.110652
1313.110652
1313.110652
1313.110652
1313.110652
1313.110652
1313.110652
1313.110652
1313.110652
1313.110652
1313.110652
1313.110652
1313.110652
1313.110652
1313.110652
1313.110652
1313.110652
1313.110652
1313.110652
1313.110652
1313.110652
1313.110652
1313.110652
1313.110652
1313.110652
1313.110652
1313.110652
1313.110652
1313.110652
1313.110652
1313.110652
1313.110652
1313.110652
1313.110652
1313.110652
1313.110652
1313.110652
1313.110652
1313.110652
1313.110652
1313.110652
1313.110652
1313.092949
1313.092949
1313.092949
1313.092949
1313.092949
1313.092949
1313.092949
1313.092949
1313.092949
1313.092949
1313.092949
1313.092949
1313.092949
1313.092949
1313.092949
1313.092949
1313.092949
1313.092949
1313.092949
1313.092949
1313.092949
1313.092949
1313.092949
1313.092949
1313.092949
1313.092949
1313.092949
1313.092949
1313.092949
1313.092949
1313.092949
1313.089830
1313.089830
1313.089830
1313.089830
1313.089830
1313.089830
1313.064033
1313.064033
1313.064033
1313.064033
1313.064033
1313.064033
1313.064033
1313.064033
1313.064033
1313.064033
1313.064033
1313.064033
1313.064033
1313.064033
1313.064033
1313.064033
1313.064033
1313.064033
1313.064033
1313.064033
1313.064033
1313.064033
1313.064033
1313.064033
1313.064033
1313.064033
1313.064033
1313.064033
1313.064033
1313.064033
1313.064033
1313.064033
1313.064033
1313.064033
1313.022695
1313.022695
1313.022695
1313.022695
1313.022695
1313.022695
1313.022695
1313.022695
1313.022695
1313.022695
1313.022695
1313.022695
1313.022695
1313.022695
1313.022695
1313.022695
1313.022695
1313.022695
1313.022695
1313.022695
1313.022695
1313.003749
1313.003749
1313.003749
1313.003749
1313.003749
1313.003749
1313.003749
1313.003749
1313.003749
1313.003749
1313.003749
1312.995719
1312.995719
1312.995719
1312.995719
1312.995719
1312.995719
1312.995719
1312.995719
1312.995719
1312.995719
1312.995719
1312.995719
1312.995719
1312.995719
1312.995719
1312.995719
1312.995719
1312.995719
1312.995719
1312.995719
1312.995719
1312.995719
1312.995719
1312.995719
1312.995719
1312.995719
1312.995719
1312.995719
1312.995719
1312.995719
1312.995719
1312.995719
1312.995719
1312.995719
1312.995719
1312.995719
1312.995719
1312.995719
1312.995719
1312.995719
1312.995719
1312.995719
1312.995719
1312.995719
1312.995719
1312.995719
1312.995719
1312.995719
1312.995719
1312.995719
1312.995719
1312.995719
1312.995719
1312.995719
1312.995719
1312.995719
1312.995719
1312.995719
1312.995719
1312.995719
1312.995719
1312.995719
1312.995719
1312.995719
1312.995719
1312.995719
1312.995719
1312.995719
1312.995719
1312.995719
1312.995719
1312.814416
1312.814416
1312.814416
1312.814416
1312.814416
1312.814416
1312.814416
1312.814416
1312.814416
1312.814416
1312.814416
1312.814416
1312.814416
1312.814416
1312.814416
1312.814416
1312.814416
1312.814416
1312.814416
1312.814416
1312.814416
1312.814416
1312.814416
1312.814416
1312.814416
1312.814416
1312.814416
1312.814416
1312.814416
1312.814416
1312.814416
1312.814416
1312.814416
1312.814416
1312.814416
1312.814416
1312.814416
1312.814416
1312.814416
1312.814416
1312.814416
1312.814416
1312.814416
1312.814416
1312.814416
1312.814416
1312.814416
1312.814416
1312.814416
1312.814416
1312.814416
1312.814416
1312.814416
1312.814416
1312.814416
1312.814416
1312.814416
1312.814416
1312.814416
1312.814416
1312.814416
1312.814416
1312.814416
1312.814416
1312.814416
1312.814416
1312.814416
1312.814416
1312.814416
1312.814416
1312.814416
1312.814416
1312.814416
1312.814416
1312.814416
1312.814416
1312.814416
1312.814416
1312.814416
1312.814416
1312.814416
1312.814416
1312.814416
1312.814416
1312.814416
1312.814416
1312.814416
1312.814416
1312.814416
1312.814416
1312.814416
1312.814416
1312.814416
1312.814416
1312.814416
1312.814416
1312.814416
1312.814416
1312.814416
1312.814416
1312.814416
1312.814416
1312.814416
1312.814416
1312.814416
1312.814416
1312.814416
1312.814416
1312.814416
1312.814416
1312.814416
1312.814416
1312.814416
1312.814416
1312.814416
1312.814416
1312.814416
1312.814416
1312.814416
1312.814416
1312.814416
1312.814416
1312.814416
1312.814416
1312.814416
1312.814416
1312.814416
1312.814416
1312.814416
1312.814416
1312.814416
1312.814416
1312.814416
1312.814416
1312.814416
1312.726951
1312.726951
1312.726951
1312.726951
1312.726951
1312.726951
1312.726951
1312.726951
1312.726951
1312.726951
1312.726951
1312.726951
1312.726951
1312.726951
1312.726951
1312.726951
1312.726951
1312.726951
1312.726951
1312.726951
1312.726951
1312.726951
1312.726951
1312.677768
1312.677768
1312.677768
1312.677768
1312.677768
1312.677768
1312.677768
1312.677768
1312.677768
1312.677768
1312.677768
1312.677768
1312.677768
1312.600952
1312.600952
1312.600952
1312.600952
1312.600952
1312.600952
1312.600952
1312.600952
1312.600952
1312.600952
1312.600952
1312.600952
1312.600952
1312.600952
1312.600952
1312.600952
1312.600952
1312.600952
1312.600952
1312.600952
1312.600952
1312.600952
1312.600952
1312.600952
1312.600952
1312.600952
1312.600952
1312.600952
1312.600952
1312.600952
1312.600952
1312.600952
1312.600952
1312.600952
1312.600952
1312.600952
1312.600952
1312.600952
1312.600952
1312.600952
1312.600952
1312.600952
1312.600952
1312.600952
1312.600952
1312.600952
1312.600952
1312.600952
1312.600952
1312.600952
1312.600952
1312.600952
1312.600952
1312.600952
1312.600952
1312.600952
1312.600952
1312.600952
1312.600952
1312.600952
1312.600952
1312.600952
1312.600952
1312.600952
1312.600952
1312.600952
1312.561269
1312.561269
1312.561269
1312.561269
1312.561269
1312.561269
1312.561269
1312.561269
1312.561269
1312.561269
1312.561269
1312.561269
1312.561269
1312.561269
1312.561269
1312.561269
1312.561269
1312.561269
1312.561269
1312.561269
1312.561269
1312.561269
1312.561269
1312.561269
1312.561269
1312.561269
1312.561269
1312.561269
1312.561269
1312.561269
1312.561269
1312.561269
1312.561269
1312.561269
1312.561269
1312.561269
1312.561269
1312.561269
1312.561269
1312.561269
1312.561269
1312.561269
1312.561269
1312.561269
1312.561269
1312.561269
1312.561269
1312.561269
1312.561269
1312.561269
1312.561269
1312.561269
1312.561269
1312.561269
1312.561269
1312.561269
1312.561269
1312.561269
1312.561269
1312.561269
1312.561269
1312.561269
1312.561269
1312.561269
1312.561269
1312.561269
1312.561269
1312.561269
1312.561269
1312.561269
1312.561269
1312.561269
1312.561269
1312.561269
1312.561269
1312.561269
1312.561269
1312.561269
1312.561269
1312.561269
1312.561269
1312.561269
1312.561269
1312.561269
1312.561269
1312.561269
1312.561269
1312.561269
1312.561269
1312.561269
1312.561269
1312.561269
1312.561269
1312.561269
1312.561269
1312.561269
1312.561269
1312.561269
1312.561269
1312.561269
1312.561269
1312.561269
1312.561269
1312.561269
1312.561269
1312.561269
1312.561269
1312.561269
1312.561269
1312.561269
1312.561269
1312.561269
1312.561269
1312.561269
1312.561269
1312.561269
1312.561269
1312.561269
1312.561269
1312.561269
1312.561269
1312.561269
1312.561269
1312.561269
1312.561269
1312.561269
1312.561269
1312.561269
1312.561269
1312.561269
1312.561269
1312.561269
1312.561269
1312.561269
1312.561269
1312.561269
1312.557521
1312.557521
1312.557521
1312.557521
1312.557521
1312.557521
1312.557521
1312.557521
1312.557521
1312.557521
1312.557521
1312.557521
1312.557521
1312.557521
1312.557521
1312.525964
1312.525964
1312.525964
1312.525964
1312.525964
1312.525964
1312.525964
1312.525964
1312.525964
1312.525964
1312.525964
1312.525964
1312.525964
1312.525964
1312.525964
1312.525964
1312.525964
1312.525964
1312.525964
1312.525964
1312.525964
1312.525964
1312.525964
1312.525964
1312.525964
1312.525964
1312.525964
1312.525964
1312.525964
1312.525964
1312.525964
1312.525964
1312.510816
1312.510816
1312.510816
1312.412376
1312.412376
1312.412376
1312.412376
1312.412376
1312.412376
1312.412376
1312.412376
1312.412376
1312.412376
1312.412376
1312.412376
1312.412376
1312.412376
1312.412376
1312.412376
1312.412376
1312.412376
1312.412376
1312.412376
1312.412376
1312.412376
1312.412376
1312.412376
1312.412376
1312.412376
1312.412376
1312.412376
1312.412376
1312.412376
1312.412376
1312.412376
1312.412376
1312.412376
1312.412376
1312.412376
1312.412376
1312.412376
1312.412376
1312.412376
1312.412376
1312.412376
1312.300007
1312.300007
1312.300007
1312.300007
1312.300007
1312.300007
1312.300007
1312.300007
1312.300007
1312.300007
1312.300007
1312.300007
1312.300007
1312.300007
1312.300007
1312.300007
1312.300007
1312.300007
1312.300007
1312.300007
1312.300007
1312.300007
1312.300007
1312.300007
1312.300007
1312.300007
1312.300007
1312.300007
1312.300007
1312.300007
1312.300007
1312.300007
1312.300007
1312.300007
1312.300007
1312.300007
1312.300007
1312.300007
1312.300007
1312.300007
1312.300007
1312.300007
1312.300007
1312.300007
1312.300007
1312.300007
1312.300007
1312.300007
1312.300007
1312.300007
1312.253290
1312.253290
1312.253290
1312.253290
1312.253290
1312.253290
1312.253290
1312.253290
1312.253290
1312.253290
1312.253290
1312.253290
1312.253290
1312.253290
1312.253290
1312.253290
1312.253290
1312.253290
1312.253290
1312.253290
1312.253290
1312.253290
1312.253290
1312.253290
1312.253290
1312.253290
1312.253290
1312.253290
1312.253290
1312.253290
1312.253290
1312.253290
1312.253290
1312.253290
1312.253290
1312.253290
1312.253290
1312.253290
1312.253290
1312.253290
1312.253290
1312.253290
1312.253290
1312.253290
1312.253290
1312.253290
1312.253290
1312.253290
1312.253290
1312.253290
1312.253290
1312.253290
1312.253290
1312.253290
1312.253290
1312.190910
1312.190910
1312.190910
1312.190910
1312.142099
1312.142099
1312.142099
1312.142099
1312.142099
1312.142099
1312.142099
1312.142099
1312.142099
1312.142099
1312.142099
1312.142099
1312.142099
1312.142099
1312.142099
1312.142099
1312.142099
1312.142099
1312.142099
1312.142099
1312.142099
1312.142099
1312.142099
1312.142099
1312.142099
1312.142099
1312.142099
1312.142099
1312.142099
1312.142099
1312.099916
1312.099916
1312.099916
1312.099916
1312.099916
1312.099916
1312.099916
1312.099916
1312.099916
1312.099916
1312.099916
1312.099916
1312.099916
1312.099916
1312.099916
1312.099916
1312.099916
1312.099916
1312.099916
1312.099916
1312.099916
1312.099916
1312.099916
1312.099916
1312.099916
1312.099916
1312.099916
1312.099916
1312.099916
1312.099916
1312.099916
1312.099916
1312.099916
1312.099916
1312.099916
1312.099916
1312.099916
1312.099916
1312.099916
1312.099916
1312.099916
1312.099916
1312.099916
1312.077088
1312.077088
1312.077088
1312.077088
1312.077088
1312.077088
1312.077088
1312.077088
1312.077088
1312.077088
1312.077088
1312.077088
1312.077088
1312.077088
1312.077088
1312.077088
1312.077088
1312.077088
1312.077088
1312.077088
1312.077088
1312.077088
1312.077088
1312.077088
1312.077088
1312.077088
1312.077088
1312.077088
1312.077088
1312.077088
1312.077088
1312.077088
1312.077088
1312.077088
1312.077088
1312.077088
1312.077088
1312.077088
1312.077088
1312.077088
1312.077088
1312.077088
1312.077088
1312.077088
1312.077088
1312.077088
1312.077088
1312.077088
1312.077088
1312.077088
1312.077088
1312.077088
1312.077088
1312.077088
1312.077088
1312.077088
1312.077088
1312.077088
1312.077088
1312.077088
1312.077088
1312.077088
1312.077088
1312.077088
1312.077088
1312.077088
1312.077088
1312.077088
1312.077088
1312.077088
1312.077088
1312.077088
1312.077088
1312.077088
1312.077088
1312.077088
1312.077088
1312.077088
1312.058594
1312.058594
1312.058594
1312.004410
1312.004410
1312.004410
1312.004410
1312.004410
1312.004410
1312.004410
1312.004410
1312.004410
1312.004410
1312.004410
1312.004410
1312.004410
1312.004410
1312.004410
1312.004410
1312.004410
1312.004410
1312.004410
1312.004410
1312.004410
1312.004410
1312.004410
1312.004410
1312.004410
1311.857694
1311.857694
1311.857694
1311.857694
1311.857694
1311.857694
1311.857694
1311.857694
1311.857694
1311.857694
1311.857694
1311.857694
1311.857694
1311.857694
1311.857694
1311.857694
1311.857694
1311.857694
1311.857694
1311.857694
1311.857694
1311.857694
1311.857694
1311.857694
1311.857694
1311.857694
1311.857694
1311.857694
1311.857694
1311.857694
1311.857694
1311.857694
1311.857694
1311.857694
1311.857694
1311.857694
1311.857694
1311.857694
1311.857694
1311.857694
1311.857694
1311.857694
1311.857694
1311.857694
1311.857694
1311.857694
1311.857694
1311.857694
1311.857694
1311.857694
1311.857694
1311.857694
1311.857694
1311.845951
1311.845951
1311.845951
1311.845951
1311.845951
1311.845951
1311.845951
1311.845951
1311.845951
1311.845951
1311.845951
1311.845951
1311.845951
1311.845951
1311.845951
1311.845951
1311.845951
1311.845951
1311.845951
1311.845951
1311.845951
1311.845951
1311.845951
1311.845951
1311.845951
1311.845951
1311.845951
1311.845951
1311.845951
1311.845951
1311.845951
1311.845951
1311.845951
1311.845951
1311.845951
1311.845951
1311.845951
1311.845951
1311.845951
1311.845951
1311.845951
1311.845951
1311.845951
1311.845951
1311.845951
1311.845951
1311.845951
1311.845951
1311.845951
1311.845951
1311.845951
1311.845951
1311.845951
1311.845951
1311.845951
1311.761694
1311.761694
1311.761694
1311.761694
1311.761694
1311.761694
1311.761694
1311.761694
1311.761694
1311.761694
1311.761694
1311.761694
1311.761694
1311.761694
1311.761694
1311.761694
1311.761694
1311.761694
1311.761694
1311.761694
1311.761694
1311.761694
1311.761694
1311.761694
1311.761694
1311.761694
1311.761694
1311.761694
1311.761694
1311.761694
1311.761694
1311.761694
1311.761694
1311.761694
1311.761694
1311.761694
1311.761694
1311.761694
1311.761694
1311.761694
1311.761694
1311.761694
1311.761694
1311.761694
1311.761694
1311.761694
1311.761694
1311.761694
1311.761694
1311.761694
1311.761694
1311.761694
1311.761694
1311.761694
1311.761694
1311.761694
1311.761694
1311.761694
1311.761694
1311.761694
1311.761694
1311.761694
1311.761694
1311.761694
1311.761694
1311.761694
1311.761694
1311.761694
1311.761694
1311.761694
1311.757820
1311.757820
1311.757820
1311.757820
1311.757820
1311.757820
1311.757820
1311.757820
1311.757820
1311.757820
1311.757820
1311.757820
1311.757820
1311.757820
1311.757820
1311.757820
1311.757820
1311.757820
1311.757820
1311.757820
1311.757820
1311.757820
1311.757820
1311.757820
1311.757820
1311.757820
1311.757820
1311.757820
1311.757820
1311.757820
1311.757820
1311.757820
1311.757820
1311.757820
1311.757820
1311.757820
1311.757820
1311.757820
1311.757820
1311.757820
1311.757820
1311.757820
1311.757820
1311.757820
1311.757820
1311.757820
1311.651476
1311.651476
1311.651476
1311.651476
1311.651476
1311.651476
1311.651476
1311.651476
1311.651476
1311.651476
1311.651476
1311.651476
1311.651476
1311.651476
1311.651476
1311.651476
1311.651476
1311.651476
1311.651476
1311.651476
1311.651476
1311.651476
1311.651476
1311.651476
1311.651476
1311.651476
1311.651476
1311.651476
1311.626475
1311.626475
1311.626475
1311.626475
1311.626475
1311.626475
1311.626475
1311.626475
1311.626475
1311.626475
1311.626475
1311.626475
1311.626475
1311.626475
1311.626475
1311.626475
1311.626475
1311.626475
1311.626475
1311.626475
1311.626475
1311.626475
1311.626475
1311.626475
1311.626475
1311.626475
1311.626475
1311.626475
1311.626475
1311.626475
1311.626475
1311.626475
1311.626475
1311.626475
1311.626475
1311.626475
1311.626475
1311.626475
1311.626475
1311.626475
1311.626475
1311.626475
1311.626475
1311.626475
1311.626475
1311.626475
1311.626475
1311.626475
1311.626475
1311.626475
1311.626475
1311.626475
1311.626475
1311.626475
1311.626475
1311.626475
1311.626475
1311.626475
1311.626475
1311.626475
1311.626475
1311.626475
1311.626475
1311.626475
1311.626475
1311.626475
1311.626475
1311.626475
1311.626475
1311.626475
1311.626475
1311.626475
1311.626475
1311.626475
1311.626475
1311.626475
1311.626475
1311.626475
1311.626475
1311.626475
1311.626475
1311.626475
1311.626475
1311.626475
1311.626475
1311.626475
1311.626475
1311.626475
1311.626475
1311.626475
1311.626475
1311.626475
1311.626475
1311.626475
1311.626475
1311.626475
1311.626475
1311.626475
1311.626475
1311.626475
1311.626475
1311.615971
1311.615971
1311.615971
1311.615971
1311.615971
1311.615971
1311.615971
1311.615971
1311.615971
1311.615971
1311.615971
1311.615971
1311.615971
1311.615971
1311.615971
1311.615971
1311.615971
1311.615971
1311.615971
1311.615971
1311.615971
1311.615971
1311.615971
1311.615971
1311.615971
1311.615971
1311.615971
1311.615971
1311.615971
1311.615971
1311.615971
1311.615971
1311.615971
1311.615971
1311.615971
1311.615971
1311.615971
1311.615971
1311.615971
1311.615971
1311.609552
1311.609552
1311.609552
1311.609552
1311.609552
1311.609552
1311.609552
1311.609552
1311.609552
1311.609552
1311.609552
1311.609552
1311.609552
1311.609552
1311.609552
1311.609552
1311.609552
1311.609552
1311.609552
1311.609552
1311.609552
1311.609552
1311.609552
1311.609552
1311.609552
1311.609552
1311.609552
1311.609552
1311.609552
1311.609552
1311.609552
1311.609552
1311.609552
1311.609552
1311.609552
1311.609552
1311.609552
1311.609552
1311.609552
1311.609552
1311.609552
1311.609552
1311.609552
1311.609552
1311.609552
1311.609552
1311.609552
1311.609552
1311.609552
1311.609552
1311.609552
1311.609552
1311.609552
1311.609552
1311.609552
1311.609552
1311.609552
1311.609552
1311.609552
1311.609552
1311.609552
1311.609552
1311.609552
1311.609552
1311.609552
1311.609552
1311.609552
1311.609552
1311.609552
1311.609552
1311.609552
1311.609552
1311.609552
1311.609552
1311.609552
1311.609552
1311.609552
1311.609552
1311.609552
1311.609552
1311.609552
1311.609552
1311.609552
1311.593874
1311.593874
1311.593874
1311.593874
1311.593874
1311.593874
1311.593874
1311.593874
1311.593874
1311.593874
1311.593874
1311.593874
1311.593874
1311.593874
1311.593874
1311.593874
1311.593874
1311.593874
1311.593874
1311.593874
1311.593874
1311.593874
1311.593874
1311.593874
1311.593874
1311.593874
1311.593874
1311.593874
1311.593874
1311.593874
1311.593874
1311.593874
1311.593874
1311.593874
1311.593874
1311.593874
1311.593874
1311.593874
1311.593874
1311.593874
1311.593874
1311.593874
1311.593874
1311.593874
1311.593874
1311.593874
1311.593874
1311.593874
1311.593874
1311.591964
1311.591964
1311.591964
1311.591964
1311.591964
1311.591964
1311.591964
1311.591964
1311.591964
1311.591964
1311.591964
1311.591964
1311.591964
1311.591964
1311.591964
1311.591964
1311.591964
1311.591964
1311.591964
1311.591964
1311.591964
1311.591964
1311.591964
1311.591964
1311.591964
1311.591964
1311.591964
1311.591964
1311.591964
1311.591964
1311.591964
1311.591964
1311.559452
1311.559452
1311.559452
1311.559452
1311.559452
1311.559452
1311.559452
1311.559452
1311.559452
1311.559452
1311.559452
1311.559452
1311.559452
1311.559452
1311.559452
1311.559452
1311.559452
1311.559452
1311.559452
1311.559452
1311.559452
1311.559452
1311.559452
1311.559452
1311.559452
1311.559452
1311.559452
1311.559452
1311.559452
1311.559452
1311.559452
1311.559452
1311.559452
1311.559452
1311.559452
1311.559452
1311.521977
1311.521977
1311.521977
1311.521977
1311.521977
1311.521977
1311.521977
1311.521977
1311.521977
1311.521977
1311.521977
1311.521977
1311.521977
1311.521977
1311.521977
1311.521977
1311.521977
1311.521977
1311.521977
1311.521977
1311.521977
1311.521977
1311.521977
1311.521977
1311.521977
1311.521977
1311.521977
1311.521977
1311.521977
1311.521977
1311.521977
1311.521977
1311.518994
1311.518994
1311.518994
1311.518994
1311.518994
1311.518994
1311.518994
1311.518994
1311.518994
1311.518994
1311.518994
1311.518994
1311.518994
1311.518994
1311.518994
1311.518994
1311.518994
1311.518994
1311.518994
1311.518994
1311.518994
1311.518994
1311.518994
1311.518994
1311.518994
1311.518994
1311.518994
1311.518994
1311.518994
1311.518994
1311.518994
1311.518346
1311.518346
1311.518346
1311.518346
1311.518346
1311.518346
1311.518346
1311.518346
1311.518346
1311.518346
1311.518346
1311.518346
1311.518346
1311.518346
1311.518346
1311.481278
1311.481278
1311.481278
1311.446740
1311.446740
1311.446740
1311.446740
1311.446740
1311.446740
1311.446740
1311.446740
1311.446740
1311.446740
1311.446740
1311.446740
1311.446740
1311.446740
1311.446740
1311.446740
1311.446740
1311.446740
1311.446740
1311.446740
1311.446740
1311.446740
1311.446740
1311.446740
1311.446740
1311.446740
1311.446740
1311.446740
1311.446740
1311.446740
1311.446740
1311.446740
1311.446740
1311.446740
1311.446740
1311.446740
1311.446740
1311.446740
1311.446740
1311.446740
1311.446740
1311.446740
1311.446740
1311.446740
1311.446740
1311.446740
1311.446740
1311.446740
1311.446740
1311.446740
1311.446740
1311.446740
1311.446740
1311.446740
1311.446740
1311.446740
1311.446740
1311.446740
1311.446740
1311.446740
1311.446740
1311.446740
1311.446740
1311.446740
1311.446740
1311.446740
1311.446740
1311.446740
1311.446740
1311.446740
1311.446740
1311.446740
1311.446740
1311.446740
1311.446740
1311.446740
1311.446740
1311.446740
1311.446740
1311.446740
1311.446740
1311.446740
1311.446740
1311.446740
1311.446740
1311.446740
1311.446740
1311.446740
1311.446740
1311.446740
1311.446740
1311.446740
1311.446740
1311.446740
1311.446740
1311.446740
1311.446740
1311.446740
1311.446740
1311.446740
1311.446740
1311.446740
1311.446740
1311.446740
1311.446740
1311.446740
1311.446740
1311.446740
1311.446740
1311.446740
1311.446740
1311.446740
1311.446740
1311.446740
1311.446740
1311.446740
1311.446740
1311.446740
1311.446740
1311.446740
1311.446740
1311.446740
1311.446740
1311.446740
1311.446740
1311.446740
1311.446740
1311.446740
1311.446740
1311.435344
1311.435344
1311.435344
1311.435344
1311.435344
1311.435344
1311.435344
1311.435344
1311.435344
1311.435344
1311.435344
1311.435344
1311.435344
1311.435344
1311.404430
1311.404430
1311.404430
1311.404430
1311.404430
1311.404430
1311.404430
1311.404430
1311.404430
1311.404430
1311.404430
1311.404430
1311.404430
1311.404430
1311.404430
1311.404430
1311.404430
1311.404430
1311.404430
1311.404430
1311.404430
1311.404430
1311.404430
1311.404430
1311.404430
1311.404430
1311.404430
1311.404430
1311.404430
1311.404430
1311.404430
1311.404430
1311.404430
1311.404430
1311.404430
1311.404430
1311.404430
1311.404430
1311.404430
1311.404430
1311.404430
1311.375366
1311.375366
1311.375366
1311.375366
1311.375366
1311.375366
1311.375366
1311.375366
1311.375366
1311.375366
1311.375366
1311.375366
1311.375366
1311.375366
1311.375366
1311.375366
1311.375366
1311.375366
1311.375366
1311.375366
1311.375366
1311.375366
1311.375366
1311.375366
1311.375366
1311.375366
1311.375366
1311.375366
1311.375366
1311.375366
1311.375366
1311.375366
1311.375366
1311.375366
1311.375366
1311.375366
1311.375366
1311.375366
1311.375366
1311.375366
1311.375366
1311.375366
1311.375366
1311.375366
1311.375366
1311.375366
1311.375366
1311.375366
1311.375366
1311.375366
1311.366549
1311.366549
1311.366549
1311.366549
1311.366549
1311.366549
1311.366549
1311.366549
1311.366549
1311.366549
1311.366549
1311.366549
1311.366549
1311.366549
1311.366549
1311.366549
1311.366549
1311.366549
1311.366549
1311.366549
1311.366549
1311.366549
1311.366549
1311.365060
1311.365060
1311.365060
1311.365060
1311.365060
1311.365060
1311.365060
1311.365060
1311.365060
1311.365060
1311.365060
1311.365060
1311.365060
1311.365060
1311.365060
1311.365060
1311.365060
1311.308276
1311.308276
1311.308276
1311.308276
1311.308276
1311.308276
1311.308276
1311.308276
1311.308276
1311.308276
1311.308276
1311.308276
1311.308276
1311.308276
1311.308276
1311.308276
1311.308276
1311.308276
1311.308276
1311.308276
1311.308276
1311.308276
1311.308276
1311.308276
1311.308276
1311.308276
1311.308276
1311.308276
1311.308276
1311.308276
1311.308276
1311.308276
1311.308276
1311.308276
1311.308276
1311.308276
1311.308276
1311.308276
1311.308276
1311.308276
1311.308276
1311.308276
1311.308276
1311.308276
1311.308276
1311.308276
1311.308276
1311.308276
1311.308276
1311.308276
1311.308276
1311.308276
1311.308276
1311.308276
1311.308276
1311.308276
1311.308276
1311.308276
1311.308276
1311.308276
1311.308276
1311.308276
1311.308276
1311.308276
1311.308276
1311.308276
1311.308276
1311.308276
1311.308276
1311.308276
1311.308276
1311.308276
1311.308276
1311.308276
1311.308276
1311.308276
1311.308276
1311.308276
1311.308276
1311.308276
1311.308276
1311.308276
1311.308276
1311.308276
1311.308276
1311.308276
1311.308276
1311.308276
1311.308276
1311.308276
1311.308276
1311.308276
1311.308276
1311.308276
1311.308276
1311.308276
1311.308276
1311.308276
1311.308276
1311.308276
1311.275605
1311.275605
1311.275605
1311.275605
1311.275605
1311.275605
1311.275605
1311.275605
1311.275605
1311.275605
1311.275605
1311.275605
1311.275605
1311.275605
1311.275605
1311.275605
1311.275605
1311.275605
1311.275605
1311.275605
1311.275605
1311.275605
1311.275605
1311.275605
1311.275605
1311.275605
1311.275605
1311.275605
1311.275605
1311.275605
1311.275605
1311.275605
1311.275605
1311.275605
1311.275605
1311.275605
1311.275605
1311.275605
1311.275605
1311.275605
1311.275605
1311.275605
1311.275605
1311.275605
1311.275605
1311.275605
1311.275605
1311.275605
1311.275605
1311.263565
1311.263565
1311.263565
1311.263565
1311.263565
1311.263565
1311.263565
1311.263565
1311.263565
1311.263565
1311.263565
1311.263565
1311.263565
1311.263565
1311.263565
1311.263565
1311.263565
1311.263565
1311.263565
1311.263565
1311.263565
1311.263565
1311.263565
1311.263565
1311.263565
1311.263565
1311.263565
1311.263565
1311.263565
1311.263565
1311.263565
1311.263565
1311.263565
1311.263565
1311.263565
1311.263565
1311.263565
1311.263565
1311.263565
1311.263565
1311.263565
1311.263565
1311.263565
1311.263565
1311.263565
1311.263565
1311.263565
1311.263565
1311.263565
1311.263565
1311.263565
1311.263565
1311.263565
1311.263565
1311.263565
1311.263565
1311.263565
1311.263565
1311.263565
1311.263565
1311.263565
1311.263565
1311.263565
1311.263565
1311.263565
1311.263565
1311.263565
1311.263565
1311.263565
1311.263565
1311.263565
1311.263565
1311.263565
1311.263565
1311.263565
1311.263565
1311.263565
1311.263565
1311.263565
1311.263565
1311.263565
1311.263565
1311.263565
1311.263565
1311.263565
1311.263565
1311.263565
1311.263565
1311.263565
1311.263565
1311.263565
1311.263565
1311.263565
1311.263565
1311.263565
1311.263565
1311.263565
1311.263565
1311.263565
1311.263565
1311.263565
1311.263565
1311.263565
1311.263565
1311.263565
1311.263565
1311.263565
1311.263565
1311.263565
1311.260065
1311.260065
1311.260065
1311.260065
1311.260065
1311.260065
1311.260065
1311.260065
1311.260065
1311.260065
1311.260065
1311.260065
1311.260065
1311.260065
1311.260065
1311.260065
1311.260065
1311.260065
1311.260065
1311.260065
1311.260065
1311.260065
1311.260065
1311.260065
1311.260065
1311.260065
1311.260065
1311.260065
1311.260065
1311.260065
1311.260065
1311.260065
1311.260065
1311.260065
1311.260065
1311.260065
1311.260065
1311.260065
1311.260065
1311.260065
1311.260065
1311.260065
1311.260065
1311.260065
1311.260065
1311.260065
1311.260065
1311.260065
1311.253764
1311.253764
1311.253764
1311.253764
1311.253764
1311.253764
1311.253764
1311.253764
1311.253764
1311.139622
1311.139622
1311.139622
1311.139622
1311.139622
1311.139622
1311.139622
1311.139622
1311.139622
1311.139622
1311.139622
1311.139622
1311.139622
1311.139622
1311.139622
1311.139622
1311.139622
1311.139622
1311.139622
1311.139622
1311.139622
1311.139622
1311.139622
1311.139622
1311.139622
1311.139622
1311.139622
1311.139622
1311.139622
1311.139622
1311.139622
1311.139622
1311.087896
1311.087896
1311.087896
1311.087896
1311.087896
1311.087896
1311.087896
1311.087896
1311.087896
1311.087896
1311.087896
1311.087896
1311.087896
1311.087896
1311.087896
1311.087896
1311.087896
1311.087896
1311.087896
1311.087896
1311.087896
1311.087896
1311.087896
1311.087896
1311.087896
1311.087896
1311.087896
1311.087896
1311.087896
1311.087896
1311.087896
1311.087896
1311.087896
1311.087896
1311.087896
1311.087896
1311.087896
1311.087896
1311.087896
1311.087896
1311.087896
1311.087896
1311.087896
1311.087896
1311.087896
1311.087896
1311.087896
1311.087896
1311.087896
1311.087896
1311.087896
1311.087896
1311.087896
1311.087896
1311.069675
1311.069675
1311.069675
1311.069675
1311.069675
1311.069675
1311.069675
1311.069675
1311.069675
1311.069675
1311.069675
1311.069675
1311.069675
1311.069675
1311.069675
1311.069675
1311.069675
1311.069675
1311.069675
1311.069675
1311.069675
1311.069675
1311.069675
1311.069675
1311.069675
1311.069675
1311.069675
1311.069675
1311.069675
1311.069675
1311.069675
1311.069675
1311.069675
1311.069675
1311.069675
1311.069675
1311.069675
1311.069675
1311.069675
1311.069675
1311.069675
1311.069675
1311.069675
1311.069675
1311.069675
1311.069675
1311.069675
1311.069675
1311.069675
1311.069675
1311.069675
1311.064693
1311.064693
1311.064693
1311.064693
1311.064693
1311.064693
1311.064693
1311.064693
1311.064693
1311.064693
1311.064693
1311.064693
1311.064693
1311.032769
1311.032769
1311.032769
1311.032769
1311.032769
1311.032769
1311.032769
1311.032769
1311.032769
1311.032769
1311.032769
1311.032769
1311.001272
1311.001272
1311.001272
1311.001272
1311.001272
1311.001272
1311.001272
1311.001272
1311.001272
1311.001272
1311.001272
1311.001272
1311.001272
1311.001272
1311.001272
1311.001272
1311.001272
1311.001272
1311.001272
1311.001272
1311.001272
1311.001272
1311.001272
1311.001272
1311.001272
1311.001272
1311.001272
1311.001272
1311.001272
1311.001272
1311.001272
1311.001272
1311.001272
1311.001272
1311.001272
1311.001272
1311.001272
1311.001272
1311.001272
1311.001272
1311.001272
1311.000816
1311.000816
1311.000816
1311.000816
1311.000816
1311.000816
1311.000816
1311.000816
1311.000816
1311.000816
1311.000816
1311.000816
1311.000816
1311.000816
1311.000816
1311.000816
1311.000816
1311.000816
1311.000816
1311.000816
1311.000816
1311.000816
1311.000816
1311.000816
1310.965246
1310.965246
1310.965246
1310.965246
1310.965246
1310.965246
1310.965246
1310.965246
1310.965246
1310.965246
1310.965246
1310.965246
1310.965246
1310.965246
1310.965246
1310.965246
1310.965246
1310.965246
1310.965246
1310.965246
1310.965246
1310.965246
1310.965246
1310.965246
1310.965246
1310.965246
1310.965246
1310.965246
1310.965246
1310.965246
1310.965246
1310.965246
1310.965246
1310.965246
1310.965246
1310.965246
1310.965246
1310.965246
1310.965246
1310.965246
1310.965246
1310.965246
1310.965246
1310.965246
1310.965246
1310.965246
1310.965246
1310.965246
1310.965246
1310.965246
1310.965246
1310.965246
1310.965246
1310.965246
1310.965246
1310.965246
1310.965246
1310.965246
1310.965246
1310.965246
1310.965246
1310.965246
1310.965246
1310.965246
1310.965246
1310.965246
1310.965246
1310.965246
1310.965246
1310.942887
1310.942887
1310.942887
1310.942887
1310.942887
1310.942887
1310.909175
1310.909175
1310.909175
1310.909175
1310.909175
1310.909175
1310.909175
1310.900100
1310.900100
1310.900100
1310.900100
1310.900100
1310.900100
1310.900100
1310.900100
1310.900100
1310.900100
1310.900100
1310.900100
1310.900100
1310.900100
1310.900100
1310.900100
1310.900100
1310.900100
1310.900100
1310.900100
1310.900100
1310.900100
1310.900100
1310.900100
1310.900100
1310.900100
1310.900100
1310.900100
1310.900100
1310.900100
1310.900100
1310.900100
1310.900100
1310.900100
1310.900100
1310.900100
1310.900100
1310.900100
1310.900100
1310.900100
1310.900100
1310.900100
1310.900100
1310.900100
1310.900100
1310.900100
1310.882448
1310.882448
1310.882448
1310.882448
1310.882448
1310.882448
1310.882448
1310.882448
1310.882448
1310.882448
1310.882448
1310.882448
1310.882448
1310.882448
1310.882448
1310.882448
1310.882448
1310.882448
1310.882448
1310.844916
1310.844916
1310.844916
1310.844916
1310.844916
1310.844916
1310.844916
1310.844916
1310.844916
1310.844916
1310.844916
1310.844916
1310.844916
1310.844916
1310.844916
1310.844916
1310.844916
1310.844916
1310.844916
1310.844916
1310.844916
1310.844916
1310.844916
1310.844916
1310.844916
1310.844916
1310.844916
1310.844916
1310.844916
1310.844916
1310.844916
1310.844916
1310.844916
1310.844916
1310.844916
1310.844916
1310.844916
1310.844916
1310.844916
1310.844916
1310.844916
1310.844916
1310.844916
1310.844916
1310.844916
1310.844916
1310.844916
1310.844916
1310.844916
1310.844916
1310.844916
1310.844916
1310.844916
1310.844916
1310.844916
1310.844916
1310.844916
1310.844916
1310.844916
1310.844916
1310.844916
1310.844916
1310.844916
1310.844916
1310.844916
1310.844916
1310.844916
1310.844916
1310.844916
1310.844916
1310.844916
1310.844916
1310.844916
1310.844916
1310.844916
1310.844916
1310.844916
1310.844916
1310.844916
1310.844916
1310.844916
1310.844916
1310.844916
1310.844916
1310.844916
1310.844916
1310.844916
1310.844916
1310.844916
1310.844916
1310.844916
1310.844916
1310.844916
1310.844916
1310.844916
1310.844916
1310.844916
1310.844916
1310.844916
1310.844916
1310.828238
1310.828238
1310.828238
1310.828238
1310.828238
1310.828238
1310.828238
1310.828238
1310.828238
1310.828238
1310.828238
1310.828238
1310.828238
1310.828238
1310.828238
1310.828238
1310.828238
1310.828238
1310.828238
1310.828238
1310.828238
1310.828238
1310.760603
1310.760603
1310.760603
1310.760603
1310.760603
1310.760603
1310.760603
1310.760603
1310.760603
1310.760603
1310.760603
1310.760603
1310.760603
1310.760603
1310.760603
1310.760603
1310.760603
1310.760603
1310.760603
1310.760603
1310.760603
1310.760603
1310.760603
1310.760603
1310.760603
1310.760603
1310.760603
1310.760603
1310.760603
1310.760603
1310.760603
1310.760603
1310.760603
1310.760603
1310.760603
1310.760603
1310.760603
1310.760603
1310.760603
1310.760603
1310.760603
1310.760603
1310.760603
1310.760603
1310.760603
1310.760603
1310.760603
1310.760603
1310.760603
1310.760603
1310.760603
1310.760603
1310.760603
1310.760603
1310.760603
1310.760603
1310.760603
1310.760603
1310.760603
1310.760603
1310.741278
1310.741278
1310.741278
1310.741278
1310.741278
1310.741278
1310.741278
1310.741278
1310.741278
1310.741278
1310.741278
1310.741278
1310.704035
1310.704035
1310.704035
1310.704035
1310.704035
1310.704035
1310.704035
1310.704035
1310.704035
1310.704035
1310.704035
1310.704035
1310.704035
1310.704035
1310.704035
1310.704035
1310.704035
1310.704035
1310.704035
1310.704035
1310.704035
1310.704035
1310.704035
1310.704035
1310.704035
1310.704035
1310.704035
1310.704035
1310.704035
1310.704035
1310.704035
1310.704035
1310.704035
1310.704035
1310.704035
1310.704035
1310.704035
1310.704035
1310.704035
1310.704035
1310.704035
1310.704035
1310.704035
1310.704035
1310.704035
1310.704035
1310.704035
1310.704035
1310.704035
1310.704035
1310.704035
1310.704035
1310.704035
1310.704035
1310.704035
1310.704035
1310.704035
1310.704035
1310.704035
1310.704035
1310.704035
1310.704035
1310.704035
1310.704035
1310.704035
1310.704035
1310.704035
1310.704035
1310.704035
1310.704035
1310.704035
1310.704035
1310.704035
1310.704035
1310.704035
1310.704035
1310.704035
1310.688295
1310.688295
1310.688295
1310.688295
1310.688295
1310.688295
1310.688295
1310.688295
1310.688295
1310.688295
1310.688295
1310.688295
1310.688295
1310.688295
1310.688295
1310.688295
1310.688295
1310.688295
1310.688295
1310.688295
1310.688295
1310.688295
1310.688295
1310.688295
1310.688295
1310.688295
1310.688295
1310.688295
1310.688295
1310.688295
1310.688295
1310.688295
1310.688295
1310.688295
1310.688295
1310.688295
1310.688295
1310.688295
1310.688295
1310.688295
1310.688295
1310.688295
1310.688295
1310.688295
1310.688295
1310.688295
1310.688295
1310.688295
1310.688295
1310.688295
1310.688295
1310.688295
1310.688295
1310.688295
1310.688295
1310.688295
1310.662629
1310.662629
1310.662629
1310.662629
1310.662629
1310.662629
1310.662629
1310.662629
1310.662629
1310.662629
1310.662629
1310.662629
1310.662629
1310.662629
1310.662629
1310.662629
1310.662629
1310.662629
1310.662629
1310.662629
1310.662629
1310.662629
1310.662629
1310.662629
1310.662629
1310.662629
1310.662629
1310.662629
1310.662629
1310.662629
1310.662629
1310.662629
1310.662629
1310.662629
1310.662629
1310.662629
1310.662629
1310.662629
1310.662629
1310.662629
1310.662629
1310.662629
1310.662629
1310.662629
1310.662629
1310.662629
1310.662629
1310.662629
1310.652234
1310.652234
1310.652234
1310.652234
1310.652234
1310.652234
1310.652234
1310.652234
1310.652234
1310.652234
1310.652234
1310.652234
1310.652234
1310.652234
1310.652234
1310.652234
1310.652234
1310.652234
1310.652234
1310.652234
1310.652234
1310.652234
1310.652234
1310.652234
1310.652234
1310.652234
1310.652234
1310.652234
1310.652234
1310.652234
1310.652234
1310.652234
1310.652234
1310.652234
1310.652234
1310.652234
1310.652234
1310.652234
1310.652234
1310.652234
1310.652234
1310.652234
1310.652234
1310.652234
1310.652234
1310.652234
1310.652234
1310.652234
1310.652234
1310.652234
1310.608359
1310.608359
1310.608359
1310.608359
1310.608359
1310.608359
1310.608359
1310.608359
1310.608359
1310.608359
1310.608359
1310.608359
1310.608359
1310.608359
1310.608359
1310.608359
1310.608359
1310.608359
1310.608359
1310.608359
1310.608359
1310.608359
1310.608359
1310.608359
1310.608359
1310.608359
1310.608359
1310.608359
1310.608359
1310.608359
1310.608359
1310.608359
1310.608359
1310.608359
1310.608359
1310.608359
1310.608359
1310.608359
1310.608359
1310.608359
1310.608359
1310.608359
1310.608359
1310.608359
1310.608359
1310.608359
1310.608359
1310.608359
1310.608359
1310.608359
1310.608359
1310.608359
1310.608359
1310.608359
1310.608359
1310.608359
1310.608359
1310.608359
1310.608359
1310.608359
1310.608359
1310.608359
1310.608359
1310.608359
1310.608359
1310.608359
1310.608359
1310.608359
1310.608359
1310.608359
1310.608359
1310.608359
1310.589281
1310.589281
1310.589281
1310.589281
1310.589281
1310.589281
1310.589281
1310.589281
1310.589281
1310.589281
1310.589281
1310.589281
1310.589281
1310.589281
1310.589281
1310.589281
1310.589281
1310.589281
1310.589281
1310.589281
1310.589281
1310.589281
1310.589281
1310.589281
1310.558543
1310.558543
1310.558543
1310.558543
1310.558543
1310.558543
1310.558543
1310.558543
1310.558543
1310.501387
1310.501387
1310.501387
1310.501387
1310.501387
1310.501387
1310.501387
1310.501387
1310.501387
1310.501387
1310.501387
1310.501387
1310.501387
1310.501387
1310.501387
1310.501387
1310.501387
1310.501387
1310.501387
1310.501387
1310.501387
1310.501387
1310.501387
1310.501387
1310.501387
1310.501387
1310.501387
1310.501387
1310.501387
1310.501387
1310.501387
1310.501387
1310.501387
1310.501387
1310.501387
1310.501387
1310.501387
1310.501387
1310.501387
1310.501387
1310.501387
1310.501387
1310.501387
1310.501387
1310.501387
1310.501387
1310.501387
1310.501387
1310.501387
1310.501387
1310.501387
1310.501387
1310.501387
1310.501387
1310.501387
1310.501387
1310.501387
1310.501387
1310.501387
1310.501387
1310.501387
1310.501387
1310.501387
1310.501387
1310.501387
1310.501387
1310.501387
1310.501387
1310.501387
1310.501387
1310.501387
1310.501387
1310.501387
1310.501387
1310.501387
1310.501387
1310.501387
1310.501387
1310.501387
1310.501387
1310.501387
1310.501387
1310.501387
1310.501387
1310.501387
1310.501387
1310.501387
1310.501387
1310.501387
1310.501387
1310.501387
1310.501387
1310.501387
1310.501387
1310.501387
1310.501387
1310.501387
1310.501387
1310.501387
1310.501387
1310.501387
1310.501387
1310.501387
1310.501387
1310.501387
1310.501387
1310.501387
1310.501387
1310.501387
1310.501387
1310.501387
1310.501387
1310.501387
1310.501387
1310.501387
1310.501387
1310.501387
1310.501387
1310.501387
1310.501387
1310.501387
1310.501387
1310.501387
1310.501387
1310.501387
1310.501387
1310.501387
1310.501387
1310.501387
1310.501387
1310.501387
1310.501387
1310.501387
1310.501387
1310.501387
1310.501387
1310.501387
1310.501387
1310.501387
1310.501387
1310.501387
1310.501387
1310.501387
1310.501387
1310.501387
1310.501387
1310.501387
1310.501387
1310.501387
1310.501387
1310.501387
1310.501387
1310.501387
1310.501387
1310.501387
1310.501387
1310.501387
1310.501387
1310.501387
1310.501387
1310.501387
1310.501387
1310.501387
1310.501387
1310.501387
1310.499748
1310.499748
1310.499748
1310.499748
1310.499748
1310.499748
1310.499748
1310.499748
1310.499748
1310.499748
1310.499748
1310.499748
1310.499748
1310.478997
1310.469485
1310.469485
1310.469485
1310.469485
1310.469485
1310.469485
1310.469485
1310.469485
1310.469485
1310.469485
1310.469485
1310.469485
1310.469485
1310.469485
1310.469485
1310.469485
1310.469485
1310.469485
1310.469485
1310.469485
1310.469485
1310.469485
1310.469485
1310.469485
1310.469485
1310.469485
1310.469485
1310.469485
1310.469485
1310.469485
1310.469485
1310.469485
1310.469485
1310.469485
1310.469485
1310.469485
1310.469485
1310.469485
1310.469485
1310.469485
1310.469485
1310.461459
1310.461459
1310.461459
1310.461459
1310.461459
1310.461459
1310.461459
1310.461459
1310.461459
1310.461459
1310.461459
1310.461459
1310.461459
1310.461459
1310.453851
1310.453851
1310.453851
1310.453851
1310.453851
1310.453851
1310.453851
1310.453851
1310.453851
1310.453851
1310.453851
1310.453851
1310.453851
1310.453851
1310.453851
1310.453851
1310.453851
1310.453851
1310.453851
1310.453851
1310.453851
1310.453851
1310.453851
1310.453851
1310.453851
1310.453851
1310.453851
1310.453851
1310.453851
1310.453851
1310.453851
1310.453851
1310.453851
1310.453851
1310.453851
1310.453851
1310.453851
1310.453851
1310.453851
1310.453851
1310.453851
1310.453851
1310.453851
1310.453851
1310.453851
1310.453851
1310.453851
1310.453851
1310.453851
1310.453851
1310.453851
1310.453851
1310.453851
1310.453851
1310.453851
1310.453851
1310.453851
1310.453851
1310.453851
1310.453851
1310.451719
1310.451719
1310.451719
1310.451719
1310.451719
1310.451719
1310.451719
1310.451719
1310.451719
1310.451719
1310.451719
1310.451719
1310.432517
1310.432517
1310.432517
1310.432517
1310.432517
1310.432517
1310.432517
1310.432517
1310.432517
1310.432517
1310.432517
1310.432517
1310.432517
1310.432517
1310.432517
1310.432517
1310.432517
1310.432517
1310.432517
1310.432517
1310.432517
1310.432517
1310.432517
1310.432517
1310.432517
1310.432517
1310.424900
1310.424900
1310.424900
1310.424900
1310.424900
1310.424900
1310.424900
1310.424900
1310.424900
1310.424900
1310.424900
1310.424900
1310.424900
1310.424900
1310.424900
1310.424900
1310.424900
1310.424900
1310.424900
1310.424900
1310.424900
1310.424900
1310.424900
1310.424900
1310.424900
1310.424900
1310.424900
1310.424900
1310.424900
1310.424900
1310.424900
1310.424900
1310.424900
1310.424900
1310.424900
1310.424900
1310.424900
1310.424900
1310.424900
1310.424900
1310.424900
1310.424900
1310.424900
1310.424900
1310.424900
1310.424900
1310.424900
1310.424900
1310.424900
1310.424900
1310.424900
1310.424900
1310.390248
1310.390248
1310.390248
1310.390248
1310.390248
1310.390248
1310.390248
1310.390248
1310.390248
1310.390248
1310.390248
1310.390248
1310.390248
1310.390248
1310.390248
1310.390248
1310.390248
1310.390248
1310.390248
1310.390248
1310.390248
1310.390248
1310.390248
1310.390248
1310.390248
1310.390248
1310.390248
1310.390248
1310.390248
1310.390248
1310.390248
1310.390248
1310.390248
1310.390248
1310.390248
1310.390248
1310.390248
1310.390248
1310.390248
1310.390248
1310.390248
1310.390248
1310.390248
1310.390248
1310.390248
1310.390248
1310.390248
1310.390248
1310.390248
1310.390248
1310.390248
1310.390248
1310.390248
1310.390248
1310.390248
1310.390248
1310.390248
1310.390248
1310.390248
1310.390248
1310.390248
1310.390248
1310.390248
1310.390248
1310.390248
1310.390248
1310.390248
1310.390248
1310.390248
1310.390248
1310.390248
1310.390248
1310.390248
1310.390248
1310.390248
1310.390248
1310.390248
1310.389321
1310.389321
1310.389321
1310.389321
1310.389321
1310.389321
1310.389321
1310.389321
1310.389321
1310.389321
1310.389321
1310.389321
1310.389321
1310.389321
1310.389321
1310.389321
1310.389321
1310.389321
1310.317203
1310.317203
1310.317203
1310.317203
1310.317203
1310.317203
1310.317203
1310.317203
1310.317203
1310.317203
1310.317203
1310.317203
1310.317203
1310.317203
1310.317203
1310.298619
1310.298619
1310.298619
1310.298619
1310.298619
1310.298619
1310.298619
1310.298619
1310.298619
1310.298619
1310.298619
1310.298619
1310.298619
1310.298619
1310.298619
1310.298619
1310.298619
1310.298619
1310.298619
1310.298619
1310.298619
1310.298619
1310.298619
1310.298619
1310.298619
1310.298619
1310.298619
1310.298619
1310.298619
1310.298619
1310.298619
1310.298619
1310.298619
1310.298619
1310.298619
1310.209567
1310.209567
1310.209567
1310.209567
1310.209567
1310.209567
1310.209567
1310.209567
1310.209567
1310.209567
1310.209567
1310.209567
1310.209567
1310.209567
1310.209567
1310.209567
1310.209567
1310.209567
1310.209567
1310.209567
1310.209567
1310.209567
1310.209567
1310.209567
1310.209567
1310.209567
1310.209567
1310.209567
1310.209567
1310.209567
1310.209567
1310.209567
1310.209567
1310.209567
1310.209567
1310.209567
1310.209567
1310.209567
1310.209567
1310.209567
1310.209567
1310.209567
1310.209567
1310.209567
1310.209567
1310.209567
1310.209567
1310.209567
1310.209567
1310.209567
1310.209567
1310.209567
1310.209567
1310.209567
1310.209567
1310.209567
1310.209567
1310.209567
1310.209567
1310.209567
1310.209567
1310.209567
1310.209567
1310.209567
1310.209567
1310.209567
1310.209567
1310.209567
1310.209567
1310.209567
1310.209567
1310.209567
1310.209567
1310.209567
1310.209567
1310.209567
1310.209567
1310.209567
1310.209567
1310.209567
1310.209567
1310.209567
1310.209567
1310.209567
1310.209567
1310.209567
1310.209567
1310.209567
1310.209567
1310.209567
1310.209567
1310.209567
1310.209567
1310.209567
1310.209567
1310.209567
1310.209567
1310.209567
1310.209567
1310.209567
1310.209567
1310.209567
1310.209567
1310.209567
1310.209567
1310.209567
1310.209567
1310.209567
1310.209567
1310.209567
1310.209567
1310.209567
1310.209567
1310.162963
1310.162963
1310.162963
1310.162963
1310.162963
1310.162963
1310.162963
1310.117730
1310.117730
1310.117730
1310.117730
1310.117730
1310.117730
1310.117730
1310.117730
1310.117730
1310.117730
1310.117730
1310.117730
1310.117730
1310.117730
1310.117730
1310.117730
1310.117730
1310.117730
1310.117730
1310.117730
1310.117730
1310.117730
1310.117730
1310.117730
1310.117730
1310.117730
1310.117730
1310.117730
1310.117730
1310.117730
1310.117730
1310.117730
1310.117730
1310.117730
1310.117730
1310.117730
1310.117730
1310.117730
1310.117730
1310.117730
1310.117730
1310.117730
1310.117730
1310.117730
1310.117730
1310.117730
1310.117730
1310.117730
1310.117730
1310.117730
1310.117730
1310.117730
1310.117730
1310.117730
1310.117730
1310.117730
1310.117730
1310.117730
1310.117730
1310.117730
1310.117730
1310.117730
1310.117730
1310.101105
1310.101105
1310.101105
1310.101105
1310.101105
1310.101105
1310.101105
1310.101105
1310.101105
1310.101105
1310.101105
1310.101105
1310.101105
1310.101105
1310.101105
1310.101105
1310.101105
1310.101105
1310.101105
1310.101105
1310.101105
1310.101105
1310.101105
1310.101105
1310.101105
1310.101105
1310.054981
1310.054981
1310.054981
1310.054981
1310.054981
1310.054981
1310.054981
1310.054981
1310.054981
1310.054981
1310.054981
1310.054981
1310.054981
1310.054981
1310.054981
1310.054981
1310.054981
1310.054981
1310.054981
1310.054981
1310.054981
1310.054981
1310.054981
1310.054981
1310.048353
1310.048353
1310.048353
1310.048353
1310.048353
1310.048353
1310.048353
1310.048353
1310.048353
1310.048353
1310.048353
1310.048353
1310.048353
1310.048353
1310.048353
1310.048353
1310.048353
1310.048353
1310.048353
1310.048353
1310.048353
1310.048353
1310.048353
1310.048353
1310.048353
1310.048353
1310.048353
1310.045385
1310.045385
1310.045385
1310.045385
1310.045385
1310.045385
1310.045385
1310.045385
1310.045385
1310.045385
1310.045385
1310.045385
1310.045385
1310.045385
1310.045385
1310.045385
1310.022177
1310.022177
1310.022177
1310.022177
1310.022177
1310.022177
1310.022177
1310.022177
1310.022177
1310.022177
1310.022177
1310.022177
1310.022177
1310.022177
1310.022177
1310.022177
1310.022177
1310.022177
1310.022177
1310.022177
1310.022177
1310.022177
1310.022177
1310.022177
1310.022177
1310.022177
1310.022177
1310.022177
1310.022177
1310.022177
1310.022177
1310.022177
1310.022177
1309.986135
1309.986135
1309.986135
1309.986135
1309.986135
1309.986135
1309.986135
1309.986135
1309.986135
1309.986135
1309.986135
1309.986135
1309.986135
1309.986135
1309.986135
1309.986135
1309.986135
1309.986135
1309.986135
1309.986135
1309.986135
1309.986135
1309.986135
1309.986135
1309.986135
1309.986135
1309.986135
1309.986135
1309.986135
1309.986135
1309.986135
1309.986135
1309.986135
1309.986135
1309.986135
1309.986135
1309.986135
1309.986135
1309.986135
1309.986135
1309.986135
1309.986135
1309.986135
1309.986135
1309.986135
1309.986135
1309.986135
1309.986135
1309.986135
1309.986135
1309.927877
1309.927877
1309.927877
1309.927877
1309.927877
1309.927877
1309.927877
1309.927877
1309.927877
1309.927877
1309.927877
1309.927877
1309.927877
1309.927877
1309.927877
1309.927877
1309.927877
1309.927877
1309.927877
1309.927877
1309.927877
1309.927877
1309.927877
1309.927877
1309.927877
1309.927877
1309.927877
1309.927877
1309.927877
1309.927877
1309.927877
1309.927877
1309.927877
1309.927877
1309.927877
1309.927877
1309.927877
1309.927877
1309.927877
1309.927877
1309.927877
1309.927877
1309.927877
1309.927877
1309.927877
1309.927877
1309.927877
1309.927877
1309.927877
1309.927877
1309.927877
1309.927877
1309.927877
1309.927877
1309.927877
1309.927877
1309.927877
1309.927877
1309.927877
1309.927877
1309.927877
1309.927877
1309.927877
1309.927877
1309.927877
1309.927877
1309.927877
1309.890936
1309.890936
1309.867376
1309.867376
1309.867376
1309.867376
1309.867376
1309.867376
1309.867376
1309.867376
1309.867376
1309.867376
1309.867376
1309.867376
1309.867376
1309.867376
1309.867376
1309.867376
1309.867376
1309.867376
1309.867376
1309.867376
1309.867376
1309.867376
1309.867376
1309.867376
1309.867376
1309.867376
1309.867376
1309.867376
1309.867376
1309.867376
1309.867376
1309.867376
1309.867376
1309.867376
1309.867376
1309.867376
1309.867376
1309.867376
1309.867376
1309.867376
1309.867376
1309.867376
1309.867376
1309.867376
1309.867376
1309.867376
1309.867376
1309.867376
1309.867376
1309.867376
1309.867376
1309.867376
1309.867376
1309.867376
1309.867376
1309.867376
1309.867376
1309.867376
1309.867376
1309.867376
1309.867376
1309.823323
1309.823323
1309.823323
1309.823323
1309.823323
1309.823323
1309.823323
1309.823323
1309.813415
1309.813415
1309.813415
1309.780580
1309.780580
1309.780580
1309.780580
1309.780580
1309.780580
1309.780580
1309.780580
1309.780580
1309.780580
1309.780580
1309.780580
1309.780580
1309.780580
1309.780580
1309.780580
1309.780580
1309.780580
1309.780580
1309.780580
1309.780580
1309.780580
1309.780580
1309.780580
1309.780580
1309.780580
1309.780580
1309.780580
1309.780580
1309.780580
1309.780580
1309.780580
1309.780580
1309.780580
1309.780580
1309.780580
1309.780580
1309.780580
1309.780580
1309.780580
1309.780580
1309.780580
1309.780580
1309.780580
1309.780580
1309.780580
1309.780580
1309.780580
1309.780580
1309.780580
1309.767149
1309.767149
1309.767149
1309.767149
1309.767149
1309.767149
1309.767149
1309.767149
1309.767149
1309.767149
1309.767149
1309.767149
1309.767149
1309.767149
1309.767149
1309.767149
1309.767149
1309.767149
1309.767149
1309.767149
1309.767149
1309.767149
1309.767149
1309.767149
1309.767149
1309.767149
1309.767149
1309.767149
1309.767149
1309.767149
1309.767149
1309.767149
1309.767149
1309.767149
1309.767149
1309.767149
1309.767149
1309.767149
1309.767149
1309.767149
1309.767149
1309.767149
1309.767149
1309.767149
1309.767149
1309.767149
1309.767149
1309.767149
1309.767149
1309.767149
1309.767149
1309.767149
1309.767149
1309.767149
1309.745664
1309.745664
1309.745664
1309.745664
1309.745664
1309.745664
1309.745664
1309.745664
1309.745664
1309.745664
1309.745664
1309.745664
1309.745664
1309.745664
1309.745664
1309.745664
1309.745664
1309.745664
1309.745664
1309.745664
1309.745664
1309.745664
1309.745664
1309.745664
1309.733072
1309.733072
1309.733072
1309.733072
1309.733072
1309.733072
1309.733072
1309.733072
1309.733072
1309.733072
1309.733072
1309.733072
1309.733072
1309.733072
1309.733072
1309.687056
1309.687056
1309.687056
1309.687056
1309.687056
1309.687056
1309.687056
1309.687056
1309.687056
1309.687056
1309.687056
1309.687056
1309.687056
1309.687056
1309.687056
1309.687056
1309.687056
1309.687056
1309.687056
1309.687056
1309.687056
1309.687056
1309.687056
1309.687056
1309.687056
1309.687056
1309.687056
1309.687056
1309.687056
1309.687056
1309.687056
1309.687056
1309.687056
1309.687056
1309.687056
1309.687056
1309.687056
1309.687056
1309.687056
1309.687056
1309.687056
1309.687056
1309.687056
1309.687056
1309.687056
1309.687056
1309.687056
1309.687056
1309.687056
1309.687056
1309.687056
1309.687056
1309.687056
1309.687056
1309.687056
1309.687056
1309.687056
1309.687056
1309.687056
1309.687056
1309.687056
1309.687056
1309.687056
1309.687056
1309.687056
1309.687056
1309.687056
1309.687056
1309.687056
1309.687056
1309.687056
1309.687056
1309.687056
1309.667726
1309.667726
1309.667726
1309.667726
1309.667726
1309.667726
1309.667726
1309.667726
1309.667726
1309.667726
1309.667726
1309.667726
1309.667726
1309.667726
1309.667726
1309.667726
1309.667726
1309.667726
1309.667726
1309.667726
1309.667726
1309.667726
1309.667726
1309.667726
1309.667726
1309.667726
1309.667726
1309.667726
1309.667726
1309.667726
1309.667726
1309.667726
1309.667726
1309.667726
1309.591983
1309.591983
1309.591983
1309.591983
1309.591983
1309.591983
1309.591983
1309.591983
1309.591983
1309.591983
1309.591983
1309.591983
1309.591983
1309.591983
1309.591983
1309.591983
1309.591983
1309.591983
1309.591983
1309.591983
1309.591983
1309.591983
1309.591983
1309.591983
1309.591983
1309.591983
1309.591983
1309.591983
1309.591983
1309.591983
1309.591983
1309.591983
1309.591983
1309.591983
1309.591983
1309.591983
1309.591983
1309.591983
1309.591983
1309.591983
1309.591983
1309.591983
1309.591983
1309.591983
1309.591983
1309.591983
1309.591983
1309.591983
1309.591983
1309.591983
1309.591983
1309.591983
1309.591983
1309.591983
1309.591983
1309.591983
1309.591983
1309.591983
1309.591983
1309.591983
1309.591983
1309.591983
1309.591983
1309.591983
1309.591983
1309.591983
1309.591983
1309.591983
1309.591983
1309.591983
1309.591983
1309.591983
1309.591983
1309.591983
1309.591983
1309.591983
1309.591983
1309.591983
1309.591983
1309.591983
1309.591983
1309.591983
1309.591983
1309.591983
1309.587849
1309.587849
1309.587849
1309.587849
1309.587849
1309.587849
1309.587849
1309.587849
1309.587849
1309.587849
1309.587849
1309.587849
1309.587849
1309.570690
1309.570690
1309.570690
1309.570690
1309.570690
1309.570690
1309.570690
1309.570690
1309.570690
1309.570690
1309.570690
1309.570690
1309.570690
1309.562800
1309.542947
1309.542947
1309.542947
1309.542947
1309.542947
1309.542947
1309.542947
1309.542947
1309.542947
1309.542947
1309.542947
1309.542947
1309.542947
1309.542947
1309.542947
1309.542947
1309.542947
1309.542947
1309.542947
1309.542947
1309.542947
1309.542947
1309.542947
1309.542947
1309.542947
1309.542947
1309.542947
1309.542947
1309.542947
1309.542947
1309.542947
1309.542947
1309.542947
1309.542947
1309.542947
1309.542947
1309.542947
1309.542947
1309.542947
1309.542947
1309.542947
1309.542947
1309.542947
1309.542947
1309.542947
1309.523200
1309.523200
1309.523200
1309.523200
1309.523200
1309.523200
1309.523200
1309.523200
1309.523200
1309.523200
1309.523200
1309.523200
1309.523200
1309.523200
1309.523200
1309.523200
1309.523200
1309.523200
1309.523200
1309.523200
1309.523200
1309.523200
1309.523200
1309.523200
1309.523200
1309.523200
1309.523200
1309.523200
1309.523200
1309.523200
1309.523200
1309.484292
1309.484292
1309.484292
1309.484292
1309.484292
1309.484292
1309.484292
1309.484292
1309.484292
1309.484292
1309.484292
1309.484292
1309.484292
1309.484292
1309.484292
1309.484292
1309.484292
1309.484292
1309.484292
1309.484292
1309.484292
1309.484292
1309.484292
1309.484292
1309.484292
1309.484292
1309.484292
1309.484292
1309.484292
1309.484292
1309.484292
1309.484292
1309.484292
1309.484292
1309.484292
1309.484292
1309.484292
1309.484292
1309.484292
1309.484292
1309.484292
1309.484292
1309.484292
1309.484292
1309.484292
1309.484292
1309.484292
1309.484292
1309.484292
1309.484292
1309.484292
1309.484292
1309.484292
1309.484292
1309.484292
1309.484292
1309.484292
1309.484292
1309.484292
1309.484292
1309.484292
1309.484292
1309.484292
1309.484292
1309.484292
1309.484292
1309.474496
1309.474496
1309.474496
1309.474496
1309.474496
1309.474496
1309.474496
1309.474496
1309.474496
1309.474496
1309.474496
1309.474496
1309.474496
1309.474496
1309.474496
1309.474496
1309.474496
1309.474496
1309.474496
1309.474496
1309.474496
1309.474496
1309.474496
1309.474496
1309.474496
1309.474496
1309.474496
1309.474496
1309.474496
1309.474496
1309.474496
1309.474496
1309.474496
1309.474496
1309.474496
1309.455062
1309.455062
1309.455062
1309.455062
1309.455062
1309.455062
1309.455062
1309.455062
1309.455062
1309.455062
1309.455062
1309.455062
1309.455062
1309.455062
1309.455062
1309.455062
1309.455062
1309.455062
1309.455062
1309.455062
1309.455062
1309.455062
1309.455062
1309.455062
1309.455062
1309.452500
1309.452500
1309.452500
1309.452500
1309.452500
1309.452500
1309.452500
1309.452500
1309.452500
1309.452500
1309.452500
1309.452500
1309.452500
1309.452500
1309.452500
1309.452500
1309.452500
1309.452500
1309.452500
1309.452500
1309.452500
1309.452500
1309.452500
1309.452500
1309.452500
1309.452500
1309.452500
1309.452500
1309.452500
1309.452500
1309.452500
1309.452500
1309.452500
1309.452500
1309.452500
1309.452500
1309.452500
1309.452500
1309.452500
1309.452500
1309.452500
1309.452500
1309.452500
1309.452500
1309.452500
1309.452500
1309.452500
1309.452500
1309.452500
1309.452500
1309.452500
1309.452500
1309.452500
1309.452500
1309.452500
1309.435433
1309.435433
1309.435433
1309.435433
1309.435433
1309.435433
1309.435433
1309.435433
1309.435433
1309.435433
1309.435433
1309.435433
1309.435433
1309.435433
1309.435433
1309.435433
1309.435433
1309.435433
1309.435433
1309.435433
1309.435433
1309.435433
1309.435433
1309.435433
1309.435433
1309.435433
1309.435433
1309.435433
1309.435433
1309.435433
1309.435433
1309.435433
1309.435433
1309.435433
1309.435433
1309.435433
1309.435433
1309.435433
1309.435433
1309.424425
1309.424425
1309.424425
1309.424425
1309.424425
1309.424425
1309.424425
1309.424425
1309.424425
1309.424425
1309.424425
1309.424425
1309.424425
1309.424425
1309.424425
1309.424425
1309.424425
1309.424425
1309.424425
1309.424425
1309.424425
1309.424425
1309.424425
1309.424425
1309.424425
1309.424425
1309.424425
1309.356070
1309.356070
1309.356070
1309.356070
1309.356070
1309.356070
1309.356070
1309.356070
1309.356070
1309.356070
1309.356070
1309.356070
1309.356070
1309.356070
1309.356070
1309.356070
1309.356070
1309.356070
1309.356070
1309.356070
1309.356070
1309.356070
1309.356070
1309.356070
1309.356070
1309.356070
1309.356070
1309.356070
1309.356070
1309.356070
1309.356070
1309.356070
1309.356070
1309.356070
1309.356070
1309.356070
1309.356070
1309.356070
1309.356070
1309.356070
1309.356070
1309.270845
1309.270845
1309.270845
1309.270845
1309.270845
1309.270845
1309.270845
1309.270845
1309.270845
1309.270845
1309.270845
1309.270845
1309.270845
1309.270845
1309.270845
1309.270845
1309.270845
1309.270845
1309.270845
1309.270845
1309.270845
1309.270845
1309.270845
1309.270845
1309.270845
1309.270845
1309.270845
1309.270845
1309.270845
1309.270845
1309.270845
1309.270845
1309.270845
1309.270845
1309.270845
1309.270845
1309.270845
1309.270845
1309.270845
1309.270845
1309.270845
1309.270845
1309.270845
1309.270845
1309.270845
1309.270845
1309.270845
1309.270845
1309.270845
1309.270845
1309.238135
1309.238135
1309.238135
1309.238135
1309.238135
1309.238135
1309.238135
1309.238135
1309.238135
1309.238135
1309.238135
1309.238135
1309.238135
1309.238135
1309.238135
1309.238135
1309.238135
1309.238135
1309.238135
1309.238135
1309.238135
1309.231127
1309.231127
1309.231127
1309.231127
1309.231127
1309.231127
1309.231127
1309.231127
1309.231127
1309.231127
1309.231127
1309.231127
1309.231127
1309.231127
1309.231127
1309.231127
1309.231127
1309.231127
1309.231127
1309.231127
1309.231127
1309.231127
1309.231127
1309.231127
1309.231127
1309.230652
1309.230652
1309.230652
1309.230652
1309.230652
1309.230652
1309.230652
1309.230652
1309.230652
1309.230652
1309.230652
1309.230652
1309.230652
1309.230652
1309.230652
1309.230652
1309.230652
1309.230652
1309.230652
1309.230652
1309.230652
1309.230652
1309.230652
1309.230652
1309.230652
1309.230652
1309.230652
1309.230652
1309.230652
1309.230652
1309.230652
1309.230652
1309.230652
1309.230652
1309.230652
1309.230652
1309.230652
1309.230652
1309.230652
1309.230652
1309.230652
1309.230652
1309.230652
1309.230652
1309.230652
1309.230652
1309.230652
1309.230652
1309.230652
1309.230652
1309.230652
1309.230652
1309.230652
1309.230652
1309.230652
1309.230652
1309.230652
1309.230652
1309.230652
1309.230652
1309.230652
1309.230652
1309.230652
1309.230652
1309.230652
1309.230652
1309.230652
1309.230652
1309.230652
1309.230652
1309.230652
1309.230652
1309.230652
1309.230652
1309.230652
1309.230652
1309.230652
1309.230652
1309.230652
1309.230652
1309.230652
1309.230652
1309.230652
1309.227130
1309.227130
1309.227130
1309.179817
1309.179817
1309.179817
1309.179817
1309.179817
1309.179817
1309.179817
1309.179817
1309.179817
1309.179817
1309.179817
1309.179817
1309.179817
1309.179817
1309.179817
1309.179817
1309.179817
1309.179817
1309.179817
1309.179817
1309.179817
1309.179817
1309.179817
1309.179817
1309.179817
1309.179817
1309.179817
1309.179817
1309.179817
1309.179817
1309.179817
1309.179817
1309.179817
1309.179817
1309.179817
1309.179817
1309.179817
1309.179817
1309.179817
1309.179817
1309.179817
1309.179817
1309.179817
1309.179817
1309.179817
1309.179817
1309.179817
1309.179817
1309.179817
1309.179817
1309.179817
1309.179817
1309.179817
1309.179817
1309.179817
1309.179817
1309.179817
1309.179817
1309.179817
1309.179817
1309.179817
1309.179817
1309.179817
1309.179817
1309.179817
1309.179817
1309.179817
1309.179817
1309.179817
1309.179817
1309.179817
1309.179817
1309.179817
1309.179817
1309.179817
1309.179817
1309.179817
1309.179817
1309.179817
1309.179817
1309.179817
1309.179817
1309.179817
1309.179817
1309.179817
1309.179817
1309.179817
1309.179817
1309.179817
1309.179817
1309.179817
1309.179817
1309.179817
1309.179817
1309.179817
1309.179817
1309.179817
1309.179817
1309.179817
1309.179817
1309.179817
1309.179817
1309.179817
1309.179817
1309.179817
1309.179817
1309.179817
1309.179817
1309.179817
1309.179817
1309.179817
1309.179817
1309.179817
1309.179817
1309.179817
1309.179817
1309.179817
1309.179817
1309.179817
1309.179817
1309.179817
1309.179817
1309.179817
1309.179817
1309.179817
1309.179817
1309.179817
1309.179817
1309.179817
1309.179817
1309.179817
1309.179817
1309.179817
1309.179817
1309.179817
1309.179817
1309.179817
1309.179817
1309.179817
1309.179817
1309.179817
1309.179817
1309.179817
1309.179817
1309.179817
1309.179817
1309.179817
1309.179817
1309.179817
1309.179817
1309.179817
1309.179817
1309.179817
1309.179817
1309.179817
1309.179817
1309.179817
1309.179817
1309.179817
1309.179817
1309.179817
1309.179817
1309.179817
1309.179817
1309.179817
1309.179817
1309.179817
1309.179817
1309.179817
1309.179817
1309.179817
1309.179817
1309.179817
1309.179817
1309.179817
1309.179817
1309.171098
1309.171098
1309.171098
1309.171098
1309.171098
1309.171098
1309.171098
1309.171098
1309.171098
1309.171098
1309.171098
1309.171098
1309.171098
1309.171098
1309.171098
1309.171098
1309.171098
1309.171098
1309.171098
1309.171098
1309.171098
1309.171098
1309.171098
1309.171098
1309.171098
1309.171098
1309.171098
1309.171098
1309.171098
1309.171098
1309.171098
1309.171098
1309.171098
1309.171098
1309.171098
1309.171098
1309.171098
1309.171098
1309.171098
1309.121844
1309.121844
1309.121844
1309.121844
1309.121844
1309.121844
1309.121844
1309.121844
1309.121844
1309.121844
1309.121844
1309.121844
1309.121844
1309.121844
1309.121844
1309.121844
1309.121844
1309.121844
1309.121844
1309.121844
1309.121844
1309.121844
1309.121844
1309.121844
1309.121844
1309.121844
1309.121844
1309.121844
1309.121844
1309.121844
1309.121844
1309.121844
1309.121844
1309.121844
1309.109354
1309.109354
1309.109354
1309.109354
1309.109354
1309.109354
1309.109354
1309.109354
1309.109354
1309.109354
1309.109354
1309.109354
1309.109354
1309.109354
1309.109354
1309.109354
1309.109354
1309.109354
1309.109354
1309.109354
1309.109354
1309.109354
1309.043860
1309.043860
1309.043860
1309.043860
1309.043860
1309.043860
1309.043860
1309.043860
1309.043860
1309.043860
1309.043860
1309.043860
1309.043860
1309.043860
1309.043860
1309.043860
1309.043860
1309.043860
1309.043860
1309.043860
1309.043860
1309.043860
1309.043860
1309.043860
1309.043860
1309.043860
1309.043860
1309.043860
1309.043860
1309.043860
1309.043860
1309.043860
1309.043860
1309.043860
1309.043860
1309.043860
1309.043860
1309.043860
1309.043860
1309.043860
1309.043860
1309.043860
1309.043860
1309.043860
1309.043860
1309.043860
1309.043860
1309.043860
1309.043860
1309.043860
1309.043860
1309.043860
1309.043860
1309.043860
1309.043860
1309.043860
1309.043860
1309.043860
1309.043860
1309.043860
1309.043860
1309.043860
1309.043860
1309.043860
1309.043860
1309.043860
1309.043860
1309.043860
1309.043860
1309.043860
1309.043860
1309.043860
1309.043860
1309.043860
1309.043860
1309.043860
1309.043860
1309.043860
1309.043860
1309.043860
1309.027397
1309.027397
1309.027397
1309.027397
1309.027397
1309.027397
1309.027397
1309.027397
1309.027397
1309.027397
1309.027397
1309.027397
1309.027397
1309.027397
1309.027397
1309.027397
1309.027397
1309.027397
1309.027397
1309.027397
1309.027397
1309.027397
1309.027397
1309.027397
1309.027397
1309.027397
1309.027397
1309.027397
1309.027397
1309.027397
1309.027397
1309.027397
1309.027397
1309.027397
1309.027397
1309.027397
1309.027397
1309.027397
1309.027397
1309.027397
1309.027397
1309.027397
1309.027397
1309.027397
1309.027397
1309.027397
1309.027397
1309.027397
1309.027397
1309.027397
1309.027397
1309.027397
1309.027397
1309.027397
1309.027397
1309.027397
1309.027397
1309.027397
1309.027397
1309.027397
1309.027397
1309.027397
1309.027397
1309.027397
1309.027397
1309.027397
1309.027397
1309.027397
1309.027397
1309.014873
1309.014873
1309.014873
1309.014873
1309.014873
1309.014873
1309.014873
1309.014873
1309.014873
1309.014873
1309.014873
1309.014873
1309.014873
1309.014873
1309.014873
1309.014873
1309.014873
1309.014873
1309.014873
1309.014873
1309.014873
1309.014873
1309.014873
1309.014873
1309.014873
1309.014873
1309.014873
1309.000746
1309.000746
1309.000746
1309.000746
1309.000746
1309.000746
1309.000746
1309.000746
1309.000746
1309.000746
1309.000746
1309.000746
1308.997877
1308.997877
1308.997877
1308.997877
1308.997877
1308.997877
1308.997877
1308.997877
1308.997877
1308.997877
1308.997877
1308.997877
1308.997877
1308.997877
1308.997877
1308.997877
1308.997877
1308.997877
1308.997877
1308.997877
1308.997877
1308.997877
1308.997877
1308.997877
1308.997877
1308.997877
1308.997877
1308.997877
1308.997877
1308.997877
1308.997877
1308.997877
1308.997877
1308.997877
1308.997877
1308.997877
1308.997877
1308.997877
1308.997877
1308.997877
1308.997877
1308.997877
1308.977862
1308.977862
1308.977862
1308.977862
1308.977862
1308.977862
1308.977862
1308.977862
1308.977862
1308.977862
1308.977862
1308.977862
1308.977862
1308.977862
1308.977862
1308.977862
1308.977862
1308.977862
1308.977862
1308.977862
1308.977862
1308.977862
1308.977862
1308.977862
1308.977862
1308.977862
1308.977862
1308.977862
1308.977862
1308.977862
1308.977862
1308.977862
1308.977862
1308.977862
1308.977862
1308.977862
1308.977862
1308.977862
1308.977862
1308.977862
1308.977862
1308.977862
1308.977862
1308.977862
1308.962162
1308.962162
1308.962162
1308.962162
1308.962162
1308.962162
1308.962162
1308.962162
1308.962162
1308.962162
1308.962162
1308.962162
1308.962162
1308.962162
1308.962162
1308.962162
1308.939298
1308.939298
1308.939298
1308.939298
1308.939298
1308.939298
1308.939298
1308.939298
1308.939298
1308.939298
1308.939298
1308.939298
1308.939298
1308.939298
1308.939298
1308.939298
1308.939298
1308.939298
1308.939298
1308.939298
1308.939298
1308.939298
1308.939298
1308.939298
1308.939298
1308.939298
1308.939298
1308.939298
1308.939298
1308.939298
1308.939298
1308.939298
1308.939298
1308.939298
1308.939298
1308.939298
1308.939298
1308.939298
1308.939298
1308.939298
1308.939298
1308.939298
1308.939298
1308.939298
1308.939298
1308.939298
1308.939298
1308.939298
1308.939298
1308.939298
1308.933764
1308.933764
1308.933764
1308.933764
1308.933764
1308.933764
1308.933764
1308.933764
1308.933764
1308.933764
1308.933764
1308.933764
1308.933764
1308.925013
1308.925013
1308.925013
1308.925013
1308.925013
1308.925013
1308.925013
1308.925013
1308.925013
1308.925013
1308.925013
1308.925013
1308.925013
1308.925013
1308.925013
1308.925013
1308.925013
1308.925013
1308.925013
1308.925013
1308.925013
1308.925013
1308.925013
1308.925013
1308.925013
1308.925013
1308.925013
1308.925013
1308.925013
1308.925013
1308.925013
1308.925013
1308.925013
1308.925013
1308.925013
1308.925013
1308.925013
1308.925013
1308.925013
1308.925013
1308.925013
1308.925013
1308.925013
1308.925013
1308.925013
1308.925013
1308.925013
1308.925013
1308.925013
1308.925013
1308.925013
1308.925013
1308.925013
1308.925013
1308.925013
1308.925013
1308.925013
1308.925013
1308.925013
1308.925013
1308.925013
1308.925013
1308.925013
1308.925013
1308.925013
1308.925013
1308.925013
1308.925013
1308.925013
1308.925013
1308.925013
1308.925013
1308.925013
1308.925013
1308.925013
1308.925013
1308.925013
1308.925013
1308.925013
1308.925013
1308.925013
1308.925013
1308.925013
1308.925013
1308.925013
1308.925013
1308.925013
1308.925013
1308.925013
1308.925013
1308.925013
1308.925013
1308.925013
1308.925013
1308.925013
1308.925013
1308.925013
1308.925013
1308.925013
1308.925013
1308.925013
1308.925013
1308.925013
1308.925013
1308.925013
1308.872547
1308.872547
1308.872547
1308.872547
1308.872547
1308.872547
1308.872547
1308.872547
1308.872547
1308.872547
1308.872547
1308.872547
1308.872547
1308.872547
1308.872547
1308.872547
1308.872547
1308.872547
1308.872547
1308.872547
1308.872547
1308.872547
1308.872547
1308.872547
1308.872547
1308.872547
1308.872547
1308.872547
1308.872547
1308.872547
1308.872547
1308.872547
1308.872547
1308.872547
1308.872547
1308.872547
1308.872547
1308.872547
1308.872547
1308.872547
1308.872547
1308.872547
1308.872547
1308.872547
1308.872547
1308.872547
1308.872547
1308.872547
1308.872547
1308.872547
1308.863762
1308.863762
1308.863762
1308.863762
1308.863762
1308.863762
1308.863762
1308.863762
1308.863762
1308.863762
1308.863762
1308.863762
1308.863762
1308.863762
1308.863762
1308.863762
1308.863762
1308.863762
1308.863762
1308.863762
1308.863762
1308.863762
1308.861669
1308.861669
1308.861669
1308.861669
1308.861669
1308.861669
1308.861669
1308.861669
1308.861669
1308.861669
1308.861669
1308.861669
1308.861669
1308.861669
1308.861669
1308.861669
1308.861669
1308.861669
1308.861669
1308.861669
1308.861669
1308.861669
1308.861669
1308.861669
1308.861669
1308.861669
1308.861669
1308.861669
1308.861669
1308.861669
1308.861669
1308.861669
1308.861669
1308.861669
1308.861669
1308.861669
1308.861669
1308.861669
1308.861669
1308.861669
1308.861669
1308.861669
1308.858647
1308.858647
1308.858647
1308.858647
1308.858647
1308.858647
1308.858647
1308.858647
1308.858647
1308.858647
1308.858647
1308.858647
1308.858647
1308.858647
1308.858647
1308.858647
1308.858647
1308.858647
1308.858647
1308.858647
1308.858647
1308.858647
1308.858647
1308.858647
1308.858647
1308.858647
1308.858647
1308.858647
1308.858647
1308.858647
1308.858647
1308.858647
1308.858647
1308.858647
1308.858647
1308.858647
1308.858647
1308.858647
1308.858647
1308.858647
1308.858647
1308.858647
1308.858647
1308.858647
1308.858647
1308.858647
1308.858647
1308.858647
1308.858647
1308.858647
1308.858647
1308.858647
1308.858647
1308.858647
1308.858647
1308.858647
1308.858647
1308.830343
1308.830343
1308.830343
1308.830343
1308.830343
1308.830343
1308.830343
1308.830343
1308.830343
1308.830343
1308.830343
1308.830343
1308.830343
1308.830343
1308.830343
1308.830343
1308.830343
1308.830343
1308.830343
1308.830343
1308.830343
1308.830343
1308.830343
1308.830343
1308.830343
1308.830343
1308.830343
1308.830343
1308.830343
1308.830343
1308.830343
1308.813488
1308.813488
1308.813488
1308.813488
1308.813488
1308.813488
1308.813488
1308.813488
1308.813488
1308.813488
1308.813488
1308.813488
1308.813488
1308.813488
1308.813488
1308.813488
1308.813488
1308.813488
1308.813488
1308.813488
1308.813488
1308.813488
1308.813488
1308.813488
1308.813488
1308.813488
1308.813488
1308.813488
1308.813488
1308.813488
1308.813488
1308.813488
1308.813488
1308.813488
1308.813488
1308.813488
1308.813488
1308.813488
1308.813488
1308.813488
1308.813488
1308.813488
1308.813488
1308.813488
1308.813488
1308.813488
1308.813488
1308.813488
1308.813488
1308.813488
1308.813488
1308.813488
1308.813488
1308.813488
1308.813488
1308.813488
1308.813488
1308.813488
1308.813488
1308.813488
1308.813488
1308.813488
1308.813488
1308.813488
1308.813488
1308.813488
1308.813488
1308.813488
1308.813488
1308.813488
1308.813488
1308.813488
1308.813488
1308.813488
1308.756575
1308.756575
1308.756575
1308.756575
1308.756575
1308.756575
1308.756575
1308.756575
1308.756575
1308.756575
1308.756575
1308.756575
1308.756575
1308.756575
1308.756575
1308.756575
1308.756575
1308.756575
1308.756575
1308.756575
1308.756575
1308.756575
1308.756575
1308.756575
1308.756575
1308.756575
1308.756575
1308.756575
1308.756575
1308.756575
1308.756575
1308.756575
1308.756575
1308.756575
1308.756575
1308.756575
1308.756575
1308.756575
1308.756575
1308.756575
1308.756575
1308.756575
1308.756575
1308.756575
1308.756575
1308.756575
1308.756575
1308.756575
1308.756575
1308.756575
1308.756575
1308.756575
1308.756575
1308.756575
1308.756575
1308.756575
1308.756575
1308.756575
1308.756575
1308.756575
1308.756575
1308.756575
1308.756575
1308.756575
1308.756575
1308.756575
1308.756575
1308.756575
1308.756575
1308.756575
1308.756575
1308.756575
1308.756575
1308.756575
1308.756575
1308.756575
1308.756575
1308.756575
1308.756575
1308.756575
1308.756575
1308.756575
1308.756575
1308.721101
1308.721101
1308.721101
1308.721101
1308.721101
1308.721101
1308.721101
1308.721101
1308.721101
1308.721101
1308.721101
1308.721101
1308.721101
1308.721101
1308.721101
1308.721101
1308.721101
1308.721101
1308.721101
1308.721101
1308.721101
1308.721101
1308.721101
1308.721101
1308.721101
1308.721101
1308.721101
1308.721101
1308.721101
1308.721101
1308.721101
1308.721101
1308.721101
1308.721101
1308.721101
1308.721101
1308.721101
1308.721101
1308.721101
1308.721101
1308.721101
1308.721101
1308.721101
1308.721101
1308.721101
1308.721101
1308.721101
1308.721101
1308.721101
1308.721101
1308.721101
1308.721101
1308.721101
1308.721101
1308.721101
1308.721101
1308.721101
1308.721101
1308.721101
1308.721101
1308.721101
1308.721101
1308.721101
1308.721101
1308.721101
1308.721101
1308.721101
1308.721101
1308.721101
1308.721101
1308.721101
1308.721101
1308.721101
1308.721101
1308.721101
1308.721101
1308.721101
1308.721101
1308.700960
1308.700960
1308.700960
1308.700960
1308.700960
1308.700960
1308.700960
1308.700960
1308.700960
1308.700960
1308.700960
1308.700960
1308.700960
1308.700960
1308.700960
1308.700960
1308.700960
1308.700960
1308.700960
1308.700960
1308.700960
1308.700960
1308.700960
1308.700960
1308.700960
1308.700960
1308.700960
1308.700960
1308.700960
1308.700960
1308.700960
1308.700960
1308.700960
1308.700960
1308.700960
1308.700960
1308.700960
1308.700960
1308.700960
1308.700960
1308.700960
1308.700960
1308.700960
1308.700960
1308.700960
1308.700960
1308.700960
1308.700635
1308.700635
1308.700635
1308.700635
1308.700635
1308.700635
1308.700635
1308.700635
1308.700635
1308.700635
1308.670063
1308.670063
1308.670063
1308.670063
1308.670063
1308.670063
1308.670063
1308.670063
1308.670063
1308.670063
1308.670063
1308.670063
1308.670063
1308.670063
1308.670063
1308.670063
1308.670063
1308.670063
1308.670063
1308.670063
1308.670063
1308.670063
1308.670063
1308.670063
1308.670063
1308.670063
1308.670063
1308.670063
1308.670063
1308.670063
1308.670063
1308.670063
1308.670063
1308.670063
1308.670063
1308.642445
1308.642445
1308.642445
1308.642445
1308.642445
1308.642445
1308.642445
1308.642445
1308.642445
1308.642445
1308.642445
1308.642445
1308.642445
1308.642445
1308.642445
1308.642445
1308.642445
1308.642445
1308.642445
1308.642445
1308.642445
1308.642445
1308.642445
1308.642445
1308.642445
1308.642445
1308.642445
1308.642445
1308.642445
1308.642445
1308.642445
1308.642445
1308.642445
1308.642445
1308.642445
1308.642445
1308.642445
1308.642445
1308.642445
1308.642445
1308.642445
1308.642445
1308.642445
1308.616255
1308.616255
1308.616255
1308.616255
1308.616255
1308.616255
1308.616255
1308.616255
1308.616255
1308.616255
1308.616255
1308.616255
1308.616255
1308.616255
1308.616255
1308.616255
1308.616255
1308.616255
1308.616255
1308.616255
1308.616255
1308.616255
1308.616255
1308.616255
1308.616255
1308.616255
1308.616255
1308.616255
1308.616255
1308.616255
1308.616255
1308.616255
1308.616255
1308.616255
1308.616255
1308.616255
1308.616255
1308.616255
1308.616255
1308.616255
1308.616255
1308.616255
1308.616255
1308.616255
1308.616255
1308.616255
1308.616255
1308.616255
1308.616255
1308.616255
1308.616255
1308.616255
1308.616255
1308.616255
1308.616255
1308.616255
1308.616255
1308.616255
1308.616255
1308.616255
1308.616255
1308.616255
1308.616255
1308.616255
1308.616255
1308.616255
1308.616255
1308.616255
1308.602846
1308.602846
1308.602846
1308.602846
1308.602846
1308.602846
1308.602846
1308.602846
1308.602846
1308.602846
1308.602846
1308.602846
1308.602846
1308.602846
1308.602846
1308.602846
1308.602846
1308.602846
1308.602846
1308.602846
1308.593514
1308.593514
1308.593514
1308.593514
1308.593514
1308.593514
1308.593514
1308.593514
1308.593514
1308.593514
1308.593514
1308.593514
1308.593514
1308.593514
1308.593514
1308.551841
1308.551841
1308.551841
1308.551841
1308.551841
1308.551841
1308.551841
1308.551841
1308.551841
1308.551841
1308.551841
1308.551841
1308.551841
1308.551841
1308.551841
1308.551841
1308.551841
1308.551841
1308.551841
1308.551841
1308.551841
1308.551841
1308.551841
1308.551841
1308.551841
1308.551841
1308.551841
1308.551841
1308.551841
1308.551841
1308.551841
1308.551841
1308.551841
1308.551841
1308.551841
1308.539719
1308.539719
1308.539719
1308.539719
1308.539719
1308.539719
1308.539719
1308.539719
1308.539719
1308.539719
1308.539719
1308.539719
1308.539719
1308.539719
1308.539719
1308.539719
1308.539719
1308.539719
1308.539719
1308.539719
1308.539719
1308.539719
1308.539719
1308.539719
1308.539719
1308.539719
1308.539719
1308.539719
1308.539719
1308.539719
1308.539719
1308.539719
1308.539719
1308.539719
1308.539719
1308.539719
1308.539719
1308.539719
1308.539719
1308.539719
1308.539719
1308.539719
1308.539719
1308.539719
1308.539719
1308.539719
1308.539719
1308.539719
1308.539719
1308.539719
1308.539719
1308.539719
1308.539719
1308.539719
1308.539719
1308.539719
1308.539719
1308.539719
1308.539719
1308.539719
1308.539719
1308.539719
1308.539719
1308.539719
1308.539719
1308.539719
1308.539719
1308.539719
1308.539719
1308.539719
1308.539719
1308.539719
1308.539719
1308.537057
1308.537057
1308.537057
1308.537057
1308.537057
1308.537057
1308.537057
1308.537057
1308.537057
1308.537057
1308.537057
1308.537057
1308.537057
1308.537057
1308.537057
1308.537057
1308.537057
1308.537057
1308.537057
1308.537057
1308.537057
1308.537057
1308.537057
1308.537057
1308.537057
1308.537057
1308.516426
1308.516426
1308.516426
1308.516426
1308.516426
1308.516426
1308.516426
1308.516426
1308.516426
1308.516426
1308.516426
1308.516426
1308.516426
1308.516426
1308.516426
1308.516426
1308.516426
1308.516426
1308.516426
1308.512665
1308.512665
1308.512665
1308.512665
1308.512665
1308.512665
1308.512665
1308.512665
1308.512665
1308.512665
1308.512665
1308.512665
1308.501966
1308.501966
1308.501966
1308.501966
1308.501966
1308.501966
1308.501966
1308.501966
1308.501966
1308.501966
1308.501966
1308.501966
1308.501966
1308.501966
1308.501966
1308.501966
1308.501966
1308.501966
1308.501966
1308.501966
1308.501966
1308.501966
1308.501966
1308.501966
1308.501966
1308.501966
1308.501966
1308.501966
1308.501966
1308.501966
1308.501966
1308.501966
1308.501966
1308.501966
1308.501966
1308.501966
1308.501966
1308.501966
1308.501966
1308.501966
1308.501966
1308.501966
1308.501966
1308.501966
1308.426436
1308.426436
1308.426436
1308.426436
1308.426436
1308.426436
1308.426436
1308.426436
1308.426436
1308.426436
1308.426436
1308.426436
1308.426436
1308.426436
1308.426436
1308.426436
1308.426436
1308.426436
1308.426436
1308.426436
1308.426436
1308.426436
1308.426436
1308.426436
1308.426436
1308.426436
1308.426436
1308.426436
1308.426436
1308.426436
1308.426436
1308.426436
1308.426436
1308.426436
1308.426436
1308.426436
1308.426436
1308.426436
1308.426436
1308.426436
1308.426436
1308.426436
1308.426436
1308.426436
1308.426436
1308.426436
1308.426436
1308.426436
1308.426436
1308.426436
1308.426436
1308.426436
1308.426436
1308.426436
1308.426436
1308.426436
1308.426436
1308.426436
1308.426436
1308.426436
1308.426436
1308.426436
1308.426436
1308.426436
1308.426436
1308.426436
1308.426436
1308.426436
1308.426436
1308.426436
1308.426436
1308.426436
1308.426436
1308.426436
1308.426436
1308.426436
1308.426436
1308.426436
1308.426436
1308.426436
1308.426436
1308.426436
1308.426436
1308.426436
1308.426436
1308.426436
1308.426436
1308.426436
1308.426436
1308.426436
1308.426436
1308.426436
1308.426436
1308.426436
1308.426436
1308.426436
1308.426436
1308.426436
1308.426436
1308.426436
1308.426436
1308.426436
1308.426436
1308.426436
1308.426436
1308.426436
1308.426436
1308.426436
1308.426436
1308.426436
1308.426436
1308.426436
1308.426436
1308.426436
1308.426436
1308.426436
1308.426436
1308.426436
1308.426436
1308.426436
1308.426436
1308.426436
1308.426436
1308.426436
1308.426436
1308.426436
1308.426436
1308.426436
1308.426436
1308.426436
1308.426436
1308.426436
1308.426436
1308.426436
1308.426436
1308.426436
1308.426436
1308.426436
1308.426436
1308.422443
1308.422443
1308.422443
1308.422443
1308.422443
1308.422443
1308.422443
1308.422443
1308.422443
1308.422443
1308.422443
1308.422443
1308.422443
1308.422443
1308.422443
1308.422443
1308.422443
1308.422443
1308.422443
1308.422443
1308.422443
1308.422443
1308.422443
1308.422443
1308.422443
1308.422443
1308.422443
1308.422443
1308.422443
1308.422443
1308.422443
1308.422443
1308.422443
1308.422443
1308.422443
1308.422443
1308.422443
1308.422443
1308.422443
1308.422443
1308.422443
1308.422443
1308.422443
1308.422443
1308.422443
1308.422443
1308.422443
1308.422443
1308.422443
1308.422443
1308.422443
1308.422443
1308.422443
1308.422443
1308.422443
1308.422443
1308.422443
1308.422443
1308.422443
1308.422443
1308.422443
1308.422443
1308.422443
1308.422443
1308.422443
1308.422443
1308.422443
1308.422443
1308.422443
1308.422443
1308.422443
1308.355546
1308.355546
1308.355546
1308.355546
1308.355546
1308.355546
1308.355546
1308.355546
1308.355546
1308.355546
1308.355546
1308.355546
1308.355546
1308.355546
1308.355546
1308.355546
1308.355546
1308.355546
1308.355546
1308.355546
1308.355546
1308.355546
1308.355546
1308.355546
1308.355546
1308.355546
1308.355546
1308.355546
1308.355546
1308.355546
1308.355546
1308.355546
1308.355546
1308.355546
1308.355546
1308.355546
1308.355546
1308.355546
1308.355546
1308.355546
1308.355546
1308.355546
1308.355546
1308.355546
1308.355546
1308.355546
1308.355546
1308.355546
1308.355546
1308.355546
1308.355546
1308.355546
1308.355546
1308.355546
1308.355546
1308.355546
1308.355546
1308.355546
1308.355546
1308.355546
1308.355546
1308.355546
1308.355546
1308.355546
1308.355546
1308.355546
1308.355546
1308.355546
1308.355546
1308.355546
1308.355546
1308.355546
1308.355546
1308.355546
1308.355546
1308.355546
1308.355546
1308.355546
1308.315441
1308.315441
1308.315441
1308.315441
1308.315441
1308.315441
1308.315441
1308.315441
1308.315441
1308.315441
1308.315441
1308.315441
1308.315441
1308.315441
1308.315441
1308.315441
1308.315441
1308.315441
1308.315441
1308.315441
1308.315441
1308.315441
1308.315441
1308.315441
1308.315441
1308.315441
1308.315441
1308.315441
1308.315441
1308.315441
1308.315441
1308.315441
1308.315441
1308.315441
1308.315441
1308.315441
1308.315441
1308.315441
1308.315441
1308.315441
1308.315441
1308.315441
1308.315441
1308.315441
1308.315441
1308.315441
1308.315441
1308.315441
1308.315441
1308.315441
1308.315441
1308.315441
1308.315330
1308.236406
1308.236406
1308.236406
1308.236406
1308.236406
1308.236406
1308.236406
1308.236406
1308.236406
1308.236406
1308.236406
1308.236406
1308.236406
1308.236406
1308.236406
1308.236406
1308.236406
1308.236406
1308.236406
1308.236406
1308.236406
1308.236406
1308.236406
1308.236406
1308.236406
1308.236406
1308.236406
1308.236406
1308.236406
1308.236406
1308.236406
1308.236406
1308.236406
1308.236406
1308.236406
1308.236406
1308.236406
1308.236406
1308.236406
1308.236406
1308.236406
1308.236406
1308.236406
1308.236406
1308.236406
1308.236406
1308.236406
1308.236406
1308.236406
1308.236406
1308.236406
1308.236406
1308.236406
1308.236406
1308.236406
1308.236406
1308.236406
1308.236406
1308.236406
1308.236406
1308.236406
1308.236406
1308.236406
1308.236406
1308.236406
1308.236406
1308.236406
1308.236406
1308.236406
1308.236406
1308.236406
1308.236406
1308.236406
1308.236406
1308.236406
1308.236406
1308.236406
1308.236406
1308.236406
1308.236406
1308.236406
1308.236406
1308.236406
1308.236406
1308.236406
1308.236406
1308.236406
1308.236406
1308.236406
1308.236406
1308.236406
1308.236406
1308.236406
1308.233358
1308.233358
1308.233358
1308.233358
1308.233358
1308.233358
1308.233358
1308.233358
1308.233358
1308.233358
1308.233358
1308.233358
1308.233358
1308.233358
1308.233358
1308.233358
1308.233358
1308.233358
1308.233358
1308.233358
1308.233358
1308.233358
1308.233358
1308.233358
1308.233358
1308.233358
1308.233358
1308.233358
1308.233358
1308.233358
1308.233358
1308.233358
1308.233358
1308.233358
1308.233358
1308.233358
1308.233358
1308.233358
1308.233358
1308.233358
1308.233358
1308.233358
1308.233358
1308.233358
1308.233358
1308.233358
1308.233358
1308.233358
1308.233358
1308.231961
1308.231961
1308.231961
1308.231961
1308.231961
1308.231961
1308.222430
1308.222430
1308.210484
1308.210484
1308.210484
1308.210484
1308.210484
1308.210484
1308.210484
1308.210484
1308.210484
1308.210484
1308.210484
1308.210484
1308.210484
1308.210484
1308.210484
1308.210484
1308.210484
1308.210484
1308.210484
1308.210484
1308.210484
1308.210484
1308.210484
1308.186489
1308.186489
1308.186489
1308.186489
1308.186489
1308.186489
1308.186489
1308.186489
1308.186489
1308.186489
1308.186489
1308.186489
1308.186489
1308.186489
1308.186489
1308.186489
1308.186489
1308.186489
1308.186489
1308.186489
1308.186489
1308.186489
1308.186489
1308.186489
1308.186489
1308.186489
1308.186489
1308.186489
1308.186489
1308.186489
1308.186489
1308.186489
1308.186489
1308.186489
1308.186489
1308.186489
1308.186489
1308.186489
1308.179619
1308.179619
1308.179619
1308.179619
1308.179619
1308.179619
1308.179619
1308.179619
1308.179619
1308.179619
1308.179619
1308.179619
1308.179619
1308.179619
1308.179619
1308.179619
1308.179619
1308.179619
1308.179619
1308.179619
1308.179619
1308.179619
1308.179619
1308.179619
1308.179619
1308.179619
1308.179619
1308.179619
1308.179619
1308.179619
1308.179619
1308.179619
1308.179619
1308.179619
1308.179619
1308.179619
1308.179619
1308.179619
1308.179619
1308.179619
1308.179619
1308.179619
1308.179619
1308.179619
1308.179619
1308.179619
1308.179619
1308.179619
1308.179619
1308.179619
1308.179619
1308.179619
1308.179619
1308.179619
1308.179619
1308.179619
1308.179619
1308.179619
1308.179619
1308.179619
1308.179619
1308.179619
1308.179619
1308.179619
1308.179619
1308.077805
1308.077805
1308.077805
1308.077805
1308.077805
1308.077805
1308.077805
1308.077805
1308.077805
1308.077805
1308.077805
1308.077805
1308.077805
1308.077805
1308.077805
1308.077805
1308.077805
1308.077805
1308.077805
1308.077805
1308.077805
1308.077805
1308.077805
1308.077805
1308.077805
1308.077805
1308.077805
1308.077805
1308.077805
1308.077805
1308.077805
1308.077805
1308.077805
1308.077805
1308.077805
1308.077805
1308.077805
1308.077805
1308.077805
1308.077805
1308.077805
1308.077805
1308.077805
1308.077805
1308.077805
1308.077805
1308.077805
1308.077805
1308.077805
1308.077805
1308.077805
1308.077805
1308.077805
1308.077805
1308.077805
1308.077805
1308.077805
1308.077805
1308.077805
1308.077805
1308.077805
1308.077805
1308.077805
1308.077805
1308.077805
1308.077805
1308.077805
1308.077805
1308.077805
1308.077805
1308.077805
1308.077805
1308.077805
1308.077805
1308.077805
1308.077805
1308.077805
1308.077805
1308.077805
1308.077805
1308.077805
1308.077805
1308.077805
1308.077805
1308.077805
1308.077805
1308.077805
1308.077805
1308.077805
1308.077805
1308.077805
1308.077805
1308.077805
1308.077805
1308.077805
1308.077805
1308.077805
1308.077805
1308.077805
1308.077805
1308.077805
1308.077805
1308.077805
1308.077805
1308.077805
1308.077805
1308.077805
1308.077805
1308.077805
1308.077805
1308.077805
1308.077805
1308.077805
1308.077805
1308.047127
1308.047127
1308.047127
1308.047127
1308.047127
1308.047127
1308.047127
1308.047127
1308.027150
1308.027150
1308.027150
1308.027150
1308.027150
1308.027150
1308.027150
1308.027150
1308.027150
1308.027150
1308.027150
1308.027150
1308.027150
1308.027150
1308.027150
1308.027150
1308.027150
1308.027150
1308.027150
1308.027150
1308.027150
1308.027150
1308.027150
1308.027150
1308.027150
1308.027150
1308.027150
1308.027150
1308.027150
1308.027150
1308.027150
1308.027150
1308.027150
1308.027150
1308.027150
1308.027150
1308.027150
1308.027150
1308.027150
1308.027150
1308.012252
1308.012252
1308.012252
1308.012252
1308.012252
1308.012252
1308.012252
1308.012252
1308.012252
1308.012252
1308.012252
1308.012252
1308.012252
1308.012252
1308.012252
1308.012252
1308.012252
1308.012252
1308.012252
1308.012252
1308.012252
1308.012252
1308.012252
1308.012252
1308.012252
1308.012252
1308.012252
1308.012252
1308.012252
1308.012252
1308.012252
1308.012252
1308.012252
1308.012252
1308.012252
1308.012252
1308.012252
1308.012252
1308.012252
1308.012252
1308.012252
1308.012252
1308.012252
1308.012252
1308.012252
1308.012252
1308.012252
1308.012252
1308.012252
1308.012252
1308.012252
1308.012252
1308.012252
1308.012252
1307.998311
1307.998311
1307.998311
1307.998311
1307.998311
1307.998311
1307.998311
1307.998311
1307.998311
1307.998311
1307.998311
1307.998311
1307.998311
1307.998311
1307.998311
1307.998311
1307.998311
1307.998311
1307.998311
1307.998311
1307.998311
1307.998311
1307.998311
1307.998311
1307.998311
1307.998311
1307.998311
1307.998311
1307.998311
1307.998311
1307.976577
1307.976577
1307.976577
1307.976577
1307.976577
1307.976577
1307.976577
1307.976577
1307.976577
1307.976577
1307.976577
1307.976577
1307.976577
1307.976577
1307.976577
1307.976577
1307.976577
1307.976577
1307.976577
1307.976577
1307.976577
1307.976577
1307.976577
1307.976577
1307.976577
1307.976577
1307.976577
1307.940924
1307.940924
1307.940924
1307.940924
1307.940924
1307.940924
1307.940924
1307.940924
1307.940924
1307.940924
1307.940924
1307.918675
1307.918675
1307.918675
1307.918675
1307.918675
1307.918675
1307.918675
1307.918675
1307.918675
1307.918675
1307.918675
1307.918675
1307.918675
1307.918675
1307.918675
1307.918675
1307.918675
1307.918675
1307.918675
1307.918675
1307.918675
1307.918675
1307.918675
1307.918675
1307.918675
1307.918675
1307.918675
1307.918675
1307.918675
1307.918675
1307.918675
1307.918675
1307.918675
1307.918675
1307.918675
1307.918675
1307.918675
1307.918675
1307.918675
1307.918675
1307.918675
1307.918675
1307.918675
1307.918675
1307.918675
1307.918675
1307.918675
1307.918675
1307.918675
1307.918675
1307.918675
1307.918675
1307.918675
1307.895024
1307.895024
1307.895024
1307.895024
1307.895024
1307.895024
1307.895024
1307.895024
1307.895024
1307.895024
1307.895024
1307.895024
1307.895024
1307.895024
1307.895024
1307.895024
1307.895024
1307.895024
1307.895024
1307.895024
1307.895024
1307.895024
1307.895024
1307.895024
1307.895024
1307.895024
1307.895024
1307.895024
1307.895024
1307.895024
1307.895024
1307.895024
1307.895024
1307.895024
1307.895024
1307.895024
1307.895024
1307.885792
1307.885792
1307.885792
1307.885792
1307.885792
1307.885792
1307.885792
1307.885792
1307.885792
1307.885792
1307.885792
1307.885792
1307.885792
1307.885792
1307.885792
1307.885792
1307.885792
1307.885792
1307.885792
1307.885792
1307.885792
1307.885792
1307.885792
1307.885792
1307.885792
1307.885792
1307.885792
1307.885792
1307.885792
1307.885792
1307.885792
1307.885792
1307.885792
1307.885792
1307.885792
1307.885792
1307.885792
1307.885792
1307.885792
1307.885792
1307.885792
1307.885792
1307.885792
1307.885792
1307.885792
1307.885792
1307.885792
1307.885792
1307.885792
1307.885792
1307.885792
1307.885792
1307.885792
1307.885792
1307.885792
1307.885792
1307.885792
1307.885792
1307.885792
1307.885792
1307.885792
1307.885792
1307.885792
1307.885792
1307.885792
1307.885792
1307.885792
1307.885792
1307.885792
1307.885792
1307.885792
1307.885792
1307.885792
1307.885792
1307.885792
1307.885792
1307.885792
1307.885792
1307.885792
1307.885792
1307.885792
1307.885792
1307.885792
1307.885792
1307.885792
1307.885792
1307.885792
1307.885792
1307.885792
1307.885792
1307.885792
1307.885792
1307.884523
1307.884523
1307.884523
1307.884523
1307.884523
1307.884523
1307.884523
1307.884523
1307.884523
1307.884523
1307.884523
1307.884523
1307.884523
1307.884523
1307.884523
1307.884523
1307.884523
1307.884523
1307.884523
1307.884523
1307.884523
1307.884523
1307.884523
1307.884523
1307.884523
1307.884523
1307.884523
1307.884523
1307.884523
1307.884523
1307.884523
1307.884523
1307.884523
1307.884523
1307.884523
1307.884523
1307.884523
1307.849397
1307.849397
1307.849397
1307.849397
1307.849397
1307.849397
1307.849397
1307.849397
1307.849397
1307.849397
1307.849397
1307.849397
1307.849397
1307.849397
1307.849397
1307.849397
1307.849397
1307.849397
1307.849397
1307.849397
1307.849397
1307.849397
1307.849397
1307.849397
1307.838837
1307.838837
1307.838837
1307.838837
1307.838837
1307.838837
1307.838837
1307.838837
1307.838837
1307.838837
1307.838837
1307.838837
1307.838837
1307.838837
1307.838837
1307.838837
1307.838837
1307.838837
1307.838837
1307.838837
1307.838837
1307.838837
1307.838837
1307.838837
1307.838837
1307.838837
1307.838837
1307.838837
1307.838837
1307.838837
1307.838837
1307.838837
1307.838837
1307.838837
1307.838837
1307.838837
1307.838837
1307.838837
1307.838837
1307.838837
1307.838837
1307.838837
1307.838837
1307.838837
1307.838837
1307.838837
1307.838837
1307.838837
1307.838837
1307.838837
1307.838837
1307.838837
1307.838837
1307.829764
1307.829764
1307.829764
1307.829764
1307.829764
1307.829764
1307.829764
1307.829764
1307.829764
1307.829764
1307.829764
1307.829764
1307.829764
1307.829764
1307.829764
1307.829764
1307.829764
1307.829764
1307.829764
1307.829764
1307.829764
1307.829764
1307.829764
1307.829764
1307.829764
1307.829764
1307.829764
1307.829764
1307.829764
1307.829764
1307.829764
1307.829764
1307.829764
1307.829764
1307.829764
1307.829764
1307.829764
1307.829764
1307.829764
1307.829764
1307.829764
1307.829764
1307.794693
1307.794693
1307.794693
1307.794693
1307.794693
1307.794693
1307.794693
1307.794693
1307.794693
1307.794693
1307.794693
1307.794693
1307.794693
1307.794693
1307.794693
1307.794693
1307.794693
1307.794693
1307.794693
1307.794693
1307.794693
1307.794693
1307.794693
1307.794693
1307.794693
1307.794693
1307.794693
1307.794693
1307.794693
1307.794693
1307.794693
1307.794693
1307.794693
1307.794693
1307.794693
1307.794693
1307.794693
1307.794693
1307.794693
1307.794693
1307.737127
1307.737127
1307.737127
1307.737127
1307.737127
1307.697779
1307.697779
1307.697779
1307.697779
1307.697779
1307.697779
1307.697779
1307.697779
1307.697779
1307.697779
1307.697779
1307.697779
1307.697779
1307.697779
1307.697779
1307.697779
1307.697779
1307.697779
1307.697779
1307.697779
1307.697779
1307.697779
1307.697779
1307.697779
1307.697779
1307.697779
1307.697779
1307.646671
1307.646671
1307.646671
1307.646671
1307.646671
1307.646671
1307.646671
1307.646671
1307.646671
1307.646671
1307.646671
1307.646671
1307.646671
1307.646671
1307.646671
1307.646671
1307.646671
1307.646671
1307.646671
1307.646671
1307.646671
1307.646671
1307.646671
1307.646671
1307.646671
1307.646671
1307.646671
1307.646671
1307.646671
1307.646671
1307.646671
1307.634559
1307.634559
1307.634559
1307.634559
1307.634559
1307.634559
1307.634559
1307.634559
1307.634559
1307.634559
1307.634559
1307.634559
1307.634559
1307.634559
1307.634559
1307.634559
1307.634559
1307.630242
1307.630242
1307.630242
1307.630242
1307.630242
1307.630242
1307.630242
1307.630242
1307.630242
1307.630242
1307.630242
1307.630242
1307.630242
1307.630242
1307.630242
1307.630242
1307.630242
1307.630242
1307.599090
1307.599090
1307.599090
1307.599090
1307.599090
1307.599090
1307.599090
1307.599090
1307.599090
1307.599090
1307.599090
1307.599090
1307.599090
1307.599090
1307.599090
1307.599090
1307.599090
1307.599090
1307.599090
1307.599090
1307.599090
1307.599090
1307.599090
1307.599090
1307.599090
1307.599090
1307.599090
1307.599090
1307.599090
1307.599090
1307.599090
1307.599090
1307.599090
1307.599090
1307.599090
1307.599090
1307.599090
1307.599090
1307.599090
1307.599090
1307.534917
1307.534917
1307.534917
1307.534917
1307.534917
1307.534917
1307.534917
1307.534917
1307.534917
1307.534917
1307.534917
1307.534917
1307.534917
1307.534917
1307.534917
1307.534917
1307.534917
1307.534917
1307.534917
1307.534917
1307.534917
1307.534917
1307.534917
1307.534917
1307.534917
1307.534917
1307.534917
1307.534917
1307.534917
1307.534917
1307.534917
1307.534917
1307.534917
1307.534917
1307.534917
1307.534917
1307.534917
1307.534917
1307.534917
1307.534917
1307.534917
1307.534917
1307.534917
1307.534917
1307.534917
1307.534917
1307.534917
1307.534917
1307.534917
1307.534917
1307.534917
1307.534917
1307.534917
1307.534917
1307.534917
1307.534917
1307.534917
1307.534917
1307.534917
1307.521868
1307.521868
1307.521868
1307.521868
1307.521868
1307.521868
1307.521868
1307.521868
1307.521868
1307.521868
1307.521868
1307.521868
1307.521868
1307.521868
1307.521868
1307.521868
1307.521868
1307.521868
1307.521868
1307.521868
1307.521868
1307.521868
1307.521868
1307.521868
1307.521868
1307.521868
1307.521868
1307.521868
1307.521868
1307.521868
1307.521868
1307.521868
1307.521868
1307.521868
1307.521868
1307.459200
1307.459200
1307.459200
1307.459200
1307.459200
1307.459200
1307.459200
1307.459200
1307.459200
1307.459200
1307.459200
1307.459200
1307.459200
1307.459200
1307.459200
1307.459200
1307.459200
1307.459200
1307.459200
1307.459200
1307.459200
1307.459200
1307.459200
1307.459200
1307.459200
1307.459200
1307.459200
1307.459200
1307.459200
1307.459200
1307.459200
1307.459200
1307.459200
1307.459200
1307.459200
1307.459200
1307.459200
1307.459200
1307.459200
1307.459200
1307.459200
1307.459200
1307.459200
1307.459200
1307.459200
1307.459200
1307.459200
1307.459200
1307.459200
1307.459200
1307.459200
1307.459200
1307.459200
1307.459200
1307.459200
1307.459200
1307.459200
1307.459200
1307.459200
1307.459200
1307.459200
1307.459200
1307.459200
1307.459200
1307.459200
1307.459200
1307.459200
1307.459200
1307.459200
1307.459200
1307.459200
1307.459200
1307.459200
1307.459200
1307.459200
1307.459200
1307.459200
1307.413132
1307.413132
1307.403284
1307.403284
1307.403284
1307.403284
1307.403284
1307.403284
1307.403284
1307.403284
1307.403284
1307.403284
1307.403284
1307.403284
1307.403284
1307.403284
1307.403284
1307.403284
1307.403284
1307.403284
1307.403284
1307.403284
1307.403284
1307.348623
1307.348623
1307.348623
1307.348623
1307.348623
1307.348623
1307.348623
1307.348623
1307.348623
1307.348623
1307.348623
1307.348623
1307.348623
1307.348623
1307.348623
1307.348623
1307.348623
1307.348623
1307.348623
1307.348623
1307.348623
1307.348623
1307.348623
1307.348623
1307.348623
1307.348623
1307.348623
1307.348623
1307.348623
1307.348623
1307.348623
1307.348623
1307.348623
1307.348623
1307.348623
1307.348623
1307.348623
1307.348623
1307.348623
1307.348623
1307.348623
1307.348623
1307.348623
1307.348623
1307.348623
1307.348623
1307.348623
1307.348623
1307.348623
1307.348623
1307.348623
1307.348623
1307.348623
1307.348623
1307.348623
1307.348623
1307.348623
1307.348623
1307.348623
1307.348623
1307.348623
1307.348623
1307.348623
1307.348623
1307.348623
1307.348623
1307.348623
1307.348623
1307.348623
1307.348623
1307.348623
1307.348623
1307.348623
1307.348623
1307.348623
1307.348623
1307.348623
1307.348623
1307.348623
1307.348623
1307.348623
1307.348623
1307.348623
1307.348623
1307.348623
1307.348623
1307.348623
1307.348623
1307.348623
1307.348623
1307.348623
1307.348623
1307.348623
1307.348623
1307.348623
1307.348623
1307.348623
1307.348623
1307.348623
1307.348623
1307.348623
1307.348623
1307.348623
1307.309182
1307.309182
1307.309182
1307.309182
1307.309182
1307.309182
1307.309182
1307.307372
1307.307372
1307.307372
1307.307372
1307.307372
1307.307372
1307.307372
1307.307372
1307.307372
1307.307372
1307.307372
1307.307372
1307.307372
1307.307372
1307.307372
1307.307372
1307.307372
1307.307372
1307.307372
1307.307372
1307.307372
1307.307372
1307.307372
1307.307372
1307.307372
1307.285799
1307.285799
1307.285799
1307.285799
1307.285799
1307.285799
1307.285799
1307.285799
1307.285799
1307.285799
1307.285799
1307.285799
1307.285799
1307.285799
1307.285799
1307.285799
1307.285799
1307.285799
1307.285799
1307.285799
1307.285799
1307.285799
1307.285799
1307.285799
1307.285799
1307.208083
1307.208083
1307.208083
1307.208083
1307.208083
1307.208083
1307.208083
1307.208083
1307.208083
1307.208083
1307.208083
1307.208083
1307.208083
1307.208083
1307.208083
1307.208083
1307.208083
1307.208083
1307.208083
1307.208083
1307.208083
1307.208083
1307.208083
1307.208083
1307.208083
1307.208083
1307.208083
1307.208083
1307.208083
1307.208083
1307.208083
1307.208083
1307.208083
1307.208083
1307.208083
1307.208083
1307.208083
1307.208083
1307.208083
1307.208083
1307.208083
1307.208083
1307.208083
1307.208083
1307.208083
1307.208083
1307.208083
1307.208083
1307.208083
1307.208083
1307.208083
1307.208083
1307.208083
1307.208083
1307.208083
1307.208083
1307.208083
1307.208083
1307.208083
1307.208083
1307.208083
1307.208083
1307.208083
1307.208083
1307.196246
1307.196246
1307.196246
1307.196246
1307.196246
1307.196246
1307.196246
1307.196246
1307.196246
1307.196246
1307.196246
1307.196246
1307.196246
1307.196246
1307.196246
1307.196246
1307.196246
1307.196246
1307.196246
1307.196246
1307.196246
1307.196246
1307.196246
1307.196246
1307.196246
1307.196246
1307.196246
1307.196246
1307.196246
1307.196246
1307.196246
1307.196246
1307.078124
1307.078124
1307.078124
1307.078124
1307.078124
1307.078124
1307.078124
1307.078124
1307.078124
1307.078124
1307.078124
1307.078124
1307.078124
1307.078124
1307.078124
1307.078124
1307.078124
1307.078124
1307.078124
1307.038699
1307.038699
1307.038699
1307.038699
1307.038699
1307.038699
1307.038699
1307.038699
1307.038699
1307.038699
1307.038699
1307.038699
1307.038699
1307.038699
1307.038699
1307.038699
1307.038699
1307.038699
1307.038699
1307.038699
1307.038699
1307.038699
1307.038699
1307.038699
1307.038699
1307.038699
1307.038699
1307.038699
1307.038699
1307.038699
1307.038699
1307.038699
1307.038699
1307.038699
1307.038699
1307.038699
1307.038699
1307.038699
1307.038699
1307.038699
1307.038699
1307.038699
1307.038699
1307.038699
1307.038699
1307.038699
1307.038699
1307.038699
1307.038699
1307.038699
1307.038699
1307.038699
1307.038699
1307.038699
1307.038699
1307.038699
1307.038699
1307.038699
1307.038699
1307.038699
1307.038699
1307.038699
1307.038699
1307.031059
1307.031059
1307.031059
1307.031059
1307.031059
1307.031059
1307.031059
1307.031059
1307.031059
1307.031059
1307.031059
1307.031059
1307.031059
1307.031059
1307.031059
1307.031059
1307.031059
1307.031059
1307.031059
1307.031059
1307.031059
1307.031059
1307.031059
1307.031059
1307.031059
1307.031059
1307.031059
1307.031059
1307.031059
1307.031059
1306.801337
1306.801337
1306.801337
1306.801337
1306.801337
1306.801337
1306.801337
1306.801337
1306.801337
1306.801337
1306.801337
1306.801337
1306.801337
1306.801337
1306.801337
1306.801337
1306.801337
1306.801337
1306.801337
1306.801337
1306.801337
1306.801337
1306.801337
1306.801337
1306.801337
1306.801337
1306.801337
1306.801337
1306.801337
1306.801337
1306.801337
1306.801337
1306.801337
1306.801337
1306.801337
1306.801337
1306.801337
1306.801337
1306.801337
1306.801337
1306.801337
1306.801337
1306.801337
1306.801337
1306.801337
1306.801337
1306.801337
1306.801337
1306.801337
1306.801337
1306.801337
1306.801337
1306.801337
1306.801337
1306.801337
1306.801337
1306.801337
1306.801337
1306.801337
1306.801337
1306.801337
1306.801337
1306.801337
1306.801337
1306.801337
1306.801337
1306.801337
1306.801337
1306.801337
1306.801337
1306.801337
1306.801337
1306.801337
1306.801337
1306.639333
1306.639333
1306.639333
1306.639333
1306.639333
1306.639333
1306.639333
1306.639333
1306.639333
1306.639333
1306.639333
1306.639333
1306.639333
1306.639333
1306.639333
1306.639333
1306.639333
1306.639333
1306.639333
1306.639333
1306.639333
1306.639333
1306.639333
1306.639333
1306.639333
1306.639333
1306.639333
1306.639333
1306.639333
1306.639333
1306.639333
1306.639333
1306.639333
1306.639333
1306.639333
1306.639333
1306.639333
1306.639333
1306.639333
1306.639333
1306.639333
1306.639333
1306.639333
1306.639333
1306.639333
1306.639333
1306.639333
1306.639333
1306.639333
1306.639333
1306.639333
1306.639333
1306.639333
1306.639333
1306.639333
1306.639333
1306.639333
1306.639333
1306.639333
1306.639333
1306.639333
1306.639333
1306.639333
1306.639333
1306.639333
1306.639333
1306.639333
1306.639333
1306.639333
1306.639333
1306.639333
1306.639333
1306.639333
1306.639333
1306.639333
1306.639333
1306.639333
1306.639333
1306.639333
1306.639333
1306.639333
1306.639333
1306.639333
1306.639333
1306.639333
1306.639333
1306.639333
1306.639333
1306.639333
1306.639333
1306.639333
1306.639333
1306.639333
1306.639333
1306.639333
1306.639333
1306.639333
1306.639333
1306.639333
1306.639333
1306.639333
1306.639333
1306.639333
1306.639333
1306.639333
1306.639333
1306.619597
1306.619597
1306.619597
1306.619597
1306.619597
1306.619597
1306.619597
1306.619597
1306.619597
1306.619597
1306.619597
1306.619597
1306.619597
1306.619597
1306.619597
1306.619597
1306.619597
1306.619597
1306.619597
1306.619597
1306.619597
1306.619597
1306.500035
1306.500035
1306.500035
1306.500035
1306.500035
1306.500035
1306.500035
1306.500035
1306.500035
1306.500035
1306.500035
1306.500035
1306.500035
1306.500035
1306.500035
1306.500035
1306.500035
1306.500035
1306.500035
1306.500035
1306.500035
1306.500035
1306.500035
1306.500035
1306.500035
1306.500035
1306.500035
1306.500035
1306.500035
1306.500035
1306.500035
1306.500035
1306.500035
1306.500035
1306.500035
1306.500035
1306.500035
1306.500035
1306.500035
1306.500035
1306.500035
1306.500035
1306.500035
1306.500035
1306.500035
1306.500035
1306.500035
1306.500035
1306.500035
1306.500035
1306.500035
1306.500035
1306.500035
1306.500035
1306.500035
1306.500035
1306.500035
1306.500035
1306.500035
1306.500035
1306.500035
1306.500035
1306.500035
1306.500035
1306.500035
1306.500035
1306.500035
1306.500035
1306.500035
1306.500035
1306.500035
1306.500035
1306.500035
1306.500035
1306.500035
1306.500035
1306.500035
1306.500035
1306.500035
1306.500035
1306.500035
1306.500035
1306.500035
1306.500035
1306.500035
1306.500035
1306.500035
1306.500035
1306.500035
1306.233022
1306.233022
1306.233022
1306.233022
1306.233022
1306.233022
1306.233022
1306.233022
1306.233022
1306.233022
1306.233022
1306.233022
1306.233022
1306.233022
1306.233022
1306.233022
1306.233022
1306.233022
1306.233022
1306.233022
1306.233022
1306.233022
1306.233022
1306.233022
1306.233022
1306.233022
1306.233022
1306.233022
1306.233022
1306.233022
1306.233022
1306.233022
1306.233022
1306.233022
1306.233022
1306.233022
1306.233022
1306.233022
1306.233022
1306.233022
1306.233022
1306.233022
1306.233022
1306.233022
1306.233022
1306.233022
1306.233022
1306.233022
1306.233022
1306.233022
1306.233022
1306.233022
1306.233022
1306.233022
1306.233022
1306.233022
1306.233022
1306.233022
1306.233022
1306.233022
1306.233022
1306.233022
1306.233022
1306.233022
1306.233022
1306.233022
1306.233022
1306.233022
1306.233022
1306.233022
1306.233022
1306.233022
1306.233022
1306.233022
1306.233022
1306.233022
1306.233022
1306.233022
1306.233022
1306.233022
1306.233022
1306.233022
1306.233022
1306.233022
1306.233022
1306.233022
1306.233022
1306.233022
1306.233022
1306.233022
1306.233022
1306.233022
1306.233022
1306.233022
1306.233022
1306.233022
1306.233022
1306.233022
1306.233022
1306.233022
1306.233022
1306.233022
1306.233022
1306.233022
1306.233022
1306.233022
1306.233022
1306.233022
1306.233022
1306.233022
1306.233022
1306.233022
1306.233022
1306.233022
1306.233022
1306.233022
1306.233022
1306.233022
1306.233022
1306.233022
1306.233022
1306.233022
1306.233022
1306.233022
1306.233022
1306.233022
1306.233022
1306.233022
1306.221914
1306.221914
1306.221914
1306.221914
1306.221914
1306.221914
1306.221914
1306.221914
1306.221914
1306.221914
1306.221914
1306.221914
1306.221914
1306.221914
1306.221914
1306.221914
1306.221914
1306.221914
1306.221914
1306.221914
1306.221914
1306.221914
1306.221914
1306.221914
1306.221914
1306.221914
1306.221914
1306.221914
1306.204772
1306.204772
1306.204772
1306.204772
1306.204772
1306.204772
1306.204772
1306.204772
1306.204772
1306.204772
1306.204772
1306.204772
1306.204772
1306.204772
1306.204772
1306.204772
1306.204772
1306.204772
1306.204772
1306.204772
1306.204772
1306.204772
1306.204772
1306.204772
1306.204772
1306.204772
1306.204772
1306.204772
1306.193242
1306.193242
1306.193242
1306.193242
1306.193242
1306.193242
1306.193242
1306.193242
1306.193242
1306.193242
1306.142890
1306.142890
1306.142890
1306.142890
1306.142890
1306.142890
1306.142890
1306.096103
1306.096103
1306.096103
1306.096103
1306.096103
1306.096103
1306.096103
1306.096103
1306.096103
1306.000303
1306.000303
1306.000303
1306.000303
1306.000303
1306.000303
1306.000303
1306.000303
1306.000303
1306.000303
1306.000303
1306.000303
1306.000303
1306.000303
1306.000303
1306.000303
1306.000303
1306.000303
1306.000303
1306.000303
1306.000303
1306.000303
1306.000303
1306.000303
1306.000303
1306.000303
1306.000303
1306.000303
1306.000303
1306.000303
1306.000303
1306.000303
1306.000303
1306.000303
1306.000303
1306.000303
1306.000303
1306.000303
1306.000303
1306.000303
1306.000303
1306.000303
1306.000303
1306.000303
1306.000303
1306.000303
1306.000303
1306.000303
1306.000303
1306.000303
1306.000303
1306.000303
1306.000303
1306.000303
1306.000303
1306.000303
1306.000303
1306.000303
1306.000303
1306.000303
1306.000303
1306.000303
1306.000303
1306.000303
1306.000303
1306.000303
1306.000303
1306.000303
1306.000303
1306.000303
1306.000303
1306.000303
1306.000303
1306.000303
1306.000303
1306.000303
1306.000303
1306.000303
1306.000303
1306.000303
1306.000303
1306.000303
1306.000303
1306.000303
1306.000303
1306.000303
1306.000303
1306.000303
1306.000303
1306.000303
1306.000303
1306.000303
1306.000303
1306.000303
1306.000303
1306.000303
1306.000303
1306.000303
1306.000303
1305.973060
1305.973060
1305.973060
1305.973060
1305.973060
1305.973060
1305.973060
1305.973060
1305.973060
1305.973060
1305.973060
1305.973060
1305.973060
1305.973060
1305.973060
1305.973060
1305.973060
1305.973060
1305.973060
1305.973060
1305.973060
1305.928811
1305.928811
1305.928811
1305.928811
1305.928811
1305.928811
1305.928811
1305.928811
1305.928811
1305.928811
1305.928811
1305.928811
1305.928811
1305.928811
1305.928811
1305.928811
1305.863033
1305.863033
1305.863033
1305.863033
1305.863033
1305.863033
1305.863033
1305.863033
1305.863033
1305.863033
1305.863033
1305.863033
1305.863033
1305.863033
1305.863033
1305.863033
1305.863033
1305.807747
1305.807747
1305.807747
1305.807747
1305.807747
1305.807747
1305.807747
1305.807747
1305.807747
1305.807747
1305.807747
1305.807747
1305.807747
1305.807747
1305.807747
1305.807747
1305.807747
1305.807747
1305.807747
1305.807747
1305.807747
1305.807747
1305.807747
1305.807747
1305.807747
1305.807747
1305.807747
1305.807747
1305.807747
1305.807747
1305.807747
1305.807747
1305.807747
1305.807747
1305.807747
1305.807747
1305.807747
1305.807747
1305.807747
1305.807747
1305.807747
1305.807747
1305.807747
1305.807747
1305.807747
1305.807747
1305.807747
1305.807747
1305.807747
1305.807747
1305.782863
1305.782863
1305.782863
1305.782863
1305.782863
1305.782863
1305.782863
1305.782863
1305.782863
1305.782863
1305.782863
1305.782863
1305.782863
1305.782863
1305.782863
1305.782863
1305.782863
1305.782863
1305.782863
1305.782863
1305.782863
1305.782863
1305.782863
1305.782863
1305.782863
1305.782863
1305.782863
1305.782863
1305.782863
1305.754604
1305.754604
1305.754604
1305.754604
1305.754604
1305.754604
1305.754604
1305.754604
1305.754604
1305.754604
1305.754604
1305.754604
1305.754604
1305.754604
1305.754604
1305.754604
1305.754604
1305.754604
1305.754604
1305.754604
1305.754604
1305.754604
1305.754604
1305.754604
1305.754604
1305.754604
1305.754604
1305.754604
1305.754604
1305.754604
1305.754604
1305.754604
1305.754604
1305.754604
1305.754604
1305.754604
1305.754604
1305.754604
1305.754604
1305.754604
1305.754604
1305.754604
1305.754604
1305.754604
1305.754604
1305.736906
1305.736906
1305.736906
1305.736906
1305.736906
1305.736906
1305.736906
1305.736906
1305.736906
1305.736906
1305.736906
1305.736906
1305.736906
1305.736906
1305.736906
1305.736906
1305.736906
1305.736906
1305.736906
1305.736906
1305.736906
1305.736906
1305.736906
1305.736906
1305.736906
1305.736906
1305.736906
1305.736906
1305.736906
1305.736906
1305.736906
1305.736906
1305.736906
1305.736906
1305.736906
1305.736906
1305.736906
1305.736906
1305.736906
1305.736906
1305.736906
1305.736906
1305.736906
1305.736906
1305.736906
1305.736906
1305.736906
1305.736906
1305.736906
1305.583782
1305.583782
1305.583782
1305.583782
1305.583782
1305.583782
1305.583782
1305.583782
1305.583782
1305.583782
1305.583782
1305.583782
1305.583782
1305.583782
1305.583782
1305.583782
1305.583782
1305.583782
1305.583782
1305.583782
1305.583782
1305.583782
1305.583782
1305.583782
1305.583782
1305.583782
1305.583782
1305.583782
1305.583782
1305.583782
1305.583782
1305.583782
1305.583782
1305.583782
1305.583782
1305.583782
1305.583782
1305.583782
1305.583782
1305.583782
1305.583782
1305.583782
1305.583782
1305.583782
1305.583782
1305.583782
1305.583782
1305.583782
1305.583782
1305.583782
1305.583782
1305.583782
1305.583782
1305.583782
1305.583782
1305.583782
1305.583782
1305.583782
1305.583782
1305.583782
1305.583782
1305.583782
1305.583782
1305.583782
1305.583782
1305.583782
1305.583782
1305.583782
1305.583782
1305.583782
1305.583782
1305.583782
1305.583782
1305.583782
1305.583782
1305.583782
1305.583782
1305.583782
1305.583782
1305.583782
1305.583782
1305.583782
1305.583782
1305.583782
1305.583782
1305.583782
1305.583782
1305.583782
1305.583782
1305.583782
1305.583782
1305.583782
1305.583782
1305.583782
1305.583782
1305.583782
1305.583782
1305.583782
1305.583782
1305.583782
1305.583782
1305.583782
1305.583782
1305.583782
1305.583782
1305.583782
1305.583782
1305.583782
1305.583782
1305.583782
1305.583782
1305.583782
1305.583782
1305.583782
1305.583782
1305.583782
1305.583782
1305.583782
1305.583782
1305.583782
1305.583782
1305.583782
1305.583782
1305.583782
1305.583782
1305.583782
1305.583782
1305.583782
1305.583782
1305.583782
1305.583782
1305.583782
1305.583782
1305.583782
1305.583782
1305.583782
1305.583782
1305.583782
1305.583782
1305.583782
1305.583782
1305.583782
1305.583782
1305.583782
1305.583782
1305.583782
1305.583782
1305.583782
1305.583782
1305.583782
1305.583782
1305.583782
1305.583782
1305.583782
1305.583782
1305.583782
1305.583782
1305.577894
1305.577894
1305.577894
1305.577894
1305.577894
1305.577894
1305.577894
1305.577894
1305.561971
1305.561971
1305.561971
1305.561971
1305.561971
1305.561971
1305.561971
1305.561971
1305.561971
1305.561971
1305.561971
1305.476587
1305.476587
1305.476587
1305.476587
1305.476587
1305.476587
1305.476587
1305.476587
1305.476587
1305.476587
1305.476587
1305.476587
1305.476587
1305.476587
1305.476587
1305.476587
1305.476587
1305.476587
1305.476587
1305.476587
1305.476587
1305.476587
1305.476587
1305.476587
1305.476587
1305.462055
1305.462055
1305.462055
1305.462055
1305.462055
1305.462055
1305.462055
1305.462055
1305.462055
1305.462055
1305.462055
1305.462055
1305.462055
1305.462055
1305.462055
1305.462055
1305.462055
1305.462055
1305.462055
1305.462055
1305.462055
1305.462055
1305.462055
1305.462055
1305.462055
1305.462055
1305.462055
1305.462055
1305.462055
1305.462055
1305.462055
1305.462055
1305.462055
1305.462055
1305.462055
1305.462055
1305.462055
1305.462055
1305.462055
1305.462055
1305.462055
1305.462055
1305.462055
1305.462055
1305.462055
1305.462055
1305.462055
1305.462055
1305.462055
1305.462055
1305.462055
1305.462055
1305.462055
1305.462055
1305.462055
1305.462055
1305.462055
1305.462055
1305.462055
1305.462055
1305.462055
1305.462055
1305.462055
1305.462055
1305.436029
1305.436029
1305.436029
1305.436029
1305.436029
1305.436029
1305.436029
1305.436029
1305.436029
1305.436029
1305.436029
1305.436029
1305.436029
1305.436029
1305.436029
1305.436029
1305.436029
1305.436029
1305.436029
1305.436029
1305.436029
1305.436029
1305.436029
1305.436029
1305.436029
1305.436029
1305.436029
1305.436029
1305.436029
1305.436029
1305.436029
1305.436029
1305.436029
1305.436029
1305.436029
1305.436029
1305.436029
1305.436029
1305.436029
1305.436029
1305.436029
1305.436029
1305.436029
1305.436029
1305.436029
1305.436029
1305.436029
1305.436029
1305.436029
1305.436029
1305.436029
1305.436029
1305.436029
1305.436029
1305.436029
1305.436029
1305.436029
1305.436029
1305.436029
1305.436029
1305.436029
1305.436029
1305.436029
1305.436029
1305.436029
1305.436029
1305.436029
1305.436029
1305.436029
1305.436029
1305.436029
1305.436029
1305.436029
1305.436029
1305.436029
1305.436029
1305.436029
1305.436029
1305.436029
1305.436029
1305.436029
1305.436029
1305.436029
1305.436029
1305.436029
1305.395298
1305.395298
1305.395298
1305.395298
1305.395298
1305.395298
1305.395298
1305.395298
1305.395298
1305.395298
1305.395298
1305.395298
1305.395298
1305.395298
1305.395298
1305.395298
1305.395298
1305.395298
1305.395298
1305.395298
1305.395298
1305.395298
1305.395298
1305.395298
1305.395298
1305.395298
1305.395298
1305.395298
1305.395298
1305.395298
1305.395298
1305.395298
1305.395298
1305.395298
1305.395298
1305.395298
1305.395298
1305.395298
1305.395298
1305.395298
1305.395298
1305.395298
1305.395298
1305.395298
1305.395298
1305.395298
1305.395298
1305.395298
1305.395298
1305.395298
1305.395298
1305.395298
1305.395298
1305.395298
1305.395298
1305.395298
1305.395298
1305.395298
1305.395298
1305.395298
1305.395298
1305.395298
1305.395298
1305.395298
1305.395298
1305.395298
1305.395298
1305.395298
1305.395298
1305.395298
1305.395298
1305.395298
1305.395298
1305.395298
1305.395298
1305.395298
1305.395298
1305.395298
1305.395298
1305.395298
1305.394498
1305.394498
1305.394498
1305.394498
1305.394498
1305.394498
1305.394498
1305.394498
1305.394498
1305.394498
1305.394498
1305.394498
1305.394498
1305.394498
1305.394498
1305.394498
1305.394498
1305.394498
1305.394498
1305.394498
1305.394498
1305.394498
1305.394498
1305.394498
1305.394498
1305.394498
1305.394498
1305.394498
1305.394498
1305.394498
1305.394498
1305.394498
1305.394498
1305.394498
1305.394498
1305.394498
1305.394498
1305.335233
1305.335233
1305.335233
1305.335233
1305.335233
1305.335233
1305.335233
1305.335233
1305.335233
1305.335233
1305.335233
1305.335233
1305.335233
1305.335233
1305.335233
1305.335233
1305.335233
1305.335233
1305.335233
1305.335233
1305.335233
1305.335233
1305.335233
1305.335233
1305.335233
1305.335233
1305.335233
1305.335233
1305.335233
1305.335233
1305.335233
1305.335233
1305.335233
1305.335233
1305.335233
1305.335233
1305.335233
1305.335233
1305.335233
1305.335233
1305.335233
1305.335233
1305.335233
1305.335233
1305.335233
1305.335233
1305.335233
1305.335233
1305.335233
1305.335233
1305.335233
1305.335233
1305.335233
1305.335233
1305.335233
1305.335233
1305.335233
1305.335233
1305.335233
1305.335233
1305.335233
1305.335233
1305.335233
1305.335233
1305.335233
1305.335233
1305.335233
1305.335233
1305.335233
1305.335233
1305.335233
1305.335233
1305.335233
1305.335233
1305.335233
1305.335233
1305.335233
1305.335233
1305.335233
1305.335233
1305.335233
1305.335233
1305.335233
1305.335233
1305.335233
1305.335233
1305.335233
1305.335233
1305.335233
1305.335233
1305.335233
1305.335233
1305.335233
1305.335233
1305.335233
1305.335233
1305.335233
1305.335233
1305.335233
1305.335233
1305.335233
1305.335233
1305.335233
1305.335233
1305.335233
1305.335233
1305.335233
1305.335233
1305.335233
1305.335233
1305.335233
1305.335233
1305.335233
1305.335233
1305.335233
1305.335233
1305.335233
1305.335233
1305.335233
1305.335233
1305.335233
1305.335233
1305.335233
1305.335233
1305.335233
1305.335233
1305.335233
1305.335233
1305.335233
1305.335233
1305.335233
1305.335233
1305.335233
1305.335233
1305.335233
1305.335233
1305.335233
1305.335233
1305.335233
1305.335233
1305.335233
1305.335233
1305.335233
1305.335233
1305.335233
1305.335233
1305.335233
1305.335233
1305.335233
1305.335233
1305.335233
1305.335233
1305.335233
1305.335233
1305.335233
1305.335233
1305.335233
1305.335233
1305.335233
1305.335233
1305.335233
1305.335233
1305.335233
1305.335233
1305.335233
1305.335233
1305.335233
1305.335233
1305.335233
1305.335233
1305.335233
1305.335233
1305.335233
1305.335233
1305.335233
1305.335233
1305.335233
1305.335233
1305.335233
1305.335233
1305.335233
1305.335233
1305.335233
1305.335233
1305.334072
1305.334072
1305.334072
1305.334072
1305.334072
1305.334072
1305.334072
1305.334072
1305.334072
1305.334072
1305.334072
1305.334072
1305.334072
1305.334072
1305.334072
1305.334072
1305.334072
1305.334072
1305.334072
1305.334072
1305.334072
1305.334072
1305.334072
1305.334072
1305.334072
1305.334072
1305.334072
1305.334072
1305.334072
1305.334072
1305.334072
1305.334072
1305.334072
1305.334072
1305.334072
1305.334072
1305.334072
1305.334072
1305.334072
1305.334072
1305.334072
1305.334072
1305.334072
1305.334072
1305.334072
1305.334072
1305.334072
1305.334072
1305.334072
1305.334072
1305.334072
1305.334072
1305.334072
1305.334072
1305.334072
1305.334072
1305.334072
1305.334072
1305.334072
1305.334072
1305.334072
1305.334072
1305.334072
1305.334072
1305.334072
1305.334072
1305.334072
1305.334072
1305.334072
1305.334072
1305.334072
1305.334072
1305.334072
1305.334072
1305.334072
1305.334072
1305.334072
1305.334072
1305.334072
1305.334072
1305.317444
1305.317444
1305.317444
1305.317444
1305.317444
1305.317444
1305.317444
1305.317444
1305.317444
1305.317444
1305.317444
1305.317444
1305.297132
1305.297132
1305.297132
1305.297132
1305.297132
1305.297132
1305.297132
1305.297132
1305.297132
1305.297132
1305.297132
1305.297132
1305.297132
1305.297132
1305.297132
1305.297132
1305.297132
1305.297132
1305.297132
1305.297132
1305.297132
1305.297132
1305.297132
1305.297132
1305.297132
1305.297132
1305.297132
1305.297132
1305.297132
1305.297132
1305.297132
1305.297132
1305.297132
1305.297132
1305.297132
1305.297132
1305.297132
1305.297132
1305.297132
1305.297132
1305.297132
1305.297132
1305.297132
1305.297132
1305.297132
1305.297132
1305.297132
1305.297132
1305.297132
1305.297132
1305.297132
1305.297132
1305.297132
1305.297132
1305.297132
1305.297132
1305.297132
1305.297132
1305.297132
1305.297132
1305.297132
1305.297132
1305.297132
1305.297132
1305.297132
1305.297132
1305.297132
1305.297132
1305.297132
1305.297132
1305.297132
1305.297132
1305.297132
1305.297132
1305.297132
1305.297132
1305.297132
1305.297132
1305.269420
1305.269420
1305.269420
1305.269420
1305.269420
1305.269420
1305.269420
1305.269420
1305.269420
1305.269420
1305.269420
1305.269420
1305.269420
1305.269420
1305.269420
1305.269420
1305.269420
1305.269420
1305.269420
1305.269420
1305.269420
1305.269420
1305.269420
1305.269420
1305.269420
1305.269420
1305.269420
1305.269420
1305.269420
1305.269420
1305.269420
1305.269420
1305.269420
1305.269420
1305.269420
1305.269420
1305.269420
1305.269420
1305.269420
1305.269420
1305.269420
1305.269420
1305.269420
1305.269420
1305.269420
1305.269420
1305.269420
1305.269420
1305.269420
1305.269420
1305.269420
1305.269420
1305.269420
1305.269420
1305.269420
1305.269420
1305.269420
1305.269420
1305.269420
1305.269420
1305.269420
1305.269420
1305.269420
1305.269420
1305.269420
1305.269420
1305.269420
1305.269420
1305.269420
1305.269420
1305.269420
1305.269420
1305.269420
1305.269420
1305.269420
1305.269420
1305.269420
1305.269420
1305.269420
1305.269420
1305.269420
1305.269420
1305.269420
1305.269420
1305.269420
1305.269420
1305.269420
1305.269420
1305.269420
1305.269420
1305.269420
1305.269420
1305.269420
1305.269420
1305.269420
1305.269420
1305.269420
1305.269420
1305.269420
1305.269420
1305.269420
1305.269420
1305.269420
1305.269420
1305.269420
1305.269420
1305.269420
1305.269420
1305.269420
1305.269420
1305.269420
1305.269420
1305.269420
1305.269420
1305.269420
1305.269420
1305.269420
1305.269420
1305.269420
1305.269420
1305.269420
1305.230602
1305.230602
1305.230602
1305.230602
1305.230602
1305.230602
1305.230602
1305.230602
1305.230602
1305.230602
1305.230602
1305.230602
1305.230602
1305.230602
1305.230602
1305.230602
1305.230602
1305.230602
1305.230602
1305.230602
1305.230602
1305.230602
1305.230602
1305.230602
1305.230602
1305.230602
1305.230602
1305.230602
1305.230602
1305.230602
1305.230602
1305.230602
1305.230602
1305.230602
1305.230602
1305.230602
1305.230602
1305.230602
1305.230602
1305.230602
1305.230602
1305.230602
1305.230602
1305.230602
1305.230602
1305.230602
1305.230602
1305.230602
1305.230602
1305.230602
1305.230602
1305.230602
1305.230602
1305.230602
1305.230602
1305.230602
1305.230602
1305.230602
1305.230602
1305.230602
1305.230602
1305.230602
1305.230602
1305.230602
1305.230602
1305.230602
1305.230602
1305.230602
1305.230602
1305.230602
1305.230602
1305.230602
1305.230602
1305.230602
1305.230602
1305.230602
1305.230602
1305.230602
1305.230602
1305.230602
1305.230602
1305.230602
1305.230602
1305.230602
1305.230602
1305.230309
1305.230309
1305.230309
1305.230309
1305.230309
1305.230309
1305.230309
1305.230309
1305.230309
1305.230309
1305.230309
1305.230309
1305.230309
1305.230309
1305.230309
1305.230309
1305.230309
1305.230309
1305.230309
1305.230309
1305.230309
1305.193238
1305.193238
1305.193238
1305.193238
1305.193238
1305.193238
1305.193238
1305.193238
1305.193238
1305.193238
1305.193238
1305.193238
1305.193238
1305.193238
1305.193238
1305.193238
1305.193238
1305.193238
1305.193238
1305.193238
1305.193238
1305.193238
1305.193238
1305.193238
1305.193238
1305.193238
1305.193238
1305.193238
1305.193238
1305.193238
1305.193238
1305.193238
1305.193238
1305.193238
1305.193238
1305.193238
1305.193238
1305.193238
1305.193238
1305.193238
1305.193238
1305.193238
1305.193238
1305.193238
1305.193238
1305.193238
1305.193238
1305.193238
1305.193238
1305.193238
1305.193238
1305.193238
1305.193238
1305.193238
1305.193238
1305.193238
1305.193238
1305.193238
1305.193238
1305.193238
1305.193238
1305.193238
1305.193238
1305.193238
1305.193238
1305.193238
1305.193238
1305.193238
1305.193238
1305.193238
1305.193238
1305.193238
1305.193238
1305.193238
1305.193238
1305.193238
1305.193238
1305.193238
1305.193238
1305.193238
1305.193238
1305.193238
1305.193238
1305.193238
1305.193238
1305.193238
1305.193238
1305.193238
1305.193238
1305.193238
1305.193238
1305.193238
1305.193238
1305.193238
1305.193238
1305.193238
1305.193238
1305.193238
1305.193238
1305.193238
1305.193238
1305.193238
1305.193238
1305.193238
1305.193238
1305.193238
1305.193238
1305.193238
1305.193238
1305.193238
1305.193238
1305.193238
1305.193238
1305.193238
1305.154652
1305.154652
1305.154652
1305.154652
1305.154652
1305.154652
1305.154652
1305.154652
1305.154652
1305.154652
1305.154652
1305.154652
1305.154652
1305.154652
1305.154652
1305.154652
1305.154652
1305.154652
1305.154652
1305.154652
1305.154652
1305.154652
1305.154652
1305.154652
1305.154652
1305.154652
1305.154652
1305.154652
1305.154652
1305.154652
1305.154652
1305.154652
1305.154652
1305.154652
1305.154652
1305.154652
1305.154652
1305.154652
1305.154652
1305.154652
1305.154652
1305.154652
1305.154652
1305.154652
1305.154652
1305.154652
1305.154652
1305.154652
1305.154652
1305.154652
1305.154652
1305.154652
1305.154652
1305.154652
1305.154652
1305.154652
1305.154652
1305.154652
1305.154652
1305.154652
1305.154652
1305.154652
1305.154652
1305.154652
1305.154652
1305.154652
1305.154652
1305.154652
1305.154652
1305.154652
1305.154652
1305.154652
1305.154652
1305.154652
1305.154652
1305.154652
1305.154652
1305.154652
1305.154652
1305.154652
1305.154652
1305.154652
1305.154652
1305.154652
1305.154652
1305.154652
1305.154652
1305.154652
1305.154652
1305.154652
1305.154652
1305.154652
1305.154652
1305.154652
1305.154652
1305.154652
1305.154652
1305.154652
1305.154652
1305.154652
1305.154652
1305.154652
1305.154652
1305.154652
1305.150214
1305.150214
1305.150214
1305.150214
1305.150214
1305.150214
1305.150214
1305.150214
1305.150214
1305.150214
1305.127883
1305.127883
1305.127883
1305.127883
1305.127883
1305.127883
1305.127883
1305.127883
1305.127883
1305.127883
1305.127883
1305.127883
1305.127883
1305.127883
1305.127883
1305.127883
1305.127883
1305.127883
1305.127883
1305.127883
1305.127883
1305.127883
1305.127883
1305.127883
1305.127883
1305.127883
1305.127883
1305.127883
1305.127883
1305.127883
1305.127883
1305.127883
1305.127883
1305.127883
1305.127883
1305.127883
1305.127883
1305.127883
1305.127883
1305.127883
1305.127747
1305.127747
1305.127747
1305.127747
1305.127747
1305.127747
1305.127747
1305.127747
1305.127747
1305.127747
1305.127747
1305.127747
1305.127747
1305.127747
1305.127747
1305.127747
1305.127747
1305.127747
1305.127747
1305.127747
1305.127747
1305.127747
1305.127747
1305.127747
1305.127747
1305.127747
1305.127747
1305.127747
1305.127747
1305.127747
1305.127747
1305.127747
1305.127747
1305.127747
1305.127747
1305.127747
1305.127747
1305.127747
1305.127747
1305.127747
1305.127747
1305.127747
1305.127747
1305.127747
1305.127747
1305.127747
1305.127747
1305.127747
1305.127747
1305.014039
1305.014039
1305.014039
1305.014039
1305.014039
1305.014039
1305.014039
1305.014039
1305.014039
1305.014039
1305.014039
1305.014039
1305.014039
1305.014039
1305.014039
1305.014039
1305.014039
1305.014039
1305.014039
1305.014039
1305.014039
1305.014039
1305.014039
1305.014039
1305.014039
1305.014039
1305.014039
1305.014039
1305.014039
1305.014039
1305.014039
1305.014039
1305.014039
1305.014039
1305.014039
1305.014039
1305.014039
1305.014039
1305.014039
1305.014039
1305.014039
1305.014039
1305.014039
1305.014039
1305.014039
1305.014039
1305.014039
1305.014039
1305.014039
1305.014039
1305.014039
1305.014039
1305.014039
1305.014039
1305.014039
1305.014039
1305.014039
1305.014039
1305.014039
1305.014039
1305.014039
1305.014039
1305.014039
1305.014039
1305.014039
1305.014039
1305.014039
1305.014039
1305.014039
1305.014039
1305.014039
1305.014039
1305.014039
1305.014039
1305.014039
1305.014039
1305.014039
1305.014039
1305.014039
1305.014039
1305.014039
1305.014039
1305.014039
1305.014039
1305.014039
1305.014039
1305.014039
1305.014039
1305.014039
1305.014039
1305.014039
1305.014039
1305.014039
1305.014039
1305.014039
1305.014039
1305.014039
1305.014039
1305.014039
1305.014039
1305.014039
1305.014039
1305.014039
1305.014039
1305.014039
1305.014039
1305.014039
1305.014039
1305.014039
1305.014039
1305.014039
1305.014039
1305.014039
1305.014039
1305.014039
1305.014039
1305.014039
1305.014039
1305.014039
1305.014039
1305.014039
1305.014039
1305.014039
1305.014039
1305.014039
1305.014039
1305.014039
1305.014039
1305.014039
1305.014039
1305.014039
1305.014039
1305.014039
1305.014039
1305.014039
1305.014039
1305.014039
1305.014039
1305.014039
1305.014039
1305.014039
1305.014039
1305.014039
1305.014039
1305.014039
1305.014039
1305.014039
1305.014039
1305.014039
1305.014039
1305.014039
1305.014039
1305.014039
1305.014039
1304.995621
1304.995621
1304.995621
1304.995621
1304.995621
1304.995621
1304.995621
1304.995621
1304.995621
1304.995621
1304.995621
1304.995621
1304.995621
1304.995621
1304.995621
1304.995621
1304.995621
1304.995621
1304.995621
1304.995621
1304.995621
1304.995621
1304.995621
1304.995621
1304.995621
1304.995621
1304.995621
1304.995621
1304.995621
1304.995621
1304.995621
1304.995621
1304.995621
1304.884511
1304.884511
1304.884511
1304.884511
1304.884511
1304.884511
1304.884511
1304.884511
1304.884511
1304.884511
1304.884511
1304.884511
1304.884511
1304.884511
1304.884511
1304.884511
1304.884511
1304.884511
1304.884511
1304.884511
1304.884511
1304.884511
1304.884511
1304.884511
1304.884511
1304.884511
1304.884511
1304.884511
1304.884511
1304.884511
1304.884511
1304.884511
1304.884511
1304.884511
1304.884511
1304.884511
1304.884511
1304.884511
1304.884511
1304.884511
1304.884511
1304.884511
1304.884511
1304.884511
1304.884511
1304.884511
1304.884511
1304.884511
1304.884511
1304.884511
1304.884511
1304.884511
1304.884511
1304.884511
1304.884511
1304.884511
1304.884511
1304.884511
1304.884511
1304.884511
1304.884511
1304.884511
1304.884511
1304.884511
1304.884511
1304.884511
1304.884511
1304.884511
1304.884511
1304.884511
1304.884511
1304.884511
1304.884511
1304.884511
1304.884511
1304.884511
1304.884511
1304.884511
1304.884511
1304.884511
1304.884511
1304.884511
1304.884511
1304.884511
1304.884511
1304.884511
1304.884511
1304.884511
1304.884511
1304.884511
1304.884511
1304.884511
1304.884511
1304.884511
1304.884511
1304.884511
1304.884511
1304.884511
1304.884511
1304.884511
1304.884511
1304.884511
1304.884511
1304.884511
1304.884511
1304.884511
1304.884511
1304.884511
1304.884511
1304.884511
1304.884511
1304.884511
1304.884511
1304.884511
1304.884511
1304.884511
1304.884511
1304.884511
1304.884511
1304.884511
1304.884511
1304.884511
1304.884511
1304.884511
1304.884511
1304.884511
1304.884511
1304.884511
1304.884511
1304.884511
1304.884511
1304.884511
1304.884511
1304.884511
1304.884511
1304.884511
1304.848771
1304.848771
1304.848771
1304.848771
1304.848771
1304.848771
1304.848771
1304.848771
1304.848771
1304.848771
1304.848771
1304.848771
1304.848771
1304.848771
1304.848771
1304.848771
1304.848771
1304.848771
1304.848771
1304.848771
1304.848771
1304.848771
1304.848771
1304.848771
1304.848771
1304.848771
1304.848771
1304.848771
1304.848771
1304.848771
1304.848771
1304.848771
1304.848771
1304.848771
1304.848771
1304.848771
1304.848771
1304.848771
1304.848771
1304.848771
1304.848771
1304.848771
1304.848771
1304.848771
1304.848771
1304.848771
1304.848771
1304.848771
1304.848771
1304.848771
1304.848771
1304.838974
1304.838974
1304.838974
1304.838974
1304.838974
1304.838974
1304.838974
1304.838974
1304.838974
1304.838974
1304.838974
1304.838974
1304.838974
1304.838974
1304.838974
1304.838974
1304.838974
1304.838974
1304.838974
1304.838974
1304.838974
1304.838974
1304.838974
1304.838974
1304.838974
1304.838974
1304.838974
1304.838974
1304.838974
1304.838974
1304.838974
1304.838974
1304.838974
1304.838974
1304.838974
1304.838974
1304.838974
1304.838974
1304.838974
1304.838974
1304.838974
1304.838974
1304.838974
1304.838974
1304.838974
1304.838974
1304.838974
1304.838974
1304.838974
1304.838974
1304.838974
1304.838974
1304.838974
1304.838974
1304.838974
1304.838974
1304.838974
1304.838974
1304.838974
1304.785364
1304.785364
1304.785364
1304.785364
1304.785364
1304.785364
1304.785364
1304.785364
1304.785364
1304.785364
1304.785364
1304.785364
1304.785364
1304.785364
1304.785364
1304.785364
1304.785364
1304.785364
1304.785364
1304.785364
1304.785364
1304.785364
1304.785364
1304.785364
1304.785364
1304.785364
1304.785364
1304.785364
1304.785364
1304.785364
1304.785364
1304.785364
1304.785364
1304.785364
1304.785364
1304.785364
1304.785364
1304.785364
1304.785364
1304.785364
1304.785364
1304.785364
1304.785364
1304.785364
1304.785364
1304.785364
1304.785364
1304.785364
1304.785364
1304.785364
1304.785364
1304.785364
1304.785364
1304.785364
1304.785364
1304.785364
1304.785364
1304.785364
1304.785364
1304.785364
1304.785364
1304.785364
1304.785364
1304.785364
1304.785364
1304.785364
1304.785364
1304.785364
1304.785364
1304.785364
1304.785364
1304.785364
1304.785364
1304.785364
1304.785364
1304.785364
1304.785364
1304.785364
1304.785364
1304.785364
1304.785364
1304.785364
1304.785364
1304.785364
1304.785364
1304.785364
1304.785364
1304.785364
1304.785364
1304.785364
1304.785364
1304.785364
1304.785364
1304.785364
1304.785364
1304.785364
1304.785364
1304.785364
1304.785364
1304.785364
1304.785364
1304.785364
1304.785364
1304.785364
1304.785364
1304.785364
1304.785364
1304.785364
1304.785364
1304.785364
1304.785364
1304.785364
1304.781599
1304.781599
1304.781599
1304.781599
1304.781599
1304.781599
1304.781599
1304.781599
1304.781599
1304.781599
1304.781599
1304.781599
1304.781599
1304.781599
1304.781599
1304.781599
1304.781599
1304.781599
1304.781599
1304.781599
1304.781599
1304.741291
1304.741291
1304.741291
1304.741291
1304.741291
1304.741291
1304.741291
1304.741291
1304.741291
1304.741291
1304.741291
1304.741291
1304.741291
1304.741291
1304.741291
1304.741291
1304.741291
1304.741291
1304.741291
1304.741291
1304.741291
1304.741291
1304.741291
1304.741291
1304.741291
1304.741291
1304.741291
1304.741291
1304.741291
1304.741291
1304.741291
1304.741291
1304.741291
1304.741291
1304.741291
1304.741291
1304.741291
1304.741291
1304.741291
1304.741291
1304.741291
1304.741291
1304.671268
1304.671268
1304.671268
1304.671268
1304.671268
1304.671268
1304.671268
1304.671268
1304.671268
1304.671268
1304.671268
1304.671268
1304.671268
1304.671268
1304.671268
1304.671268
1304.671268
1304.671268
1304.671268
1304.671268
1304.671268
1304.671268
1304.671268
1304.671268
1304.671268
1304.671268
1304.671268
1304.671268
1304.671268
1304.671268
1304.671268
1304.671268
1304.671268
1304.671268
1304.671268
1304.671268
1304.671268
1304.671268
1304.671268
1304.671268
1304.671268
1304.671268
1304.671268
1304.671268
1304.671268
1304.671268
1304.671268
1304.671268
1304.671268
1304.671268
1304.671268
1304.671268
1304.671268
1304.671268
1304.671268
1304.671268
1304.671268
1304.671268
1304.671268
1304.671268
1304.671268
1304.671268
1304.671268
1304.671268
1304.671268
1304.671268
1304.671268
1304.671268
1304.644456
1304.644456
1304.644456
1304.644456
1304.644456
1304.644456
1304.644456
1304.644456
1304.644456
1304.644456
1304.644456
1304.644456
1304.644456
1304.644456
1304.644456
1304.644456
1304.644456
1304.644456
1304.644456
1304.644456
1304.644456
1304.644456
1304.644456
1304.644456
1304.644456
1304.644456
1304.644456
1304.644456
1304.644456
1304.644456
1304.644456
1304.644456
1304.644456
1304.644456
1304.644456
1304.644456
1304.644456
1304.644456
1304.644456
1304.644456
1304.644456
1304.644456
1304.644456
1304.644456
1304.644456
1304.644456
1304.644456
1304.644456
1304.644456
1304.644456
1304.644456
1304.644456
1304.644456
1304.644456
1304.644456
1304.644456
1304.644456
1304.644456
1304.644456
1304.644456
1304.644456
1304.644456
1304.644456
1304.644456
1304.644456
1304.644456
1304.644456
1304.644456
1304.644456
1304.644456
1304.644456
1304.644456
1304.644456
1304.644456
1304.635759
1304.635759
1304.635759
1304.635759
1304.635759
1304.635759
1304.635759
1304.635759
1304.635759
1304.635759
1304.635759
1304.635759
1304.635759
1304.635759
1304.635759
1304.635759
1304.635759
1304.635759
1304.635759
1304.635759
1304.635759
1304.635759
1304.635759
1304.635759
1304.635759
1304.635759
1304.635759
1304.635759
1304.635759
1304.635759
1304.635759
1304.635759
1304.635759
1304.635759
1304.630610
1304.630610
1304.630610
1304.630610
1304.630610
1304.630610
1304.630610
1304.630610
1304.630610
1304.630610
1304.630610
1304.630610
1304.630610
1304.630610
1304.630610
1304.630610
1304.630610
1304.630610
1304.630610
1304.630610
1304.630610
1304.630610
1304.630610
1304.630610
1304.630610
1304.630610
1304.630610
1304.630610
1304.630610
1304.630610
1304.630610
1304.630610
1304.630610
1304.630610
1304.630610
1304.630610
1304.630610
1304.630610
1304.630610
1304.630610
1304.630610
1304.630610
1304.630610
1304.630610
1304.630610
1304.606896
1304.606896
1304.606896
1304.606896
1304.606896
1304.606896
1304.606896
1304.606896
1304.606896
1304.606896
1304.606896
1304.606896
1304.606896
1304.606896
1304.606896
1304.606896
1304.606896
1304.606896
1304.606896
1304.606896
1304.606896
1304.606896
1304.606896
1304.606896
1304.606896
1304.606896
1304.606896
1304.606896
1304.606896
1304.606896
1304.606896
1304.606896
1304.606896
1304.606896
1304.606896
1304.606896
1304.606896
1304.606896
1304.606896
1304.606896
1304.606896
1304.606896
1304.606896
1304.606896
1304.606896
1304.606896
1304.606896
1304.606896
1304.606896
1304.606896
1304.606896
1304.606896
1304.606896
1304.606896
1304.606896
1304.606896
1304.606896
1304.606896
1304.590196
1304.590196
1304.590196
1304.590196
1304.590196
1304.590196
1304.590196
1304.590196
1304.590196
1304.590196
1304.590196
1304.590196
1304.590196
1304.590196
1304.590196
1304.590196
1304.590196
1304.590196
1304.590196
1304.590196
1304.590196
1304.590196
1304.590196
1304.567794
1304.567794
1304.567794
1304.567794
1304.567794
1304.567794
1304.567794
1304.567794
1304.567794
1304.567794
1304.567794
1304.567794
1304.567794
1304.567794
1304.567794
1304.567794
1304.567794
1304.567794
1304.567794
1304.567794
1304.567794
1304.567794
1304.567794
1304.562136
1304.562136
1304.562136
1304.562136
1304.562136
1304.562136
1304.562136
1304.562136
1304.562136
1304.562136
1304.562136
1304.562136
1304.562136
1304.562136
1304.562136
1304.562136
1304.562136
1304.562136
1304.562136
1304.562136
1304.562136
1304.562136
1304.562136
1304.562136
1304.562136
1304.562136
1304.562136
1304.562136
1304.562136
1304.562136
1304.562136
1304.562136
1304.562136
1304.562136
1304.562136
1304.562136
1304.562136
1304.562136
1304.562136
1304.562136
1304.562136
1304.562136
1304.562136
1304.562136
1304.562136
1304.562136
1304.562136
1304.562136
1304.562136
1304.562136
1304.562136
1304.562136
1304.562136
1304.562136
1304.562136
1304.562136
1304.562136
1304.562136
1304.562136
1304.562136
1304.562136
1304.562136
1304.562136
1304.562136
1304.562136
1304.562136
1304.562136
1304.562136
1304.562136
1304.562136
1304.562136
1304.562136
1304.562136
1304.562136
1304.562136
1304.562136
1304.562136
1304.562136
1304.562136
1304.562136
1304.562136
1304.562136
1304.562136
1304.562136
1304.562136
1304.562136
1304.562136
1304.562136
1304.562136
1304.562136
1304.562136
1304.562136
1304.562136
1304.562136
1304.562136
1304.541143
1304.541143
1304.541143
1304.541143
1304.541143
1304.541143
1304.541143
1304.541143
1304.541143
1304.541143
1304.520031
1304.520031
1304.520031
1304.520031
1304.520031
1304.520031
1304.520031
1304.520031
1304.520031
1304.520031
1304.520031
1304.520031
1304.520031
1304.520031
1304.520031
1304.520031
1304.520031
1304.520031
1304.520031
1304.520031
1304.520031
1304.520031
1304.520031
1304.520031
1304.520031
1304.520031
1304.520031
1304.520031
1304.520031
1304.520031
1304.520031
1304.520031
1304.520031
1304.520031
1304.520031
1304.520031
1304.520031
1304.520031
1304.520031
1304.520031
1304.520031
1304.520031
1304.520031
1304.520031
1304.520031
1304.520031
1304.520031
1304.520031
1304.520031
1304.520031
1304.520031
1304.520031
1304.520031
1304.520031
1304.520031
1304.520031
1304.520031
1304.520031
1304.520031
1304.520031
1304.520031
1304.520031
1304.520031
1304.520031
1304.520031
1304.520031
1304.520031
1304.520031
1304.520031
1304.520031
1304.520031
1304.520031
1304.458040
1304.458040
1304.458040
1304.458040
1304.458040
1304.458040
1304.458040
1304.458040
1304.458040
1304.458040
1304.458040
1304.458040
1304.458040
1304.458040
1304.458040
1304.458040
1304.458040
1304.458040
1304.458040
1304.458040
1304.458040
1304.458040
1304.458040
1304.458040
1304.458040
1304.458040
1304.458040
1304.458040
1304.458040
1304.458040
1304.458040
1304.458040
1304.458040
1304.458040
1304.458040
1304.458040
1304.458040
1304.458040
1304.458040
1304.458040
1304.458040
1304.458040
1304.458040
1304.458040
1304.428806
1304.428806
1304.428806
1304.428806
1304.428806
1304.428806
1304.428806
1304.428806
1304.428806
1304.428806
1304.428806
1304.428806
1304.428806
1304.428806
1304.428806
1304.428806
1304.428806
1304.428806
1304.428806
1304.428806
1304.428806
1304.428806
1304.428806
1304.428806
1304.428806
1304.428806
1304.426593
1304.426593
1304.426593
1304.426593
1304.426593
1304.426593
1304.426593
1304.426593
1304.426593
1304.426593
1304.426593
1304.426593
1304.426593
1304.426593
1304.426593
1304.377274
1304.377274
1304.377274
1304.377274
1304.377274
1304.377274
1304.377274
1304.377274
1304.377274
1304.375646
1304.375646
1304.375646
1304.375646
1304.375646
1304.375646
1304.375646
1304.375646
1304.375646
1304.375646
1304.375646
1304.375646
1304.375646
1304.375646
1304.375646
1304.375646
1304.375646
1304.375646
1304.375646
1304.375646
1304.375646
1304.375646
1304.375646
1304.375646
1304.375646
1304.363988
1304.363988
1304.363988
1304.363988
1304.363988
1304.363988
1304.363988
1304.363988
1304.363988
1304.363988
1304.363988
1304.363988
1304.363988
1304.363988
1304.363988
1304.363988
1304.363988
1304.363988
1304.363988
1304.363988
1304.363988
1304.363988
1304.363988
1304.363988
1304.363988
1304.363988
1304.363988
1304.363988
1304.363988
1304.363988
1304.363988
1304.363988
1304.363988
1304.363988
1304.363988
1304.363988
1304.363988
1304.363988
1304.363988
1304.363988
1304.363988
1304.363988
1304.363988
1304.363988
1304.363988
1304.363988
1304.363988
1304.363988
1304.363988
1304.363988
1304.363988
1304.363988
1304.363988
1304.363988
1304.363988
1304.321645
1304.321645
1304.321645
1304.321645
1304.321645
1304.321645
1304.321645
1304.321645
1304.321645
1304.321645
1304.321645
1304.321645
1304.321645
1304.321645
1304.321645
1304.321645
1304.321645
1304.321645
1304.321645
1304.321645
1304.321645
1304.321645
1304.321645
1304.321645
1304.273516
1304.273516
1304.273516
1304.273516
1304.273516
1304.273516
1304.273516
1304.273516
1304.273516
1304.273516
1304.273516
1304.273516
1304.273516
1304.273516
1304.273516
1304.273516
1304.273516
1304.273516
1304.273516
1304.273516
1304.273516
1304.273516
1304.273516
1304.273516
1304.273516
1304.273516
1304.273516
1304.273516
1304.273516
1304.273516
1304.273516
1304.273516
1304.273516
1304.273516
1304.273516
1304.273516
1304.273516
1304.273516
1304.273516
1304.273516
1304.273516
1304.273516
1304.273516
1304.273516
1304.273516
1304.273516
1304.273516
1304.273516
1304.273516
1304.273516
1304.273516
1304.273516
1304.273516
1304.273516
1304.273516
1304.273516
1304.273516
1304.273516
1304.273516
1304.273516
1304.270060
1304.270060
1304.270060
1304.270060
1304.270060
1304.270060
1304.270060
1304.270060
1304.270060
1304.270060
1304.270060
1304.270060
1304.270060
1304.270060
1304.270060
1304.270060
1304.207230
1304.207230
1304.207230
1304.207230
1304.207230
1304.207230
1304.207230
1304.207230
1304.207230
1304.207230
1304.207230
1304.207230
1304.207230
1304.207230
1304.207230
1304.207230
1304.207230
1304.207230
1304.207230
1304.207230
1304.207230
1304.207230
1304.207230
1304.207230
1304.207230
1304.207230
1304.207230
1304.207230
1304.207230
1304.207230
1304.207230
1304.207230
1304.207230
1304.197576
1304.197576
1304.197576
1304.197576
1304.197576
1304.197576
1304.197576
1304.197576
1304.197576
1304.197576
1304.197576
1304.197576
1304.197576
1304.197576
1304.197576
1304.197576
1304.197576
1304.197576
1304.197576
1304.197576
1304.197576
1304.197576
1304.197576
1304.197576
1304.197576
1304.197576
1304.197576
1304.197576
1304.197576
1304.197576
1304.197576
1304.197576
1304.197576
1304.197576
1304.197576
1304.197576
1304.197576
1304.197576
1304.197576
1304.197576
1304.197576
1304.197576
1304.197576
1304.197576
1304.197576
1304.197576
1304.197576
1304.197576
1304.197576
1304.197576
1304.197576
1304.197576
1304.197576
1304.189935
1304.189935
1304.189935
1304.189935
1304.189935
1304.189935
1304.189935
1304.189935
1304.189935
1304.189935
1304.189935
1304.189935
1304.189935
1304.189935
1304.189935
1304.189935
1304.189935
1304.189935
1304.189935
1304.189935
1304.189935
1304.189935
1304.189935
1304.189935
1304.189935
1304.189935
1304.189935
1304.189935
1304.189935
1304.189935
1304.189935
1304.189935
1304.189935
1304.189935
1304.189935
1304.189935
1304.189935
1304.189935
1304.189935
1304.189935
1304.189935
1304.189935
1304.189935
1304.189935
1304.189935
1304.189935
1304.189935
1304.182976
1304.182976
1304.182976
1304.182976
1304.182976
1304.182976
1304.182976
1304.182976
1304.182976
1304.182976
1304.182976
1304.182976
1304.182976
1304.182976
1304.182976
1304.182976
1304.182976
1304.182976
1304.182976
1304.182976
1304.182976
1304.182976
1304.182976
1304.182976
1304.182976
1304.182976
1304.182976
1304.182976
1304.182976
1304.182976
1304.182976
1304.182976
1304.182976
1304.182976
1304.182976
1304.182976
1304.182976
1304.182976
1304.182976
1304.182976
1304.182976
1304.182976
1304.182976
1304.182976
1304.182976
1304.182976
1304.164652
1304.164652
1304.164652
1304.164652
1304.164652
1304.164652
1304.164652
1304.164652
1304.164652
1304.164652
1304.164652
1304.164652
1304.164652
1304.164652
1304.164652
1304.164652
1304.164652
1304.164652
1304.164652
1304.164652
1304.164652
1304.164652
1304.164652
1304.164652
1304.164652
1304.164652
1304.164652
1304.164652
1304.164652
1304.164652
1304.164652
1304.164652
1304.164652
1304.164652
1304.164652
1304.164652
1304.164652
1304.164652
1304.164652
1304.164650
1304.164650
1304.164650
1304.164650
1304.164650
1304.164650
1304.164650
1304.164650
1304.164650
1304.164650
1304.164650
1304.164650
1304.164650
1304.164650
1304.164650
1304.164650
1304.164650
1304.164650
1304.164650
1304.164650
1304.164650
1304.164650
1304.164650
1304.164650
1304.164650
1304.164650
1304.164650
1304.164650
1304.164650
1304.164650
1304.068715
1304.068715
1304.068715
1304.068715
1304.068715
1304.068715
1304.068715
1304.068715
1304.068715
1304.068715
1304.068715
1304.068715
1304.068715
1304.068715
1304.068715
1304.068715
1304.068715
1304.068715
1304.068715
1304.068715
1304.068715
1304.068715
1304.068715
1304.068715
1304.068715
1304.068715
1304.068715
1304.068715
1304.068715
1304.068715
1304.068715
1304.068715
1304.068715
1304.068715
1304.068715
1304.068715
1304.068715
1304.068715
1304.068715
1304.068715
1304.068715
1304.068715
1304.068715
1304.068715
1304.068715
1304.068715
1304.068715
1304.068715
1304.068715
1304.068715
1304.068715
1304.068715
1304.068715
1304.068715
1304.068715
1304.068715
1304.068715
1304.068715
1304.068715
1304.068715
1304.068715
1304.068715
1304.068715
1304.068715
1304.068715
1304.068715
1304.068715
1304.068715
1304.068715
1304.068715
1304.068715
1304.068715
1304.068715
1304.068715
1304.068715
1304.068715
1304.068715
1304.068715
1304.068715
1304.068715
1304.068715
1304.068715
1304.068715
1304.068715
1304.068715
1304.068715
1304.068715
1304.068715
1304.068715
1304.068715
1304.068715
1304.068715
1304.068715
1304.068715
1304.068715
1304.068715
1304.068715
1304.068715
1304.068715
1304.068715
1304.068715
1304.068715
1304.068715
1304.068715
1304.068715
1304.068715
1304.068715
1304.068715
1304.068715
1304.068715
1304.068715
1304.068715
1304.068715
1304.068715
1304.068715
1304.068715
1304.068715
1304.068715
1304.068715
1304.068715
1304.068715
1304.068715
1304.068715
1304.068715
1304.068715
1304.068715
1304.068715
1304.068715
1304.068715
1304.068715
1304.068715
1304.068715
1304.068715
1304.068715
1304.068715
1304.068715
1304.068715
1304.068715
1304.068715
1304.068715
1304.068715
1304.068715
1304.068715
1304.068715
1304.068715
1304.068715
1304.068715
1304.068715
1304.068715
1304.068715
1304.068715
1304.068715
1304.068715
1304.068715
1304.068715
1304.068715
1304.068715
1304.068715
1304.068715
1304.068715
1304.068715
1304.068715
1304.068715
1304.068715
1304.068715
1304.068715
1304.068715
1304.068715
1304.068715
1304.068715
1304.068715
1304.068715
1304.068715
1304.068715
1304.068715
1304.068715
1304.068715
1304.068715
1304.068715
1304.058368
1304.058368
1304.058368
1304.058368
1304.042966
1304.042966
1304.042966
1304.042966
1304.042966
1304.042966
1304.042966
1304.042966
1304.042966
1304.042966
1304.042966
1304.042966
1304.042966
1304.042966
1304.042966
1304.042966
1304.042966
1304.042966
1304.042966
1304.042966
1304.042966
1304.042966
1304.042966
1304.042966
1304.042966
1304.042966
1304.042966
1304.042966
1304.042966
1304.042966
1304.042966
1304.042966
1304.042966
1304.042966
1304.042966
1304.042966
1304.042966
1304.042966
1304.042966
1304.042966
1304.042966
1304.042966
1304.042966
1304.042966
1304.042966
1304.042966
1304.042966
1304.042966
1304.042966
1304.042966
1304.042966
1304.042966
1304.042966
1304.042966
1304.042966
1304.042966
1304.042966
1304.042966
1304.042966
1304.042966
1304.042966
1304.042966
1304.042966
1304.042966
1304.042966
1304.042966
1304.042966
1304.042966
1304.042966
1304.042966
1304.042966
1304.042966
1304.042966
1304.042966
1304.042966
1304.042966
1304.042966
1304.042966
1304.042966
1304.042966
1304.042966
1304.042966
1304.042966
1304.042966
1304.042966
1304.042966
1304.042966
1304.042966
1304.042966
1304.042966
1304.042966
1304.042966
1304.042966
1304.042966
1304.042966
1304.042966
1304.042966
1304.042966
1304.000296
1304.000296
1304.000296
1304.000296
1304.000296
1304.000296
1304.000296
1304.000296
1304.000296
1304.000296
1304.000296
1304.000296
1304.000296
1304.000296
1304.000296
1304.000296
1304.000296
1304.000296
1304.000296
1304.000296
1304.000296
1304.000296
1304.000296
1304.000296
1304.000296
1304.000296
1304.000296
1304.000296
1304.000296
1304.000296
1304.000296
1304.000296
1304.000296
1304.000296
1304.000296
1304.000296
1304.000296
1304.000296
1304.000296
1304.000296
1304.000296
1304.000296
1304.000296
1304.000296
1304.000296
1304.000296
1304.000296
1304.000296
1304.000296
1304.000296
1304.000296
1304.000296
1304.000296
1304.000296
1304.000296
1304.000296
1304.000296
1304.000296
1304.000296
1304.000296
1304.000296
1304.000296
1304.000296
1304.000296
1304.000296
1304.000296
1304.000296
1304.000296
1304.000296
1304.000296
1304.000296
1304.000296
1304.000296
1304.000296
1304.000296
1304.000296
1304.000296
1304.000296
1304.000296
1304.000296
1304.000296
1304.000296
1304.000296
1304.000296
1304.000296
1304.000296
1304.000296
1304.000296
1304.000296
1304.000296
1304.000296
1304.000296
1304.000296
1304.000296
1304.000296
1304.000296
1304.000296
1304.000296
1304.000296
1304.000296
1304.000296
1304.000296
1304.000296
1304.000296
1304.000296
1304.000296
1304.000296
1304.000296
1304.000296
1304.000296
1304.000296
1304.000296
1304.000296
1304.000296
1304.000296
1304.000296
1304.000296
1304.000296
1304.000296
1304.000296
1304.000296
1304.000296
1304.000296
1304.000296
1304.000296
1304.000296
1304.000296
1304.000296
1304.000296
1304.000296
1304.000296
1304.000296
1303.985866
1303.985866
1303.985866
1303.985866
1303.985866
1303.985866
1303.985866
1303.985866
1303.985866
1303.985866
1303.985866
1303.985866
1303.985866
1303.985866
1303.985866
1303.985866
1303.985866
1303.985866
1303.985866
1303.985866
1303.985866
1303.959578
1303.959578
1303.959578
1303.959578
1303.959578
1303.959578
1303.959578
1303.959578
1303.959578
1303.959578
1303.959578
1303.959578
1303.959578
1303.959578
1303.959578
1303.959578
1303.959578
1303.959578
1303.959578
1303.959578
1303.959578
1303.959578
1303.959578
1303.959578
1303.959578
1303.959578
1303.959578
1303.959578
1303.959578
1303.959578
1303.959578
1303.959578
1303.959578
1303.959578
1303.959578
1303.959578
1303.959578
1303.959578
1303.959578
1303.959578
1303.959578
1303.959578
1303.959578
1303.959578
1303.959578
1303.959578
1303.959578
1303.959578
1303.959578
1303.959578
1303.959578
1303.959578
1303.959578
1303.959578
1303.959578
1303.959578
1303.959578
1303.959578
1303.959578
1303.959578
1303.959578
1303.959578
1303.959578
1303.959578
1303.959578
1303.959578
1303.959578
1303.959578
1303.959578
1303.959578
1303.959578
1303.959578
1303.959578
1303.959578
1303.959578
1303.959578
1303.959578
1303.959578
1303.959578
1303.959578
1303.959578
1303.959578
1303.959578
1303.929580
1303.929580
1303.929580
1303.929580
1303.929580
1303.929580
1303.929580
1303.929580
1303.929580
1303.929580
1303.929580
1303.929580
1303.929580
1303.929580
1303.929580
1303.929580
1303.929580
1303.929580
1303.929580
1303.929580
1303.929580
1303.929580
1303.929580
1303.929580
1303.929580
1303.929580
1303.929580
1303.929580
1303.929580
1303.929580
1303.929580
1303.929580
1303.912833
1303.912833
1303.912833
1303.912833
1303.912833
1303.912833
1303.912833
1303.912833
1303.912833
1303.912833
1303.912833
1303.912833
1303.912833
1303.912833
1303.912833
1303.912833
1303.912833
1303.912833
1303.912833
1303.912833
1303.912833
1303.912833
1303.912833
1303.912833
1303.912833
1303.912833
1303.912833
1303.912833
1303.912833
1303.912833
1303.912833
1303.912833
1303.912833
1303.912833
1303.912833
1303.912833
1303.912833
1303.912833
1303.912833
1303.912833
1303.912833
1303.912833
1303.912833
1303.912833
1303.912833
1303.912833
1303.912833
1303.912833
1303.912833
1303.912833
1303.912833
1303.912833
1303.912833
1303.912833
1303.912833
1303.912833
1303.912833
1303.912833
1303.912833
1303.912833
1303.912833
1303.912833
1303.912833
1303.912833
1303.912833
1303.912833
1303.912833
1303.912833
1303.912833
1303.912833
1303.912833
1303.912833
1303.912833
1303.912833
1303.912833
1303.912833
1303.912833
1303.912833
1303.912833
1303.912833
1303.912833
1303.912833
1303.912833
1303.912833
1303.912833
1303.912833
1303.912833
1303.912833
1303.912833
1303.912833
1303.912833
1303.912833
1303.912833
1303.912833
1303.912833
1303.912833
1303.912833
1303.912833
1303.912833
1303.912833
1303.891766
1303.891766
1303.891766
1303.891766
1303.891766
1303.891766
1303.891766
1303.891766
1303.891766
1303.891766
1303.891766
1303.891766
1303.891766
1303.881698
1303.881698
1303.881698
1303.881698
1303.881698
1303.881698
1303.881698
1303.881698
1303.881698
1303.881698
1303.870254
1303.870254
1303.870254
1303.870254
1303.870254
1303.870254
1303.870254
1303.870254
1303.870254
1303.870254
1303.870254
1303.870254
1303.870254
1303.870254
1303.870254
1303.870254
1303.870254
1303.870254
1303.870254
1303.870254
1303.870254
1303.870254
1303.870254
1303.870254
1303.870254
1303.870254
1303.870254
1303.870254
1303.870254
1303.870254
1303.870254
1303.870254
1303.870254
1303.870254
1303.870254
1303.870254
1303.870254
1303.870254
1303.870254
1303.870254
1303.870254
1303.870254
1303.870254
1303.870254
1303.870254
1303.870254
1303.870254
1303.870254
1303.870254
1303.870254
1303.870254
1303.870254
1303.870254
1303.870254
1303.870254
1303.870254
1303.870254
1303.870254
1303.835312
1303.835312
1303.835312
1303.833234
1303.833234
1303.833234
1303.833234
1303.833234
1303.833234
1303.833234
1303.833234
1303.833234
1303.833234
1303.833234
1303.833234
1303.833234
1303.833234
1303.833234
1303.833234
1303.833234
1303.833234
1303.833234
1303.833234
1303.833234
1303.833234
1303.833234
1303.833234
1303.833234
1303.833234
1303.833234
1303.833234
1303.833234
1303.833234
1303.833234
1303.833234
1303.770296
1303.770296
1303.770296
1303.770296
1303.770296
1303.770296
1303.770296
1303.770296
1303.770296
1303.770296
1303.770296
1303.770296
1303.770296
1303.770296
1303.770296
1303.770296
1303.770296
1303.770296
1303.770296
1303.770296
1303.770296
1303.770296
1303.770296
1303.770296
1303.770296
1303.770296
1303.770296
1303.770296
1303.770296
1303.759601
1303.759601
1303.759601
1303.759601
1303.759601
1303.759601
1303.759601
1303.759601
1303.759601
1303.759601
1303.759601
1303.759601
1303.759601
1303.759601
1303.759601
1303.759601
1303.759601
1303.759601
1303.759601
1303.759601
1303.759601
1303.759601
1303.759601
1303.759601
1303.759601
1303.759601
1303.759601
1303.759601
1303.759601
1303.759601
1303.759601
1303.759601
1303.759601
1303.759601
1303.759601
1303.759601
1303.759601
1303.759601
1303.759601
1303.759601
1303.759601
1303.759601
1303.759601
1303.759601
1303.759601
1303.759601
1303.759601
1303.759601
1303.759601
1303.759601
1303.759601
1303.759601
1303.759601
1303.759601
1303.759601
1303.759601
1303.759601
1303.759601
1303.759601
1303.759601
1303.759601
1303.759601
1303.759601
1303.759601
1303.759601
1303.759601
1303.759601
1303.759601
1303.759601
1303.759601
1303.710765
1303.710765
1303.710765
1303.710765
1303.710765
1303.710765
1303.710765
1303.710765
1303.710765
1303.710765
1303.710765
1303.710765
1303.710765
1303.710765
1303.710765
1303.710765
1303.710765
1303.710765
1303.710765
1303.710765
1303.710765
1303.710765
1303.710765
1303.710765
1303.710765
1303.710765
1303.710765
1303.710765
1303.710765
1303.710765
1303.710765
1303.710765
1303.662192
1303.662192
1303.662192
1303.662192
1303.662192
1303.662192
1303.662192
1303.662192
1303.662192
1303.662192
1303.662192
1303.662192
1303.662192
1303.662192
1303.662192
1303.662192
1303.662192
1303.662192
1303.662192
1303.662192
1303.662192
1303.662192
1303.662192
1303.662192
1303.662192
1303.662192
1303.662192
1303.662192
1303.662192
1303.662192
1303.662192
1303.662192
1303.662192
1303.662192
1303.662192
1303.662192
1303.662192
1303.662192
1303.662192
1303.650807
1303.650807
1303.650807
1303.650807
1303.650807
1303.650807
1303.650807
1303.650807
1303.650807
1303.630660
1303.630660
1303.630660
1303.630660
1303.630660
1303.630660
1303.630660
1303.630660
1303.630660
1303.630660
1303.630660
1303.630660
1303.630660
1303.630660
1303.630660
1303.630660
1303.630660
1303.630660
1303.630660
1303.630660
1303.630660
1303.630660
1303.630660
1303.630660
1303.630660
1303.630660
1303.630660
1303.630660
1303.630660
1303.630660
1303.630660
1303.630660
1303.630660
1303.630660
1303.630660
1303.630660
1303.630660
1303.630660
1303.630660
1303.630660
1303.630660
1303.630660
1303.630660
1303.630660
1303.630660
1303.630660
1303.630660
1303.630660
1303.630660
1303.630660
1303.630660
1303.630660
1303.630660
1303.630660
1303.630660
1303.630660
1303.630660
1303.630660
1303.630660
1303.630660
1303.630660
1303.630660
1303.630660
1303.630660
1303.630660
1303.630660
1303.630660
1303.630660
1303.630660
1303.630660
1303.630660
1303.630660
1303.630660
1303.630660
1303.548183
1303.548183
1303.548183
1303.548183
1303.548183
1303.548183
1303.548183
1303.548183
1303.548183
1303.548183
1303.548183
1303.548183
1303.548183
1303.548183
1303.548183
1303.548183
1303.548183
1303.548183
1303.548183
1303.548183
1303.548183
1303.548183
1303.548183
1303.548183
1303.548183
1303.548183
1303.548183
1303.548183
1303.548183
1303.541427
1303.541427
1303.541427
1303.541427
1303.541427
1303.541427
1303.541427
1303.541427
1303.541427
1303.541427
1303.541427
1303.541427
1303.541427
1303.541427
1303.541427
1303.541427
1303.541427
1303.541427
1303.541427
1303.541427
1303.541427
1303.541427
1303.541427
1303.541427
1303.541427
1303.541427
1303.541427
1303.541427
1303.541427
1303.541427
1303.541427
1303.541427
1303.541427
1303.541427
1303.541427
1303.541427
1303.541427
1303.541427
1303.541427
1303.541427
1303.541427
1303.541427
1303.541427
1303.541427
1303.541427
1303.541427
1303.541427
1303.541427
1303.541427
1303.541427
1303.541427
1303.541427
1303.541427
1303.541427
1303.541427
1303.541427
1303.541427
1303.541427
1303.541427
1303.541427
1303.541427
1303.541427
1303.541427
1303.541427
1303.541427
1303.541427
1303.541427
1303.541427
1303.541427
1303.541427
1303.541427
1303.541427
1303.541427
1303.541427
1303.541427
1303.541427
1303.541427
1303.541427
1303.541427
1303.541427
1303.541427
1303.541427
1303.541427
1303.541427
1303.541427
1303.541427
1303.541427
1303.541427
1303.541427
1303.541427
1303.541427
1303.541427
1303.541427
1303.541427
1303.541427
1303.516308
1303.516308
1303.516308
1303.516308
1303.516308
1303.490425
1303.490425
1303.490425
1303.490425
1303.490425
1303.490425
1303.490425
1303.490425
1303.490425
1303.490425
1303.490425
1303.490425
1303.490425
1303.490425
1303.490425
1303.490425
1303.490425
1303.490425
1303.490425
1303.490425
1303.490425
1303.490425
1303.490425
1303.490425
1303.490425
1303.490425
1303.490425
1303.490425
1303.490425
1303.490425
1303.469028
1303.469028
1303.469028
1303.469028
1303.469028
1303.451994
1303.379158
1303.379158
1303.379158
1303.379158
1303.379158
1303.379158
1303.379158
1303.379158
1303.379158
1303.379158
1303.379158
1303.379158
1303.379158
1303.379158
1303.379158
1303.379158
1303.379158
1303.379158
1303.379158
1303.379158
1303.379158
1303.379158
1303.379158
1303.379158
1303.379158
1303.379158
1303.379158
1303.379158
1303.379158
1303.379158
1303.379158
1303.379158
1303.379158
1303.379158
1303.379158
1303.379158
1303.379158
1303.379158
1303.379158
1303.379158
1303.379158
1303.379158
1303.379158
1303.379158
1303.379158
1303.379158
1303.379158
1303.379158
1303.379158
1303.379158
1303.379158
1303.379158
1303.379158
1303.379158
1303.379158
1303.379158
1303.379158
1303.379158
1303.379158
1303.379158
1303.379158
1303.379158
1303.379158
1303.379158
1303.379158
1303.379158
1303.379158
1303.379158
1303.379158
1303.379158
1303.379158
1303.379158
1303.379158
1303.379158
1303.379158
1303.379158
1303.379158
1303.379158
1303.379158
1303.379158
1303.379158
1303.379158
1303.379158
1303.379158
1303.379158
1303.379158
1303.379158
1303.379158
1303.379158
1303.379158
1303.379158
1303.379158
1303.379158
1303.379158
1303.379158
1303.379158
1303.379158
1303.379158
1303.379158
1303.379158
1303.379158
1303.379158
1303.379158
1303.379158
1303.379158
1303.379158
1303.379158
1303.379158
1303.379158
1303.379158
1303.379158
1303.379158
1303.379158
1303.379158
1303.379158
1303.379158
1303.379158
1303.379158
1303.379158
1303.379158
1303.379158
1303.379158
1303.379158
1303.379158
1303.379158
1303.379158
1303.379158
1303.379158
1303.379158
1303.379158
1303.379158
1303.379158
1303.379158
1303.379158
1303.379158
1303.379158
1303.379158
1303.379158
1303.379158
1303.379158
1303.379158
1303.379158
1303.379158
1303.379158
1303.379158
1303.379158
1303.379158
1303.379158
1303.379158
1303.379158
1303.379158
1303.379158
1303.379158
1303.379158
1303.379158
1303.379158
1303.379158
1303.379158
1303.379158
1303.379158
1303.379158
1303.379158
1303.379158
1303.379158
1303.379158
1303.379158
1303.379158
1303.379158
1303.379158
1303.379158
1303.379158
1303.379158
1303.363179
1303.363179
1303.363179
1303.363179
1303.363179
1303.363179
1303.363179
1303.363179
1303.363179
1303.363179
1303.363179
1303.363179
1303.363179
1303.363179
1303.363179
1303.363179
1303.325940
1303.325940
1303.325940
1303.315499
1303.315499
1303.315499
1303.315499
1303.315499
1303.315499
1303.315499
1303.315499
1303.315499
1303.315499
1303.315499
1303.315499
1303.315499
1303.315499
1303.315499
1303.315499
1303.315499
1303.315499
1303.315499
1303.315499
1303.315499
1303.315499
1303.315499
1303.315499
1303.285539
1303.285539
1303.285539
1303.285539
1303.285539
1303.285539
1303.285539
1303.285539
1303.285539
1303.285539
1303.285539
1303.285539
1303.285539
1303.285539
1303.285539
1303.285539
1303.285539
1303.285539
1303.285539
1303.285539
1303.285539
1303.285539
1303.285539
1303.285539
1303.285539
1303.285539
1303.285539
1303.285539
1303.285539
1303.285539
1303.285539
1303.285539
1303.285539
1303.275640
1303.275640
1303.275640
1303.275640
1303.275640
1303.275640
1303.275640
1303.275640
1303.275640
1303.275640
1303.275640
1303.156314
1303.156314
1303.156314
1303.156314
1303.156314
1303.156314
1303.156314
1303.156314
1303.156314
1303.156314
1303.156314
1303.156314
1303.156314
1303.156314
1303.156314
1303.156314
1303.156314
1303.156314
1303.156314
1303.156314
1303.156314
1303.156314
1303.156314
1303.156314
1303.156314
1303.156314
1303.156314
1303.156314
1303.156314
1303.156314
1303.156314
1303.156314
1303.156314
1303.156314
1303.119267
1303.119267
1303.119267
1303.119267
1303.119267
1303.119267
1303.119267
1303.119267
1303.119267
1303.119267
1303.119267
1303.119267
1303.119267
1303.119267
1303.119267
1303.119267
1303.119267
1303.119267
1303.119267
1303.119267
1303.119267
1303.119267
1303.119267
1303.119267
1303.119267
1303.119267
1303.119267
1303.119267
1303.119267
1303.119267
1303.119267
1303.119267
1303.119267
1303.119267
1303.119267
1303.119267
1303.119267
1303.119267
1303.119267
1303.119267
1303.119267
1303.119267
1303.119267
1303.119267
1303.119267
1303.119267
1303.119267
1303.119267
1303.119267
1303.119267
1303.119267
1303.119267
1303.119267
1303.119267
1303.119267
1303.119267
1303.119267
1303.119267
1303.119267
1303.119267
1303.119267
1303.019430
1303.019430
1303.019430
1303.019430
1303.019430
1303.019430
1303.019430
1303.019430
1303.019430
1303.019430
1303.019430
1303.019430
1303.019430
1303.019430
1303.019430
1303.019430
1303.019430
1303.019430
1303.019430
1303.019430
1303.019430
1303.019430
1303.019430
1303.019430
1303.019430
1303.019430
1303.019430
1303.019430
1303.019430
1303.019430
1303.019430
1303.019430
1303.019430
1303.019430
1303.019430
1303.019430
1303.019430
1303.019430
1303.019430
1303.019430
1303.019430
1303.019430
1303.011776
1303.011776
1303.011776
1303.011776
1303.011776
1303.011776
1303.011776
1303.011776
1303.011776
1303.006876
1303.006876
1303.006876
1303.006876
1303.006876
1303.006876
1303.006876
1303.006876
1302.972919
1302.972919
1302.972919
1302.972919
1302.972919
1302.972919
1302.972919
1302.876750
1302.876750
1302.876750
1302.876750
1302.876750
1302.876750
1302.876750
1302.876750
1302.876750
1302.876750
1302.876750
1302.876750
1302.876750
1302.876750
1302.876750
1302.876750
1302.876750
1302.876750
1302.876750
1302.876750
1302.876750
1302.876750
1302.876750
1302.876750
1302.876750
1302.876750
1302.876750
1302.876750
1302.876750
1302.876750
1302.876750
1302.876750
1302.876750
1302.876750
1302.876750
1302.876750
1302.876750
1302.876750
1302.876750
1302.876750
1302.876750
1302.876750
1302.876750
1302.876750
1302.876750
1302.876750
1302.876750
1302.858645
1302.858645
1302.858645
1302.858645
1302.858645
1302.858645
1302.858645
1302.858645
1302.858645
1302.858645
1302.858645
1302.765476
1302.765476
1302.765476
1302.765476
1302.765476
1302.765476
1302.765476
1302.765476
1302.765476
1302.765476
1302.765476
1302.765476
1302.765476
1302.765476
1302.765476
1302.765476
1302.765476
1302.765476
1302.765476
1302.765476
1302.765476
1302.765476
1302.765476
1302.765476
1302.765476
1302.765476
1302.765476
1302.765476
1302.765476
1302.765476
1302.765476
1302.765476
1302.765476
1302.765476
1302.765476
1302.765476
1302.765476
1302.765476
1302.765476
1302.737869
1302.737869
1302.737869
1302.737869
1302.737869
1302.737869
1302.737869
1302.737869
1302.737869
1302.737869
1302.737869
1302.737869
1302.737869
1302.737869
1302.737869
1302.737869
1302.737869
1302.737869
1302.737869
1302.737869
1302.737869
1302.737869
1302.737869
1302.737869
1302.737869
1302.737869
1302.737869
1302.737869
1302.737869
1302.737869
1302.737869
1302.737869
1302.737869
1302.737869
1302.737869
1302.737869
1302.737869
1302.737869
1302.737869
1302.737869
1302.737869
1302.737869
1302.737869
1302.737869
1302.707818
1302.707818
1302.707818
1302.707818
1302.707818
1302.707818
1302.707818
1302.707818
1302.707818
1302.707818
1302.707818
1302.707818
1302.707818
1302.707818
1302.707818
1302.707818
1302.707818
1302.707818
1302.707818
1302.707818
1302.707818
1302.707818
1302.707818
1302.707818
1302.707818
1302.707818
1302.707818
1302.707818
1302.707818
1302.707818
1302.707818
1302.707818
1302.707818
1302.707818
1302.707818
1302.707818
1302.707818
1302.707818
1302.707818
1302.707818
1302.707818
1302.707818
1302.707818
1302.707818
1302.707818
1302.707818
1302.707818
1302.707818
1302.707818
1302.707818
1302.707818
1302.707818
1302.707818
1302.707818
1302.707818
1302.707818
1302.707818
1302.707818
1302.707818
1302.707818
1302.707818
1302.707818
1302.707818
1302.707818
1302.707818
1302.707818
1302.707818
1302.707818
1302.707818
1302.707818
1302.684159
1302.684159
1302.684159
1302.684159
1302.684159
1302.684159
1302.684159
1302.684159
1302.684159
1302.684159
1302.684159
1302.684159
1302.684159
1302.684159
1302.684159
1302.684159
1302.684159
1302.684159
1302.684159
1302.684159
1302.684159
1302.684159
1302.684159
1302.684159
1302.684159
1302.684159
1302.684159
1302.684159
1302.684159
1302.684159
1302.684159
1302.684159
1302.684159
1302.684159
1302.684159
1302.684159
1302.684159
1302.684159
1302.684159
1302.684159
1302.684159
1302.684159
1302.684159
1302.684159
1302.684159
1302.684159
1302.684159
1302.684159
1302.684159
1302.684159
1302.684159
1302.684159
1302.684159
1302.684159
1302.684159
1302.684159
1302.684159
1302.684159
1302.684159
1302.684159
1302.684159
1302.684159
1302.684159
1302.656251
1302.627783
1302.627783
1302.624315
1302.624315
1302.624315
1302.624315
1302.624315
1302.624315
1302.598752
1302.598752
1302.598752
1302.598752
1302.598752
1302.598752
1302.598752
1302.598752
1302.598752
1302.598752
1302.598752
1302.598752
1302.598752
1302.598752
1302.598752
1302.598752
1302.598752
1302.598752
1302.598752
1302.598752
1302.598752
1302.598752
1302.598752
1302.598752
1302.598752
1302.598752
1302.598752
1302.598752
1302.598752
1302.598752
1302.598752
1302.598752
1302.598752
1302.598752
1302.598752
1302.598752
1302.598752
1302.598752
1302.598752
1302.598752
1302.598752
1302.598752
1302.484178
1302.484178
1302.484178
1302.484178
1302.484178
1302.484178
1302.484178
1302.484178
1302.484178
1302.484178
1302.484178
1302.484178
1302.484178
1302.484178
1302.484178
1302.484178
1302.484178
1302.484178
1302.484178
1302.484178
1302.484178
1302.484178
1302.484178
1302.484178
1302.484178
1302.484178
1302.484178
1302.484178
1302.484178
1302.484178
1302.484178
1302.484178
1302.484178
1302.484178
1302.484178
1302.484178
1302.484178
1302.484178
1302.484178
1302.484178
1302.484178
1302.484178
1302.484178
1302.484178
1302.484178
1302.484178
1302.484178
1302.484178
1302.484178
1302.484178
1302.484178
1302.484178
1302.484178
1302.484178
1302.484178
1302.484178
1302.484178
1302.484178
1302.484178
1302.484178
1302.484178
1302.484178
1302.484178
1302.484178
1302.484178
1302.484178
1302.484178
1302.484178
1302.484178
1302.413599
1302.413599
1302.413599
1302.413599
1302.413599
1302.413599
1302.413599
1302.413599
1302.413599
1302.413599
1302.413599
1302.413599
1302.413599
1302.413599
1302.413599
1302.413599
1302.413599
1302.413599
1302.413599
1302.413599
1302.413599
1302.413599
1302.413599
1302.413599
1302.413599
1302.413599
1302.413599
1302.413599
1302.413599
1302.413599
1302.413599
1302.413599
1302.413599
1302.413599
1302.413599
1302.413599
1302.413599
1302.413599
1302.413599
1302.413599
1302.413599
1302.413599
1302.413599
1302.373463
1302.373463
1302.373463
1302.373463
1302.373463
1302.373463
1302.373463
1302.373463
1302.373463
1302.373463
1302.373463
1302.373463
1302.373463
1302.373463
1302.373463
1302.373463
1302.373463
1302.373463
1302.373463
1302.373463
1302.373463
1302.373463
1302.373463
1302.373463
1302.373463
1302.373463
1302.373463
1302.373463
1302.373463
1302.373463
1302.373463
1302.373463
1302.373463
1302.373463
1302.373463
1302.373463
1302.373463
1302.373463
1302.373463
1302.373463
1302.362934
1302.362934
1302.362934
1302.362934
1302.362934
1302.362934
1302.362934
1302.362934
1302.307794
1302.307794
1302.307794
1302.307794
1302.307794
1302.307794
1302.307794
1302.307794
1302.307794
1302.307794
1302.307794
1302.307794
1302.307794
1302.307794
1302.307794
1302.307794
1302.307794
1302.307794
1302.307794
1302.307794
1302.307794
1302.307794
1302.307794
1302.307794
1302.307794
1302.307794
1302.307794
1302.307794
1302.307794
1302.307794
1302.307794
1302.307794
1302.307794
1302.307794
1302.307794
1302.307794
1302.307794
1302.307794
1302.307794
1302.307794
1302.307794
1302.307794
1302.307794
1302.307794
1302.307794
1302.292429
1302.292429
1302.292429
1302.227042
1302.227042
1302.227042
1302.227042
1302.227042
1302.227042
1302.227042
1302.227042
1302.227042
1302.227042
1302.227042
1302.227042
1302.227042
1302.227042
1302.227042
1302.227042
1302.227042
1302.227042
1302.227042
1302.227042
1302.227042
1302.227042
1302.227042
1302.227042
1302.227042
1302.227042
1302.227042
1302.227042
1302.227042
1302.215524
1302.215524
1302.215524
1302.215524
1302.215524
1302.215524
1302.215524
1302.215524
1302.215524
1302.215524
1302.215524
1302.215524
1302.215524
1302.198324
1302.198324
1302.198324
1302.132989
1302.132989
1302.132989
1302.132989
1302.132989
1302.132989
1302.132989
1302.132989
1302.132989
1302.132989
1302.132989
1302.013681
1302.013681
1302.013681
1302.013681
1302.013681
1302.013681
1302.013681
1302.013681
1302.013681
1302.013681
1302.013681
1302.013681
1302.013681
1302.013681
1302.013681
1302.013681
1302.013681
1302.013681
1302.013681
1302.013681
1302.013681
1302.013681
1302.013681
1302.013681
1302.013681
1302.013681
1302.013681
1302.013681
1302.013681
1302.013681
1302.013681
1302.013681
1302.013681
1302.013681
1302.013681
1302.013681
1302.013681
1302.013681
1302.013681
1301.873455
1301.873455
1301.873455
1301.873455
1301.873455
1301.873455
1301.873455
1301.873455
1301.873455
1301.873455
1301.873455
1301.873455
1301.873455
1301.873455
1301.873455
1301.873455
1301.873455
1301.873455
1301.873455
1301.873455
1301.873455
1301.873455
1301.873455
1301.873455
1301.873455
1301.873455
1301.873455
1301.873455
1301.873455
1301.873455
1301.873455
1301.873455
1301.873455
1301.873455
1301.873455
1301.873455
1301.873455
1301.873455
1301.873455
1301.873455
1301.873455
1301.873455
1301.873455
1301.873455
1301.873455
1301.873455
1301.873455
1301.873455
1301.873455
1301.873455
1301.873455
1301.873455
1301.873455
1301.873455
1301.873455
1301.873455
1301.873455
1301.873455
1301.873455
1301.873455
1301.873455
1301.873455
1301.873455
1301.873455
1301.873455
1301.873455
1301.873455
1301.873455
1301.873455
1301.873455
1301.873455
1301.873455
1301.873455
1301.873455
1301.873455
1301.873455
1301.873455
1301.873455
1301.873455
1301.873455
1301.873455
1301.873455
1301.873455
1301.873455
1301.873455
1301.873455
1301.873455
1301.873455
1301.873455
1301.873455
1301.873455
1301.873455
1301.873455
1301.873455
1301.873455
1301.873455
1301.873455
1301.873455
1301.873455
1301.873455
1301.873455
1301.873455
1301.873455
1301.873455
1301.873455
1301.873455
1301.873455
1301.873455
1301.873455
1301.757186
1301.757186
1301.757186
1301.757186
1301.757186
1301.757186
1301.757186
1301.757186
1301.757186
1301.757186
1301.757186
1301.757186
1301.757186
1301.757186
1301.757186
1301.757186
1301.757186
1301.757186
1301.757186
1301.757186
1301.757186
1301.757186
1301.757186
1301.757186
1301.757186
1301.757186
1301.757186
1301.757186
1301.757186
1301.757186
1301.757186
1301.757186
1301.757186
1301.757186
1301.757186
1301.757186
1301.757186
1301.757186
1301.757186
1301.757186
1301.757186
1301.757186
1301.757186
1301.757186
1301.757186
1301.757186
1301.757186
1301.757186
1301.757186
1301.757186
1301.757186
1301.757186
1301.757186
1301.757186
1301.757186
1301.757186
1301.757186
1301.757186
1301.757186
1301.757186
1301.757186
1301.757186
1301.757186
1301.757186
1301.757186
1301.757186
1301.757186
1301.757186
1301.757186
1301.757186
1301.757186
1301.757186
1301.757186
1301.757186
1301.695026
1301.695026
1301.695026
1301.695026
1301.695026
1301.695026
1301.695026
1301.695026
1301.695026
1301.695026
1301.695026
1301.695026
1301.695026
1301.695026
1301.695026
1301.695026
1301.695026
1301.695026
1301.695026
1301.695026
1301.695026
1301.695026
1301.695026
1301.695026
1301.676419
1301.676419
1301.631881
1301.631881
1301.631881
1301.631881
1301.631881
1301.631881
1301.631881
1301.631881
1301.631881
1301.631881
1301.631881
1301.631881
1301.631881
1301.631881
1301.631881
1301.631881
1301.631881
1301.631881
1301.631881
1301.631881
1301.631881
1301.631881
1301.631881
1301.631881
1301.631881
1301.631881
1301.631881
1301.631881
1301.631881
1301.631881
1301.631881
1301.631881
1301.631881
1301.631881
1301.631881
1301.631881
1301.631881
1301.631881
1301.631881
1301.631881
1301.631881
1301.631881
1301.631881
1301.631881
1301.631881
1301.631881
1301.631881
1301.631881
1301.628650
1301.628650
1301.628650
1301.628650
1301.628650
1301.628650
1301.628650
1301.628650
1301.628650
1301.567178
1301.567178
1301.567178
1301.567178
1301.567178
1301.567178
1301.567178
1301.567178
1301.567178
1301.567178
1301.567178
1301.567178
1301.567178
1301.567178
1301.567178
1301.567178
1301.567178
1301.567178
1301.567178
1301.567178
1301.567178
1301.567178
1301.567178
1301.567178
1301.567178
1301.567178
1301.567178
1301.567178
1301.567178
1301.567178
1301.567178
1301.567178
1301.567178
1301.567178
1301.567178
1301.567178
1301.567178
1301.567178
1301.567178
1301.567178
1301.567178
1301.567178
1301.567178
1301.567178
1301.511236
1301.511236
1301.511236
1301.511236
1301.511236
1301.511236
1301.511236
1301.511236
1301.511236
1301.511236
1301.511236
1301.511236
1301.511236
1301.511236
1301.511236
1301.511236
1301.511236
1301.511236
1301.511236
1301.511236
1301.508369
1301.508369
1301.508369
1301.508369
1301.508369
1301.508369
1301.508369
1301.508369
1301.508369
1301.508369
1301.508369
1301.508369
1301.508369
1301.508369
1301.508369
1301.508369
1301.508369
1301.508369
1301.508369
1301.508369
1301.508369
1301.508369
1301.508369
1301.508369
1301.508369
1301.508369
1301.508369
1301.508369
1301.508369
1301.508369
1301.508369
1301.508369
1301.508369
1301.508369
1301.508369
1301.508369
1301.508369
1301.508369
1301.508369
1301.508369
1301.508369
1301.508369
1301.508369
1301.508369
1301.508369
1301.508369
1301.458483
1301.458483
1301.458483
1301.458483
1301.458483
1301.458483
1301.458483
1301.458483
1301.458483
1301.458483
1301.458483
1301.458483
1301.458483
1301.458483
1301.458483
1301.458483
1301.458483
1301.458483
1301.458483
1301.458483
1301.458483
1301.458483
1301.458483
1301.458483
1301.458483
1301.458483
1301.458483
1301.458483
1301.458483
1301.458483
1301.458483
1301.458483
1301.458483
1301.458483
1301.458483
1301.458483
1301.458483
1301.458483
1301.458483
1301.458483
1301.458483
1301.458483
1301.458483
1301.458483
1301.458483
1301.458483
1301.458483
1301.458483
1301.458483
1301.458483
1301.458483
1301.458483
1301.458483
1301.458483
1301.458483
1301.458483
1301.458483
1301.458483
1301.458483
1301.458483
1301.458483
1301.458483
1301.458483
1301.458483
1301.458483
1301.458483
1301.458483
1301.458483
1301.458483
1301.392446
1301.392446
1301.392446
1301.392446
1301.392446
1301.392446
1301.392446
1301.392446
1301.392446
1301.392446
1301.392446
1301.392446
1301.392446
1301.392446
1301.392446
1301.392446
1301.392446
1301.392446
1301.392446
1301.392446
1301.392446
1301.392446
1301.392446
1301.392446
1301.392446
1301.392446
1301.392446
1301.392446
1301.392446
1301.392446
1301.392446
1301.392446
1301.052393
1301.052393
1301.052393
1301.052393
1301.052393
1301.052393
1301.052393
1301.052393
1301.052393
1301.052393
1301.052393
1301.052393
1301.052393
1301.052393
1301.052393
1301.052393
1301.052393
1301.052393
1301.052393
1301.052393
1301.052393
1301.052393
1301.052393
1301.052393
1301.052393
1301.052393
1301.052393
1301.052393
1301.052393
1301.052393
1301.052393
1301.052393
1301.052393
1301.052393
1301.052393
1301.052393
1301.052393
1301.052393
1301.052393
1301.052393
1301.052393
1301.052393
1301.052393
1301.052393
1301.052393
1301.052393
1301.052393
1301.052393
1301.052393
1301.052393
1301.052393
1301.052393
1301.052393
1301.052393
1301.052393
1301.052393
1301.052393
1301.052393
1301.052393
1301.052393
1301.052393
1301.052393
1301.052393
1301.052393
1301.052393
1301.052393
1301.052393
1301.052393
1301.052393
1301.052393
1301.052393
1301.052393
1301.052393
1301.052393
1301.052393
1301.052393
1301.052393
1301.052393
1301.052393
1301.052393
1301.052393
1301.052393
1301.052393
1301.052393
1301.052393
1301.052393
1301.052393
1301.052393
1301.052393
1301.052393
1301.052393
1301.052393
1301.052393
1301.052393
1301.052393
1301.052393
1301.052393
1301.052393
1301.052393
1301.052393
1301.052393
1301.052393
1301.052393
1301.052393
1301.052393
1301.052393
1301.052393
1301.052393
1301.052393
1301.052393
1301.052393
1301.052393
1301.052393
1301.052393
1301.052393
1301.052393
1301.052393
1301.052393
1301.052393
1301.052393
1301.052393
1301.052393
1301.052393
1301.052393
1301.052393
1301.052393
1301.052393
1301.052393
1301.052393
1301.052393
1301.052393
1301.052393
1301.052393
1301.052393
1301.052393
1301.052393
1301.052393
1301.052393
1301.052393
1301.052393
1301.052393
1301.052393
1301.052393
1301.052393
1301.052393
1301.052393
1301.052393
1301.052393
1301.052393
1301.052393
1301.052393
1300.989410
1300.989410
1300.989410
1300.989410
1300.989410
1300.989410
1300.989410
1300.989410
1300.989410
1300.989410
1300.989410
1300.989410
1300.989410
1300.989410
1300.989410
1300.989410
1300.989410
1300.979177
1300.979177
1300.979177
1300.979177
1300.979177
1300.979177
1300.979177
1300.979177
1300.979177
1300.979177
1300.979177
1300.979177
1300.979177
1300.979177
1300.979177
1300.979177
1300.979177
1300.979177
1300.979177
1300.979177
1300.979177
1300.979177
1300.979177
1300.979177
1300.979177
1300.979177
1300.979177
1300.979177
1300.979177
1300.979177
1300.979177
1300.979177
1300.979177
1300.979177
1300.979177
1300.979177
1300.979177
1300.979177
1300.979177
1300.975640
1300.975640
1300.975640
1300.975640
1300.975640
1300.975640
1300.975640
1300.975640
1300.975640
1300.975640
1300.975640
1300.975640
1300.975640
1300.975640
1300.975640
1300.975640
1300.975640
1300.975640
1300.975640
1300.975640
1300.975640
1300.975640
1300.975640
1300.975640
1300.975640
1300.762044
1300.762044
1300.762044
1300.762044
1300.762044
1300.762044
1300.762044
1300.762044
1300.762044
1300.762044
1300.762044
1300.762044
1300.762044
1300.762044
1300.762044
1300.762044
1300.762044
1300.762044
1300.762044
1300.762044
1300.762044
1300.762044
1300.762044
1300.762044
1300.762044
1300.762044
1300.762044
1300.762044
1300.762044
1300.762044
1300.762044
1300.762044
1300.762044
1300.762044
1300.762044
1300.762044
1300.762044
1300.762044
1300.762044
1300.762044
1300.762044
1300.762044
1300.718615
1300.718615
1300.718615
1300.718615
1300.718615
1300.718615
1300.718615
1300.718615
1300.718615
1300.718615
1300.718615
1300.718615
1300.718615
1300.718615
1300.718615
1300.718615
1300.718615
1300.718615
1300.718615
1300.718615
1300.718615
1300.718615
1300.718615
1300.718615
1300.718615
1300.718615
1300.718615
1300.718615
1300.718615
1300.718615
1300.718615
1300.718615
1300.718615
1300.718615
1300.718615
1300.718615
1300.718615
1300.718615
1300.718615
1300.718615
1300.718615
1300.718615
1300.718615
1300.718615
1300.718615
1300.553328
1300.553328
1300.553328
1300.553328
1300.553328
1300.553328
1300.553328
1300.553328
1300.539299
1300.539299
1300.539299
1300.539299
1300.539299
1300.539299
1300.539299
1300.539299
1300.539299
1300.539299
1300.539299
1300.539299
1300.539299
1300.539299
1300.392521
1300.392521
1300.392521
1300.392521
1300.392521
1300.392521
1300.392521
1300.392521
1300.392521
1300.392521
1300.392521
1300.392521
1300.392521
1300.392521
1300.392521
1300.392521
1300.392521
1300.392521
1300.392521
1300.392521
1300.392521
1300.392521
1300.392521
1300.392521
1300.392521
1300.392521
1300.392521
1300.392521
1300.392521
1300.392521
1300.392521
1300.392521
1300.392521
1300.392521
1300.392521
1300.392521
1300.392521
1300.392521
1300.392521
1300.392521
1300.392521
1300.392521
1300.392521
1300.392521
1300.392521
1300.392521
1300.392521
1300.392521
1300.392521
1300.392521
1300.392521
1300.392521
1300.392521
1300.392521
1300.392521
1300.392521
1300.392521
1300.392521
1300.392521
1300.392521
1300.392521
1300.392521
1300.392521
1300.392521
1300.392521
1300.392521
1300.392521
1300.392521
1300.392521
1300.392521
1300.392521
1300.392521
1300.392521
1300.392521
1300.392521
1300.392521
1300.392521
1300.392521
1300.392521
1300.392521
1300.392521
1300.392521
1300.392521
1300.392521
1300.392521
1300.392521
1300.392521
1300.392521
1300.392521
1300.392521
1300.392521
1300.392521
1300.392521
1300.392521
1300.392521
1300.392521
1300.392521
1300.392521
1300.392521
1300.392521
1300.392521
1300.392521
1300.392521
1300.392521
1300.392521
1300.392521
1300.392521
1300.392521
1300.392521
1300.392521
1300.392521
1300.392521
1300.392521
1300.392521
1300.392521
1300.392521
1300.392521
1300.392521
1300.392521
1300.392521
1300.392521
1300.392521
1300.392521
1300.392521
1300.392521
1300.392521
1300.392521
1300.392521
1300.392521
1300.392521
1300.392521
1300.392521
1300.392521
1300.392521
1300.392521
1300.392521
1300.392521
1300.392521
1300.392521
1300.392521
1300.392521
1300.392521
1300.392521
1300.392521
1300.392521
1300.392521
1300.392521
1300.292073
1300.292073
1300.292073
1300.292073
1300.292073
1300.292073
1300.292073
1300.292073
1300.292073
1300.292073
1300.292073
1300.292073
1300.292073
1300.292073
1300.292073
1300.292073
1300.292073
1300.292073
1300.292073
1300.292073
1300.292073
1300.292073
1300.292073
1300.292073
1300.292073
1300.292073
1300.292073
1300.292073
1300.292073
1300.292073
1300.292073
1300.292073
1300.292073
1300.292073
1300.292073
1300.292073
1300.168812
1300.168812
1300.168812
1300.168812
1300.168812
1300.168812
1300.168812
1300.168812
1300.168812
1300.168812
1300.168812
1300.168812
1300.168812
1300.168812
1300.168812
1300.168812
1300.168812
1300.168812
1300.168812
1300.168812
1300.168812
1300.168812
1300.168812
1300.168812
1300.168812
1300.168812
1300.168812
1300.168812
1300.168812
1300.168812
1300.168812
1300.168812
1300.168812
1300.168812
1300.168812
1300.168812
1300.168812
1300.168812
1300.064953
1300.064953
1300.064953
1300.064953
1300.064953
1300.064953
1300.064953
1300.064953
1300.064953
1300.064953
1300.064953
1300.064953
1300.064953
1300.064953
1300.064953
1300.064953
1300.064953
1300.064953
1300.064953
1300.064953
1300.064953
1300.064953
1300.064953
1300.064953
1300.064953
1300.064953
1300.064953
1300.064953
1300.064953
1300.064953
1300.064953
1300.064953
1300.064953
1300.064953
1300.064953
1300.064953
1300.064953
1300.064953
1300.064953
1300.064953
1300.064953
1300.064953
1300.064953
1300.064953
1300.064953
1300.064953
1300.064953
1300.064953
1300.064953
1300.064953
1300.064953
1300.064953
1300.064953
1300.064953
1300.064953
1300.064953
1300.064953
1300.064953
1300.064953
1300.064953
1300.064953
1300.064953
1300.064953
1300.064953
1300.064953
1300.064953
1300.064953
1300.064953
1300.064953
1300.064953
1300.064953
1300.064953
1300.064953
1300.064953
1300.064953
1300.064953
1300.064953
1300.064953
1300.064953
1300.064953
1300.064953
1300.064953
1300.064953
1300.064953
1300.064953
1300.064953
1300.064953
1300.064953
1300.064953
1300.064953
1300.064953
1300.064953
1300.064953
1300.064953
1300.064953
1300.064953
1300.064953
1300.064953
1300.064953
1300.064953
1300.064953
1300.064953
1300.064953
1300.064953
1300.064953
1300.064953
1300.064953
1300.064953
1300.064953
1300.064953
1300.064953
1300.064953
1300.064953
1300.064953
1300.064953
1300.064953
1300.064953
1300.064953
1300.064953
1300.064953
1300.064953
1300.064953
1300.064953
1300.064953
1300.015681
1300.015681
1300.015681
1300.015681
1300.015681
1300.015681
1300.015681
1300.015681
1300.015681
1300.015681
1300.015681
1300.015681
1300.015681
1300.015681
1300.015681
1300.015681
1300.015681
1300.015681
1300.015681
1300.015681
1300.015681
1300.015681
1300.015681
1300.015681
1300.015681
1300.015681
1300.015681
1300.015681
1300.015681
1300.015681
1300.015681
1300.015681
1300.015681
1300.015681
1300.015681
1300.015681
1300.015681
1300.015681
1300.015681
1300.015681
1300.015681
1299.987311
1299.987311
1299.987311
1299.987311
1299.987311
1299.940593
1299.940593
1299.940593
1299.940593
1299.940593
1299.940593
1299.940593
1299.940593
1299.940593
1299.940593
1299.940593
1299.940593
1299.940593
1299.940593
1299.940593
1299.940593
1299.940593
1299.940593
1299.940593
1299.940593
1299.940593
1299.940593
1299.940593
1299.940593
1299.940593
1299.940593
1299.940593
1299.940593
1299.940593
1299.940593
1299.940593
1299.940593
1299.940593
1299.940593
1299.940593
1299.940593
1299.940593
1299.940593
1299.940593
1299.940593
1299.940593
1299.940593
1299.940593
1299.940593
1299.940593
1299.940593
1299.940593
1299.940593
1299.825563
1299.825563
1299.825563
1299.825563
1299.825563
1299.825563
1299.825563
1299.825563
1299.825563
1299.825563
1299.825563
1299.825563
1299.825563
1299.825563
1299.825563
1299.825563
1299.825563
1299.825563
1299.825563
1299.825563
1299.825563
1299.825563
1299.825563
1299.825563
1299.825563
1299.825563
1299.825563
1299.825563
1299.825563
1299.825563
1299.825563
1299.825563
1299.825563
1299.825563
1299.825563
1299.825563
1299.825563
1299.825563
1299.825563
1299.825563
1299.825563
1299.825563
1299.825563
1299.825563
1299.825563
1299.825563
1299.825563
1299.825563
1299.825563
1299.825563
1299.825563
1299.825563
1299.825563
1299.825563
1299.825563
1299.825563
1299.825563
1299.825563
1299.825563
1299.825563
1299.825563
1299.825563
1299.825563
1299.825563
1299.825563
1299.825563
1299.825563
1299.825563
1299.825563
1299.825563
1299.825563
1299.825563
1299.825563
1299.825563
1299.825563
1299.825563
1299.825563
1299.825563
1299.825563
1299.825563
1299.796024
1299.796024
1299.796024
1299.796024
1299.796024
1299.796024
1299.796024
1299.796024
1299.796024
1299.796024
1299.796024
1299.796024
1299.796024
1299.796024
1299.796024
1299.796024
1299.796024
1299.796024
1299.796024
1299.796024
1299.796024
1299.796024
1299.796024
1299.796024
1299.796024
1299.796024
1299.791452
1299.791452
1299.791452
1299.791452
1299.791452
1299.791452
1299.791452
1299.791452
1299.791452
1299.791452
1299.791452
1299.791452
1299.791452
1299.791452
1299.791452
1299.791452
1299.791452
1299.787512
1299.787512
1299.787512
1299.787512
1299.787512
1299.787512
1299.787512
1299.787512
1299.787512
1299.787512
1299.787512
1299.787512
1299.787512
1299.787512
1299.787512
1299.787512
1299.787512
1299.686919
1299.686919
1299.686919
1299.686919
1299.686919
1299.686919
1299.686919
1299.686919
1299.686919
1299.686919
1299.686919
1299.686919
1299.686919
1299.686919
1299.686919
1299.686919
1299.686919
1299.686919
1299.686919
1299.686919
1299.686919
1299.686919
1299.686919
1299.686919
1299.686919
1299.686919
1299.686919
1299.686919
1299.686919
1299.686919
1299.686919
1299.686919
1299.550316
1299.550316
1299.550316
1299.550316
1299.550316
1299.550316
1299.550316
1299.550316
1299.550316
1299.550316
1299.550316
1299.550316
1299.550316
1299.550316
1299.550316
1299.550316
1299.550316
1299.550316
1299.550316
1299.550316
1299.550316
1299.550316
1299.550316
1299.550316
1299.550316
1299.550316
1299.550316
1299.516730
1299.516730
1299.516730
1299.516730
1299.516730
1299.516730
1299.516730
1299.516730
1299.516730
1299.516730
1299.516730
1299.516730
1299.516730
1299.516730
1299.516730
1299.516730
1299.516730
1299.516730
1299.516730
1299.516730
1299.516730
1299.516730
1299.516730
1299.516730
1299.516730
1299.516730
1299.516730
1299.516730
1299.516730
1299.516730
1299.516730
1299.516730
1299.516730
1299.516730
1299.516730
1299.516730
1299.516730
1299.516730
1299.516730
1299.516730
1299.516730
1299.516730
1299.516730
1299.516730
1299.516730
1299.516730
1299.516730
1299.516730
1299.516730
1299.516730
1299.516730
1299.516730
1299.516730
1299.516730
1299.516730
1299.516730
1299.516730
1299.516730
1299.516730
1299.516730
1299.516730
1299.516730
1299.516730
1299.516730
1299.516730
1299.516730
1299.516730
1299.516730
1299.516730
1299.516730
1299.516730
1299.516730
1299.516730
1299.516730
1299.516730
1299.468910
1299.468910
1299.468910
1299.468910
1299.468910
1299.468910
1299.468910
1299.356416
1299.356416
1299.356416
1299.356416
1299.356416
1299.356416
1299.356416
1299.356416
1299.356416
1299.356416
1299.356416
1299.356416
1299.356416
1299.356416
1299.356416
1299.356416
1299.356416
1299.356416
1299.356416
1299.356416
1299.356416
1299.356416
1299.356416
1299.356416
1299.356416
1299.356416
1299.356416
1299.356416
1299.356416
1299.356416
1299.356416
1299.356416
1299.356416
1299.356416
1299.356416
1299.356416
1299.356416
1299.356416
1299.356416
1299.356416
1299.356416
1299.356416
1299.356416
1299.356416
1299.356416
1299.356416
1299.356416
1299.356416
1299.356416
1299.356416
1299.356416
1299.356416
1299.356416
1299.356416
1299.356416
1299.356416
1299.356416
1299.356416
1299.356416
1299.356416
1299.356416
1299.356416
1299.356416
1299.356416
1299.356416
1299.356416
1299.356416
1299.356416
1299.316359
1299.316359
1299.316359
1299.316359
1299.316359
1299.316359
1299.316359
1299.316359
1299.316359
1299.316359
1299.316359
1299.316359
1299.316359
1299.316359
1299.316359
1299.316359
1299.316359
1299.316359
1299.316359
1299.316359
1299.316359
1299.316359
1299.316359
1299.316359
1299.316359
1299.316359
1299.316359
1299.316359
1299.316359
1299.316359
1299.316359
1299.316359
1299.316359
1299.316359
1299.316359
1299.316359
1299.316359
1299.316359
1299.316359
1299.316359
1299.316359
1299.316359
1299.316359
1299.316359
1299.316359
1299.316359
1299.316359
1299.316359
1299.316359
1299.316359
1299.316359
1299.316359
1299.316359
1299.316359
1299.316359
1299.316359
1299.316359
1299.316359
1299.316359
1299.279933
1299.279933
1299.279933
1299.279933
1299.279933
1299.279933
1299.279933
1299.265373
1299.265373
1299.265373
1299.265373
1299.265373
1299.265373
1299.174769
1299.174769
1299.174769
1299.174769
1299.174769
1299.174769
1299.174769
1299.174769
1299.174769
1299.174769
1299.174769
1299.174769
1299.174769
1299.174769
1299.174769
1299.174769
1299.174769
1299.174769
1299.174769
1299.174769
1299.174769
1299.085078
1299.085078
1299.085078
1299.085078
1299.085078
1299.085078
1299.085078
1299.085078
1299.085078
1299.085078
1299.085078
1299.085078
1299.085078
1299.085078
1299.085078
1299.085078
1299.085078
1299.085078
1299.085078
1299.085078
1299.035143
1299.035143
1299.035143
1299.035143
1299.035143
1299.035143
1299.035143
1299.035143
1299.035143
1299.035143
1299.035143
1299.035143
1299.035143
1299.035143
1299.035143
1299.035143
1299.035143
1299.035143
1299.035143
1299.035143
1299.035143
1299.035143
1299.035143
1299.035143
1299.035143
1299.035143
1299.035143
1299.035143
1299.035143
1299.035143
1299.035143
1299.035143
1299.035143
1299.035143
1299.011823
1299.011823
1299.011823
1299.011823
1299.011823
1299.011823
1299.011823
1299.011823
1299.011823
1299.011823
1299.011823
1299.011823
1299.011823
1299.011823
1299.011823
1299.011823
1299.011823
1299.011823
1299.011823
1299.011823
1299.011823
1299.011823
1299.011823
1299.011823
1299.011823
1299.011823
1299.011823
1299.011823
1299.011823
1299.011823
1299.011823
1299.011823
1299.011823
1299.011823
1299.011823
1299.011823
1299.011823
1299.011823
1299.011823
1299.011823
1299.011823
1299.011823
1299.011823
1299.011823
1299.011823
1299.011823
1299.011823
1299.011823
1299.011823
1299.011823
1298.915083
1298.915083
1298.915083
1298.915083
1298.915083
1298.915083
1298.915083
1298.915083
1298.915083
1298.915083
1298.915083
1298.915083
1298.915083
1298.915083
1298.915083
1298.915083
1298.915083
1298.915083
1298.915083
1298.915083
1298.915083
1298.876527
1298.876527
1298.876527
1298.876527
1298.876527
1298.876527
1298.596981
1298.596981
1298.596981
1298.596981
1298.596981
1298.596981
1298.596981
1298.596981
1298.596981
1298.596981
1298.596981
1298.596981
1298.596981
1298.596981
1298.596981
1298.596981
1298.596981
1298.596981
1298.596981
1298.596981
1298.596981
1298.596981
1298.596981
1298.596981
1298.596981
1298.596981
1298.596981
1298.596981
1298.596981
1298.596981
1298.596981
1298.596981
1298.596981
1298.596981
1298.596981
1298.596981
1298.596981
1298.596981
1298.596981
1298.596981
1298.596981
1298.596981
1298.596981
1298.596981
1298.596981
1298.596981
1298.596981
1298.596981
1298.596981
1298.596981
1298.596981
1298.596981
1298.596981
1298.596981
1298.596981
1298.596981
1298.596981
1298.596981
1298.596981
1298.596981
1298.596981
1298.596981
1298.596981
1298.596981
1298.596981
1298.596981
1298.596981
1298.578472
1298.578472
1298.578472
1298.578472
1298.578472
1298.578472
1298.578472
1298.578472
1298.578472
1298.578472
1298.578472
1298.578472
1298.578472
1298.578472
1298.578472
1298.578472
1298.578472
1298.578472
1298.578472
1298.578472
1298.578472
1298.578472
1298.578472
1298.578472
1298.578472
1298.578472
1298.578472
1298.578472
1298.578472
1298.578472
1298.578472
1298.578472
1298.578472
1298.578472
1298.578472
1298.578472
1298.578472
1298.578472
1298.578472
1298.578472
1298.578472
1298.578472
1298.578472
1298.578472
1298.578472
1298.578472
1298.578472
1298.578472
1298.578472
1298.578472
1298.578472
1298.578472
1298.578472
1298.578472
1298.578472
1298.578472
1298.578472
1298.578472
1298.578472
1298.578472
1298.578472
1298.578472
1298.578472
1298.578472
1298.517009
1298.517009
1298.517009
1298.517009
1298.517009
1298.517009
1298.517009
1298.517009
1298.517009
1298.517009
1298.517009
1298.517009
1298.517009
1298.517009
1298.517009
1298.517009
1298.517009
1298.517009
1298.517009
1298.517009
1298.517009
1298.517009
1298.517009
1298.517009
1298.517009
1298.517009
1298.283354
1298.283354
1298.283354
1298.283354
1298.283354
1298.283354
1298.283354
1298.283354
1298.283354
1298.283354
1298.283354
1298.283354
1298.283354
1298.283354
1298.283354
1298.283354
1298.283354
1298.283354
1298.283354
1298.283354
1298.283354
1298.283354
1298.283354
1298.283354
1298.283354
1298.283354
1298.283354
1298.283354
1298.283354
1298.283354
1298.283354
1298.283354
1298.283354
1298.283354
1298.283354
1298.283354
1298.283354
1298.283354
1298.283354
1298.283354
1298.283354
1298.283354
1298.283354
1298.283354
1298.283354
1298.283354
1298.283354
1298.283354
1298.283354
1298.283354
1298.283354
1298.283354
1298.283354
1298.283354
1298.283354
1298.283354
1298.283354
1298.283354
1298.170595
1298.170595
1298.170595
1298.170595
1298.170595
1298.170595
1298.170595
1298.170595
1298.170595
1298.170595
1298.170595
1298.170595
1298.170595
1298.170595
1298.170595
1298.170595
1298.170595
1298.170595
1298.170595
1298.170595
1298.170595
1298.170595
1298.170595
1298.170595
1298.170595
1298.170595
1298.170595
1298.170595
1298.170595
1298.170595
1298.170595
1298.170595
1298.170595
1298.170595
1298.170595
1298.170595
1298.170595
1298.170595
1298.170595
1298.170595
1298.170595
1298.170595
1298.170595
1298.170595
1298.170595
1298.170595
1298.170595
1298.170595
1298.170595
1298.170595
1298.170595
1298.170595
1298.170595
1298.170595
1298.170595
1298.170595
1298.052982
1298.052982
1298.052982
1298.052982
1298.052982
1298.052982
1298.052982
1298.052982
1298.052982
1298.052982
1298.052982
1298.052982
1298.052982
1298.052982
1298.052982
1298.052982
1298.052982
1298.052982
1298.052982
1298.052982
1298.052982
1298.052982
1298.052982
1298.052982
1298.052982
1298.052982
1298.052982
1298.052982
1298.052982
1298.052982
1298.052982
1298.052982
1297.966742
1297.966742
1297.966742
1297.966742
1297.966742
1297.966742
1297.966742
1297.966742
1297.966742
1297.966742
1297.966742
1297.966742
1297.966742
1297.966742
1297.966742
1297.966742
1297.966742
1297.966742
1297.966742
1297.966742
1297.966742
1297.966742
1297.966742
1297.966742
1297.966742
1297.966742
1297.966742
1297.966742
1297.966742
1297.966742
1297.966742
1297.966742
1297.966742
1297.966742
1297.966742
1297.966742
1297.966742
1297.966742
1297.966742
1297.966742
1297.966742
1297.966742
1297.966742
1297.966742
1297.966742
1297.966742
1297.966742
1297.966742
1297.966742
1297.966742
1297.966742
1297.966742
1297.966742
1297.966742
1297.966742
1297.966742
1297.966742
1297.966742
1297.966742
1297.963805
1297.963805
1297.963805
1297.963805
1297.963805
1297.963805
1297.963805
1297.963805
1297.963805
1297.963805
1297.963805
1297.963805
1297.893564
1297.893564
1297.893564
1297.893564
1297.893564
1297.893564
1297.893564
1297.893564
1297.893564
1297.893564
1297.893564
1297.893564
1297.893564
1297.893564
1297.893564
1297.893564
1297.893564
1297.893564
1297.893564
1297.893564
1297.893564
1297.893564
1297.893564
1297.893564
1297.893564
1297.893564
1297.893564
1297.893564
1297.893564
1297.893564
1297.893564
1297.893564
1297.893564
1297.893564
1297.893564
1297.893564
1297.893564
1297.893564
1297.893564
1297.893564
1297.893564
1297.893564
1297.893564
1297.893564
1297.893564
1297.893564
1297.893564
1297.893564
1297.893564
1297.893564
1297.893564
1297.893564
1297.893564
1297.893564
1297.893564
1297.893564
1297.893564
1297.893564
1297.893564
1297.893564
1297.864942
1297.864942
1297.864942
1297.864942
1297.864942
1297.864942
1297.864942
1297.864942
1297.864942
1297.864942
1297.864942
1297.864942
1297.864942
1297.864942
1297.864942
1297.864942
1297.864942
1297.864942
1297.864942
1297.864942
1297.864942
1297.864942
1297.864942
1297.864942
1297.864942
1297.864942
1297.864942
1297.864942
1297.864942
1297.864942
1297.864942
1297.864942
1297.669031
1297.669031
1297.669031
1297.669031
1297.501663
1297.501663
1297.501663
1297.501663
1297.501663
1297.501663
1297.501663
1297.501663
1297.501663
1297.501663
1297.501663
1297.501663
1297.501663
1297.501663
1297.501663
1297.501663
1297.501663
1297.501663
1297.501663
1297.501663
1297.501663
1297.501663
1297.501663
1297.501663
1297.501663
1297.501663
1297.501663
1297.501663
1297.501663
1297.501663
1297.501663
1297.501663
1297.501663
1297.501663
1297.501663
1297.501663
1297.501663
1297.501663
1297.501663
1297.501663
1297.501663
1297.501663
1297.501663
1297.501663
1297.501663
1297.501663
1297.501663
1297.501663
1297.501663
1297.501663
1297.501663
1297.501663
1297.501663
1297.501663
1297.501663
1297.501663
1297.501663
1297.501663
1297.501663
1297.501663
1297.501663
1297.501663
1297.501663
1297.501663
1297.501663
1297.501663
1297.501663
1297.501663
1297.501663
1297.501663
1297.501663
1297.501663
1297.501663
1297.501663
1297.501663
1297.501663
1297.501663
1297.501663
1297.501663
1297.501663
1297.501663
1297.501663
1297.501663
1297.501663
1297.501663
1297.501663
1297.501663
1297.501663
1297.501663
1297.501663
1297.501663
1297.501663
1297.501663
1297.501663
1297.501663
1297.501663
1297.501663
1297.501663
1297.501663
1297.501663
1297.501663
1297.501663
1297.501663
1297.501663
1297.501663
1297.501663
1297.501663
1297.501663
1297.501663
1297.501663
1297.501663
1297.501663
1297.501663
1297.501663
1297.501663
1297.501663
1297.501663
1297.501663
1297.501663
1297.501663
1297.501663
1297.501663
1297.501663
1297.501663
1297.501663
1297.501663
1297.501663
1297.501663
1297.501663
1297.501663
1297.501663
1297.501663
1297.501663
1297.501663
1297.501663
1297.501663
1297.501663
1297.501663
1297.501663
1297.501663
1297.501663
1297.501663
1297.501663
1297.501663
1297.501663
1297.501663
1297.501663
1297.501663
1297.501663
1297.501663
1297.501663
1297.501663
1297.501663
1297.501663
1297.501663
1297.501663
1297.501663
1297.501663
1297.501663
1297.501663
1297.501663
1297.501663
1297.501663
1297.501663
1297.501663
1297.501663
1297.501663
1297.501663
1297.501663
1297.501663
1297.501663
1297.501663
1297.501663
1297.501663
1297.501663
1297.501663
1297.501663
1297.501663
1297.501663
1297.501663
1297.501663
1297.501663
1297.501663
1297.501663
1297.501663
1297.501663
1297.501663
1297.501663
1297.501663
1297.501663
1297.501663
1297.501663
1297.501663
1297.501663
1297.501663
1297.501663
1297.501663
1297.501663
1297.501663
1297.501663
1297.501663
1297.501663
1297.501663
1297.501663
1297.501663
1297.501663
1297.501663
1297.501663
1297.501663
1297.501663
1297.501663
1297.501663
1297.501663
1297.501663
1297.501663
1297.501663
1297.411425
1297.343125
1297.343125
1297.343125
1297.343125
1297.343125
1297.343125
1297.343125
1297.343125
1297.343125
1297.343125
1297.343125
1297.343125
1297.343125
1297.343125
1297.343125
1297.343125
1297.343125
1297.343125
1297.343125
1297.343125
1297.343125
1297.343125
1297.343125
1297.343125
1297.343125
1297.343125
1297.343125
1297.343125
1297.343125
1297.343125
1297.343125
1297.321994
1297.321994
1297.321994
1297.321994
1297.321994
1297.321994
1297.321994
1297.321994
1297.321994
1297.321994
1297.321994
1297.321994
1297.321994
1297.321994
1297.321994
1297.321994
1297.321994
1297.321994
1297.321994
1297.199242
1297.199242
1297.199242
1297.199242
1297.199242
1297.199242
1297.199242
1297.199242
1297.199242
1297.199242
1297.199242
1297.199242
1297.199242
1297.199242
1297.199242
1297.199242
1297.199242
1297.199242
1297.199242
1297.199242
1297.199242
1297.199242
1297.199242
1297.199242
1297.168717
1297.168717
1297.168717
1297.168717
1297.168717
1297.159147
1297.159147
1297.159147
1297.159147
1297.159147
1297.159147
1297.159147
1297.159147
1297.159147
1297.159147
1297.159147
1297.159147
1297.159147
1297.159147
1297.159147
1297.159147
1297.159147
1297.159147
1297.159147
1297.159147
1297.159147
1297.159147
1297.159147
1297.159147
1297.159147
1297.159147
1297.159147
1297.159147
1297.159147
1297.159147
1297.159147
1297.159147
1297.159147
1297.159147
1297.159147
1297.159147
1297.159147
1297.159147
1297.159147
1297.159147
1297.159147
1297.159147
1296.994485
1296.994485
1296.994485
1296.994485
1296.994485
1296.994485
1296.994485
1296.994485
1296.994485
1296.994485
1296.994485
1296.994485
1296.994485
1296.994485
1296.994485
1296.994485
1296.994485
1296.994485
1296.994485
1296.994485
1296.994485
1296.994485
1296.924921
1296.924921
1296.924921
1296.924921
1296.924921
1296.924921
1296.924921
1296.924921
1296.924921
1296.924921
1296.924921
1296.924921
1296.924921
1296.924921
1296.924921
1296.924921
1296.924921
1296.924921
1296.924921
1296.924921
1296.924921
1296.924921
1296.924921
1296.924921
1296.924921
1296.924921
1296.924921
1296.924921
1296.924921
1296.924921
1296.924921
1296.924921
1296.924921
1296.924921
1296.924921
1296.924921
1296.924921
1296.924921
1296.924921
1296.924921
1296.924921
1296.924921
1296.924921
1296.924921
1296.924921
1296.924921
1296.924921
1296.924921
1296.924921
1296.924921
1296.924921
1296.924921
1296.924921
1296.924921
1296.924921
1296.924921
1296.924921
1296.924921
1296.924921
1296.924921
1296.924921
1296.914548
1296.914548
1296.914548
1296.914548
1296.914548
1296.914548
1296.914548
1296.914548
1296.914548
1296.914548
1296.914548
1296.914548
1296.914548
1296.800711
1296.800711
1296.800711
1296.794285
1296.794285
1296.794285
1296.794285
1296.794285
1296.794285
1296.794285
1296.794285
1296.794285
1296.794285
1296.794285
1296.794285
1296.794285
1296.794285
1296.794285
1296.794285
1296.794285
1296.794285
1296.794285
1296.794285
1296.794285
1296.794285
1296.794285
1296.794285
1296.794285
1296.712425
1296.712425
1296.712425
1296.712425
1296.712425
1296.712425
1296.712425
1296.712425
1296.712425
1296.712425
1296.712425
1296.712425
1296.712425
1296.712425
1296.712425
1296.712425
1296.712425
1296.712425
1296.712425
1296.712425
1296.712425
1296.712425
1296.712425
1296.712425
1296.712425
1296.712425
1296.712425
1296.712425
1296.712425
1296.712425
1296.712425
1296.712425
1296.712425
1296.712425
1296.712425
1296.712425
1296.712425
1296.712425
1296.712425
1296.712425
1296.712425
1296.712425
1296.712425
1296.712425
1296.712425
1296.712425
1296.712425
1296.712425
1296.712425
1296.712425
1296.712425
1296.712425
1296.712425
1296.712425
1296.712425
1296.712425
1296.712425
1296.712425
1296.712425
1296.712425
1296.712425
1296.712425
1296.712425
1296.712425
1296.712425
1296.712425
1296.712425
1296.712425
1296.712425
1296.712425
1296.712425
1296.695768
1296.695768
1296.695768
1296.695768
1296.695768
1296.695768
1296.695768
1296.695768
1296.695768
1296.695768
1296.695768
1296.695768
1296.695768
1296.695768
1296.695768
1296.695768
1296.695768
1296.695768
1296.695768
1296.695768
1296.695768
1296.695768
1296.695768
1296.695768
1296.695768
1296.695768
1296.695768
1296.695768
1296.695768
1296.695768
1296.695768
1296.695768
1296.695768
1296.695768
1296.695768
1296.695768
1296.695768
1296.695768
1296.695768
1296.695768
1296.695768
1296.695768
1296.695768
1296.695768
1296.695768
1296.695768
1296.695768
1296.403233
1296.403233
1296.403233
1296.403233
1296.403233
1296.403233
1296.403233
1296.403233
1296.403233
1296.403233
1296.403233
1296.403233
1296.403233
1296.403233
1296.403233
1296.403233
1296.403233
1296.403233
1296.403233
1296.403233
1296.403233
1296.403233
1296.403233
1296.403233
1296.403233
1296.403233
1296.403233
1296.403233
1296.403233
1296.403233
1296.403233
1296.297186
1296.297186
1296.297186
1296.297186
1296.297186
1296.297186
1296.297186
1296.297186
1296.297186
1296.297186
1296.297186
1296.297186
1296.297186
1296.297186
1296.297186
1296.297186
1296.297186
1296.297186
1296.297186
1296.297186
1296.297186
1296.297186
1296.297186
1296.297186
1296.297186
1296.297186
1296.297186
1296.297186
1296.297186
1296.297186
1296.297186
1296.297186
1296.297186
1296.297186
1296.297186
1296.297186
1296.297186
1296.297186
1296.297186
1296.297186
1296.297186
1296.297186
1296.297186
1296.297186
1296.297186
1296.297186
1296.297186
1296.297186
1296.297186
1296.297186
1296.297186
1296.297186
1296.297186
1296.297186
1296.297186
1296.297186
1296.297186
1296.297186
1296.297186
1296.297186
1296.297186
1296.297186
1296.297186
1296.297186
1296.297186
1296.297186
1296.234198
1296.234198
1296.234198
1296.234198
1296.234198
1296.234198
1296.234198
1296.234198
1296.234198
1296.234198
1296.234198
1296.234198
1296.202091
1296.202091
1296.202091
1296.202091
1296.202091
1296.202091
1296.202091
1296.202091
1296.202091
1296.202091
1296.202091
1296.202091
1296.202091
1296.202091
1296.202091
1296.202091
1296.202091
1296.202091
1296.202091
1296.202091
1296.202091
1296.202091
1296.202091
1296.202091
1296.202091
1296.202091
1296.202091
1296.202091
1296.202091
1296.202091
1296.202091
1296.202091
1296.202091
1296.202091
1296.202091
1296.202091
1296.202091
1296.202091
1296.202091
1296.202091
1296.202091
1296.202091
1296.202091
1296.202091
1296.202091
1296.202091
1296.202091
1296.202091
1296.202091
1296.202091
1296.202091
1296.202091
1296.202091
1296.202091
1296.202091
1296.202091
1296.202091
1296.202091
1296.202091
1296.202091
1296.202091
1296.202091
1296.202091
1296.202091
1296.202091
1296.202091
1296.202091
1296.202091
1296.202091
1296.202091
1296.202091
1296.202091
1296.202091
1296.202091
1296.202091
1296.202091
1296.202091
1296.202091
1296.202091
1296.202091
1296.202091
1296.202091
1296.184153
1296.184153
1296.184153
1296.184153
1296.184153
1296.184153
1296.184153
1296.184153
1296.184153
1296.184153
1296.184153
1296.184153
1296.184153
1296.184153
1296.184153
1296.151984
1296.151984
1296.151984
1296.151984
1296.151984
1296.151984
1296.151984
1296.151984
1296.151984
1296.151984
1296.151984
1296.151984
1296.151984
1296.151984
1296.151984
1296.151984
1296.151984
1296.151984
1296.151984
1296.151984
1296.151984
1296.151984
1296.151984
1296.151984
1296.151984
1296.151984
1296.151984
1296.151984
1296.151984
1296.151984
1296.151984
1296.151984
1296.151984
1296.151984
1296.151984
1296.151984
1296.151984
1296.151984
1296.151984
1296.151984
1296.151984
1296.151984
1296.151984
1296.151984
1296.151984
1296.151984
1296.151984
1296.091883
1296.091883
1296.091883
1296.091883
1296.091883
1296.091883
1296.091883
1296.091883
1296.091883
1296.091883
1296.091883
1296.091883
1296.091883
1296.091883
1296.083298
1296.083298
1296.083298
1296.083298
1296.083298
1296.021567
1296.021567
1296.021567
1296.021567
1296.021567
1296.021567
1296.021567
1296.021567
1296.021567
1296.021567
1296.021567
1296.021567
1296.021567
1296.021567
1296.021567
1296.021567
1296.021567
1296.021567
1296.021567
1296.021567
1296.021567
1296.021567
1296.021567
1296.021567
1296.021567
1296.021567
1296.021567
1296.021567
1296.021567
1296.021567
1296.021567
1296.021567
1296.021567
1296.021567
1296.021567
1296.021567
1296.021567
1296.021567
1296.021567
1296.021567
1296.021567
1296.021567
1296.021567
1296.021567
1295.927010
1295.927010
1295.927010
1295.927010
1295.927010
1295.927010
1295.927010
1295.927010
1295.927010
1295.927010
1295.927010
1295.927010
1295.927010
1295.927010
1295.921510
1295.921510
1295.921510
1295.921510
1295.921510
1295.921510
1295.921510
1295.921510
1295.921510
1295.921510
1295.921510
1295.921510
1295.921510
1295.921510
1295.921510
1295.921510
1295.921510
1295.921510
1295.921510
1295.921510
1295.921510
1295.921510
1295.921510
1295.921510
1295.921510
1295.921510
1295.921510
1295.921510
1295.921510
1295.921510
1295.921510
1295.921510
1295.921510
1295.921510
1295.921510
1295.921510
1295.921510
1295.921510
1295.921510
1295.921510
1295.921510
1295.921510
1295.921510
1295.921510
1295.921510
1295.921510
1295.921510
1295.921510
1295.921510
1295.921510
1295.921510
1295.921510
1295.921510
1295.921510
1295.921510
1295.921510
1295.921510
1295.921510
1295.921510
1295.921510
1295.921510
1295.921510
1295.921510
1295.921510
1295.921510
1295.921510
1295.921510
1295.921510
1295.921510
1295.921510
1295.921510
1295.921510
1295.921510
1295.921510
1295.921510
1295.921510
1295.921510
1295.921510
1295.867455
1295.867455
1295.867455
1295.867455
1295.867455
1295.867455
1295.867455
1295.867455
1295.867455
1295.867455
1295.867455
1295.867455
1295.867455
1295.867455
1295.867455
1295.867455
1295.867455
1295.867455
1295.867455
1295.867455
1295.867455
1295.572519
1295.572519
1295.572519
1295.572519
1295.572519
1295.572519
1295.572519
1295.572519
1295.572519
1295.572519
1295.572519
1295.572519
1295.572519
1295.572519
1295.572519
1295.572519
1295.572519
1295.572519
1295.572519
1295.572519
1295.572519
1295.572519
1295.572519
1295.572519
1295.572519
1295.572519
1295.572519
1295.572519
1295.572519
1295.572519
1295.572519
1295.572519
1295.572519
1295.572519
1295.572519
1295.572519
1295.572519
1295.572519
1295.572519
1295.572519
1295.572519
1295.572519
1295.572519
1295.572519
1295.572519
1295.572519
1295.572519
1295.572519
1295.572519
1295.572519
1295.572519
1295.572519
1295.572519
1295.572519
1295.572519
1295.572519
1295.572519
1295.572519
1295.572519
1295.572519
1295.572519
1295.572519
1295.572519
1295.572519
1295.572519
1295.572519
1295.572519
1295.572519
1295.572519
1295.572519
1295.572519
1295.572519
1295.572519
1295.572519
1295.572519
1295.572519
1295.572519
1295.572519
1295.572519
1295.572519
1295.572519
1295.572519
1295.572519
1295.572519
1295.572519
1295.572519
1295.572519
1295.572519
1295.572519
1295.572519
1295.572519
1295.572519
1295.572519
1295.530619
1295.530619
1295.530619
1295.530619
1295.530619
1295.530619
1295.530619
1295.530619
1295.530619
1295.530619
1295.530619
1295.530619
1295.530619
1295.530619
1295.530619
1295.530619
1295.530619
1295.530619
1295.530619
1295.530619
1295.530619
1295.530619
1295.530619
1295.530619
1295.530619
1295.530619
1295.530619
1295.530619
1295.530619
1295.530619
1295.530619
1295.530619
1295.530619
1295.530619
1295.530619
1295.530619
1295.530619
1295.530619
1295.530619
1295.530619
1295.530619
1295.530619
1295.530619
1295.530619
1295.530619
1295.530619
1295.530619
1295.530619
1295.530619
1295.530619
1295.530619
1295.530619
1295.530619
1295.530619
1295.530619
1295.530619
1295.530619
1295.530619
1295.530619
1295.530619
1295.530619
1295.530619
1295.530619
1295.530619
1295.530619
1295.530619
1295.530619
1295.530619
1295.530619
1295.530619
1295.530619
1295.530619
1295.530619
1295.530619
1295.530619
1295.530619
1295.530619
1295.530619
1295.530619
1295.530619
1295.530619
1295.530619
1295.530619
1295.530619
1295.530619
1295.530619
1295.530619
1295.530619
1295.530619
1295.530619
1295.530619
1295.530619
1295.530619
1295.530619
1295.530619
1295.530619
1295.530619
1295.530619
1295.530619
1295.530619
1295.530619
1295.530619
1295.530619
1295.530619
1295.530619
1295.466633
1295.466633
1295.466633
1295.466633
1295.419462
1295.419462
1295.419462
1295.419462
1295.419462
1295.419462
1295.419462
1295.419462
1295.419462
1295.419462
1295.419462
1295.419462
1295.419462
1295.419462
1295.419462
1295.419462
1295.419462
1295.419462
1295.419462
1295.419462
1295.419462
1295.419462
1295.419462
1295.419462
1295.419462
1295.419462
1295.419462
1295.419462
1295.419462
1295.419462
1295.419462
1295.419462
1295.419462
1295.419462
1295.419462
1295.323167
1295.323167
1295.323167
1295.323167
1295.323167
1295.323167
1295.323167
1295.323167
1295.323167
1295.323167
1295.323167
1295.323167
1295.323167
1295.323167
1295.323167
1295.323167
1295.323167
1295.323167
1295.323167
1295.323167
1295.323167
1295.323167
1295.323167
1295.323167
1295.323167
1295.323167
1295.323167
1295.323167
1295.323167
1295.323167
1295.323167
1295.323167
1295.323167
1295.323167
1295.323167
1295.323167
1295.323167
1295.323167
1295.323167
1295.323167
1295.323167
1295.323167
1295.323167
1295.218802
1295.218802
1295.218802
1295.218802
1295.218802
1295.218802
1295.218802
1295.218802
1295.218802
1295.218802
1295.218802
1295.218802
1295.218802
1295.131549
1295.131549
1295.131549
1295.131549
1295.131549
1295.131549
1295.131549
1295.131549
1295.131549
1295.131549
1295.131549
1295.131549
1295.131549
1295.131549
1295.131549
1295.131549
1295.105922
1295.105922
1295.105922
1295.105922
1295.105922
1295.105922
1295.105922
1295.105922
1295.105922
1295.105922
1295.105922
1295.105922
1295.105922
1295.105922
1295.017375
1295.017375
1295.017375
1295.017375
1295.017375
1295.017375
1295.017375
1295.017375
1295.017375
1295.017375
1295.017375
1295.017375
1295.017375
1295.017375
1295.017375
1295.017375
1295.017375
1295.017375
1295.017375
1295.017375
1295.017375
1295.017375
1295.017375
1295.017375
1295.017375
1295.017375
1295.017375
1295.017375
1295.017375
1295.017375
1295.017375
1295.017375
1295.017375
1295.017375
1295.017375
1295.017375
1295.017375
1295.017375
1295.017375
1295.017375
1294.809141
1294.809141
1294.809141
1294.809141
1294.809141
1294.809141
1294.809141
1294.809141
1294.809141
1294.809141
1294.809141
1294.809141
1294.809141
1294.809141
1294.809141
1294.809141
1294.809141
1294.809141
1294.809141
1294.809141
1294.809141
1294.809141
1294.809141
1294.809141
1294.809141
1294.809141
1294.809141
1294.809141
1294.809141
1294.809141
1294.809141
1294.809141
1294.809141
1294.809141
1294.809141
1294.809141
1294.809141
1294.809141
1294.809141
1294.809141
1294.809141
1294.809141
1294.809141
1294.809141
1294.809141
1294.809141
1294.809141
1294.809141
1294.809141
1294.809141
1294.809141
1294.809141
1294.809141
1294.809141
1294.809141
1294.809141
1294.809141
1294.809141
1294.809141
1294.809141
1294.809141
1294.809141
1294.809141
1294.809141
1294.809141
1294.809141
1294.809141
1294.809141
1294.809141
1294.809141
1294.809141
1294.809141
1294.809141
1294.809141
1294.809141
1294.809141
1294.809141
1294.809141
1294.809141
1294.809141
1294.809141
1294.809141
1294.809141
1294.809141
1294.809141
1294.809141
1294.809141
1294.809141
1294.809141
1294.809141
1294.809141
1294.809141
1294.809141
1294.809141
1294.809141
1294.809141
1294.809141
1294.496491
1294.496491
1294.496491
1294.496491
1294.496491
1294.496491
1294.496491
1294.496491
1294.496491
1294.496491
1294.496491
1294.496491
1294.496491
1294.496491
1294.496491
1294.496491
1294.496491
1294.496491
1294.496491
1294.496491
1294.496491
1294.496491
1294.496491
1294.496491
1294.496491
1294.496491
1294.496491
1294.496491
1294.496491
1294.496491
1294.496491
1294.496491
1294.496491
1294.496491
1294.496491
1294.496491
1294.496491
1294.496491
1294.496491
1294.496491
1294.496491
1294.496491
1294.496491
1294.496491
1294.496491
1294.496491
1294.496491
1294.496491
1294.496491
1294.496491
1294.496491
1294.496491
1294.496491
1294.496491
1294.496491
1294.496491
1294.496491
1294.496491
1294.496491
1294.496491
1294.496491
1294.496491
1294.496491
1294.496491
1294.496491
1294.496491
1294.496491
1294.496491
1294.496491
1294.496491
1294.496491
1294.496491
1294.496491
1294.496491
1294.496491
1294.496491
1294.496491
1294.496491
1294.496491
1294.496491
1294.496491
1294.496491
1294.496491
1294.496491
1294.496491
1294.496491
1294.496491
1294.496491
1294.496491
1294.496491
1294.496491
1294.496491
1294.496491
1294.496491
1294.496491
1294.496491
1294.496491
1294.496491
1294.148715
1294.148715
1294.148715
1294.148715
1294.148715
1294.148715
1294.148715
1294.148715
1294.148715
1294.148715
1294.148715
1294.148715
1294.148715
1294.148715
1294.148715
1294.148715
1294.148715
1294.148715
1294.148715
1294.148715
1294.148715
1294.148715
1294.148715
1294.148715
1294.148715
1294.148715
1294.148715
1294.148715
1294.148715
1294.148715
1294.148715
1294.148715
1294.148715
1294.148715
1294.148715
1294.148715
1294.148715
1294.148715
1294.148715
1294.148715
1294.148715
1294.148715
1294.148715
1294.148715
1294.148715
1294.148715
1294.148715
1294.148715
1294.148715
1294.148715
1294.148715
1294.148715
1294.148715
1294.148715
1294.148715
1294.148715
1294.148715
1294.148715
1294.106636
1294.106636
1294.106636
1294.106636
1294.106636
1294.106636
1294.106636
1294.106636
1294.106636
1294.106636
1294.106636
1294.106636
1294.106636
1294.106636
1294.106636
1294.106636
1294.106636
1294.106636
1294.106636
1294.106636
1294.106636
1294.106636
1294.106636
1294.106636
1294.106636
1294.106636
1294.106636
1294.106636
1294.106636
1294.106636
1294.106636
1294.106636
1294.106636
1294.106636
1293.937552
1293.937552
1293.937552
1293.937552
1293.937552
1293.937552
1293.937552
1293.937552
1293.835037
1293.835037
1293.835037
1293.835037
1293.835037
1293.835037
1293.835037
1293.835037
1293.835037
1293.835037
1293.835037
1293.835037
1293.835037
1293.835037
1293.835037
1293.835037
1293.835037
1293.835037
1293.835037
1293.835037
1293.835037
1293.835037
1293.835037
1293.835037
1293.835037
1293.835037
1293.835037
1293.835037
1293.835037
1293.835037
1293.835037
1293.835037
1293.835037
1293.835037
1293.835037
1293.835037
1293.835037
1293.835037
1293.835037
1293.835037
1293.835037
1293.835037
1293.835037
1293.835037
1293.835037
1293.835037
1293.835037
1293.835037
1293.835037
1293.835037
1293.835037
1293.835037
1293.835037
1293.835037
1293.835037
1293.835037
1293.835037
1293.835037
1293.835037
1293.835037
1293.835037
1293.835037
1293.835037
1293.835037
1293.835037
1293.835037
1293.835037
1293.835037
1293.835037
1293.835037
1293.835037
1293.835037
1293.835037
1293.835037
1293.835037
1293.835037
1293.835037
1293.835037
1293.835037
1293.835037
1293.835037
1293.835037
1293.835037
1293.835037
1293.835037
1293.835037
1293.835037
1293.835037
1293.835037
1293.835037
1293.835037
1293.835037
1293.835037
1293.835037
1293.835037
1293.835037
1293.835037
1293.835037
1293.835037
1293.835037
1293.735325
1293.735325
1293.735325
1293.735325
1293.735325
1293.735325
1293.735325
1293.735325
1293.455085
1293.455085
1293.455085
1293.455085
1293.455085
1293.455085
1293.455085
1293.455085
1293.455085
1293.455085
1293.455085
1293.455085
1293.455085
1293.455085
1293.455085
1293.455085
1293.455085
1293.455085
1293.455085
1293.455085
1293.455085
1293.455085
1293.455085
1293.455085
1293.455085
1293.455085
1293.455085
1293.455085
1293.455085
1293.455085
1293.455085
1293.455085
1293.455085
1293.455085
1293.455085
1293.455085
1293.455085
1293.455085
1293.455085
1293.455085
1293.455085
1293.455085
1293.455085
1293.455085
1293.455085
1293.455085
1293.455085
1293.455085
1293.455085
1293.455085
1293.455085
1293.455085
1293.455085
1293.455085
1293.455085
1293.455085
1293.455085
1293.455085
1293.455085
1293.455085
1293.455085
1293.455085
1293.455085
1293.455085
1293.455085
1293.455085
1293.455085
1293.455085
1293.455085
1293.455085
1293.455085
1293.455085
1293.455085
1293.455085
1293.455085
1293.455085
1293.455085
1293.455085
1293.455085
1293.455085
1293.455085
1293.455085
1293.455085
1293.455085
1293.455085
1293.455085
1293.455085
1293.455085
1293.455085
1293.455085
1293.455085
1293.455085
1293.455085
1293.455085
1293.455085
1293.455085
1293.455085
1293.455085
1293.455085
1293.455085
1293.455085
1293.455085
1293.455085
1293.455085
1293.366883
1293.366883
1293.366883
1293.366883
1293.366883
1293.366883
1293.366883
1293.366883
1293.366883
1293.366883
1293.366883
1293.366883
1293.366883
1293.366883
1293.366883
1293.366883
1293.366883
1293.366883
1293.366883
1293.366883
1293.366883
1293.366883
1293.366883
1293.366883
1293.366883
1293.366883
1293.366883
1293.366883
1293.366883
1293.366883
1293.366883
1293.366883
1293.366883
1293.366883
1293.366883
1293.366883
1293.366883
1293.277956
1293.277956
1293.277956
1293.277956
1293.277956
1293.152659
1293.152659
1293.152659
1293.152659
1293.152659
1293.152659
1293.152659
1293.152659
1293.152659
1293.152659
1293.152659
1293.152659
1293.152659
1293.152659
1293.152659
1293.152659
1293.152659
1293.152659
1293.152659
1293.152659
1293.152659
1293.152659
1293.152659
1293.152659
1293.152659
1293.152659
1293.152659
1293.152659
1293.152659
1293.152659
1293.152659
1293.152659
1293.152659
1293.152659
1293.152659
1293.152659
1293.152659
1293.152659
1293.152659
1293.152659
1293.152659
1293.152659
1293.152659
1293.152659
1293.152659
1293.152659
1293.152659
1293.152659
1293.152659
1293.152659
1293.152659
1293.152659
1293.152659
1293.152659
1293.110248
1293.110248
1293.110248
1293.110248
1293.110248
1293.110248
1293.110248
1293.110248
1293.110248
1293.110248
1293.110248
1293.110248
1293.110248
1293.110248
1293.110248
1293.110248
1293.110248
1293.110248
1293.110248
1293.110248
1293.110248
1293.110248
1293.110248
1293.110248
1293.110248
1293.110248
1293.110248
1293.110248
1293.110248
1293.110248
1293.110248
1293.110248
1293.110248
1293.110248
1293.110248
1293.110248
1293.110248
1293.110248
1293.110248
1293.110248
1293.110248
1293.110248
1293.110248
1293.110248
1293.110248
1293.110248
1293.110248
1293.110248
1293.110248
1293.110248
1293.110248
1293.110248
1293.110248
1293.110248
1293.110248
1293.110248
1293.008029
1293.008029
1293.008029
1293.008029
1293.008029
1293.008029
1293.008029
1293.008029
1293.008029
1293.008029
1293.008029
1293.008029
1293.008029
1293.008029
1293.008029
1293.008029
1292.798003
1292.798003
1292.798003
1292.798003
1292.798003
1292.798003
1292.798003
1292.798003
1292.798003
1292.798003
1292.798003
1292.798003
1292.798003
1292.798003
1292.798003
1292.798003
1292.798003
1292.798003
1292.798003
1292.798003
1292.798003
1292.798003
1292.798003
1292.798003
1292.798003
1292.798003
1292.798003
1292.798003
1292.798003
1292.798003
1292.798003
1292.798003
1292.798003
1292.798003
1292.798003
1292.798003
1292.798003
1292.798003
1292.798003
1292.798003
1292.798003
1292.798003
1292.798003
1292.798003
1292.798003
1292.798003
1292.798003
1292.798003
1292.798003
1292.798003
1292.798003
1292.798003
1292.798003
1292.798003
1292.798003
1292.798003
1292.798003
1292.798003
1292.798003
1292.798003
1292.798003
1292.798003
1292.798003
1292.798003
1292.798003
1292.798003
1292.798003
1292.798003
1292.798003
1292.798003
1292.798003
1292.798003
1292.721047
1292.721047
1292.721047
1292.721047
1292.721047
1292.721047
1292.721047
1292.721047
1292.721047
1292.721047
1292.721047
1292.721047
1292.721047
1292.721047
1292.721047
1292.721047
1292.721047
1292.721047
1292.721047
1292.721047
1292.721047
1292.721047
1292.721047
1292.721047
1292.721047
1292.721047
1292.721047
1292.721047
1292.721047
1292.721047
1292.721047
1292.721047
1292.721047
1292.721047
1292.721047
1292.721047
1292.721047
1292.721047
1292.721047
1292.721047
1292.721047
1292.721047
1292.721047
1292.721047
1292.560189
1292.560189
1292.560189
1292.560189
1292.560189
1292.560189
1292.560189
1292.560189
1292.560189
1292.560189
1292.560189
1292.560189
1292.560189
1292.560189
1292.560189
1292.560189
1292.560189
1292.560189
1292.560189
1292.560189
1292.560189
1292.560189
1292.560189
1292.560189
1292.560189
1292.560189
1292.560189
1292.560189
1292.560189
1292.560189
1292.560189
1292.560189
1292.560189
1292.560189
1292.560189
1292.560189
1292.560189
1292.560189
1292.560189
1292.560189
1292.560189
1292.560189
1292.560189
1292.560189
1292.560189
1292.560189
1292.560189
1292.560189
1292.560189
1292.560189
1292.560189
1292.560189
1292.560189
1292.560189
1292.560189
1292.560189
1292.560189
1292.560189
1292.560189
1292.560189
1292.560189
1292.560189
1292.560189
1292.560189
1292.560189
1292.560189
1292.560189
1292.541011
1292.541011
1292.541011
1292.541011
1292.541011
1292.541011
1292.541011
1292.541011
1292.541011
1292.541011
1292.541011
1292.541011
1292.541011
1292.541011
1292.541011
1292.541011
1292.541011
1292.541011
1292.541011
1292.541011
1292.541011
1292.541011
1292.541011
1292.541011
1292.541011
1292.541011
1292.541011
1292.541011
1292.541011
1292.541011
1292.541011
1292.398632
1292.398632
1292.398632
1292.398632
1292.398632
1292.398632
1292.398632
1292.398632
1292.398632
1292.398632
1292.398632
1292.398632
1292.398632
1292.398632
1292.398632
1292.398632
1292.398632
1292.398632
1292.398632
1292.398632
1292.398632
1292.398632
1292.398632
1292.398632
1292.398632
1292.398632
1292.398632
1292.398632
1292.398632
1292.398632
1292.398632
1292.398632
1292.398632
1292.398632
1292.398632
1292.398632
1292.398632
1292.398632
1292.398632
1292.226223
1292.226223
1292.226223
1292.226223
1292.226223
1292.226223
1292.226223
1292.226223
1292.226223
1292.226223
1292.226223
1292.226223
1292.226223
1292.226223
1292.226223
1292.141100
1292.141100
1292.141100
1292.141100
1292.141100
1292.141100
1292.141100
1292.141100
1292.141100
1292.141100
1292.141100
1292.141100
1292.141100
1292.141100
1292.141100
1292.141100
1292.141100
1292.141100
1292.141100
1292.141100
1292.141100
1292.141100
1292.141100
1292.141100
1292.141100
1292.141100
1292.141100
1292.141100
1292.141100
1292.141100
1292.141100
1292.141100
1292.141100
1292.141100
1292.141100
1292.141100
1292.141100
1292.141100
1292.141100
1292.113629
1292.113629
1292.113629
1292.113629
1292.113629
1292.113629
1292.113629
1292.113629
1292.113629
1292.113629
1292.113629
1292.113629
1292.113629
1292.113629
1292.113629
1292.113629
1292.113629
1292.113629
1292.113629
1292.113629
1292.113629
1292.113629
1292.113629
1292.113629
1292.105842
1292.105842
1292.105842
1292.105842
1292.105842
1292.105842
1292.105842
1292.105842
1292.105842
1292.105842
1292.105842
1292.105842
1292.105842
1292.105842
1292.105842
1292.105842
1292.105842
1292.105842
1292.105842
1292.105842
1292.105842
1292.105842
1292.105842
1292.105842
1292.105842
1292.105842
1292.105842
1292.105842
1292.105842
1292.105842
1292.105842
1292.105842
1292.105842
1292.105842
1292.105842
1292.105842
1292.105842
1292.105842
1292.105842
1292.105842
1292.105842
1292.105842
1292.105842
1292.105842
1292.105842
1292.105842
1292.105842
1292.105842
1292.105842
1292.105842
1292.105842
1292.105842
1292.105842
1292.105842
1292.105842
1291.851628
1291.851628
1291.851628
1291.851628
1291.851628
1291.851628
1291.851628
1291.851628
1291.851628
1291.851628
1291.851628
1291.851628
1291.778795
1291.778795
1291.778795
1291.778795
1291.778795
1291.778795
1291.778795
1291.778795
1291.778795
1291.778795
1291.778795
1291.778795
1291.778795
1291.778795
1291.778795
1291.778795
1291.778795
1291.778795
1291.778795
1291.778795
1291.778795
1291.778795
1291.778795
1291.778795
1291.778795
1291.778795
1291.778795
1291.778795
1291.778795
1291.778795
1291.778795
1291.778795
1291.778795
1291.778795
1291.778795
1291.778795
1291.778795
1291.778795
1291.778795
1291.778795
1291.778795
1291.778795
1291.778795
1291.778795
1291.778795
1291.778795
1291.778795
1291.778795
1291.778795
1291.778795
1291.778795
1291.778795
1291.778795
1291.778795
1291.778795
1291.778795
1291.778795
1291.778795
1291.778795
1291.778795
1291.778795
1291.778795
1291.778795
1291.778795
1291.778795
1291.778795
1291.778795
1291.778795
1291.778795
1291.778795
1291.778795
1291.778795
1291.778795
1291.778795
1291.778795
1291.778795
1291.778795
1291.778795
1291.778795
1291.778795
1291.778795
1291.778795
1291.778795
1291.778795
1291.778795
1291.778795
1291.778795
1291.778795
1291.738488
1291.738488
1291.738488
1291.738488
1291.738488
1291.738488
1291.738488
1291.738488
1291.738488
1291.738488
1291.738488
1291.738488
1291.738488
1291.738488
1291.738488
1291.564913
1291.564913
1291.564913
1291.564913
1291.564913
1291.564913
1291.564913
1291.564913
1291.564913
1291.564913
1291.564913
1291.564913
1291.564913
1291.564913
1291.564913
1291.564913
1291.489500
1291.489500
1291.489500
1291.489500
1291.489500
1291.489500
1291.489500
1291.489500
1291.489500
1291.489500
1291.489500
1291.489500
1291.489500
1291.489500
1291.489500
1291.489500
1291.489500
1291.489500
1291.489500
1291.489500
1291.489500
1291.489500
1291.489500
1291.489500
1291.489500
1291.489500
1291.489500
1291.489500
1291.489500
1291.489500
1291.489500
1291.330984
1291.330984
1291.330984
1291.330984
1291.330984
1291.330984
1291.330984
1291.330984
1291.330984
1291.330984
1291.330984
1291.330984
1291.330984
1291.330984
1291.330984
1291.330984
1291.330984
1291.330984
1291.330984
1291.330984
1291.330984
1291.330984
1291.330984
1291.330984
1291.330984
1291.330984
1291.330984
1291.330984
1291.330984
1291.330984
1291.330984
1291.330984
1291.330984
1291.330984
1291.330984
1291.330984
1291.330984
1291.330984
1291.330984
1291.330984
1291.330984
1291.330984
1291.330984
1291.304957
1291.304957
1291.304957
1291.304957
1291.304957
1291.304957
1291.304957
1291.304957
1291.304957
1291.304957
1291.304957
1291.304957
1291.304957
1291.304957
1291.304957
1291.304957
1291.304957
1291.304957
1291.304957
1291.304957
1291.304957
1291.304957
1291.304957
1291.304957
1291.304957
1291.304957
1291.221606
1291.221606
1291.221606
1291.221606
1291.221606
1291.221606
1291.221606
1291.221606
1291.221606
1291.221606
1291.221606
1291.171675
1291.171675
1291.171675
1291.171675
1291.171675
1291.171675
1291.171675
1291.171675
1291.171675
1291.171675
1291.171675
1291.171675
1291.171675
1291.171675
1291.171675
1291.171675
1291.171675
1291.171675
1291.171675
1291.171675
1291.171675
1291.171675
1291.171675
1291.171675
1291.171675
1291.171675
1291.171675
1291.171675
1291.171675
1291.171675
1291.171675
1291.171675
1291.171675
1291.171675
1291.171675
1291.171675
1291.171675
1291.082785
1291.082785
1291.082785
1291.082785
1291.082785
1291.082785
1291.082785
1291.082785
1291.082785
1291.082785
1291.082785
1291.082785
1291.082785
1291.082785
1291.082785
1291.082785
1291.082785
1291.082785
1291.082785
1291.082785
1291.082785
1291.082785
1291.082785
1291.082785
1291.082785
1291.082785
1291.082785
1291.082785
1291.082785
1291.082785
1291.082785
1291.082785
1291.082785
1291.082785
1291.082785
1291.082785
1291.082785
1291.082785
1291.082785
1291.082785
1291.082785
1290.932583
1290.932583
1290.932583
1290.932583
1290.932583
1290.932583
1290.932583
1290.932583
1290.932583
1290.932583
1290.932583
1290.932583
1290.932583
1290.932583
1290.932583
1290.932583
1290.932583
1290.932583
1290.932583
1290.932583
1290.932583
1290.932583
1290.932583
1290.932583
1290.932583
1290.932583
1290.932583
1290.932583
1290.932583
1290.932583
1290.932583
1290.932583
1290.932583
1290.932583
1290.932583
1290.932583
1290.932583
1290.932583
1290.932583
1290.932583
1290.932583
1290.932583
1290.932583
1290.932583
1290.932583
1290.932583
1290.932583
1290.932583
1290.932583
1290.932583
1290.932583
1290.932583
1290.932583
1290.932583
1290.932583
1290.932583
1290.932583
1290.932583
1290.932583
1290.932583
1290.932583
1290.932583
1290.932583
1290.932583
1290.932583
1290.932583
1290.932583
1290.932583
1290.932583
1290.932583
1290.932583
1290.932583
1290.932583
1290.932583
1290.932583
1290.932583
1290.932583
1290.932583
1290.932583
1290.932583
1290.932583
1290.932583
1290.932583
1290.932583
1290.932583
1290.932583
1290.932583
1290.932583
1290.932583
1290.932583
1290.932583
1290.932583
1290.932583
1290.932583
1290.932583
1290.932583
1290.932583
1290.932583
1290.932583
1290.932583
1290.932583
1290.932583
1290.932583
1290.932583
1290.932583
1290.932583
1290.932583
1290.932583
1290.932583
1290.932583
1290.932583
1290.932583
1290.932583
1290.932583
1290.932583
1290.932583
1290.932583
1290.932583
1290.932583
1290.932583
1290.898138
1290.898138
1290.898138
1290.898138
1290.898138
1290.898138
1290.898138
1290.898138
1290.846055
1290.846055
1290.846055
1290.846055
1290.846055
1290.846055
1290.846055
1290.846055
1290.846055
1290.846055
1290.846055
1290.846055
1290.846055
1290.846055
1290.846055
1290.846055
1290.846055
1290.846055
1290.846055
1290.846055
1290.846055
1290.846055
1290.846055
1290.846055
1290.846055
1290.846055
1290.716333
1290.716333
1290.716333
1290.716333
1290.716333
1290.716333
1290.716333
1290.716333
1290.716333
1290.716333
1290.716333
1290.716333
1290.716333
1290.716333
1290.716333
1290.716333
1290.716333
1290.716333
1290.716333
1290.716333
1290.716333
1290.716333
1290.716333
1290.716333
1290.716333
1290.716333
1290.716333
1290.716333
1290.716333
1290.716333
1290.716333
1290.716333
1290.716333
1290.716333
1290.716333
1290.716333
1290.716333
1290.716333
1290.716333
1290.716333
1290.716333
1290.716333
1290.716333
1290.716333
1290.661975
1290.661975
1290.661975
1290.661975
1290.661975
1290.661975
1290.661975
1290.661975
1290.661975
1290.661975
1290.661975
1290.661975
1290.661975
1290.661975
1290.661975
1290.661975
1290.661975
1290.661975
1290.661975
1290.661975
1290.661975
1290.661975
1290.661975
1290.661975
1290.661975
1290.661975
1290.661975
1290.661975
1290.661975
1290.661975
1290.661975
1290.661975
1290.661975
1290.661975
1290.661975
1290.661975
1290.661975
1290.661975
1290.661975
1290.661975
1290.661975
1290.661975
1290.661975
1290.661975
1290.661975
1290.661975
1290.661975
1290.661975
1290.661975
1290.661975
1290.661975
1290.661975
1290.661975
1290.661975
1290.661975
1290.661975
1290.614519
1290.614519
1290.614519
1290.614519
1290.614519
1290.614519
1290.614519
1290.614519
1290.614519
1290.614519
1290.614519
1290.614519
1290.614519
1290.614519
1290.614519
1290.614519
1290.614519
1290.614519
1290.614519
1290.614519
1290.614519
1290.614519
1290.614519
1290.614519
1290.614519
1290.614519
1290.614519
1290.614519
1290.614519
1290.614519
1290.614519
1290.614519
1290.614519
1290.614519
1290.614519
1290.614519
1290.614519
1290.614519
1290.614519
1290.614519
1290.614519
1290.614519
1290.614519
1290.614519
1290.614519
1290.614519
1290.614519
1290.614519
1290.614519
1290.614519
1290.524339
1290.524339
1290.524339
1290.524339
1290.524339
1290.524339
1290.524339
1290.524339
1290.524339
1290.524339
1290.524339
1290.524339
1290.524339
1290.524339
1290.524339
1290.524339
1290.524339
1290.524339
1290.524339
1290.524339
1290.524339
1290.524339
1290.524339
1290.524339
1290.524339
1290.524339
1290.524339
1290.524339
1290.524339
1290.524339
1290.524339
1290.524339
1290.524339
1290.524339
1290.524339
1290.524339
1290.524339
1290.524339
1290.524339
1290.524339
1290.524339
1290.524339
1290.524339
1290.524339
1290.524339
1290.524339
1290.524339
1290.524339
1290.524339
1290.524339
1290.524339
1290.524339
1290.456267
1290.456267
1290.456267
1290.456267
1290.456267
1290.456267
1290.456267
1290.456267
1290.456267
1290.456267
1290.456267
1290.456267
1290.456267
1290.456267
1290.456267
1290.456267
1290.456267
1290.456267
1290.456267
1290.456267
1290.456267
1290.456267
1290.456267
1290.456267
1290.456267
1290.456267
1290.456267
1290.456267
1290.456267
1290.456267
1290.456267
1290.456267
1290.456267
1290.456267
1290.456267
1290.456267
1290.456267
1290.456267
1290.388612
1290.388612
1290.388612
1290.388612
1290.388612
1290.388612
1290.388612
1290.388612
1290.388612
1290.388612
1290.388612
1290.388612
1290.388612
1290.388612
1290.388612
1290.388612
1290.388612
1290.352147
1290.352147
1290.352147
1290.352147
1290.352147
1290.352147
1290.352147
1290.352147
1290.352147
1290.352147
1290.352147
1290.352147
1290.352147
1290.352147
1290.352147
1290.352147
1290.352147
1290.352147
1290.352147
1290.352147
1290.352147
1290.352147
1290.352147
1290.352147
1290.352147
1290.352147
1290.352147
1290.352147
1290.352147
1290.352147
1290.352147
1290.352147
1290.352147
1290.352147
1290.352147
1290.352147
1290.352147
1290.352147
1290.352147
1290.352147
1290.352147
1290.352147
1290.352147
1290.352147
1290.352147
1290.352147
1290.352147
1290.352147
1290.352147
1290.352147
1290.352147
1290.352147
1290.352147
1290.352147
1290.352147
1290.352147
1290.352147
1290.352147
1290.352147
1290.352147
1290.352147
1290.352147
1290.352147
1290.352147
1290.352147
1290.352147
1290.352147
1290.352147
1290.352147
1290.352147
1290.352147
1290.352147
1290.352147
1290.352147
1290.352147
1290.352147
1290.352147
1290.352147
1290.352147
1290.352147
1290.352147
1290.352147
1290.352147
1290.352147
1290.352147
1290.352147
1290.352147
1290.352147
1290.352147
1290.270659
1290.270659
1290.270659
1290.270659
1290.270659
1290.270659
1290.270659
1290.270659
1290.270659
1290.270659
1290.131906
1290.131906
1290.131906
1290.131906
1290.131906
1290.131906
1290.131906
1290.131906
1290.131906
1290.131906
1290.131906
1290.131906
1290.131906
1290.131906
1290.131906
1290.131906
1290.131906
1290.131906
1290.131906
1290.131906
1290.131906
1290.131906
1290.131906
1290.131906
1290.131906
1290.131906
1290.131906
1290.131906
1290.131906
1290.131906
1290.131906
1290.131906
1290.131906
1290.131906
1290.131906
1290.131906
1290.131906
1290.131906
1290.131906
1289.881247
1289.881247
1289.881247
1289.881247
1289.881247
1289.881247
1289.881247
1289.881247
1289.881247
1289.881247
1289.881247
1289.881247
1289.881247
1289.881247
1289.881247
1289.881247
1289.881247
1289.881247
1289.881247
1289.881247
1289.881247
1289.881247
1289.881247
1289.881247
1289.881247
1289.881247
1289.881247
1289.881247
1289.881247
1289.881247
1289.881247
1289.881247
1289.881247
1289.881247
1289.881247
1289.881247
1289.881247
1289.881247
1289.881247
1289.881247
1289.881247
1289.881247
1289.881247
1289.881247
1289.881247
1289.881247
1289.881247
1289.881247
1289.881247
1289.881247
1289.881247
1289.881247
1289.881247
1289.881247
1289.881247
1289.881247
1289.881247
1289.881247
1289.881247
1289.881247
1289.881247
1289.881247
1289.881247
1289.881247
1289.881247
1289.881247
1289.881247
1289.881247
1289.881247
1289.881247
1289.881247
1289.881247
1289.881247
1289.881247
1289.881247
1289.881247
1289.881247
1289.881247
1289.881247
1289.881247
1289.881247
1289.881247
1289.881247
1289.881247
1289.881247
1289.881247
1289.881247
1289.881247
1289.881247
1289.881247
1289.881247
1289.881247
1289.881247
1289.881247
1289.881247
1289.881247
1289.881247
1289.881247
1289.881247
1289.881247
1289.881247
1289.868153
1289.868153
1289.742886
1289.742886
1289.742886
1289.742886
1289.742886
1289.742886
1289.742886
1289.742886
1289.742886
1289.742886
1289.742886
1289.742886
1289.742886
1289.742886
1289.742886
1289.742886
1289.742886
1289.742886
1289.742886
1289.742886
1289.742886
1289.742886
1289.742886
1289.742886
1289.742886
1289.742886
1289.742886
1289.742886
1289.742886
1289.742886
1289.742886
1289.742886
1289.742886
1289.742886
1289.742886
1289.742886
1289.742886
1289.742886
1289.742886
1289.742886
1289.742886
1289.742886
1289.742886
1289.742886
1289.742886
1289.742886
1289.740743
1289.740743
1289.740743
1289.668595
1289.639673
1289.639673
1289.639673
1289.639673
1289.639673
1289.639673
1289.639673
1289.639673
1289.639673
1289.639673
1289.639673
1289.639673
1289.639673
1289.639673
1289.218932
1289.218932
1289.218932
1289.218932
1289.218932
1289.218932
1289.218932
1289.218932
1289.218932
1289.218932
1289.218932
1289.218932
1289.218932
1289.218932
1289.218932
1289.218932
1289.218932
1289.218932
1289.218932
1289.218932
1289.218932
1289.218932
1289.218932
1289.218932
1289.218932
1289.218932
1289.218932
1289.218932
1289.218932
1289.218932
1289.218932
1289.218932
1289.218932
1289.218932
1289.218932
1289.218932
1289.218932
1289.218932
1289.218932
1289.218932
1289.218932
1289.218932
1289.218932
1289.218932
1289.218932
1289.218932
1289.218932
1289.218932
1289.218932
1289.218932
1289.218932
1289.218932
1289.218932
1289.218932
1289.218932
1289.218932
1289.218932
1289.218932
1289.218932
1289.218932
1289.218932
1289.218932
1289.218932
1289.218932
1289.218932
1289.218932
1289.218932
1289.218932
1289.218932
1289.218932
1289.218932
1289.218932
1289.218932
1289.218932
1289.218932
1289.218932
1289.218932
1289.218932
1289.218932
1289.218932
1289.218932
1289.218932
1289.218932
1289.218932
1289.218932
1289.218932
1289.218932
1289.218932
1289.218932
1289.218932
1289.218932
1289.218932
1289.218932
1289.218932
1289.218932
1289.218932
1289.218932
1289.218932
1289.218932
1289.218932
1289.218932
1289.218932
1289.218932
1289.218932
1289.218932
1289.218932
1289.218932
1289.218932
1289.218932
1289.218932
1289.218932
1289.218932
1289.218932
1289.218932
1289.218932
1289.218932
1289.218932
1289.218932
1289.218932
1289.218932
1289.218932
1289.218932
1289.218932
1289.218932
1289.218932
1289.218932
1289.218932
1289.218932
1289.218932
1289.218932
1289.218932
1289.218932
1289.218932
1289.218932
1289.218932
1289.218932
1289.218932
1289.218932
1289.218932
1289.035343
1289.035343
1289.035343
1289.035343
1289.035343
1289.035343
1289.035343
1289.035343
1289.035343
1289.035343
1289.035343
1289.035343
1289.035343
1289.035343
1289.035343
1289.035343
1289.035343
1289.035343
1289.035343
1289.035343
1289.035343
1289.035343
1289.035343
1289.035343
1289.035343
1289.035343
1289.035343
1289.035343
1289.035343
1289.035343
1289.035343
1289.035343
1289.035343
1289.035343
1289.035343
1289.035343
1289.035343
1289.035343
1289.035343
1289.035343
1289.035343
1289.035343
1289.035343
1289.035343
1289.035343
1289.035343
1289.035343
1289.035343
1289.035343
1289.035343
1288.953441
1288.953441
1288.953441
1288.953441
1288.953441
1288.953441
1288.953441
1288.953441
1288.953441
1288.953441
1288.953441
1288.953441
1288.953441
1288.953441
1288.953441
1288.953441
1288.953441
1288.953441
1288.953441
1288.953441
1288.953441
1288.953441
1288.953441
1288.953441
1288.953441
1288.953441
1288.953441
1288.953441
1288.953441
1288.953441
1288.953441
1288.953441
1288.953441
1288.953441
1288.953441
1288.953441
1288.953441
1288.953441
1288.953441
1288.953441
1288.953441
1288.953441
1288.839520
1288.839520
1288.839520
1288.839520
1288.839520
1288.839520
1288.839520
1288.839520
1288.839520
1288.839520
1288.839520
1288.839520
1288.839520
1288.839520
1288.839520
1288.839520
1288.839520
1288.839520
1288.839520
1288.839520
1288.839520
1288.839520
1288.839520
1288.839520
1288.839520
1288.839520
1288.839520
1288.839520
1288.839520
1288.839520
1288.839520
1288.839520
1288.839520
1288.839520
1288.839520
1288.839520
1288.839520
1288.839520
1288.839520
1288.839520
1288.839520
1288.839520
1288.839520
1288.839520
1288.839520
1288.839520
1288.839520
1288.839520
1288.839520
1288.839520
1288.839520
1288.839520
1288.839520
1288.839520
1288.809499
1288.809499
1288.809499
1288.809499
1288.809499
1288.809499
1288.809499
1288.809499
1288.809499
1288.809499
1288.809499
1288.809499
1288.809499
1288.809499
1288.809499
1288.809499
1288.809499
1288.809499
1288.680787
1288.680787
1288.680787
1288.680787
1288.680787
1288.680787
1288.680787
1288.680787
1288.680787
1288.680787
1288.680787
1288.680787
1288.680787
1288.680787
1288.680787
1288.680787
1288.680787
1288.680787
1288.680787
1288.680787
1288.680787
1288.680787
1288.680787
1288.661118
1288.661118
1288.661118
1288.661118
1288.661118
1288.661118
1288.661118
1288.661118
1288.661118
1288.638063
1288.338442
1288.338442
1288.338442
1288.338442
1288.338442
1288.338442
1288.338442
1288.338442
1288.338442
1288.338442
1288.338442
1288.338442
1288.338442
1288.338442
1288.338442
1288.338442
1288.338442
1288.338442
1288.338442
1288.338442
1288.338442
1288.338442
1288.338442
1288.338442
1288.338442
1288.338442
1288.338442
1288.338442
1288.338442
1288.338442
1288.338442
1288.338442
1288.338442
1288.338442
1288.338442
1288.338442
1288.338442
1288.338442
1288.338442
1288.338442
1288.338442
1288.338442
1288.338442
1288.338442
1288.338442
1288.338442
1288.338442
1288.338442
1288.338442
1288.338442
1288.338442
1288.338442
1288.338442
1288.338442
1288.338442
1288.338442
1288.338442
1288.338442
1288.338442
1288.338442
1288.338442
1288.338442
1288.338442
1288.338442
1288.338442
1288.338442
1288.338442
1288.338442
1288.338442
1288.338442
1288.338442
1288.338442
1288.338442
1288.338442
1288.338442
1288.338442
1288.338442
1288.338442
1288.338442
1288.338442
1288.338442
1288.338442
1288.338442
1288.338442
1288.338442
1288.338442
1288.338442
1288.338442
1288.338442
1288.338442
1288.338442
1288.338442
1288.338442
1288.338442
1288.338442
1288.338442
1288.338442
1288.338442
1288.338442
1288.338442
1288.338442
1288.338442
1288.338442
1288.338442
1288.338442
1288.338442
1288.338442
1288.338442
1288.338442
1288.338442
1288.338442
1288.338442
1288.338442
1288.338442
1288.338442
1288.338442
1288.338442
1288.338442
1288.317940
1288.317940
1288.317940
1288.317940
1288.317940
1288.317940
1288.317940
1288.317940
1288.317940
1288.317940
1288.317940
1288.317940
1288.141081
1288.141081
1288.141081
1288.141081
1288.141081
1288.141081
1288.141081
1288.141081
1288.141081
1288.141081
1288.141081
1288.141081
1288.141081
1288.141081
1288.141081
1288.141081
1288.141081
1288.141081
1288.141081
1288.141081
1288.141081
1288.141081
1288.141081
1288.141081
1288.141081
1288.141081
1288.141081
1288.141081
1288.141081
1288.141081
1288.141081
1288.141081
1288.141081
1288.141081
1288.141081
1288.141081
1288.141081
1288.141081
1288.141081
1288.141081
1288.141081
1288.141081
1288.141081
1288.141081
1288.141081
1288.141081
1288.141081
1288.141081
1288.141081
1288.141081
1288.141081
1288.141081
1288.141081
1288.141081
1288.141081
1288.141081
1288.141081
1288.141081
1288.141081
1288.141081
1288.141081
1288.141081
1288.141081
1288.141081
1288.141081
1288.141081
1288.141081
1288.141081
1288.141081
1288.141081
1288.141081
1288.141081
1288.141081
1288.141081
1288.141081
1288.141081
1288.141081
1288.141081
1288.141081
1288.141081
1288.141081
1288.141081
1288.141081
1288.141081
1288.141081
1288.141081
1288.141081
1288.141081
1288.141081
1288.141081
1288.141081
1288.141081
1288.141081
1288.141081
1288.141081
1288.141081
1288.141081
1288.141081
1288.141081
1288.141081
1288.141081
1288.141081
1288.141081
1288.141081
1288.141081
1288.141081
1288.141081
1287.814532
1287.814532
1287.814532
1287.814532
1287.814532
1287.814532
1287.814532
1287.814532
1287.814532
1287.814532
1287.814532
1287.814532
1287.814532
1287.814532
1287.814532
1287.814532
1287.814532
1287.814532
1287.814532
1287.814532
1287.814532
1287.814532
1287.814532
1287.814532
1287.814532
1287.814532
1287.814532
1287.814532
1287.814532
1287.814532
1287.814532
1287.814532
1287.814532
1287.814532
1287.814532
1287.814532
1287.814532
1287.814532
1287.814532
1287.814532
1287.814532
1287.814532
1287.814532
1287.814532
1287.814532
1287.814532
1287.814532
1287.814532
1287.814532
1287.814532
1287.814532
1287.814532
1287.814532
1287.814532
1287.814532
1287.814532
1287.814532
1287.814532
1287.814532
1287.814532
1287.814532
1287.814532
1287.814532
1287.814532
1287.814532
1287.814532
1287.814532
1287.707876
1287.707876
1287.707876
1287.707876
1287.707876
1287.707876
1287.707876
1287.707876
1287.707876
1287.707876
1287.707876
1287.707876
1287.707876
1287.707876
1287.707876
1287.707876
1287.707876
1287.707876
1287.707876
1287.707876
1287.707876
1287.707876
1287.707876
1287.707876
1287.707876
1287.707876
1287.707876
1287.707876
1287.707876
1287.707876
1287.707876
1287.707876
1287.707876
1287.707876
1287.707876
1287.707876
1287.707876
1287.707876
1287.707876
1287.707876
1287.707876
1287.707876
1287.707876
1287.707876
1287.707876
1287.707876
1287.707876
1287.707876
1287.707876
1287.707876
1287.707876
1287.707876
1287.707876
1287.707876
1287.707876
1287.707876
1287.707876
1287.707876
1287.707876
1287.707876
1287.707876
1287.707876
1287.707876
1287.707876
1287.707876
1287.707876
1287.707876
1287.707876
1287.707876
1287.707876
1287.707876
1287.707876
1287.707876
1287.707876
1287.707876
1287.707876
1287.707876
1287.707876
1287.707876
1287.707876
1287.707876
1287.707876
1287.707876
1287.707876
1287.707876
1287.707876
1287.707876
1287.707876
1287.707876
1287.707876
1287.707876
1287.707876
1287.707876
1287.707876
1287.707876
1287.707876
1287.707876
1287.707876
1287.707876
1287.707876
1287.707876
1287.707876
1287.707876
1287.707876
1287.707876
1287.707876
1287.707876
1287.707876
1287.707876
1287.707876
1287.707876
1287.707876
1287.707876
1287.707876
1287.707876
1287.707876
1287.707876
1287.707876
1287.707876
1287.707876
1287.707876
1287.707876
1287.707876
1287.707876
1287.707876
1287.707876
1287.707876
1287.707876
1287.707876
1287.707876
1287.707876
1287.707876
1287.707876
1287.707876
1287.707876
1287.707876
1287.707876
1287.707876
1287.707876
1287.707876
1287.707876
1287.707876
1287.707876
1287.707876
1287.707876
1287.707876
1287.707876
1287.707876
1287.707876
1287.707876
1287.707876
1287.707876
1287.707876
1287.707876
1287.707876
1287.707876
1287.707876
1287.681799
1287.681799
1287.681799
1287.681799
1287.681799
1287.681799
1287.681799
1287.681799
1287.681799
1287.681799
1287.681799
1287.681799
1287.681799
1287.681799
1287.681799
1287.681799
1287.681799
1287.681799
1287.681799
1287.681799
1287.681799
1287.681799
1287.681799
1287.681799
1287.681799
1287.681799
1287.681799
1287.681799
1287.681799
1287.681799
1287.681799
1287.681799
1287.681799
1287.681799
1287.681799
1287.681799
1287.681799
1287.681799
1287.681799
1287.681799
1287.681799
1287.681799
1287.681799
1287.681799
1287.681799
1287.681799
1287.681799
1287.681799
1287.681799
1287.681799
1287.681799
1287.681799
1287.681799
1287.681799
1287.681799
1287.681799
1287.681799
1287.681799
1287.681799
1287.681799
1287.681799
1287.681799
1287.681799
1287.681799
1287.681799
1287.681799
1287.681799
1287.681799
1287.681799
1287.681799
1287.681799
1287.681799
1287.681799
1287.681799
1287.681799
1287.681799
1287.681799
1287.681799
1287.681799
1287.681799
1287.681799
1287.681799
1287.681799
1287.681799
1287.681799
1287.681799
1287.681799
1287.681799
1287.681799
1287.681799
1287.681799
1287.681799
1287.681799
1287.681799
1287.512044
1287.512044
1287.512044
1287.512044
1287.512044
1287.512044
1287.512044
1287.512044
1287.512044
1287.512044
1287.512044
1287.512044
1287.512044
1287.512044
1287.512044
1287.512044
1287.512044
1287.512044
1287.512044
1287.512044
1287.512044
1287.512044
1287.512044
1287.512044
1287.512044
1287.512044
1287.512044
1287.512044
1287.512044
1287.483640
1287.483640
1287.483640
1287.483640
1287.483640
1287.483640
1287.483640
1287.483640
1287.483640
1287.483640
1287.483640
1287.483640
1287.483640
1287.483640
1287.483640
1287.483640
1287.483640
1287.483640
1287.483640
1287.483640
1287.483640
1287.483640
1287.483640
1287.483640
1287.483640
1287.483640
1287.483640
1287.483640
1287.483640
1287.483640
1287.483640
1287.483640
1287.483640
1287.483640
1287.483640
1287.483640
1287.483640
1287.414600
1287.414600
1287.414600
1287.414600
1287.414600
1287.414600
1287.414600
1287.414600
1287.414600
1287.414600
1287.414600
1287.414600
1287.414600
1287.414600
1287.414600
1287.414600
1287.414600
1287.414600
1287.414600
1287.414600
1287.414600
1287.414600
1287.414600
1287.414600
1287.414600
1287.414600
1287.414600
1287.414600
1287.414600
1287.414600
1287.414600
1287.414600
1287.414600
1287.091014
1287.091014
1287.091014
1287.091014
1287.091014
1287.091014
1287.091014
1287.091014
1287.091014
1287.091014
1287.091014
1287.091014
1287.091014
1287.091014
1287.091014
1287.091014
1287.091014
1287.091014
1287.091014
1287.091014
1287.091014
1287.091014
1287.091014
1287.091014
1287.091014
1287.091014
1287.091014
1287.091014
1287.091014
1287.091014
1287.091014
1287.091014
1287.091014
1287.091014
1287.091014
1287.091014
1287.091014
1287.091014
1287.091014
1287.091014
1287.091014
1287.091014
1287.091014
1287.091014
1287.091014
1287.091014
1287.091014
1287.091014
1287.091014
1287.091014
1287.091014
1287.091014
1287.091014
1287.091014
1287.091014
1287.091014
1287.091014
1287.091014
1287.091014
1287.091014
1287.091014
1287.091014
1287.091014
1287.091014
1287.091014
1287.091014
1287.091014
1287.091014
1287.091014
1287.091014
1287.091014
1287.091014
1287.091014
1287.091014
1287.091014
1287.091014
1287.091014
1287.091014
1287.091014
1287.091014
1287.091014
1287.091014
1287.091014
1287.091014
1287.091014
1287.091014
1287.091014
1287.091014
1287.091014
1287.091014
1287.091014
1287.091014
1287.091014
1287.091014
1287.091014
1287.091014
1287.091014
1287.091014
1287.091014
1287.091014
1287.091014
1287.091014
1287.091014
1287.091014
1287.091014
1287.091014
1287.091014
1287.091014
1287.091014
1287.091014
1287.091014
1287.091014
1287.091014
1287.091014
1287.091014
1287.091014
1287.091014
1287.091014
1287.091014
1287.091014
1287.091014
1287.091014
1287.091014
1287.091014
1287.091014
1287.091014
1287.091014
1287.091014
1287.091014
1287.091014
1287.091014
1287.091014
1287.091014
1287.091014
1287.091014
1287.091014
1287.091014
1287.091014
1287.091014
1287.091014
1287.091014
1287.091014
1287.091014
1287.091014
1287.091014
1287.091014
1287.091014
1287.091014
1287.091014
1287.091014
1287.091014
1287.091014
1287.091014
1287.091014
1287.091014
1287.091014
1287.091014
1287.091014
1287.091014
1287.091014
1287.091014
1287.091014
1287.091014
1287.091014
1287.091014
1287.091014
1287.091014
1287.091014
1287.091014
1287.091014
1287.091014
1287.091014
1287.091014
1287.091014
1287.091014
1287.091014
1287.091014
1287.091014
1287.091014
1287.091014
1287.091014
1287.091014
1287.091014
1287.091014
1287.091014
1287.091014
1287.091014
1287.091014
1287.091014
1287.091014
1287.091014
1287.091014
1287.091014
1287.091014
1287.091014
1287.091014
1287.091014
1287.091014
1287.091014
1287.091014
1287.091014
1287.091014
1287.091014
1287.091014
1287.091014
1287.091014
1287.091014
1287.091014
1287.091014
1287.091014
1287.091014
1287.091014
1287.091014
1287.091014
1287.091014
1287.091014
1287.091014
1287.091014
1287.091014
1287.091014
1287.091014
1287.091014
1287.091014
1287.091014
1287.091014
1287.091014
1287.091014
1287.091014
1287.091014
1287.091014
1287.091014
1287.091014
1287.091014
1287.091014
1287.091014
1287.091014
1287.091014
1287.091014
1287.091014
1287.091014
1286.975691
1286.975691
1286.975691
1286.975691
1286.975691
1286.975691
1286.975691
1286.975691
1286.975691
1286.975691
1286.975691
1286.975691
1286.975691
1286.975691
1286.975691
1286.975691
1286.975691
1286.975691
1286.975691
1286.975691
1286.975691
1286.975691
1286.975691
1286.975691
1286.975691
1286.975691
1286.975691
1286.975691
1286.975691
1286.975691
1286.975691
1286.975691
1286.975691
1286.975691
1286.975691
1286.975691
1286.975691
1286.975691
1286.975691
1286.975691
1286.975691
1286.975691
1286.975691
1286.975691
1286.975691
1286.975691
1286.975691
1286.975691
1286.975691
1286.975691
1286.975691
1286.975691
1286.975691
1286.975691
1286.975691
1286.975691
1286.975691
1286.975691
1286.975691
1286.975691
1286.975691
1286.975691
1286.975691
1286.975691
1286.975691
1286.975691
1286.975691
1286.975691
1286.975691
1286.975691
1286.975691
1286.975691
1286.975691
1286.975691
1286.975691
1286.975691
1286.975691
1286.975691
1286.975691
1286.975691
1286.975691
1286.975691
1286.975691
1286.975691
1286.975691
1286.975691
1286.975691
1286.975691
1286.975691
1286.975691
1286.975691
1286.949194
1286.949194
1286.949194
1286.949194
1286.949194
1286.949194
1286.949194
1286.949194
1286.949194
1286.949194
1286.949194
1286.949194
1286.949194
1286.949194
1286.853591
1286.853591
1286.853591
1286.853591
1286.853591
1286.853591
1286.853591
1286.853591
1286.853591
1286.853591
1286.853591
1286.853591
1286.853591
1286.853591
1286.853591
1286.853591
1286.853591
1286.853591
1286.853591
1286.853591
1286.853591
1286.853591
1286.853591
1286.853591
1286.853591
1286.853591
1286.853591
1286.853591
1286.853591
1286.853591
1286.853591
1286.853591
1286.853591
1286.853591
1286.853591
1286.853591
1286.853591
1286.853591
1286.853591
1286.853591
1286.853591
1286.853591
1286.853591
1286.853591
1286.853591
1286.583802
1286.583802
1286.583802
1286.583802
1286.583802
1286.583802
1286.583802
1286.583802
1286.583802
1286.583802
1286.583802
1286.583802
1286.583802
1286.583802
1286.583802
1286.583802
1286.583802
1286.583802
1286.583802
1286.583802
1286.583802
1286.583802
1286.583802
1286.583802
1286.583802
1286.583802
1286.583802
1286.583802
1286.583802
1286.583802
1286.583802
1286.583802
1286.583802
1286.583802
1286.583802
1286.583802
1286.583802
1286.583802
1286.583802
1286.583802
1286.583802
1286.583802
1286.583802
1286.583802
1286.583802
1286.583802
1286.583802
1286.583802
1286.583802
1286.583802
1286.583802
1286.583802
1286.583802
1286.583802
1286.583802
1286.583802
1286.583802
1286.583802
1286.583802
1286.583802
1286.583802
1286.583802
1286.583802
1286.583802
1286.583802
1286.583802
1286.583802
1286.583802
1286.583802
1286.583802
1286.583802
1286.583802
1286.583802
1286.583802
1286.583802
1286.583802
1286.583802
1286.583802
1286.583802
1286.583802
1286.583802
1286.583802
1286.583802
1286.583802
1286.583802
1286.583802
1286.583802
1286.583802
1286.583802
1286.583802
1286.583802
1286.583802
1286.583802
1286.583802
1286.583802
1286.583802
1286.583802
1286.583802
1286.583802
1286.583802
1286.583802
1286.583802
1286.583802
1286.583802
1286.583802
1286.583802
1286.583802
1286.583802
1286.583802
1286.583802
1286.583802
1286.583802
1286.583802
1286.583802
1286.583802
1286.583802
1286.583802
1286.583802
1286.583802
1286.583802
1286.583802
1286.583802
1286.583802
1286.583802
1286.583802
1286.583802
1286.583802
1286.583802
1286.583802
1286.583802
1286.583802
1286.583802
1286.583802
1286.583802
1286.583802
1286.583802
1286.583802
1286.583802
1286.583802
1286.583802
1286.583802
1286.583802
1286.583802
1286.583802
1286.583802
1286.583802
1286.583802
1286.583802
1286.583802
1286.583802
1286.583802
1286.583802
1286.583802
1286.583802
1286.583802
1286.583802
1286.583802
1286.583802
1286.583802
1286.583802
1286.583802
1286.583802
1286.583802
1286.583802
1286.583802
1286.583802
1286.583802
1286.583802
1286.583802
1286.583802
1286.583802
1286.583802
1286.583802
1286.583802
1286.583802
1286.583802
1286.583802
1286.583802
1286.583802
1286.583802
1286.583802
1286.583802
1286.583802
1286.568920
1286.568920
1286.568920
1286.568920
1286.568920
1286.568920
1286.568920
1286.568920
1286.568920
1286.568920
1286.505360
1286.505360
1286.505360
1286.505360
1286.505360
1286.505360
1286.505360
1286.505360
1286.505360
1286.505360
1286.505360
1286.505360
1286.505360
1286.505360
1286.505360
1286.505360
1286.505360
1286.505360
1286.505360
1286.505360
1286.423517
1286.423517
1286.423517
1286.423517
1286.423517
1286.423517
1286.423517
1286.361942
1286.361942
1286.361942
1286.361942
1286.361942
1286.361942
1286.361942
1286.361942
1286.361942
1286.361942
1286.361942
1286.361942
1286.361942
1286.361942
1286.361942
1286.361942
1286.361942
1286.361942
1286.361942
1286.361942
1286.361942
1286.361942
1286.361942
1286.361942
1286.361942
1286.361942
1286.361942
1286.361942
1286.361942
1286.361942
1286.361942
1286.361942
1286.361942
1286.361942
1286.361942
1286.361942
1286.361942
1286.361942
1286.361942
1286.361942
1286.361942
1286.361942
1286.361942
1286.361942
1286.224852
1286.224852
1286.224852
1286.224852
1286.224852
1286.224852
1286.193466
1286.193466
1286.193466
1286.193466
1286.193466
1286.193466
1286.193466
1286.193466
1286.193466
1286.193466
1286.193466
1286.193466
1286.193466
1286.193466
1286.193466
1286.193466
1286.193466
1286.193466
1286.193466
1286.193466
1286.193466
1286.193466
1286.193466
1286.193466
1286.193466
1286.193466
1286.193466
1286.193466
1286.193466
1286.193466
1286.193466
1286.193466
1286.193466
1286.193466
1286.193466
1286.193466
1286.193466
1286.193466
1286.193466
1286.193466
1286.193466
1286.193466
1286.193466
1286.193466
1286.193466
1286.193466
1286.193466
1286.193466
1286.193466
1286.193466
1286.193466
1286.193466
1286.137272
1286.137272
1286.137272
1286.137272
1286.137272
1286.137272
1286.137272
1286.137272
1286.137272
1286.137272
1286.137272
1286.066120
1286.066120
1286.066120
1286.066120
1286.066120
1286.066120
1286.066120
1286.066120
1286.066120
1286.066120
1286.066120
1286.066120
1286.066120
1286.066120
1286.036141
1286.036141
1286.036141
1286.036141
1286.036141
1286.036141
1286.036141
1286.036141
1286.024908
1286.024908
1285.999655
1285.905974
1285.905974
1285.905974
1285.905974
1285.905974
1285.905974
1285.905974
1285.905974
1285.905974
1285.905974
1285.905974
1285.905974
1285.905974
1285.905974
1285.905974
1285.905974
1285.905974
1285.905974
1285.905974
1285.905974
1285.905974
1285.905974
1285.905974
1285.905974
1285.905974
1285.905974
1285.905974
1285.905974
1285.905974
1285.905974
1285.905974
1285.905974
1285.905974
1285.905974
1285.905974
1285.905974
1285.905974
1285.905974
1285.905974
1285.905974
1285.905974
1285.905974
1285.905974
1285.905974
1285.905974
1285.905974
1285.905974
1285.905974
1285.905974
1285.905974
1285.905974
1285.905974
1285.905974
1285.905974
1285.905974
1285.905974
1285.905974
1285.905974
1285.905974
1285.905974
1285.905974
1285.905974
1285.905974
1285.905974
1285.905974
1285.905974
1285.905974
1285.905974
1285.905974
1285.905974
1285.905974
1285.905974
1285.905974
1285.905974
1285.905974
1285.905974
1285.905974
1285.905974
1285.905974
1285.905974
1285.905974
1285.905974
1285.905974
1285.905974
1285.905974
1285.905974
1285.905974
1285.905974
1285.905974
1285.785674
1285.785674
1285.785674
1285.785674
1285.785674
1285.785674
1285.785674
1285.785674
1285.785674
1285.785674
1285.785674
1285.785674
1285.785674
1285.785674
1285.785674
1285.785674
1285.785674
1285.785674
1285.785674
1285.785674
1285.785674
1285.785674
1285.785674
1285.785674
1285.785674
1285.785674
1285.785674
1285.785674
1285.785674
1285.785674
1285.785674
1285.785674
1285.785674
1285.785674
1285.785674
1285.785674
1285.785674
1285.785674
1285.785674
1285.785674
1285.785674
1285.785674
1285.785674
1285.785674
1285.785674
1285.785674
1285.785674
1285.785674
1285.785674
1285.785674
1285.785674
1285.663280
1285.663280
1285.663280
1285.663280
1285.663280
1285.663280
1285.663280
1285.663280
1285.663280
1285.663280
1285.663280
1285.663280
1285.663280
1285.663280
1285.663280
1285.663280
1285.663280
1285.663280
1285.663280
1285.663280
1285.663280
1285.663280
1285.663280
1285.663280
1285.663280
1285.663280
1285.663280
1285.663280
1285.663280
1285.663280
1285.663280
1285.663280
1285.663280
1285.663280
1285.663280
1285.663280
1285.663280
1285.663280
1285.663280
1285.663280
1285.663280
1285.663280
1285.663280
1285.663280
1285.663280
1285.663280
1285.663280
1285.663280
1285.663280
1285.663280
1285.663280
1285.663280
1285.663280
1285.663280
1285.663280
1285.663280
1285.663280
1285.663280
1285.663280
1285.663280
1285.663280
1285.663280
1285.663280
1285.663280
1285.663280
1285.663280
1285.663280
1285.663280
1285.663280
1285.663280
1285.663280
1285.663280
1285.663280
1285.663280
1285.663280
1285.663280
1285.663280
1285.663280
1285.663280
1285.663280
1285.663280
1285.663280
1285.663280
1285.663280
1285.663280
1285.663280
1285.663280
1285.663280
1285.663280
1285.663280
1285.663280
1285.663280
1285.663280
1285.663280
1285.663280
1285.663280
1285.663280
1285.663280
1285.663280
1285.663280
1285.663280
1285.484025
1285.484025
1285.484025
1285.484025
1285.484025
1285.484025
1285.484025
1285.484025
1285.484025
1285.484025
1285.484025
1285.484025
1285.484025
1285.484025
1285.484025
1285.484025
1285.484025
1285.484025
1285.484025
1285.484025
1285.484025
1285.484025
1285.484025
1285.484025
1285.484025
1285.484025
1285.484025
1285.484025
1285.484025
1285.484025
1285.484025
1285.484025
1285.484025
1285.484025
1285.484025
1285.484025
1285.484025
1285.484025
1285.484025
1285.484025
1285.484025
1285.484025
1285.484025
1285.484025
1285.484025
1285.484025
1285.484025
1285.484025
1285.484025
1285.484025
1285.484025
1285.484025
1285.484025
1285.484025
1285.484025
1285.484025
1285.484025
1285.484025
1285.484025
1285.484025
1285.484025
1285.484025
1285.484025
1285.484025
1285.484025
1285.484025
1285.484025
1285.484025
1285.484025
1285.484025
1285.484025
1285.484025
1285.484025
1285.484025
1285.484025
1285.484025
1285.484025
1285.484025
1285.484025
1285.484025
1285.484025
1285.484025
1285.484025
1285.484025
1285.433779
1285.433779
1285.433779
1285.433779
1285.433779
1285.433779
1285.433779
1285.433779
1285.433779
1285.433779
1285.433779
1285.433779
1285.433779
1285.433779
1285.433779
1285.433779
1285.433779
1285.433779
1285.433779
1285.433779
1285.433779
1285.423725
1285.423725
1285.423725
1285.423725
1285.423725
1285.423725
1285.423725
1285.423725
1285.423725
1285.423725
1285.423725
1285.423725
1285.423725
1285.423725
1285.423725
1285.423725
1285.423725
1285.423725
1285.423725
1285.423725
1285.423725
1285.423725
1285.423725
1285.423725
1285.423725
1285.423725
1285.423725
1285.423725
1285.423725
1285.423725
1285.423725
1285.423725
1285.423725
1285.423725
1285.423725
1285.423725
1285.423725
1285.423725
1285.423725
1285.423725
1285.423725
1285.423725
1285.423725
1285.423725
1285.423725
1285.386090
1285.386090
1285.386090
1285.386090
1285.386090
1285.386090
1285.386090
1285.386090
1285.386090
1285.386090
1285.386090
1285.386090
1285.386090
1285.386090
1285.386090
1285.386090
1285.386090
1285.386090
1285.386090
1285.386090
1285.386090
1285.386090
1285.386090
1285.143998
1285.143998
1285.143998
1285.143998
1285.143998
1285.143998
1285.143998
1285.143998
1285.143998
1285.143998
1285.143998
1285.143998
1285.143998
1285.143998
1285.143998
1285.143998
1285.143998
1285.143998
1285.143998
1285.143998
1285.143998
1285.143998
1285.143998
1285.143998
1285.143998
1285.143998
1285.143998
1285.143998
1285.143998
1285.143998
1285.143998
1285.143998
1285.143998
1285.143998
1285.143998
1285.143998
1285.143998
1285.143998
1285.143998
1285.143998
1285.143998
1285.143998
1285.143998
1285.143998
1285.143998
1285.143998
1285.143998
1285.143998
1285.143998
1285.143998
1285.143998
1285.143998
1285.143998
1285.143998
1285.143998
1285.143998
1285.143998
1285.143998
1285.143998
1285.143998
1285.143998
1285.143998
1285.143998
1285.143998
1285.143998
1285.143998
1285.143998
1285.143998
1285.143998
1285.143998
1285.143998
1285.143998
1285.143998
1285.143998
1285.143998
1285.143998
1285.143998
1285.143998
1285.143998
1285.143998
1285.143998
1285.143998
1285.143998
1285.143998
1285.143998
1285.073760
1285.073760
1285.073760
1285.073760
1285.073760
1285.073760
1285.073760
1285.073760
1285.073760
1285.073760
1285.073760
1285.073760
1285.073760
1285.073760
1285.073760
1285.073760
1285.073760
1285.073760
1285.073760
1285.073760
1285.073760
1285.073760
1285.073760
1285.073760
1285.073760
1285.073760
1285.073760
1285.073760
1285.073760
1285.073760
1285.073760
1285.073760
1285.073760
1285.073760
1285.073760
1285.073760
1285.073760
1285.073760
1285.073760
1285.073760
1285.073760
1285.073760
1285.073760
1285.073760
1285.073760
1285.073760
1285.073760
1285.073760
1285.073760
1285.073760
1285.073760
1285.073760
1285.073760
1285.073760
1285.073760
1285.073760
1284.935610
1284.935610
1284.935610
1284.935610
1284.935610
1284.935610
1284.935610
1284.935610
1284.935610
1284.935610
1284.935610
1284.935610
1284.935610
1284.935610
1284.935610
1284.935610
1284.935610
1284.935610
1284.935610
1284.935610
1284.935610
1284.935610
1284.931760
1284.931760
1284.931760
1284.931760
1284.931760
1284.931760
1284.931760
1284.931760
1284.931760
1284.931760
1284.931760
1284.931760
1284.931760
1284.931760
1284.931760
1284.931760
1284.931760
1284.931760
1284.931760
1284.931760
1284.931760
1284.931760
1284.931760
1284.931760
1284.931760
1284.682582
1284.682582
1284.682582
1284.682582
1284.682582
1284.682582
1284.682582
1284.682582
1284.682582
1284.682582
1284.682582
1284.682582
1284.682582
1284.682582
1284.682582
1284.682582
1284.682582
1284.682582
1284.682582
1284.682582
1284.682582
1284.682582
1284.682582
1284.682582
1284.682582
1284.556626
1284.556626
1284.556626
1284.556626
1284.556626
1284.556626
1284.556626
1284.556626
1284.556626
1284.556626
1284.556626
1284.556626
1284.556626
1284.556626
1284.556626
1284.556626
1284.556626
1284.556626
1284.556626
1284.556626
1284.556626
1284.556626
1284.556626
1284.556626
1284.556626
1284.556626
1284.556626
1284.556626
1284.556626
1284.556626
1284.556626
1284.556626
1284.556626
1284.556626
1284.556626
1284.556626
1284.556626
1284.556626
1284.556626
1284.556626
1284.556626
1284.556626
1284.556626
1284.556626
1284.556626
1284.556626
1284.556626
1284.556626
1284.556626
1284.556626
1284.556626
1284.556626
1284.556626
1284.556626
1284.556626
1284.556626
1284.556626
1284.556626
1284.556626
1284.556626
1284.556626
1284.556626
1284.556626
1284.556626
1284.556626
1284.556626
1284.556626
1284.556626
1284.556626
1284.556626
1284.556626
1284.556626
1284.556626
1284.556626
1284.556626
1284.556626
1284.556626
1284.556626
1284.556626
1284.556626
1284.556626
1284.556626
1284.556626
1284.556626
1284.556626
1284.556626
1284.556626
1284.556626
1284.556626
1284.556626
1284.556626
1284.439385
1284.439385
1284.439385
1284.439385
1284.439385
1284.439385
1284.439385
1284.439385
1284.439385
1284.439385
1284.439385
1284.439385
1284.439385
1284.439385
1284.439385
1284.439385
1284.439385
1284.439385
1284.439385
1284.439385
1284.439385
1284.439385
1284.439385
1284.439385
1284.439385
1284.439385
1284.439385
1284.439385
1284.439385
1284.439385
1284.439385
1284.439385
1284.439385
1284.439385
1284.439385
1284.439385
1284.439385
1284.439385
1284.439385
1284.439385
1284.439385
1284.439385
1284.439385
1284.439385
1284.439385
1284.439385
1284.439385
1284.439385
1284.439385
1284.439385
1284.439385
1284.439385
1284.439385
1284.439385
1284.439385
1284.439385
1284.439385
1284.439385
1284.439385
1284.439385
1284.439385
1284.439385
1284.155682
1284.155682
1284.155682
1284.155682
1284.155682
1284.155682
1284.155682
1284.155682
1284.155682
1284.155682
1284.155682
1284.155682
1284.155682
1284.155682
1284.155682
1283.849332
1283.849332
1283.849332
1283.849332
1283.849332
1283.849332
1283.849332
1283.849332
1283.849332
1283.849332
1283.849332
1283.849332
1283.849332
1283.849332
1283.849332
1283.849332
1283.849332
1283.849332
1283.849332
1283.849332
1283.849332
1283.849332
1283.849332
1283.849332
1283.849332
1283.849332
1283.849332
1283.849332
1283.849332
1283.849332
1283.849332
1283.849332
1283.849332
1283.849332
1283.849332
1283.849332
1283.849332
1283.849332
1283.849332
1283.849332
1283.849332
1283.849332
1283.849332
1283.849332
1283.849332
1283.849332
1283.849332
1283.849332
1283.849332
1283.849332
1283.849332
1283.849332
1283.849332
1283.849332
1283.849332
1283.849332
1283.849332
1283.849332
1283.849332
1283.849332
1283.849332
1283.849332
1283.849332
1283.849332
1283.849332
1283.849332
1283.849332
1283.849332
1283.849332
1283.849332
1283.849332
1283.849332
1283.849332
1283.849332
1283.849332
1283.849332
1283.849332
1283.849332
1283.849332
1283.849332
1283.849332
1283.849332
1283.849332
1283.849332
1283.849332
1283.849332
1283.835407
1283.835407
1283.835407
1283.835407
1283.835407
1283.835407
1283.835407
1283.835407
1283.814738
1283.814738
1283.814738
1283.814738
1283.814738
1283.814738
1283.814738
1283.814738
1283.814738
1283.814738
1283.814738
1283.814738
1283.814738
1283.814738
1283.814738
1283.814738
1283.814738
1283.814738
1283.814738
1283.814738
1283.814738
1283.814738
1283.814738
1283.814738
1283.814738
1283.814738
1283.814738
1283.814738
1283.814738
1283.661782
1283.661782
1283.661782
1283.661782
1283.661782
1283.661782
1283.661782
1283.661782
1283.661782
1283.661782
1283.661782
1283.661782
1283.661782
1283.661782
1283.661782
1283.661782
1283.661782
1283.661782
1283.661782
1283.661782
1283.661782
1283.661782
1283.661782
1283.661782
1283.661782
1283.661782
1283.661782
1283.661782
1283.534749
1283.534749
1283.534749
1283.534749
1283.534749
1283.534749
1283.534749
1283.534749
1283.534749
1283.534749
1283.534749
1283.534749
1283.534749
1283.534749
1283.534749
1283.534749
1283.534749
1283.534749
1283.534749
1283.534749
1283.534749
1283.534749
1283.534749
1283.534749
1283.534749
1283.534749
1283.534749
1283.534749
1283.534749
1283.534749
1283.534749
1283.534749
1283.534749
1283.534749
1283.534749
1283.534749
1283.534749
1283.534749
1283.534749
1283.534749
1283.534749
1283.534749
1283.534749
1283.534749
1283.534749
1283.534749
1283.534749
1283.534749
1283.534749
1283.495441
1283.495441
1283.495441
1283.495441
1283.495441
1283.495441
1283.495441
1283.495441
1283.495441
1283.495441
1283.495441
1283.495441
1283.495441
1283.495441
1283.495441
1283.495441
1283.495441
1283.495441
1283.495441
1283.495441
1283.495441
1283.495441
1283.495441
1283.495441
1283.495441
1283.495441
1283.495441
1283.495441
1283.495441
1283.495441
1283.495441
1283.495441
1283.495441
1283.495441
1283.495441
1283.495441
1283.495441
1283.495441
1283.495441
1283.495441
1283.495441
1283.495441
1283.495441
1283.442133
1283.442133
1283.442133
1283.442133
1283.442133
1283.264461
1283.264461
1283.264461
1283.264461
1283.141316
1283.141316
1283.141316
1283.141316
1283.141316
1283.141316
1283.141316
1283.141316
1283.141316
1283.141316
1283.141316
1283.141316
1283.141316
1283.141316
1283.141316
1283.141316
1283.141316
1283.141316
1283.141316
1283.141316
1283.141316
1283.141316
1283.141316
1283.141316
1283.141316
1283.141316
1283.141316
1283.141316
1283.141316
1283.141316
1283.141316
1283.141316
1283.141316
1283.141316
1283.141316
1283.141316
1283.141316
1283.141316
1283.141316
1283.141316
1283.141316
1283.089421
1283.089421
1283.089421
1283.089421
1283.089421
1283.089421
1283.089421
1283.089421
1283.089421
1283.089421
1283.089421
1283.089421
1283.089421
1283.089421
1283.089421
1283.089421
1283.089421
1283.089421
1283.089421
1283.089421
1283.089421
1283.089421
1283.089421
1283.089421
1283.089421
1283.089421
1283.089421
1283.089421
1283.089421
1283.089421
1283.089421
1283.089421
1283.089421
1283.089421
1283.089421
1283.089421
1283.089421
1283.089421
1283.089421
1283.089421
1283.089421
1283.089421
1283.089421
1283.089421
1282.977464
1282.977464
1282.977464
1282.977464
1282.977464
1282.977464
1282.977464
1282.977464
1282.977464
1282.977464
1282.977464
1282.977464
1282.977464
1282.977464
1282.977464
1282.977464
1282.977464
1282.977464
1282.977464
1282.977464
1282.977464
1282.977464
1282.977464
1282.977464
1282.977464
1282.977464
1282.977464
1282.977464
1282.977464
1282.977464
1282.977464
1282.977464
1282.977464
1282.977464
1282.977464
1282.977464
1282.977464
1282.977464
1282.977464
1282.977464
1282.977464
1282.977464
1282.977464
1282.977464
1282.977464
1282.977464
1282.977464
1282.977464
1282.977464
1282.977464
1282.943367
1282.943367
1282.943367
1282.943367
1282.943367
1282.943367
1282.943367
1282.943367
1282.943367
1282.943367
1282.943367
1282.943367
1282.943367
1282.943367
1282.943367
1282.943367
1282.884045
1282.884045
1282.884045
1282.884045
1282.884045
1282.884045
1282.884045
1282.884045
1282.884045
1282.884045
1282.884045
1282.884045
1282.884045
1282.884045
1282.884045
1282.884045
1282.884045
1282.884045
1282.884045
1282.884045
1282.884045
1282.884045
1282.884045
1282.884045
1282.884045
1282.884045
1282.884045
1282.884045
1282.884045
1282.884045
1282.884045
1282.884045
1282.884045
1282.884045
1282.884045
1282.884045
1282.884045
1282.884045
1282.884045
1282.884045
1282.884045
1282.884045
1282.884045
1282.884045
1282.884045
1282.664662
1282.664662
1282.664662
1282.664662
1282.664662
1282.664662
1282.664662
1282.664662
1282.664662
1282.664662
1282.664662
1282.664662
1282.664662
1282.664662
1282.664662
1282.664662
1282.664662
1282.664662
1282.664662
1282.664662
1282.664662
1282.664662
1282.664662
1282.664662
1282.664662
1282.664662
1282.664662
1282.664662
1282.664662
1282.664662
1282.664662
1282.664662
1282.664662
1282.664662
1282.664662
1282.664662
1282.664662
1282.664662
1282.664662
1282.664662
1282.664662
1282.664662
1282.664662
1282.664662
1282.664662
1282.664662
1282.664662
1282.664662
1282.664662
1282.664662
1282.664662
1282.664662
1282.664662
1282.664662
1282.664662
1282.664662
1282.664662
1282.664662
1282.664662
1282.664662
1282.664662
1282.664662
1282.664662
1282.664662
1282.664662
1282.664662
1282.664662
1282.664662
1282.664662
1282.664662
1282.664662
1282.664662
1282.664662
1282.664662
1282.664662
1282.664662
1282.664662
1282.664662
1282.664662
1282.664662
1282.664662
1282.664662
1282.664662
1282.664662
1282.664662
1282.664662
1282.664662
1282.664662
1282.664662
1282.664662
1282.664662
1282.664662
1282.664662
1282.664662
1282.664662
1282.664662
1282.664662
1282.664662
1282.664662
1282.664662
1282.664662
1282.664662
1282.664662
1282.664662
1282.664662
1282.664662
1282.664662
1282.664662
1282.664662
1282.664662
1282.664662
1282.664662
1282.664662
1282.664662
1282.664662
1282.664662
1282.664662
1282.664662
1282.664662
1282.664662
1282.664662
1282.664662
1282.664662
1282.664662
1282.664662
1282.664662
1282.664662
1282.664662
1282.664662
1282.664662
1282.664662
1282.664662
1282.664662
1282.664662
1282.664662
1282.664662
1282.664662
1282.664662
1282.664662
1282.664662
1282.664662
1282.664662
1282.664662
1282.664662
1282.664662
1282.664662
1282.664662
1282.664662
1282.664662
1282.664662
1282.664662
1282.664662
1282.664662
1282.664662
1282.664662
1282.664662
1282.664662
1282.664662
1282.664662
1282.664662
1282.664662
1282.664662
1282.664662
1282.400937
1282.400937
1282.400937
1282.400937
1282.400937
1282.400937
1282.400937
1282.400937
1282.400937
1282.400937
1282.400937
1282.400937
1282.400937
1282.400937
1282.400937
1282.400937
1282.400937
1282.400937
1282.400937
1282.400937
1282.400937
1282.400937
1282.398072
1282.398072
1282.398072
1282.398072
1282.398072
1282.398072
1282.398072
1282.398072
1282.398072
1282.398072
1282.398072
1282.398072
1282.398072
1282.398072
1282.398072
1282.398072
1282.398072
1282.398072
1282.398072
1282.398072
1282.398072
1282.398072
1282.398072
1282.398072
1282.398072
1282.398072
1282.398072
1282.398072
1282.398072
1282.398072
1282.398072
1282.308278
1282.308278
1282.308278
1282.308278
1282.308278
1282.308278
1282.308278
1282.308278
1282.308278
1282.308278
1282.308278
1282.308278
1282.308278
1282.308278
1282.308278
1282.308278
1282.308278
1282.308278
1282.308278
1282.308278
1282.308278
1282.308278
1282.308278
1282.308278
1282.308278
1282.308278
1282.308278
1282.308278
1282.308278
1282.308278
1282.308278
1282.308278
1282.308278
1282.308278
1282.308278
1282.308278
1282.308278
1282.308278
1282.308278
1282.308278
1282.308278
1282.308278
1282.308278
1282.308278
1282.225963
1282.225963
1282.225963
1282.225963
1282.225963
1282.225963
1282.225963
1282.225963
1282.225963
1282.225963
1282.225963
1282.225963
1282.225963
1282.225963
1282.225963
1282.225963
1282.225963
1282.225963
1282.225963
1282.225963
1282.225963
1282.225963
1282.225963
1282.225963
1282.225963
1282.225963
1282.225963
1282.225963
1282.225963
1282.225963
1282.225963
1282.225963
1282.225963
1282.225963
1282.225963
1282.223484
1282.223484
1282.223430
1282.223430
1282.223430
1282.223430
1282.223430
1282.223430
1282.223430
1282.223430
1282.223430
1282.223430
1282.223430
1282.223430
1282.223430
1282.223430
1282.223430
1282.223430
1282.223430
1282.223430
1282.223430
1282.223430
1282.223430
1282.223430
1282.223430
1282.223430
1282.223430
1282.125157
1282.125157
1282.125157
1282.125157
1282.125157
1282.125157
1282.125157
1282.125157
1282.125157
1282.125157
1282.125157
1282.125157
1282.125157
1282.125157
1282.125157
1282.125157
1282.125157
1282.125157
1282.125157
1282.125157
1282.125157
1282.125157
1282.125157
1282.125157
1282.125157
1282.125157
1282.125157
1282.125157
1282.125157
1282.125157
1282.125157
1282.125157
1282.125157
1282.125157
1282.125157
1282.125157
1282.125157
1282.125157
1282.125157
1282.125157
1282.125157
1282.125157
1282.125157
1282.125157
1282.125157
1282.125157
1282.125157
1282.125157
1282.125157
1282.125157
1282.125157
1282.071414
1282.071414
1282.071414
1282.071414
1282.071414
1282.071414
1282.071414
1282.071414
1282.071414
1282.071414
1282.071414
1282.071414
1282.071414
1282.071414
1282.071414
1282.071414
1282.071414
1282.071414
1282.071414
1282.071414
1282.071414
1282.071414
1282.071414
1282.071414
1282.071414
1282.071414
1282.071414
1282.071414
1282.071414
1282.071414
1282.071414
1282.071414
1282.071414
1282.071414
1282.071414
1282.071414
1282.071414
1282.071414
1282.071414
1282.071414
1282.071414
1282.071414
1282.071414
1282.071414
1282.071414
1282.071414
1282.071414
1282.071414
1282.071414
1282.071414
1282.071414
1282.071414
1282.071414
1282.071414
1282.071414
1282.071414
1282.071414
1282.071414
1282.071414
1282.071414
1282.071414
1282.071414
1282.071414
1282.071414
1282.071414
1282.071414
1282.071414
1282.071414
1282.071414
1282.071414
1282.071414
1282.071414
1282.038777
1282.038777
1282.038777
1282.038777
1282.038777
1282.038777
1282.038777
1282.038777
1282.038777
1282.038777
1282.038777
1282.038777
1282.038777
1282.038777
1282.038777
1282.038777
1282.038777
1282.038777
1282.038777
1282.038777
1282.038777
1282.038777
1282.038777
1282.038777
1282.038777
1282.038777
1282.038777
1282.034781
1282.034781
1282.034781
1282.034781
1282.034781
1282.034781
1282.034781
1282.034781
1282.034781
1282.034781
1282.034781
1282.034781
1282.034781
1282.034781
1282.034781
1282.034781
1282.034781
1282.034781
1282.034781
1282.034781
1282.034781
1282.034781
1282.034781
1282.034781
1281.879262
1281.879262
1281.879262
1281.879262
1281.879262
1281.879262
1281.879262
1281.879262
1281.879262
1281.879262
1281.879262
1281.879262
1281.879262
1281.879262
1281.879262
1281.879262
1281.879262
1281.879262
1281.879262
1281.879262
1281.879262
1281.879262
1281.879262
1281.879262
1281.879262
1281.879262
1281.879262
1281.879262
1281.879262
1281.879262
1281.879262
1281.879262
1281.879262
1281.879262
1281.879262
1281.879262
1281.879262
1281.879262
1281.879262
1281.879262
1281.879262
1281.879262
1281.879262
1281.879262
1281.879262
1281.879262
1281.879262
1281.879262
1281.879262
1281.879262
1281.879262
1281.879262
1281.879262
1281.879262
1281.879262
1281.879262
1281.879262
1281.879262
1281.879262
1281.879262
1281.879262
1281.879262
1281.879262
1281.879262
1281.879262
1281.879262
1281.879262
1281.879262
1281.879262
1281.879262
1281.879262
1281.879262
1281.879262
1281.879262
1281.879262
1281.879262
1281.879262
1281.879262
1281.879262
1281.860731
1281.860731
1281.860731
1281.860731
1281.860731
1281.860731
1281.860731
1281.860731
1281.860731
1281.860731
1281.860731
1281.860731
1281.860731
1281.860731
1281.860731
1281.860731
1281.860731
1281.860731
1281.860731
1281.860731
1281.860731
1281.860731
1281.860731
1281.860731
1281.860731
1281.860731
1281.860731
1281.860731
1281.860731
1281.860731
1281.860731
1281.860731
1281.860731
1281.860731
1281.860731
1281.860731
1281.860731
1281.860731
1281.860731
1281.860731
1281.860731
1281.860731
1281.860731
1281.860731
1281.860731
1281.860731
1281.860731
1281.860731
1281.860731
1281.860731
1281.860731
1281.860731
1281.860731
1281.860731
1281.860731
1281.860731
1281.860731
1281.860731
1281.860731
1281.860731
1281.860731
1281.860731
1281.860731
1281.860731
1281.860731
1281.860731
1281.860731
1281.860731
1281.860731
1281.860731
1281.860731
1281.860731
1281.860731
1281.860731
1281.860731
1281.860731
1281.860731
1281.860731
1281.860731
1281.860731
1281.860731
1281.858456
1281.858456
1281.858456
1281.858456
1281.858456
1281.858456
1281.858456
1281.858456
1281.858456
1281.858456
1281.858456
1281.858456
1281.858456
1281.858456
1281.858456
1281.858456
1281.858456
1281.858456
1281.858456
1281.858456
1281.858456
1281.811083
1281.811083
1281.811083
1281.811083
1281.811083
1281.811083
1281.811083
1281.811083
1281.811083
1281.811083
1281.811083
1281.811083
1281.811083
1281.811083
1281.811083
1281.811083
1281.650670
1281.650670
1281.650670
1281.650670
1281.650670
1281.650670
1281.650670
1281.650670
1281.571801
1281.571801
1281.571801
1281.571801
1281.555385
1281.555385
1281.555385
1281.555385
1281.555385
1281.555385
1281.555385
1281.555385
1281.555385
1281.555385
1281.555385
1281.555385
1281.555385
1281.555385
1281.555385
1281.555385
1281.555385
1281.555385
1281.555385
1281.555385
1281.555385
1281.555385
1281.555385
1281.555385
1281.555385
1281.555385
1281.555385
1281.555385
1281.555385
1281.555385
1281.555385
1281.555385
1281.555385
1281.555385
1281.555385
1281.555385
1281.555385
1281.555385
1281.555385
1281.555385
1281.555385
1281.555385
1281.555385
1281.555385
1281.555385
1281.555385
1281.555385
1281.555385
1281.555385
1281.555385
1281.291755
1281.291755
1281.291755
1281.291755
1281.291755
1281.291755
1281.291755
1281.291755
1281.261471
1281.261471
1281.261471
1281.261471
1281.261471
1281.261471
1281.249377
1281.249377
1281.249377
1281.249377
1281.249377
1281.249377
1281.249377
1281.249377
1281.249377
1281.249377
1281.249377
1281.249377
1281.249377
1281.249377
1281.249377
1281.249377
1281.249377
1281.249377
1281.249377
1281.249377
1281.249377
1281.249377
1281.249377
1281.249377
1281.249377
1281.249377
1281.249377
1281.249377
1281.249377
1281.249377
1281.249377
1281.249377
1281.249377
1281.249377
1281.249377
1281.249377
1281.249377
1281.244856
1281.244856
1281.244856
1281.244856
1281.244856
1281.244856
1281.244856
1281.244125
1281.244125
1281.244125
1281.244125
1281.244125
1281.244125
1281.244125
1281.244125
1281.244125
1281.244125
1281.244125
1281.244125
1281.244125
1281.244125
1281.244125
1281.244125
1281.244125
1281.243960
1281.243960
1281.243960
1281.243960
1281.243960
1281.243960
1281.243960
1281.243960
1281.243960
1281.126885
1281.126885
1281.126885
1281.126885
1281.126885
1281.126885
1281.126885
1281.126885
1281.126885
1281.126885
1281.126885
1281.126885
1281.126885
1281.126885
1281.126885
1281.126885
1281.126885
1281.126885
1281.126885
1281.126885
1281.126885
1281.126885
1281.126885
1281.126885
1281.126885
1281.126885
1281.126885
1281.126885
1281.126885
1281.126885
1281.126885
1281.126885
1281.126885
1281.126885
1281.126885
1281.126885
1281.126885
1281.126885
1281.126885
1281.120414
1281.120414
1281.120414
1281.120414
1281.120414
1281.120414
1281.120414
1281.120414
1281.120414
1281.120414
1281.120414
1281.120414
1281.120414
1281.120414
1281.120414
1281.120414
1281.120414
1281.120414
1281.120414
1281.120414
1281.120414
1281.120414
1281.120414
1281.120414
1281.120414
1281.023380
1281.023380
1281.023380
1281.023380
1281.023380
1281.023380
1281.023380
1281.023380
1281.023380
1281.023380
1281.023380
1281.023380
1281.023380
1281.023380
1281.023380
1281.023380
1281.023380
1281.023380
1281.023380
1281.023380
1281.023380
1281.023380
1281.023380
1281.023380
1280.915854
1280.915854
1280.915854
1280.915854
1280.915854
1280.915854
1280.915854
1280.915854
1280.915854
1280.915854
1280.915854
1280.915854
1280.915854
1280.915854
1280.915854
1280.915854
1280.915854
1280.915854
1280.915854
1280.915854
1280.915854
1280.915854
1280.915854
1280.915854
1280.915854
1280.915854
1280.915854
1280.915854
1280.915854
1280.915854
1280.915854
1280.915854
1280.915854
1280.915854
1280.915854
1280.915854
1280.915854
1280.915854
1280.915854
1280.915854
1280.915854
1280.915854
1280.915854
1280.915854
1280.915854
1280.915854
1280.915854
1280.915854
1280.915854
1280.915854
1280.915854
1280.915854
1280.904540
1280.904540
1280.904540
1280.904540
1280.904540
1280.904540
1280.904540
1280.904540
1280.904540
1280.904540
1280.904540
1280.904540
1280.904540
1280.904540
1280.904540
1280.904540
1280.904540
1280.904540
1280.904540
1280.904540
1280.904540
1280.904540
1280.686202
1280.686202
1280.686202
1280.686202
1280.686202
1280.686202
1280.686202
1280.686202
1280.686202
1280.686202
1280.686202
1280.686202
1280.686202
1280.686202
1280.686202
1280.686202
1280.686202
1280.686202
1280.686202
1280.686202
1280.686202
1280.686202
1280.686202
1280.686202
1280.686202
1280.686202
1280.686202
1280.686202
1280.686202
1280.686202
1280.686202
1280.686202
1280.686202
1280.686202
1280.686202
1280.686202
1280.686202
1280.686202
1280.686202
1280.686202
1280.686202
1280.686202
1280.686202
1280.686202
1280.686202
1280.686202
1280.686202
1280.686202
1280.686202
1280.686202
1280.686202
1280.686202
1280.686202
1280.686202
1280.686202
1280.686202
1280.686202
1280.686202
1280.686202
1280.686202
1280.686202
1280.686202
1280.686202
1280.686202
1280.686202
1280.686202
1280.686202
1280.669468
1280.669468
1280.669468
1280.669468
1280.669468
1280.669468
1280.669468
1280.669468
1280.669468
1280.669468
1280.669468
1280.669468
1280.669468
1280.669468
1280.669468
1280.669468
1280.669468
1280.669468
1280.669468
1280.669468
1280.669468
1280.669468
1280.669468
1280.669468
1280.669468
1280.669468
1280.669468
1280.669468
1280.669468
1280.669468
1280.669468
1280.669468
1280.669468
1280.669468
1280.669468
1280.669468
1280.669468
1280.669468
1280.669468
1280.541076
1280.541076
1280.541076
1280.541076
1280.541076
1280.541076
1280.541076
1280.541076
1280.541076
1280.541076
1280.541076
1280.541076
1280.541076
1280.541076
1280.541076
1280.541076
1280.541076
1280.541076
1280.541076
1280.541076
1280.541076
1280.541076
1280.541076
1280.541076
1280.541076
1280.541076
1280.541076
1280.541076
1280.541076
1280.541076
1280.541076
1280.541076
1280.541076
1280.541076
1280.541076
1280.541076
1280.541076
1280.541076
1280.541076
1280.541076
1280.541076
1280.541076
1280.541076
1280.541076
1280.541076
1280.506713
1280.506713
1280.506713
1280.506713
1280.506713
1280.506713
1280.506713
1280.506713
1280.506713
1280.506713
1280.506713
1280.506713
1280.506713
1280.506713
1280.506713
1280.506713
1280.506713
1280.506713
1280.506713
1280.506713
1280.318266
1280.318266
1280.318266
1280.318266
1280.318266
1280.318266
1280.318266
1280.318266
1280.318266
1280.318266
1280.318266
1280.318266
1280.318266
1280.318266
1280.318266
1280.318266
1280.318266
1280.318266
1280.318266
1280.318266
1280.318266
1280.318266
1280.318266
1280.318266
1280.318266
1280.318266
1280.318266
1280.318266
1280.318266
1280.318266
1280.318266
1280.318266
1280.318266
1280.318266
1280.318266
1280.318266
1280.318266
1280.318266
1280.318266
1280.318266
1280.318266
1280.318266
1280.318266
1280.318266
1280.318266
1280.318266
1280.318266
1280.318266
1280.318266
1280.318266
1280.318266
1280.318266
1280.318266
1280.318266
1280.318266
1280.318266
1280.318266
1280.318266
1280.318266
1280.318266
1280.318266
1280.318266
1280.318266
1280.318266
1280.318266
1280.318266
1280.318266
1280.318266
1280.318266
1280.318266
1280.318266
1280.318266
1280.318266
1280.318266
1280.318266
1280.318266
1280.318266
1280.318266
1280.318266
1280.318266
1280.318266
1280.318266
1280.318266
1280.318266
1280.318266
1280.318266
1280.318266
1280.318266
1280.318266
1280.318266
1280.318266
1280.318266
1280.318266
1280.318266
1280.318266
1280.318266
1280.318266
1280.318266
1280.318266
1280.318266
1280.318266
1280.318266
1280.318266
1280.318266
1280.318266
1280.318266
1280.318266
1280.318266
1280.318266
1280.318266
1280.318266
1280.318266
1280.318266
1280.318266
1280.318266
1280.318266
1280.318266
1280.318266
1280.318266
1280.318266
1280.318266
1280.318266
1280.318266
1280.318266
1280.318266
1280.253485
1280.253485
1280.253485
1280.253485
1280.253485
1280.253485
1280.204517
1280.204517
1280.204517
1280.204517
1280.204517
1280.204517
1280.204517
1280.204517
1280.204517
1280.204517
1280.204517
1280.204517
1280.204517
1280.204517
1280.204517
1280.204517
1280.204517
1280.204517
1280.204517
1280.204517
1280.204517
1280.204517
1280.204517
1280.204517
1280.204517
1280.204517
1280.204517
1280.204517
1280.204517
1280.204517
1280.204517
1280.204517
1280.204517
1280.204517
1280.204517
1280.204517
1280.204517
1280.204517
1280.204517
1280.204517
1280.204517
1280.204517
1280.204517
1280.204517
1280.204517
1280.204517
1280.204517
1280.204517
1280.204517
1280.204517
1280.204517
1280.204517
1280.204517
1280.204517
1280.204517
1280.204517
1280.204517
1280.204517
1280.204517
1280.204517
1280.204517
1280.204517
1280.204517
1280.204517
1280.204517
1280.172721
1280.172721
1280.172721
1280.172721
1280.172721
1280.172721
1280.172721
1280.172721
1280.172721
1280.172721
1280.172721
1280.172721
1280.172721
1280.172721
1280.172721
1280.137387
1280.137387
1280.137387
1280.137387
1280.137387
1280.121578
1280.121578
1280.121578
1280.121578
1280.121578
1280.115443
1280.115443
1280.115443
1280.115443
1280.115443
1280.115443
1280.115443
1280.115443
1280.115443
1280.115443
1280.115443
1280.115443
1280.115443
1280.115443
1280.115443
1280.115443
1280.115443
1280.115443
1280.115443
1280.058254
1280.058254
1280.058254
1280.058254
1280.058254
1280.058254
1280.058254
1280.058254
1280.058254
1280.058254
1280.058254
1280.058254
1280.058254
1280.058254
1280.058254
1280.058254
1280.058254
1280.058254
1280.058254
1280.058254
1280.058254
1280.058254
1280.058254
1280.058254
1280.058254
1280.058254
1280.058254
1280.058254
1280.058254
1279.605483
1279.605483
1279.605483
1279.605483
1279.605483
1279.605483
1279.605483
1279.605483
1279.605483
1279.605483
1279.605483
1279.605483
1279.605483
1279.605483
1279.605483
1279.605483
1279.605483
1279.605483
1279.605483
1279.605483
1279.605483
1279.605483
1279.605483
1279.605483
1279.605483
1279.605483
1279.605483
1279.605483
1279.605483
1279.605483
1279.605483
1279.605483
1279.605483
1279.605483
1279.605483
1279.605483
1279.605483
1279.605483
1279.605483
1279.605483
1279.605483
1279.605483
1279.605483
1279.605483
1279.605483
1279.605483
1279.605483
1279.605483
1279.605483
1279.605483
1279.605483
1279.605483
1279.605483
1279.605483
1279.605483
1279.605483
1279.605483
1279.605483
1279.605483
1279.605483
1279.605483
1279.605483
1279.605483
1279.605483
1279.605483
1279.605483
1279.605483
1279.605483
1279.605483
1279.605483
1279.605483
1279.605483
1279.605483
1279.605483
1279.605483
1279.605483
1279.605483
1279.605483
1279.605483
1279.605483
1279.605483
1279.605483
1279.605483
1279.605483
1279.605483
1279.605483
1279.605483
1279.605483
1279.605483
1279.605483
1279.605483
1279.605483
1279.605483
1279.605483
1279.605483
1279.605483
1279.605483
1279.605483
1279.605483
1279.605483
1279.605483
1279.605483
1279.605483
1279.605483
1279.605483
1279.605483
1279.605483
1279.605483
1279.605483
1279.605483
1279.605483
1279.605483
1279.605483
1279.605483
1279.504847
1279.504847
1279.504847
1279.504847
1279.504847
1279.504847
1279.504847
1279.504847
1279.504847
1279.504847
1279.504847
1279.504847
1279.504847
1279.504847
1279.504847
1279.504847
1279.504847
1279.504847
1279.504847
1279.504847
1279.504847
1279.504847
1279.504847
1279.504847
1279.504847
1279.504847
1279.504847
1279.504847
1279.504847
1279.504847
1279.504847
1279.504847
1279.504847
1279.504847
1279.504847
1279.504847
1279.504847
1279.504847
1279.504847
1279.504847
1279.504847
1279.504847
1279.504847
1279.504847
1279.504847
1279.504847
1279.504847
1279.504847
1279.504847
1279.461822
1279.461822
1279.461822
1279.461822
1279.461822
1279.461822
1279.461822
1279.461822
1279.461822
1279.461822
1279.461822
1279.461822
1279.461822
1279.461822
1279.461822
1279.461822
1279.461822
1279.461822
1279.461822
1279.461822
1279.461822
1279.461822
1279.461822
1279.461822
1279.461822
1279.461822
1279.461822
1279.461822
1279.461822
1279.461822
1279.461822
1279.461822
1279.461822
1279.461822
1279.461822
1279.461822
1279.461822
1279.461822
1279.461822
1279.461822
1279.461822
1279.461822
1279.425650
1279.425650
1279.425650
1279.425650
1279.425650
1279.425650
1279.425650
1279.425650
1279.425650
1279.425650
1279.425650
1279.425650
1279.425650
1279.425650
1279.425650
1279.425650
1279.425650
1279.425650
1279.425650
1279.425650
1279.425650
1279.425650
1279.425650
1279.425650
1279.425650
1279.425650
1279.425650
1279.425650
1279.425650
1279.425650
1279.425650
1279.425650
1279.425650
1279.425650
1279.425650
1279.425650
1279.425650
1279.425650
1279.425650
1279.425650
1279.425650
1279.425650
1279.425650
1279.425650
1279.425650
1279.425650
1279.425650
1279.425650
1279.425650
1279.425650
1279.425650
1279.425650
1279.425650
1279.425650
1279.412614
1279.412614
1279.412614
1279.412614
1279.211899
1279.211899
1279.211899
1279.211899
1279.211899
1279.211899
1279.211899
1279.211899
1279.211899
1279.211899
1279.211899
1279.211899
1279.211899
1279.211899
1279.211899
1279.211899
1279.211899
1279.211899
1279.211899
1279.211899
1279.211899
1279.211899
1279.211899
1279.211899
1279.211899
1279.211899
1279.211899
1279.211899
1279.211899
1279.211899
1279.211899
1279.211899
1279.211899
1279.211899
1279.211899
1279.211899
1279.211899
1279.211899
1279.211899
1279.211899
1279.211899
1279.211899
1279.211899
1279.211899
1279.211899
1279.211899
1279.211899
1279.211899
1279.211899
1279.211899
1279.211899
1279.211899
1279.211899
1279.211899
1279.211899
1279.090862
1279.090862
1279.090862
1279.090862
1279.090862
1279.090862
1279.090862
1279.090862
1279.090862
1279.090862
1279.090862
1279.090862
1279.090862
1279.090862
1279.090862
1279.090862
1279.090862
1279.090862
1279.090862
1279.090862
1279.090862
1279.090862
1279.090862
1279.090862
1279.090862
1279.090862
1279.090862
1279.090862
1279.090862
1279.090862
1279.090862
1279.090862
1279.090862
1279.090862
1279.090862
1279.090862
1279.090862
1279.090862
1279.090862
1279.090862
1279.090862
1279.090862
1279.090862
1279.090862
1279.090862
1279.090862
1279.090862
1279.090862
1279.090862
1279.090862
1279.090862
1279.090862
1279.090862
1279.090862
1279.090862
1279.090862
1279.090862
1279.090862
1279.090862
1279.090862
1279.090862
1279.090862
1279.090862
1279.090862
1279.090862
1279.090862
1279.090862
1279.090862
1279.090862
1279.090862
1279.090862
1279.090862
1279.090862
1279.090862
1279.090862
1279.090862
1279.090862
1279.090862
1279.090862
1279.090862
1279.090862
1279.090862
1279.090862
1279.090862
1279.090862
1279.090862
1279.090862
1279.090862
1279.090862
1279.090862
1279.090862
1279.090862
1279.090862
1279.090862
1279.090862
1279.090862
1279.090862
1279.090862
1279.090862
1279.090862
1279.090862
1279.090862
1279.090862
1279.090862
1278.952778
1278.952778
1278.952778
1278.952778
1278.952778
1278.952778
1278.952778
1278.952778
1278.952778
1278.952778
1278.952778
1278.952778
1278.952778
1278.952778
1278.952778
1278.952778
1278.952778
1278.952778
1278.952778
1278.952778
1278.952778
1278.952778
1278.952778
1278.952778
1278.952778
1278.952778
1278.952778
1278.952778
1278.952778
1278.952778
1278.952778
1278.952778
1278.952778
1278.952778
1278.952778
1278.952778
1278.952778
1278.952778
1278.952778
1278.952778
1278.952778
1278.952778
1278.952778
1278.952778
1278.952778
1278.952778
1278.952778
1278.952778
1278.952778
1278.952778
1278.952778
1278.952778
1278.952778
1278.952778
1278.735230
1278.735230
1278.735230
1278.735230
1278.735230
1278.735230
1278.735230
1278.735230
1278.735230
1278.735230
1278.735230
1278.735230
1278.735230
1278.735230
1278.735230
1278.735230
1278.735230
1278.735230
1278.735230
1278.735230
1278.735230
1278.735230
1278.735230
1278.735230
1278.735230
1278.735230
1278.735230
1278.735230
1278.735230
1278.735230
1278.735230
1278.735230
1278.693834
1278.693834
1278.693834
1278.693834
1278.693834
1278.693834
1278.693834
1278.693834
1278.693834
1278.693834
1278.693834
1278.693834
1278.693834
1278.693834
1278.693834
1278.693834
1278.693834
1278.693834
1278.693834
1278.693834
1278.693834
1278.693834
1278.693834
1278.693834
1278.693834
1278.693834
1278.693834
1278.693834
1278.693834
1278.693834
1278.693834
1278.693834
1278.693834
1278.693834
1278.693834
1278.693834
1278.693834
1278.693834
1278.693834
1278.693834
1278.693834
1278.693834
1278.693834
1278.693834
1278.693834
1278.693834
1278.693834
1278.693834
1278.693834
1278.693834
1278.693834
1278.693834
1278.693834
1278.687127
1278.687127
1278.407491
1278.407491
1278.407491
1278.407491
1278.407491
1278.407491
1278.407491
1278.407491
1278.407491
1278.407491
1278.407491
1278.407491
1278.407491
1278.407491
1278.407491
1278.407491
1278.407491
1278.407491
1278.407491
1278.407491
1278.407491
1278.407491
1278.407491
1278.407491
1278.407491
1278.407491
1278.407491
1278.407491
1278.407491
1278.407491
1278.407491
1278.407491
1278.407491
1278.407491
1278.407491
1278.407491
1278.407491
1278.407491
1278.407491
1278.407491
1278.407491
1278.407491
1278.407491
1278.407491
1278.407491
1278.407491
1278.407491
1278.407491
1278.407491
1278.407491
1278.407491
1278.364610
1278.364610
1278.364610
1278.364610
1278.364610
1278.364610
1278.364610
1278.364610
1278.364610
1278.364610
1278.364610
1278.364610
1278.364610
1278.364610
1278.364610
1278.364610
1278.364610
1278.364610
1278.364610
1278.364610
1278.364610
1278.364610
1278.364610
1278.364610
1278.364610
1278.364610
1278.364610
1278.364610
1278.364610
1278.364610
1278.364610
1278.364610
1278.364610
1278.364610
1278.364610
1278.364610
1278.364610
1278.364610
1278.364610
1278.364610
1278.364610
1278.364610
1278.364610
1278.364610
1278.364610
1278.364610
1278.364610
1278.364610
1278.311050
1278.311050
1278.311050
1278.311050
1278.311050
1278.311050
1278.311050
1278.311050
1278.311050
1278.311050
1278.311050
1278.311050
1278.311050
1278.311050
1278.311050
1278.311050
1278.311050
1278.311050
1278.311050
1278.311050
1278.311050
1278.311050
1278.311050
1278.311050
1278.311050
1278.311050
1278.311050
1278.311050
1278.311050
1278.311050
1278.311050
1278.311050
1278.311050
1278.311050
1278.311050
1278.311050
1278.311050
1278.311050
1278.311050
1278.311050
1278.311050
1278.311050
1278.311050
1278.311050
1278.199800
1278.199800
1278.199800
1278.199800
1278.199800
1278.199800
1278.199800
1278.199800
1278.199800
1278.146275
1278.146275
1278.146275
1278.146275
1278.146275
1278.146275
1278.146275
1278.146275
1278.146275
1278.146275
1278.146275
1278.146275
1278.146275
1278.146275
1278.146275
1278.146275
1278.146275
1278.146275
1278.146275
1278.146275
1278.146275
1278.146275
1278.146275
1278.146275
1278.146275
1278.146275
1278.146275
1278.146275
1278.146275
1278.146275
1278.146275
1278.146275
1278.034720
1278.034720
1278.034720
1278.034720
1278.034720
1278.034720
1278.034720
1278.034720
1278.034720
1278.034720
1278.034720
1278.032047
1278.032047
1277.833696
1277.833696
1277.833696
1277.833696
1277.833696
1277.833696
1277.833696
1277.833696
1277.833696
1277.833696
1277.833696
1277.833696
1277.833696
1277.833696
1277.833696
1277.833696
1277.833696
1277.833696
1277.833696
1277.833696
1277.833696
1277.833696
1277.833696
1277.833696
1277.833696
1277.833696
1277.833696
1277.833696
1277.833696
1277.833696
1277.833696
1277.833696
1277.833696
1277.833696
1277.833696
1277.833696
1277.833696
1277.833696
1277.833696
1277.833696
1277.833696
1277.833696
1277.833696
1277.833696
1277.833696
1277.833696
1277.833696
1277.833696
1277.833696
1277.833696
1277.833696
1277.699189
1277.699189
1277.699189
1277.699189
1277.699189
1277.699189
1277.699189
1277.699189
1277.699189
1277.699189
1277.699189
1277.699189
1277.699189
1277.699189
1277.699189
1277.699189
1277.699189
1277.699189
1277.699189
1277.699189
1277.699189
1277.699189
1277.699189
1277.699189
1277.699189
1277.699189
1277.699189
1277.699189
1277.699189
1277.699189
1277.699189
1277.699189
1277.699189
1277.699189
1277.699189
1277.699189
1277.699189
1277.699189
1277.699189
1277.699189
1277.699189
1277.699189
1277.699189
1277.699189
1277.699189
1277.699189
1277.699189
1277.699189
1277.699189
1277.699189
1277.699189
1277.699189
1277.699189
1277.699189
1277.699189
1277.699189
1277.699189
1277.699189
1277.699189
1277.699189
1277.699189
1277.699189
1277.699189
1277.699189
1277.699189
1277.699189
1277.699189
1277.699189
1277.699189
1277.579443
1277.579443
1277.579443
1277.579443
1277.579443
1277.579443
1277.579443
1277.579443
1277.579443
1277.579443
1277.579443
1277.579443
1277.579443
1277.579443
1277.579443
1277.579443
1277.579443
1277.579443
1277.579443
1277.579443
1277.579443
1277.579443
1277.579443
1277.579443
1277.579443
1277.579443
1277.579443
1277.579443
1277.579443
1277.579443
1277.579443
1277.579443
1277.579443
1277.579443
1277.579443
1277.579443
1277.579443
1277.579443
1277.579443
1277.579443
1277.579443
1277.579443
1277.579443
1277.579443
1277.579443
1277.579443
1277.579443
1277.579443
1277.579443
1277.579443
1277.579443
1277.457536
1277.457536
1277.457536
1277.457536
1277.457536
1277.457536
1277.457536
1277.457536
1277.457536
1277.457536
1277.457536
1277.457536
1277.457536
1277.457536
1277.457536
1277.457536
1277.457536
1277.457536
1277.457536
1277.457536
1277.457536
1277.457536
1277.457536
1277.457536
1277.457536
1277.457536
1277.457536
1277.457536
1277.457536
1277.457536
1277.457536
1277.457536
1277.457536
1277.457536
1277.457536
1277.457536
1277.457536
1277.457536
1277.457536
1277.457536
1277.457536
1277.457536
1277.457536
1277.344537
1277.344537
1277.344537
1277.344537
1277.344537
1277.344537
1277.344537
1277.344537
1277.344537
1277.344537
1277.344537
1277.344537
1277.344537
1277.344537
1277.344537
1277.344537
1277.344537
1277.344537
1277.344537
1277.344537
1277.344537
1277.344537
1277.344537
1277.344537
1277.344537
1277.344537
1277.344537
1277.344537
1277.344537
1277.344537
1277.344537
1277.344537
1277.344537
1277.344537
1277.344537
1277.344537
1277.344537
1277.344537
1277.344537
1277.344537
1277.344537
1277.344537
1277.344537
1277.344537
1277.344537
1277.226185
1277.226185
1277.226185
1277.226185
1277.226185
1277.226185
1277.226185
1277.226185
1277.226185
1277.226185
1277.226185
1277.226185
1277.226185
1277.226185
1277.226185
1277.226185
1277.226185
1277.226185
1277.226185
1277.226185
1277.226185
1277.226185
1277.226185
1277.226185
1277.226185
1277.226185
1277.226185
1277.226185
1277.226185
1277.226185
1277.226185
1277.226185
1277.226185
1277.226185
1277.226185
1277.226185
1277.226185
1277.226185
1277.226185
1277.226185
1277.226185
1277.226185
1277.226185
1277.226185
1276.984235
1276.984235
1276.984235
1276.984235
1276.984235
1276.984235
1276.984235
1276.984235
1276.984235
1276.984235
1276.984235
1276.984235
1276.984235
1276.984235
1276.984235
1276.984235
1276.984235
1276.984235
1276.984235
1276.984235
1276.984235
1276.984235
1276.984235
1276.984235
1276.984235
1276.984235
1276.984235
1276.984235
1276.984235
1276.984235
1276.984235
1276.984235
1276.984235
1276.984235
1276.984235
1276.984235
1276.984235
1276.984235
1276.984235
1276.984235
1276.984235
1276.984235
1276.984235
1276.984235
1276.984235
1276.984235
1276.984235
1276.984235
1276.984235
1276.984235
1276.984235
1276.984235
1276.984235
1276.984235
1276.984235
1276.984235
1276.984235
1276.984235
1276.984235
1276.984235
1276.984235
1276.984235
1276.984235
1276.984235
1276.984235
1276.984235
1276.984235
1276.984235
1276.984235
1276.984235
1276.984235
1276.984235
1276.984235
1276.984235
1276.984235
1276.984235
1276.984235
1276.984235
1276.984235
1276.984235
1276.984235
1276.984235
1276.605718
1276.605718
1276.605718
1276.605718
1276.605718
1276.605718
1276.605718
1276.605718
1276.605718
1276.605718
1276.605718
1276.605718
1276.605718
1276.605718
1276.605718
1276.605718
1276.605718
1276.605718
1276.605718
1276.605718
1276.605718
1276.605718
1276.605718
1276.605718
1276.605718
1276.605718
1276.605718
1276.605718
1276.605718
1276.605718
1276.605718
1276.605718
1276.605718
1276.605718
1276.605718
1276.605718
1276.605718
1276.605718
1276.605718
1276.605718
1276.605718
1276.605718
1276.605718
1276.605718
1276.605718
1276.605718
1276.605718
1276.605718
1276.605718
1276.605718
1276.605718
1276.591498
1276.591498
1276.591498
1276.591498
1276.591498
1276.591498
1276.591498
1276.591498
1276.591498
1276.591498
1276.591498
1276.591498
1276.591498
1276.591498
1276.591498
1276.591498
1276.591498
1276.591498
1276.591498
1276.591498
1276.591498
1276.591498
1276.591498
1276.591498
1276.591498
1276.591498
1276.080285
1276.080285
1276.080285
1276.080285
1276.080285
1276.080285
1276.080285
1276.080285
1276.080285
1276.080285
1276.080285
1276.080285
1276.080285
1276.080285
1276.080285
1276.080285
1276.080285
1276.080285
1276.080285
1276.080285
1276.080285
1276.080285
1276.080285
1276.080285
1276.080285
1276.080285
1276.080285
1276.080285
1276.080285
1276.080285
1276.080285
1276.080285
1276.080285
1276.080285
1276.080285
1276.080285
1276.080285
1276.080285
1276.080285
1276.080285
1276.080285
1276.080285
1276.080285
1276.080285
1276.080285
1276.080285
1276.080285
1276.080285
1276.080285
1276.080285
1276.080285
1276.080285
1276.080285
1276.080285
1276.080285
1276.080285
1276.080285
1276.080285
1276.080285
1276.080285
1276.080285
1276.080285
1276.080285
1276.080285
1276.080285
1276.080285
1276.080285
1276.080285
1276.080285
1276.080285
1276.080285
1276.080285
1276.080285
1276.080285
1276.080285
1276.080285
1276.080285
1276.080285
1276.080285
1276.080285
1276.080285
1276.080285
1275.617291
1275.617291
1275.617291
1275.617291
1275.617291
1275.617291
1275.617291
1275.617291
1275.617291
1275.617291
1275.617291
1275.617291
1275.617291
1275.617291
1275.617291
1275.617291
1275.617291
1275.617291
1275.617291
1275.617291
1275.617291
1275.617291
1275.617291
1275.617291
1275.617291
1275.617291
1275.617291
1275.617291
1275.617291
1275.617291
1275.617291
1275.617291
1275.617291
1275.617291
1275.617291
1275.617291
1275.617291
1275.617291
1275.617291
1275.617291
1275.617291
1275.617291
1275.617291
1275.617291
1275.617291
1275.617291
1275.617291
1275.617291
1275.617291
1275.617291
1275.617291
1275.617291
1275.617291
1275.617291
1275.617291
1275.617291
1275.617291
1275.617291
1275.617291
1275.617291
1275.617291
1275.617291
1275.617291
1275.617291
1275.617291
1275.617291
1275.617291
1275.617291
1275.617291
1275.617291
1275.617291
1275.617291
1275.617291
1275.617291
1275.585203
1275.585203
1275.585203
1275.585203
1275.585203
1275.585203
1275.585203
1275.585203
1275.585203
1275.585203
1275.585203
1275.585203
1275.585203
1275.585203
1275.585203
1275.585203
1275.585203
1275.585203
1275.585203
1275.585203
1275.585203
1275.585203
1275.585203
1275.117810
1275.117810
1275.117810
1275.117810
1275.117810
1275.117810
1275.117810
1275.117810
1275.117810
1275.117810
1275.117810
1275.117810
1275.117810
1275.117810
1275.117810
1275.117810
1275.117810
1275.117810
1275.117810
1275.117810
1275.117810
1275.117810
1274.825946
1274.825946
1274.825946
1274.825946
1274.825946
1274.825946
1274.825946
1274.825946
1274.825946
1274.825946
1274.825946
1274.825946
1274.825946
1274.825946
1274.825946
1274.825946
1274.825946
1274.825946
1274.825946
1274.825946
1274.825946
1274.825946
1274.825946
1274.825946
1274.825946
1274.825946
1274.825946
1274.825946
1274.825946
1274.825946
1274.825946
1274.825946
1274.825946
1274.825946
1274.825946
1274.825946
1274.825946
1274.825946
1274.825946
1274.825946
1274.825946
1274.825946
1274.825946
1274.825946
1274.825946
1274.825946
1274.825946
1274.825946
1274.825946
1274.825946
1274.825946
1274.825946
1274.825946
1274.825946
1274.825946
1274.825946
1274.825946
1274.825946
1274.792175
1274.792175
1274.792175
1274.792175
1274.792175
1274.792175
1274.792175
1274.792175
1274.792175
1274.792175
1274.792175
1274.792175
1274.792175
1274.792175
1274.792175
1274.792175
1274.792175
1274.792175
1274.792175
1274.792175
1274.792175
1274.792175
1274.792175
1274.792175
1274.792175
1274.792175
1274.792175
1274.792175
1274.792175
1274.792175
1274.792175
1274.792175
1274.792175
1274.792175
1274.792175
1274.792175
1274.792175
1274.792175
1274.792175
1274.792175
1274.792175
1274.792175
1274.792175
1274.792175
1274.792175
1274.792175
1274.792175
1274.792175
1274.792175
1274.792175
1274.792175
1274.792175
1274.792175
1274.792175
1274.792175
1274.792175
1274.792175
1274.792175
1274.792175
1274.792175
1274.792175
1274.792175
1274.792175
1274.792175
1274.792175
1274.792175
1274.792175
1274.792175
1274.792175
1274.792175
1274.792175
1274.792175
1274.792175
1274.792175
1274.792175
1274.792175
1274.792175
1274.792175
1274.792175
1274.792175
1274.792175
1274.792175
1274.792175
1274.792175
1274.792175
1274.792175
1274.792175
1274.792175
1274.792175
1274.792175
1274.792175
1274.792175
1274.792175
1274.792175
1274.792175
1274.792175
1274.792175
1274.792175
1274.792175
1274.792175
1274.792175
1274.792175
1274.792175
1274.792175
1274.792175
1274.792175
1274.792175
1274.792175
1274.792175
1274.792175
1274.792175
1274.792175
1274.792175
1274.792175
1274.792175
1274.792175
1274.792175
1274.792175
1274.792175
1274.792175
1274.792175
1274.792175
1274.792175
1274.792175
1274.792175
1274.792175
1274.792175
1274.792175
1274.792175
1274.792175
1274.792175
1274.792175
1274.792175
1274.792175
1274.792175
1274.792175
1274.792175
1274.792175
1274.792175
1274.792175
1274.792175
1274.792175
1274.783309
1274.783309
1274.783309
1274.783309
1274.783309
1274.783309
1274.783309
1274.783309
1274.783309
1274.783309
1274.783309
1274.783309
1274.783309
1274.783309
1274.783309
1274.783309
1274.783309
1274.783309
1274.783309
1274.783309
1274.783309
1274.783309
1274.783309
1274.783309
1274.783309
1274.783309
1274.783309
1274.783309
1274.758095
1274.758095
1274.758095
1274.758095
1274.758095
1274.758095
1274.758095
1274.601534
1274.601534
1274.601534
1274.601534
1274.601534
1274.601534
1274.601534
1274.601534
1274.601534
1274.601534
1274.601534
1274.601534
1274.601534
1274.601534
1274.601534
1274.601534
1274.601534
1274.601534
1274.601534
1274.601534
1274.601534
1274.601534
1274.601534
1274.601534
1274.601534
1274.601534
1274.601534
1274.601534
1274.601534
1274.601534
1274.601534
1274.601534
1274.601534
1274.601534
1274.601534
1274.601534
1274.601534
1274.601534
1274.601534
1274.601534
1274.601534
1274.601534
1274.601534
1274.601534
1274.601534
1274.601534
1274.601534
1274.601534
1274.601534
1274.601534
1274.601534
1274.552518
1274.552518
1274.552518
1274.403988
1274.403988
1274.403988
1274.403988
1274.403988
1274.403988
1274.403988
1274.403988
1274.403988
1274.403988
1274.403988
1274.403988
1274.403988
1274.403988
1274.403988
1274.403988
1274.403988
1274.403988
1274.403988
1274.403988
1274.403988
1274.403988
1274.403988
1274.403988
1274.403988
1274.403988
1274.403988
1274.403988
1274.403988
1274.403988
1274.403988
1274.403988
1274.403988
1274.403988
1274.403988
1274.403988
1274.403988
1274.403988
1274.403988
1274.403988
1274.403988
1274.403988
1274.403988
1274.403988
1274.403988
1274.403988
1274.403988
1274.403988
1274.266425
1274.266425
1274.266425
1274.266425
1274.266425
1274.266425
1274.266425
1274.266425
1274.266425
1274.266425
1274.266425
1274.266425
1274.266425
1274.266425
1274.266425
1274.266425
1274.266425
1274.266425
1274.266425
1274.266425
1274.266425
1274.266425
1274.266425
1274.266425
1274.266425
1274.266425
1274.266425
1274.266425
1274.266425
1274.266425
1274.266425
1274.266425
1274.266425
1274.266425
1274.266425
1274.266425
1274.266425
1274.266425
1274.266425
1274.266425
1274.266425
1274.266425
1274.266425
1274.266425
1274.266425
1274.266425
1274.266425
1274.266425
1274.266425
1274.266425
1274.266425
1274.266425
1274.266425
1274.266425
1274.266425
1274.266425
1274.266425
1274.266425
1274.266425
1274.266425
1274.266425
1274.266425
1274.266425
1274.266425
1274.266425
1274.266425
1274.266425
1274.266425
1274.266425
1274.266425
1274.266425
1274.266425
1274.266425
1274.266425
1274.266425
1274.266425
1274.266425
1274.266425
1274.266425
1274.266425
1274.266425
1274.266425
1274.266425
1274.266425
1274.266425
1274.266425
1274.266425
1274.266425
1274.266425
1274.266425
1274.266425
1274.266425
1274.266425
1274.266425
1274.266425
1274.266425
1274.266425
1274.266425
1274.266425
1274.266425
1274.266425
1274.266425
1274.266425
1274.266425
1274.266425
1274.266425
1274.266425
1274.266425
1274.266425
1274.266425
1274.266425
1274.266425
1274.266425
1274.266425
1273.935291
1273.935291
1273.935291
1273.935291
1273.935291
1273.935291
1273.935291
1273.935291
1273.935291
1273.935291
1273.935291
1273.935291
1273.935291
1273.935291
1273.935291
1273.935291
1273.935291
1273.935291
1273.935291
1273.935291
1273.935291
1273.935291
1273.935291
1273.935291
1273.935291
1273.935291
1273.935291
1273.935291
1273.935291
1273.935291
1273.935291
1273.935291
1273.935291
1273.935291
1273.935291
1273.935291
1273.935291
1273.935291
1273.935291
1273.935291
1273.935291
1273.935291
1273.935291
1273.935291
1273.935291
1273.935291
1273.935291
1273.935291
1273.935291
1273.935291
1273.935291
1273.935291
1273.935291
1273.935291
1273.935291
1273.935291
1273.935291
1273.935291
1273.935291
1273.935291
1273.935291
1273.935291
1273.935291
1273.935291
1273.935291
1273.935291
1273.935291
1273.935291
1273.935291
1273.935291
1273.935291
1273.935291
1273.935291
1273.935291
1273.935291
1273.935291
1273.935291
1273.935291
1273.935291
1273.935291
1273.935291
1273.935291
1273.935291
1273.935291
1273.935291
1273.935291
1273.935291
1273.935291
1273.935291
1273.935291
1273.935291
1273.935291
1273.935291
1273.935291
1273.935291
1273.935291
1273.922371
1273.922371
1273.782167
1273.782167
1273.782167
1273.782167
1273.782167
1273.782167
1273.782167
1273.782167
1273.782167
1273.782167
1273.782167
1273.782167
1273.782167
1273.782167
1273.782167
1273.782167
1273.767951
1273.767951
1273.767951
1273.767951
1273.767951
1273.767951
1273.767951
1273.767951
1273.767951
1273.767951
1273.767951
1273.767951
1273.581303
1273.581303
1273.581303
1273.581303
1273.581303
1273.581303
1273.581303
1273.581303
1273.581303
1273.581303
1273.581303
1273.581303
1273.581303
1273.581303
1273.581303
1273.581303
1273.581303
1273.581303
1273.415640
1273.415640
1273.415640
1273.415640
1273.415640
1273.415640
1273.415640
1273.415640
1273.415640
1273.352895
1273.352895
1273.352895
1273.352895
1273.352895
1273.352895
1273.352895
1273.352895
1273.352895
1273.352895
1273.352895
1273.352895
1273.352895
1273.352895
1273.352895
1273.352895
1273.352895
1273.352895
1273.352895
1273.352895
1273.352895
1273.352895
1273.352895
1273.352895
1273.352895
1273.352895
1273.352895
1273.352895
1273.352895
1273.352895
1273.352895
1273.352895
1273.352895
1273.352895
1273.352895
1273.352895
1273.352895
1273.352895
1273.352895
1273.352895
1273.352895
1273.295305
1273.295305
1273.295305
1273.295305
1273.295305
1273.295305
1273.295305
1273.295305
1273.295305
1273.295305
1273.295305
1273.295305
1273.295305
1273.295305
1273.295305
1273.295305
1273.295305
1273.295305
1273.295305
1273.295305
1273.295305
1273.295305
1273.295305
1273.295305
1273.295305
1273.295305
1273.295305
1273.295305
1273.295305
1273.295305
1273.295305
1273.295305
1273.295305
1273.295305
1273.295305
1273.295305
1273.295305
1272.953427
1272.953427
1272.953427
1272.953427
1272.953427
1272.953427
1272.953427
1272.953427
1272.953427
1272.953427
1272.953427
1272.953427
1272.953427
1272.654604
1272.654604
1272.654604
1272.654604
1272.654604
1272.654604
1272.654604
1272.654604
1272.654604
1272.654604
1272.654604
1272.654604
1272.654604
1272.654604
1272.654604
1272.654604
1272.654604
1272.654604
1272.654604
1272.654604
1272.654604
1272.654604
1272.654604
1272.654604
1272.654604
1272.654604
1272.654604
1272.654604
1272.654604
1272.654604
1272.654604
1272.654604
1272.654604
1272.654604
1272.654604
1272.654604
1272.654604
1272.654604
1272.654604
1272.654604
1272.654604
1272.654604
1272.654604
1272.654604
1272.654604
1272.654604
1272.654604
1272.654604
1272.654604
1272.331843
1272.331843
1272.331843
1272.331843
1272.331843
1272.331843
1272.331843
1272.331843
1272.331843
1272.331843
1272.331843
1272.331843
1272.331843
1272.331843
1272.331843
1272.331843
1272.331843
1272.331843
1272.331843
1272.331843
1272.331843
1272.331843
1272.331843
1272.331843
1272.331843
1272.331843
1272.331843
1272.331843
1272.331843
1272.331843
1272.331843
1272.331843
1272.331843
1272.331843
1272.331843
1272.331843
1272.331843
1272.331843
1272.331843
1272.331843
1272.331843
1272.331843
1272.331843
1272.331843
1272.331843
1272.331843
1272.331843
1272.331843
1272.331843
1272.331843
1272.331843
1272.331843
1272.331843
1272.331843
1272.331843
1272.331843
1272.331843
1272.331843
1272.331843
1272.331843
1272.331843
1272.331843
1272.331843
1272.331843
1272.331843
1272.331843
1272.331843
1272.331843
1272.331843
1272.331843
1272.331843
1272.331843
1272.331843
1272.331843
1272.331843
1272.331843
1272.331843
1272.331843
1272.331843
1272.331843
1272.331843
1272.331843
1272.331843
1272.331843
1272.331843
1272.331843
1272.331843
1272.331843
1272.331843
1272.331843
1272.331843
1272.331843
1272.331843
1272.331843
1272.331843
1272.331843
1272.331843
1272.331843
1272.331843
1272.331843
1272.331843
1272.331843
1272.331843
1272.331843
1272.280622
1272.280622
1272.280622
1272.280622
1272.280622
1272.280622
1272.280622
1272.280622
1272.280622
1272.280622
1272.280622
1272.280622
1272.280622
1272.280622
1272.280622
1272.280622
1272.280622
1272.280622
1272.280622
1272.280622
1272.280622
1272.280622
1272.280622
1272.280622
1272.280622
1272.280622
1272.280622
1272.280622
1272.280622
1272.280622
1272.280622
1272.280622
1272.280622
1272.280622
1272.280622
1271.869345
1271.869345
1271.869345
1271.869345
1271.869345
1271.869345
1271.869345
1271.869345
1271.869345
1271.869345
1271.869345
1271.869345
1271.869345
1271.869345
1271.869345
1271.869345
1271.869345
1271.869345
1271.869345
1271.869345
1271.869345
1271.869345
1271.869345
1271.869345
1271.869345
1271.869345
1271.869345
1271.869345
1271.869345
1271.869345
1271.869345
1271.869345
1271.869345
1271.869345
1271.869345
1271.869345
1271.869345
1271.869345
1271.869345
1271.869345
1271.869345
1271.869345
1271.869345
1271.869345
1271.869345
1271.869345
1271.869345
1271.869345
1271.869345
1271.869345
1271.869345
1271.869345
1271.869345
1271.869345
1271.500422
1271.500422
1271.500422
1271.500422
1271.500422
1271.500422
1271.500422
1271.500422
1271.500422
1271.500422
1271.500422
1271.500422
1271.029220
1271.029220
1271.029220
1271.029220
1271.029220
1271.029220
1271.029220
1271.029220
1271.029220
1271.029220
1271.029220
1271.029220
1271.029220
1271.029220
1271.029220
1271.029220
1271.029220
1271.029220
1271.029220
1271.029220
1271.029220
1271.029220
1271.029220
1271.029220
1271.029220
1271.029220
1271.029220
1271.029220
1271.029220
1271.029220
1271.029220
1271.029220
1271.029220
1271.029220
1271.029220
1271.029220
1271.029220
1271.029220
1271.029220
1271.029220
1271.029220
1271.029220
1271.029220
1271.029220
1271.029220
1271.029220
1271.029220
1271.029220
1271.029220
1271.029220
1271.029220
1271.029220
1271.029220
1271.029220
1271.029220
1271.029220
1270.946742
1270.946742
1270.946742
1270.946742
1270.946742
1270.946742
1270.946742
1270.946742
1270.946742
1270.946742
1270.946742
1270.946742
1270.946742
1270.946742
1270.946742
1270.946742
1270.946742
1270.946742
1270.946742
1270.946742
1270.946742
1270.946742
1270.946742
1270.946742
1270.946742
1270.946742
1270.946742
1270.946742
1270.946742
1270.946742
1270.946742
1270.946742
1270.946742
1270.946742
1270.946742
1270.946742
1270.946742
1270.946742
1270.946742
1270.946742
1270.946742
1270.946742
1270.946742
1270.946742
1270.946742
1270.946742
1270.946742
1270.946742
1270.782476
1270.782476
1270.782476
1270.782476
1270.782476
1270.782476
1270.782476
1270.782476
1270.782476
1270.782476
1270.782476
1270.782476
1270.782476
1270.782476
1270.782476
1270.782476
1270.782476
1270.782476
1270.696748
1270.696748
1270.696748
1270.696748
1270.696748
1270.696748
1270.696748
1270.696748
1270.696748
1270.696748
1270.696748
1270.696748
1270.696748
1270.696748
1270.696748
1270.696748
1270.696748
1270.696748
1270.447439
1270.447439
1270.447439
1270.447439
1270.447439
1270.447439
1270.447439
1270.447439
1270.447439
1270.447439
1270.447439
1270.447439
1270.447439
1270.447439
1270.447439
1270.447439
1270.447439
1270.447439
1270.447439
1270.447439
1270.447439
1270.447439
1270.447439
1270.447439
1270.447439
1270.447439
1270.447439
1270.447439
1270.306278
1270.306278
1270.306278
1270.306278
1270.306278
1270.306278
1270.306278
1270.306278
1270.306278
1270.306278
1270.306278
1270.306278
1270.306278
1270.306278
1270.306278
1269.851654
1269.851654
1269.851654
1269.851654
1269.851654
1269.851654
1269.851654
1269.851654
1269.851654
1269.851654
1269.851654
1269.851654
1269.851654
1269.851654
1269.851654
1269.851654
1269.851654
1269.851654
1269.851654
1269.851654
1269.851654
1269.851654
1269.851654
1269.851654
1269.851654
1269.851654
1269.851654
1269.851654
1269.851654
1269.851654
1269.851654
1269.851654
1269.851654
1269.851654
1269.851654
1269.851654
1269.851654
1269.851654
1269.851654
1269.851654
1269.851654
1269.851654
1269.851654
1269.851654
1269.851654
1269.851654
1269.851654
1269.851654
1269.851654
1269.851654
1269.851654
1269.851654
1269.851654
1269.851654
1269.851654
1269.851654
1269.851654
1269.851654
1269.851654
1269.851654
1269.851654
1269.851654
1269.851654
1269.851654
1269.851654
1269.851654
1269.851654
1269.851654
1269.851654
1269.851654
1269.851654
1269.851654
1269.851654
1269.851654
1269.851654
1269.851654
1269.646161
1269.646161
1269.646161
1269.646161
1269.646161
1269.646161
1269.646161
1269.646161
1269.646161
1269.646161
1269.646161
1269.646161
1269.646161
1269.646161
1269.646161
1269.646161
1269.646161
1269.646161
1269.646161
1269.646161
1269.646161
1269.646161
1269.646161
1269.646161
1269.646161
1269.646161
1269.646161
1269.631246
1269.631246
1269.631246
1269.631246
1269.631246
1269.631246
1269.631246
1269.631246
1269.631246
1269.631246
1269.631246
1269.631246
1269.631246
1269.631246
1269.631246
1269.631246
1269.631246
1269.631246
1269.631246
1269.631246
1269.631246
1269.631246
1269.631246
1269.631246
1269.631246
1269.631246
1269.467403
1269.467403
1269.467403
1269.467403
1269.467403
1269.467403
1269.467403
1269.467403
1269.467403
1269.467403
1269.467403
1269.467403
1269.165635
1269.165635
1269.165635
1269.165635
1269.165635
1269.165635
1269.165635
1269.165635
1269.165635
1269.165635
1269.165635
1269.165635
1269.165635
1269.165635
1269.165635
1269.165635
1269.165635
1269.165635
1269.008709
1269.008709
1269.008709
1269.008709
1269.008709
1269.008709
1269.008709
1269.008709
1269.008709
1269.008709
1269.008709
1269.008709
1269.008709
1269.008709
1269.008709
1269.008709
1269.008709
1269.008709
1268.832463
1268.832463
1268.832463
1268.832463
1268.832463
1268.832463
1268.832463
1268.832463
1268.832463
1268.832463
1268.832463
1268.832463
1268.832463
1268.832463
1268.832463
1268.832463
1268.832463
1268.832463
1268.832463
1268.832463
1268.832463
1268.832463
1268.832463
1268.832463
1268.832463
1268.832463
1268.519215
1268.519215
1268.519215
1268.519215
1268.519215
1268.519215
1268.519215
1268.519215
1268.519215
1268.519215
1268.333052
1268.333052
1268.333052
1268.333052
1268.333052
1268.333052
1268.333052
1268.333052
1268.333052
1268.333052
1268.333052
1268.333052
1268.333052
1268.333052
1268.333052
1268.333052
1268.333052
1268.333052
1268.333052
1268.333052
1268.333052
1268.333052
1268.333052
1268.333052
1268.333052
1268.333052
1268.333052
1268.333052
1268.333052
1268.333052
1268.333052
1268.333052
1268.333052
1268.333052
1268.333052
1268.333052
1268.333052
1268.333052
1268.333052
1268.333052
1268.333052
1268.333052
1268.333052
1268.333052
1268.333052
1268.333052
1268.333052
1268.333052
1268.333052
1268.333052
1268.333052
1268.333052
1268.333052
1268.333052
1268.333052
1268.333052
1268.333052
1268.333052
1268.333052
1268.333052
1268.333052
1268.333052
1268.333052
1268.333052
1268.333052
1268.333052
1268.333052
1268.194167
1268.194167
1268.194167
1268.194167
1268.194167
1268.194167
1268.194167
1268.194167
1268.194167
1268.194167
1268.194167
1268.194167
1268.194167
1268.194167
1268.194167
1268.194167
1268.194167
1268.194167
1268.194167
1268.194167
1268.194167
1268.194167
1268.194167
1268.194167
1268.194167
1268.194167
1268.194167
1268.194167
1268.194167
1268.194167
1268.194167
1268.194167
1268.194167
1268.194167
1268.194167
1268.194167
1268.194167
1268.194167
1268.194167
1268.194167
1268.194167
1268.163866
1268.163866
1268.163866
1268.163866
1268.163866
1268.163866
1268.163866
1268.163866
1268.163866
1268.163866
1268.163866
1268.163866
1268.163866
1268.163866
1268.163866
1268.163866
1268.163866
1268.163866
1268.163866
1268.163866
1268.163866
1267.976787
1267.976787
1267.976787
1267.976787
1267.976787
1267.976787
1267.976787
1267.976787
1267.976787
1267.976787
1267.976787
1267.976787
1267.976787
1267.976787
1267.976787
1267.976787
1267.976787
1267.976787
1267.976787
1267.976787
1267.976787
1267.976787
1267.976787
1267.976787
1267.976787
1267.976787
1267.976787
1267.976787
1267.976787
1267.976787
1267.976787
1267.976787
1267.976787
1267.976787
1267.976787
1267.976787
1267.976787
1267.976787
1267.976787
1267.976787
1267.976787
1267.976787
1267.976787
1267.976787
1267.976787
1267.976787
1267.976787
1267.976787
1267.976787
1267.976787
1267.976787
1267.976787
1267.976787
1267.976787
1267.976787
1267.976787
1267.976787
1267.976787
1267.976787
1267.976787
1267.976787
1267.976787
1267.976787
1267.976787
1267.976787
1267.976787
1267.976787
1267.976787
1267.976787
1267.976787
1267.976787
1267.976787
1267.976787
1267.976787
1267.976787
1267.976787
1267.976787
1267.976787
1267.976787
1267.976787
1267.976787
1267.976787
1267.976787
1267.976787
1267.976787
1267.976787
1267.976787
1267.976787
1267.976787
1267.976787
1267.482392
1267.482392
1267.482392
1267.482392
1267.482392
1267.482392
1267.482392
1267.482392
1267.482392
1267.482392
1267.482392
1267.482392
1267.482392
1267.482392
1267.482392
1267.482392
1267.482392
1267.482392
1267.482392
1267.482392
1267.482392
1267.482392
1267.482392
1267.482392
1267.482392
1267.482392
1267.482392
1267.482392
1267.482392
1267.482392
1267.482392
1267.482392
1267.482392
1267.482392
1267.482392
1267.482392
1267.482392
1267.482392
1267.482392
1267.482392
1267.482392
1267.482392
1267.482392
1267.056373
1267.056373
1267.056373
1267.056373
1267.056373
1267.056373
1267.056373
1267.056373
1267.056373
1267.056373
1267.056373
1267.056373
1267.056373
1267.056373
1267.056373
1267.056373
1267.056373
1267.056373
1267.056373
1267.056373
1267.056373
1267.056373
1267.056373
1267.056373
1267.056373
1267.056373
1267.056373
1267.056373
1267.056373
1267.056373
1267.056373
1267.056373
1267.056373
1267.056373
1267.056373
1267.056373
1267.056373
1267.056373
1265.749326
1265.749326
1265.749326
1265.749326
1265.749326
1265.749326
1265.749326
1265.749326
1265.749326
1265.749326
1265.749326
1265.749326
1265.749326
1265.749326
1265.749326
1265.749326
1265.749326
1265.749326
1265.749326
1265.749326
1265.749326
1265.749326
1265.749326
1265.749326
1265.749326
1265.749326
1265.749326
1265.749326
1265.749326
1265.749326
1265.749326
1265.749326
1265.749326
1265.749326
1265.749326
1265.749326
1265.749326
1265.749326
1265.749326
1265.749326
1265.749326
1265.747468
1265.747468
1265.747468
1265.747468
1265.747468
1265.747468
1265.747468
1265.747468
1265.747468
1265.373462
1265.373462
1265.373462
1265.373462
1265.373462
1265.373462
1264.048208
1264.048208
1264.048208
1264.048208
1264.048208
1264.048208
1264.048208
1264.048208
1264.048208
1264.048208
1264.048208
1264.048208
1264.048208
1264.048208
1264.048208
1264.048208
1264.048208
1264.048208
1264.048208
1264.048208
1264.048208
1264.048208
1264.048208
1264.048208
1264.048208
1264.048208
1264.048208
1264.048208
1264.048208
1264.048208
1264.048208
1264.048208
1264.048208
1264.048208
1264.048208
1264.048208
1264.048208
1264.048208
1264.048208
1264.048208
1264.048208
1264.048208
1264.048208
1264.048208
1264.048208
1264.048208
1264.048208
1264.048208
1264.048208
1264.048208
1264.048208
1264.048208
1264.048208
1264.048208
1264.048208
1264.048208
1264.048208
1264.048208
1264.048208
1264.048208
1264.048208
1264.048208
1264.048208
1264.048208
1264.048208
1264.048208
1264.048208
1264.048208
1264.048208
1264.048208
1264.048208
1264.048208
1264.048208
1264.048208
1264.048208
1264.048208
1264.048208
1264.048208
1264.048208
1264.048208
1264.048208
1264.048208
1264.048208
1264.048208
1264.048208
1264.048208
1264.048208
1264.048208
1264.048208
1264.048208
1264.048208
1264.048208
1264.048208
1264.048208
1264.048208
1264.048208
1264.048208
1264.048208
1263.562084
1263.562084
1263.562084
1263.562084
1263.562084
1263.562084
1263.562084
1263.562084
1263.562084
1263.562084
1263.562084
1263.562084
1263.562084
1263.562084
1263.562084
1263.562084
1263.562084
1263.562084
1263.562084
1263.562084
1263.562084
1263.562084
1263.562084
1263.562084
1263.562084
1263.562084
1263.562084
1263.562084
1263.562084
1263.562084
1263.562084
1263.562084
1263.562084
1263.562084
1263.562084
1263.562084
1263.562084
1263.562084
1263.562084
1263.562084
1263.562084
1263.562084
1263.562084
1263.562084
1263.562084
1263.562084
1263.562084
1263.562084
1263.562084
1263.562084
1263.562084
1263.562084
1263.562084
1263.562084
1263.562084
1263.562084
1263.562084
1263.562084
1263.562084
1263.562084
1263.562084
1263.562084
1263.562084
1263.562084
1263.562084
1263.562084
1263.562084
1263.562084
1263.562084
1263.562084
1263.562084
1263.562084
1263.562084
1263.562084
1263.562084
1263.120099
1263.120099
1263.120099
1263.120099
1263.120099
1263.120099
1263.120099
1263.120099
1263.120099
1263.120099
1263.120099
1263.120099
1263.120099
1263.120099
1263.120099
1263.120099
1263.120099
1263.120099
1263.120099
1263.120099
1263.120099
1263.120099
1263.120099
1263.120099
1263.120099
1263.120099
1263.120099
1263.120099
1263.120099
1263.120099
1263.120099
1263.120099
1263.120099
1263.120099
1263.120099
1263.120099
1263.120099
1263.120099
1263.120099
1263.120099
1263.120099
1263.120099
1263.120099
1263.120099
1263.120099
1263.120099
1263.120099
1263.120099
1263.120099
1263.120099
1263.120099
1263.120099
1263.120099
1263.120099
1263.120099
1263.120099
1263.120099
1263.120099
1263.120099
1263.120099
1263.120099
1263.120099
1263.120099
1263.120099
1263.120099
1263.120099
1263.120099
1263.120099
1263.120099
1263.120099
1263.120099
1263.120099
1263.120099
1263.120099
1263.120099
1263.120099
1263.120099
1262.948728
1262.948728
1262.948728
1262.948728
1262.948728
1262.948728
1262.948728
1262.948728
1262.948728
1262.948728
1262.948728
1262.948728
1262.948728
1262.948728
1262.948728
1262.948728
1262.948728
1262.948728
1262.948728
1262.948728
1262.948728
1262.948728
1262.948728
1262.948728
1262.948728
1262.948728
1262.948728
1262.948728
1262.948728
1262.948728
1262.948728
1262.948728
1262.948728
1262.948728
1262.948728
1262.948728
1262.948728
1262.948728
1262.948728
1262.948728
1262.948728
1262.948728
1262.948728
1262.948728
1262.948728
1262.948728
1262.948728
1262.948728
1262.948728
1262.948728
1262.822051
1262.822051
1262.822051
1262.822051
1262.822051
1262.822051
1262.822051
1262.822051
1262.822051
1262.822051
1262.822051
1262.822051
1262.822051
1262.822051
1262.822051
1262.822051
1262.822051
1262.822051
1262.822051
1262.822051
1262.822051
1262.822051
1262.822051
1262.822051
1262.822051
1262.822051
1262.822051
1262.822051
1262.822051
1262.822051
1262.822051
1262.822051
1262.822051
1262.822051
1262.822051
1262.822051
1262.822051
1262.822051
1262.822051
1262.822051
1262.822051
1262.822051
1262.822051
1262.822051
1262.822051
1262.822051
1262.822051
1262.822051
1262.822051
1262.822051
1262.822051
1262.822051
1262.822051
1262.822051
1262.822051
1262.822051
1262.822051
1262.822051
1262.822051
1262.822051
1262.822051
1262.190731
1262.190731
1262.190731
1262.190731
1262.190731
1262.190731
1262.190731
1262.190731
1262.190731
1262.190731
1262.190731
1262.190731
1262.190731
1262.190731
1262.190731
1262.190731
1262.190731
1262.190731
1262.190731
1262.190731
1262.190731
1262.190731
1262.190731
1262.190731
1262.190731
1262.190731
1262.190731
1262.190731
1262.190731
1262.190731
1262.190731
1262.190731
1262.190731
1262.190731
1262.190731
1262.190731
1262.190731
1262.190731
1262.190731
1262.190731
1262.190731
1262.190731
1262.190731
1262.190731
1262.190731
1262.190731
1262.190731
1262.190731
1262.190731
1262.190731
1262.190731
1262.190731
1262.190731
1262.190731
1262.190731
1262.190731
1262.190731
1262.190731
1262.190731
1262.190731
1262.190731
1262.190731
1262.190731
1262.190731
1262.190731
1262.190731
1262.190731
1262.190731
1262.190731
1262.190731
1262.190731
1262.190731
1262.190731
1262.190731
1262.190731
1262.190731
1262.083805
1262.083805
1262.083805
1262.083805
1262.083805
1262.083805
1262.083805
1262.083805
1262.083805
1262.083805
1262.083805
1262.083805
1262.083805
1262.083805
1262.083805
1262.083805
1262.083805
1262.083805
1262.083805
1262.083805
1262.083805
1262.083805
1262.083805
1262.083805
1262.083805
1262.083805
1262.083805
1262.083805
1262.083805
1262.083805
1262.083805
1262.083805
1262.083805
1262.083805
1262.083805
1262.083805
1262.083805
1262.083805
1262.083805
1262.083805
1262.083805
1262.083805
1262.083805
1262.083805
1262.083805
1261.979170
1261.421967
1261.421967
1261.421967
1261.421967
1261.421967
1261.421967
1261.421967
1261.421967
1261.421967
1261.421967
1261.421967
1261.421967
1261.421967
1261.421967
1261.421967
1261.421967
1261.421967
1261.421967
1261.421967
1261.421967
1261.421967
1261.421967
1261.421967
1261.372647
1261.372647
1261.372647
1261.372647
1261.372647
1261.372647
1261.372647
1261.372647
1261.372647
1261.372647
1261.372647
1261.372647
1261.372647
1261.372647
1261.372647
1261.372647
1261.372647
1261.372647
1261.372647
1261.372647
1261.372647
1261.372647
1261.372647
1261.372647
1261.372647
1261.372647
1261.372647
1261.372647
1261.372647
1261.372647
1261.372647
1261.372647
1261.372647
1261.372647
1261.372647
1261.372647
1261.372647
1261.372647
1261.372647
1261.372647
1261.372647
1261.372647
1261.372647
1261.372647
1261.372647
1261.372647
1261.372647
1261.372647
1261.372647
1261.372647
1261.372647
1261.372647
1261.372647
1261.372647
1261.372647
1261.372647
1261.372647
1261.372647
1261.372647
1261.372647
1261.372647
1261.372647
1261.223210
1261.223210
1261.223210
1261.223210
1261.223210
1261.223210
1261.223210
1261.223210
1261.223210
1261.223210
1261.223210
1261.223210
1261.223210
1261.223210
1261.223210
1261.152989
1261.152989
1261.152989
1261.152989
1261.152989
1261.152989
1261.152989
1261.152989
1259.816871
1259.816871
1259.816871
1259.816871
1259.816871
1259.816871
1259.816871
1259.816871
1259.816871
1259.816871
1259.816871
1259.816871
1259.816871
1259.816871
1259.816871
1259.816871
1259.816871
1259.816871
1259.816871
1259.816871
1259.816871
1259.816871
1259.816871
1259.816871
1259.816871
1259.816871
1259.816871
1259.816871
1259.816871
1259.816871
1259.816871
1259.816871
1259.816871
1259.816871
1259.816871
1259.816871
1259.816871
1259.816871
1259.816871
1259.816871
1259.816871
1259.816871
1259.816871
1259.816871
1259.816871
1259.816871
1259.816871
1259.816871
1259.816871
1259.816871
1259.816871
1259.816871
1259.816871
1259.816871
1259.816871
1259.816871
1259.816871
1259.816871
1259.816871
1259.816871
1259.816871
1259.816871
1259.816871
1259.816871
1259.816871
1259.816871
1259.816871
1259.816871
1259.816871
1259.816871
1259.816871
1259.816871
1259.816871
1259.816871
1259.816871
1259.816871
1259.048612
1259.048612
1259.048612
1259.048612
1259.048612
1259.048612
1259.048612
1259.048612
1259.048612
1259.048612
1259.048612
1259.048612
1259.048612
1259.048612
1259.048612
1259.048612
1259.048612
1259.048612
1259.048612
1259.048612
1259.048612
1259.048612
1259.048612
1259.048612
1259.048612
1259.028772
1259.028772
1259.028772
1259.028772
1259.028772
1259.028772
1259.028772
1259.028772
1258.024593
1258.024593
1258.024593
1258.024593
1258.024593
1258.024593
1258.024593
1258.024593
1258.024593
1258.024593
1258.024593
1258.024593
1258.024593
1258.024593
1258.024593
1258.024593
1258.024593
1258.024593
1258.024593
1258.024593
1258.024593
1258.024593
1258.024593
1258.024593
1258.024593
1258.024593
1258.024593
1258.024593
1258.024593
1258.024593
1258.024593
1258.024593
1258.024593
1258.024593
1258.024593
1258.024593
1258.024593
1258.024593
1258.024593
1258.024593
1258.024593
1258.024593
1258.024593
1258.024593
1258.024593
1258.024593
1258.024593
1258.024593
1258.024593
1258.024593
1257.524872
1257.524872
1257.524872
1257.524872
1257.524872
1257.524872
1257.524872
1257.524872
1257.524872
1257.524872
1257.524872
1257.524872
1257.524872
1257.524872
1257.524872
1257.524872
1257.524872
1257.524872
1257.524872
1257.524872
1257.524872
1257.524872
1257.524872
1257.524872
1257.524872
1257.524872
1257.524872
1257.524872
1257.524872
1257.524872
1257.524872
1257.524872
1257.524872
1257.524872
1257.524872
1257.524872
1257.524872
1257.524872
1257.524872
1257.524872
1257.524872
1257.524872
1257.524872
1257.524872
1257.524872
1257.524872
1257.524872
1257.524872
1257.524872
1257.410135
1257.410135
1257.410135
1257.410135
1257.107468
1257.107468
1257.107468
1257.107468
1257.107468
1257.107468
1257.107468
1257.107468
1257.107468
1257.107468
1257.107468
1257.107468
1257.107468
1257.107468
1257.107468
1257.107468
1257.107468
1257.107468
1257.107468
1257.107468
1257.107468
1257.107468
1257.107468
1257.107468
1257.107468
1257.107468
1257.107468
1257.107468
1257.107468
1257.107468
1257.107468
1257.107468
1257.107468
1257.107468
1257.107468
1257.107468
1257.107468
1257.107468
1257.107468
1257.107468
1257.107468
1257.107468
1257.107468
1257.107468
1257.107468
1257.107468
1257.107468
1257.107468
1257.107468
1257.107468
1257.107468
1257.107468
1257.107468
1257.107468
1257.107468
1257.107468
1257.107468
1257.107468
1257.107468
1257.107468
1257.107468
1257.107468
1257.107468
1257.107468
1257.107468
1257.107468
1257.107468
1257.107468
1257.107468
1257.107468
1257.107468
1257.107468
1257.107468
1257.107468
1257.107468
1257.107468
1257.107468
1256.885181
1256.885181
1256.885181
1256.885181
1256.349566
1256.349566
1256.349566
1256.349566
1256.349566
1256.349566
1256.349566
1256.349566
1256.349566
1256.349566
1256.349566
1256.349566
1256.349566
1256.349566
1256.349566
1256.349566
1256.349566
1256.349566
1256.349566
1256.349566
1256.349566
1256.349566
1256.349566
1256.349566
1256.349566
1256.349566
1256.349566
1256.349566
1256.349566
1256.349566
1256.349566
1256.349566
1256.349566
1256.349566
1256.349566
1256.349566
1256.349566
1256.349566
1256.349566
1256.349566
1256.349566
1256.349566
1256.349566
1256.349566
1256.349566
1256.349566
1256.349566
1256.349566
1256.349566
1256.349566
1256.349566
1256.349566
1256.349566
1256.349566
1256.349566
1256.349566
1256.349566
1256.349566
1256.349566
1256.349566
1256.349566
1256.349566
1256.349566
1256.349566
1256.349566
1256.349566
1256.349566
1256.349566
1256.349566
1256.349566
1256.349566
1256.349566
1256.349566
1256.349566
1256.349566
1256.349566
1256.349566
1256.349566
1256.349566
1256.349566
1256.349566
1256.349566
1256.349566
1256.349566
1256.349566
1256.349566
1256.349566
1256.349566
1255.926953
1255.926953
1255.926953
1255.926953
1255.926953
1255.926953
1255.926953
1255.926953
1255.926953
1255.926953
1255.926953
1255.926953
1255.926953
1255.926953
1255.926953
1255.926953
1255.926953
1255.926953
1255.926953
1255.926953
1255.926953
1255.926953
1255.926953
1255.926953
1255.926953
1255.926953
1255.926953
1255.926953
1255.880691
1255.880691
1255.880691
1255.880691
1255.880691
1255.880691
1255.880691
1255.880691
1255.880691
1255.880691
1255.880691
1255.880691
1255.880691
1255.880691
1255.846761
1255.846761
1255.846761
1255.846761
1255.846761
1255.846761
1255.846761
1255.846761
1255.846761
1255.846761
1255.846761
1255.846761
1255.846761
1255.846761
1255.846761
1255.846761
1255.846761
1255.846761
1255.846761
1255.846761
1255.846761
1255.846761
1255.006853
1255.006853
1255.006853
1254.632882
1254.632882
1254.632882
1254.632882
1254.632882
1254.632882
1254.632882
1254.632882
1254.632882
1254.632882
1254.632882
1254.632882
1254.632882
1254.632882
1254.632882
1254.632882
1254.632882
1254.632882
1254.632882
1254.632882
1254.632882
1254.632882
1254.632882
1254.632882
1254.632882
1254.632882
1254.632882
1254.632882
1254.632882
1254.632882
1254.632882
1254.632882
1254.632882
1254.632882
1254.632882
1254.632882
1254.632882
1254.632882
1254.632882
1254.632882
1254.632882
1254.632882
1254.632882
1254.632882
1254.632882
1253.894334
1253.894334
1253.894334
1253.894334
1253.894334
1253.894334
1253.894334
1253.894334
1253.894334
1253.894334
1253.894334
1253.894334
1253.894334
1253.894334
1253.894334
1253.894334
1253.894334
1253.894334
1253.894334
1253.894334
1253.894334
1253.894334
1253.894334
1253.894334
1253.894334
1253.894334
1253.894334
1253.894334
1253.894334
1253.894334
1253.894334
1253.894334
1253.894334
1253.894334
1253.894334
1253.894334
1253.894334
1253.894334
1253.894334
1253.894334
1253.894334
1253.894334
1253.894334
1253.894334
1253.894334
1253.894334
1253.894334
1253.894334
1253.894334
1253.894334
1253.894334
1253.894334
1253.894334
1253.894334
1253.894334
1253.894334
1253.894334
1253.894334
1253.894334
1253.894334
1253.894334
1253.894334
1253.894334
1253.894334
1253.894334
1253.894334
1253.894334
1253.894334
1253.894334
1253.894334
1253.894334
1253.724793
1253.724793
1253.724793
1253.724793
1253.724793
1253.724793
1253.724793
1253.724793
1253.724793
1253.724793
1253.724793
1253.724793
1253.724793
1253.724793
1253.724793
1253.724793
1253.724793
1253.724793
1253.724793
1253.259107
1253.259107
1253.259107
1253.259107
1253.259107
1253.259107
1253.259107
1253.259107
1253.259107
1253.259107
1253.259107
1253.259107
1253.259107
1253.259107
1253.259107
1253.259107
1253.259107
1253.259107
1253.259107
1253.259107
1253.259107
1253.259107
1253.259107
1253.259107
1253.259107
1253.259107
1253.259107
1253.259107
1253.259107
1253.259107
1253.259107
1253.259107
1253.259107
1253.259107
1253.259107
1253.259107
1253.259107
1253.259107
1253.259107
1253.259107
1253.259107
1253.259107
1253.259107
1253.259107
1253.259107
1253.259107
1253.259107
1253.259107
1253.259107
1253.259107
1253.259107
1253.259107
1253.259107
1253.259107
1253.259107
1253.259107
1253.259107
1253.259107
1253.259107
1253.259107
1253.259107
1253.259107
1253.259107
1253.259107
1253.259107
1253.259107
1253.259107
1253.259107
1253.259107
1253.259107
1253.259107
1253.259107
1253.259107
1253.259107
1253.259107
1253.259107
1253.259107
1253.259107
1253.259107
1253.259107
1253.259107
1253.259107
1253.259107
1253.259107
1253.259107
1253.259107
1253.259107
1253.259107
1253.259107
1253.259107
1253.259107
1253.259107
1253.259107
1253.259107
1253.259107
1253.259107
1253.039688
1253.039688
1253.039688
1253.039688
1253.039688
1253.039688
1253.039688
1253.039688
1253.039688
1253.039688
1253.039688
1253.039688
1253.039688
1253.039688
1253.039688
1253.039688
1253.039688
1253.039688
1253.039688
1253.039688
1253.039688
1253.039688
1253.039688
1253.039688
1253.039688
1253.039688
1253.039688
1253.039688
1253.039688
1253.039688
1253.039688
1253.039688
1253.039688
1253.039688
1253.039688
1253.039688
1252.386760
1252.386760
1252.386760
1252.386760
1252.386760
1252.386760
1252.386760
1252.386760
1252.386760
1252.386760
1252.386760
1252.386760
1252.386760
1252.386760
1252.386760
1252.386760
1252.386760
1252.386760
1252.386760
1252.386760
1252.386760
1252.386760
1252.386760
1252.386760
1252.386760
1252.386760
1252.386760
1252.386760
1252.386760
1252.386760
1252.386760
1252.386760
1252.386760
1252.386760
1252.386760
1252.386760
1252.386760
1252.386760
1252.386760
1251.267021
1251.267021
1251.267021
1251.267021
1251.267021
1251.267021
1251.267021
1251.267021
1251.267021
1251.267021
1251.267021
1251.267021
1251.267021
1251.267021
1251.267021
1251.267021
1251.267021
1251.267021
1251.267021
1251.267021
1251.267021
1251.267021
1251.267021
1251.267021
1251.267021
1251.267021
1251.267021
1251.267021
1251.267021
1251.267021
1251.267021
1251.267021
1251.267021
1251.267021
1251.267021
1251.267021
1251.019063
1251.019063
1251.019063
1251.019063
1251.019063
1251.019063
1251.019063
1251.019063
1251.019063
1251.019063
1251.019063
1251.019063
1251.019063
1251.019063
1251.019063
1251.019063
1251.019063
1251.019063
1251.019063
1251.019063
1251.019063
1251.019063
1251.019063
1251.019063
1251.019063
1251.019063
1251.019063
1251.019063
1251.019063
1251.019063
1251.019063
1251.019063
1251.019063
1250.595920
1250.595920
1250.595920
1250.595920
1250.595920
1250.595920
1250.595920
1250.595920
1250.595920
1250.595920
1250.595920
1250.595920
1250.595920
1250.595920
1250.595920
1250.595920
1250.595920
1250.595920
1250.595920
1250.595920
1250.595920
1250.595920
1250.595920
1250.595920
1250.595920
1250.595920
1250.595920
1250.595920
1250.529574
1250.529574
1250.529574
1250.529574
1250.529574
1250.529574
1250.529574
1250.529574
1250.529574
1250.529574
1250.529574
1250.529574
1250.529574
1250.529574
1250.529574
1250.529574
1250.529574
1250.529574
1250.529574
1250.529574
1250.529574
1250.529574
1250.529574
1250.529574
1250.529574
1250.529574
1250.529574
1250.529574
1250.529574
1250.529574
1250.529574
1250.529574
1250.529574
1250.529574
1250.529574
1250.529574
1250.529574
1250.529574
1250.529574
1250.529574
1250.529574
1250.529574
1250.529574
1248.853389
1248.853389
1248.853389
1248.853389
1248.853389
1248.853389
1248.853389
1248.853389
1248.853389
1248.853389
1248.853389
1248.853389
1248.853389
1248.853389
1248.853389
1248.853389
1248.853389
1248.853389
1248.853389
1248.853389
1248.853389
1248.853389
1248.853389
1248.853389
1248.853389
1248.853389
1248.566349
1248.566349
1248.566349
1248.566349
1248.566349
1248.566349
1248.566349
1248.566349
1248.566349
1248.566349
1248.566349
1248.566349
1248.566349
1248.566349
1248.566349
1248.566349
1248.566349
1248.566349
1248.566349
1248.566349
1248.566349
1248.566349
1248.566349
1248.566349
1248.566349
1248.566349
1248.566349
1248.566349
1248.566349
1248.566349
1248.566349
1248.566349
1248.566349
1247.551988
1247.551988
1247.551988
1247.551988
1247.551988
1247.551988
1247.551988
1247.551988
1247.551988
1247.551988
1247.551988
1247.551988
1247.551988
1247.551988
1247.551988
1247.551988
1247.551988
1247.551988
1247.551988
1247.551988
1247.551988
1247.551988
1247.551988
1247.551988
1247.551988
1247.551988
1247.551988
1247.551988
1247.551988
1247.551988
1247.551988
1247.551988
1247.551988
1247.551988
1247.551988
1247.551988
1247.551988
1247.551988
1247.551988
1247.551988
1247.551988
1247.551988
1247.551988
1247.551988
1247.551988
1247.551988
1247.551988
1247.551988
1247.551988
1247.551988
1247.551988
1247.551988
1247.551988
1247.546033
1247.546033
1247.546033
1247.546033
1247.546033
1247.546033
1247.546033
1247.546033
1247.546033
1247.546033
1247.546033
1247.546033
1247.546033
1247.546033
1247.546033
1247.546033
1247.546033
1247.546033
1247.546033
1247.512869
1247.512869
1247.512869
1247.512869
1247.512869
1247.512869
1247.512869
1247.512869
1247.512869
1247.512869
1247.512869
1247.512869
1247.512869
1247.512869
1247.512869
1247.512869
1247.512869
1247.512869
1247.512869
1247.512869
1247.285003
1247.285003
1247.285003
1247.285003
1247.285003
1247.285003
1247.285003
1247.285003
1247.285003
1246.751210
1246.751210
1246.751210
1246.751210
1246.751210
1246.751210
1246.751210
1246.751210
1246.751210
1246.751210
1245.690423
1245.690423
1245.690423
1245.690423
1245.690423
1245.690423
1245.690423
1245.690423
1245.690423
1245.690423
1245.690423
1245.690423
1245.690423
1245.690423
1245.690423
1245.690423
1245.690423
1245.690423
1245.690423
1245.690423
1245.690423
1245.690423
1245.690423
1245.690423
1245.690423
1245.690423
1245.690423
1245.690423
1245.690423
1245.690423
1245.690423
1245.690423
1245.690423
1245.690423
1245.690423
1245.690423
1245.690423
1245.690423
1245.690423
1245.690423
1245.110428
1245.110428
1245.110428
1245.110428
1245.110428
1245.110428
1245.110428
1245.110428
1245.110428
1245.110428
1245.110428
1245.110428
1245.110428
1245.110428
1245.110428
1245.110428
1245.110428
1245.110428
1245.110428
1245.110428
1245.110428
1245.110428
1245.110428
1245.110428
1245.110428
1245.110428
1245.110428
1245.110428
1245.110428
1245.110428
1245.110428
1245.110428
1245.110428
1245.110428
1245.110428
1245.110428
1245.110428
1245.110428
1245.110428
1245.110428
1245.110428
1245.110428
1245.110428
1245.110428
1245.110428
1245.110428
1245.110428
1245.110428
1245.110428
1245.110428
1245.110428
1245.110428
1245.110428
1245.110428
1245.110428
1245.110428
1245.110428
1245.110428
1245.110428
1245.110428
1245.110428
1245.110428
1245.110428
1245.110428
1245.110428
1245.110428
1245.110428
1245.110428
1245.110428
1245.110428
1245.110428
1245.110428
1245.110428
1245.110428
1245.110428
1245.110428
1245.110428
1245.110428
1245.110428
1245.110428
1245.110428
1245.110428
1245.110428
1245.110428
1245.110428
1245.110428
1245.110428
1245.110428
1245.110428
1245.110428
1245.110428
1245.110428
1245.110428
1245.110428
1245.110428
1245.110428
1245.091255
1245.091255
1244.673854
1244.673854
1244.673854
1244.673854
1244.673854
1244.673854
1244.673854
1244.673854
1244.673854
1244.673854
1244.673854
1244.673854
1244.673854
1244.673854
1244.673854
1244.673854
1244.673854
1244.673854
1244.673854
1244.673854
1244.673854
1244.673854
1244.673854
1244.673854
1244.673854
1244.673854
1244.673854
1244.673854
1244.673854
1244.673854
1244.673854
1244.673854
1244.673854
1244.673854
1244.673854
1244.673854
1244.673854
1244.673854
1244.673854
1244.673854
1244.673854
1244.673854
1244.673854
1244.673854
1244.673854
1244.673854
1244.673854
1244.673854
1244.673854
1244.673854
1244.673854
1244.673854
1244.673854
1244.673854
1244.673854
1244.673854
1244.673854
1244.673854
1244.673854
1244.673854
1244.673854
1244.673854
1244.673854
1244.673854
1244.673854
1244.673854
1244.673854
1244.673854
1244.673854
1244.673854
1244.673854
1244.673854
1244.673854
1244.673854
1244.673854
1244.673854
1244.673854
1244.673854
1244.673854
1244.673854
1244.673854
1244.673854
1244.673854
1244.673854
1244.673854
1244.673854
1244.673854
1244.673854
1244.673854
1244.673854
1244.673854
1244.673854
1244.673854
1244.673854
1244.579898
1244.579898
1244.579898
1244.579898
1244.579898
1244.579898
1244.101187
1244.101187
1244.101187
1244.101187
1244.101187
1244.101187
1244.101187
1244.101187
1244.101187
1244.101187
1244.101187
1244.101187
1244.101187
1244.101187
1244.101187
1244.101187
1244.101187
1244.101187
1244.101187
1244.101187
1244.101187
1244.101187
1244.101187
1244.101187
1244.101187
1244.101187
1244.101187
1244.101187
1244.101187
1244.101187
1244.101187
1244.101187
1244.101187
1244.101187
1244.101187
1244.101187
1244.101187
1244.101187
1244.101187
1244.101187
1244.101187
1244.101187
1244.101187
1244.101187
1244.101187
1244.101187
1244.101187
1244.101187
1244.101187
1244.101187
1244.101187
1244.101187
1244.101187
1244.101187
1244.101187
1244.101187
1244.101187
1244.101187
1244.101187
1244.101187
1244.101187
1244.101187
1244.101187
1244.101187
1244.101187
1244.101187
1244.101187
1244.101187
1244.101187
1244.101187
1244.101187
1244.101187
1244.101187
1244.101187
1244.101187
1244.101187
1244.101187
1244.101187
1244.101187
1244.101187
1244.101187
1244.101187
1244.101187
1244.101187
1244.101187
1244.101187
1244.101187
1244.101187
1244.101187
1244.101187
1244.101187
1243.762021
1243.762021
1243.762021
1243.762021
1243.762021
1243.762021
1243.762021
1243.427279
1243.427279
1243.427279
1243.427279
1243.427279
1243.427279
1243.427279
1243.427279
1243.427279
1243.427279
1243.427279
1243.427279
1243.427279
1243.427279
1243.427279
1243.427279
1243.427279
1243.427279
1243.427279
1243.427279
1243.427279
1243.427279
1243.427279
1243.427279
1243.427279
1243.427279
1243.427279
1243.427279
1243.427279
1243.427279
1243.427279
1243.121114
1243.121114
1243.121114
1243.121114
1243.121114
1243.121114
1243.121114
1243.121114
1243.121114
1243.121114
1243.121114
1243.121114
1243.121114
1243.121114
1243.121114
1243.121114
1243.121114
1243.121114
1243.121114
1243.121114
1243.121114
1243.121114
1243.121114
1243.121114
1243.121114
1243.121114
1243.121114
1243.121114
1243.121114
1243.121114
1243.121114
1243.121114
1243.121114
1243.121114
1243.121114
1243.121114
1242.450635
1242.450635
1242.450635
1242.450635
1242.450635
1242.450635
1242.450635
1242.450635
1242.450635
1242.450635
1242.450635
1242.450635
1242.450635
1242.450635
1242.450635
1242.450635
1242.450635
1242.450635
1242.450635
1242.450635
1242.450635
1242.450635
1242.450635
1242.450635
1242.450635
1242.312778
1242.312778
1242.312778
1242.312778
1242.312778
1242.312778
1242.312778
1242.312778
1242.312778
1242.312778
1242.312778
1242.312778
1242.312778
1242.312778
1242.312778
1242.312778
1242.312778
1242.312778
1242.312778
1242.312778
1242.312778
1242.312778
1242.312778
1242.312778
1242.312778
1242.312778
1241.432625
1241.432625
1241.432625
1241.432625
1241.432625
1241.432625
1241.432625
1241.432625
1241.432625
1241.432625
1241.432625
1241.432625
1241.432625
1241.432625
1241.432625
1241.432625
1241.432625
1241.432625
1241.432625
1241.432625
1241.432625
1241.432625
1241.432625
1241.432625
1241.432625
1241.432625
1241.432625
1241.432625
1241.432625
1241.044321
1241.044321
1241.044321
1241.044321
1241.044321
1241.044321
1241.044321
1241.044321
1241.044321
1241.044321
1241.044321
1241.044321
1241.044321
1241.044321
1241.044321
1241.044321
1241.044321
1241.044321
1241.044321
1241.044321
1241.044321
1241.044321
1241.044321
1241.044321
1241.044321
1241.044321
1241.044321
1241.044321
1241.044321
1241.044321
1241.044321
1241.044321
1241.044321
1241.044321
1241.044321
1241.044321
1241.044321
1241.044321
1241.044321
1241.044321
1241.044321
1241.044321
1241.044321
1241.044321
1241.044321
1240.334820
1240.334820
1240.334820
1240.334820
1240.334820
1240.334820
1240.334820
1240.334820
1240.334820
1240.334820
1240.334820
1240.334820
1240.334820
1240.334820
1240.334820
1240.334820
1240.334820
1240.334820
1240.334820
1240.334820
1240.334820
1240.334820
1240.334820
1240.334820
1240.334820
1240.334820
1240.334820
1240.334820
1240.334820
1240.334820
1240.334820
1240.334820
1240.334820
1240.334820
1240.334820
1240.334820
1240.334820
1240.334820
1240.334820
1240.334820
1240.334820
1240.334820
1240.334820
1240.334820
1240.334820
1240.334820
1240.334820
1240.334820
1240.334820
1240.334820
1240.334820
1240.334820
1240.334820
1240.334820
1240.334820
1240.334820
1240.334820
1240.334820
1240.334820
1240.334820
1240.334820
1240.334820
1240.334820
1240.334820
1240.334820
1240.334820
1240.334820
1240.334820
1240.334820
1240.334820
1240.334820
1240.334820
1240.334820
1240.334820
1240.334820
1240.334820
1240.334820
1240.334820
1240.334820
1240.334820
1240.334820
1240.334820
1240.334820
1240.334820
1240.334820
1240.334820
1240.334820
1240.334820
1240.334820
1240.334820
1240.334820
1240.334820
1240.334820
1240.334820
1240.334820
1240.334820
1240.334820
1240.334820
1240.334820
1240.334820
1240.334820
1240.334820
1240.334820
1240.235407
1240.235407
1240.182709
1240.182709
1240.182709
1240.182709
1240.182709
1240.182709
1240.182709
1240.182709
1240.182709
1240.182709
1240.182709
1240.182709
1240.182709
1240.182709
1240.182709
1240.182709
1240.182709
1240.182709
1239.416106
1239.416106
1239.416106
1239.416106
1239.416106
1239.416106
1239.416106
1239.416106
1239.416106
1239.416106
1239.416106
1239.416106
1239.416106
1239.416106
1239.416106
1239.416106
1239.416106
1239.416106
1239.416106
1239.416106
1239.416106
1239.416106
1239.416106
1239.416106
1239.416106
1239.416106
1239.416106
1239.416106
1239.416106
1239.416106
1239.416106
1239.416106
1239.416106
1239.416106
1239.416106
1239.116056
1239.116056
1239.116056
1239.116056
1239.116056
1239.116056
1239.116056
1239.116056
1239.116056
1239.116056
1239.116056
1239.116056
1239.116056
1239.116056
1239.116056
1239.116056
1239.116056
1239.116056
1239.116056
1239.116056
1239.116056
1239.116056
1239.116056
1239.116056
1239.116056
1239.116056
1239.116056
1239.116056
1239.116056
1239.116056
1239.116056
1239.116056
1239.116056
1239.116056
1239.116056
1239.116056
1239.116056
1239.116056
1239.116056
1239.116056
1239.116056
1239.116056
1239.116056
1239.116056
1239.116056
1239.116056
1239.116056
1239.116056
1239.116056
1239.116056
1238.974910
1238.974910
1238.974910
1238.974910
1238.974910
1238.974910
1238.974910
1238.974910
1238.974910
1238.974910
1238.974910
1238.974910
1238.974910
1238.974910
1238.974910
1238.974910
1238.974910
1238.974910
1238.974910
1238.974910
1238.974910
1238.974910
1238.974910
1238.974910
1238.974910
1238.974910
1238.974910
1238.974910
1238.974910
1238.974910
1238.974910
1238.974910
1238.974910
1238.974910
1238.974910
1238.974910
1238.974910
1238.974910
1238.974910
1238.974910
1238.974910
1238.974910
1238.974910
1238.974910
1238.974910
1238.974910
1238.974910
1238.974910
1238.974910
1238.974910
1238.974910
1238.974910
1238.974910
1238.974910
1238.974910
1238.974910
1238.974910
1238.974910
1238.974910
1238.974910
1238.974910
1238.974910
1238.974910
1238.974910
1238.974910
1238.974910
1238.974910
1238.974910
1238.974910
1238.974910
1238.974910
1238.974910
1238.689658
1238.689658
1238.689658
1238.689658
1238.689658
1238.689658
1238.689658
1238.689658
1238.689658
1238.689658
1238.689658
1238.689658
1238.689658
1238.689658
1238.689658
1238.689658
1238.689658
1238.689658
1238.689658
1238.689658
1238.689658
1238.689658
1238.689658
1238.689658
1238.689658
1238.689658
1238.689658
1238.689658
1238.689658
1238.689658
1238.689658
1238.689658
1237.119940
1237.119940
1237.119940
1237.119940
1237.119940
1237.119940
1237.119940
1237.119940
1237.119940
1237.119940
1237.119940
1237.119940
1237.119940
1237.119940
1237.119940
1237.119940
1237.119940
1237.119940
1237.119940
1237.119940
1237.119940
1237.119940
1237.119940
1237.119940
1237.119940
1237.119940
1237.119940
1237.119940
1237.119940
1237.119940
1237.119940
1237.119940
1237.119940
1237.119940
1237.119940
1237.119940
1237.119940
1237.119940
1237.119940
1237.119940
1237.119940
1237.119940
1237.119940
1237.119940
1237.119940
1237.119940
1236.294155
1236.294155
1236.294155
1236.294155
1236.294155
1236.294155
1236.294155
1236.294155
1236.294155
1236.294155
1236.294155
1236.294155
1236.294155
1236.294155
1236.294155
1236.294155
1236.294155
1236.294155
1236.294155
1236.294155
1236.294155
1236.294155
1236.294155
1236.294155
1236.294155
1236.294155
1236.294155
1236.294155
1236.294155
1236.294155
1236.294155
1236.294155
1236.294155
1236.294155
1236.294155
1236.294155
1236.294155
1236.294155
1236.294155
1236.294155
1236.294155
1236.294155
1236.294155
1236.294155
1236.294155
1236.294155
1236.294155
1236.294155
1236.294155
1236.294155
1236.294155
1236.294155
1235.159705
1235.159705
1235.159705
1235.159705
1235.159705
1235.159705
1235.159705
1235.159705
1235.159705
1235.159705
1235.159705
1235.159705
1235.159705
1235.159705
1235.159705
1235.159705
1235.159705
1235.159705
1235.159705
1235.159705
1235.159705
1235.159705
1235.159705
1235.159705
1235.159705
1235.159705
1235.159705
1235.159705
1235.159705
1235.159705
1235.159705
1235.159705
1235.159705
1235.159705
1235.159705
1235.159705
1235.159705
1235.159705
1235.159705
1235.159705
1235.159705
1235.159705
1235.159705
1235.159705
1235.159705
1235.159705
1235.159705
1235.159705
1235.159705
1235.159705
1235.159705
1235.159705
1235.159705
1235.159705
1235.159705
1235.159705
1235.159705
1235.159705
1235.159705
1235.159705
1235.159705
1235.159705
1235.159705
1235.159705
1235.159705
1235.159705
1235.159705
1235.159705
1235.159705
1235.159705
1235.159705
1235.159705
1235.159705
1235.159705
1235.159705
1235.159705
1235.159705
1235.159705
1235.159705
1235.159705
1235.159705
1235.159705
1235.159705
1235.159705
1235.159705
1233.420405
1233.420405
1233.420405
1233.420405
1233.420405
1233.420405
1233.420405
1233.420405
1233.420405
1233.420405
1233.420405
1233.420405
1233.420405
1233.420405
1233.420405
1233.420405
1233.420405
1233.420405
1233.420405
1233.420405
1233.420405
1233.420405
1233.420405
1233.420405
1233.420405
1233.420405
1233.420405
1233.420405
1233.420405
1233.420405
1233.420405
1233.420405
1233.420405
1233.420405
1233.420405
1233.420405
1233.420405
1233.420405
1233.420405
1233.420405
1233.420405
1233.420405
1233.420405
1233.420405
1233.420405
1233.420405
1233.420405
1233.420405
1233.420405
1233.420405
1233.420405
1233.420405
1233.420405
1233.420405
1233.420405
1233.420405
1233.420405
1233.420405
1233.420405
1233.420405
1233.420405
1233.420405
1233.420405
1233.420405
1233.420405
1233.420405
1233.420405
1233.166901
1233.166901
1233.166901
1233.166901
1233.166901
1233.166901
1233.166901
1233.166901
1233.166901
1233.166901
1233.166901
1233.166901
1233.166901
1233.166901
1233.166901
1233.166901
1233.166901
1233.166901
1233.166901
1233.166901
1233.166901
1233.166901
1233.166901
1233.166901
1233.166901
1233.166901
1233.166901
1233.166901
1231.355256
1231.355256
1231.355256
1231.355256
1231.355256
1231.355256
1231.355256
1231.355256
1231.355256
1231.355256
1231.355256
1231.355256
1231.355256
1231.355256
1231.355256
1231.355256
1231.355256
1231.355256
1231.355256
1231.355256
1231.355256
1231.355256
1231.355256
1231.355256
1231.355256
1231.355256
1231.355256
1231.355256
1231.355256
1231.355256
1231.355256
1231.355256
1231.355256
1231.355256
1231.355256
1231.355256
1231.355256
1231.355256
1231.355256
1231.355256
1231.355256
1231.355256
1231.355256
1231.355256
1231.355256
1231.355256
1231.355256
1231.355256
1231.355256
1231.355256
1231.355256
1231.355256
1231.355256
1231.355256
1231.355256
1231.355256
1231.355256
1231.355256
1231.355256
1231.355256
1231.355256
1231.355256
1231.355256
1231.355256
1231.355256
1231.355256
1231.355256
1231.355256
1231.355256
1231.355256
1231.355256
1231.355256
1231.355256
1231.355256
1231.355256
1231.355256
1231.355256
1231.355256
1231.355256
1231.355256
1231.355256
1231.355256
1231.355256
1231.355256
1231.355256
1231.355256
1231.355256
1231.355256
1231.355256
1231.355256
1231.355256
1231.355256
1231.355256
1231.355256
1231.355256
1231.355256
1231.355256
1231.355256
1231.355256
1231.355256
1231.355256
1231.355256
1231.355256
1231.355256
1231.355256
1231.355256
1231.355256
1231.355256
1231.355256
1231.355256
1231.355256
1231.355256
1231.355256
1231.355256
1231.355256
1231.355256
1231.355256
1231.355256
1231.355256
1231.355256
1231.355256
1231.355256
1231.355256
1231.115539
1231.115539
1231.115539
1231.115539
1231.115539
1231.115539
1231.115539
1231.115539
1231.115539
1229.968948
1229.968948
1229.968948
1229.968948
1229.968948
1229.968948
1229.968948
1229.968948
1229.968948
1229.968948
1229.968948
1229.968948
1229.968948
1229.968948
1229.968948
1229.968948
1229.968948
1229.968948
1229.968948
1229.968948
1229.968948
1229.968948
1229.968948
1229.968948
1229.968948
1229.968948
1229.968948
1229.968948
1229.968948
1229.968948
1229.968948
1229.968948
1229.968948
1229.968948
1229.968948
1229.968948
1229.968948
1229.968948
1229.968948
1229.968948
1229.968948
1229.968948
1229.968948
1229.968948
1229.968948
1229.968948
1229.968948
1229.968948
1229.968948
1229.968948
1229.968948
1229.968948
1229.968948
1229.968948
1229.968948
1229.968948
1229.968948
1229.968948
1229.968948
1229.968948
1229.968948
1229.968948
1229.968948
1229.968948
1229.968948
1229.968948
1229.968948
1229.968948
1229.968948
1229.968948
1229.968948
1229.968948
1229.968948
1229.968948
1229.968948
1229.968948
1229.968948
1229.968948
1229.968948
1229.968948
1229.968948
1229.968948
1229.968948
1229.968948
1229.968948
1229.968948
1229.968948
1229.968948
1229.968948
1229.968948
1229.968948
1229.968948
1229.968948
1229.968948
1229.968948
1229.968948
1229.968948
1229.968948
1229.968948
1229.968948
1229.968948
1229.968948
1229.968948
1229.968948
1229.968948
1229.968948
1229.968948
1229.968948
1229.968948
1229.968948
1229.968948
1229.968948
1229.968948
1229.968948
1229.968948
1229.968948
1229.968948
1229.968948
1229.968948
1229.968948
1229.968948
1229.968948
1229.968948
1229.968948
1229.968948
1229.968948
1229.968948
1229.968948
1229.968948
1229.968948
1229.968948
1229.968948
1229.968948
1229.968948
1229.968948
1229.968948
1229.968948
1229.968948
1229.968948
1229.968948
1229.968948
1229.968948
1229.968948
1229.968948
1229.968948
1229.968948
1229.968948
1229.811674
1229.811674
1229.811674
1229.811674
1229.811674
1229.811674
1229.811674
1229.811674
1229.811674
1229.811674
1229.811674
1229.811674
1229.811674
1229.811674
1229.811674
1229.811674
1229.811674
1229.811674
1229.811674
1229.811674
1229.811674
1229.811674
1229.811674
1229.811674
1229.811674
1229.811674
1229.811674
1229.811674
1229.811674
1229.811674
1229.811674
1229.811674
1229.811674
1229.811674
1229.811674
1229.811674
1229.811674
1229.811674
1229.811674
1229.811674
1229.811674
1229.811674
1229.811674
1229.811674
1229.811674
1229.811674
1229.811674
1229.811674
1229.811674
1229.811674
1229.811674
1229.811674
1229.811674
1229.811674
1229.811674
1229.811674
1229.811674
1229.811674
1229.811674
1229.811674
1229.811674
1229.811674
1229.811674
1229.811674
1229.811674
1229.811674
1229.811674
1229.811674
1229.811674
1229.811674
1229.811674
1229.811674
1229.811674
1229.811674
1229.811674
1229.811674
1229.811674
1229.811674
1229.811674
1229.811674
1229.811674
1229.811674
1229.811674
1229.811674
1229.811674
1229.811674
1229.811674
1229.811674
1229.811674
1229.811674
1229.811674
1229.811674
1229.811674
1229.811674
1229.811674
1229.811674
1229.811674
1229.811674
1229.811674
1229.811674
1229.811674
1229.811674
1229.596954
1229.596954
1229.596954
1229.596954
1229.596954
1229.596954
1229.596954
1229.596954
1228.961923
1228.961923
1228.961923
1228.695250
1228.695250
1228.695250
1228.695250
1228.695250
1228.695250
1228.695250
1228.695250
1228.695250
1228.695250
1228.695250
1228.695250
1228.695250
1228.695250
1228.695250
1228.695250
1228.695250
1228.695250
1228.695250
1228.695250
1228.695250
1228.695250
1228.695250
1228.695250
1228.695250
1228.695250
1228.695250
1228.695250
1228.695250
1228.695250
1228.695250
1228.695250
1228.695250
1228.547596
1228.547596
1228.547596
1228.547596
1228.547596
1228.547596
1228.547596
1228.547596
1228.436886
1228.436886
1228.436886
1228.436886
1228.436886
1228.436886
1228.436886
1228.436886
1228.436886
1228.436886
1228.436886
1228.436886
1228.436886
1228.436886
1228.436886
1228.436886
1228.436886
1228.436886
1228.436886
1228.436886
1228.436886
1228.436886
1228.436886
1228.436886
1228.436886
1228.436886
1228.436886
1228.436886
1228.436886
1228.436886
1228.436886
1228.436886
1228.436886
1227.943417
1227.943417
1227.943417
1227.943417
1227.943417
1227.943417
1227.943417
1227.943417
1227.943417
1227.943417
1227.943417
1227.943417
1227.943417
1227.943417
1227.943417
1227.943417
1227.943417
1227.943417
1227.943417
1227.943417
1227.943417
1227.943417
1227.943417
1227.943417
1227.943417
1227.943417
1227.943417
1227.943417
1227.943417
1227.943417
1227.943417
1227.943417
1227.943417
1227.943417
1227.943417
1227.943417
1227.943417
1227.943417
1227.943417
1227.943417
1227.943417
1227.943417
1227.943417
1227.943417
1227.943417
1227.729216
1227.729216
1227.729216
1227.729216
1227.729216
1227.729216
1227.729216
1227.729216
1227.729216
1227.729216
1227.729216
1227.729216
1227.729216
1227.729216
1227.729216
1227.729216
1227.729216
1227.729216
1227.729216
1227.729216
1227.729216
1227.700088
1227.700088
1227.700088
1227.700088
1227.700088
1227.700088
1227.700088
1227.700088
1227.700088
1227.700088
1227.700088
1227.700088
1227.700088
1227.700088
1227.700088
1227.700088
1227.476861
1227.476861
1227.476861
1227.476861
1227.476861
1227.476861
1227.476861
1227.476861
1227.476861
1227.476861
1227.476861
1227.476861
1227.476861
1227.476861
1227.476861
1227.476861
1227.476861
1227.476861
1225.943254
1225.943254
1225.943254
1225.943254
1225.943254
1225.943254
1225.943254
1225.943254
1225.943254
1225.943254
1225.943254
1225.943254
1225.943254
1225.943254
1225.943254
1225.943254
1225.943254
1225.943254
1225.943254
1225.943254
1225.943254
1225.943254
1225.943254
1225.943254
1225.943254
1225.943254
1225.943254
1225.943254
1225.943254
1225.943254
1225.943254
1225.943254
1225.943254
1225.943254
1225.943254
1225.943254
1225.943254
1225.943254
1225.943254
1225.943254
1225.943254
1225.943254
1225.943254
1225.865214
1225.865214
1225.865214
1225.865214
1225.865214
1225.865214
1225.865214
1225.865214
1225.865214
1225.865214
1225.865214
1225.865214
1225.865214
1225.865214
1225.865214
1225.865214
1225.865214
1225.865214
1225.865214
1225.865214
1225.865214
1225.865214
1225.865214
1225.865214
1225.865214
1225.865214
1225.865214
1225.865214
1225.865214
1225.865214
1225.865214
1225.865214
1225.865214
1225.865214
1225.865214
1225.865214
1225.865214
1225.865214
1225.865214
1225.865214
1225.865214
1225.865214
1225.865214
1225.865214
1225.865214
1225.865214
1225.865214
1225.865214
1225.865214
1225.865214
1225.865214
1225.865214
1225.865214
1225.865214
1225.865214
1224.718752
1224.718752
1224.718752
1224.718752
1224.718752
1224.718752
1224.718752
1224.718752
1224.718752
1224.718752
1224.718752
1224.718752
1224.718752
1224.718752
1224.718752
1224.718752
1224.718752
1224.718752
1224.718752
1224.718752
1224.718752
1224.718752
1224.718752
1224.718752
1224.718752
1224.718752
1224.293771
1224.293771
1224.293771
1224.293771
1224.293771
1224.293771
1224.293771
1224.293771
1224.293771
1223.998718
1223.998718
1223.998718
1223.998718
1223.998718
1223.998718
1223.998718
1223.998718
1223.998718
1223.998718
1223.453468
1223.453468
1223.453468
1223.453468
1223.453468
1223.453468
1223.453468
1223.453468
1223.453468
1223.453468
1223.453468
1223.453468
1223.453468
1223.453468
1223.453468
1223.453468
1223.453468
1223.453468
1223.453468
1223.453468
1223.453468
1223.453468
1223.453468
1223.453468
1223.453468
1223.453468
1223.453468
1223.453468
1223.453468
1223.453468
1223.453468
1223.453468
1223.453468
1223.453468
1223.453468
1223.453468
1223.453468
1223.453468
1223.453468
1223.453468
1223.453468
1223.453468
1223.453468
1223.453468
1223.453468
1223.453468
1223.453468
1223.453468
1223.453468
1223.453468
1223.453468
1223.453468
1223.453468
1223.453468
1223.453468
1223.453468
1223.453468
1223.453468
1223.453468
1223.453468
1223.453468
1223.453468
1223.021162
1223.021162
1223.021162
1223.021162
1223.021162
1223.021162
1223.021162
1223.021162
1223.021162
1223.021162
1223.021162
1223.021162
1223.021162
1223.021162
1223.021162
1223.021162
1223.021162
1223.021162
1223.021162
1223.021162
1223.021162
1223.021162
1223.021162
1223.021162
1223.021162
1223.021162
1223.021162
1223.021162
1223.021162
1223.021162
1223.021162
1223.021162
1223.021162
1223.021162
1223.021162
1223.021162
1223.021162
1223.021162
1223.021162
1223.021162
1223.021162
1223.021162
1223.021162
1223.021162
1223.021162
1222.560828
1222.560828
1222.560828
1222.560828
1222.560828
1222.560828
1222.560828
1222.560828
1222.560828
1222.560828
1222.560828
1222.560828
1222.560828
1222.560828
1222.560828
1222.560828
1222.560828
1222.560828
1222.560828
1222.560828
1222.560828
1222.560828
1222.560828
1222.560828
1222.560828
1222.560828
1222.560828
1222.560828
1222.560828
1222.560828
1222.560828
1222.560828
1222.560828
1222.560828
1222.560828
1222.560828
1222.560828
1222.560828
1222.560828
1222.560828
1222.560828
1222.560828
1222.560828
1222.560828
1222.560828
1222.560828
1222.560828
1222.560828
1222.560828
1222.560828
1222.560828
1222.560828
1222.560828
1222.560828
1222.560828
1222.560828
1222.560828
1222.560828
1222.560828
1222.560828
1222.560828
1222.560828
1222.560828
1222.560828
1222.560828
1222.560828
1222.560828
1222.560828
1222.560828
1222.560828
1222.560828
1222.560828
1222.560828
1222.560828
1222.560828
1222.560828
1222.560828
1222.560828
1222.560828
1222.560828
1222.560828
1222.560828
1222.560828
1222.560828
1222.560828
1222.560828
1222.560828
1222.560828
1222.560828
1222.560828
1222.560828
1222.560828
1222.560828
1222.560828
1222.560828
1222.560828
1222.481316
1222.481316
1222.481316
1222.481316
1222.481316
1222.481316
1222.481316
1222.481316
1222.481316
1222.481316
1222.481316
1222.481316
1222.481316
1222.481316
1222.481316
1222.287766
1222.287766
1222.287766
1222.287766
1222.287766
1222.287766
1222.287766
1222.287766
1222.287766
1222.287766
1222.287766
1222.191817
1222.191817
1222.191817
1222.191817
1222.191817
1222.191817
1222.191817
1222.191817
1222.191817
1222.191817
1222.038569
1222.038569
1222.038569
1222.038569
1222.038569
1222.038569
1222.038569
1220.047291
1220.047291
1220.047291
1220.047291
1220.047291
1220.047291
1220.047291
1220.047291
1220.047291
1220.047291
1220.047291
1220.047291
1220.047291
1220.047291
1220.047291
1220.047291
1220.047291
1220.047291
1220.047291
1220.047291
1220.047291
1220.047291
1220.047291
1220.047291
1220.047291
1220.047291
1220.047291
1220.047291
1220.047291
1220.047291
1220.047291
1220.041118
1220.041118
1220.041118
1220.041118
1220.041118
1220.041118
1220.041118
1220.041118
1220.041118
1220.041118
1220.041118
1220.041118
1220.041118
1220.041118
1220.041118
1220.041118
1220.041118
1220.041118
1220.041118
1220.041118
1220.041118
1220.041118
1220.041118
1220.041118
1220.041118
1220.041118
1220.041118
1220.041118
1220.041118
1220.041118
1220.041118
1220.041118
1220.041118
1219.351738
1219.351738
1219.351738
1219.351738
1219.351738
1219.351738
1219.351738
1219.351738
1219.351738
1219.351738
1219.351738
1219.351738
1219.351738
1219.351738
1219.351738
1219.351738
1219.351738
1219.351738
1219.351738
1219.351738
1219.351738
1219.351738
1219.351738
1219.351738
1219.351738
1219.351738
1219.351738
1219.351738
1219.351738
1219.351738
1219.351738
1219.351738
1219.351738
1219.351738
1219.351738
1219.351738
1219.351738
1219.351738
1219.351738
1219.351738
1219.351738
1219.351738
1219.351738
1219.351738
1219.351738
1217.614957
1217.614957
1217.614957
1217.614957
1217.614957
1217.614957
1217.614957
1217.614957
1217.614957
1217.614957
1217.614957
1217.614957
1217.614957
1217.614957
1217.614957
1217.614957
1217.614957
1217.614957
1217.614957
1217.614957
1217.614957
1217.614957
1217.614957
1217.614957
1217.614957
1217.614957
1217.614957
1217.614957
1217.614957
1217.614957
1217.614957
1217.614957
1217.614957
1217.614957
1217.614957
1217.614957
1217.614957
1217.614957
1217.614957
1217.614957
1217.614957
1217.614957
1217.614957
1217.614957
1217.614957
1217.614957
1217.614957
1217.614957
1217.614957
1217.614957
1217.614957
1217.614957
1217.614957
1217.614957
1217.614957
1217.614957
1217.614957
1217.614957
1217.614957
1217.614957
1217.614957
1217.614957
1217.614957
1217.614957
1217.614957
1217.614957
1217.614957
1217.614957
1217.614957
1217.614957
1217.614957
1217.614957
1217.614957
1217.614957
1217.614957
1217.614957
1217.614957
1217.614957
1217.614957
1217.614957
1217.614957
1217.614957
1217.614957
1217.614957
1217.614957
1217.614957
1217.614957
1217.614957
1217.614957
1217.614957
1217.614957
1217.614957
1217.614957
1217.614957
1217.614957
1217.614957
1217.614957
1217.614957
1217.614957
1217.614957
1217.249450
1217.249450
1217.249450
1217.249450
1217.249450
1217.249450
1217.249450
1217.249450
1217.249450
1217.249450
1217.249450
1217.249450
1217.249450
1217.249450
1217.249450
1217.249450
1217.249450
1217.249450
1217.249450
1217.249450
1217.249450
1217.249450
1217.249450
1217.249450
1217.249450
1217.249450
1217.249450
1217.249450
1217.249450
1217.249450
1217.249450
1217.249450
1217.249450
1217.249450
1217.249450
1217.249450
1217.249450
1217.249450
1217.249450
1217.249450
1217.249450
1217.249450
1217.249450
1217.249450
1217.249450
1217.249450
1217.249450
1217.249450
1217.249450
1217.249450
1217.249450
1217.249450
1217.249450
1217.249450
1217.249450
1217.249450
1217.249450
1217.249450
1217.249450
1217.249450
1217.249450
1217.249450
1217.249450
1217.249450
1217.249450
1217.249450
1217.249450
1217.249450
1217.249450
1217.249450
1217.249450
1217.249450
1217.249450
1217.249450
1217.249450
1217.249450
1217.249450
1217.249450
1217.249450
1217.249450
1217.249450
1217.249450
1217.249450
1217.249450
1217.249450
1217.249450
1217.249450
1217.249450
1217.249450
1217.249450
1217.249450
1217.249450
1217.249450
1217.249450
1217.249450
1217.249450
1217.249450
1217.249450
1217.249450
1217.249450
1217.249450
1217.249450
1217.249450
1217.249450
1217.249450
1216.736729
1216.736729
1216.736729
1216.736729
1216.736729
1216.736729
1216.736729
1216.736729
1216.736729
1216.736729
1215.772414
1215.772414
1215.772414
1215.772414
1215.772414
1215.772414
1215.772414
1215.772414
1215.772414
1215.772414
1215.772414
1215.772414
1215.772414
1215.772414
1215.772414
1215.772414
1215.772414
1215.772414
1215.772414
1215.772414
1215.772414
1215.772414
1215.772414
1215.772414
1215.772414
1215.772414
1215.772414
1215.772414
1215.772414
1215.772414
1215.772414
1215.772414
1215.772414
1215.772414
1215.772414
1215.772414
1215.772414
1215.772414
1215.772414
1215.772414
1215.772414
1215.772414
1215.772414
1215.772414
1215.772414
1215.772414
1215.772414
1215.772414
1215.772414
1215.772414
1215.490288
1215.490288
1215.490288
1215.490288
1215.490288
1215.490288
1215.490288
1215.490288
1215.490288
1215.490288
1215.490288
1215.490288
1215.490288
1215.490288
1215.490288
1215.490288
1215.490288
1215.490288
1215.490288
1215.490288
1215.490288
1215.490288
1215.490288
1215.490288
1215.490288
1215.490288
1215.490288
1215.490288
1215.490288
1215.490288
1215.490288
1215.490288
1215.490288
1215.490288
1214.751463
1214.751463
1214.751463
1214.751463
1214.751463
1214.751463
1214.751463
1214.751463
1214.751463
1214.751463
1214.751463
1214.751463
1214.751463
1214.751463
1214.751463
1214.751463
1214.751463
1214.751463
1214.751463
1214.751463
1214.751463
1214.751463
1214.751463
1212.706146
1212.706146
1212.706146
1212.706146
1212.706146
1212.706146
1212.706146
1212.706146
1212.706146
1212.706146
1212.706146
1212.706146
1212.706146
1212.706146
1212.706146
1212.706146
1212.706146
1212.706146
1212.706146
1212.706146
1212.706146
1212.706146
1212.706146
1212.706146
1212.706146
1212.706146
1212.706146
1212.706146
1212.706146
1212.706146
1212.706146
1212.706146
1212.706146
1212.706146
1212.706146
1212.706146
1212.706146
1212.706146
1212.706146
1212.706146
1212.706146
1212.706146
1212.706146
1212.706146
1212.706146
1212.706146
1212.706146
1212.706146
1212.706146
1212.706146
1212.706146
1212.706146
1212.706146
1212.706146
1212.706146
1212.706146
1212.706146
1212.706146
1212.706146
1212.706146
1212.706146
1212.706146
1212.706146
1212.706146
1212.706146
1212.706146
1212.706146
1212.706146
1212.706146
1212.706146
1212.706146
1212.706146
1212.706146
1212.706146
1212.706146
1212.523217
1212.523217
1212.523217
1212.523217
1212.447759
1212.447759
1212.447759
1212.447759
1212.447759
1212.447759
1212.447759
1212.447759
1212.447759
1212.447759
1212.447759
1212.447759
1212.447759
1212.447759
1212.439927
1212.439927
1212.439927
1212.439927
1212.439927
1212.439927
1212.439927
1211.324795
1211.324795
1211.324795
1211.324795
1211.324795
1211.324795
1211.324795
1211.324795
1211.324795
1211.324795
1211.324795
1211.324795
1211.324795
1211.158069
1211.158069
1211.158069
1211.158069
1211.158069
1211.158069
1211.158069
1211.158069
1211.158069
1211.158069
1211.158069
1211.158069
1211.158069
1211.158069
1211.158069
1211.158069
1211.158069
1211.158069
1211.158069
1211.158069
1211.158069
1211.158069
1211.158069
1211.158069
1211.158069
1211.158069
1211.158069
1211.158069
1211.158069
1211.158069
1211.158069
1211.158069
1211.158069
1211.158069
1211.158069
1211.158069
1211.158069
1211.158069
1211.158069
1211.158069
1211.158069
1211.158069
1211.158069
1211.158069
1211.158069
1211.158069
1211.158069
1211.158069
1211.158069
1211.158069
1211.158069
1211.158069
1211.158069
1211.158069
1211.158069
1211.158069
1211.158069
1211.158069
1211.158069
1211.158069
1211.158069
1211.158069
1211.158069
1211.158069
1211.158069
1211.158069
1211.158069
1211.158069
1211.158069
1211.158069
1211.158069
1211.158069
1211.158069
1211.158069
1211.158069
1211.158069
1211.158069
1211.158069
1211.158069
1211.158069
1211.158069
1211.158069
1211.158069
1211.158069
1211.158069
1211.158069
1211.158069
1211.158069
1211.158069
1211.158069
1211.158069
1211.158069
1211.158069
1211.158069
1211.158069
1211.158069
1211.158069
1211.158069
1211.158069
1211.158069
1211.158069
1211.158069
1211.158069
1211.158069
1211.158069
1210.694431
1210.694431
1210.694431
1210.694431
1210.694431
1210.275459
1210.275459
1210.275459
1210.275459
1210.275459
1210.275459
1210.275459
1210.275459
1210.275459
1210.275459
1210.275459
1210.275459
1210.275459
1210.275459
1210.275459
1210.275459
1210.275459
1210.275459
1210.275459
1210.275459
1210.275459
1210.275459
1210.275459
1209.695984
1209.695984
1209.695984
1209.695984
1209.695984
1209.695984
1209.695984
1209.695984
1209.695984
1209.695984
1209.695984
1209.695984
1209.695984
1209.695984
1209.695984
1209.695984
1209.695984
1209.695984
1209.695984
1209.695984
1209.695984
1209.695984
1209.695984
1209.695984
1209.695984
1209.695984
1209.695984
1209.695984
1209.695984
1209.695984
1209.695984
1209.695984
1209.695984
1209.695984
1209.695984
1209.695984
1209.695984
1209.695984
1209.695984
1209.695984
1209.695984
1209.695984
1209.695984
1209.695984
1209.695984
1209.695984
1209.695984
1209.695984
1209.695984
1209.695984
1209.503325
1209.503325
1209.503325
1209.503325
1209.503325
1209.503325
1209.503325
1209.503325
1209.503325
1209.503325
1209.503325
1209.503325
1209.503325
1209.503325
1209.503325
1209.503325
1209.503325
1209.503325
1209.503325
1209.503325
1209.503325
1207.956129
1207.956129
1207.956129
1207.956129
1207.956129
1207.956129
1207.956129
1207.956129
1207.956129
1207.956129
1207.956129
1207.956129
1207.956129
1207.956129
1207.956129
1207.956129
1207.956129
1207.956129
1207.956129
1207.956129
1207.956129
1207.956129
1207.956129
1207.956129
1207.956129
1207.956129
1207.956129
1207.956129
1207.956129
1207.956129
1207.956129
1207.956129
1207.956129
1206.506800
1206.506800
1206.506800
1206.506800
1206.506800
1206.506800
1206.506800
1206.506800
1206.506800
1206.506800
1206.506800
1206.506800
1206.506800
1206.506800
1206.506800
1206.506800
1206.506800
1206.506800
1206.506800
1206.506800
1206.506800
1206.506800
1206.506800
1206.506800
1206.506800
1206.506800
1206.506800
1206.506800
1206.506800
1206.506800
1206.506800
1206.506800
1206.506800
1206.506800
1206.506800
1206.506800
1206.506800
1206.506800
1206.506800
1206.506800
1206.506800
1206.506800
1206.506800
1206.506800
1206.506800
1206.506800
1206.506800
1206.506800
1206.506800
1206.506800
1206.506800
1206.506800
1206.506800
1206.506800
1206.506800
1206.506800
1206.506800
1206.506800
1206.506800
1206.506800
1206.506800
1206.506800
1206.506800
1206.506800
1206.506800
1206.506800
1206.506800
1206.506800
1206.506800
1206.506800
1206.506800
1206.506800
1206.506800
1206.506800
1206.506800
1206.506800
1206.506800
1206.506800
1206.506800
1206.506800
1206.506800
1206.506800
1206.506800
1206.506800
1206.506800
1206.506800
1206.506800
1206.506800
1206.506800
1206.506800
1205.721157
1205.721157
1205.721157
1205.721157
1205.721157
1205.721157
1205.721157
1205.721157
1205.721157
1205.721157
1205.721157
1205.721157
1205.721157
1205.721157
1205.721157
1205.721157
1205.721157
1205.721157
1205.721157
1205.721157
1205.721157
1205.721157
1205.721157
1205.721157
1205.721157
1205.721157
1205.721157
1205.721157
1205.721157
1205.721157
1205.721157
1205.721157
1205.721157
1205.721157
1205.721157
1205.721157
1205.721157
1205.721157
1205.721157
1205.721157
1205.721157
1205.721157
1205.721157
1205.721157
1205.721157
1205.721157
1205.721157
1205.721157
1205.721157
1205.721157
1205.721157
1205.721157
1205.721157
1205.721157
1205.721157
1205.721157
1205.721157
1205.721157
1205.721157
1205.721157
1205.721157
1205.721157
1205.721157
1205.721157
1205.721157
1205.721157
1205.721157
1205.721157
1205.721157
1205.721157
1205.721157
1205.721157
1205.721157
1205.721157
1205.721157
1205.721157
1205.721157
1205.361267
1205.361267
1205.361267
1205.361267
1205.361267
1205.361267
1205.361267
1205.361267
1205.361267
1205.361267
1205.361267
1205.361267
1205.361267
1205.361267
1205.361267
1205.361267
1205.361267
1205.361267
1205.361267
1205.361267
1205.361267
1205.361267
1205.361267
1205.361267
1205.361267
1205.361267
1205.361267
1205.361267
1205.361267
1205.361267
1205.361267
1205.361267
1205.361267
1205.361267
1205.361267
1205.361267
1205.361267
1205.361267
1205.361267
1205.361267
1205.361267
1205.361267
1205.361267
1205.361267
1205.361267
1205.361267
1205.361267
1205.361267
1205.361267
1205.361267
1204.728268
1204.728268
1204.728268
1204.728268
1204.728268
1204.728268
1204.728268
1204.728268
1204.728268
1204.728268
1204.728268
1204.728268
1204.728268
1204.728268
1204.728268
1204.728268
1204.728268
1204.592609
1204.592609
1204.592609
1204.592609
1204.592609
1204.592609
1204.592609
1204.592609
1204.592609
1204.592609
1204.592609
1204.592609
1204.592609
1204.592609
1204.592609
1204.592609
1204.592609
1204.592609
1204.592609
1204.592609
1204.592609
1204.592609
1204.592609
1204.592609
1204.592609
1204.592609
1204.592609
1204.592609
1204.592609
1204.592609
1204.592609
1204.592609
1204.592609
1204.592609
1204.592609
1204.592609
1204.592609
1204.592609
1204.592609
1204.592609
1204.592609
1204.592609
1204.592609
1204.592609
1204.592609
1204.592609
1204.592609
1204.592609
1204.592609
1204.592609
1204.592609
1204.592609
1204.592609
1204.142728
1204.142728
1204.142728
1204.142728
1204.142728
1204.142728
1204.142728
1204.142728
1204.142728
1204.142728
1204.142728
1204.142728
1204.142728
1204.142728
1204.142728
1204.142728
1204.142728
1204.142728
1204.142728
1204.142728
1204.142728
1204.142728
1204.142728
1204.142728
1204.142728
1204.142728
1204.142728
1204.142728
1204.142728
1204.142728
1204.142728
1204.142728
1204.142728
1204.142728
1204.142728
1204.142728
1204.142728
1204.142728
1204.142728
1204.142728
1204.142728
1204.142728
1204.142728
1204.142728
1204.142728
1204.142728
1204.142728
1204.142728
1204.142728
1204.142728
1204.142728
1204.142728
1204.142728
1204.142728
1204.142728
1204.142728
1204.142728
1204.142728
1204.142728
1204.142728
1204.142728
1204.142728
1204.142728
1204.142728
1204.142728
1204.142728
1204.142728
1204.142728
1204.142728
1204.142728
1204.142728
1204.142728
1204.142728
1204.142728
1204.142728
1204.142728
1204.142728
1204.142728
1204.142728
1204.142728
1204.142728
1204.142728
1204.142728
1204.142728
1204.142728
1204.142728
1204.142728
1204.142728
1204.142728
1204.142728
1204.142728
1204.142728
1204.142728
1204.142728
1204.142728
1204.142728
1204.142728
1204.142728
1204.142728
1204.142728
1204.142728
1204.142728
1204.142728
1204.142728
1204.142728
1204.142728
1204.142728
1204.142728
1204.142728
1204.142728
1204.142728
1204.142728
1204.142728
1204.142728
1204.142728
1204.142728
1204.142728
1204.142728
1204.142728
1204.142728
1204.142728
1204.142728
1204.142728
1204.142728
1204.142728
1204.142728
1204.142728
1204.142728
1204.142728
1204.142728
1204.142728
1204.142728
1204.142728
1204.142728
1204.142728
1204.142728
1204.142728
1203.840822
1203.840822
1203.840822
1203.840822
1203.840822
1203.840822
1203.840822
1203.840822
1203.840822
1203.840822
1203.840822
1203.840822
1203.840822
1203.840822
1203.840822
1203.840822
1203.840822
1203.840822
1203.840822
1203.840822
1203.840822
1203.685674
1203.685674
1203.685674
1203.685674
1203.685674
1203.685674
1203.685674
1203.685674
1203.685674
1203.685674
1203.685674
1203.685674
1203.685674
1203.685674
1203.685674
1203.685674
1203.685674
1203.685674
1203.685674
1203.685674
1203.685674
1203.685674
1203.685674
1203.347445
1203.347445
1203.347445
1203.347445
1203.347445
1203.347445
1203.347445
1203.347445
1203.347445
1203.347445
1203.347445
1203.347445
1203.347445
1203.347445
1203.347445
1203.291048
1203.291048
1203.291048
1203.291048
1203.291048
1203.291048
1203.291048
1203.291048
1203.291048
1203.291048
1203.291048
1203.291048
1203.291048
1203.291048
1203.291048
1203.291048
1203.291048
1203.291048
1203.291048
1203.291048
1203.291048
1203.291048
1203.291048
1203.291048
1203.291048
1203.291048
1203.291048
1203.291048
1203.291048
1203.291048
1203.291048
1203.291048
1203.291048
1203.291048
1203.291048
1203.291048
1203.291048
1203.291048
1203.291048
1203.291048
1203.291048
1203.291048
1203.291048
1203.291048
1203.291048
1203.291048
1203.291048
1203.291048
1203.291048
1203.291048
1203.291048
1203.291048
1203.291048
1203.291048
1203.291048
1202.928257
1202.928257
1202.928257
1202.928257
1202.928257
1202.928257
1202.928257
1202.928257
1202.928257
1202.928257
1202.928257
1202.928257
1202.928257
1202.928257
1202.928257
1202.928257
1202.928257
1202.928257
1202.928257
1202.928257
1202.928257
1202.928257
1202.928257
1202.928257
1202.928257
1202.928257
1202.928257
1202.928257
1202.928257
1202.928257
1202.928257
1202.928257
1202.706025
1202.706025
1202.706025
1202.706025
1202.706025
1202.706025
1202.706025
1202.706025
1202.706025
1202.706025
1202.706025
1202.706025
1202.706025
1202.706025
1202.706025
1202.706025
1202.706025
1202.706025
1202.706025
1202.706025
1202.706025
1202.706025
1202.706025
1202.706025
1202.706025
1202.706025
1202.706025
1202.706025
1202.706025
1202.706025
1202.706025
1202.706025
1202.706025
1202.706025
1202.706025
1202.706025
1202.706025
1202.706025
1202.706025
1202.706025
1202.706025
1202.706025
1202.706025
1202.706025
1202.706025
1202.706025
1202.706025
1202.706025
1202.706025
1202.706025
1202.706025
1202.706025
1202.706025
1201.401638
1201.401638
1201.401638
1201.401638
1201.401638
1201.401638
1201.401638
1201.401638
1201.401638
1201.401638
1201.401638
1201.401638
1201.401638
1201.401638
1201.401638
1201.401638
1201.401638
1201.401638
1201.401638
1201.401638
1201.401638
1201.401638
1201.401638
1201.401638
1201.401638
1201.401638
1201.401638
1201.401638
1201.401638
1201.401638
1201.401638
1201.401638
1201.401638
1201.401638
1201.401638
1201.401638
1201.401638
1201.401638
1201.401638
1201.401638
1201.401638
1201.401638
1201.401638
1201.401638
1201.401638
1201.401638
1201.401638
1201.401638
1201.401638
1201.401638
1201.401638
1201.401638
1201.401638
1201.401638
1201.401638
1201.401638
1201.401638
1201.401638
1201.401638
1201.401638
1201.401638
1201.401638
1201.401638
1201.401638
1201.401638
1201.401638
1201.401638
1201.401638
1201.401638
1201.401638
1201.401638
1201.401638
1201.401638
1201.401638
1201.401638
1201.401638
1201.401638
1201.401638
1201.401638
1201.401638
1201.401638
1201.401638
1201.401638
1201.401638
1201.401638
1201.401638
1201.401638
1201.401638
1201.401638
1201.401638
1201.401638
1201.401638
1201.401638
1201.401638
1201.401638
1201.401638
1201.401638
1201.401638
1201.401638
1201.401638
1201.401638
1201.401638
1201.401638
1201.401638
1201.401638
1201.401638
1201.401638
1201.401638
1201.401638
1201.401638
1201.401638
1201.401638
1201.401638
1201.401638
1201.401638
1201.401638
1201.401638
1201.401638
1201.401638
1201.401638
1200.924582
1200.924582
1200.924582
1200.924582
1200.924582
1200.924582
1200.924582
1200.924582
1200.924582
1200.924582
1200.924582
1200.924582
1200.924582
1200.924582
1200.924582
1200.924582
1200.924582
1200.924582
1200.924582
1200.924582
1200.924582
1200.924582
1200.924582
1200.924582
1200.924582
1200.924582
1200.924582
1200.924582
1200.924582
1200.924582
1200.924582
1200.924582
1200.924582
1200.924582
1200.924582
1200.924582
1200.924582
1200.924582
1200.924582
1200.924582
1200.924582
1200.924582
1200.924582
1200.924582
1200.924582
1200.924582
1200.924582
1200.924582
1200.924582
1200.924582
1200.224430
1200.224430
1200.224430
1200.224430
1200.224430
1200.224430
1200.224430
1200.224430
1200.224430
1200.224430
1200.224430
1200.224430
1200.224430
1200.224430
1200.224430
1200.224430
1200.224430
1200.224430
1200.224430
1200.224430
1200.224430
1200.224430
1200.224430
1200.224430
1200.224430
1200.224430
1200.224430
1200.224430
1200.222684
1200.222684
1200.222684
1200.222684
1200.222684
1200.222684
1200.222684
1200.222684
1200.222684
1200.222684
1200.222684
1200.222684
1200.222684
1200.222684
1200.222684
1200.222684
1200.222684
1200.222684
1200.222684
1200.222684
1200.222684
1200.222684
1200.222684
1200.222684
1200.222684
1200.222684
1200.222684
1200.222684
1200.222684
1200.222684
1200.222684
1200.222684
1200.222684
1200.222684
1200.222684
1200.222684
1200.222684
1200.222684
1200.222684
1200.222684
1200.222684
1200.222684
1200.222684
1200.222684
1200.222684
1200.222684
1200.222684
1200.222684
1200.222684
1200.222684
1200.222684
1200.222684
1200.222684
1200.222684
1200.222684
1200.222684
1200.222684
1200.222684
1200.222684
1200.222684
1200.222684
1200.222684
1200.222684
1200.222684
1200.222684
1200.222684
1200.222684
1200.065004
1200.065004
1200.065004
1200.065004
1200.065004
1200.065004
1200.065004
1200.065004
1200.065004
1200.065004
1199.549804
1199.549804
1199.549804
1199.549804
1199.549804
1199.549804
1199.549804
1199.549804
1199.549804
1199.549804
1199.549804
1199.549804
1199.549804
1199.549804
1199.549804
1199.549804
1199.549804
1199.549804
1199.549804
1199.549804
1199.549804
1199.549804
1199.549804
1199.549804
1199.549804
1199.549804
1199.549804
1199.549804
1199.549804
1199.549804
1199.549804
1199.549804
1199.549804
1199.549804
1199.549804
1199.549804
1199.549804
1199.549804
1199.549804
1199.549804
1199.549804
1199.549804
1199.549804
1199.549804
1199.549804
1199.549804
1199.549804
1199.549804
1199.549804
1199.549804
1199.549804
1199.549804
1199.549804
1199.549804
1199.549804
1199.549804
1199.549804
1199.549804
1199.549804
1199.549804
1199.549804
1199.549804
1199.549804
1199.549804
1199.549804
1199.549804
1199.549804
1199.549804
1199.549804
1199.549804
1199.549804
1199.549804
1199.549804
1199.549804
1199.549804
1199.549804
1199.549804
1199.549804
1199.549804
1199.549804
1199.549804
1199.549804
1199.549804
1199.549804
1199.549804
1199.549804
1199.549804
1199.549804
1199.549804
1199.549804
1199.549804
1199.549804
1199.549804
1199.549804
1199.549804
1199.549804
1199.549804
1199.549804
1199.549804
1199.549804
1199.549804
1199.549804
1199.549804
1199.549804
1199.549804
1199.549804
1199.549804
1199.549804
1199.549804
1199.549804
1199.549804
1199.549804
1199.549804
1199.549804
1199.549804
1199.549804
1199.549804
1199.549804
1199.549804
1199.549804
1199.549804
1199.549804
1199.549804
1199.549804
1199.549804
1199.549804
1199.549804
1199.549804
1199.549804
1199.549804
1199.549804
1199.549804
1199.549804
1199.549804
1199.549804
1199.549804
1199.549804
1199.549804
1199.549804
1199.549804
1199.549804
1199.549804
1199.549804
1199.549804
1199.549804
1199.549804
1199.549804
1199.549804
1199.549804
1199.549804
1199.549804
1199.549804
1199.549804
1199.549804
1199.549804
1199.549804
1199.549804
1199.549804
1199.549804
1199.549804
1199.549804
1199.549804
1199.549804
1199.549804
1199.549804
1199.549804
1199.549804
1199.549804
1199.549804
1199.549804
1199.549804
1199.549804
1199.549804
1199.549804
1199.549804
1199.549804
1199.549804
1199.549804
1199.549804
1199.549804
1199.482555
1199.441829
1199.441829
1199.441829
1199.441829
1199.441829
1199.441829
1199.441829
1199.441829
1199.441829
1199.441829
1199.441829
1199.441829
1199.441829
1199.441829
1199.441829
1199.441829
1199.441829
1199.441829
1199.441829
1199.441829
1199.441829
1199.441829
1199.441829
1199.441829
1199.441829
1199.441829
1199.441829
1199.441829
1199.441829
1199.441829
1199.441829
1199.441829
1199.440460
1199.440460
1199.440460
1199.440460
1199.373132
1199.373132
1199.373132
1199.373132
1199.373132
1199.373132
1199.373132
1199.373132
1199.373132
1199.373132
1199.373132
1199.373132
1199.373132
1199.373132
1199.373132
1199.373132
1199.373132
1199.142106
1199.142106
1199.142106
1199.142106
1199.142106
1199.142106
1199.142106
1199.142106
1199.142106
1199.142106
1199.142106
1199.142106
1199.142106
1199.142106
1199.142106
1199.142106
1199.142106
1199.142106
1199.142106
1199.142106
1199.142106
1199.142106
1199.142106
1199.142106
1199.142106
1199.142106
1199.142106
1199.142106
1199.142106
1199.142106
1199.142106
1199.142106
1199.142106
1199.142106
1199.142106
1199.142106
1199.142106
1199.142106
1199.142106
1199.142106
1199.142106
1199.142106
1199.142106
1199.142106
1199.142106
1199.142106
1199.142106
1199.142106
1199.142106
1199.142106
1199.142106
1199.142106
1199.142106
1199.142106
1199.142106
1199.142106
1199.142106
1198.006680
1198.006680
1198.006680
1198.006680
1198.006680
1198.006680
1198.006680
1198.006680
1198.006680
1198.006680
1198.006680
1198.006680
1198.006680
1198.006680
1198.006680
1198.006680
1198.006680
1198.006680
1198.006680
1198.006680
1198.006680
1198.006680
1198.006680
1198.006680
1198.006680
1198.006680
1198.006680
1198.006680
1198.006680
1198.006680
1198.006680
1198.006680
1198.006680
1198.006680
1198.006680
1198.006680
1198.006680
1198.006680
1198.006680
1198.006680
1198.006680
1198.006680
1198.006680
1198.006680
1198.006680
1198.006680
1198.006680
1198.006680
1198.006680
1198.006680
1198.006680
1198.006680
1198.006680
1198.006680
1198.006680
1198.006680
1198.006680
1198.006680
1198.006680
1198.006680
1198.006680
1198.006680
1198.006680
1198.006680
1198.006680
1198.006680
1198.006680
1198.006680
1198.006680
1198.006680
1198.006680
1198.006680
1198.006680
1198.006680
1198.006680
1198.006680
1198.006680
1198.006680
1198.006680
1198.006680
1198.006680
1198.006680
1198.006680
1198.006680
1198.006680
1198.006680
1198.006680
1198.006680
1198.006680
1198.006680
1198.006680
1198.006680
1198.006680
1198.006680
1198.006680
1198.006680
1198.006680
1198.006680
1198.006680
1198.006680
1198.006680
1198.006680
1198.006680
1198.006680
1198.006680
1198.006680
1198.006680
1198.006680
1198.006680
1198.006680
1198.006680
1198.006680
1198.006680
1198.006680
1198.006680
1198.006680
1198.006680
1198.006680
1198.006680
1198.006680
1198.006680
1198.006680
1198.006680
1198.006680
1198.006680
1198.006680
1198.006680
1198.006680
1198.006680
1198.006680
1198.006680
1198.006680
1198.006680
1198.006680
1198.006680
1198.006680
1198.006680
1198.006680
1198.006680
1198.006680
1198.006680
1198.006680
1198.006680
1198.006680
1198.006680
1198.006680
1198.006680
1198.006680
1198.006680
1198.006680
1198.006680
1198.006680
1198.006680
1198.006680
1198.006680
1198.006680
1198.006680
1198.006680
1198.006680
1198.006680
1198.006680
1198.006680
1198.006680
1198.006680
1198.006680
1198.006680
1198.006680
1198.006680
1198.006680
1198.006680
1198.006680
1198.006680
1198.006680
1198.006680
1198.006680
1198.006680
1198.006680
1198.006680
1198.006680
1198.006680
1198.006680
1198.006680
1198.006680
1198.006680
1198.006680
1198.006680
1198.006680
1198.006680
1198.006680
1198.006680
1198.006680
1198.006680
1198.006680
1198.006680
1198.006680
1198.006680
1198.006680
1198.006680
1198.006680
1198.006680
1198.006680
1198.006680
1198.006680
1198.006680
1198.006680
1198.006680
1198.006680
1198.006680
1198.006680
1198.006680
1198.006680
1198.006680
1198.006680
1198.006680
1198.006680
1198.006680
1198.006680
1198.006680
1198.006680
1198.006680
1198.006680
1198.006680
1198.006680
1198.006680
1198.006680
1198.006680
1198.006680
1198.006680
1198.006680
1198.006680
1197.948763
1197.948763
1197.948763
1197.948763
1197.948763
1197.948763
1197.948763
1197.948763
1197.948763
1197.948763
1197.948763
1197.948763
1197.948763
1197.948763
1197.948763
1197.948763
1197.948763
1197.948763
1197.948763
1197.948763
1197.948763
1197.948763
1197.948763
1197.948763
1197.948763
1197.948763
1197.948763
1197.948763
1197.948763
1197.948763
1197.948763
1197.948763
1197.948763
1197.948763
1197.948763
1197.948763
1197.948763
1197.948763
1197.948763
1197.948763
1197.948763
1197.948763
1197.948763
1197.948763
1197.948763
1197.948763
1197.948763
1197.948763
1197.948763
1197.948763
1197.948763
1197.948763
1197.948763
1197.948763
1197.948763
1197.948763
1197.948763
1197.948763
1197.948763
1197.948763
1197.948763
1197.948763
1197.948763
1197.948763
1197.948763
1197.948763
1197.948763
1197.948763
1197.948763
1197.948763
1197.948763
1197.948763
1197.948763
1197.948763
1197.948763
1197.948763
1197.948763
1197.948763
1197.948763
1197.948763
1197.948763
1197.948763
1197.948763
1197.948763
1197.948763
1197.948763
1197.948763
1197.948763
1197.948763
1197.948763
1197.948763
1197.948763
1197.948763
1197.948763
1197.948763
1197.948763
1197.948763
1197.948763
1197.840085
1197.840085
1197.840085
1197.840085
1197.840085
1197.840085
1197.840085
1197.840085
1197.840085
1197.840085
1197.840085
1197.840085
1197.840085
1197.840085
1197.840085
1197.840085
1197.840085
1197.840085
1197.840085
1197.840085
1197.840085
1197.840085
1197.840085
1197.840085
1197.840085
1197.840085
1197.840085
1197.840085
1197.840085
1197.840085
1197.840085
1197.840085
1197.840085
1197.840085
1197.840085
1197.840085
1197.717214
1197.717214
1197.717214
1197.717214
1197.717214
1197.717214
1197.717214
1197.717214
1197.717214
1197.717214
1197.717214
1197.717214
1197.717214
1197.717214
1197.645830
1197.645830
1197.645830
1197.645830
1197.645830
1197.645830
1197.645830
1197.645830
1197.623347
1197.623347
1197.623347
1197.623347
1197.623347
1197.623347
1197.623347
1197.623347
1197.623347
1197.623347
1197.623347
1197.623347
1197.623347
1197.623347
1197.623347
1197.623347
1197.623347
1197.623347
1197.623347
1197.623347
1197.623347
1197.623347
1197.623347
1197.623347
1197.623347
1197.623347
1197.623347
1197.073993
1197.073993
1197.073993
1197.073993
1197.073993
1197.073993
1197.073993
1197.073993
1197.073993
1197.073993
1197.073993
1197.073993
1197.073993
1197.073993
1197.073993
1197.073993
1197.073993
1197.073993
1197.073993
1197.073993
1197.073993
1197.073993
1197.073993
1197.073993
1197.073993
1197.073993
1197.073993
1197.073993
1197.073993
1197.073993
1197.073993
1197.073993
1197.073993
1197.073993
1197.073993
1197.073993
1197.073993
1197.073993
1197.073993
1197.073993
1197.073993
1197.073993
1197.073993
1197.073993
1197.073993
1197.073993
1197.073993
1197.073993
1197.073993
1197.073993
1197.073993
1197.073993
1197.073993
1197.073993
1197.073993
1197.073993
1197.073993
1197.073993
1197.073993
1197.073993
1197.073993
1197.073993
1197.073993
1197.073993
1197.073993
1197.073993
1197.073993
1197.073993
1197.073993
1197.073993
1197.073993
1197.073993
1197.073993
1197.073993
1197.073993
1197.073993
1197.073993
1197.073993
1197.073993
1197.073993
1197.073993
1197.073993
1197.073993
1197.073993
1197.073993
1197.073993
1197.073993
1197.073993
1197.073993
1197.073993
1197.073993
1197.073993
1197.073993
1197.073993
1197.073993
1197.073993
1197.073993
1197.073993
1197.073993
1197.073993
1197.073993
1197.073993
1197.073993
1197.073993
1197.073993
1197.073993
1197.073993
1197.073993
1197.073993
1197.073993
1197.073993
1197.073993
1197.073993
1197.073993
1197.073993
1197.073993
1197.073993
1197.073993
1197.073993
1197.073993
1197.073993
1197.073993
1197.073993
1197.073993
1197.073993
1197.073993
1197.073993
1197.073993
1197.073993
1197.073993
1197.073993
1197.073993
1197.073993
1196.774513
1196.774513
1196.774513
1196.774513
1196.774513
1196.774513
1196.774513
1196.774513
1196.774513
1196.774513
1196.774513
1196.774513
1196.774513
1196.774513
1196.636272
1196.636272
1196.636272
1196.636272
1196.636272
1196.636272
1196.636272
1196.636272
1196.636272
1196.636272
1196.636272
1196.636272
1196.636272
1196.636272
1196.636272
1196.636272
1196.636272
1196.628066
1196.628066
1196.628066
1196.628066
1196.628066
1196.628066
1196.628066
1196.628066
1196.628066
1196.628066
1196.628066
1196.628066
1196.628066
1196.628066
1196.628066
1196.628066
1196.628066
1196.628066
1196.628066
1196.628066
1196.044071
1196.044071
1196.044071
1196.044071
1196.044071
1196.044071
1196.044071
1196.044071
1196.044071
1196.044071
1196.044071
1196.044071
1196.044071
1196.044071
1196.044071
1196.044071
1196.044071
1196.044071
1196.044071
1196.044071
1196.044071
1196.044071
1196.044071
1196.044071
1196.044071
1196.044071
1196.044071
1196.044071
1196.044071
1196.044071
1196.044071
1196.044071
1196.044071
1196.044071
1196.044071
1196.044071
1196.044071
1196.044071
1196.044071
1196.044071
1196.044071
1196.044071
1196.044071
1196.044071
1196.044071
1196.044071
1196.044071
1196.044071
1196.044071
1196.044071
1196.044071
1196.044071
1196.044071
1196.044071
1196.044071
1196.044071
1196.044071
1196.044071
1196.044071
1196.044071
1196.044071
1196.044071
1196.044071
1196.044071
1195.527166
1195.527166
1195.527166
1195.527166
1195.527166
1195.527166
1195.527166
1195.527166
1195.527166
1195.527166
1195.527166
1195.527166
1195.527166
1195.527166
1195.527166
1195.527166
1195.527166
1195.527166
1195.527166
1195.527166
1195.527166
1195.527166
1195.527166
1195.527166
1195.527166
1195.527166
1195.527166
1195.527166
1195.527166
1195.527166
1195.527166
1195.527166
1195.527166
1195.527166
1195.527166
1195.527166
1195.527166
1195.527166
1195.527166
1195.527166
1195.527166
1195.527166
1195.527166
1195.527166
1195.527166
1195.527166
1195.527166
1195.527166
1195.527166
1195.527166
1195.527166
1195.527166
1195.527166
1195.527166
1195.527166
1195.527166
1195.527166
1195.527166
1195.527166
1195.527166
1195.527166
1195.527166
1195.527166
1195.527166
1195.527166
1195.527166
1195.527166
1195.527166
1195.527166
1195.527166
1195.527166
1195.527166
1195.527166
1195.527166
1195.527166
1195.527166
1195.527166
1195.527166
1195.527166
1195.527166
1195.527166
1195.527166
1195.527166
1195.527166
1195.527166
1195.527166
1195.527166
1195.527166
1195.527166
1194.924586
1194.924586
1194.924586
1194.924586
1194.924586
1194.924586
1194.924586
1194.924586
1194.924586
1194.924586
1194.924586
1194.924586
1194.924586
1194.924586
1194.924586
1194.924586
1194.924586
1194.924586
1194.924586
1194.924586
1194.924586
1194.924586
1194.924586
1194.924586
1194.924586
1194.924586
1194.924586
1194.924586
1194.924586
1194.924586
1194.924586
1194.924586
1194.924586
1194.924586
1194.924586
1194.924586
1194.924586
1194.924586
1194.924586
1194.924586
1194.924586
1194.924586
1194.924586
1194.924586
1194.924586
1194.924586
1194.924586
1194.924586
1194.924586
1194.924586
1194.924586
1194.924586
1194.924586
1194.924586
1194.924586
1194.924586
1194.924586
1194.924586
1194.924586
1194.924586
1194.924586
1194.824451
1194.824451
1194.824451
1194.824451
1194.824451
1194.824451
1194.824451
1194.824451
1194.824451
1194.824451
1194.824451
1194.824451
1194.824451
1194.824451
1194.824451
1194.824451
1194.824451
1194.824451
1194.824451
1194.824451
1194.824451
1194.824451
1194.824451
1194.824451
1194.824451
1194.824451
1194.824451
1194.824451
1194.824451
1194.824451
1194.824451
1194.824451
1194.824451
1194.824451
1194.824451
1194.824451
1194.824451
1194.824451
1194.824451
1194.824451
1194.824451
1194.824451
1194.824451
1194.824451
1194.824451
1194.824451
1194.824451
1194.824451
1194.824451
1194.824451
1194.824451
1194.824451
1194.824451
1194.824451
1194.824451
1194.824451
1194.824451
1194.824451
1194.824451
1194.824451
1194.824451
1194.824451
1194.824451
1194.824451
1194.824451
1194.824451
1194.824451
1194.824451
1194.824451
1194.824451
1194.824451
1194.824451
1194.824451
1194.824451
1194.824451
1194.824451
1194.824451
1194.824451
1194.824451
1194.824451
1194.824451
1194.824451
1194.824451
1194.824451
1194.824451
1194.824451
1194.824451
1194.824451
1194.628928
1194.628928
1194.628928
1194.628928
1194.628928
1194.628928
1194.628928
1194.628928
1194.628928
1194.628928
1194.628928
1194.628928
1194.628928
1194.628928
1194.628928
1194.628928
1194.628928
1194.628928
1194.628928
1194.628928
1194.628928
1194.628928
1194.628928
1194.628928
1194.628928
1194.628928
1194.621277
1194.621277
1194.621277
1194.621277
1194.621277
1194.621277
1194.621277
1194.621277
1194.621277
1194.621277
1194.621277
1194.621277
1194.621277
1194.621277
1194.621277
1194.621277
1194.621277
1194.621277
1194.621277
1194.621277
1194.621277
1194.621277
1194.621277
1194.621277
1194.621277
1194.621277
1194.621277
1194.621277
1194.621277
1194.204743
1194.204743
1194.204743
1194.204743
1194.204743
1194.204743
1194.204743
1194.204743
1194.204743
1194.204743
1194.204743
1194.204743
1194.204743
1194.204743
1194.204743
1194.204743
1194.204743
1194.204743
1194.204743
1194.204743
1194.204743
1194.204743
1194.204743
1194.204743
1194.204743
1194.204743
1194.204743
1194.204743
1194.204743
1194.204743
1194.204743
1194.204743
1194.204743
1194.204743
1194.204743
1194.204743
1194.204743
1194.204743
1194.204743
1194.204743
1194.204743
1194.204743
1194.204743
1194.204743
1194.204743
1194.204743
1194.204743
1194.204743
1194.204743
1194.204743
1194.204743
1194.204743
1194.204743
1194.204743
1194.204743
1194.204743
1194.204743
1194.204743
1194.204743
1194.204743
1194.204743
1194.204743
1194.204743
1194.204743
1194.204743
1194.204743
1194.204743
1194.204743
1194.204743
1194.204743
1194.204743
1194.204743
1194.204743
1194.204743
1194.204743
1194.204743
1194.204743
1194.204743
1194.204743
1194.204743
1194.204743
1193.996256
1193.996256
1193.996256
1193.996256
1193.996256
1193.996256
1193.996256
1193.996256
1193.996256
1193.815055
1193.815055
1193.815055
1193.815055
1193.815055
1193.815055
1193.815055
1193.815055
1193.815055
1193.815055
1193.815055
1193.815055
1193.815055
1193.815055
1193.815055
1193.815055
1193.815055
1193.815055
1193.815055
1193.815055
1193.815055
1193.815055
1193.815055
1193.815055
1193.815055
1193.815055
1193.815055
1193.815055
1193.815055
1193.815055
1193.815055
1193.815055
1193.815055
1193.815055
1193.815055
1193.815055
1193.815055
1193.815055
1193.815055
1193.815055
1193.815055
1193.815055
1193.815055
1193.815055
1193.815055
1193.815055
1193.815055
1193.815055
1193.815055
1193.815055
1193.815055
1193.815055
1193.815055
1193.815055
1193.815055
1193.815055
1193.743940
1193.743940
1193.743940
1193.743940
1193.743940
1193.743940
1193.743940
1193.743940
1193.743940
1193.743940
1193.743940
1193.743940
1193.743940
1193.743940
1193.743940
1193.742882
1193.742882
1193.742882
1193.742882
1193.742882
1193.742882
1193.742882
1193.742882
1193.742882
1193.742882
1193.742882
1193.742882
1193.742882
1193.742882
1193.742882
1193.742882
1193.742882
1193.742882
1193.742882
1193.742882
1193.742882
1193.484192
1193.484192
1193.484192
1193.484192
1193.484192
1193.484192
1193.484192
1193.484192
1193.484192
1193.484192
1193.484192
1193.484192
1193.484192
1193.484192
1193.484192
1193.484192
1193.484192
1193.484192
1193.484192
1193.484192
1193.484192
1193.484192
1193.484192
1193.484192
1193.484192
1193.484192
1193.484192
1193.484192
1193.484192
1193.484192
1193.484192
1193.484192
1193.484192
1193.484192
1193.484192
1193.484192
1193.484192
1193.484192
1193.484192
1193.484192
1193.484192
1193.484192
1193.484192
1193.484192
1193.484192
1193.484192
1193.418643
1193.418643
1193.418643
1193.418643
1193.418643
1193.418643
1193.294503
1193.294503
1193.294503
1193.294503
1193.294503
1193.294503
1193.294503
1193.294503
1193.294503
1193.294503
1193.294503
1193.294503
1193.294503
1193.294503
1193.294503
1193.294503
1193.294503
1193.294503
1193.294503
1193.294503
1193.294503
1193.294503
1193.294503
1193.294503
1193.294503
1193.294503
1193.294503
1193.294503
1193.294503
1193.294503
1193.294503
1193.294503
1193.294503
1193.294503
1193.294503
1193.294503
1193.294503
1193.294503
1193.294503
1193.294503
1193.294503
1193.294503
1193.294503
1193.294503
1193.294503
1193.294503
1193.294503
1193.294503
1193.294503
1193.294503
1193.294503
1193.294503
1193.294503
1193.294503
1193.294503
1193.294503
1193.294503
1193.294503
1193.294503
1193.294503
1193.294503
1193.294503
1193.294503
1193.294503
1193.294503
1193.294503
1193.294503
1193.294503
1193.294503
1193.294503
1193.294503
1193.294503
1193.294503
1193.294503
1193.294503
1193.294503
1193.294503
1193.294503
1193.294503
1193.294503
1193.294503
1193.294503
1193.294503
1193.294503
1193.294503
1193.268533
1193.268533
1193.268533
1193.268533
1193.268533
1193.268533
1193.006781
1193.006781
1193.006781
1193.006781
1193.006781
1193.006781
1193.006781
1193.006781
1193.006781
1193.006781
1193.006781
1193.006781
1193.006781
1193.006781
1193.006781
1193.006781
1193.006781
1193.006781
1193.006781
1193.006781
1193.006781
1193.006781
1192.543282
1192.543282
1192.543282
1192.543282
1192.543282
1192.543282
1192.543282
1192.543282
1192.543282
1192.543282
1192.543282
1192.543282
1192.543282
1192.543282
1192.543282
1192.543282
1192.543282
1192.543282
1192.543282
1192.543282
1192.543282
1192.543282
1192.543282
1192.543282
1192.543282
1192.543282
1192.543282
1192.543282
1192.543282
1192.543282
1192.543282
1192.543282
1192.543282
1192.543282
1192.543282
1192.543282
1192.543282
1192.543282
1192.543282
1192.543282
1192.543282
1192.543282
1192.543282
1192.543282
1192.543282
1192.543282
1192.543282
1192.543282
1192.543282
1192.543282
1192.543282
1192.543282
1192.543282
1192.543282
1192.543282
1192.543282
1192.543282
1192.543282
1192.543282
1192.543282
1192.543282
1192.543282
1192.543282
1192.543282
1192.543282
1192.543282
1192.543282
1192.543282
1192.543282
1192.543282
1192.543282
1192.543282
1192.543282
1192.543282
1192.543282
1192.543282
1192.543282
1192.543282
1192.543282
1192.543282
1192.543282
1192.543282
1192.543282
1192.543282
1192.543282
1192.543282
1192.543282
1192.543282
1192.543282
1192.543282
1192.543282
1192.543282
1192.543282
1192.543282
1192.543282
1192.543282
1192.543282
1192.543282
1192.543282
1192.543282
1192.543282
1192.543282
1192.543282
1192.543282
1192.543282
1192.543282
1192.543282
1192.543282
1192.543282
1192.543282
1192.543282
1192.543282
1192.543282
1192.543282
1192.543282
1192.543282
1192.543282
1192.543282
1192.543282
1192.543282
1192.543282
1192.543282
1192.543282
1192.543282
1192.543282
1192.543282
1192.543282
1192.543282
1192.543282
1192.543282
1192.543282
1192.543282
1192.543282
1192.543282
1192.543282
1192.543282
1192.543282
1192.543282
1192.543282
1192.543282
1192.543282
1192.543282
1192.543282
1192.543282
1192.543282
1192.543282
1192.543282
1192.543282
1192.543282
1192.543282
1192.543282
1192.543282
1192.543282
1192.543282
1192.543282
1192.543282
1192.543282
1192.543282
1192.543282
1192.543282
1192.543282
1192.543282
1192.543282
1192.543282
1192.543282
1192.543282
1192.543282
1192.543282
1192.543282
1192.488162
1192.488162
1192.488162
1192.488162
1192.488162
1192.488162
1192.488162
1192.488162
1192.488162
1192.488162
1192.488162
1192.488162
1192.488162
1192.488162
1192.369203
1192.369203
1192.369203
1192.369203
1192.369203
1192.369203
1192.369203
1192.369203
1192.369203
1192.369203
1192.369203
1192.369203
1192.369203
1192.369203
1192.369203
1192.369203
1192.369203
1192.369203
1192.369203
1192.369203
1192.369203
1192.369203
1192.369203
1192.369203
1192.369203
1192.369203
1192.369203
1192.369203
1192.369203
1192.369203
1192.369203
1192.369203
1192.369203
1192.369203
1192.369203
1192.369203
1192.369203
1192.369203
1192.369203
1192.369203
1192.369203
1192.369203
1192.369203
1192.369203
1192.369203
1192.369203
1192.369203
1192.369203
1192.369203
1192.369203
1192.369203
1192.369203
1192.369203
1192.369203
1192.369203
1192.369203
1192.369203
1192.369203
1192.369203
1192.369203
1192.369203
1192.369203
1192.248364
1192.248364
1192.248364
1192.248364
1192.248364
1192.248364
1192.248364
1192.248364
1192.248364
1192.248364
1192.248364
1192.248364
1192.248364
1192.248364
1192.248364
1192.248364
1192.248364
1192.248364
1192.248364
1192.248364
1192.248364
1192.248364
1192.248364
1192.248364
1192.248364
1192.248364
1192.248364
1192.248364
1192.248364
1192.248364
1192.248364
1192.248364
1192.091839
1192.091839
1192.091839
1192.091839
1192.091839
1192.091839
1192.091839
1192.091839
1192.091839
1192.091839
1192.091839
1192.091839
1192.091839
1192.091839
1192.091839
1192.091839
1192.091839
1192.091839
1192.091839
1192.091839
1192.091839
1192.091839
1192.091839
1192.091839
1192.091839
1192.091839
1192.091839
1192.091839
1192.091839
1191.948184
1191.948184
1191.574999
1191.574999
1191.574999
1191.574999
1191.574999
1191.574999
1191.574999
1191.574999
1191.574999
1191.574999
1191.574999
1191.574999
1191.574999
1191.574999
1191.574999
1191.574999
1191.574999
1191.574999
1191.574999
1191.574999
1191.574999
1191.574999
1191.574999
1191.574999
1191.574999
1191.574999
1191.574999
1191.574999
1191.574999
1191.574999
1191.574999
1191.574999
1191.574999
1191.574999
1191.574999
1191.574999
1191.574999
1191.574999
1191.574999
1191.574999
1191.574999
1191.574999
1191.574999
1191.574999
1191.574999
1191.574999
1191.574999
1191.574999
1191.574999
1191.574999
1191.574999
1191.574999
1191.574999
1191.574999
1191.574999
1191.574999
1191.574999
1191.574999
1191.574999
1191.574999
1191.574999
1191.574999
1191.574999
1191.574999
1191.574999
1191.574999
1191.574999
1191.574999
1191.574999
1191.574999
1191.574999
1191.574999
1191.574999
1191.574999
1191.574999
1191.574999
1191.574999
1191.574999
1191.574999
1191.574999
1191.574999
1191.574999
1191.574999
1191.574999
1191.574999
1191.574999
1191.574999
1191.574999
1191.574999
1191.574999
1191.131601
1191.131601
1191.131601
1191.131601
1191.131601
1191.131601
1191.131601
1191.131601
1191.131601
1191.131601
1191.131601
1191.131601
1191.131601
1191.131601
1191.131601
1191.131601
1191.131601
1191.131601
1191.131601
1191.131601
1191.131601
1191.131601
1191.131601
1191.131601
1191.131601
1191.131601
1191.131601
1191.131601
1191.131601
1191.131601
1191.131601
1191.131601
1191.131601
1191.131601
1191.131601
1191.131601
1191.131601
1191.131601
1191.131601
1191.131601
1191.131601
1191.131601
1191.131601
1191.131601
1191.131601
1191.131601
1191.131601
1191.131601
1191.131601
1191.131601
1191.131601
1191.131601
1191.131601
1191.131601
1191.131601
1191.131601
1191.131601
1191.131601
1191.131601
1191.131601
1191.131601
1191.131601
1191.131601
1191.131601
1191.131601
1191.131601
1191.131601
1191.131601
1191.131601
1191.131601
1191.131601
1191.131601
1191.131601
1191.065138
1191.065138
1191.065138
1191.065138
1191.065138
1191.065138
1191.065138
1191.065138
1191.065138
1191.065138
1191.065138
1190.644761
1190.644761
1190.644761
1190.644761
1190.644761
1190.644761
1190.644761
1190.644761
1190.644761
1190.644761
1190.644761
1190.644761
1190.644761
1190.644761
1190.644761
1190.644761
1190.644761
1190.644761
1190.644761
1190.644761
1190.644761
1190.644761
1190.644761
1190.644761
1190.644761
1190.644761
1190.644761
1190.644761
1190.644761
1190.644761
1190.644761
1190.644761
1190.644761
1190.644761
1190.644761
1190.644761
1190.644761
1190.644761
1190.644761
1190.644761
1190.644761
1190.644761
1190.644761
1190.644761
1190.644761
1190.644761
1190.644761
1190.644761
1190.644761
1190.644761
1190.644761
1190.644761
1190.644761
1190.644761
1190.644761
1190.644761
1190.644761
1190.644761
1190.644761
1190.644761
1190.644761
1190.644761
1190.644761
1190.644761
1190.644761
1190.644761
1190.644761
1190.644761
1190.644761
1190.644761
1190.644761
1190.644761
1190.644761
1190.644761
1190.644761
1190.644761
1190.644761
1190.644761
1190.644761
1190.644761
1190.644761
1190.392891
1190.392891
1190.392891
1190.392891
1190.392891
1190.392891
1190.392891
1190.392891
1190.392891
1190.392891
1190.392891
1190.392891
1190.392891
1190.392891
1190.392891
1190.392891
1190.392891
1190.392891
1190.392891
1190.392891
1190.392891
1190.392891
1190.392891
1190.392891
1190.392891
1190.392891
1190.392891
1190.392891
1190.392891
1190.392891
1190.369157
1190.369157
1190.369157
1190.369157
1190.369157
1190.369157
1190.369157
1190.369157
1190.369157
1190.369157
1190.369157
1190.369157
1190.369157
1190.369157
1190.369157
1190.369157
1190.369157
1190.369157
1190.369157
1190.369157
1190.369157
1190.369157
1190.369157
1190.369157
1190.369157
1190.369157
1190.369157
1190.369157
1190.369157
1190.369157
1190.369157
1190.369157
1190.369157
1190.369157
1190.369157
1190.369157
1190.369157
1190.369157
1190.369157
1190.154329
1190.154329
1190.154329
1190.154329
1190.154329
1190.154329
1190.154329
1190.154329
1190.154329
1190.154329
1190.154329
1190.154329
1190.154329
1190.154329
1190.154329
1190.154329
1190.154329
1190.154329
1190.154329
1190.154329
1190.154329
1190.154329
1190.154329
1190.154329
1190.154329
1190.154329
1190.041973
1190.041973
1190.041973
1190.041973
1190.041973
1190.041973
1190.041973
1190.041973
1190.041973
1190.041973
1190.041973
1190.041973
1190.041973
1190.041973
1190.041973
1190.041973
1190.041973
1190.041973
1190.041973
1190.041973
1190.041973
1190.041973
1190.041973
1190.041973
1190.041973
1190.041973
1190.041973
1190.041973
1190.041973
1190.041973
1190.041973
1190.041973
1190.041973
1190.041973
1190.041973
1190.041973
1190.041973
1190.041973
1190.041973
1190.041973
1190.041973
1190.041973
1190.041973
1190.041973
1190.041973
1190.041973
1190.041973
1190.041973
1190.041973
1190.041973
1190.041973
1190.041973
1190.041973
1190.041973
1190.041973
1190.041973
1190.041973
1190.041973
1190.041973
1190.041973
1190.041973
1190.041973
1190.041973
1190.041973
1190.041973
1190.041973
1190.041973
1190.041973
1190.041973
1190.041973
1190.041973
1190.041973
1190.041973
1190.041973
1190.041973
1190.041973
1190.041973
1190.041973
1190.041973
1190.041973
1190.041973
1190.041973
1190.041973
1190.041973
1190.041973
1190.041973
1190.041973
1190.041973
1190.041973
1190.041973
1190.041973
1190.041973
1190.041973
1190.041973
1190.041973
1190.041973
1190.041973
1190.041973
1190.041973
1190.041973
1190.041973
1190.041973
1190.041973
1190.041973
1190.041973
1190.041973
1190.041973
1190.041973
1190.041973
1190.041973
1190.041973
1190.041973
1190.041973
1189.665901
1189.665901
1189.665901
1189.665901
1189.665901
1189.665901
1189.665901
1189.665901
1189.665901
1189.665901
1189.665901
1189.665901
1189.665901
1189.665901
1189.665901
1189.665901
1189.665901
1189.665901
1189.665901
1189.665901
1189.665901
1189.665901
1189.665901
1189.665901
1189.665901
1189.665901
1189.665901
1189.665901
1189.665901
1189.665901
1189.665901
1189.665901
1189.665901
1189.665901
1189.665901
1189.665901
1189.665901
1189.665901
1189.665901
1189.665901
1189.665901
1189.665901
1189.665901
1189.665901
1189.665901
1189.665901
1189.665901
1189.665901
1189.483328
1189.483328
1189.483328
1189.483328
1189.483328
1189.483328
1189.483328
1189.483328
1189.483328
1189.483328
1189.483328
1189.483328
1189.483328
1189.483328
1189.483328
1189.483328
1189.483328
1189.483328
1189.483328
1189.483328
1189.483328
1189.483328
1189.483328
1189.483328
1189.483328
1189.483328
1189.483328
1189.483328
1189.483328
1189.483328
1189.483328
1189.483328
1189.483328
1189.483328
1189.483328
1189.483328
1189.483328
1189.483328
1189.483328
1189.483328
1189.483328
1189.483328
1189.483328
1189.483328
1189.483328
1189.483328
1189.483328
1189.483328
1189.483328
1189.483328
1189.483328
1189.483328
1189.483328
1189.483328
1189.483328
1189.483328
1189.483328
1189.483328
1189.483328
1189.483328
1189.483328
1189.483328
1189.046230
1189.046230
1189.046230
1189.046230
1189.046230
1189.046230
1189.046230
1189.046230
1189.046230
1189.046230
1189.046230
1189.046230
1189.046230
1189.046230
1189.046230
1189.046230
1189.046230
1189.046230
1189.046230
1189.046230
1189.046230
1189.046230
1189.046230
1189.046230
1189.046230
1189.046230
1189.046230
1189.046230
1189.046230
1189.046230
1189.046230
1189.046230
1189.046230
1189.046230
1189.046230
1189.046230
1189.046230
1189.046230
1189.046230
1189.046230
1189.046230
1189.046230
1189.046230
1189.046230
1189.046230
1189.046230
1189.046230
1189.046230
1189.046230
1189.046230
1189.046230
1189.046230
1189.046230
1189.046230
1189.046230
1189.046230
1189.046230
1189.046230
1189.046230
1189.046230
1189.046230
1189.046230
1189.046230
1189.046230
1189.046230
1189.046230
1189.046230
1189.046230
1189.046230
1189.046230
1189.046230
1189.046230
1189.046230
1189.046230
1189.046230
1189.046230
1189.046230
1189.046230
1189.046230
1189.046230
1189.046230
1189.046230
1189.046230
1189.046230
1189.046230
1189.046230
1189.046230
1189.046230
1189.046230
1189.046230
1189.046230
1189.046230
1189.046230
1189.046230
1189.046230
1189.046230
1189.046230
1189.046230
1189.046230
1189.046230
1188.846912
1188.846912
1188.846912
1188.846912
1188.846912
1188.846912
1188.846912
1188.846912
1188.846912
1188.846912
1188.846912
1188.846912
1188.846912
1188.846912
1188.846912
1188.846912
1188.846912
1188.846912
1188.846912
1188.846912
1188.846912
1188.846912
1188.846912
1188.846912
1188.846912
1188.846912
1188.846912
1188.846912
1188.846912
1188.846912
1188.846912
1188.846912
1188.846912
1188.846912
1188.846912
1188.846912
1188.846912
1188.846912
1188.846912
1188.846912
1188.846912
1188.846912
1188.846912
1188.846912
1188.846912
1188.846912
1188.846912
1188.846912
1188.846912
1188.846912
1188.846912
1188.846912
1188.846912
1188.846912
1188.846912
1188.846912
1188.846912
1188.846912
1188.846912
1188.846912
1188.846912
1188.846912
1188.846912
1188.846912
1188.846912
1188.846912
1188.846912
1188.846912
1188.846912
1188.846912
1188.846912
1188.846912
1188.846912
1188.846912
1188.846912
1188.846912
1188.846912
1188.846912
1188.846912
1188.846912
1188.846912
1188.846912
1188.846912
1188.846912
1188.846912
1188.846912
1188.846912
1188.846912
1188.846912
1188.846912
1188.846912
1188.846912
1188.846912
1188.846912
1188.846912
1188.846912
1188.846912
1188.846912
1188.846912
1188.846912
1188.846912
1188.846912
1188.846912
1188.846912
1188.846912
1188.846912
1188.846912
1188.846912
1188.846912
1188.846912
1188.846912
1188.846912
1188.846912
1188.846912
1188.846912
1188.846912
1188.846912
1188.846912
1188.846912
1188.846912
1188.846912
1188.846912
1188.846912
1188.846912
1188.846912
1188.846912
1188.846912
1188.846912
1188.846912
1188.846912
1188.846912
1188.846912
1188.846912
1188.846912
1188.846912
1188.846912
1188.846912
1188.846912
1188.846912
1188.846912
1188.846912
1188.846912
1188.846912
1188.846912
1188.846912
1188.846912
1188.846912
1188.846912
1188.846912
1188.846912
1188.846912
1188.846912
1188.846912
1188.846912
1188.846912
1188.846912
1188.846912
1188.846912
1188.846912
1188.846912
1188.846912
1188.846912
1188.846912
1188.846912
1188.846912
1188.846912
1188.846912
1188.846912
1188.846912
1188.846912
1188.846912
1188.846912
1188.846912
1188.846912
1188.846912
1188.846912
1188.846912
1188.846912
1188.845245
1188.845245
1188.845245
1188.845245
1188.845245
1188.845245
1188.845245
1188.845245
1188.845245
1188.845245
1188.845245
1188.845245
1188.845245
1188.845245
1188.845245
1188.845245
1188.845245
1188.845245
1188.845245
1188.845245
1188.845245
1188.845245
1188.845245
1188.845245
1188.845245
1188.845245
1188.845245
1188.845245
1188.845245
1188.845245
1188.845245
1188.845245
1188.845245
1188.845245
1188.845245
1188.845245
1188.845245
1188.845245
1188.845245
1188.845245
1188.845245
1188.845245
1188.845245
1188.845245
1188.845245
1188.845245
1188.845245
1188.845245
1188.845245
1188.845245
1188.845245
1188.845245
1188.845245
1188.845245
1188.845245
1188.845245
1188.747774
1188.747774
1188.747774
1188.747774
1188.747774
1188.747774
1188.747774
1188.747774
1188.747774
1188.747774
1188.747774
1188.747774
1188.747774
1188.747774
1188.747774
1188.747774
1188.747774
1188.747774
1188.747774
1188.747774
1188.747774
1188.747774
1188.747774
1188.747774
1188.747774
1188.747774
1188.747774
1188.747774
1188.747774
1188.747774
1188.747774
1188.747774
1188.747774
1188.605288
1188.605288
1188.605288
1188.605288
1188.605288
1188.605288
1188.605288
1188.605288
1188.605288
1188.605288
1188.605288
1188.605288
1188.605288
1188.605288
1188.605288
1188.605288
1188.605288
1188.605288
1188.605288
1188.605288
1188.605288
1188.605288
1188.605288
1188.605288
1188.605288
1188.605288
1188.605288
1188.605288
1188.605288
1188.605288
1188.605288
1188.605288
1188.605288
1188.605288
1188.605288
1188.605288
1188.605288
1188.605288
1188.605288
1188.605288
1188.605288
1188.605288
1188.605288
1188.605288
1188.605288
1188.605288
1188.605288
1188.605288
1188.605288
1188.605288
1188.605288
1188.605288
1188.605288
1188.605288
1188.605288
1188.605288
1188.605288
1188.605288
1188.605288
1188.605288
1188.605288
1188.605288
1188.605288
1188.605288
1188.605288
1188.605288
1188.605288
1188.605288
1188.605288
1188.605288
1188.605288
1188.605288
1188.605288
1188.605288
1188.605288
1188.605288
1188.605288
1188.605288
1188.605288
1188.605288
1188.605288
1188.605288
1188.605288
1188.605288
1188.605288
1188.605288
1188.605288
1188.605288
1188.605288
1188.605288
1188.605288
1188.605288
1188.605288
1188.605288
1188.605288
1188.605288
1188.605288
1188.605288
1188.605288
1188.605288
1188.605288
1188.605288
1188.605288
1188.605288
1188.605288
1188.605288
1188.605288
1188.605288
1188.605288
1188.605288
1188.605288
1188.605288
1188.605288
1188.605288
1188.605288
1188.605288
1188.605288
1188.605288
1188.605288
1188.605288
1188.605288
1188.605288
1188.605288
1188.605288
1188.605288
1188.605288
1188.605288
1188.605288
1188.605288
1188.605288
1188.605288
1188.605288
1188.605288
1188.605288
1188.605288
1188.605288
1188.605288
1188.605288
1188.605288
1188.605288
1188.605288
1188.605288
1188.605288
1188.605288
1188.605288
1188.605288
1188.605288
1188.605288
1188.605288
1188.605288
1188.605288
1188.605288
1188.605288
1188.605288
1188.605288
1188.605288
1188.605288
1188.605288
1188.605288
1188.605288
1188.605288
1188.605288
1188.605288
1188.605288
1188.605288
1188.605288
1188.605288
1188.605288
1188.605288
1188.605288
1188.605288
1188.605288
1188.605288
1188.605288
1188.605288
1188.605288
1188.605288
1188.605288
1188.605288
1188.605288
1188.605288
1188.605288
1188.605288
1188.605288
1188.605288
1188.605288
1188.605288
1188.605288
1188.605288
1188.605288
1188.605288
1188.605288
1188.605288
1188.605288
1188.605288
1188.605288
1188.605288
1188.605288
1188.605288
1188.605288
1188.605288
1188.605288
1188.605288
1188.605288
1188.605288
1188.605288
1188.605288
1188.605288
1188.605288
1188.605288
1188.605288
1188.604812
1188.604812
1188.604812
1188.604812
1188.604812
1188.604812
1188.604812
1188.604812
1188.604812
1188.604812
1188.604812
1188.604812
1188.604812
1188.604812
1188.604812
1188.604812
1188.604812
1188.604812
1188.604812
1188.604812
1188.604812
1188.604812
1188.604812
1188.604812
1188.604812
1188.604812
1188.604812
1188.604812
1188.604812
1188.604812
1188.604812
1188.604812
1188.572692
1188.572692
1188.572692
1188.572692
1188.572692
1188.572692
1188.572692
1188.572692
1188.572692
1188.572692
1188.572692
1188.572692
1188.572692
1188.572692
1188.572692
1188.572692
1188.572692
1188.572692
1188.572692
1188.572692
1188.572692
1188.572692
1188.572692
1188.572692
1188.572692
1188.572692
1188.572692
1188.572692
1188.572692
1188.572692
1188.572692
1188.572692
1188.572692
1188.572692
1188.572692
1188.572692
1188.572692
1188.572692
1188.572692
1188.572692
1188.572692
1188.572692
1188.572692
1188.572692
1188.572692
1188.572692
1188.572692
1188.572692
1188.572692
1188.572692
1188.432332
1188.432332
1188.432332
1188.432332
1188.432332
1188.432332
1188.432332
1188.432332
1188.432332
1188.432332
1188.432332
1188.432332
1188.432332
1188.432332
1188.432332
1188.432332
1188.432332
1188.432332
1188.432332
1188.432332
1188.432332
1188.432332
1188.432332
1188.432332
1188.432332
1188.432332
1188.432332
1188.432332
1188.432332
1188.432332
1188.432332
1188.432332
1188.432332
1188.432332
1188.432332
1188.432332
1188.432332
1188.432332
1188.432332
1188.432332
1188.432332
1188.432332
1188.432332
1188.432332
1188.432332
1188.432332
1188.432332
1188.432332
1188.432332
1188.432332
1188.432332
1188.432332
1188.432332
1188.432332
1188.432332
1188.432332
1188.432332
1188.432332
1188.432332
1188.432332
1188.432332
1188.432332
1188.432332
1188.432332
1188.432332
1188.432332
1188.432332
1188.432332
1188.432332
1188.432332
1188.432332
1188.432332
1188.432332
1188.432332
1188.432332
1188.432332
1188.432332
1188.432332
1188.432332
1188.432332
1188.432332
1188.432332
1188.432332
1188.432332
1188.432332
1188.432332
1188.432332
1188.432332
1188.432332
1188.432332
1188.432332
1188.432332
1188.432332
1188.432332
1188.432332
1188.432332
1188.432332
1188.432332
1188.432332
1188.432332
1188.432332
1188.432332
1188.432332
1188.432332
1188.432332
1188.432332
1188.432332
1188.432332
1188.432332
1188.432332
1188.432332
1188.432332
1188.432332
1188.432332
1188.219290
1188.219290
1188.219290
1188.219290
1188.219290
1188.219290
1188.219290
1188.219290
1188.219290
1188.219290
1188.219290
1188.219290
1188.219290
1188.219290
1188.219290
1188.219290
1188.219290
1188.219290
1188.219290
1188.219290
1188.219290
1188.219290
1188.219290
1188.219290
1188.219290
1188.219290
1188.219290
1188.219290
1188.219290
1188.219290
1188.219290
1188.219290
1188.219290
1188.219290
1188.219290
1188.219290
1188.219290
1188.219290
1188.219290
1188.219290
1188.219290
1188.219290
1188.219290
1188.219290
1188.219290
1188.219290
1188.219290
1188.219290
1188.219290
1188.219290
1188.219290
1188.219290
1188.219290
1188.219290
1188.219290
1188.219290
1188.219290
1188.219290
1188.219290
1188.219290
1188.219290
1188.219290
1188.219290
1188.219290
1188.219290
1188.219290
1188.219290
1188.219290
1188.219290
1188.219290
1188.219290
1188.219290
1188.219290
1188.219290
1188.219290
1188.219290
1188.219290
1188.219290
1188.219290
1188.219290
1188.219290
1188.219290
1188.219290
1188.219290
1188.219290
1188.219290
1188.219290
1188.219290
1188.219290
1188.219290
1188.219290
1188.219290
1188.219290
1188.219290
1188.219290
1188.219290
1188.219290
1188.219290
1188.219290
1188.219290
1188.219290
1188.219290
1188.219290
1188.219290
1188.219290
1188.219290
1188.164832
1188.164832
1188.164832
1188.164832
1188.164832
1188.164832
1188.164832
1188.164832
1188.164832
1188.164832
1188.164832
1188.164832
1188.164832
1188.164832
1188.164832
1188.164832
1188.164832
1188.164832
1188.164832
1188.164832
1188.164832
1188.164832
1188.164832
1188.164832
1188.164832
1187.911048
1187.911048
1187.911048
1187.911048
1187.911048
1187.911048
1187.911048
1187.911048
1187.911048
1187.911048
1187.911048
1187.911048
1187.911048
1187.911048
1187.911048
1187.911048
1187.911048
1187.911048
1187.911048
1187.911048
1187.911048
1187.911048
1187.911048
1187.911048
1187.911048
1187.911048
1187.911048
1187.911048
1187.911048
1187.911048
1187.911048
1187.911048
1187.705476
1187.705476
1187.705476
1187.705476
1187.705476
1187.705476
1187.705476
1187.705476
1187.705476
1187.705476
1187.705476
1187.705476
1187.705476
1187.705476
1187.705476
1187.705476
1187.705476
1187.705476
1187.705476
1187.705476
1187.705476
1187.705476
1187.705476
1187.705476
1187.705476
1187.705476
1187.705476
1187.705476
1187.705476
1187.705476
1187.705476
1187.705476
1187.705476
1187.705476
1187.705476
1187.705476
1187.705476
1187.705476
1187.705476
1187.705476
1187.705476
1187.705476
1187.705476
1187.705476
1187.705476
1187.705476
1187.705476
1187.705476
1187.705476
1187.705476
1187.705476
1187.705476
1187.705476
1187.705476
1187.705476
1187.705476
1187.705476
1187.705476
1187.705476
1187.705476
1187.705476
1187.705476
1187.705476
1187.705476
1187.705476
1187.705476
1187.705476
1187.705476
1187.705476
1187.705476
1187.705476
1187.705476
1187.705476
1187.705476
1187.705476
1187.705476
1187.705476
1187.705476
1187.705476
1187.705476
1187.604043
1187.604043
1187.604043
1187.604043
1187.604043
1187.604043
1187.604043
1187.604043
1187.604043
1187.604043
1187.604043
1187.604043
1187.604043
1187.604043
1187.604043
1187.604043
1187.604043
1187.604043
1187.604043
1187.604043
1187.604043
1187.604043
1187.604043
1187.604043
1187.604043
1187.604043
1187.604043
1187.604043
1187.604043
1187.604043
1187.604043
1187.604043
1187.604043
1187.604043
1187.284502
1187.284502
1187.284502
1187.284502
1187.284502
1187.284502
1187.284502
1187.284502
1187.284502
1187.284502
1187.284502
1187.284502
1187.284502
1187.284502
1187.284502
1187.284502
1187.284502
1187.284502
1187.284502
1187.284502
1187.284502
1187.284502
1187.284502
1187.284502
1187.284502
1187.284502
1187.284502
1187.284502
1187.284502
1187.284502
1187.284502
1187.284502
1187.284502
1187.284502
1187.284502
1187.284502
1187.284502
1187.284502
1187.284502
1187.284502
1187.284502
1187.284502
1187.284502
1187.284502
1187.284502
1187.284502
1187.284502
1187.284502
1187.284502
1187.284502
1187.284502
1187.284502
1187.284502
1187.284502
1187.284502
1187.284502
1187.284502
1187.284502
1187.284502
1187.284502
1187.284502
1187.284502
1187.284502
1187.284502
1187.284502
1187.284502
1187.284502
1187.284502
1187.284502
1187.284502
1187.284502
1187.284502
1187.284502
1187.284502
1187.284502
1187.284502
1187.284502
1187.284502
1187.284502
1187.284502
1187.284502
1187.284502
1187.284502
1187.284502
1187.284502
1187.284502
1187.284502
1187.284502
1187.284502
1187.284502
1187.284502
1187.284502
1187.284502
1187.284502
1187.284502
1187.284502
1187.284502
1187.284502
1187.284502
1187.197724
1187.104420
1187.104420
1187.104420
1187.104420
1187.104420
1187.104420
1187.104420
1187.104420
1187.104420
1187.104420
1187.104420
1187.104420
1187.104420
1187.104420
1187.104420
1187.104420
1187.104420
1187.104420
1187.104420
1187.104420
1187.104420
1187.104420
1187.104420
1187.104420
1187.104420
1187.104420
1187.104420
1187.104420
1187.104420
1187.104420
1187.104420
1187.104420
1187.104420
1187.104420
1187.104420
1187.104420
1187.104420
1187.104420
1187.104420
1187.104420
1187.104420
1187.104420
1187.104420
1187.104420
1187.104420
1187.104420
1187.104420
1187.104420
1187.104420
1187.104420
1187.104420
1187.104420
1187.104420
1187.104420
1187.104420
1187.104420
1187.104420
1187.104420
1187.104420
1187.104420
1187.104420
1187.104420
1187.096774
1187.096774
1187.096774
1187.096774
1187.096774
1187.096774
1187.096774
1187.096774
1187.096774
1187.096774
1187.096774
1187.096774
1187.096774
1187.096774
1187.096774
1187.096774
1187.096774
1187.096774
1187.096774
1187.096774
1187.096774
1187.096774
1187.096774
1187.096774
1187.096774
1187.045696
1187.045696
1187.045696
1187.045696
1187.045696
1187.045696
1187.045696
1187.045696
1187.045696
1187.045696
1187.045696
1187.045696
1187.045696
1187.045696
1187.045696
1187.045696
1187.045696
1187.031096
1187.031096
1187.031096
1187.031096
1187.031096
1187.031096
1187.031096
1187.031096
1187.031096
1187.031096
1187.031096
1187.031096
1187.031096
1187.031096
1187.031096
1187.031096
1187.031096
1187.031096
1187.031096
1187.031096
1187.031096
1187.031096
1187.031096
1187.031096
1187.031096
1187.031096
1186.915315
1186.915315
1186.915315
1186.915315
1186.915315
1186.915315
1186.915315
1186.915315
1186.915315
1186.915315
1186.915315
1186.915315
1186.915315
1186.915315
1186.915315
1186.915315
1186.915315
1186.915315
1186.915315
1186.915315
1186.797364
1186.797364
1186.797364
1186.797364
1186.797364
1186.797364
1186.797364
1186.797364
1186.797364
1186.797364
1186.797364
1186.797364
1186.797364
1186.797364
1186.797364
1186.797364
1186.797364
1186.797364
1186.797364
1186.797364
1186.797364
1186.797364
1186.797364
1186.797364
1186.797364
1186.797364
1186.797364
1186.797364
1186.797364
1186.797364
1186.797364
1186.797364
1186.797364
1186.797364
1186.797364
1186.797364
1186.797364
1186.797364
1186.797364
1186.797364
1186.797364
1186.797364
1186.797364
1186.797364
1186.797364
1186.797364
1186.797364
1186.797364
1186.797364
1186.797364
1186.797364
1186.797364
1186.797364
1186.797364
1186.797364
1186.797364
1186.797364
1186.797364
1186.797364
1186.797364
1186.797364
1186.797364
1186.797364
1186.797364
1186.797364
1186.789834
1186.789834
1186.789834
1186.789834
1186.789834
1186.789834
1186.789834
1186.789834
1186.789834
1186.789834
1186.789834
1186.789834
1186.789834
1186.789834
1186.789834
1186.664250
1186.664250
1186.664250
1186.664250
1186.664250
1186.664250
1186.664250
1186.664250
1186.664250
1186.664250
1186.664250
1186.664250
1186.664250
1186.664250
1186.664250
1186.664250
1186.664250
1186.664250
1186.664250
1186.664250
1186.664250
1186.664250
1186.664250
1186.664250
1186.664250
1186.664250
1186.664250
1186.664250
1186.664250
1186.664250
1186.664250
1186.664250
1186.664250
1186.664250
1186.664250
1186.664250
1186.664250
1186.664250
1186.664250
1186.664250
1186.664250
1186.664250
1186.664250
1186.664250
1186.664250
1186.664250
1186.664250
1186.664250
1186.664250
1186.664250
1186.664250
1186.664250
1186.664250
1186.664250
1186.617537
1186.617537
1186.617537
1186.617537
1186.617537
1186.617537
1186.617537
1186.617537
1186.617537
1186.617537
1186.617537
1186.617537
1186.617537
1186.617537
1186.617537
1186.617537
1186.617537
1186.617537
1186.617537
1186.617537
1186.617537
1186.595820
1186.595820
1186.595820
1186.595820
1186.588142
1186.588142
1186.588142
1186.588142
1186.588142
1186.588142
1186.588142
1186.588142
1186.588142
1186.588142
1186.588142
1186.588142
1186.588142
1186.588142
1186.588142
1186.588142
1186.588142
1186.588142
1186.588142
1186.588142
1186.381216
1186.381216
1186.381216
1186.381216
1186.381216
1186.381216
1186.381216
1186.381216
1186.381216
1186.381216
1186.381216
1186.381216
1186.381216
1186.381216
1186.381216
1186.381216
1186.381216
1186.381216
1186.381216
1186.381216
1186.381216
1186.381216
1186.381216
1186.381216
1186.381216
1186.381216
1186.381216
1186.381216
1186.329163
1186.329163
1186.329163
1186.329163
1186.329163
1186.329163
1186.329163
1186.329163
1186.329163
1186.329163
1186.329163
1186.329163
1186.329163
1186.329163
1186.329163
1186.329163
1186.329163
1186.329163
1186.329163
1186.329163
1186.329163
1186.329163
1186.329163
1186.329163
1186.329163
1186.329163
1186.329163
1186.329163
1186.329163
1186.329163
1186.329163
1186.329163
1186.329163
1186.329163
1186.329163
1186.329163
1186.329163
1186.329163
1186.329163
1186.329163
1186.329163
1186.329163
1186.329163
1186.329163
1186.329163
1186.329163
1186.329163
1186.329163
1186.329163
1186.329163
1186.329163
1186.329163
1186.329163
1186.329163
1186.329163
1186.329163
1186.329163
1186.329163
1186.329163
1186.329163
1186.329163
1186.329163
1186.329163
1186.329163
1186.329163
1186.329163
1186.329163
1186.329163
1186.329163
1186.329163
1186.329163
1186.329163
1186.329163
1186.329163
1186.329163
1186.329163
1186.329163
1186.329163
1186.329163
1186.329163
1186.214153
1186.214153
1186.214153
1186.214153
1186.214153
1186.214153
1186.214153
1186.214153
1186.214153
1186.214153
1186.214153
1186.214153
1186.214153
1186.214153
1186.214153
1186.214153
1186.214153
1186.214153
1186.214153
1186.214153
1186.214153
1186.214153
1186.214153
1186.214153
1186.214153
1186.214153
1186.214153
1186.214153
1186.214153
1186.214153
1186.214153
1186.214153
1186.214153
1186.214153
1186.214153
1186.214153
1186.214153
1186.201332
1186.201332
1186.201332
1186.201332
1186.201332
1186.201332
1186.201332
1186.201332
1186.201332
1186.201332
1186.201332
1186.201332
1186.201332
1186.201332
1186.201332
1186.201332
1186.201332
1186.201332
1186.201332
1186.201332
1186.201332
1186.201332
1186.201332
1186.201332
1186.201332
1186.201332
1186.201332
1186.201332
1186.201332
1186.201332
1186.201332
1186.201332
1186.201332
1186.201332
1186.201332
1186.201332
1186.201332
1186.201332
1186.201332
1186.201332
1186.201332
1186.201332
1186.201332
1186.201332
1186.201332
1186.201332
1186.201332
1186.201332
1186.201332
1186.201332
1186.201332
1186.201332
1186.201332
1186.201332
1186.201332
1186.201332
1186.201332
1186.201332
1186.201332
1186.201332
1186.201332
1186.201332
1186.201332
1186.201332
1186.201332
1186.201332
1186.201332
1186.201332
1186.201332
1186.201332
1186.201332
1186.201332
1186.201332
1186.201332
1186.201332
1186.091256
1186.091256
1186.091256
1186.091256
1186.091256
1186.091256
1186.091256
1186.091256
1186.091256
1186.091256
1186.091256
1186.091256
1186.091256
1186.091256
1186.091256
1186.091256
1186.091256
1186.091256
1186.091256
1186.091256
1186.091256
1186.091256
1186.077996
1186.077996
1186.077996
1186.077996
1186.077996
1186.077996
1186.077996
1186.077996
1186.077996
1186.077996
1186.077996
1186.077996
1186.077996
1186.077996
1186.077996
1186.077996
1186.013446
1186.013446
1186.013446
1186.013446
1186.013446
1186.013446
1186.013446
1186.013446
1186.013446
1186.013446
1186.013446
1186.013446
1186.013446
1186.013446
1186.013446
1186.013446
1186.013446
1186.013446
1186.013446
1186.013446
1186.013446
1186.013446
1186.013446
1186.013446
1186.013446
1186.013446
1185.948511
1185.948511
1185.948511
1185.948511
1185.948511
1185.948511
1185.948511
1185.948511
1185.948511
1185.948511
1185.948511
1185.948511
1185.948511
1185.948511
1185.948511
1185.948511
1185.948511
1185.948511
1185.948511
1185.948511
1185.948511
1185.948511
1185.948511
1185.948511
1185.948511
1185.948511
1185.948511
1185.948511
1185.948511
1185.948511
1185.948511
1185.948511
1185.948511
1185.948511
1185.948511
1185.948511
1185.948511
1185.948511
1185.948511
1185.948511
1185.948511
1185.948511
1185.948511
1185.948511
1185.948511
1185.948511
1185.948511
1185.948511
1185.948511
1185.948511
1185.948511
1185.948511
1185.948511
1185.948511
1185.948511
1185.948511
1185.948511
1185.948511
1185.948511
1185.948511
1185.948511
1185.948511
1185.948511
1185.948511
1185.948511
1185.948511
1185.948511
1185.948511
1185.948511
1185.948511
1185.948511
1185.948511
1185.948511
1185.948511
1185.948511
1185.948511
1185.948511
1185.895890
1185.775312
1185.775312
1185.775312
1185.775312
1185.775312
1185.775312
1185.775312
1185.775312
1185.775312
1185.775312
1185.775312
1185.775312
1185.775312
1185.775312
1185.775312
1185.775312
1185.775312
1185.775312
1185.775312
1185.775312
1185.775312
1185.775312
1185.775312
1185.775312
1185.775312
1185.775312
1185.775312
1185.775312
1185.775312
1185.775312
1185.775312
1185.775312
1185.775312
1185.742028
1185.742028
1185.742028
1185.742028
1185.601437
1185.601437
1185.601437
1185.601437
1185.601437
1185.601437
1185.601437
1185.601437
1185.601437
1185.601437
1185.601437
1185.601437
1185.601437
1185.601437
1185.601437
1185.601437
1185.601437
1185.601437
1185.601437
1185.601437
1185.601437
1185.601437
1185.601437
1185.601437
1185.601437
1185.601437
1185.601437
1185.601437
1185.601437
1185.601437
1185.601437
1185.601437
1185.601437
1185.601437
1185.380356
1185.380356
1185.380356
1185.380356
1185.380356
1185.380356
1185.380356
1185.380356
1185.380356
1185.380356
1185.380356
1185.380356
1185.380356
1185.380356
1185.380356
1185.380356
1185.380356
1185.380356
1185.380356
1185.380356
1185.380356
1185.380356
1185.380356
1185.380356
1185.380356
1185.380356
1185.380356
1185.380356
1185.380356
1185.380356
1185.380356
1185.380356
1185.380356
1185.380356
1185.380356
1185.380356
1185.380356
1185.380356
1185.380356
1185.380356
1185.380356
1185.380356
1185.380356
1185.380356
1185.380356
1185.380356
1185.380356
1185.380356
1185.380356
1185.380356
1185.380356
1185.380356
1185.380356
1185.380356
1185.380356
1185.380356
1185.380356
1185.380356
1185.380356
1185.380356
1185.380356
1185.380356
1185.380356
1185.380356
1185.380356
1185.380356
1185.380356
1185.380356
1185.380356
1185.380356
1185.380356
1185.380356
1185.380356
1185.380356
1185.380356
1185.380356
1185.380356
1185.380356
1185.380356
1185.380356
1185.380356
1185.380356
1185.380356
1185.380356
1185.380356
1185.380356
1185.380356
1185.378846
1185.378846
1185.378846
1185.378846
1185.378846
1185.378846
1185.378846
1185.378846
1185.378846
1185.378846
1185.378846
1185.378846
1185.378846
1185.378846
1185.378846
1185.378846
1185.378846
1185.378846
1185.378846
1185.378846
1185.378846
1185.378846
1185.378846
1185.378846
1185.378846
1185.378846
1185.378846
1185.378846
1185.378846
1185.378846
1185.378846
1185.378846
1185.378846
1185.212317
1185.212317
1185.212317
1185.212317
1185.212317
1185.212317
1185.212317
1185.212317
1185.212317
1185.212317
1185.212317
1185.212317
1185.212317
1185.212317
1185.212317
1185.212317
1185.212317
1185.212317
1185.212317
1185.212317
1185.212317
1185.212317
1185.184796
1185.184796
1185.184796
1185.184796
1185.184796
1185.184796
1185.184796
1185.184796
1185.150018
1185.150018
1185.150018
1185.150018
1185.150018
1185.150018
1185.150018
1185.150018
1185.150018
1185.150018
1185.150018
1185.150018
1185.150018
1185.150018
1185.150018
1185.150018
1185.150018
1185.150018
1185.150018
1185.150018
1185.150018
1185.150018
1185.150018
1185.150018
1185.150018
1185.150018
1185.150018
1185.150018
1185.150018
1185.150018
1185.150018
1185.150018
1185.150018
1185.150018
1185.150018
1185.150018
1185.150018
1185.150018
1185.150018
1185.150018
1185.150018
1185.150018
1185.150018
1185.150018
1185.150018
1185.150018
1185.150018
1185.150018
1185.150018
1185.150018
1185.150018
1185.150018
1185.150018
1185.150018
1184.958092
1184.958092
1184.958092
1184.958092
1184.958092
1184.958092
1184.958092
1184.958092
1184.958092
1184.958092
1184.958092
1184.958092
1184.958092
1184.958092
1184.958092
1184.958092
1184.958092
1184.958092
1184.958092
1184.958092
1184.958092
1184.958092
1184.958092
1184.958092
1184.958092
1184.958092
1184.958092
1184.958092
1184.958092
1184.958092
1184.958092
1184.958092
1184.958092
1184.800388
1184.800388
1184.800388
1184.800388
1184.800388
1184.800388
1184.800388
1184.800388
1184.800388
1184.800388
1184.800388
1184.800388
1184.800388
1184.800388
1184.800388
1184.800388
1184.800388
1184.800388
1184.800388
1184.800388
1184.800388
1184.800388
1184.665915
1184.665915
1184.665915
1184.665915
1184.665915
1184.665915
1184.665915
1184.665915
1184.665915
1184.665915
1184.665915
1184.665915
1184.665915
1184.665915
1184.665915
1184.665915
1184.665915
1184.665915
1184.665915
1184.665915
1184.665915
1184.665915
1184.665915
1184.665915
1184.665915
1184.665915
1184.665915
1184.665915
1184.665915
1184.665915
1184.665915
1184.665915
1184.665915
1184.665915
1184.665915
1184.665915
1184.665915
1184.665915
1184.665915
1184.665915
1184.665915
1184.665915
1184.665915
1184.665915
1184.665915
1184.665915
1184.665915
1184.665915
1184.665915
1184.665915
1184.665915
1184.665915
1184.665915
1184.665915
1184.665915
1184.665915
1184.665915
1184.665915
1184.665915
1184.665915
1184.665915
1184.462419
1184.462419
1184.462419
1184.462419
1184.462419
1184.462419
1184.462419
1184.462419
1184.462419
1184.462419
1184.462419
1184.462419
1184.462419
1184.462419
1184.462419
1184.462419
1184.462419
1184.462419
1184.462419
1184.462419
1184.462419
1184.462419
1184.462419
1184.462419
1184.462419
1184.462419
1184.462419
1184.462419
1184.462419
1184.462419
1184.462419
1184.462419
1184.462419
1184.462419
1184.462419
1184.462419
1184.462419
1184.462419
1184.462419
1184.462419
1184.462419
1184.462419
1184.462419
1184.462419
1184.462419
1184.462419
1184.462419
1184.462419
1184.462419
1184.462419
1184.462419
1184.462419
1184.462419
1184.462419
1184.462419
1184.462419
1184.462419
1184.462419
1184.462419
1184.462419
1184.462419
1184.462419
1184.462419
1184.462419
1184.462419
1184.462419
1184.462419
1184.462419
1184.462419
1184.462419
1184.462419
1184.462419
1184.462419
1184.462419
1184.462419
1184.462419
1184.462419
1184.462419
1184.462419
1184.462419
1184.462419
1184.462419
1184.462419
1184.462419
1184.462419
1184.462419
1184.462419
1184.462419
1184.462419
1184.462419
1184.462419
1184.462419
1184.462419
1184.462419
1184.462419
1184.462419
1184.462419
1184.462419
1184.462419
1184.462419
1184.462419
1184.462419
1184.462419
1184.462419
1184.462419
1184.462419
1184.462419
1184.462419
1184.462419
1184.462419
1184.462419
1184.462419
1184.462419
1184.462419
1184.462419
1184.462419
1184.462419
1184.462419
1184.462419
1184.462419
1184.462419
1184.462419
1184.462419
1184.462419
1184.462419
1184.462419
1184.462419
1184.462419
1184.462419
1184.462419
1184.462419
1184.462419
1184.462419
1184.462419
1184.462419
1184.462419
1184.462419
1184.462419
1184.462419
1184.462419
1184.462419
1184.462419
1184.462419
1184.462419
1184.462419
1184.462419
1184.462419
1184.462419
1184.462419
1184.462419
1184.462419
1184.462419
1184.462419
1184.462419
1184.462419
1184.462419
1184.462419
1184.462419
1184.462419
1184.462419
1184.462419
1184.462419
1184.462419
1184.462419
1184.462419
1184.462419
1184.462324
1184.462324
1184.462324
1184.462324
1184.462324
1184.462324
1184.462324
1184.462324
1184.462324
1184.462324
1184.462324
1184.462324
1184.462324
1184.398922
1184.398922
1184.398922
1184.398922
1184.398922
1184.398922
1184.398922
1184.398922
1184.398922
1184.398922
1184.398922
1184.398922
1184.398922
1184.398922
1184.398922
1184.398922
1184.327999
1184.327999
1184.327999
1184.327999
1184.327999
1184.327999
1184.327999
1184.327999
1184.327999
1184.250176
1184.250176
1184.250176
1184.250176
1184.250176
1184.250176
1184.250176
1184.250176
1184.250176
1184.250176
1184.250176
1184.250176
1184.250176
1184.250176
1184.250176
1184.250176
1184.250176
1184.250176
1184.250176
1184.250176
1184.250176
1184.250176
1184.250176
1184.250176
1184.250176
1184.250176
1184.250176
1184.250176
1184.250176
1184.250176
1184.250176
1184.250176
1184.249357
1184.249357
1184.249357
1184.249357
1184.249357
1184.249357
1184.249357
1184.249357
1184.249357
1184.249357
1184.249357
1184.249357
1184.249357
1184.249357
1184.249357
1184.249357
1184.249357
1184.249357
1184.249357
1184.249357
1184.249357
1184.249357
1184.249357
1184.249357
1184.249357
1184.249357
1184.249357
1184.249357
1184.249357
1184.249357
1184.249357
1184.249357
1184.249357
1184.249357
1184.197978
1184.197978
1184.197978
1184.197978
1184.197978
1184.197978
1184.197978
1184.197978
1184.197978
1184.197978
1184.197978
1184.197978
1184.197978
1184.197978
1184.197978
1184.197978
1184.197978
1184.197978
1184.197978
1184.197978
1184.197978
1184.197978
1184.197978
1184.111700
1184.111700
1184.111700
1184.111700
1184.111700
1184.111700
1184.111700
1184.111700
1184.111700
1184.111700
1184.111700
1184.111700
1184.111700
1184.111700
1184.111700
1184.111700
1184.111700
1184.111700
1184.111700
1184.111700
1184.111700
1184.111700
1184.111700
1184.095425
1184.095425
1184.095425
1184.095425
1184.095425
1184.095425
1184.095425
1184.095425
1184.095425
1184.095425
1184.095425
1184.095425
1184.095425
1184.095425
1184.095425
1184.095425
1184.095425
1184.095425
1184.095425
1184.095425
1184.095425
1183.970240
1183.970240
1183.970240
1183.970240
1183.970240
1183.970240
1183.970240
1183.970240
1183.970240
1183.970240
1183.970240
1183.970240
1183.970240
1183.970240
1183.970240
1183.970240
1183.970240
1183.970240
1183.970240
1183.970240
1183.970240
1183.970240
1183.970240
1183.970240
1183.970240
1183.970240
1183.970240
1183.970240
1183.970240
1183.970240
1183.970240
1183.970240
1183.970240
1183.970240
1183.970240
1183.970240
1183.970240
1183.970240
1183.970240
1183.970240
1183.970240
1183.970240
1183.936890
1183.936890
1183.936890
1183.936890
1183.936890
1183.936890
1183.936890
1183.936890
1183.936890
1183.913567
1183.913567
1183.913567
1183.913567
1183.913567
1183.913567
1183.913567
1183.913567
1183.913567
1183.913567
1183.913567
1183.913567
1183.913567
1183.913567
1183.913567
1183.913567
1183.913567
1183.913567
1183.913567
1183.913567
1183.913567
1183.913567
1183.913567
1183.913567
1183.913567
1183.913567
1183.913567
1183.913567
1183.913567
1183.913567
1183.913567
1183.913567
1183.913567
1183.913567
1183.913567
1183.913567
1183.913567
1183.913567
1183.913567
1183.913567
1183.913567
1183.913567
1183.913567
1183.913567
1183.913567
1183.913567
1183.913567
1183.913567
1183.913567
1183.913567
1183.913567
1183.913567
1183.913567
1183.913567
1183.913567
1183.913567
1183.913567
1183.913567
1183.913567
1183.913567
1183.913567
1183.913567
1183.913567
1183.913567
1183.913567
1183.913567
1183.913567
1183.913567
1183.913567
1183.913567
1183.913567
1183.913567
1183.913567
1183.913567
1183.913567
1183.913567
1183.913567
1183.913567
1183.913567
1183.913567
1183.913567
1183.913567
1183.869007
1183.869007
1183.869007
1183.869007
1183.869007
1183.869007
1183.869007
1183.869007
1183.869007
1183.869007
1183.869007
1183.869007
1183.869007
1183.869007
1183.869007
1183.869007
1183.869007
1183.869007
1183.869007
1183.869007
1183.869007
1183.869007
1183.869007
1183.801836
1183.801836
1183.801836
1183.801836
1183.801836
1183.801836
1183.801836
1183.801836
1183.801836
1183.801836
1183.801836
1183.801836
1183.801836
1183.801836
1183.801836
1183.801836
1183.801836
1183.801836
1183.801836
1183.801836
1183.801836
1183.801836
1183.801836
1183.801836
1183.801836
1183.801836
1183.801836
1183.801836
1183.801836
1183.801836
1183.801836
1183.801836
1183.801836
1183.801836
1183.801836
1183.801836
1183.801836
1183.801836
1183.801836
1183.801836
1183.801836
1183.801836
1183.801836
1183.801836
1183.801836
1183.801836
1183.801836
1183.801836
1183.801836
1183.801836
1183.801836
1183.801836
1183.801836
1183.801836
1183.697269
1183.697269
1183.697269
1183.697269
1183.697269
1183.697269
1183.697269
1183.697269
1183.697269
1183.697269
1183.697269
1183.697269
1183.697269
1183.697269
1183.697269
1183.697269
1183.697269
1183.697269
1183.697269
1183.697269
1183.697269
1183.697269
1183.697269
1183.697269
1183.697269
1183.697269
1183.697269
1183.697269
1183.697269
1183.697269
1183.697269
1183.697269
1183.697269
1183.697269
1183.697269
1183.697269
1183.697269
1183.697269
1183.697269
1183.697269
1183.697269
1183.697269
1183.697269
1183.697269
1183.697269
1183.697269
1183.697269
1183.570794
1183.570794
1183.570794
1183.570794
1183.570794
1183.570794
1183.570794
1183.570794
1183.570794
1183.570794
1183.570794
1183.570794
1183.570794
1183.570794
1183.570794
1183.570794
1183.570794
1183.570794
1183.570794
1183.570794
1183.570794
1183.570794
1183.570794
1183.491866
1183.491866
1183.491866
1183.491866
1183.491866
1183.491866
1183.491866
1183.491866
1183.491866
1183.491866
1183.491866
1183.491866
1183.491866
1183.491866
1183.491866
1183.491866
1183.491866
1183.491866
1183.491866
1183.491866
1183.491866
1183.491866
1183.491866
1183.491866
1183.491866
1183.491866
1183.491866
1183.491866
1183.491866
1183.491866
1183.491866
1183.491866
1183.491866
1183.491866
1183.491866
1183.491866
1183.491866
1183.491866
1183.491866
1183.491866
1183.491866
1183.491866
1183.491866
1183.491866
1183.491866
1183.491866
1183.491866
1183.491866
1183.491866
1183.491866
1183.491866
1183.491866
1183.491866
1183.491866
1183.491866
1183.491866
1183.491866
1183.491866
1183.491866
1183.491866
1183.491866
1183.491866
1183.491866
1183.491866
1183.491866
1183.491866
1183.491866
1183.491866
1183.491866
1183.491866
1183.491866
1183.491866
1183.491866
1183.491866
1183.491866
1183.491866
1183.491866
1183.491866
1183.491866
1183.491866
1183.491866
1183.491866
1183.491866
1183.491866
1183.491866
1183.491866
1183.491866
1183.491866
1183.491866
1183.491866
1183.491866
1183.491866
1183.491866
1183.491866
1183.491866
1183.491866
1183.491866
1183.491866
1183.491866
1183.491866
1183.491866
1183.491866
1183.491866
1183.491866
1183.491866
1183.491866
1183.491866
1183.491866
1183.491866
1183.491866
1183.491866
1183.491866
1183.491866
1183.491866
1183.491866
1183.491866
1183.491866
1183.491866
1183.491866
1183.491866
1183.491866
1183.491866
1183.491866
1183.491866
1183.491866
1183.491866
1183.491866
1183.491866
1183.491866
1183.491866
1183.491866
1183.491866
1183.491866
1183.491866
1183.491866
1183.491866
1183.491866
1183.491866
1183.491866
1183.491866
1183.491866
1183.491866
1183.491866
1183.491866
1183.491866
1183.491866
1183.491866
1183.491866
1183.491866
1183.319547
1183.319547
1183.319547
1183.319547
1183.319547
1183.319547
1183.319547
1183.319547
1183.319547
1183.319547
1183.319547
1183.319547
1183.319547
1183.319547
1183.319547
1183.319547
1183.319547
1183.319547
1183.319547
1183.319547
1183.319547
1183.319547
1183.319547
1183.319547
1183.319547
1183.319547
1183.319547
1183.319547
1183.319547
1183.319547
1183.319547
1183.319547
1183.319547
1183.319547
1183.319547
1183.319547
1183.319547
1183.319547
1183.319547
1183.319547
1183.319547
1183.319547
1183.319547
1183.319547
1183.319547
1183.319547
1183.319547
1183.319547
1183.319547
1183.319547
1183.319547
1183.319547
1183.319547
1183.319547
1183.319547
1183.319547
1183.319547
1183.319547
1183.319547
1183.319547
1183.319547
1183.319547
1183.319547
1183.319547
1183.319547
1183.319547
1183.319547
1183.319547
1183.319547
1183.319547
1183.319547
1183.319547
1183.319547
1183.319547
1183.319547
1183.319547
1183.319547
1183.319547
1183.319547
1183.319547
1183.319547
1183.319547
1183.319547
1183.319547
1183.319547
1183.319547
1183.319547
1183.319547
1183.319547
1183.319547
1183.319547
1183.319547
1183.319547
1183.319547
1183.319547
1183.319547
1183.319547
1183.319547
1183.319547
1183.319547
1183.319547
1183.319547
1183.319547
1183.319547
1183.319547
1183.319547
1183.319547
1183.319547
1183.319547
1183.319547
1183.319547
1183.319547
1183.319547
1183.319547
1183.281242
1183.281242
1183.281242
1183.281242
1183.281242
1183.281242
1183.281242
1183.281242
1183.281242
1183.281242
1183.281242
1183.281242
1183.281242
1183.281242
1183.281242
1183.281242
1183.281242
1183.281242
1183.281242
1183.281242
1183.281242
1183.281242
1183.281242
1183.281242
1183.281242
1183.281242
1183.281242
1183.281242
1183.281242
1183.281242
1183.281242
1183.281242
1183.281242
1183.281242
1183.281242
1183.281242
1183.281242
1183.281242
1183.281242
1183.281242
1183.281242
1183.281242
1183.281242
1183.281242
1183.281242
1183.281242
1183.281242
1183.281242
1183.281242
1183.281242
1183.281242
1183.281242
1183.281242
1183.281242
1183.281242
1183.281242
1183.281242
1183.281242
1183.281242
1183.281242
1183.281242
1183.281242
1183.281242
1183.281242
1183.281242
1183.281242
1183.281242
1183.281242
1183.281242
1183.281242
1183.281242
1183.281242
1183.281242
1183.281242
1183.281242
1183.281242
1183.281242
1183.281242
1183.281242
1183.281242
1183.281242
1183.281242
1183.281242
1183.281242
1183.281242
1183.281242
1183.281242
1183.281242
1183.281242
1183.281242
1183.281242
1183.281242
1183.281242
1183.281242
1183.281242
1183.281242
1183.281242
1183.281242
1183.281242
1183.281242
1183.281242
1183.281242
1183.281242
1183.281242
1183.281242
1183.281242
1183.281242
1183.281242
1183.281242
1183.281242
1183.281242
1183.281242
1183.281242
1183.281242
1183.281242
1183.281242
1183.281242
1183.281242
1183.281242
1183.281242
1183.281242
1183.281242
1183.281242
1183.281242
1183.281242
1183.281242
1183.281242
1183.281242
1183.281242
1183.281242
1183.281242
1183.281242
1183.281242
1183.281242
1183.281242
1183.281242
1183.281242
1183.281242
1183.281242
1183.281242
1183.281242
1183.281242
1183.281242
1183.281242
1183.281242
1183.281242
1183.281242
1183.281242
1183.281242
1183.281242
1183.281242
1183.281242
1183.281242
1183.281242
1183.281242
1183.281242
1183.281242
1183.281242
1183.281242
1183.281242
1183.281242
1183.281242
1183.281242
1183.281242
1183.281242
1183.281242
1183.281242
1183.281242
1183.281242
1183.281242
1183.281242
1183.281242
1183.281242
1183.281242
1183.281242
1183.281242
1183.281242
1183.281242
1183.281242
1183.281242
1183.281242
1183.281242
1183.281242
1183.281242
1183.281242
1183.281242
1183.281242
1183.194350
1183.194350
1183.194350
1183.194350
1183.194350
1183.194350
1183.194350
1183.194350
1183.194350
1183.194350
1183.194350
1183.194350
1183.194350
1183.194350
1183.194350
1183.194350
1183.194350
1183.194350
1183.194350
1183.194350
1183.194350
1183.194350
1183.194350
1183.194350
1183.194350
1183.194350
1183.194350
1183.194350
1183.194350
1183.194350
1183.194350
1183.194350
1183.194350
1183.194350
1183.194350
1183.194350
1183.194350
1183.194350
1183.194350
1183.194350
1183.194350
1183.194350
1183.194350
1183.194350
1183.194350
1183.194350
1183.194350
1183.194350
1183.194350
1183.194350
1183.194350
1183.194350
1183.194350
1183.194350
1183.194350
1183.194350
1183.194350
1183.194350
1183.194350
1183.194350
1183.194350
1183.194350
1183.194350
1183.194350
1183.194350
1183.194350
1183.194350
1183.194350
1183.194350
1183.194350
1183.194350
1183.194350
1183.194350
1183.194350
1183.194350
1183.194350
1183.194350
1183.194350
1183.194350
1183.194350
1183.194350
1183.194350
1183.194350
1183.194350
1183.194350
1183.194350
1183.194350
1183.194350
1183.194350
1183.194350
1183.194350
1183.194350
1183.194350
1183.194350
1183.194350
1183.194350
1183.194350
1183.194350
1183.194350
1183.194350
1183.194350
1183.194350
1183.194350
1183.194350
1183.194350
1183.194350
1183.194350
1183.194350
1183.194350
1183.194350
1183.194350
1183.194350
1183.194350
1183.194350
1183.194350
1183.194350
1183.194350
1183.194350
1183.194350
1183.194350
1183.194350
1183.194350
1183.194350
1183.194350
1183.194350
1183.194350
1183.194350
1183.194350
1183.194350
1183.194350
1183.194350
1183.194350
1183.194350
1183.194350
1183.194350
1183.194350
1183.194350
1183.194350
1183.194350
1183.194350
1183.194350
1183.194350
1183.194350
1183.194350
1183.194350
1183.194350
1183.194350
1183.194350
1183.194350
1183.194350
1183.194350
1183.194350
1183.194350
1183.194350
1183.194350
1183.194350
1183.194350
1183.194350
1183.194350
1183.194350
1183.194350
1183.194350
1183.194350
1183.194350
1183.194350
1183.194350
1183.194350
1183.194350
1183.194350
1183.194350
1183.194350
1183.194350
1183.028699
1183.028699
1183.028699
1183.028699
1183.028699
1183.028699
1183.028699
1183.028699
1183.028699
1183.028699
1183.028699
1183.028699
1183.028699
1183.028699
1183.028699
1183.028699
1183.028699
1183.028699
1183.028699
1183.028699
1183.028699
1183.028699
1183.028699
1183.028699
1183.028699
1183.028699
1183.028699
1183.028699
1183.028699
1183.028699
1183.028699
1183.028699
1183.028699
1183.028699
1183.028699
1183.028699
1183.028699
1183.028699
1183.028699
1183.028699
1183.028699
1183.028699
1183.028699
1183.028699
1183.028699
1183.028699
1183.028699
1183.028699
1183.028699
1183.028699
1183.028699
1183.028699
1183.028699
1183.028699
1183.028699
1183.028699
1183.028699
1183.028699
1183.028699
1183.028699
1183.028699
1183.028699
1183.028699
1183.028699
1183.028699
1183.028699
1183.028699
1183.028699
1183.028699
1183.028699
1183.028699
1183.028699
1183.028699
1183.028699
1183.028699
1183.028699
1183.028699
1183.028699
1183.028699
1183.028699
1183.028699
1183.028699
1183.028699
1183.028699
1183.028699
1183.009786
1183.009786
1183.009786
1183.009786
1183.009786
1183.009786
1183.009786
1183.009786
1183.009786
1183.009786
1183.009786
1183.009786
1183.009786
1183.009786
1183.009786
1183.009786
1183.009786
1183.009786
1183.009786
1183.009786
1183.009786
1183.009786
1183.009786
1183.005539
1183.005539
1183.005539
1183.005539
1183.005539
1183.005539
1183.005539
1183.005539
1183.005539
1183.005539
1183.005539
1183.005539
1183.005539
1183.005539
1183.005539
1183.005539
1183.005539
1183.005539
1183.005539
1183.005539
1183.005539
1183.005539
1183.005539
1183.005539
1182.949680
1182.949680
1182.949680
1182.949680
1182.949680
1182.949680
1182.949680
1182.949680
1182.949680
1182.949680
1182.949680
1182.949680
1182.949680
1182.949680
1182.949680
1182.949680
1182.949680
1182.949680
1182.949680
1182.949680
1182.949680
1182.949680
1182.949680
1182.949680
1182.949680
1182.949680
1182.949680
1182.949680
1182.949680
1182.949680
1182.949680
1182.949680
1182.949680
1182.949680
1182.949680
1182.949680
1182.949680
1182.949680
1182.949680
1182.949680
1182.949680
1182.949680
1182.949680
1182.949680
1182.949680
1182.949680
1182.949680
1182.949680
1182.949680
1182.949680
1182.927930
1182.927930
1182.927930
1182.927930
1182.927930
1182.927930
1182.927930
1182.927930
1182.927930
1182.927930
1182.927930
1182.927930
1182.927930
1182.927930
1182.927930
1182.927930
1182.927930
1182.927930
1182.927930
1182.927930
1182.927930
1182.927930
1182.927930
1182.927930
1182.927930
1182.927930
1182.927930
1182.927930
1182.927930
1182.927930
1182.927930
1182.927930
1182.927930
1182.927930
1182.927930
1182.927930
1182.927930
1182.927930
1182.927930
1182.927930
1182.927930
1182.927930
1182.872355
1182.872355
1182.872355
1182.872355
1182.872355
1182.872355
1182.872355
1182.872355
1182.872355
1182.872355
1182.872355
1182.872355
1182.872355
1182.872355
1182.872355
1182.872355
1182.872355
1182.872355
1182.872355
1182.872355
1182.872355
1182.872355
1182.872355
1182.872355
1182.872355
1182.872355
1182.872355
1182.872355
1182.872355
1182.872355
1182.872355
1182.872355
1182.872355
1182.872355
1182.872355
1182.872355
1182.872355
1182.872355
1182.872355
1182.872355
1182.872355
1182.872355
1182.872355
1182.872355
1182.872355
1182.872355
1182.872355
1182.872355
1182.872355
1182.872355
1182.872355
1182.872355
1182.872355
1182.872355
1182.872355
1182.872355
1182.758940
1182.758940
1182.758940
1182.758940
1182.758940
1182.758940
1182.758940
1182.758940
1182.758940
1182.758940
1182.758940
1182.624167
1182.624167
1182.624167
1182.624167
1182.624167
1182.624167
1182.624167
1182.624167
1182.624167
1182.624167
1182.624167
1182.624167
1182.624167
1182.624167
1182.624167
1182.624167
1182.624167
1182.624167
1182.624167
1182.624167
1182.624167
1182.624167
1182.624167
1182.624167
1182.624167
1182.624167
1182.624167
1182.624167
1182.624167
1182.624167
1182.624167
1182.624167
1182.624167
1182.624167
1182.624167
1182.624167
1182.624167
1182.624167
1182.624167
1182.624167
1182.624167
1182.624167
1182.624167
1182.624167
1182.624167
1182.624167
1182.624167
1182.624167
1182.624167
1182.624167
1182.624167
1182.624167
1182.624167
1182.624167
1182.624167
1182.624167
1182.624167
1182.624167
1182.624167
1182.624167
1182.624167
1182.624167
1182.624167
1182.624167
1182.624167
1182.624167
1182.624167
1182.624167
1182.624167
1182.624167
1182.624167
1182.624167
1182.624167
1182.624167
1182.624167
1182.624167
1182.624167
1182.624167
1182.624167
1182.624167
1182.624167
1182.624167
1182.624167
1182.624167
1182.624167
1182.624167
1182.624167
1182.624167
1182.624167
1182.624167
1182.624167
1182.624167
1182.624167
1182.624167
1182.624167
1182.624167
1182.624167
1182.624167
1182.624167
1182.624167
1182.624167
1182.624167
1182.624167
1182.624167
1182.624167
1182.624167
1182.624167
1182.624167
1182.624167
1182.624167
1182.624167
1182.624167
1182.624167
1182.624167
1182.624167
1182.624167
1182.624167
1182.624167
1182.624167
1182.624167
1182.624167
1182.624167
1182.624167
1182.624167
1182.569509
1182.569509
1182.569509
1182.569509
1182.569509
1182.569509
1182.569509
1182.569509
1182.569509
1182.569509
1182.569509
1182.569509
1182.569509
1182.569509
1182.569509
1182.479273
1182.479273
1182.479273
1182.479273
1182.479273
1182.479273
1182.479273
1182.479273
1182.479273
1182.479273
1182.479273
1182.479273
1182.479273
1182.479273
1182.479273
1182.479273
1182.479273
1182.479273
1182.479273
1182.479273
1182.479273
1182.479273
1182.479273
1182.479273
1182.479273
1182.479273
1182.479273
1182.479273
1182.479273
1182.479273
1182.479273
1182.479273
1182.479273
1182.479273
1182.464144
1182.464144
1182.464144
1182.464144
1182.464144
1182.464144
1182.464144
1182.464144
1182.464144
1182.464144
1182.402858
1182.402858
1182.402858
1182.402858
1182.402858
1182.314940
1182.314940
1182.314940
1182.314940
1182.314940
1182.314940
1182.314940
1182.314940
1182.314940
1182.314940
1182.314940
1182.314940
1182.314940
1182.314940
1182.314940
1182.314940
1182.314940
1182.314940
1182.314940
1182.314940
1182.314940
1182.314940
1182.314940
1182.314940
1182.314940
1182.314940
1182.314940
1182.314940
1182.314940
1182.314940
1182.314940
1182.314940
1182.314940
1182.314940
1182.314940
1182.314940
1182.314940
1182.314940
1182.314940
1182.272845
1182.272845
1182.272845
1182.272845
1182.272845
1182.272845
1182.272845
1182.272845
1182.272845
1182.272845
1182.272845
1182.272845
1182.272845
1182.272845
1182.272845
1182.272845
1182.272845
1182.272845
1182.272845
1182.272845
1182.272845
1182.272845
1182.272845
1182.272845
1182.272845
1182.272845
1182.272845
1182.272845
1182.272845
1182.272845
1182.272845
1182.272845
1182.272845
1182.272845
1182.272845
1182.272845
1182.272845
1182.272845
1182.238424
1182.238424
1182.238424
1182.238424
1182.238424
1182.238424
1182.238424
1182.238424
1182.238424
1182.238424
1182.238424
1182.238424
1182.238424
1182.238424
1182.238424
1182.238424
1182.238424
1182.238424
1182.238424
1182.236359
1182.236359
1182.236359
1182.236359
1182.236359
1182.236359
1182.236359
1182.236359
1182.236359
1182.236359
1182.236359
1182.073189
1182.073189
1182.073189
1182.073189
1182.073189
1182.073189
1182.073189
1182.073189
1182.073189
1182.073189
1182.073189
1182.073189
1182.045997
1182.045997
1182.045997
1182.045997
1182.045997
1182.045997
1182.045997
1182.045997
1182.045997
1182.045997
1182.045997
1182.045997
1182.045997
1182.045997
1182.045997
1182.045997
1182.045997
1182.045997
1182.045997
1182.045997
1182.045997
1182.045997
1182.045997
1182.045997
1182.045997
1182.045997
1182.045997
1182.045997
1182.045997
1182.045997
1182.045997
1182.045997
1182.045997
1182.045997
1182.045997
1182.045997
1182.045997
1182.045997
1182.045997
1182.045997
1182.045997
1182.045997
1182.045997
1182.045997
1182.045997
1181.860327
1181.860327
1181.718734
1181.718734
1181.718734
1181.718734
1181.718734
1181.718734
1181.718734
1181.718734
1181.718734
1181.718734
1181.718734
1181.718734
1181.718734
1181.718734
1181.718734
1181.718734
1181.718734
1181.718734
1181.718734
1181.718734
1181.718734
1181.718734
1181.718734
1181.718734
1181.718734
1181.718734
1181.718734
1181.718734
1181.718734
1181.718734
1181.718734
1181.718734
1181.718734
1181.718734
1181.718734
1181.718734
1181.718734
1181.718734
1181.718734
1181.718734
1181.718734
1181.718734
1181.718734
1181.718734
1181.718734
1181.718734
1181.718734
1181.718734
1181.718734
1181.718734
1181.718734
1181.718734
1181.718734
1181.718734
1181.718734
1181.718734
1181.718734
1181.718734
1181.718734
1181.718734
1181.718734
1181.718734
1181.718734
1181.718734
1181.718734
1181.718734
1181.718734
1181.718734
1181.718734
1181.718734
1181.718734
1181.718734
1181.718734
1181.718734
1181.718734
1181.718734
1181.718734
1181.718734
1181.718734
1181.718734
1181.718734
1181.718734
1181.718734
1181.718734
1181.718734
1181.718734
1181.718734
1181.718734
1181.718734
1181.718734
1181.718734
1181.718734
1181.718734
1181.718734
1181.718734
1181.718734
1181.718734
1181.718734
1181.718734
1181.718734
1181.718734
1181.718734
1181.718734
1181.718734
1181.718734
1181.718734
1181.718734
1181.718734
1181.718734
1181.718734
1181.718734
1181.718734
1181.718734
1181.718734
1181.718734
1181.718734
1181.718734
1181.718734
1181.718734
1181.718734
1181.718734
1181.718734
1181.718734
1181.718734
1181.718734
1181.718734
1181.718734
1181.718734
1181.718734
1181.718734
1181.718734
1181.718734
1181.718734
1181.718734
1181.718734
1181.718734
1181.718734
1181.718734
1181.718734
1181.718734
1181.718734
1181.718734
1181.718734
1181.718734
1181.718734
1181.718734
1181.718734
1181.718734
1181.718734
1181.718734
1181.718734
1181.718734
1181.718734
1181.718734
1181.718734
1181.718734
1181.718734
1181.718734
1181.718734
1181.718734
1181.718734
1181.718734
1181.718734
1181.718734
1181.718734
1181.718734
1181.718734
1181.718734
1181.718734
1181.718734
1181.718734
1181.718734
1181.718734
1181.718734
1181.718734
1181.718734
1181.718734
1181.718734
1181.718734
1181.718734
1181.718734
1181.718734
1181.718734
1181.718734
1181.718734
1181.718734
1181.718734
1181.718734
1181.718734
1181.718734
1181.718734
1181.718734
1181.718734
1181.718734
1181.718734
1181.718734
1181.718734
1181.718734
1181.718734
1181.718734
1181.718734
1181.718734
1181.718734
1181.718734
1181.718734
1181.718734
1181.718734
1181.718734
1181.718734
1181.718734
1181.718734
1181.718734
1181.718734
1181.718734
1181.718734
1181.718734
1181.718734
1181.718734
1181.718734
1181.718734
1181.718734
1181.718734
1181.718734
1181.718734
1181.718734
1181.718734
1181.718734
1181.718734
1181.718734
1181.718734
1181.718734
1181.718734
1181.718734
1181.718734
1181.718734
1181.718734
1181.718734
1181.718734
1181.718734
1181.718734
1181.718734
1181.718734
1181.718734
1181.718734
1181.718734
1181.718734
1181.718734
1181.718734
1181.718734
1181.718734
1181.718734
1181.718734
1181.718734
1181.718734
1181.718734
1181.718734
1181.718734
1181.718734
1181.718734
1181.718734
1181.718734
1181.718734
1181.718734
1181.718734
1181.718734
1181.718734
1181.718734
1181.718734
1181.718734
1181.718734
1181.718734
1181.718734
1181.718734
1181.718734
1181.718734
1181.718734
1181.718734
1181.718734
1181.718734
1181.718734
1181.718734
1181.718734
1181.718734
1181.718734
1181.718734
1181.718734
1181.718734
1181.718734
1181.718734
1181.718734
1181.718734
1181.718734
1181.718734
1181.718734
1181.695049
1181.695049
1181.695049
1181.695049
1181.695049
1181.695049
1181.695049
1181.695049
1181.695049
1181.695049
1181.695049
1181.695049
1181.695049
1181.695049
1181.695049
1181.695049
1181.695049
1181.695049
1181.695049
1181.672726
1181.672726
1181.672726
1181.672726
1181.672726
1181.672726
1181.672726
1181.672726
1181.672726
1181.672726
1181.672726
1181.672726
1181.672726
1181.672726
1181.672726
1181.672726
1181.672726
1181.672726
1181.672726
1181.672726
1181.672726
1181.672726
1181.672726
1181.672726
1181.672726
1181.672726
1181.672726
1181.672726
1181.672726
1181.672726
1181.672726
1181.672726
1181.672726
1181.672726
1181.672726
1181.672726
1181.672726
1181.672726
1181.672726
1181.672726
1181.672726
1181.672726
1181.672726
1181.672726
1181.672726
1181.672726
1181.672726
1181.672726
1181.672726
1181.672726
1181.672726
1181.672726
1181.672726
1181.672726
1181.672726
1181.672726
1181.672726
1181.672726
1181.672726
1181.630973
1181.630973
1181.630973
1181.630973
1181.630973
1181.630973
1181.630973
1181.630973
1181.630973
1181.630973
1181.630973
1181.630973
1181.630973
1181.630973
1181.630973
1181.630973
1181.630973
1181.563394
1181.563394
1181.563394
1181.563394
1181.563394
1181.563394
1181.563394
1181.563394
1181.563394
1181.563394
1181.563394
1181.563394
1181.563394
1181.563394
1181.563394
1181.563394
1181.563394
1181.563394
1181.563394
1181.563394
1181.563394
1181.517296
1181.517296
1181.517296
1181.517296
1181.517296
1181.517296
1181.517296
1181.517296
1181.517296
1181.517296
1181.517296
1181.517296
1181.517296
1181.517296
1181.517296
1181.517296
1181.517296
1181.517296
1181.517296
1181.517296
1181.517296
1181.517296
1181.517296
1181.517296
1181.517296
1181.402621
1181.402621
1181.402621
1181.402621
1181.402621
1181.402621
1181.402621
1181.402621
1181.402621
1181.402621
1181.402621
1181.402621
1181.402621
1181.402621
1181.402621
1181.402621
1181.402621
1181.402621
1181.402621
1181.402621
1181.402621
1181.402621
1181.402621
1181.402621
1181.402621
1181.402621
1181.402621
1181.402621
1181.402621
1181.402621
1181.402621
1181.402621
1181.402621
1181.402621
1181.402621
1181.402621
1181.402621
1181.402621
1181.402621
1181.402621
1181.402621
1181.402621
1181.402621
1181.339513
1181.339513
1181.339513
1181.339513
1181.339513
1181.339513
1181.339513
1181.339513
1181.339513
1181.339513
1181.339513
1181.339513
1181.339513
1181.339513
1181.339513
1181.339513
1181.339513
1181.339513
1181.339513
1181.339513
1181.339513
1181.339513
1181.339513
1181.339513
1181.339513
1181.339513
1181.339513
1181.339513
1181.339513
1181.339513
1181.339513
1181.339513
1181.339513
1181.305759
1181.305759
1181.305759
1181.305759
1181.305759
1181.305759
1181.305759
1181.305759
1181.305759
1181.305759
1181.305759
1181.305759
1181.305759
1181.305759
1181.305759
1181.305759
1181.305759
1181.305759
1181.305759
1181.305759
1181.305759
1181.305759
1181.305759
1181.305759
1181.305759
1181.305759
1181.305759
1181.305759
1181.305759
1181.305759
1181.305759
1181.305759
1181.305759
1181.305759
1181.305759
1181.305759
1181.305759
1181.305759
1181.305759
1181.305759
1181.305759
1181.305759
1181.305759
1181.305759
1181.305759
1181.305759
1181.305759
1181.305759
1181.305759
1181.305759
1181.305759
1181.305759
1181.305759
1181.305759
1181.305759
1181.305759
1181.305759
1181.305759
1181.305759
1181.305759
1181.305759
1181.305759
1181.305759
1181.305759
1181.271283
1181.271283
1181.271283
1181.271283
1181.271283
1181.271283
1181.271283
1181.271283
1181.271283
1181.271283
1181.271283
1181.270969
1181.270969
1181.270969
1181.270969
1181.218248
1181.153955
1181.153955
1181.153955
1181.153955
1181.153955
1181.153955
1181.153955
1181.153955
1181.153955
1181.153955
1181.153955
1181.153955
1181.153955
1181.153955
1181.153955
1181.153955
1181.153955
1181.153955
1181.153955
1181.153955
1181.153955
1181.153955
1181.153955
1181.153955
1181.153955
1181.153955
1181.153955
1181.153955
1181.153955
1181.153955
1181.153955
1181.153955
1181.153955
1181.153955
1181.153955
1181.153955
1181.153955
1181.153955
1181.153955
1181.153955
1181.153955
1181.153955
1181.153955
1181.153955
1181.153955
1181.153955
1181.153955
1181.153955
1181.153955
1181.153955
1181.153955
1181.153955
1181.153955
1181.153955
1181.148203
1181.148203
1181.148203
1181.148203
1181.148203
1181.148203
1181.148203
1181.148203
1181.148203
1181.148203
1181.148203
1181.148203
1181.148203
1181.148203
1181.148203
1181.148203
1181.148203
1181.148203
1181.148203
1181.148203
1181.148203
1181.148203
1181.148203
1181.148203
1181.148203
1181.148203
1181.148203
1181.148203
1181.148203
1181.148203
1181.148203
1181.148203
1181.148203
1181.148203
1181.148203
1181.148203
1181.148203
1181.148203
1181.148203
1181.148203
1181.148203
1181.148203
1181.148203
1181.001466
1181.001466
1181.001466
1181.001466
1180.896188
1180.896188
1180.896188
1180.840657
1180.840657
1180.840657
1180.840657
1180.840657
1180.840657
1180.840657
1180.840657
1180.840657
1180.840657
1180.840657
1180.840657
1180.840657
1180.840657
1180.840657
1180.840657
1180.840657
1180.840657
1180.840657
1180.840657
1180.840657
1180.840657
1180.840657
1180.840657
1180.840657
1180.840657
1180.840657
1180.840657
1180.840657
1180.840657
1180.840657
1180.840657
1180.840657
1180.840657
1180.840657
1180.840657
1180.840657
1180.840657
1180.840657
1180.840657
1180.840657
1180.840657
1180.840657
1180.840657
1180.840657
1180.840657
1180.840657
1180.840657
1180.840657
1180.840657
1180.756150
1180.756150
1180.756150
1180.756150
1180.756150
1180.756150
1180.756150
1180.756150
1180.756150
1180.756150
1180.756150
1180.756150
1180.756150
1180.756150
1180.756150
1180.756150
1180.756150
1180.756150
1180.756150
1180.657803
1180.657803
1180.657803
1180.657803
1180.657803
1180.657803
1180.657803
1180.657803
1180.657803
1180.657803
1180.657803
1180.657803
1180.657803
1180.657803
1180.657803
1180.657803
1180.657803
1180.657803
1180.657803
1180.657803
1180.657803
1180.657803
1180.657803
1180.657803
1180.657803
1180.657803
1180.657803
1180.657803
1180.657803
1180.657803
1180.657803
1180.657803
1180.657803
1180.657803
1180.657803
1180.657803
1180.657803
1180.657803
1180.657803
1180.657803
1180.657803
1180.657803
1180.657803
1180.657803
1180.657803
1180.657803
1180.657803
1180.657803
1180.657803
1180.657803
1180.657803
1180.657803
1180.657803
1180.657803
1180.657803
1180.657803
1180.657803
1180.657803
1180.657803
1180.657803
1180.657803
1180.657803
1180.657803
1180.657803
1180.657803
1180.657803
1180.657803
1180.657803
1180.657803
1180.657803
1180.657803
1180.657803
1180.657803
1180.657803
1180.657803
1180.657803
1180.657803
1180.657803
1180.657803
1180.657803
1180.657803
1180.657803
1180.657803
1180.657803
1180.657803
1180.657803
1180.657803
1180.657803
1180.657803
1180.657803
1180.657803
1180.657803
1180.657803
1180.657803
1180.657803
1180.657803
1180.657803
1180.657803
1180.657803
1180.657803
1180.657803
1180.657803
1180.657803
1180.657803
1180.657803
1180.657803
1180.657803
1180.657803
1180.657803
1180.657803
1180.657803
1180.657803
1180.657803
1180.657803
1180.657803
1180.657803
1180.657803
1180.657803
1180.657379
1180.657379
1180.657379
1180.657379
1180.657379
1180.657379
1180.657379
1180.657379
1180.657379
1180.657379
1180.657379
1180.657379
1180.657379
1180.657379
1180.657379
1180.657379
1180.657379
1180.657379
1180.657379
1180.657379
1180.657379
1180.657379
1180.657379
1180.657379
1180.657379
1180.657379
1180.657379
1180.657379
1180.657379
1180.657379
1180.657379
1180.657379
1180.657379
1180.657379
1180.657379
1180.621563
1180.621563
1180.621563
1180.621563
1180.621563
1180.621563
1180.621563
1180.621563
1180.621563
1180.621563
1180.621563
1180.471481
1180.471481
1180.471481
1180.471481
1180.471481
1180.471481
1180.471481
1180.471481
1180.471481
1180.471481
1180.471481
1180.471481
1180.471481
1180.471481
1180.471481
1180.471481
1180.471481
1180.471481
1180.471481
1180.471481
1180.471481
1180.471481
1180.471481
1180.471481
1180.471481
1180.471481
1180.471481
1180.471481
1180.471481
1180.471481
1180.471481
1180.471481
1180.471481
1180.471481
1180.471481
1180.471481
1180.471481
1180.471481
1180.471481
1180.471481
1180.471481
1180.471481
1180.471481
1180.471481
1180.471481
1180.471481
1180.471481
1180.471481
1180.471481
1180.471481
1180.471481
1180.471481
1180.471481
1180.471481
1180.471481
1180.471481
1180.471481
1180.471481
1180.471481
1180.471481
1180.471481
1180.471481
1180.471481
1180.471481
1180.471481
1180.471481
1180.471481
1180.471481
1180.471481
1180.471481
1180.471481
1180.471481
1180.471481
1180.471481
1180.471481
1180.471481
1180.471481
1180.471481
1180.471481
1180.471481
1180.471481
1180.471481
1180.471481
1180.471481
1180.471481
1180.471481
1180.471481
1180.471481
1180.471481
1180.471481
1180.471481
1180.471481
1180.471481
1180.471481
1180.471481
1180.471481
1180.433109
1180.433109
1180.433109
1180.433109
1180.433109
1180.433109
1180.433109
1180.433109
1180.433109
1180.433109
1180.433109
1180.433109
1180.433109
1180.433109
1180.433109
1180.433109
1180.433109
1180.433109
1180.433109
1180.433109
1180.433109
1180.433109
1180.433109
1180.433109
1180.433109
1180.433109
1180.433109
1180.433109
1180.433109
1180.433109
1180.433109
1180.433109
1180.433109
1180.433109
1180.433109
1180.433109
1180.433109
1180.433109
1180.433109
1180.433109
1180.433109
1180.433109
1180.433109
1180.433109
1180.433109
1180.433109
1180.433109
1180.433109
1180.433109
1180.433109
1180.391056
1180.391056
1180.391056
1180.391056
1180.391056
1180.391056
1180.391056
1180.391056
1180.391056
1180.391056
1180.391056
1180.391056
1180.391056
1180.375020
1180.375020
1180.375020
1180.375020
1180.375020
1180.375020
1180.375020
1180.375020
1180.375020
1180.375020
1180.375020
1180.375020
1180.375020
1180.375020
1180.272555
1180.272555
1180.272555
1180.272555
1180.272555
1180.272555
1180.272555
1180.272555
1180.272555
1180.272555
1180.272555
1180.272555
1180.272555
1180.272555
1180.272555
1180.272555
1180.272555
1180.272555
1180.272555
1180.272555
1180.272555
1180.272555
1180.272555
1180.272555
1180.272555
1180.272555
1180.272555
1180.272555
1180.272555
1180.272555
1180.272555
1180.272555
1180.272555
1180.272555
1180.272555
1180.272555
1180.272555
1180.272555
1180.272555
1180.272555
1180.272555
1180.272555
1180.272555
1180.272555
1180.272555
1180.272555
1180.272555
1180.272555
1180.272555
1180.272555
1180.272555
1180.272555
1180.272555
1180.272555
1180.272555
1180.272555
1180.272555
1180.272555
1180.272555
1180.272555
1180.272555
1180.272555
1180.272555
1180.272555
1180.272555
1180.272555
1180.272555
1180.266472
1180.139892
1180.139892
1180.139892
1180.139892
1180.139892
1180.139892
1180.139892
1180.139892
1180.139892
1180.139892
1180.139892
1180.139892
1180.139892
1180.139892
1180.139892
1180.139892
1180.139892
1180.139892
1180.139892
1180.139892
1180.139892
1180.139892
1180.139892
1180.139892
1180.139892
1180.139892
1180.139892
1180.139892
1180.139892
1180.139892
1180.139892
1180.139892
1180.139892
1180.139892
1180.139892
1180.139892
1180.139892
1180.139892
1180.139892
1180.139892
1180.139892
1180.139892
1180.139892
1180.139892
1180.139892
1180.139892
1180.139892
1180.139892
1180.139892
1180.139892
1180.139892
1180.139892
1180.139892
1180.139892
1180.139892
1180.139892
1180.139892
1180.139892
1180.139892
1180.139892
1180.139892
1180.139892
1180.139892
1180.139892
1180.139892
1180.139892
1180.139892
1180.139892
1180.139892
1180.139892
1180.139892
1180.139892
1180.139892
1180.139892
1180.139892
1180.139892
1180.139892
1180.139892
1180.139892
1180.139892
1180.139892
1180.139892
1180.139892
1180.139892
1180.139892
1180.122438
1180.122438
1180.122438
1180.122438
1180.122438
1180.122438
1180.122438
1180.122438
1180.122438
1180.122438
1180.122438
1180.122438
1180.122438
1180.122438
1180.122438
1180.122438
1180.122438
1180.122438
1179.919627
1179.919627
1179.919627
1179.919627
1179.919627
1179.919627
1179.919627
1179.919627
1179.919627
1179.919627
1179.919627
1179.919627
1179.919627
1179.919627
1179.919627
1179.919627
1179.919627
1179.919627
1179.919627
1179.919627
1179.919627
1179.919627
1179.919627
1179.919627
1179.919627
1179.919627
1179.919627
1179.919627
1179.919627
1179.919627
1179.919627
1179.919627
1179.919627
1179.919627
1179.919627
1179.919627
1179.919627
1179.919627
1179.919627
1179.919627
1179.919627
1179.919627
1179.919627
1179.919627
1179.919627
1179.919627
1179.919627
1179.919627
1179.919627
1179.919627
1179.919627
1179.919627
1179.919627
1179.919627
1179.919627
1179.919627
1179.919627
1179.919627
1179.919627
1179.919627
1179.919627
1179.919627
1179.919627
1179.919627
1179.919627
1179.919627
1179.919627
1179.919627
1179.919627
1179.919627
1179.919627
1179.919627
1179.919627
1179.919627
1179.872076
1179.872076
1179.872076
1179.872076
1179.872076
1179.872076
1179.872076
1179.872076
1179.872076
1179.872076
1179.872076
1179.872076
1179.872076
1179.872076
1179.872076
1179.872076
1179.872076
1179.872076
1179.872076
1179.872076
1179.872076
1179.872076
1179.872076
1179.872076
1179.872076
1179.872076
1179.872076
1179.872076
1179.872076
1179.872076
1179.872076
1179.872076
1179.872076
1179.872076
1179.872076
1179.872076
1179.872076
1179.872076
1179.872076
1179.872076
1179.872076
1179.872076
1179.872076
1179.811399
1179.811399
1179.811399
1179.811399
1179.811399
1179.811399
1179.811399
1179.811399
1179.811399
1179.811399
1179.811399
1179.811399
1179.811399
1179.811399
1179.811399
1179.811399
1179.811399
1179.811399
1179.811399
1179.811399
1179.811399
1179.811399
1179.811399
1179.811399
1179.811399
1179.811399
1179.811399
1179.811399
1179.811399
1179.811399
1179.811399
1179.811399
1179.811399
1179.811399
1179.811399
1179.811399
1179.811399
1179.811399
1179.811399
1179.811399
1179.811399
1179.811399
1179.811399
1179.811399
1179.811399
1179.811399
1179.811399
1179.811399
1179.811399
1179.811399
1179.799172
1179.799172
1179.799172
1179.799172
1179.799172
1179.799172
1179.799172
1179.799172
1179.799172
1179.799172
1179.799172
1179.799172
1179.799172
1179.799172
1179.799172
1179.799172
1179.799172
1179.799172
1179.799172
1179.799172
1179.799172
1179.799172
1179.799172
1179.799172
1179.799172
1179.799172
1179.799172
1179.799172
1179.799172
1179.799172
1179.799172
1179.799172
1179.799172
1179.799172
1179.799172
1179.799172
1179.799172
1179.799172
1179.799172
1179.799172
1179.799172
1179.779611
1179.779611
1179.779611
1179.779611
1179.779611
1179.779611
1179.779611
1179.779611
1179.779611
1179.564697
1179.564697
1179.564697
1179.564697
1179.564697
1179.564697
1179.564697
1179.564697
1179.564697
1179.564697
1179.564697
1179.564697
1179.564697
1179.564697
1179.564697
1179.564697
1179.564697
1179.564697
1179.564697
1179.564697
1179.564697
1179.564697
1179.564697
1179.564697
1179.564697
1179.564697
1179.564697
1179.564697
1179.564697
1179.564697
1179.564697
1179.564697
1179.564697
1179.564697
1179.564697
1179.564697
1179.564697
1179.564697
1179.564697
1179.564697
1179.564697
1179.564697
1179.564697
1179.564697
1179.564697
1179.564697
1179.564697
1179.564697
1179.564697
1179.564697
1179.564697
1179.564697
1179.564697
1179.564697
1179.564697
1179.564697
1179.564697
1179.564697
1179.564697
1179.564697
1179.564697
1179.564697
1179.564697
1179.564697
1179.564697
1179.564697
1179.564697
1179.564697
1179.564697
1179.564697
1179.564697
1179.564697
1179.564697
1179.564697
1179.564697
1179.564697
1179.564697
1179.564697
1179.564697
1179.564697
1179.564697
1179.564697
1179.564697
1179.564697
1179.564697
1179.564697
1179.564697
1179.564697
1179.564697
1179.564697
1179.564697
1179.564697
1179.564697
1179.564697
1179.564697
1179.564697
1179.564697
1179.564697
1179.564697
1179.564697
1179.564697
1179.564697
1179.564697
1179.564697
1179.564697
1179.564697
1179.564697
1179.564697
1179.564697
1179.564697
1179.564697
1179.564697
1179.564697
1179.564697
1179.564697
1179.564697
1179.564697
1179.564697
1179.564697
1179.564697
1179.564697
1179.564697
1179.564697
1179.564697
1179.564697
1179.564697
1179.564697
1179.564697
1179.564697
1179.564697
1179.564697
1179.564697
1179.564697
1179.564697
1179.564697
1179.564697
1179.564697
1179.564697
1179.564697
1179.564697
1179.564697
1179.564697
1179.564697
1179.564697
1179.564697
1179.564697
1179.564697
1179.564697
1179.564697
1179.564697
1179.564697
1179.564697
1179.564697
1179.564697
1179.564697
1179.564697
1179.564697
1179.564697
1179.564697
1179.564697
1179.564697
1179.564697
1179.564697
1179.564697
1179.564697
1179.564697
1179.564697
1179.564697
1179.564697
1179.564697
1179.564697
1179.564697
1179.564697
1179.564697
1179.564697
1179.564697
1179.564697
1179.564697
1179.564697
1179.564697
1179.564697
1179.564697
1179.564697
1179.564697
1179.564697
1179.564697
1179.564697
1179.564697
1179.564697
1179.564697
1179.564697
1179.564697
1179.564697
1179.564697
1179.564697
1179.564697
1179.564697
1179.564697
1179.564697
1179.564697
1179.564697
1179.564697
1179.564697
1179.564697
1179.564697
1179.564697
1179.564697
1179.564697
1179.564697
1179.564697
1179.564697
1179.564697
1179.564697
1179.564697
1179.564697
1179.564697
1179.564697
1179.564697
1179.564697
1179.564697
1179.564697
1179.564697
1179.564697
1179.564697
1179.564697
1179.564697
1179.564697
1179.564697
1179.564697
1179.564697
1179.564697
1179.564697
1179.564697
1179.564697
1179.564697
1179.564697
1179.564697
1179.564697
1179.564697
1179.564697
1179.564697
1179.564697
1179.564697
1179.564697
1179.564697
1179.564697
1179.564697
1179.564697
1179.564697
1179.564697
1179.564697
1179.564697
1179.564697
1179.564697
1179.564697
1179.564697
1179.564697
1179.564697
1179.564697
1179.564697
1179.564697
1179.564697
1179.564697
1179.564697
1179.564697
1179.556792
1179.556792
1179.556792
1179.556792
1179.556792
1179.556792
1179.556792
1179.556792
1179.556792
1179.556792
1179.556792
1179.556792
1179.556792
1179.556792
1179.556792
1179.556792
1179.556792
1179.556792
1179.556792
1179.556792
1179.556792
1179.556792
1179.556792
1179.556792
1179.556792
1179.556792
1179.556792
1179.556792
1179.556792
1179.556792
1179.556792
1179.556792
1179.556792
1179.556792
1179.556792
1179.556792
1179.556792
1179.556792
1179.556792
1179.556792
1179.556792
1179.556792
1179.556792
1179.556792
1179.556792
1179.556792
1179.556792
1179.556792
1179.556792
1179.556792
1179.556792
1179.556792
1179.556792
1179.556792
1179.556792
1179.556792
1179.556792
1179.556792
1179.556792
1179.556792
1179.556792
1179.556792
1179.556792
1179.556792
1179.556792
1179.556792
1179.556792
1179.556792
1179.556792
1179.556792
1179.556792
1179.556792
1179.556792
1179.556792
1179.556792
1179.556792
1179.556792
1179.556792
1179.556792
1179.556792
1179.556792
1179.556792
1179.556792
1179.556792
1179.556792
1179.556792
1179.556792
1179.556792
1179.556792
1179.556792
1179.556792
1179.556792
1179.556792
1179.556792
1179.556792
1179.556792
1179.556792
1179.556792
1179.556792
1179.556792
1179.556792
1179.556792
1179.556792
1179.556792
1179.556792
1179.556792
1179.556792
1179.556792
1179.556792
1179.556792
1179.556792
1179.556792
1179.556792
1179.556792
1179.556792
1179.556792
1179.556792
1179.556792
1179.556792
1179.556792
1179.556792
1179.556792
1179.556792
1179.556792
1179.556792
1179.556792
1179.556792
1179.556792
1179.556792
1179.556792
1179.556792
1179.556792
1179.556792
1179.491032
1179.491032
1179.491032
1179.491032
1179.491032
1179.491032
1179.491032
1179.491032
1179.491032
1179.491032
1179.491032
1179.491032
1179.491032
1179.491032
1179.491032
1179.491032
1179.491032
1179.491032
1179.491032
1179.491032
1179.491032
1179.491032
1179.473174
1179.473174
1179.473174
1179.473174
1179.473174
1179.473174
1179.473174
1179.473174
1179.473174
1179.473174
1179.473174
1179.473174
1179.473174
1179.473174
1179.473174
1179.473174
1179.473174
1179.473174
1179.473174
1179.473174
1179.473174
1179.473174
1179.473174
1179.473174
1179.473174
1179.473174
1179.473174
1179.473174
1179.473174
1179.429534
1179.429534
1179.429534
1179.429534
1179.429534
1179.429534
1179.429534
1179.429534
1179.429534
1179.429534
1179.429534
1179.429534
1179.429534
1179.429534
1179.429534
1179.429534
1179.429534
1179.429534
1179.429534
1179.429534
1179.429534
1179.429534
1179.429534
1179.429534
1179.429534
1179.429534
1179.429534
1179.429534
1179.429534
1179.429534
1179.429534
1179.429534
1179.429534
1179.429534
1179.429534
1179.429534
1179.429534
1179.429534
1179.429534
1179.429534
1179.429534
1179.429534
1179.429534
1179.429534
1179.429534
1179.429534
1179.429534
1179.429534
1179.429534
1179.429534
1179.429534
1179.429534
1179.429534
1179.426510
1179.426510
1179.426510
1179.393142
1179.393142
1179.393142
1179.393142
1179.393142
1179.393142
1179.393142
1179.393142
1179.393142
1179.393142
1179.393142
1179.393142
1179.393142
1179.393142
1179.393142
1179.393142
1179.393142
1179.393142
1179.393142
1179.393142
1179.393142
1179.393142
1179.393142
1179.393142
1179.393142
1179.393142
1179.393142
1179.393142
1179.393142
1179.393142
1179.393142
1179.393142
1179.393142
1179.393142
1179.393142
1179.393142
1179.393142
1179.393142
1179.393142
1179.393142
1179.393142
1179.393142
1179.393142
1179.393142
1179.393142
1179.393142
1179.393142
1179.393142
1179.393142
1179.393142
1179.393142
1179.393142
1179.393142
1179.393142
1179.393142
1179.393142
1179.393142
1179.393142
1179.393142
1179.393142
1179.393142
1179.393142
1179.393142
1179.393142
1179.393142
1179.393142
1179.393142
1179.393142
1179.393142
1179.393142
1179.393142
1179.393142
1179.393142
1179.393142
1179.393142
1179.393142
1179.393142
1179.393142
1179.393142
1179.393142
1179.393142
1179.393142
1179.393142
1179.393142
1179.374025
1179.374025
1179.374025
1179.374025
1179.374025
1179.374025
1179.374025
1179.374025
1179.374025
1179.374025
1179.374025
1179.374025
1179.374025
1179.374025
1179.374025
1179.374025
1179.374025
1179.374025
1179.374025
1179.374025
1179.374025
1179.374025
1179.374025
1179.374025
1179.374025
1179.374025
1179.374025
1179.374025
1179.374025
1179.374025
1179.374025
1179.374025
1179.374025
1179.374025
1179.374025
1179.374025
1179.280276
1179.280276
1179.280276
1179.280276
1179.280276
1179.280276
1179.280276
1179.280276
1179.280276
1179.280276
1179.280276
1179.280276
1179.280276
1179.280276
1179.280276
1179.280276
1179.280276
1179.280276
1179.280276
1179.280276
1179.280276
1179.280276
1179.280276
1179.280276
1179.280276
1179.280276
1179.280276
1179.280276
1179.280276
1179.280276
1179.280276
1179.280276
1179.280276
1179.280276
1179.280276
1179.280276
1179.280276
1179.280276
1179.280276
1179.280276
1179.280276
1179.280276
1179.280276
1179.280276
1179.280276
1179.280276
1179.280276
1179.280276
1179.280276
1179.280276
1179.280276
1179.280276
1179.280276
1179.280276
1179.280276
1179.280276
1179.280276
1179.280276
1179.280276
1179.280276
1179.280276
1179.280276
1179.280276
1179.280276
1179.280276
1179.280276
1179.280276
1179.280276
1179.280276
1179.168930
1179.168930
1179.168930
1179.168930
1179.168930
1179.168930
1179.168930
1179.168930
1179.168930
1179.168930
1179.168930
1179.168930
1179.168930
1179.168930
1179.168930
1179.168930
1179.168930
1179.168930
1179.168930
1179.168930
1179.168930
1179.168930
1179.168930
1179.168930
1179.168930
1179.168930
1179.168930
1179.168930
1179.168930
1179.168930
1179.168930
1179.168930
1179.168930
1179.168930
1179.168930
1179.168930
1179.168930
1179.168930
1179.168930
1179.168930
1179.168930
1179.168930
1179.168930
1179.168930
1179.168930
1179.168930
1179.168930
1179.168930
1179.168930
1179.168930
1179.168930
1179.168930
1179.168930
1179.168930
1179.168930
1179.168930
1179.168930
1179.168930
1179.168930
1179.168930
1179.168930
1179.168930
1179.168930
1179.168930
1179.168930
1179.168930
1179.168930
1179.168930
1179.168930
1179.168930
1179.168930
1179.168930
1179.168930
1179.168930
1179.168930
1179.168930
1179.168930
1179.168930
1179.168930
1179.168930
1179.168930
1179.168930
1179.168930
1179.168930
1179.168930
1179.168930
1179.168930
1179.168930
1179.168930
1179.168930
1179.168930
1179.168930
1179.168930
1179.168930
1179.168930
1179.168930
1179.168930
1179.168930
1179.168930
1179.168930
1179.168930
1179.168930
1179.168930
1179.168930
1179.168930
1179.168930
1179.168930
1179.168930
1179.168930
1179.168930
1179.168930
1179.168930
1179.168930
1179.168930
1179.168930
1179.168930
1179.168930
1179.168930
1179.168930
1179.168930
1179.168930
1179.168930
1179.168930
1179.168930
1179.168930
1179.168930
1179.168930
1179.168930
1179.168930
1179.168930
1179.168930
1179.168930
1179.168930
1179.168930
1179.168930
1179.168930
1179.168930
1179.168930
1179.168930
1179.168930
1179.168930
1179.168930
1179.168930
1179.168930
1179.168930
1179.168930
1179.168930
1179.168930
1179.168930
1179.168930
1179.168930
1179.168930
1179.168930
1179.168930
1179.168930
1179.168930
1179.168930
1179.168930
1179.168930
1179.168930
1179.168930
1179.168930
1179.168930
1179.168930
1179.168930
1179.168930
1179.168930
1179.168930
1179.168930
1179.168930
1179.168930
1179.168930
1179.168930
1179.168930
1179.168930
1179.168930
1179.168930
1179.168930
1179.168930
1179.168930
1179.168930
1179.168930
1179.168930
1179.168930
1179.168930
1179.168930
1179.168930
1179.168930
1179.168930
1179.168930
1179.168930
1179.168930
1179.168930
1179.168930
1179.168930
1179.168930
1179.168930
1179.168930
1179.168930
1179.168930
1179.168930
1179.168930
1179.168930
1179.168930
1179.168930
1179.168930
1179.168930
1179.168930
1179.168930
1179.168930
1179.153876
1179.153876
1179.153876
1179.153876
1179.153876
1179.153876
1179.153876
1179.153876
1179.153876
1179.153876
1179.153876
1179.153876
1179.153876
1179.153876
1179.153876
1179.153876
1179.153876
1179.153876
1179.153876
1179.153876
1179.153876
1179.153876
1179.123349
1179.123349
1179.123349
1179.123349
1179.123349
1179.123349
1179.123349
1179.123349
1179.123349
1179.123349
1179.112415
1179.112415
1179.112415
1179.112415
1179.112415
1179.112415
1179.112415
1179.112415
1179.112415
1179.112415
1179.112415
1179.112415
1179.112415
1179.112415
1179.112415
1179.112415
1179.112415
1179.112415
1179.112415
1179.112415
1179.112415
1179.094695
1179.094695
1179.094695
1179.094695
1179.094695
1179.094695
1179.094695
1179.094695
1179.094695
1179.094695
1179.094695
1179.094695
1179.094695
1179.094695
1179.094695
1179.094695
1179.094695
1179.094695
1179.094695
1179.094695
1179.094695
1179.094695
1179.094695
1179.094695
1179.094695
1179.094695
1179.094695
1179.094695
1179.094695
1179.094695
1179.094695
1179.094695
1179.094695
1179.079642
1179.079642
1179.079642
1179.079642
1179.079642
1179.079642
1179.079642
1179.079642
1179.079642
1179.079642
1179.069742
1179.069742
1179.036158
1179.036158
1179.036158
1179.036158
1179.036158
1179.036158
1179.036158
1179.036158
1179.036158
1179.036158
1179.036158
1179.036158
1179.036158
1179.036158
1179.036158
1179.030663
1179.030663
1179.030663
1179.030663
1179.030663
1179.030663
1179.030663
1179.030663
1179.030663
1179.030663
1179.030663
1179.030663
1179.030663
1179.030663
1179.030663
1179.030663
1179.030663
1179.030663
1179.030663
1179.030663
1179.030663
1179.030663
1179.030663
1179.030663
1179.030663
1179.030663
1179.030663
1179.030663
1179.030663
1179.027971
1179.027971
1179.027971
1179.027971
1179.027971
1179.027971
1179.027971
1178.961215
1178.961215
1178.961215
1178.961215
1178.961215
1178.961215
1178.961215
1178.961215
1178.961215
1178.961215
1178.961215
1178.961215
1178.961215
1178.961215
1178.961215
1178.961215
1178.961215
1178.961215
1178.961215
1178.961215
1178.961215
1178.961215
1178.961215
1178.961215
1178.961215
1178.961215
1178.961215
1178.961215
1178.961215
1178.961215
1178.961215
1178.961215
1178.961215
1178.961215
1178.961215
1178.961215
1178.961215
1178.961215
1178.961215
1178.961215
1178.961215
1178.961215
1178.961215
1178.961215
1178.961215
1178.961215
1178.961215
1178.961215
1178.961215
1178.961215
1178.961215
1178.961215
1178.961215
1178.961215
1178.961215
1178.961215
1178.961215
1178.961215
1178.961215
1178.961215
1178.961215
1178.961215
1178.961215
1178.961215
1178.961215
1178.948387
1178.948387
1178.948387
1178.948387
1178.948387
1178.947763
1178.947763
1178.947763
1178.947763
1178.947763
1178.947763
1178.947763
1178.947763
1178.947763
1178.947763
1178.947763
1178.947763
1178.947763
1178.947763
1178.947763
1178.947763
1178.947763
1178.947763
1178.947763
1178.947763
1178.947763
1178.903513
1178.903513
1178.903513
1178.903513
1178.903513
1178.903513
1178.903513
1178.903513
1178.903513
1178.903513
1178.903513
1178.903513
1178.903513
1178.903513
1178.903513
1178.903513
1178.903513
1178.903513
1178.903513
1178.903513
1178.903513
1178.903513
1178.903513
1178.903513
1178.903513
1178.903513
1178.903513
1178.794241
1178.794241
1178.794241
1178.794241
1178.794241
1178.794241
1178.794241
1178.794241
1178.794241
1178.794241
1178.794241
1178.794241
1178.794241
1178.794241
1178.794241
1178.794241
1178.794241
1178.794241
1178.794241
1178.794241
1178.794241
1178.794241
1178.794241
1178.794241
1178.794241
1178.794241
1178.794241
1178.794241
1178.794241
1178.794241
1178.794241
1178.794241
1178.794241
1178.794241
1178.794241
1178.794241
1178.794241
1178.794241
1178.794241
1178.794241
1178.794241
1178.794241
1178.794241
1178.794241
1178.789628
1178.789628
1178.789628
1178.789628
1178.789628
1178.789628
1178.789628
1178.789628
1178.789628
1178.789628
1178.789628
1178.789628
1178.789628
1178.789628
1178.789628
1178.789628
1178.789628
1178.789628
1178.789628
1178.789628
1178.789628
1178.789628
1178.789628
1178.789628
1178.789628
1178.789628
1178.789628
1178.789628
1178.789628
1178.789628
1178.789628
1178.789628
1178.789628
1178.789628
1178.789628
1178.789628
1178.789628
1178.789628
1178.789628
1178.789628
1178.789628
1178.789628
1178.789628
1178.789628
1178.780926
1178.780926
1178.780926
1178.780926
1178.780926
1178.780926
1178.780926
1178.780926
1178.780926
1178.780926
1178.780926
1178.780926
1178.780926
1178.780926
1178.780926
1178.780926
1178.780926
1178.780926
1178.780926
1178.780926
1178.780926
1178.780926
1178.780926
1178.780926
1178.780926
1178.780926
1178.780926
1178.780926
1178.780926
1178.780926
1178.780926
1178.780926
1178.780926
1178.780926
1178.780926
1178.780926
1178.780926
1178.780926
1178.780926
1178.780926
1178.780926
1178.780926
1178.780926
1178.780926
1178.780926
1178.780926
1178.780926
1178.780926
1178.780926
1178.740684
1178.740684
1178.740684
1178.740684
1178.740684
1178.740684
1178.740684
1178.728415
1178.728415
1178.728415
1178.728415
1178.728415
1178.728415
1178.728415
1178.728415
1178.728415
1178.728415
1178.728415
1178.728415
1178.728415
1178.728415
1178.728415
1178.728415
1178.728415
1178.728415
1178.728415
1178.728415
1178.728415
1178.728415
1178.728415
1178.728415
1178.728415
1178.728415
1178.728415
1178.728415
1178.728415
1178.728415
1178.728415
1178.728415
1178.728415
1178.728415
1178.728415
1178.728415
1178.728415
1178.728415
1178.728415
1178.728415
1178.728415
1178.728415
1178.728415
1178.728415
1178.728415
1178.728415
1178.728415
1178.728415
1178.728415
1178.728415
1178.728415
1178.728415
1178.728415
1178.728415
1178.728415
1178.728415
1178.728415
1178.716342
1178.716342
1178.716342
1178.716342
1178.716342
1178.716342
1178.716342
1178.716342
1178.716342
1178.716342
1178.716342
1178.716342
1178.716342
1178.716342
1178.669754
1178.669754
1178.669754
1178.669754
1178.669754
1178.669754
1178.669754
1178.669754
1178.669754
1178.669754
1178.669754
1178.669754
1178.669754
1178.669754
1178.669754
1178.669754
1178.669754
1178.669754
1178.665024
1178.665024
1178.665024
1178.665024
1178.665024
1178.665024
1178.665024
1178.665024
1178.665024
1178.665024
1178.665024
1178.665024
1178.601302
1178.601302
1178.601302
1178.601302
1178.601302
1178.601302
1178.601302
1178.601302
1178.601302
1178.601302
1178.601302
1178.601302
1178.601302
1178.601302
1178.601302
1178.601302
1178.601302
1178.601302
1178.601302
1178.601302
1178.601302
1178.601302
1178.601302
1178.601302
1178.601302
1178.601302
1178.601302
1178.601302
1178.601302
1178.601302
1178.601302
1178.595982
1178.595982
1178.595982
1178.595982
1178.595982
1178.595982
1178.595982
1178.595982
1178.595982
1178.595982
1178.595982
1178.595982
1178.595982
1178.595982
1178.595982
1178.595982
1178.595982
1178.595982
1178.595982
1178.595982
1178.595982
1178.595982
1178.595982
1178.595982
1178.595982
1178.595982
1178.595982
1178.595982
1178.595982
1178.595982
1178.595982
1178.595982
1178.595982
1178.595982
1178.595982
1178.595982
1178.595982
1178.595982
1178.595982
1178.595982
1178.595982
1178.595982
1178.595982
1178.595982
1178.595982
1178.595982
1178.595982
1178.595982
1178.595982
1178.595982
1178.595982
1178.595982
1178.595982
1178.595982
1178.595982
1178.595982
1178.595982
1178.595982
1178.595982
1178.595982
1178.523232
1178.523232
1178.523232
1178.523232
1178.523232
1178.523232
1178.523232
1178.523232
1178.523232
1178.523232
1178.523232
1178.523232
1178.523232
1178.523232
1178.523232
1178.523232
1178.523232
1178.523232
1178.523232
1178.523232
1178.523232
1178.523232
1178.523232
1178.523232
1178.523232
1178.523232
1178.523232
1178.523232
1178.523232
1178.523232
1178.523232
1178.523232
1178.523232
1178.523232
1178.523232
1178.523232
1178.523232
1178.523232
1178.523232
1178.523232
1178.523232
1178.523232
1178.523232
1178.523232
1178.523232
1178.523232
1178.523232
1178.523232
1178.523232
1178.523232
1178.516516
1178.516516
1178.516516
1178.516516
1178.516516
1178.516516
1178.516516
1178.516516
1178.516516
1178.516516
1178.516516
1178.516516
1178.516516
1178.516516
1178.516516
1178.516516
1178.516516
1178.514695
1178.514695
1178.514695
1178.514695
1178.514695
1178.514695
1178.514695
1178.514695
1178.514695
1178.514695
1178.514695
1178.514695
1178.514695
1178.514695
1178.514695
1178.514695
1178.514695
1178.514695
1178.514695
1178.514695
1178.514695
1178.514695
1178.478522
1178.478522
1178.478522
1178.478522
1178.478522
1178.478522
1178.478522
1178.478522
1178.478522
1178.414940
1178.414940
1178.414940
1178.414940
1178.414940
1178.414940
1178.414940
1178.414940
1178.414940
1178.414940
1178.414940
1178.414940
1178.414940
1178.414940
1178.414940
1178.414940
1178.414940
1178.414940
1178.414940
1178.414940
1178.414940
1178.414940
1178.414940
1178.414940
1178.414940
1178.414940
1178.414940
1178.414940
1178.414940
1178.414940
1178.414940
1178.414940
1178.414940
1178.414940
1178.414940
1178.414940
1178.414940
1178.414940
1178.414940
1178.414940
1178.414940
1178.414940
1178.414940
1178.414940
1178.414940
1178.414940
1178.414940
1178.414940
1178.414940
1178.414940
1178.414940
1178.414940
1178.414940
1178.414940
1178.414940
1178.414940
1178.414940
1178.414940
1178.414940
1178.414940
1178.414940
1178.414940
1178.414940
1178.414940
1178.414940
1178.414940
1178.414940
1178.414940
1178.414940
1178.332370
1178.332370
1178.332370
1178.332370
1178.332370
1178.332370
1178.332370
1178.332370
1178.332370
1178.332370
1178.332370
1178.332370
1178.332370
1178.332370
1178.332370
1178.332370
1178.332370
1178.332370
1178.332370
1178.332370
1178.332370
1178.332370
1178.332370
1178.332370
1178.332370
1178.332370
1178.332370
1178.332370
1178.332370
1178.332370
1178.332370
1178.332370
1178.332370
1178.332370
1178.332370
1178.332370
1178.332370
1178.332370
1178.332370
1178.332370
1178.332370
1178.332370
1178.332370
1178.332370
1178.332370
1178.332370
1178.332370
1178.332370
1178.332370
1178.332370
1178.332370
1178.332370
1178.332370
1178.332370
1178.332370
1178.332370
1178.332370
1178.332370
1178.332370
1178.332370
1178.332370
1178.332370
1178.332370
1178.332370
1178.332370
1178.332370
1178.332370
1178.332370
1178.332370
1178.332370
1178.332370
1178.332370
1178.332370
1178.332370
1178.332370
1178.332370
1178.332370
1178.332370
1178.332370
1178.332370
1178.332370
1178.332370
1178.332370
1178.332370
1178.332370
1178.332370
1178.332370
1178.332370
1178.332370
1178.332370
1178.332370
1178.332370
1178.281346
1178.281346
1178.281346
1178.281346
1178.281346
1178.281346
1178.281346
1178.281346
1178.281346
1178.281346
1178.281346
1178.281346
1178.281346
1178.281346
1178.281346
1178.281346
1178.281346
1178.281346
1178.281346
1178.281346
1178.281346
1178.281346
1178.281346
1178.281346
1178.281346
1178.281346
1178.281346
1178.281346
1178.281346
1178.281346
1178.281346
1178.281346
1178.254390
1178.254390
1178.254390
1178.254390
1178.254390
1178.254390
1178.254390
1178.254390
1178.254390
1178.254390
1178.254390
1178.254390
1178.254390
1178.254390
1178.254390
1178.254390
1178.254390
1178.254390
1178.254390
1178.254390
1178.254390
1178.254390
1178.254390
1178.254390
1178.254390
1178.254390
1178.254390
1178.254390
1178.254390
1178.254390
1178.254390
1178.254390
1178.254390
1178.254390
1178.254390
1178.254390
1178.254390
1178.254390
1178.254390
1178.254390
1178.254390
1178.254390
1178.254390
1178.254390
1178.254390
1178.254390
1178.254390
1178.254390
1178.254390
1178.254390
1178.254390
1178.254390
1178.254390
1178.254390
1178.254390
1178.254390
1178.254390
1178.254390
1178.254390
1178.254390
1178.254390
1178.254390
1178.254390
1178.254390
1178.254390
1178.254390
1178.254390
1178.254390
1178.254390
1178.254390
1178.254390
1178.254390
1178.254390
1178.254390
1178.254390
1178.254390
1178.254390
1178.254390
1178.254390
1178.254390
1178.254390
1178.254390
1178.254390
1178.254390
1178.254390
1178.254390
1178.254390
1178.254390
1178.254390
1178.254390
1178.254390
1178.254390
1178.254390
1178.254390
1178.253089
1178.253089
1178.253089
1178.253089
1178.253089
1178.253089
1178.253089
1178.253089
1178.253089
1178.253089
1178.253089
1178.253089
1178.253089
1178.054215
1178.054215
1178.054215
1178.054215
1178.054215
1178.054215
1178.054215
1178.054215
1178.054215
1178.054215
1178.054215
1178.054215
1178.054215
1178.054215
1178.054215
1178.054215
1178.054215
1178.054215
1178.054215
1178.054215
1178.054215
1178.054215
1178.054215
1178.054215
1178.054215
1178.054215
1178.054215
1178.054215
1178.054215
1178.054215
1178.054215
1178.054215
1178.054215
1178.054215
1178.054215
1178.054215
1178.054215
1178.054215
1178.054215
1178.054215
1178.054215
1178.054215
1178.054215
1178.054215
1178.054215
1178.054215
1178.054215
1178.054215
1178.054215
1178.054215
1178.054215
1178.054215
1178.054215
1178.054215
1178.054215
1178.054215
1178.054215
1178.054215
1178.054215
1178.054215
1178.054215
1178.054215
1178.054215
1178.054215
1178.054215
1178.054215
1178.054215
1178.054215
1178.054215
1178.054215
1178.054215
1178.054215
1178.054215
1178.054215
1178.054215
1178.054215
1178.054215
1178.054215
1178.054215
1178.054215
1178.054215
1178.054215
1178.054215
1178.054215
1178.054215
1178.054215
1178.054215
1178.054215
1178.054215
1178.054215
1178.054215
1178.054215
1178.054215
1178.054215
1178.054215
1178.054215
1178.054215
1178.054215
1178.054215
1178.054215
1178.054215
1178.054215
1178.054215
1178.054215
1178.054215
1178.054215
1178.054215
1178.054215
1178.054215
1178.054215
1178.054215
1178.054215
1178.054215
1178.054215
1178.054215
1178.054215
1178.054215
1178.054215
1178.054215
1178.054215
1178.054215
1178.054215
1178.054215
1178.054215
1178.054215
1178.054215
1178.054215
1178.054215
1178.054215
1178.054215
1178.054215
1178.054215
1178.054215
1178.054215
1178.054215
1178.054215
1178.054215
1178.054215
1178.054215
1178.054215
1178.054215
1178.054215
1178.054215
1178.054215
1178.054215
1178.054215
1178.054215
1178.054215
1178.054215
1178.054215
1178.054215
1178.054215
1178.054215
1178.054215
1178.054215
1178.054215
1178.054215
1178.054215
1178.054215
1178.054215
1177.995955
1177.995955
1177.995955
1177.995955
1177.995955
1177.995955
1177.995955
1177.995955
1177.995955
1177.995955
1177.995955
1177.995955
1177.995955
1177.995955
1177.995955
1177.995955
1177.995955
1177.995955
1177.995955
1177.995955
1177.995955
1177.995955
1177.995955
1177.995955
1177.995955
1177.995955
1177.995955
1177.995955
1177.995955
1177.995955
1177.995955
1177.995955
1177.984118
1177.984118
1177.984118
1177.984118
1177.984118
1177.984118
1177.984118
1177.984118
1177.984118
1177.984118
1177.984118
1177.984118
1177.984118
1177.984118
1177.984118
1177.984118
1177.984118
1177.984118
1177.984118
1177.984118
1177.984118
1177.984118
1177.984118
1177.984118
1177.984118
1177.984118
1177.984118
1177.984118
1177.984118
1177.984118
1177.984118
1177.984118
1177.984118
1177.984118
1177.984118
1177.984118
1177.984118
1177.984118
1177.984118
1177.984118
1177.984118
1177.984118
1177.984118
1177.984118
1177.984118
1177.984118
1177.984118
1177.984118
1177.984118
1177.984118
1177.984118
1177.984118
1177.932244
1177.932244
1177.932244
1177.932244
1177.932244
1177.932244
1177.932244
1177.932244
1177.932244
1177.932244
1177.932244
1177.932244
1177.932244
1177.932244
1177.932244
1177.932244
1177.932244
1177.932244
1177.932244
1177.932244
1177.932244
1177.932244
1177.932244
1177.932244
1177.932244
1177.932244
1177.932244
1177.932244
1177.932244
1177.932244
1177.932244
1177.932244
1177.932244
1177.932244
1177.932244
1177.932244
1177.932244
1177.932244
1177.932244
1177.932244
1177.932244
1177.932244
1177.932244
1177.932244
1177.932244
1177.932244
1177.932244
1177.932244
1177.932244
1177.932244
1177.932244
1177.932244
1177.932244
1177.932244
1177.932244
1177.932244
1177.932244
1177.932244
1177.932244
1177.932244
1177.932244
1177.932244
1177.932244
1177.932244
1177.932244
1177.932244
1177.932244
1177.932244
1177.932244
1177.932244
1177.932244
1177.932244
1177.932244
1177.932244
1177.932244
1177.932244
1177.898299
1177.898299
1177.898299
1177.898299
1177.898299
1177.898299
1177.898299
1177.898299
1177.898299
1177.898299
1177.898299
1177.898299
1177.898299
1177.898299
1177.898299
1177.898299
1177.898299
1177.898299
1177.898299
1177.898299
1177.898299
1177.898299
1177.898299
1177.898299
1177.898299
1177.898299
1177.898299
1177.898299
1177.898299
1177.898299
1177.898299
1177.898299
1177.898299
1177.898299
1177.898299
1177.898299
1177.898299
1177.898299
1177.898299
1177.898299
1177.898299
1177.898299
1177.898299
1177.898299
1177.898299
1177.898299
1177.898299
1177.898299
1177.898299
1177.898299
1177.898299
1177.898299
1177.898299
1177.898299
1177.898299
1177.898299
1177.898299
1177.898299
1177.898299
1177.898299
1177.898299
1177.898299
1177.898299
1177.888059
1177.888059
1177.888059
1177.888059
1177.888059
1177.888059
1177.888059
1177.802177
1177.802177
1177.802177
1177.802177
1177.802177
1177.771456
1177.771456
1177.771456
1177.771456
1177.771456
1177.771456
1177.771456
1177.771456
1177.771456
1177.771456
1177.771456
1177.771456
1177.771456
1177.771456
1177.771456
1177.771456
1177.771456
1177.771456
1177.771456
1177.771456
1177.771456
1177.771456
1177.771456
1177.771456
1177.771456
1177.771456
1177.771456
1177.771456
1177.771456
1177.771456
1177.771456
1177.771456
1177.771456
1177.771456
1177.771456
1177.771456
1177.771456
1177.771456
1177.771456
1177.771456
1177.771456
1177.771456
1177.771456
1177.771456
1177.771456
1177.771456
1177.771456
1177.771456
1177.771456
1177.771456
1177.746371
1177.746371
1177.746371
1177.746371
1177.746371
1177.746371
1177.746371
1177.746371
1177.746371
1177.746371
1177.746371
1177.746371
1177.746371
1177.746371
1177.746371
1177.746371
1177.746371
1177.746371
1177.746371
1177.746371
1177.746371
1177.746371
1177.746371
1177.746371
1177.746371
1177.746371
1177.746371
1177.746371
1177.746371
1177.746371
1177.746371
1177.746371
1177.746371
1177.746371
1177.746371
1177.746371
1177.746371
1177.746371
1177.746371
1177.746371
1177.746371
1177.746371
1177.746371
1177.746371
1177.746371
1177.746371
1177.746371
1177.673142
1177.673142
1177.673142
1177.673142
1177.673142
1177.673142
1177.673142
1177.673142
1177.673142
1177.673142
1177.673142
1177.673142
1177.673142
1177.673142
1177.673142
1177.673142
1177.673142
1177.673142
1177.673142
1177.673142
1177.673142
1177.673142
1177.673142
1177.673142
1177.673142
1177.673142
1177.673142
1177.673142
1177.673142
1177.673142
1177.673142
1177.673142
1177.673142
1177.673142
1177.673142
1177.673142
1177.673142
1177.673142
1177.673142
1177.673142
1177.673142
1177.673142
1177.673142
1177.673142
1177.673142
1177.673142
1177.673142
1177.673142
1177.673142
1177.673142
1177.581834
1177.581834
1177.581834
1177.581834
1177.581834
1177.581834
1177.581834
1177.581834
1177.581834
1177.581834
1177.581834
1177.581834
1177.581834
1177.581834
1177.581834
1177.580697
1177.580697
1177.580697
1177.580697
1177.580697
1177.580697
1177.580697
1177.580697
1177.580697
1177.580697
1177.580697
1177.580697
1177.580697
1177.580697
1177.580697
1177.580697
1177.580697
1177.580697
1177.580697
1177.580697
1177.580697
1177.580697
1177.580697
1177.580697
1177.580697
1177.580697
1177.580697
1177.580697
1177.580697
1177.580697
1177.580697
1177.562789
1177.562789
1177.562789
1177.562789
1177.562789
1177.562789
1177.562789
1177.562789
1177.562789
1177.562789
1177.413306
1177.413306
1177.413306
1177.413306
1177.413306
1177.413306
1177.413306
1177.413306
1177.413306
1177.413306
1177.413306
1177.413306
1177.413306
1177.413306
1177.413306
1177.413306
1177.413306
1177.413306
1177.413306
1177.413306
1177.413306
1177.413306
1177.413306
1177.413306
1177.413306
1177.413306
1177.413306
1177.413306
1177.413306
1177.413306
1177.413306
1177.413306
1177.413306
1177.413306
1177.413306
1177.413306
1177.413306
1177.413306
1177.413306
1177.413306
1177.413306
1177.413306
1177.413306
1177.413306
1177.413306
1177.413306
1177.413306
1177.413306
1177.413306
1177.413306
1177.413306
1177.413306
1177.413306
1177.413306
1177.413306
1177.413306
1177.413306
1177.413306
1177.413306
1177.413306
1177.413306
1177.413306
1177.413306
1177.413306
1177.413306
1177.413306
1177.413306
1177.413306
1177.413306
1177.413306
1177.413306
1177.413306
1177.413306
1177.413306
1177.413306
1177.413306
1177.413306
1177.413306
1177.413306
1177.413306
1177.413306
1177.413306
1177.413306
1177.413306
1177.413306
1177.413306
1177.413306
1177.413306
1177.413306
1177.413306
1177.413306
1177.413306
1177.413306
1177.413306
1177.413306
1177.413306
1177.413306
1177.413306
1177.413306
1177.413306
1177.413306
1177.413306
1177.413306
1177.413306
1177.413306
1177.413306
1177.413306
1177.413306
1177.413306
1177.413306
1177.413306
1177.413306
1177.413306
1177.413306
1177.413306
1177.413306
1177.413306
1177.413306
1177.413306
1177.413306
1177.413306
1177.413306
1177.413306
1177.413306
1177.413306
1177.413306
1177.413306
1177.413306
1177.413306
1177.413306
1177.413306
1177.413306
1177.413306
1177.413306
1177.413306
1177.413306
1177.413306
1177.413306
1177.413306
1177.413306
1177.413306
1177.413306
1177.413306
1177.413306
1177.413306
1177.413306
1177.413306
1177.413306
1177.413306
1177.413306
1177.413306
1177.413306
1177.413306
1177.413306
1177.296605
1177.296605
1177.296605
1177.296605
1177.296605
1177.296605
1177.296605
1177.296605
1177.296605
1177.296605
1177.296605
1177.296605
1177.296605
1177.296605
1177.296605
1177.296605
1177.296605
1177.296605
1177.296605
1177.296605
1177.296605
1177.296605
1177.296605
1177.296605
1177.296605
1177.296605
1177.296605
1177.296605
1177.296605
1177.296605
1177.296605
1177.296605
1177.296605
1177.296605
1177.296605
1177.296605
1177.296605
1177.296605
1177.296605
1177.296605
1177.296605
1177.296605
1177.296605
1177.296605
1177.296605
1177.296605
1177.296605
1177.296605
1177.296605
1177.296605
1177.296605
1177.296605
1177.296605
1177.296605
1177.296605
1177.296605
1177.296605
1177.296605
1177.296605
1177.296605
1177.296605
1177.296605
1177.296605
1177.296605
1177.296605
1177.296605
1177.296605
1177.296605
1177.296605
1177.296605
1177.296605
1177.296605
1177.296605
1177.296605
1177.296605
1177.296605
1177.296605
1177.296605
1177.296605
1177.296605
1177.296605
1177.296605
1177.296605
1177.296605
1177.296605
1177.296605
1177.296605
1177.199539
1177.199539
1177.199539
1177.199539
1177.199539
1177.199539
1177.199539
1177.199539
1177.199539
1177.199539
1177.199539
1177.199539
1177.199539
1177.199539
1177.199539
1177.199539
1177.199539
1177.199539
1177.199539
1177.199539
1177.199539
1177.199539
1177.199539
1177.199539
1177.199539
1177.199539
1177.199539
1177.199539
1177.199539
1177.199539
1177.199539
1177.199539
1177.199539
1177.199539
1177.199539
1177.199539
1177.199539
1177.199539
1177.199539
1177.199539
1177.199539
1177.199539
1177.199539
1177.199539
1177.199539
1177.199539
1177.199539
1177.199539
1177.199539
1177.199539
1177.184211
1177.184211
1177.184211
1177.184211
1177.184211
1177.184211
1177.184211
1177.184211
1177.184211
1177.184211
1177.184211
1177.184211
1177.184211
1177.184211
1177.184211
1177.184211
1177.184211
1177.184211
1177.184211
1177.184211
1177.184211
1177.184211
1177.184211
1177.184211
1177.184211
1177.184211
1177.184211
1177.184211
1177.184211
1177.184211
1177.184211
1177.184211
1177.184211
1177.184211
1177.181887
1177.181887
1177.181887
1177.181887
1177.181887
1177.181887
1177.181887
1177.181887
1177.181887
1177.181887
1177.181887
1177.181887
1177.181887
1177.181887
1177.181887
1177.181887
1177.181887
1177.181887
1177.181887
1177.181887
1177.181887
1177.181887
1177.181887
1177.181887
1177.181887
1177.181887
1177.181887
1177.181887
1177.181887
1177.181887
1177.181887
1177.181887
1177.181887
1177.181887
1177.181887
1177.181887
1177.181887
1177.181887
1177.181887
1177.181887
1177.181887
1177.181887
1177.181887
1177.181887
1177.181887
1177.181887
1177.181887
1177.181887
1177.181887
1177.181887
1177.181887
1177.181887
1177.181887
1177.181887
1177.181887
1177.181887
1177.181887
1177.181887
1177.181887
1177.181887
1177.181887
1177.181887
1177.181887
1177.181887
1177.181887
1177.181887
1177.181887
1177.181887
1177.181887
1177.181887
1177.181887
1177.181887
1177.181887
1177.181887
1177.181887
1177.181887
1177.181887
1177.181887
1177.181887
1177.181887
1177.181887
1177.181887
1177.181887
1177.181887
1177.181887
1177.181887
1177.181887
1177.181887
1177.181887
1177.166503
1177.166503
1177.166503
1177.166503
1177.166503
1177.166503
1177.166503
1177.166503
1177.166503
1177.166503
1177.166503
1177.166503
1177.166503
1177.166503
1177.166503
1177.166503
1177.166503
1177.166503
1177.166503
1177.166503
1177.166503
1177.166503
1177.166503
1177.166503
1177.166503
1177.166503
1177.166503
1177.166503
1177.166503
1177.166503
1177.166503
1177.166503
1177.166503
1177.166503
1177.166503
1177.166503
1177.166503
1177.166503
1177.166503
1177.166503
1177.166503
1177.166503
1177.166503
1177.166503
1177.166503
1177.166503
1177.166503
1177.166503
1177.166503
1177.166503
1177.166503
1177.116246
1177.116246
1177.116246
1177.116246
1177.116246
1177.116246
1177.116246
1177.116246
1177.116246
1177.116246
1177.116246
1177.116246
1177.116246
1177.116246
1177.116246
1177.116246
1177.116246
1177.116246
1177.116246
1177.116246
1177.116246
1177.116246
1177.116246
1177.116246
1177.116246
1177.116246
1177.116246
1177.116246
1177.116246
1177.116246
1177.116246
1177.116246
1177.116246
1177.059456
1177.059456
1177.059456
1177.059456
1177.059456
1177.059456
1177.059456
1177.059456
1177.059456
1177.059456
1177.059456
1177.059456
1177.059456
1177.059456
1177.059456
1177.059456
1177.059456
1177.059456
1177.059456
1177.059456
1177.059456
1177.059456
1177.059456
1177.059456
1177.059456
1177.059456
1177.059456
1177.059456
1177.059456
1177.059456
1177.059456
1177.059456
1177.059456
1177.059456
1177.059456
1177.059456
1177.059456
1177.059456
1177.059456
1177.059456
1177.059456
1177.059456
1177.059456
1177.059456
1177.059456
1177.059456
1177.059456
1177.059456
1177.059456
1177.059456
1177.059456
1177.059456
1177.059456
1177.059456
1177.059456
1177.059456
1177.059456
1177.059456
1177.059456
1177.059456
1177.059456
1177.059456
1177.059456
1177.059456
1177.059456
1177.059456
1177.059456
1177.059456
1177.059456
1177.059456
1177.059456
1177.059456
1177.059456
1177.059456
1177.059456
1177.030971
1177.030971
1177.030971
1177.030971
1177.030971
1177.030971
1177.030971
1177.030971
1177.030971
1177.030971
1177.030971
1177.030971
1177.030971
1177.030971
1177.030971
1177.030971
1177.030971
1177.030971
1177.030971
1177.030971
1177.030971
1177.030971
1177.030971
1177.030971
1177.030971
1177.030971
1177.030971
1177.030971
1177.030971
1177.030971
1177.030971
1177.030971
1177.030971
1177.030971
1177.030971
1177.030971
1177.030971
1177.030971
1177.030971
1177.030971
1177.030971
1177.030971
1177.030971
1177.030971
1177.030971
1177.030971
1177.030971
1177.030971
1177.030971
1177.030971
1177.030971
1177.030971
1177.030971
1177.030971
1177.030971
1177.030971
1177.030971
1176.987998
1176.987998
1176.987998
1176.987998
1176.987998
1176.987998
1176.987998
1176.987998
1176.987998
1176.987998
1176.987998
1176.987998
1176.987998
1176.987998
1176.909608
1176.909608
1176.909608
1176.909608
1176.909608
1176.909608
1176.909608
1176.909608
1176.909608
1176.909608
1176.909608
1176.909608
1176.909608
1176.909608
1176.909608
1176.909608
1176.909608
1176.909608
1176.909608
1176.909608
1176.909608
1176.909608
1176.909608
1176.909608
1176.909608
1176.909608
1176.909608
1176.909608
1176.909608
1176.909608
1176.909608
1176.909608
1176.909608
1176.909608
1176.909608
1176.909608
1176.909608
1176.909608
1176.909608
1176.909608
1176.909608
1176.909608
1176.909608
1176.909608
1176.909608
1176.909608
1176.909608
1176.909608
1176.909608
1176.909608
1176.909608
1176.909608
1176.909608
1176.909608
1176.909608
1176.909608
1176.909608
1176.909608
1176.909608
1176.909608
1176.909608
1176.909608
1176.909608
1176.909608
1176.909608
1176.909608
1176.909608
1176.909608
1176.909608
1176.909608
1176.909608
1176.909608
1176.909608
1176.909608
1176.909608
1176.909608
1176.909608
1176.909608
1176.909608
1176.909608
1176.909608
1176.909608
1176.909608
1176.909608
1176.909608
1176.909608
1176.909608
1176.909608
1176.909608
1176.909608
1176.909608
1176.909608
1176.909608
1176.909608
1176.909608
1176.909608
1176.909608
1176.909608
1176.909608
1176.909608
1176.909608
1176.909608
1176.909608
1176.909608
1176.909608
1176.860414
1176.860414
1176.860414
1176.860414
1176.860414
1176.860414
1176.860414
1176.860414
1176.860414
1176.860414
1176.860414
1176.860414
1176.860414
1176.860414
1176.860414
1176.860414
1176.860414
1176.860414
1176.860414
1176.860414
1176.860414
1176.860414
1176.860414
1176.860414
1176.860414
1176.860414
1176.860414
1176.860414
1176.860414
1176.860414
1176.860414
1176.860414
1176.860414
1176.860414
1176.860414
1176.860414
1176.860414
1176.860414
1176.860414
1176.860414
1176.860414
1176.860414
1176.860414
1176.860414
1176.860414
1176.860414
1176.837764
1176.837764
1176.837764
1176.837764
1176.837764
1176.837764
1176.837764
1176.837764
1176.837764
1176.837764
1176.837764
1176.837764
1176.837764
1176.837764
1176.837764
1176.837764
1176.837764
1176.837764
1176.837764
1176.837764
1176.837764
1176.837764
1176.837764
1176.837764
1176.837764
1176.837764
1176.837764
1176.837764
1176.837764
1176.837764
1176.837764
1176.837764
1176.837764
1176.837764
1176.837764
1176.837764
1176.837764
1176.837764
1176.837764
1176.837764
1176.837764
1176.837764
1176.837764
1176.837764
1176.837764
1176.837764
1176.837764
1176.837764
1176.837764
1176.837764
1176.837764
1176.837764
1176.837764
1176.791571
1176.791571
1176.791571
1176.791571
1176.791571
1176.791571
1176.791571
1176.791571
1176.791571
1176.791571
1176.791571
1176.791571
1176.791571
1176.791571
1176.791571
1176.791571
1176.791571
1176.791571
1176.791571
1176.791571
1176.791571
1176.791571
1176.791571
1176.791571
1176.791571
1176.791571
1176.791571
1176.791571
1176.791571
1176.791571
1176.791571
1176.791571
1176.791571
1176.791571
1176.791571
1176.791571
1176.791571
1176.791571
1176.791571
1176.791571
1176.791571
1176.791571
1176.791571
1176.791571
1176.791571
1176.791571
1176.791571
1176.791571
1176.791571
1176.768282
1176.768282
1176.768282
1176.768282
1176.768282
1176.768282
1176.768282
1176.768282
1176.768282
1176.768282
1176.768282
1176.768282
1176.768282
1176.768282
1176.768282
1176.768282
1176.768282
1176.768282
1176.768282
1176.768282
1176.768282
1176.768282
1176.768282
1176.768282
1176.768282
1176.768282
1176.768282
1176.768282
1176.768282
1176.768282
1176.768282
1176.735848
1176.735848
1176.735848
1176.735848
1176.735848
1176.735848
1176.735848
1176.735848
1176.735848
1176.735848
1176.735848
1176.735848
1176.735848
1176.735848
1176.735848
1176.735848
1176.735848
1176.735848
1176.735848
1176.735848
1176.735848
1176.735848
1176.735848
1176.735848
1176.735848
1176.735848
1176.735848
1176.735848
1176.735848
1176.735848
1176.735848
1176.735848
1176.735848
1176.735848
1176.735848
1176.735848
1176.735848
1176.735848
1176.735848
1176.735848
1176.735848
1176.735848
1176.735848
1176.735848
1176.735848
1176.735848
1176.735848
1176.735848
1176.735848
1176.735848
1176.735848
1176.735848
1176.735848
1176.735848
1176.735848
1176.735848
1176.735848
1176.696983
1176.696983
1176.696983
1176.696983
1176.696983
1176.696983
1176.696983
1176.696983
1176.696983
1176.696983
1176.696983
1176.696983
1176.696983
1176.696983
1176.696983
1176.696983
1176.696983
1176.696983
1176.696983
1176.696983
1176.696983
1176.696983
1176.696983
1176.696983
1176.696983
1176.696983
1176.696983
1176.696983
1176.696983
1176.696983
1176.696983
1176.696983
1176.696983
1176.696983
1176.696983
1176.696983
1176.696983
1176.696983
1176.696983
1176.696983
1176.696983
1176.696983
1176.696983
1176.696983
1176.696983
1176.696983
1176.696983
1176.696983
1176.696983
1176.696983
1176.696983
1176.696983
1176.696983
1176.696983
1176.696983
1176.696983
1176.696983
1176.696983
1176.696983
1176.696983
1176.696983
1176.602763
1176.602763
1176.602763
1176.602763
1176.602763
1176.602763
1176.602763
1176.602763
1176.602763
1176.602763
1176.602763
1176.602763
1176.602763
1176.602763
1176.602763
1176.602763
1176.602763
1176.602763
1176.602763
1176.602763
1176.602763
1176.602763
1176.602763
1176.602763
1176.602763
1176.602763
1176.602763
1176.602763
1176.602763
1176.602763
1176.602763
1176.602763
1176.602763
1176.602763
1176.602763
1176.602763
1176.602763
1176.602763
1176.602763
1176.602763
1176.602763
1176.602763
1176.602763
1176.602763
1176.602763
1176.602763
1176.602763
1176.602763
1176.602763
1176.602763
1176.602763
1176.602763
1176.602763
1176.597394
1176.597394
1176.597394
1176.597394
1176.597394
1176.597394
1176.597394
1176.597394
1176.597394
1176.597394
1176.591984
1176.591984
1176.591984
1176.591984
1176.591984
1176.591984
1176.591984
1176.591984
1176.591984
1176.591984
1176.591984
1176.591984
1176.591984
1176.591984
1176.591984
1176.591984
1176.591984
1176.591984
1176.591984
1176.591984
1176.591984
1176.591984
1176.591984
1176.591984
1176.591984
1176.591984
1176.591984
1176.591984
1176.591984
1176.591984
1176.591984
1176.591984
1176.591984
1176.591984
1176.591984
1176.591984
1176.591984
1176.591984
1176.591984
1176.591984
1176.591984
1176.591984
1176.591984
1176.591984
1176.591984
1176.591984
1176.591984
1176.591984
1176.591984
1176.591984
1176.591984
1176.591984
1176.591984
1176.591984
1176.591984
1176.591984
1176.591984
1176.591984
1176.591984
1176.591984
1176.591984
1176.591984
1176.591984
1176.591984
1176.591984
1176.591984
1176.591984
1176.591984
1176.591984
1176.591984
1176.591984
1176.591984
1176.591984
1176.591984
1176.591984
1176.591984
1176.591984
1176.591984
1176.591984
1176.591984
1176.591984
1176.591984
1176.591984
1176.591984
1176.591984
1176.591984
1176.591984
1176.591984
1176.591984
1176.591984
1176.591984
1176.591984
1176.591984
1176.591984
1176.591984
1176.591984
1176.591984
1176.591984
1176.591984
1176.591984
1176.591984
1176.591984
1176.591984
1176.591984
1176.591984
1176.591984
1176.544899
1176.544899
1176.544899
1176.544899
1176.544899
1176.544899
1176.544899
1176.544899
1176.544899
1176.544899
1176.544899
1176.542826
1176.542826
1176.542826
1176.542826
1176.542826
1176.542826
1176.542826
1176.542826
1176.542826
1176.542826
1176.542826
1176.542826
1176.542826
1176.542826
1176.542826
1176.542826
1176.542826
1176.542826
1176.542826
1176.542826
1176.542826
1176.542826
1176.523724
1176.502191
1176.502191
1176.502191
1176.502191
1176.502191
1176.502191
1176.502191
1176.502191
1176.502191
1176.502191
1176.502191
1176.502191
1176.502191
1176.502191
1176.502191
1176.502191
1176.502191
1176.502191
1176.502191
1176.502191
1176.502191
1176.502191
1176.502191
1176.502191
1176.502191
1176.502191
1176.502191
1176.502191
1176.502191
1176.502191
1176.502191
1176.502191
1176.502191
1176.502191
1176.502191
1176.502191
1176.502191
1176.502191
1176.502191
1176.502191
1176.502191
1176.502191
1176.502191
1176.502191
1176.502191
1176.502191
1176.487407
1176.486228
1176.486228
1176.486228
1176.486228
1176.486228
1176.486228
1176.486228
1176.486228
1176.486228
1176.486228
1176.486228
1176.486228
1176.486228
1176.486228
1176.469858
1176.469858
1176.469858
1176.469858
1176.469858
1176.469858
1176.469858
1176.469858
1176.469858
1176.469858
1176.469858
1176.469858
1176.469858
1176.469858
1176.469858
1176.438211
1176.438211
1176.438211
1176.438211
1176.438211
1176.438211
1176.438211
1176.438211
1176.438211
1176.438211
1176.438211
1176.438211
1176.438211
1176.438211
1176.438211
1176.438211
1176.438211
1176.438211
1176.438211
1176.438211
1176.438211
1176.438211
1176.438211
1176.438211
1176.438211
1176.438211
1176.438211
1176.438211
1176.438211
1176.438211
1176.438211
1176.438211
1176.438211
1176.438211
1176.438211
1176.350910
1176.350910
1176.350910
1176.350910
1176.350910
1176.350910
1176.350910
1176.350910
1176.350910
1176.350910
1176.350910
1176.350910
1176.350910
1176.350910
1176.350910
1176.350910
1176.350910
1176.350910
1176.350910
1176.350910
1176.350910
1176.350910
1176.350910
1176.350910
1176.350910
1176.350910
1176.350910
1176.350910
1176.350910
1176.350910
1176.350910
1176.350910
1176.350910
1176.350910
1176.350910
1176.350910
1176.350910
1176.350910
1176.350910
1176.350910
1176.350910
1176.350910
1176.350910
1176.350910
1176.350910
1176.350910
1176.350910
1176.307464
1176.307464
1176.307464
1176.307464
1176.307464
1176.307464
1176.307464
1176.307464
1176.307464
1176.307464
1176.307464
1176.307464
1176.307464
1176.307464
1176.307464
1176.307464
1176.307464
1176.307464
1176.307464
1176.307464
1176.307464
1176.307464
1176.307464
1176.307464
1176.307464
1176.307464
1176.307464
1176.307464
1176.307464
1176.307464
1176.307464
1176.307464
1176.307464
1176.307464
1176.307464
1176.307464
1176.307464
1176.307464
1176.307464
1176.307464
1176.307464
1176.307464
1176.307464
1176.307464
1176.307464
1176.307464
1176.307464
1176.307464
1176.307464
1176.307464
1176.307464
1176.307464
1176.307464
1176.307464
1176.307464
1176.307464
1176.307464
1176.307464
1176.307464
1176.307464
1176.257351
1176.257351
1176.257351
1176.257351
1176.257351
1176.257351
1176.257351
1176.257351
1176.257351
1176.257351
1176.257351
1176.257351
1176.257351
1176.257351
1176.257351
1176.257351
1176.257351
1176.257351
1176.257351
1176.257351
1176.257351
1176.257351
1176.257351
1176.257351
1176.220812
1176.220812
1176.220812
1176.220812
1176.220812
1176.220812
1176.220812
1176.220812
1176.220812
1176.220812
1176.220812
1176.220812
1176.220812
1176.220812
1176.220812
1176.220812
1176.220812
1176.220812
1176.220812
1176.220812
1176.220812
1176.220812
1176.220812
1176.220812
1176.220812
1176.220812
1176.220812
1176.220812
1176.220812
1176.220812
1176.220812
1176.220812
1176.220812
1176.220812
1176.220812
1176.220812
1176.220812
1176.220812
1176.148909
1176.148909
1176.148909
1176.148909
1176.148909
1176.148909
1176.148909
1176.148909
1176.148909
1176.148909
1176.148909
1176.148909
1176.148909
1176.148909
1176.148909
1176.148909
1176.148909
1176.148909
1176.148909
1176.148909
1176.148909
1176.148909
1176.148909
1176.148909
1176.148909
1176.148909
1176.148909
1176.148909
1176.148909
1176.148909
1176.148909
1176.148909
1176.148909
1176.148909
1176.148909
1176.148909
1176.148909
1176.148909
1176.148909
1176.148909
1176.148909
1176.148909
1176.148909
1176.148909
1176.148909
1176.148909
1176.148909
1176.148909
1176.148909
1176.148909
1176.148909
1176.148909
1176.148909
1176.148909
1176.148909
1176.130963
1176.130963
1176.130963
1176.130963
1176.130963
1176.130963
1176.130963
1176.130963
1176.130963
1176.130963
1176.130963
1176.130963
1176.130963
1176.130963
1176.130963
1176.130963
1176.130963
1176.130963
1176.130963
1176.130963
1176.130963
1176.130963
1176.130963
1176.130963
1176.130963
1176.130963
1176.130963
1176.130963
1176.130963
1176.130963
1176.130963
1176.130963
1176.130963
1176.130963
1176.130963
1176.130963
1176.130963
1176.130963
1176.130963
1176.130963
1176.130963
1176.130963
1176.130963
1176.130963
1176.130963
1176.130963
1176.130963
1176.130963
1176.130963
1176.130963
1176.130963
1176.130963
1176.130963
1176.130963
1176.130963
1176.130963
1176.130963
1176.130963
1176.130963
1176.130963
1176.130963
1176.130963
1176.130963
1176.130963
1176.130963
1176.130963
1176.130963
1176.130963
1176.130963
1176.130963
1176.130963
1176.126373
1176.102579
1176.102579
1176.102579
1176.102579
1176.102579
1176.102579
1176.102579
1176.102579
1176.084522
1176.084522
1176.084522
1176.084522
1176.084522
1176.084522
1176.084522
1176.084522
1176.084522
1176.060797
1176.060797
1176.060797
1176.060797
1176.060797
1176.060797
1176.060797
1176.060797
1176.060797
1176.060797
1176.060797
1176.060797
1176.060797
1176.060797
1176.060797
1176.060797
1176.060797
1176.060797
1176.060797
1176.060797
1176.060797
1176.060797
1176.060797
1175.937835
1175.937835
1175.937835
1175.937835
1175.937835
1175.937835
1175.937835
1175.937835
1175.937835
1175.937835
1175.937835
1175.937835
1175.937835
1175.937835
1175.937835
1175.937835
1175.937835
1175.937835
1175.937835
1175.937835
1175.937835
1175.937835
1175.937835
1175.937835
1175.937835
1175.937835
1175.937835
1175.937835
1175.937835
1175.937835
1175.937835
1175.937835
1175.937835
1175.937835
1175.937835
1175.937835
1175.937835
1175.937835
1175.937835
1175.937835
1175.937835
1175.937835
1175.937835
1175.937835
1175.937835
1175.937835
1175.937835
1175.937835
1175.937835
1175.937835
1175.937835
1175.937835
1175.937835
1175.937835
1175.937835
1175.896194
1175.896194
1175.896194
1175.896194
1175.896194
1175.896194
1175.896194
1175.896194
1175.896194
1175.896194
1175.896194
1175.896194
1175.896194
1175.896194
1175.896194
1175.896194
1175.896194
1175.896194
1175.896194
1175.896194
1175.896194
1175.896194
1175.896194
1175.896194
1175.896194
1175.896194
1175.896194
1175.896194
1175.896194
1175.896194
1175.896194
1175.896194
1175.896194
1175.896194
1175.896194
1175.896194
1175.896194
1175.896194
1175.896194
1175.896194
1175.896194
1175.896194
1175.896194
1175.896194
1175.896194
1175.896194
1175.896194
1175.896194
1175.896194
1175.896194
1175.896194
1175.896194
1175.896194
1175.896194
1175.896194
1175.896194
1175.896194
1175.896194
1175.896194
1175.896194
1175.896194
1175.896194
1175.896194
1175.896194
1175.896194
1175.896194
1175.896194
1175.896194
1175.896194
1175.896194
1175.896194
1175.896194
1175.896194
1175.896194
1175.896194
1175.815748
1175.815748
1175.815748
1175.815748
1175.815748
1175.815748
1175.815748
1175.815748
1175.815748
1175.815748
1175.815748
1175.815748
1175.815748
1175.815748
1175.815748
1175.815748
1175.815748
1175.815748
1175.815748
1175.815748
1175.815748
1175.815748
1175.815748
1175.782171
1175.782171
1175.782171
1175.782171
1175.782171
1175.782171
1175.782171
1175.782171
1175.693898
1175.693898
1175.693898
1175.693898
1175.693898
1175.693898
1175.693898
1175.693898
1175.693898
1175.693898
1175.693898
1175.693898
1175.693898
1175.693898
1175.693898
1175.693898
1175.693898
1175.693898
1175.693898
1175.693898
1175.693898
1175.693898
1175.693898
1175.693898
1175.693898
1175.693898
1175.693898
1175.693898
1175.693898
1175.693898
1175.693898
1175.693898
1175.693898
1175.693898
1175.693898
1175.693898
1175.693898
1175.693898
1175.693898
1175.693898
1175.669479
1175.669479
1175.669479
1175.669479
1175.669479
1175.669479
1175.669479
1175.669479
1175.669479
1175.669479
1175.628411
1175.628411
1175.628411
1175.628411
1175.628411
1175.628411
1175.628411
1175.628411
1175.628411
1175.628411
1175.628411
1175.628411
1175.628411
1175.628411
1175.628411
1175.628411
1175.628411
1175.628411
1175.628411
1175.628411
1175.628411
1175.628411
1175.628411
1175.628411
1175.628411
1175.628411
1175.628411
1175.628411
1175.628411
1175.628411
1175.628411
1175.628411
1175.628411
1175.628411
1175.628411
1175.628411
1175.628411
1175.628411
1175.628411
1175.628411
1175.611657
1175.611657
1175.611657
1175.611657
1175.611657
1175.611657
1175.611657
1175.611657
1175.611657
1175.611657
1175.611657
1175.611657
1175.611657
1175.611657
1175.611657
1175.458189
1175.458189
1175.458189
1175.458189
1175.458189
1175.458189
1175.458189
1175.458189
1175.458189
1175.458189
1175.458189
1175.458189
1175.458189
1175.458189
1175.458189
1175.458189
1175.458189
1175.458189
1175.458189
1175.418103
1175.418103
1175.418103
1175.418103
1175.418103
1175.418103
1175.418103
1175.418103
1175.418103
1175.418103
1175.418103
1175.418103
1175.418103
1175.418103
1175.418103
1175.418103
1175.418103
1175.418103
1175.418103
1175.418103
1175.418103
1175.418103
1175.418103
1175.418103
1175.418103
1175.418103
1175.418103
1175.418103
1175.418103
1175.418103
1175.418103
1175.418103
1175.418103
1175.418103
1175.418103
1175.418103
1175.418103
1175.418103
1175.418103
1175.418103
1175.418103
1175.418103
1175.418103
1175.418103
1175.418103
1175.418103
1175.418103
1175.418103
1175.418103
1175.418103
1175.418103
1175.418103
1175.418103
1175.418103
1175.418103
1175.418103
1175.418103
1175.418103
1175.418103
1175.418103
1175.418103
1175.335550
1175.335550
1175.334165
1175.334165
1175.334165
1175.334165
1175.334165
1175.334165
1175.334165
1175.334165
1175.334165
1175.334165
1175.334165
1175.334165
1175.334165
1175.334165
1175.334165
1175.334165
1175.334165
1175.334165
1175.334165
1175.334165
1175.334165
1175.334165
1175.334165
1175.334165
1175.334165
1175.334165
1175.334165
1175.334165
1175.210464
1175.210464
1175.210464
1175.210464
1175.210464
1175.210464
1175.210464
1175.210464
1175.210464
1175.210464
1175.210464
1175.210464
1175.210464
1175.210464
1175.210464
1175.210464
1175.210464
1175.210464
1175.210464
1175.210464
1175.210464
1175.210464
1175.210464
1175.210464
1175.210464
1175.210464
1175.210464
1175.210464
1175.210464
1175.210464
1175.210464
1175.210464
1175.210464
1175.210464
1175.210464
1175.210464
1175.210464
1175.210464
1175.210464
1175.210464
1175.210464
1175.210464
1175.210464
1175.210464
1175.210464
1175.210464
1175.210464
1175.210464
1175.210464
1175.210464
1175.210464
1175.210464
1175.210464
1175.210464
1175.210464
1175.210464
1175.210464
1175.210464
1175.210464
1175.210464
1175.210464
1175.210464
1175.210464
1175.210464
1175.210464
1175.210464
1175.210464
1175.210464
1175.210464
1175.210464
1175.210464
1175.210464
1175.210464
1175.210464
1175.210464
1175.210464
1175.210464
1175.210464
1175.210464
1175.210464
1175.210464
1175.210464
1175.210464
1175.210464
1175.210464
1175.210464
1175.210464
1175.210464
1175.210464
1175.210464
1175.210464
1175.210464
1175.210464
1175.210464
1175.210464
1175.210464
1175.210464
1175.210464
1175.210464
1175.210464
1175.195774
1175.195774
1175.195774
1175.195774
1175.195774
1175.118383
1175.118383
1175.118383
1175.118383
1175.118383
1175.118383
1175.118383
1175.118383
1175.118383
1175.118383
1175.118383
1175.118383
1175.118383
1175.118383
1175.118383
1175.118383
1175.118383
1175.118383
1175.118383
1175.118383
1175.118383
1175.118383
1175.118383
1175.118383
1175.118383
1175.118383
1175.064683
1175.064683
1175.064683
1175.064683
1175.064683
1175.064683
1175.064683
1175.064683
1175.064683
1175.064683
1175.064683
1175.064683
1175.064683
1175.064683
1175.064683
1175.064683
1175.064683
1175.064683
1175.064683
1175.064683
1175.064683
1175.064683
1175.064683
1175.064683
1175.064683
1175.064683
1175.064683
1175.064683
1175.064683
1175.064683
1175.064683
1175.064683
1175.064683
1175.064683
1175.064683
1175.064683
1175.064683
1175.064683
1175.064683
1175.064683
1175.064683
1175.064683
1175.064683
1175.064683
1175.064683
1175.064683
1175.064683
1175.064683
1175.064683
1175.064683
1175.064683
1175.064683
1175.064683
1175.064683
1175.064683
1175.064683
1175.064683
1175.064683
1175.064683
1175.064683
1175.064683
1175.064683
1175.064683
1175.064683
1175.064683
1175.064683
1175.064683
1175.064683
1175.064683
1175.064683
1175.064683
1175.064683
1175.064683
1175.064683
1175.064683
1175.064683
1175.064683
1175.064683
1175.064683
1175.064683
1175.064683
1175.064683
1175.064683
1175.064683
1175.064683
1175.064683
1175.064683
1175.064683
1175.064683
1175.064683
1175.064683
1175.064683
1175.064683
1175.064683
1175.064683
1175.064683
1175.064683
1175.064683
1175.064683
1175.064683
1175.064683
1175.064683
1175.064683
1175.064683
1175.064683
1175.064683
1175.064683
1175.064683
1175.064683
1175.064683
1175.064683
1175.064683
1175.064683
1175.064683
1175.064683
1175.064683
1175.064683
1175.064683
1175.064683
1175.064683
1175.064683
1175.064683
1175.064683
1175.064683
1175.064683
1175.064683
1175.064683
1175.064683
1175.064683
1175.064683
1175.064683
1175.064683
1175.064683
1175.064683
1175.064683
1175.064683
1175.064683
1175.064683
1175.064683
1175.064683
1175.064683
1175.064683
1175.064683
1175.064683
1175.064683
1175.064683
1175.064683
1175.064683
1175.064683
1175.064683
1175.064683
1175.064683
1175.064683
1175.064683
1175.064683
1175.064683
1175.064683
1175.064683
1175.064683
1175.064683
1175.064683
1175.064683
1175.064683
1175.064683
1175.064683
1175.064683
1175.064683
1175.064683
1175.064683
1175.064683
1175.064683
1175.064683
1175.064683
1174.953492
1174.953492
1174.953492
1174.953492
1174.953492
1174.953492
1174.953492
1174.953492
1174.953492
1174.953492
1174.953492
1174.953492
1174.953492
1174.953492
1174.953492
1174.953492
1174.953492
1174.953492
1174.953492
1174.953492
1174.953492
1174.953492
1174.953492
1174.953492
1174.953492
1174.953492
1174.953492
1174.953492
1174.953492
1174.953492
1174.953492
1174.953492
1174.953492
1174.953492
1174.953492
1174.953492
1174.953492
1174.953492
1174.953492
1174.953492
1174.953492
1174.953492
1174.953492
1174.953492
1174.953492
1174.953492
1174.953492
1174.953492
1174.953492
1174.953492
1174.953492
1174.953492
1174.953492
1174.953492
1174.953492
1174.953492
1174.953492
1174.953492
1174.953492
1174.953492
1174.953492
1174.910185
1174.910185
1174.910185
1174.910185
1174.910185
1174.910185
1174.910185
1174.910185
1174.910185
1174.910185
1174.910185
1174.910185
1174.910185
1174.910185
1174.910185
1174.910185
1174.910185
1174.910185
1174.910185
1174.910185
1174.910185
1174.910185
1174.910185
1174.910185
1174.910185
1174.910185
1174.910185
1174.910185
1174.910185
1174.910185
1174.910185
1174.910185
1174.910185
1174.910185
1174.844940
1174.844940
1174.844940
1174.844940
1174.844940
1174.844940
1174.844940
1174.844940
1174.844940
1174.844940
1174.844940
1174.844940
1174.844940
1174.844940
1174.844940
1174.844940
1174.844940
1174.844940
1174.844940
1174.844940
1174.844940
1174.844940
1174.844940
1174.844940
1174.844940
1174.844940
1174.844940
1174.844940
1174.844940
1174.844940
1174.844940
1174.844940
1174.844940
1174.844940
1174.844940
1174.844940
1174.844940
1174.844940
1174.844940
1174.844940
1174.844940
1174.844940
1174.844940
1174.844940
1174.844940
1174.844940
1174.844940
1174.844940
1174.844940
1174.844940
1174.831354
1174.831354
1174.831354
1174.831354
1174.831354
1174.831354
1174.831354
1174.831354
1174.831354
1174.831354
1174.831354
1174.831354
1174.831354
1174.831354
1174.831354
1174.831354
1174.831354
1174.831354
1174.831354
1174.831354
1174.831354
1174.831354
1174.831354
1174.831354
1174.831354
1174.831354
1174.831354
1174.831354
1174.831354
1174.831354
1174.831354
1174.831354
1174.831354
1174.831354
1174.831354
1174.831354
1174.831354
1174.831354
1174.831354
1174.831354
1174.831354
1174.831354
1174.831354
1174.831354
1174.831354
1174.831354
1174.831354
1174.831354
1174.831354
1174.831354
1174.831354
1174.831354
1174.831354
1174.831354
1174.831354
1174.831354
1174.831354
1174.831354
1174.831354
1174.831354
1174.831354
1174.831354
1174.831354
1174.831354
1174.831354
1174.831354
1174.831354
1174.831354
1174.831354
1174.831354
1174.831354
1174.831354
1174.831354
1174.831354
1174.831354
1174.831354
1174.831354
1174.776743
1174.776743
1174.776743
1174.776743
1174.776743
1174.776743
1174.776743
1174.776743
1174.776743
1174.776743
1174.776743
1174.776743
1174.776743
1174.776743
1174.776743
1174.776743
1174.776743
1174.776743
1174.776743
1174.776743
1174.776743
1174.776743
1174.776743
1174.776743
1174.776743
1174.776743
1174.776743
1174.776743
1174.776743
1174.776743
1174.776743
1174.776743
1174.776743
1174.776743
1174.776743
1174.776743
1174.776743
1174.776743
1174.776743
1174.776743
1174.776743
1174.776743
1174.776743
1174.776743
1174.776743
1174.776743
1174.776743
1174.776743
1174.776743
1174.776743
1174.776743
1174.776743
1174.776743
1174.776743
1174.776743
1174.776743
1174.776743
1174.776743
1174.776743
1174.776743
1174.776743
1174.776743
1174.776743
1174.776743
1174.776743
1174.776743
1174.776743
1174.776743
1174.776743
1174.776743
1174.776743
1174.776743
1174.776743
1174.776743
1174.776743
1174.776743
1174.776743
1174.776743
1174.776743
1174.776743
1174.776743
1174.776743
1174.776743
1174.776743
1174.776743
1174.776743
1174.776743
1174.776743
1174.776743
1174.776743
1174.776743
1174.776743
1174.776743
1174.776743
1174.776743
1174.776743
1174.776743
1174.776743
1174.776743
1174.776743
1174.776743
1174.776743
1174.776743
1174.776743
1174.776743
1174.776743
1174.776743
1174.776743
1174.776743
1174.776743
1174.776743
1174.776743
1174.776743
1174.776743
1174.776743
1174.776743
1174.776743
1174.776743
1174.776743
1174.776743
1174.776743
1174.776743
1174.776743
1174.776743
1174.776743
1174.776743
1174.776743
1174.776743
1174.776743
1174.776743
1174.776743
1174.776743
1174.776743
1174.776743
1174.776743
1174.776743
1174.776743
1174.776743
1174.776743
1174.776743
1174.776743
1174.776743
1174.776743
1174.776743
1174.776743
1174.776743
1174.776743
1174.776743
1174.776743
1174.776743
1174.776743
1174.776743
1174.776743
1174.776743
1174.776743
1174.776743
1174.776743
1174.776743
1174.776743
1174.776743
1174.776743
1174.776743
1174.776743
1174.735058
1174.735058
1174.735058
1174.675799
1174.675799
1174.675799
1174.675799
1174.675799
1174.675799
1174.675799
1174.675799
1174.675799
1174.675799
1174.675799
1174.675799
1174.675799
1174.675799
1174.675799
1174.675799
1174.675799
1174.675799
1174.675799
1174.675799
1174.675799
1174.675799
1174.675799
1174.675799
1174.675799
1174.675799
1174.675799
1174.675799
1174.675799
1174.675799
1174.675799
1174.675799
1174.675799
1174.675799
1174.675799
1174.675799
1174.675799
1174.675799
1174.675799
1174.675799
1174.675799
1174.675799
1174.675799
1174.675799
1174.675799
1174.675799
1174.675799
1174.675799
1174.675799
1174.675799
1174.675799
1174.675799
1174.675799
1174.675799
1174.675799
1174.675799
1174.675799
1174.675799
1174.675799
1174.675799
1174.643906
1174.643906
1174.643906
1174.643906
1174.643906
1174.643906
1174.643906
1174.643906
1174.643906
1174.643906
1174.643906
1174.643906
1174.643906
1174.643906
1174.643906
1174.643906
1174.643906
1174.643906
1174.643906
1174.643906
1174.643906
1174.643906
1174.643906
1174.643906
1174.643906
1174.643906
1174.643906
1174.643906
1174.643906
1174.643906
1174.643906
1174.643906
1174.643906
1174.643906
1174.643906
1174.643906
1174.643906
1174.643906
1174.643906
1174.643906
1174.643906
1174.643906
1174.643906
1174.643906
1174.643906
1174.643906
1174.643906
1174.643906
1174.643906
1174.643906
1174.643906
1174.643906
1174.643906
1174.643906
1174.643906
1174.643906
1174.643906
1174.643906
1174.643906
1174.643906
1174.643906
1174.643906
1174.643906
1174.643906
1174.643906
1174.643906
1174.643906
1174.643906
1174.643906
1174.643906
1174.643906
1174.643906
1174.643906
1174.643906
1174.643906
1174.643906
1174.643906
1174.643906
1174.643906
1174.643906
1174.643906
1174.643906
1174.643906
1174.643906
1174.643906
1174.643906
1174.643906
1174.643906
1174.643906
1174.643906
1174.643906
1174.643906
1174.643906
1174.643906
1174.643906
1174.643906
1174.643906
1174.643906
1174.643906
1174.643906
1174.643906
1174.643906
1174.643906
1174.643906
1174.643906
1174.643906
1174.643906
1174.643906
1174.643906
1174.643906
1174.643906
1174.643906
1174.643906
1174.643906
1174.643906
1174.643906
1174.643906
1174.643906
1174.643906
1174.643906
1174.643906
1174.643906
1174.643906
1174.616866
1174.616866
1174.616866
1174.616866
1174.604007
1174.604007
1174.604007
1174.604007
1174.604007
1174.604007
1174.604007
1174.604007
1174.604007
1174.604007
1174.604007
1174.604007
1174.604007
1174.604007
1174.604007
1174.604007
1174.604007
1174.604007
1174.604007
1174.604007
1174.604007
1174.604007
1174.604007
1174.604007
1174.604007
1174.604007
1174.604007
1174.604007
1174.604007
1174.604007
1174.604007
1174.604007
1174.604007
1174.604007
1174.604007
1174.604007
1174.604007
1174.604007
1174.604007
1174.604007
1174.604007
1174.604007
1174.604007
1174.604007
1174.604007
1174.604007
1174.604007
1174.604007
1174.604007
1174.604007
1174.604007
1174.604007
1174.604007
1174.604007
1174.604007
1174.604007
1174.604007
1174.604007
1174.604007
1174.604007
1174.604007
1174.604007
1174.604007
1174.604007
1174.604007
1174.604007
1174.604007
1174.604007
1174.604007
1174.604007
1174.604007
1174.604007
1174.604007
1174.604007
1174.604007
1174.604007
1174.604007
1174.604007
1174.604007
1174.604007
1174.604007
1174.604007
1174.604007
1174.604007
1174.604007
1174.604007
1174.604007
1174.604007
1174.604007
1174.604007
1174.604007
1174.604007
1174.604007
1174.604007
1174.604007
1174.604007
1174.599809
1174.599809
1174.599809
1174.599809
1174.599809
1174.599809
1174.599809
1174.599809
1174.599809
1174.599809
1174.599809
1174.599809
1174.599809
1174.599809
1174.599809
1174.599809
1174.599809
1174.599809
1174.599809
1174.599809
1174.599809
1174.599809
1174.599809
1174.599809
1174.599809
1174.599809
1174.599809
1174.599809
1174.599809
1174.599809
1174.599809
1174.599809
1174.599809
1174.599809
1174.599809
1174.599809
1174.599809
1174.599809
1174.599809
1174.599809
1174.599809
1174.599809
1174.599809
1174.599809
1174.599809
1174.599809
1174.599809
1174.599809
1174.599809
1174.599809
1174.565346
1174.565346
1174.565346
1174.565346
1174.565346
1174.565346
1174.565346
1174.565346
1174.565346
1174.565346
1174.565346
1174.565346
1174.565346
1174.565346
1174.565346
1174.565346
1174.565346
1174.565346
1174.565346
1174.565346
1174.565346
1174.565346
1174.565346
1174.565346
1174.565346
1174.565346
1174.565346
1174.565346
1174.565346
1174.565346
1174.565346
1174.565346
1174.565346
1174.565346
1174.565346
1174.565346
1174.565346
1174.565346
1174.565346
1174.565346
1174.565346
1174.565346
1174.565346
1174.565346
1174.565346
1174.565346
1174.565346
1174.565346
1174.565346
1174.565346
1174.565346
1174.565346
1174.565346
1174.565346
1174.565346
1174.565346
1174.565346
1174.565346
1174.565346
1174.565346
1174.565346
1174.565346
1174.565346
1174.565346
1174.565346
1174.565346
1174.565346
1174.565346
1174.556358
1174.556358
1174.556358
1174.556358
1174.556358
1174.556358
1174.556358
1174.556358
1174.556358
1174.556358
1174.556358
1174.556358
1174.556358
1174.556358
1174.556358
1174.556358
1174.556358
1174.556358
1174.556358
1174.556358
1174.556358
1174.556358
1174.556358
1174.556358
1174.556358
1174.556358
1174.556358
1174.556358
1174.556358
1174.556358
1174.556358
1174.556358
1174.556358
1174.556358
1174.556358
1174.556358
1174.556358
1174.556358
1174.556358
1174.556358
1174.556358
1174.556358
1174.556358
1174.556358
1174.556358
1174.556358
1174.556358
1174.556358
1174.556358
1174.556358
1174.556358
1174.556358
1174.556358
1174.556358
1174.556358
1174.556358
1174.556358
1174.556358
1174.556358
1174.556358
1174.556358
1174.556358
1174.556358
1174.556358
1174.556358
1174.556358
1174.556358
1174.556358
1174.556358
1174.556358
1174.556358
1174.556358
1174.556358
1174.532089
1174.532089
1174.532089
1174.532089
1174.532089
1174.532089
1174.532089
1174.532089
1174.532089
1174.532089
1174.532089
1174.532089
1174.532089
1174.532089
1174.532089
1174.532089
1174.532089
1174.532089
1174.532089
1174.532089
1174.532089
1174.532089
1174.532089
1174.532089
1174.532089
1174.532089
1174.532089
1174.532089
1174.532089
1174.532089
1174.532089
1174.532089
1174.532089
1174.532089
1174.532089
1174.532089
1174.532089
1174.532089
1174.532089
1174.532089
1174.532089
1174.532089
1174.532089
1174.532089
1174.532089
1174.532089
1174.532089
1174.532089
1174.532089
1174.532089
1174.532089
1174.532089
1174.532089
1174.532089
1174.532089
1174.532089
1174.532089
1174.532089
1174.532089
1174.532089
1174.532089
1174.532089
1174.532089
1174.532089
1174.532089
1174.532089
1174.532089
1174.532089
1174.532089
1174.532089
1174.532089
1174.532089
1174.532089
1174.532089
1174.532089
1174.532089
1174.532089
1174.532089
1174.532089
1174.532089
1174.532089
1174.532089
1174.532089
1174.532089
1174.532089
1174.523805
1174.523805
1174.523805
1174.523805
1174.523805
1174.523805
1174.523805
1174.523805
1174.523805
1174.523805
1174.523805
1174.523805
1174.523805
1174.523805
1174.523805
1174.523805
1174.523805
1174.523805
1174.523805
1174.523805
1174.523805
1174.523805
1174.523805
1174.523805
1174.493773
1174.493773
1174.493773
1174.493773
1174.493773
1174.493773
1174.493773
1174.493773
1174.493773
1174.493773
1174.493773
1174.493773
1174.493773
1174.493773
1174.493773
1174.493773
1174.493773
1174.493773
1174.493773
1174.493773
1174.493773
1174.493773
1174.493773
1174.493773
1174.493773
1174.493773
1174.493773
1174.493773
1174.493773
1174.493773
1174.493773
1174.493773
1174.493773
1174.493773
1174.493773
1174.493773
1174.493773
1174.493773
1174.493773
1174.493773
1174.493773
1174.493773
1174.493773
1174.493773
1174.493773
1174.493773
1174.493773
1174.493773
1174.493773
1174.493773
1174.493773
1174.493773
1174.493773
1174.493773
1174.493773
1174.493773
1174.493773
1174.493773
1174.493773
1174.493773
1174.493773
1174.493773
1174.493773
1174.493773
1174.493773
1174.493773
1174.493773
1174.493773
1174.493773
1174.493773
1174.488122
1174.488122
1174.488122
1174.488122
1174.488122
1174.488122
1174.488122
1174.488122
1174.488122
1174.488122
1174.488122
1174.488122
1174.488122
1174.488122
1174.488122
1174.488122
1174.488122
1174.488122
1174.488122
1174.488122
1174.488122
1174.488122
1174.488122
1174.488122
1174.488122
1174.488122
1174.488122
1174.488122
1174.488122
1174.488122
1174.488122
1174.467537
1174.467537
1174.462487
1174.462487
1174.462487
1174.462487
1174.462487
1174.462487
1174.462487
1174.462487
1174.462487
1174.462487
1174.462487
1174.462487
1174.462487
1174.462487
1174.462487
1174.462487
1174.462487
1174.462487
1174.462487
1174.462487
1174.462487
1174.462487
1174.462487
1174.462487
1174.462487
1174.462487
1174.462487
1174.462487
1174.462487
1174.462487
1174.462487
1174.462487
1174.462487
1174.462487
1174.462487
1174.462487
1174.462487
1174.462487
1174.462487
1174.462487
1174.462487
1174.462487
1174.462487
1174.462487
1174.462487
1174.462487
1174.462487
1174.462487
1174.462487
1174.462487
1174.462487
1174.462487
1174.462487
1174.462487
1174.462487
1174.462487
1174.462487
1174.462487
1174.462487
1174.424961
1174.424961
1174.424961
1174.424961
1174.424961
1174.424961
1174.424961
1174.424961
1174.424961
1174.424961
1174.424961
1174.424961
1174.424961
1174.424961
1174.424961
1174.424961
1174.424961
1174.424961
1174.424961
1174.424961
1174.424961
1174.424961
1174.424961
1174.424961
1174.424961
1174.424961
1174.424961
1174.424961
1174.424961
1174.424961
1174.424961
1174.424961
1174.424961
1174.424961
1174.424961
1174.424961
1174.424961
1174.424961
1174.424961
1174.424961
1174.424961
1174.424961
1174.424961
1174.424961
1174.424961
1174.424961
1174.424961
1174.424961
1174.424961
1174.424961
1174.424961
1174.424961
1174.424961
1174.424961
1174.424961
1174.424961
1174.424961
1174.424961
1174.424961
1174.424961
1174.424961
1174.424961
1174.424961
1174.424961
1174.424961
1174.424961
1174.424961
1174.424961
1174.424961
1174.414530
1174.414530
1174.414530
1174.414530
1174.414530
1174.414530
1174.414530
1174.414530
1174.414530
1174.414530
1174.414530
1174.414530
1174.414530
1174.414530
1174.414530
1174.414530
1174.414530
1174.414530
1174.414530
1174.414530
1174.414530
1174.414530
1174.414530
1174.414530
1174.414530
1174.414530
1174.414530
1174.414530
1174.414530
1174.414530
1174.406581
1174.406581
1174.406581
1174.357249
1174.357249
1174.357249
1174.357249
1174.357249
1174.357249
1174.357249
1174.357249
1174.357249
1174.357249
1174.357249
1174.357249
1174.357249
1174.357249
1174.357249
1174.357249
1174.357249
1174.357249
1174.357249
1174.357249
1174.357249
1174.357249
1174.357249
1174.357249
1174.357249
1174.357249
1174.357249
1174.357249
1174.357249
1174.357249
1174.357249
1174.357249
1174.357249
1174.357249
1174.357249
1174.357249
1174.357249
1174.357249
1174.357249
1174.357249
1174.357249
1174.357249
1174.357249
1174.357249
1174.357249
1174.357249
1174.357249
1174.357249
1174.357249
1174.357249
1174.357249
1174.357249
1174.357249
1174.357249
1174.357249
1174.357249
1174.357249
1174.357249
1174.357249
1174.357249
1174.337952
1174.337952
1174.337952
1174.337952
1174.337952
1174.337952
1174.337952
1174.337952
1174.337952
1174.337952
1174.337952
1174.337952
1174.337952
1174.337952
1174.337952
1174.337952
1174.337952
1174.337952
1174.337952
1174.337952
1174.337952
1174.337952
1174.337952
1174.337952
1174.337952
1174.337952
1174.337952
1174.337952
1174.337952
1174.337952
1174.337952
1174.337952
1174.337952
1174.337952
1174.337952
1174.337952
1174.337952
1174.337952
1174.337952
1174.337952
1174.337952
1174.337952
1174.337952
1174.337952
1174.337952
1174.337952
1174.337952
1174.337952
1174.337952
1174.337952
1174.337952
1174.337952
1174.337952
1174.337952
1174.337952
1174.337952
1174.337952
1174.337952
1174.337952
1174.337952
1174.337952
1174.337952
1174.337952
1174.337952
1174.337952
1174.337952
1174.337952
1174.337952
1174.337952
1174.337952
1174.337952
1174.337952
1174.337952
1174.337952
1174.337952
1174.337952
1174.242135
1174.242135
1174.242135
1174.242135
1174.242135
1174.242135
1174.242135
1174.242135
1174.242135
1174.242135
1174.242135
1174.242135
1174.242135
1174.242135
1174.242135
1174.242135
1174.242135
1174.242135
1174.242135
1174.242135
1174.242135
1174.242135
1174.242135
1174.242135
1174.242135
1174.242135
1174.242135
1174.242135
1174.242135
1174.242135
1174.242135
1174.242135
1174.242135
1174.242135
1174.242135
1174.242135
1174.242135
1174.242135
1174.242135
1174.242135
1174.242135
1174.242135
1174.242135
1174.242135
1174.242135
1174.242135
1174.242135
1174.242135
1174.242135
1174.242135
1174.242135
1174.242135
1174.242135
1174.242135
1174.242135
1174.242135
1174.242135
1174.242135
1174.242135
1174.242135
1174.242135
1174.233013
1174.233013
1174.233013
1174.233013
1174.233013
1174.233013
1174.233013
1174.233013
1174.233013
1174.233013
1174.233013
1174.233013
1174.233013
1174.233013
1174.233013
1174.233013
1174.233013
1174.233013
1174.233013
1174.233013
1174.233013
1174.233013
1174.233013
1174.233013
1174.233013
1174.233013
1174.233013
1174.233013
1174.233013
1174.233013
1174.233013
1174.233013
1174.233013
1174.233013
1174.233013
1174.233013
1174.233013
1174.233013
1174.233013
1174.233013
1174.233013
1174.233013
1174.233013
1174.233013
1174.233013
1174.233013
1174.233013
1174.233013
1174.233013
1174.233013
1174.233013
1174.233013
1174.233013
1174.233013
1174.233013
1174.233013
1174.233013
1174.233013
1174.233013
1174.233013
1174.233013
1174.233013
1174.233013
1174.233013
1174.233013
1174.233013
1174.233013
1174.233013
1174.233013
1174.229776
1174.229776
1174.229776
1174.229776
1174.229776
1174.229776
1174.229776
1174.229776
1174.229776
1174.229776
1174.229776
1174.229776
1174.229776
1174.229776
1174.229776
1174.229776
1174.229776
1174.229776
1174.229776
1174.229776
1174.229776
1174.229776
1174.229776
1174.229776
1174.229776
1174.229776
1174.229776
1174.229776
1174.229776
1174.229776
1174.229776
1174.229776
1174.229776
1174.229776
1174.225520
1174.225520
1174.225520
1174.225520
1174.225520
1174.225520
1174.225520
1174.225520
1174.225520
1174.225520
1174.225520
1174.225520
1174.225520
1174.202182
1174.202182
1174.202182
1174.202182
1174.202182
1174.202182
1174.202182
1174.202182
1174.202182
1174.202182
1174.202182
1174.202182
1174.202182
1174.202182
1174.202182
1174.202182
1174.202182
1174.202182
1174.202182
1174.202182
1174.202182
1174.202182
1174.202182
1174.199772
1174.199772
1174.199772
1174.199772
1174.199772
1174.199772
1174.199772
1174.199772
1174.199772
1174.199772
1174.192260
1174.163065
1174.163065
1174.163065
1174.163065
1174.163065
1174.163065
1174.163065
1174.163065
1174.163065
1174.163065
1174.163065
1174.163065
1174.163065
1174.163065
1174.163065
1174.163065
1174.163065
1174.163065
1174.163065
1174.163065
1174.163065
1174.163065
1174.163065
1174.163065
1174.163065
1174.163065
1174.163065
1174.163065
1174.163065
1174.163065
1174.163065
1174.163065
1174.163065
1174.163065
1174.163065
1174.163065
1174.163065
1174.109478
1174.109478
1174.109478
1174.109478
1174.109478
1174.109478
1174.109478
1174.109478
1174.109478
1174.109478
1174.109478
1174.109478
1174.109478
1174.109478
1174.109478
1174.109478
1174.109478
1174.109478
1174.109478
1174.109478
1174.109478
1174.109478
1174.109478
1174.109478
1174.109478
1174.109478
1174.109478
1174.109478
1174.109478
1174.109478
1174.109478
1174.109478
1174.109478
1174.109478
1174.109478
1174.109478
1174.109478
1174.109478
1174.109478
1174.109478
1174.109478
1174.109478
1174.109478
1174.109478
1174.109478
1174.109478
1174.109478
1174.109478
1174.109478
1174.109478
1174.003812
1174.003812
1174.003812
1174.003812
1174.003812
1174.003812
1174.003812
1174.003812
1174.003812
1174.003812
1174.003812
1174.003812
1174.003812
1174.003812
1174.003812
1174.003812
1174.003812
1174.003812
1174.003812
1174.003812
1174.003812
1174.003812
1174.003812
1174.003812
1174.003812
1174.003812
1174.003812
1174.003812
1174.003812
1174.003812
1174.003812
1174.003812
1174.003812
1174.003812
1174.003812
1174.003812
1174.003812
1174.003812
1174.003812
1174.003812
1174.003812
1174.003812
1174.003812
1174.003812
1174.003812
1174.003812
1174.003812
1174.003812
1174.003812
1174.003812
1174.003812
1174.003812
1174.003812
1174.003812
1174.003812
1174.003812
1174.003812
1174.003812
1174.003812
1174.003812
1174.003812
1174.003812
1174.003812
1174.003812
1174.003812
1174.003812
1174.003812
1174.003812
1174.003812
1174.003812
1174.003812
1174.003812
1174.003812
1174.003812
1174.003812
1174.003812
1174.003812
1174.003812
1174.003812
1174.003812
1174.003812
1174.003812
1174.003812
1174.003812
1174.003812
1174.003812
1173.974000
1173.974000
1173.974000
1173.974000
1173.974000
1173.974000
1173.974000
1173.974000
1173.974000
1173.974000
1173.974000
1173.974000
1173.974000
1173.974000
1173.941768
1173.941768
1173.941768
1173.941768
1173.941768
1173.941768
1173.941768
1173.941768
1173.941768
1173.941768
1173.941768
1173.941768
1173.941768
1173.941768
1173.941768
1173.941768
1173.941768
1173.941768
1173.941768
1173.941768
1173.941768
1173.941768
1173.941768
1173.941768
1173.941768
1173.941768
1173.941768
1173.941768
1173.941768
1173.941768
1173.905260
1173.905260
1173.905260
1173.905260
1173.905260
1173.905260
1173.905260
1173.905260
1173.905260
1173.905260
1173.905260
1173.905260
1173.905260
1173.905260
1173.905260
1173.905260
1173.905260
1173.905260
1173.905260
1173.905260
1173.905260
1173.905260
1173.905260
1173.905260
1173.905260
1173.905260
1173.905260
1173.905260
1173.905260
1173.905260
1173.905260
1173.905260
1173.905260
1173.905260
1173.905260
1173.905260
1173.905260
1173.905260
1173.905260
1173.905260
1173.905260
1173.905260
1173.905260
1173.905260
1173.905260
1173.905260
1173.905260
1173.905260
1173.905260
1173.905260
1173.905260
1173.905260
1173.905260
1173.905260
1173.905260
1173.905260
1173.905260
1173.905260
1173.905260
1173.892209
1173.892209
1173.892209
1173.892209
1173.865490
1173.865490
1173.865490
1173.865490
1173.865490
1173.865490
1173.865490
1173.865490
1173.865490
1173.865490
1173.865490
1173.865490
1173.865490
1173.865490
1173.865490
1173.865490
1173.865490
1173.865490
1173.865490
1173.865490
1173.865490
1173.865490
1173.865490
1173.865490
1173.865490
1173.865490
1173.865490
1173.865490
1173.865490
1173.865490
1173.865490
1173.865490
1173.865490
1173.865490
1173.865490
1173.865490
1173.865490
1173.865490
1173.865490
1173.865490
1173.865490
1173.865490
1173.865490
1173.865490
1173.865490
1173.865490
1173.865490
1173.865490
1173.865490
1173.865490
1173.865490
1173.865490
1173.865490
1173.865490
1173.865490
1173.865490
1173.865490
1173.865490
1173.865490
1173.865490
1173.865490
1173.865490
1173.865490
1173.865490
1173.865490
1173.865490
1173.865490
1173.865490
1173.865490
1173.865490
1173.865490
1173.865490
1173.865490
1173.865490
1173.865490
1173.865490
1173.865490
1173.865490
1173.865490
1173.865490
1173.865490
1173.865490
1173.865490
1173.865490
1173.865490
1173.865490
1173.865490
1173.865490
1173.865490
1173.865490
1173.865490
1173.865490
1173.865490
1173.865490
1173.865490
1173.865490
1173.865490
1173.865490
1173.865490
1173.865490
1173.825854
1173.825854
1173.825854
1173.825854
1173.825854
1173.825854
1173.825854
1173.825854
1173.825854
1173.825854
1173.825854
1173.825854
1173.825854
1173.825854
1173.825854
1173.825854
1173.825854
1173.825854
1173.825854
1173.825854
1173.825854
1173.825854
1173.825854
1173.825854
1173.825854
1173.825854
1173.825854
1173.825854
1173.812896
1173.812896
1173.812896
1173.812896
1173.809809
1173.809809
1173.784020
1173.784020
1173.784020
1173.784020
1173.784020
1173.784020
1173.784020
1173.784020
1173.784020
1173.784020
1173.784020
1173.784020
1173.784020
1173.784020
1173.784020
1173.784020
1173.784020
1173.784020
1173.784020
1173.784020
1173.784020
1173.784020
1173.784020
1173.784020
1173.771330
1173.771330
1173.771330
1173.771330
1173.771330
1173.771330
1173.771330
1173.771330
1173.771330
1173.771330
1173.771330
1173.771330
1173.771330
1173.771330
1173.771330
1173.771330
1173.771330
1173.771330
1173.771330
1173.771330
1173.771330
1173.771330
1173.771330
1173.771330
1173.771330
1173.771330
1173.769527
1173.769527
1173.769527
1173.769527
1173.769527
1173.769527
1173.769527
1173.769527
1173.769527
1173.769527
1173.769527
1173.750860
1173.750860
1173.750860
1173.750860
1173.750860
1173.750860
1173.750860
1173.750860
1173.750860
1173.750860
1173.750860
1173.750860
1173.750860
1173.750860
1173.750860
1173.750860
1173.750860
1173.750860
1173.750860
1173.750860
1173.750860
1173.750860
1173.750860
1173.750860
1173.750860
1173.750860
1173.750860
1173.750860
1173.750860
1173.750860
1173.750860
1173.750860
1173.750860
1173.750860
1173.750860
1173.750860
1173.750860
1173.750860
1173.690297
1173.690297
1173.690297
1173.690297
1173.690297
1173.690297
1173.690297
1173.690297
1173.690297
1173.690297
1173.690297
1173.690297
1173.690297
1173.690297
1173.690297
1173.690297
1173.690297
1173.690297
1173.690297
1173.690297
1173.690297
1173.690297
1173.690297
1173.690297
1173.690297
1173.690297
1173.690297
1173.690297
1173.690297
1173.690297
1173.690297
1173.690297
1173.690297
1173.690297
1173.690297
1173.690297
1173.690297
1173.690297
1173.690297
1173.690297
1173.690297
1173.690297
1173.690297
1173.690297
1173.690297
1173.690297
1173.690297
1173.690297
1173.690297
1173.690297
1173.664819
1173.664819
1173.664819
1173.664819
1173.664819
1173.664819
1173.664819
1173.664819
1173.664819
1173.664819
1173.664819
1173.664819
1173.664819
1173.664819
1173.664819
1173.664819
1173.664819
1173.664819
1173.651483
1173.651483
1173.651483
1173.651483
1173.651483
1173.651483
1173.651483
1173.651483
1173.651483
1173.651483
1173.651483
1173.651483
1173.651483
1173.651483
1173.651483
1173.651483
1173.651483
1173.651483
1173.651483
1173.651483
1173.651483
1173.651483
1173.651483
1173.651483
1173.651483
1173.651483
1173.651483
1173.651483
1173.651483
1173.651483
1173.651483
1173.651483
1173.651483
1173.651483
1173.651483
1173.651483
1173.651483
1173.651483
1173.651483
1173.651483
1173.651483
1173.651483
1173.651483
1173.651483
1173.651483
1173.651483
1173.651483
1173.651483
1173.651483
1173.651483
1173.651483
1173.651483
1173.651483
1173.651483
1173.651483
1173.651483
1173.651483
1173.651483
1173.651483
1173.651483
1173.651483
1173.651483
1173.651483
1173.651483
1173.651483
1173.651483
1173.651483
1173.651483
1173.651483
1173.651483
1173.651483
1173.651483
1173.651483
1173.651483
1173.651483
1173.651483
1173.651483
1173.651483
1173.651483
1173.651483
1173.651483
1173.651483
1173.651483
1173.651483
1173.651483
1173.651483
1173.651483
1173.651483
1173.651483
1173.651483
1173.651483
1173.651483
1173.651483
1173.651483
1173.651483
1173.651483
1173.651483
1173.651483
1173.651483
1173.651483
1173.651483
1173.651483
1173.651483
1173.651483
1173.651483
1173.651483
1173.651483
1173.651483
1173.651483
1173.651483
1173.651483
1173.651483
1173.651483
1173.651483
1173.651483
1173.651483
1173.651483
1173.651483
1173.651483
1173.651483
1173.651483
1173.651483
1173.651483
1173.651483
1173.651483
1173.651483
1173.651483
1173.651483
1173.651483
1173.621341
1173.621341
1173.621341
1173.621341
1173.621341
1173.621341
1173.621341
1173.621341
1173.621341
1173.621341
1173.621341
1173.621341
1173.621341
1173.621341
1173.621341
1173.621341
1173.621341
1173.621341
1173.621341
1173.621341
1173.621341
1173.618287
1173.618287
1173.618287
1173.618287
1173.590598
1173.590598
1173.590598
1173.590598
1173.590598
1173.590598
1173.590598
1173.590598
1173.590598
1173.590598
1173.590598
1173.590598
1173.590598
1173.590598
1173.590598
1173.590598
1173.590598
1173.590598
1173.590598
1173.590598
1173.590598
1173.590598
1173.590598
1173.590598
1173.590598
1173.586874
1173.586874
1173.586874
1173.586874
1173.586874
1173.586874
1173.586874
1173.586874
1173.586874
1173.586874
1173.586874
1173.586874
1173.586874
1173.586874
1173.586874
1173.586874
1173.586874
1173.586874
1173.586874
1173.586874
1173.586874
1173.564773
1173.564773
1173.564773
1173.564773
1173.564773
1173.564773
1173.564773
1173.564773
1173.564773
1173.564773
1173.564773
1173.564773
1173.564773
1173.564773
1173.564773
1173.564773
1173.564773
1173.564773
1173.564773
1173.564773
1173.564773
1173.564773
1173.564773
1173.564773
1173.564773
1173.564773
1173.564773
1173.564773
1173.564773
1173.564773
1173.564773
1173.564773
1173.554803
1173.554803
1173.554803
1173.554803
1173.554803
1173.554803
1173.554803
1173.554803
1173.554803
1173.554803
1173.482926
1173.482926
1173.482926
1173.482926
1173.482926
1173.482926
1173.482926
1173.482926
1173.482926
1173.482926
1173.482926
1173.482926
1173.482926
1173.482926
1173.482926
1173.482926
1173.482926
1173.482926
1173.482926
1173.482926
1173.482926
1173.482926
1173.482926
1173.482926
1173.482926
1173.482926
1173.482926
1173.482926
1173.482926
1173.482926
1173.482926
1173.482926
1173.482926
1173.482926
1173.482926
1173.482926
1173.482926
1173.482926
1173.482926
1173.482926
1173.482926
1173.482926
1173.482926
1173.482926
1173.471224
1173.471224
1173.471224
1173.471224
1173.471224
1173.471224
1173.471224
1173.471224
1173.471224
1173.471224
1173.471224
1173.471224
1173.471224
1173.471224
1173.471224
1173.471224
1173.471224
1173.471224
1173.471224
1173.471224
1173.471224
1173.471224
1173.471224
1173.471224
1173.471224
1173.471224
1173.471224
1173.471224
1173.471224
1173.471224
1173.471224
1173.471224
1173.471224
1173.471224
1173.471224
1173.471224
1173.471224
1173.471224
1173.471224
1173.471224
1173.471224
1173.471224
1173.471224
1173.471224
1173.471224
1173.452217
1173.452217
1173.452217
1173.452217
1173.452217
1173.452217
1173.452217
1173.452217
1173.452217
1173.418152
1173.418152
1173.418152
1173.418152
1173.418152
1173.418152
1173.418152
1173.418152
1173.418152
1173.418152
1173.418152
1173.418152
1173.418152
1173.418152
1173.418152
1173.418152
1173.418152
1173.418152
1173.418152
1173.418152
1173.418152
1173.418152
1173.418152
1173.418152
1173.418152
1173.418152
1173.418152
1173.418152
1173.418152
1173.418152
1173.418152
1173.418152
1173.418152
1173.418152
1173.418152
1173.418152
1173.418152
1173.418152
1173.418152
1173.418152
1173.418152
1173.418152
1173.418152
1173.418152
1173.418152
1173.418152
1173.418152
1173.418152
1173.418152
1173.418152
1173.418152
1173.418152
1173.418152
1173.418152
1173.418152
1173.418152
1173.418152
1173.418152
1173.418152
1173.418152
1173.418152
1173.418152
1173.418152
1173.418152
1173.418152
1173.418152
1173.418152
1173.418152
1173.418152
1173.418152
1173.418152
1173.418152
1173.418152
1173.418152
1173.418152
1173.418152
1173.418152
1173.418152
1173.418152
1173.418152
1173.418152
1173.418152
1173.418152
1173.418152
1173.418152
1173.418152
1173.418152
1173.418152
1173.418152
1173.418152
1173.418152
1173.418152
1173.418152
1173.418152
1173.418152
1173.418152
1173.418152
1173.418152
1173.418152
1173.418152
1173.418152
1173.418152
1173.418152
1173.418152
1173.418152
1173.418152
1173.418152
1173.418152
1173.418152
1173.418152
1173.418152
1173.418152
1173.418152
1173.418152
1173.418152
1173.354113
1173.354113
1173.354113
1173.354113
1173.354113
1173.354113
1173.354113
1173.354113
1173.354113
1173.354113
1173.354113
1173.354113
1173.354113
1173.354113
1173.354113
1173.354113
1173.354113
1173.354113
1173.354113
1173.354113
1173.354113
1173.354113
1173.354113
1173.354113
1173.354113
1173.354113
1173.354113
1173.354113
1173.354113
1173.354113
1173.354113
1173.354113
1173.354113
1173.354113
1173.354113
1173.354113
1173.354113
1173.354113
1173.354113
1173.354113
1173.354113
1173.354113
1173.354113
1173.354113
1173.354113
1173.354113
1173.354113
1173.354113
1173.354113
1173.354113
1173.354113
1173.354113
1173.354113
1173.354113
1173.354113
1173.354113
1173.354113
1173.354113
1173.354113
1173.354113
1173.354113
1173.354113
1173.354113
1173.354113
1173.354113
1173.354113
1173.354113
1173.351581
1173.351581
1173.351581
1173.351581
1173.351581
1173.351581
1173.351581
1173.351581
1173.351581
1173.351581
1173.351581
1173.351581
1173.351581
1173.351581
1173.274327
1173.274327
1173.274327
1173.274327
1173.274327
1173.274327
1173.274327
1173.274327
1173.274327
1173.274327
1173.274327
1173.274327
1173.274327
1173.274327
1173.274327
1173.274327
1173.274327
1173.274327
1173.274327
1173.274327
1173.274327
1173.274327
1173.274327
1173.274327
1173.274327
1173.274327
1173.274327
1173.274327
1173.274327
1173.274327
1173.274327
1173.274327
1173.274327
1173.274327
1173.274327
1173.274327
1173.274327
1173.274327
1173.274327
1173.274327
1173.274327
1173.274327
1173.274327
1173.274327
1173.274327
1173.274327
1173.274327
1173.274327
1173.274327
1173.274327
1173.274327
1173.274327
1173.274327
1173.274327
1173.274327
1173.274327
1173.274327
1173.274327
1173.274327
1173.274327
1173.274327
1173.274327
1173.274327
1173.274327
1173.274327
1173.274327
1173.274327
1173.274327
1173.235307
1173.235307
1173.235307
1173.235307
1173.235307
1173.235307
1173.235307
1173.235307
1173.235307
1173.235307
1173.235307
1173.235307
1173.235307
1173.235307
1173.235307
1173.235307
1173.235307
1173.235307
1173.235307
1173.235307
1173.235307
1173.235307
1173.235307
1173.235307
1173.235307
1173.235307
1173.235307
1173.235307
1173.235307
1173.235307
1173.235307
1173.235307
1173.235307
1173.235307
1173.235307
1173.235307
1173.235307
1173.235307
1173.235307
1173.235307
1173.235307
1173.235307
1173.235307
1173.235307
1173.235307
1173.235307
1173.235307
1173.235307
1173.235307
1173.235307
1173.235307
1173.235307
1173.235307
1173.235307
1173.235307
1173.235307
1173.235307
1173.186906
1173.186906
1173.186906
1173.186906
1173.186906
1173.186906
1173.186906
1173.186906
1173.186906
1173.186906
1173.186906
1173.186906
1173.186906
1173.186906
1173.186906
1173.186906
1173.186906
1173.186906
1173.186906
1173.186906
1173.186906
1173.186906
1173.186906
1173.186906
1173.186906
1173.186906
1173.186906
1173.186906
1173.186906
1173.186906
1173.186906
1173.186906
1173.186906
1173.186906
1173.186906
1173.186906
1173.186906
1173.186906
1173.186906
1173.186906
1173.186906
1173.186906
1173.186906
1173.186906
1173.186906
1173.186906
1173.186906
1173.186906
1173.186906
1173.186906
1173.186906
1173.186906
1173.186906
1173.186906
1173.186906
1173.186906
1173.186906
1173.186906
1173.186906
1173.186906
1173.186906
1173.186906
1173.186906
1173.186906
1173.186906
1173.186906
1173.186906
1173.186906
1173.186906
1173.186906
1173.186906
1173.186906
1173.186906
1173.186906
1173.186906
1173.186906
1173.186906
1173.186906
1173.186906
1173.186906
1173.186906
1173.186906
1173.186906
1173.186906
1173.186906
1173.186906
1173.186906
1173.175400
1173.175400
1173.175400
1173.175400
1173.175400
1173.175400
1173.175400
1173.175400
1173.159511
1173.159511
1173.159511
1173.159511
1173.159511
1173.159511
1173.159511
1173.159511
1173.159511
1173.159511
1173.159511
1173.159511
1173.159511
1173.159511
1173.159511
1173.159511
1173.159511
1173.159511
1173.159511
1173.159511
1173.159511
1173.159511
1173.159511
1173.159511
1173.159511
1173.159511
1173.159511
1173.159511
1173.159511
1173.159511
1173.159511
1173.159511
1173.159511
1173.159511
1173.159511
1173.159511
1173.159511
1173.159511
1173.159511
1173.159511
1173.159511
1173.159511
1173.159511
1173.159511
1173.087444
1173.087444
1173.087444
1173.087444
1173.087444
1173.087444
1173.087444
1173.087444
1173.087444
1173.087444
1173.087444
1173.087444
1173.087444
1173.087444
1173.087444
1173.087444
1173.087444
1173.087444
1173.087444
1173.087444
1173.087444
1173.087444
1173.087444
1173.087444
1173.087444
1173.087444
1173.087444
1173.087444
1173.087444
1173.087444
1173.087444
1173.087444
1173.087444
1173.087444
1173.087444
1173.087444
1173.087444
1173.087444
1173.087444
1173.087444
1173.087444
1173.087444
1173.087444
1173.087444
1173.087444
1173.087444
1173.087444
1173.087444
1173.087444
1173.087444
1173.087444
1173.087444
1173.087444
1173.087444
1173.087444
1173.087444
1173.087444
1173.087444
1173.087444
1173.087444
1173.087444
1173.087444
1173.087444
1173.087444
1173.087444
1173.087444
1173.087444
1173.087444
1173.087444
1173.087444
1173.087444
1173.087444
1173.087444
1173.087444
1173.087444
1173.087444
1173.087444
1173.087444
1173.087444
1173.087444
1173.087444
1173.087444
1173.087444
1173.087444
1173.087444
1173.087444
1173.087444
1173.087444
1173.087444
1173.087444
1173.087444
1173.087444
1173.087444
1173.087444
1173.087444
1173.087444
1173.087444
1173.087444
1173.087444
1173.087444
1173.087444
1173.087444
1173.087444
1173.087444
1173.087444
1173.087444
1173.087444
1173.087444
1173.087444
1173.087444
1173.087444
1173.087444
1173.087444
1173.087444
1173.087444
1173.087444
1173.087444
1173.087444
1173.087444
1173.087444
1173.087444
1173.087444
1173.087444
1173.087444
1173.087444
1173.087444
1173.087444
1173.087444
1173.087444
1173.087444
1173.087444
1173.084688
1173.084688
1173.084688
1173.084688
1173.084688
1173.084688
1173.084688
1173.084688
1173.084688
1173.084688
1173.084688
1173.084688
1173.084688
1173.084688
1173.084688
1173.084688
1173.084688
1173.084688
1173.084688
1173.073944
1173.073944
1173.073944
1173.073944
1173.058618
1173.058618
1173.058618
1173.058618
1173.058618
1173.058618
1173.058618
1173.058618
1173.058618
1173.058618
1173.058618
1172.968988
1172.968988
1172.968988
1172.968988
1172.968988
1172.968988
1172.968988
1172.968988
1172.968988
1172.968988
1172.968988
1172.968988
1172.968988
1172.968988
1172.968988
1172.968988
1172.968988
1172.968988
1172.968988
1172.968988
1172.968988
1172.968988
1172.968988
1172.968988
1172.968988
1172.968988
1172.968988
1172.968988
1172.968988
1172.968988
1172.968988
1172.968988
1172.968988
1172.968988
1172.968988
1172.968988
1172.968988
1172.968988
1172.968988
1172.968988
1172.968988
1172.968988
1172.968988
1172.968988
1172.968988
1172.968988
1172.968988
1172.968988
1172.968988
1172.968988
1172.968988
1172.968988
1172.968988
1172.968988
1172.968988
1172.968988
1172.968988
1172.968988
1172.968988
1172.968988
1172.968988
1172.968988
1172.968988
1172.968988
1172.968988
1172.968988
1172.968988
1172.968988
1172.968988
1172.968988
1172.968988
1172.968988
1172.968988
1172.968988
1172.968988
1172.968988
1172.968988
1172.968988
1172.968988
1172.968988
1172.968988
1172.968988
1172.968988
1172.968988
1172.968988
1172.968988
1172.968988
1172.968988
1172.968988
1172.968988
1172.968988
1172.968988
1172.968988
1172.968988
1172.968988
1172.968988
1172.968988
1172.968988
1172.968988
1172.968988
1172.968988
1172.968988
1172.968988
1172.968988
1172.968988
1172.968988
1172.968988
1172.968988
1172.968988
1172.968988
1172.968988
1172.968988
1172.968988
1172.968988
1172.968988
1172.968988
1172.968988
1172.968988
1172.968988
1172.968988
1172.968988
1172.968988
1172.968988
1172.968988
1172.968988
1172.968988
1172.968988
1172.968988
1172.968988
1172.968988
1172.968988
1172.968988
1172.968988
1172.968988
1172.968988
1172.968988
1172.968988
1172.968988
1172.968988
1172.968988
1172.968988
1172.968988
1172.968988
1172.968988
1172.968988
1172.968988
1172.968988
1172.968988
1172.968988
1172.968988
1172.968988
1172.968988
1172.968988
1172.968988
1172.968988
1172.968988
1172.968988
1172.968988
1172.968988
1172.968988
1172.968988
1172.968988
1172.968988
1172.968988
1172.968988
1172.968988
1172.968988
1172.968988
1172.968988
1172.968988
1172.968988
1172.968988
1172.968988
1172.968988
1172.968988
1172.968988
1172.968988
1172.968988
1172.968988
1172.968988
1172.968988
1172.968988
1172.968988
1172.968988
1172.968988
1172.968988
1172.968988
1172.968988
1172.968988
1172.968988
1172.968988
1172.968988
1172.968988
1172.968988
1172.968988
1172.968988
1172.968988
1172.968988
1172.968988
1172.968988
1172.968988
1172.968988
1172.968988
1172.968988
1172.968988
1172.968988
1172.948329
1172.948329
1172.948329
1172.948329
1172.948329
1172.948329
1172.929709
1172.929709
1172.929709
1172.929709
1172.929709
1172.929709
1172.929709
1172.929709
1172.929709
1172.929709
1172.929709
1172.929709
1172.929709
1172.929709
1172.929709
1172.929709
1172.929709
1172.929709
1172.929709
1172.929709
1172.929709
1172.929709
1172.929709
1172.929709
1172.929709
1172.929709
1172.929709
1172.929709
1172.929709
1172.929709
1172.929709
1172.929709
1172.929709
1172.929709
1172.929709
1172.929709
1172.929709
1172.929709
1172.929709
1172.929709
1172.929709
1172.929709
1172.929709
1172.929709
1172.929709
1172.929709
1172.929709
1172.929709
1172.929709
1172.929709
1172.929709
1172.929709
1172.929709
1172.929709
1172.929709
1172.929709
1172.929709
1172.929709
1172.929709
1172.929709
1172.929709
1172.929709
1172.929709
1172.929709
1172.929709
1172.929709
1172.929709
1172.929709
1172.929709
1172.929709
1172.929709
1172.929709
1172.929709
1172.929709
1172.929709
1172.929709
1172.929709
1172.929709
1172.929709
1172.929709
1172.929709
1172.929709
1172.929709
1172.929709
1172.929709
1172.929709
1172.929709
1172.929709
1172.929709
1172.929709
1172.929709
1172.929709
1172.929709
1172.929709
1172.929709
1172.929709
1172.929709
1172.929709
1172.919131
1172.919131
1172.919131
1172.919131
1172.919131
1172.919131
1172.919131
1172.919131
1172.919131
1172.919131
1172.919131
1172.907201
1172.907201
1172.907201
1172.907201
1172.907201
1172.907201
1172.907201
1172.907201
1172.907201
1172.907201
1172.907201
1172.907201
1172.907201
1172.907201
1172.907201
1172.907201
1172.907201
1172.907201
1172.907201
1172.907201
1172.892025
1172.892025
1172.892025
1172.892025
1172.892025
1172.892025
1172.892025
1172.892025
1172.892025
1172.892025
1172.892025
1172.892025
1172.892025
1172.892025
1172.892025
1172.892025
1172.892025
1172.892025
1172.892025
1172.877539
1172.877539
1172.877539
1172.877539
1172.877539
1172.877539
1172.877539
1172.877539
1172.877539
1172.877539
1172.877539
1172.877539
1172.877539
1172.877539
1172.877539
1172.877539
1172.877539
1172.877539
1172.877539
1172.877539
1172.877539
1172.877539
1172.877539
1172.877539
1172.877539
1172.877539
1172.877539
1172.877539
1172.877539
1172.877539
1172.877539
1172.877539
1172.877539
1172.877539
1172.877539
1172.877539
1172.877539
1172.877539
1172.877539
1172.877539
1172.877539
1172.877539
1172.877539
1172.877539
1172.877539
1172.877539
1172.877539
1172.877539
1172.877539
1172.877539
1172.877539
1172.877539
1172.877539
1172.877539
1172.877539
1172.877539
1172.877539
1172.877539
1172.877539
1172.877539
1172.877539
1172.877539
1172.877539
1172.877539
1172.877539
1172.877539
1172.877539
1172.877539
1172.877539
1172.877539
1172.877539
1172.877539
1172.877539
1172.877539
1172.877539
1172.877539
1172.877539
1172.877539
1172.877539
1172.877539
1172.877539
1172.877539
1172.877539
1172.877539
1172.877539
1172.877539
1172.877539
1172.877539
1172.877539
1172.877539
1172.859285
1172.859285
1172.859285
1172.859285
1172.859285
1172.859285
1172.859285
1172.859285
1172.859285
1172.859285
1172.859285
1172.859285
1172.859285
1172.859285
1172.859285
1172.859285
1172.859285
1172.859285
1172.859285
1172.859285
1172.859285
1172.859285
1172.859285
1172.859285
1172.859285
1172.859285
1172.859285
1172.859285
1172.849743
1172.849743
1172.849743
1172.849743
1172.849743
1172.849743
1172.849743
1172.849743
1172.849743
1172.849743
1172.849743
1172.849743
1172.849743
1172.849743
1172.849743
1172.849743
1172.849743
1172.849743
1172.849743
1172.849743
1172.849743
1172.849743
1172.849743
1172.849743
1172.849743
1172.849743
1172.849743
1172.849743
1172.829974
1172.829974
1172.829974
1172.829974
1172.829974
1172.829974
1172.829974
1172.829974
1172.829974
1172.829974
1172.829974
1172.829974
1172.829974
1172.829974
1172.829974
1172.829974
1172.829974
1172.829974
1172.829974
1172.829974
1172.829974
1172.829974
1172.829974
1172.829974
1172.829974
1172.825043
1172.825043
1172.825043
1172.825043
1172.825043
1172.825043
1172.825043
1172.825043
1172.825043
1172.825043
1172.825043
1172.825043
1172.825043
1172.825043
1172.825043
1172.825043
1172.825043
1172.825043
1172.825043
1172.825043
1172.825043
1172.825043
1172.825043
1172.825043
1172.825043
1172.825043
1172.825043
1172.825043
1172.825043
1172.825043
1172.825043
1172.825043
1172.825043
1172.825043
1172.820030
1172.820030
1172.820030
1172.820030
1172.820030
1172.820030
1172.820030
1172.820030
1172.820030
1172.820030
1172.820030
1172.820030
1172.808001
1172.808001
1172.808001
1172.808001
1172.808001
1172.808001
1172.808001
1172.808001
1172.808001
1172.808001
1172.808001
1172.808001
1172.808001
1172.808001
1172.808001
1172.808001
1172.808001
1172.808001
1172.808001
1172.808001
1172.808001
1172.808001
1172.808001
1172.808001
1172.808001
1172.808001
1172.808001
1172.808001
1172.808001
1172.808001
1172.808001
1172.808001
1172.808001
1172.808001
1172.808001
1172.808001
1172.808001
1172.808001
1172.808001
1172.808001
1172.808001
1172.808001
1172.808001
1172.808001
1172.808001
1172.808001
1172.808001
1172.808001
1172.808001
1172.780903
1172.780903
1172.780903
1172.780903
1172.780903
1172.780903
1172.780903
1172.780903
1172.780903
1172.780903
1172.780903
1172.780903
1172.780903
1172.780903
1172.780903
1172.780903
1172.780903
1172.780903
1172.780903
1172.780903
1172.780903
1172.780903
1172.780903
1172.780903
1172.780903
1172.780903
1172.780903
1172.780903
1172.780903
1172.780903
1172.780903
1172.780903
1172.780903
1172.780903
1172.780903
1172.780903
1172.780903
1172.780903
1172.780903
1172.780903
1172.780903
1172.780903
1172.780903
1172.780903
1172.779192
1172.779192
1172.779192
1172.779192
1172.779192
1172.779192
1172.779192
1172.779192
1172.779192
1172.779192
1172.779192
1172.779192
1172.779192
1172.779192
1172.779192
1172.779192
1172.779192
1172.779192
1172.779192
1172.779192
1172.779192
1172.747561
1172.747561
1172.747561
1172.747561
1172.747561
1172.747561
1172.747561
1172.747561
1172.733127
1172.733127
1172.733127
1172.733127
1172.733127
1172.733127
1172.733127
1172.733127
1172.733127
1172.733127
1172.733127
1172.733127
1172.733127
1172.733127
1172.733127
1172.733127
1172.733127
1172.733127
1172.733127
1172.733127
1172.733127
1172.733127
1172.733127
1172.733127
1172.733127
1172.733127
1172.733127
1172.733127
1172.733127
1172.733127
1172.733127
1172.733127
1172.733127
1172.733127
1172.733127
1172.733127
1172.733127
1172.733127
1172.733127
1172.733127
1172.733127
1172.733127
1172.732298
1172.732298
1172.732298
1172.732298
1172.732298
1172.732298
1172.732298
1172.732298
1172.732298
1172.732298
1172.732298
1172.732298
1172.732298
1172.732298
1172.732298
1172.732298
1172.732298
1172.732298
1172.732298
1172.732298
1172.732298
1172.732298
1172.732298
1172.732298
1172.732298
1172.732298
1172.732298
1172.732298
1172.732298
1172.732298
1172.732298
1172.732298
1172.707527
1172.707527
1172.707527
1172.707527
1172.704915
1172.704915
1172.704915
1172.704915
1172.704915
1172.704915
1172.704915
1172.704915
1172.704915
1172.704915
1172.704915
1172.704915
1172.704915
1172.704915
1172.704915
1172.704915
1172.704915
1172.704915
1172.704915
1172.704915
1172.704915
1172.704915
1172.704915
1172.704915
1172.704915
1172.704915
1172.704915
1172.704915
1172.704915
1172.704915
1172.704915
1172.704915
1172.704915
1172.704915
1172.704915
1172.704915
1172.704915
1172.704915
1172.704915
1172.704915
1172.704915
1172.704915
1172.704915
1172.704915
1172.704915
1172.704915
1172.704915
1172.704915
1172.704915
1172.704915
1172.704915
1172.704915
1172.704915
1172.704915
1172.704915
1172.704915
1172.704915
1172.704915
1172.704915
1172.704915
1172.702064
1172.702064
1172.702064
1172.702064
1172.702064
1172.702064
1172.702064
1172.702064
1172.702064
1172.702064
1172.702064
1172.702064
1172.702064
1172.702064
1172.702064
1172.702064
1172.702064
1172.702064
1172.702064
1172.702064
1172.702064
1172.702064
1172.702064
1172.702064
1172.702064
1172.702064
1172.702064
1172.702064
1172.702064
1172.702064
1172.702064
1172.702064
1172.702064
1172.702064
1172.702064
1172.702064
1172.702064
1172.702064
1172.702064
1172.702064
1172.702064
1172.702064
1172.702064
1172.702064
1172.702064
1172.702064
1172.702064
1172.702064
1172.702064
1172.702064
1172.702064
1172.702064
1172.702064
1172.702064
1172.702064
1172.702064
1172.702064
1172.702064
1172.702064
1172.702064
1172.681094
1172.681094
1172.681094
1172.681094
1172.681094
1172.681094
1172.681094
1172.681094
1172.681094
1172.673573
1172.673573
1172.673573
1172.673573
1172.673573
1172.673573
1172.673573
1172.673573
1172.673573
1172.673573
1172.673573
1172.609857
1172.609857
1172.609857
1172.609857
1172.609857
1172.609857
1172.609857
1172.609857
1172.609857
1172.609857
1172.609857
1172.609857
1172.609857
1172.609857
1172.609857
1172.609857
1172.609857
1172.609857
1172.609857
1172.609857
1172.609857
1172.609857
1172.609857
1172.609857
1172.609857
1172.609857
1172.609857
1172.609857
1172.609857
1172.609857
1172.609857
1172.609857
1172.609857
1172.609857
1172.609857
1172.609857
1172.609857
1172.609857
1172.609857
1172.609857
1172.609857
1172.609857
1172.609857
1172.609857
1172.609857
1172.609857
1172.609857
1172.609857
1172.609857
1172.609857
1172.609857
1172.609857
1172.609857
1172.609857
1172.609857
1172.609857
1172.609857
1172.609857
1172.609857
1172.609857
1172.609857
1172.609857
1172.609857
1172.609857
1172.609857
1172.609857
1172.609857
1172.609857
1172.609857
1172.609857
1172.609857
1172.609857
1172.609857
1172.609857
1172.609857
1172.609857
1172.609857
1172.609857
1172.609857
1172.609857
1172.609857
1172.609857
1172.609857
1172.609857
1172.609857
1172.609857
1172.609857
1172.609857
1172.609857
1172.584365
1172.584365
1172.584365
1172.584365
1172.584365
1172.584365
1172.584365
1172.584365
1172.584365
1172.584365
1172.584365
1172.584365
1172.584365
1172.584365
1172.584365
1172.584365
1172.584365
1172.584365
1172.584365
1172.584365
1172.584365
1172.584365
1172.584365
1172.584365
1172.584365
1172.584365
1172.584365
1172.584365
1172.584365
1172.584365
1172.584365
1172.584365
1172.584365
1172.584365
1172.584365
1172.584365
1172.584365
1172.584365
1172.584365
1172.584365
1172.584365
1172.584365
1172.584365
1172.584365
1172.584365
1172.584365
1172.584365
1172.584365
1172.584365
1172.584365
1172.584365
1172.584365
1172.584365
1172.584365
1172.584365
1172.584365
1172.584365
1172.584365
1172.584365
1172.584365
1172.584365
1172.584365
1172.584365
1172.584365
1172.570630
1172.570630
1172.570630
1172.570630
1172.570630
1172.570630
1172.570630
1172.570630
1172.570630
1172.570630
1172.570630
1172.570630
1172.570630
1172.570630
1172.570630
1172.570630
1172.570630
1172.537240
1172.537240
1172.537240
1172.537240
1172.537240
1172.537240
1172.537240
1172.537240
1172.537240
1172.537240
1172.537240
1172.537240
1172.537240
1172.537240
1172.537240
1172.537240
1172.537240
1172.537240
1172.537240
1172.537240
1172.537240
1172.537240
1172.537240
1172.537240
1172.537240
1172.537240
1172.537240
1172.537240
1172.537240
1172.537240
1172.537240
1172.537240
1172.537240
1172.537240
1172.537240
1172.537240
1172.537240
1172.537240
1172.537240
1172.537240
1172.537240
1172.537240
1172.537240
1172.537240
1172.537240
1172.537240
1172.537240
1172.537240
1172.537240
1172.537240
1172.537240
1172.537240
1172.537240
1172.537240
1172.537240
1172.537240
1172.537240
1172.537240
1172.537240
1172.537240
1172.537240
1172.537240
1172.537240
1172.537240
1172.537240
1172.537240
1172.537240
1172.537240
1172.537240
1172.537240
1172.537240
1172.537240
1172.537240
1172.537240
1172.537240
1172.537240
1172.537240
1172.537240
1172.537240
1172.537240
1172.537240
1172.537240
1172.537240
1172.537240
1172.537240
1172.537240
1172.537240
1172.537240
1172.537240
1172.537240
1172.537240
1172.537240
1172.537240
1172.537240
1172.537240
1172.537240
1172.537240
1172.537240
1172.537240
1172.537240
1172.537240
1172.537240
1172.537240
1172.537240
1172.537240
1172.537240
1172.537240
1172.537240
1172.512984
1172.512984
1172.512984
1172.512984
1172.512984
1172.512984
1172.512984
1172.512984
1172.512984
1172.512984
1172.512984
1172.512984
1172.512984
1172.512984
1172.512984
1172.512984
1172.512984
1172.512984
1172.512984
1172.512984
1172.512984
1172.512984
1172.512984
1172.512984
1172.512984
1172.512984
1172.512984
1172.512984
1172.512984
1172.512984
1172.512984
1172.512984
1172.512984
1172.512984
1172.512984
1172.512984
1172.512984
1172.512984
1172.512984
1172.512984
1172.512984
1172.512984
1172.512984
1172.512984
1172.512984
1172.512984
1172.512984
1172.512984
1172.512984
1172.512984
1172.512984
1172.512984
1172.512984
1172.512984
1172.512984
1172.512984
1172.512984
1172.512984
1172.512984
1172.512984
1172.512984
1172.512984
1172.512984
1172.512984
1172.512984
1172.501463
1172.501463
1172.501463
1172.501463
1172.501463
1172.501463
1172.501463
1172.501463
1172.501463
1172.501463
1172.501463
1172.501463
1172.501463
1172.501463
1172.501463
1172.501463
1172.501463
1172.501463
1172.501463
1172.501463
1172.501463
1172.501463
1172.501463
1172.501463
1172.501463
1172.501463
1172.501463
1172.501463
1172.501463
1172.501463
1172.501463
1172.501463
1172.501463
1172.501463
1172.501463
1172.501463
1172.501463
1172.501463
1172.501463
1172.501463
1172.501463
1172.501463
1172.501463
1172.501463
1172.501463
1172.501463
1172.501463
1172.501463
1172.501463
1172.501463
1172.501463
1172.501463
1172.490507
1172.490507
1172.490507
1172.442240
1172.442240
1172.442240
1172.442240
1172.442240
1172.442240
1172.442240
1172.442240
1172.442240
1172.442240
1172.442240
1172.442240
1172.442240
1172.442240
1172.442240
1172.442240
1172.442240
1172.442240
1172.442240
1172.442240
1172.442240
1172.442240
1172.442240
1172.442240
1172.442240
1172.442240
1172.442240
1172.442240
1172.442240
1172.442240
1172.442240
1172.442240
1172.442240
1172.442240
1172.442240
1172.442240
1172.442240
1172.442240
1172.442240
1172.442240
1172.442240
1172.442240
1172.442240
1172.442240
1172.442240
1172.442240
1172.442240
1172.442240
1172.442240
1172.442240
1172.442240
1172.442240
1172.442240
1172.442240
1172.442240
1172.442240
1172.442240
1172.442240
1172.442240
1172.442240
1172.442240
1172.442240
1172.442240
1172.442240
1172.442240
1172.442240
1172.442240
1172.442240
1172.442240
1172.442240
1172.442240
1172.442240
1172.442240
1172.442240
1172.442240
1172.442240
1172.442240
1172.442240
1172.442240
1172.442240
1172.442240
1172.442240
1172.442240
1172.411421
1172.411421
1172.411421
1172.411421
1172.411421
1172.411421
1172.411421
1172.411421
1172.411421
1172.411421
1172.411421
1172.411421
1172.411421
1172.411421
1172.411421
1172.411421
1172.411421
1172.411421
1172.411421
1172.411421
1172.411421
1172.411421
1172.411421
1172.411421
1172.411421
1172.411421
1172.411421
1172.411421
1172.411421
1172.411421
1172.411421
1172.411421
1172.411421
1172.411421
1172.411421
1172.411421
1172.411421
1172.411421
1172.411421
1172.411421
1172.411421
1172.411421
1172.411421
1172.411421
1172.411421
1172.411421
1172.411421
1172.411421
1172.411421
1172.411421
1172.411421
1172.411421
1172.411421
1172.411421
1172.411421
1172.411421
1172.411421
1172.411421
1172.411421
1172.411421
1172.411421
1172.411421
1172.411421
1172.411421
1172.405734
1172.405734
1172.405734
1172.405734
1172.405734
1172.405734
1172.405734
1172.405734
1172.382871
1172.382871
1172.382871
1172.382871
1172.382871
1172.382871
1172.382871
1172.382871
1172.382871
1172.382871
1172.382871
1172.382871
1172.382871
1172.382871
1172.382871
1172.382871
1172.382871
1172.382871
1172.382871
1172.382871
1172.382871
1172.382871
1172.382871
1172.382871
1172.382871
1172.382871
1172.382871
1172.382871
1172.382871
1172.382871
1172.382871
1172.382871
1172.382871
1172.382871
1172.382871
1172.382871
1172.382871
1172.382871
1172.382871
1172.382871
1172.382871
1172.382871
1172.382871
1172.382871
1172.382871
1172.382871
1172.382871
1172.382871
1172.382871
1172.382871
1172.382871
1172.382871
1172.382871
1172.382871
1172.382871
1172.382871
1172.382871
1172.382871
1172.382871
1172.382871
1172.382871
1172.382871
1172.382871
1172.382871
1172.382871
1172.382871
1172.382871
1172.382871
1172.338805
1172.338805
1172.338805
1172.338805
1172.338805
1172.338805
1172.338805
1172.338805
1172.338805
1172.338805
1172.338805
1172.338805
1172.338805
1172.338805
1172.338805
1172.338805
1172.338805
1172.338805
1172.338805
1172.338805
1172.338805
1172.338805
1172.338805
1172.338805
1172.338805
1172.338805
1172.338805
1172.338805
1172.338805
1172.338805
1172.338805
1172.338805
1172.338805
1172.338805
1172.338805
1172.338805
1172.338805
1172.338805
1172.338805
1172.338805
1172.338805
1172.338805
1172.338805
1172.338805
1172.338805
1172.338805
1172.338805
1172.338805
1172.338805
1172.338805
1172.338805
1172.338805
1172.338805
1172.338805
1172.338805
1172.338805
1172.338805
1172.338805
1172.338805
1172.338805
1172.338805
1172.338805
1172.338805
1172.338805
1172.338805
1172.338805
1172.338805
1172.338805
1172.338805
1172.338805
1172.338805
1172.338805
1172.338805
1172.338805
1172.338805
1172.338805
1172.338805
1172.338805
1172.338805
1172.338805
1172.338805
1172.338805
1172.338805
1172.338805
1172.338805
1172.338805
1172.338805
1172.338805
1172.338805
1172.338805
1172.338805
1172.338805
1172.338805
1172.289456
1172.289456
1172.289456
1172.289456
1172.289456
1172.289456
1172.289456
1172.289456
1172.289456
1172.289456
1172.289456
1172.289456
1172.289456
1172.289456
1172.289456
1172.289456
1172.289456
1172.289456
1172.289456
1172.289456
1172.289456
1172.289456
1172.289456
1172.289456
1172.289456
1172.289456
1172.289456
1172.289456
1172.289456
1172.289456
1172.289456
1172.289456
1172.289456
1172.289456
1172.289456
1172.289456
1172.289456
1172.289456
1172.289456
1172.289456
1172.289456
1172.289456
1172.289456
1172.289456
1172.289456
1172.289456
1172.289456
1172.289456
1172.289456
1172.289456
1172.289456
1172.289456
1172.289456
1172.289456
1172.289456
1172.289456
1172.289456
1172.289456
1172.289456
1172.289456
1172.289456
1172.289456
1172.289456
1172.289456
1172.289456
1172.289456
1172.276987
1172.276987
1172.276987
1172.276987
1172.276987
1172.276987
1172.276987
1172.276987
1172.276987
1172.276987
1172.276987
1172.276987
1172.276987
1172.276987
1172.276987
1172.276987
1172.276987
1172.276987
1172.276987
1172.276987
1172.276987
1172.276987
1172.276987
1172.276987
1172.276987
1172.276987
1172.276987
1172.276987
1172.276987
1172.276987
1172.276987
1172.276987
1172.276987
1172.276987
1172.276987
1172.276987
1172.276987
1172.276987
1172.276987
1172.276987
1172.276987
1172.276987
1172.276987
1172.276987
1172.276987
1172.276987
1172.276987
1172.276987
1172.276987
1172.276987
1172.276987
1172.276987
1172.276987
1172.276987
1172.276987
1172.276987
1172.276987
1172.276987
1172.276987
1172.276987
1172.276987
1172.276987
1172.276987
1172.276987
1172.276987
1172.276987
1172.276987
1172.276987
1172.276987
1172.276987
1172.276987
1172.276987
1172.233203
1172.233203
1172.233203
1172.233203
1172.233203
1172.233203
1172.233203
1172.233203
1172.233203
1172.231077
1172.231077
1172.231077
1172.231077
1172.231077
1172.231077
1172.231077
1172.231077
1172.231077
1172.231077
1172.231077
1172.231077
1172.231077
1172.231077
1172.231077
1172.231077
1172.231077
1172.231077
1172.231077
1172.231077
1172.231077
1172.231077
1172.231077
1172.231077
1172.231077
1172.231077
1172.231077
1172.231077
1172.231077
1172.231077
1172.231077
1172.231077
1172.231077
1172.231077
1172.231077
1172.231077
1172.231077
1172.231077
1172.231077
1172.231077
1172.231077
1172.231077
1172.231077
1172.231077
1172.231077
1172.231077
1172.231077
1172.231077
1172.231077
1172.231077
1172.217077
1172.217077
1172.217077
1172.217077
1172.217077
1172.217077
1172.217077
1172.217077
1172.217077
1172.217077
1172.206081
1172.206081
1172.206081
1172.206081
1172.206081
1172.206081
1172.206081
1172.206081
1172.206081
1172.206081
1172.206081
1172.206081
1172.206081
1172.206081
1172.206081
1172.206081
1172.206081
1172.206081
1172.206081
1172.206081
1172.206081
1172.206081
1172.206081
1172.206081
1172.206081
1172.206081
1172.206081
1172.206081
1172.206081
1172.206081
1172.206081
1172.206081
1172.206081
1172.206081
1172.206081
1172.206081
1172.206081
1172.206081
1172.206081
1172.206081
1172.206081
1172.206081
1172.206081
1172.206081
1172.206081
1172.206081
1172.206081
1172.206081
1172.206081
1172.206081
1172.204746
1172.204746
1172.204746
1172.204746
1172.204746
1172.204746
1172.204746
1172.204746
1172.204746
1172.204746
1172.204746
1172.204746
1172.204746
1172.197405
1172.197405
1172.197405
1172.197405
1172.171718
1172.171718
1172.171718
1172.171718
1172.171718
1172.171718
1172.171718
1172.171718
1172.171718
1172.171718
1172.171718
1172.171718
1172.171718
1172.171718
1172.171718
1172.171718
1172.171718
1172.171718
1172.171718
1172.171718
1172.171718
1172.171718
1172.171718
1172.171718
1172.171718
1172.171718
1172.171718
1172.171718
1172.171718
1172.171718
1172.171718
1172.171718
1172.171718
1172.171718
1172.171718
1172.171718
1172.171718
1172.171718
1172.171718
1172.171718
1172.171718
1172.171718
1172.145439
1172.145439
1172.145439
1172.145439
1172.145439
1172.145439
1172.145439
1172.145439
1172.145439
1172.145439
1172.145439
1172.145439
1172.145439
1172.145439
1172.145439
1172.145439
1172.145439
1172.145439
1172.145439
1172.145439
1172.145439
1172.145439
1172.145439
1172.145439
1172.145439
1172.145439
1172.145439
1172.145439
1172.145439
1172.145439
1172.145439
1172.145439
1172.145439
1172.145439
1172.145439
1172.145439
1172.145439
1172.145439
1172.145439
1172.145439
1172.145439
1172.145439
1172.145439
1172.145439
1172.145439
1172.145439
1172.145439
1172.145439
1172.145439
1172.145439
1172.145439
1172.145439
1172.145439
1172.145439
1172.145439
1172.145439
1172.145439
1172.145439
1172.145439
1172.145439
1172.145439
1172.145439
1172.142451
1172.142451
1172.142451
1172.142451
1172.142451
1172.142451
1172.142451
1172.142451
1172.142451
1172.142451
1172.142451
1172.142451
1172.142451
1172.142451
1172.142451
1172.142451
1172.142451
1172.142451
1172.142451
1172.142451
1172.142451
1172.142451
1172.142451
1172.142451
1172.142451
1172.142451
1172.142451
1172.142451
1172.142451
1172.142451
1172.142451
1172.142451
1172.142451
1172.142451
1172.142451
1172.142451
1172.142451
1172.142451
1172.142451
1172.142451
1172.142451
1172.142451
1172.142451
1172.119330
1172.119330
1172.119330
1172.119330
1172.119330
1172.119330
1172.119330
1172.119330
1172.119330
1172.119330
1172.119330
1172.119330
1172.119330
1172.119330
1172.119330
1172.119330
1172.119330
1172.119330
1172.119330
1172.119330
1172.119330
1172.119330
1172.119330
1172.119330
1172.119330
1172.119330
1172.119330
1172.119330
1172.119330
1172.119330
1172.119330
1172.119330
1172.119330
1172.119330
1172.119330
1172.119330
1172.119330
1172.119330
1172.119330
1172.119330
1172.119330
1172.119330
1172.119330
1172.119330
1172.119330
1172.119330
1172.119330
1172.119330
1172.119330
1172.119330
1172.119330
1172.119330
1172.119330
1172.119330
1172.119330
1172.119330
1172.119330
1172.119330
1172.119330
1172.119330
1172.119330
1172.119330
1172.119330
1172.119330
1172.119330
1172.119330
1172.119330
1172.119330
1172.119330
1172.119330
1172.119330
1172.119330
1172.119330
1172.119330
1172.119330
1172.119330
1172.119330
1172.119330
1172.119330
1172.119330
1172.119330
1172.119330
1172.119330
1172.119330
1172.113345
1172.113345
1172.113345
1172.113345
1172.113345
1172.092926
1172.092926
1172.092926
1172.092926
1172.092926
1172.092926
1172.092926
1172.092926
1172.092926
1172.092926
1172.092926
1172.092926
1172.092926
1172.092926
1172.092926
1172.092926
1172.092926
1172.092926
1172.092926
1172.092926
1172.092926
1172.092926
1172.092926
1172.092926
1172.092926
1172.092926
1172.092926
1172.092926
1172.092926
1172.092926
1172.092926
1172.092926
1172.092926
1172.092926
1172.092926
1172.092926
1172.092926
1172.092926
1172.092926
1172.092926
1172.092926
1172.092926
1172.092926
1172.092926
1172.092926
1172.092926
1172.092926
1172.092926
1172.092926
1172.092926
1172.092926
1172.092926
1172.092926
1172.092926
1172.092926
1172.092926
1172.092926
1172.092926
1172.092926
1172.092926
1172.092926
1172.092926
1172.092926
1172.092926
1172.092926
1172.092926
1172.092926
1172.092926
1172.092926
1172.092926
1172.092926
1172.092926
1172.092926
1172.078876
1172.078876
1172.078876
1172.078876
1172.078876
1172.078876
1172.078876
1172.078876
1172.078876
1172.078876
1172.078876
1172.078876
1172.078876
1172.078876
1172.078876
1172.078876
1172.078876
1172.078876
1172.078876
1172.078876
1172.078876
1172.078876
1172.078876
1172.078876
1172.078876
1172.078876
1172.078876
1172.078876
1172.078876
1172.078876
1172.078876
1172.078876
1172.078876
1172.078876
1172.078876
1172.078876
1172.078876
1172.078876
1172.078876
1172.078876
1172.078876
1172.078876
1172.078876
1172.078876
1172.078876
1172.078876
1172.078876
1172.078876
1172.078876
1172.078876
1172.078876
1172.078876
1172.078876
1172.078876
1172.078876
1172.078876
1172.078876
1172.078876
1172.078876
1172.078876
1172.078876
1172.078876
1172.078876
1172.078876
1172.078876
1172.078876
1172.078876
1172.078876
1172.078876
1172.078876
1172.078876
1172.078876
1172.078876
1172.078876
1172.078876
1172.078876
1172.067701
1172.067701
1172.067701
1172.067701
1172.067701
1172.067701
1172.067701
1172.067701
1172.067701
1172.067701
1172.067701
1172.018543
1172.018543
1172.018543
1172.018543
1172.018543
1172.018543
1172.018543
1172.018543
1172.018543
1172.018543
1172.018543
1172.018543
1172.018543
1172.018543
1172.018543
1172.018543
1172.018543
1172.018543
1172.018543
1172.018543
1172.018543
1172.018543
1172.018543
1172.018543
1172.018543
1172.018543
1172.018543
1172.018543
1172.018543
1172.018543
1172.018543
1172.018543
1172.018543
1172.018543
1172.018543
1172.018543
1172.018543
1172.018543
1172.018543
1172.018543
1172.018543
1172.018543
1172.018543
1172.018543
1172.018543
1172.018543
1172.018543
1172.018543
1172.018543
1172.018543
1172.018543
1172.018543
1172.018543
1172.018543
1172.018543
1172.018543
1172.018543
1172.018543
1172.018543
1172.018543
1172.018543
1172.018543
1172.018543
1172.018543
1172.018543
1172.018543
1172.018543
1172.018543
1172.018543
1172.018543
1172.018543
1172.018543
1172.018543
1172.018543
1172.018543
1172.018543
1172.018543
1172.018543
1172.018543
1172.018543
1172.018543
1172.018543
1172.018543
1172.018543
1172.018543
1172.018543
1172.018543
1172.018543
1172.018543
1172.018543
1172.018543
1172.018543
1172.018543
1172.018543
1172.018543
1172.018543
1172.018543
1172.018543
1172.018543
1172.018543
1172.018543
1172.018543
1172.018543
1172.018543
1172.018543
1172.018543
1172.018543
1172.018543
1172.018543
1172.018543
1172.018543
1172.018543
1172.018543
1172.018543
1172.018543
1172.018543
1172.018543
1172.018543
1172.018543
1172.018543
1172.018543
1172.018543
1172.018543
1172.018543
1172.018543
1172.018543
1172.018543
1172.018543
1172.018543
1172.018543
1172.018543
1172.018543
1172.018543
1172.018543
1172.018543
1172.018543
1172.018543
1172.018543
1172.018543
1172.018543
1172.018543
1172.018543
1172.018543
1172.018543
1172.018543
1172.018543
1172.018543
1172.018543
1172.018543
1172.018543
1172.018543
1172.018543
1172.018543
1172.018543
1172.018543
1172.018543
1172.018543
1172.018543
1172.018543
1172.018543
1172.018543
1172.018543
1172.018543
1172.018543
1172.018543
1172.018543
1172.018543
1172.018543
1172.018543
1172.018543
1172.018543
1172.018543
1172.018543
1172.018543
1172.018543
1172.018543
1172.018543
1172.018543
1172.018543
1172.018543
1172.018543
1172.018543
1172.018543
1172.018543
1172.018543
1172.018543
1172.018543
1172.003318
1172.003318
1172.003318
1172.003318
1172.003318
1172.003318
1172.003318
1172.003318
1172.003318
1172.003318
1172.003318
1172.003318
1172.003318
1172.003318
1172.003318
1172.003318
1172.003318
1172.003318
1172.003318
1172.003318
1172.003318
1172.003318
1172.003318
1172.003318
1172.003318
1172.003318
1172.003318
1172.003318
1172.003318
1172.003318
1172.003318
1172.003318
1172.003318
1172.003318
1172.003318
1172.003318
1172.003318
1172.003318
1172.003318
1172.003318
1172.003318
1172.003318
1172.003318
1172.003318
1172.003318
1172.003318
1172.003318
1172.003318
1172.003318
1172.003318
1172.003318
1172.003318
1172.003318
1172.003318
1172.003318
1172.003318
1172.003318
1172.003318
1172.003318
1172.003318
1172.003318
1172.003318
1172.003318
1172.003318
1172.003318
1172.003318
1172.003318
1172.003318
1172.003318
1172.003318
1172.003318
1172.003318
1172.003318
1172.003318
1172.003318
1172.003318
1172.003318
1172.003318
1172.003318
1172.003318
1172.003318
1172.003318
1172.003318
1172.003318
1172.003318
1172.003318
1172.003318
1172.003318
1172.003318
1172.003318
1172.003318
1172.003318
1172.003318
1172.003318
1172.003318
1172.003318
1172.003318
1172.003318
1172.003318
1172.003318
1172.003318
1172.003318
1172.003318
1172.003318
1172.003318
1172.003318
1172.003318
1172.003318
1172.003318
1172.003318
1172.003318
1172.003318
1172.003318
1172.003318
1172.003318
1172.003318
1172.000233
1172.000233
1172.000233
1172.000233
1172.000233
1171.976396
1171.976396
1171.976396
1171.976396
1171.976396
1171.976396
1171.976396
1171.976396
1171.976396
1171.976396
1171.976396
1171.976396
1171.976396
1171.976396
1171.976396
1171.976396
1171.957709
1171.957709
1171.957709
1171.957709
1171.957709
1171.957709
1171.957709
1171.957709
1171.957709
1171.957709
1171.957709
1171.957709
1171.957709
1171.957709
1171.957709
1171.957709
1171.957709
1171.957709
1171.957709
1171.957709
1171.957709
1171.957709
1171.957709
1171.957709
1171.945684
1171.945684
1171.945684
1171.945684
1171.945684
1171.945684
1171.945684
1171.945684
1171.945684
1171.945684
1171.945684
1171.945684
1171.945684
1171.945684
1171.945684
1171.945684
1171.945684
1171.945684
1171.945684
1171.945684
1171.945684
1171.945684
1171.945684
1171.945684
1171.945684
1171.945684
1171.945684
1171.945684
1171.945684
1171.945684
1171.945684
1171.945684
1171.945684
1171.945684
1171.945684
1171.945684
1171.945684
1171.945684
1171.945684
1171.945684
1171.945684
1171.945684
1171.945684
1171.945684
1171.945684
1171.945684
1171.945684
1171.945684
1171.945684
1171.945684
1171.945684
1171.945684
1171.945684
1171.945684
1171.945684
1171.945684
1171.945684
1171.945684
1171.945684
1171.945684
1171.945684
1171.945684
1171.945684
1171.945684
1171.945684
1171.945684
1171.945684
1171.945684
1171.945684
1171.945684
1171.945684
1171.945684
1171.945684
1171.945684
1171.945684
1171.945684
1171.945684
1171.945684
1171.945684
1171.945684
1171.945684
1171.945684
1171.945684
1171.945684
1171.945684
1171.945684
1171.945684
1171.945684
1171.945684
1171.945684
1171.945684
1171.945684
1171.945684
1171.945684
1171.945684
1171.945684
1171.945684
1171.945684
1171.945684
1171.945684
1171.945684
1171.945684
1171.945684
1171.945684
1171.945684
1171.945684
1171.945684
1171.945684
1171.945684
1171.945684
1171.945684
1171.945684
1171.945684
1171.945684
1171.945684
1171.945684
1171.945684
1171.945684
1171.945684
1171.945684
1171.945684
1171.945684
1171.943943
1171.943943
1171.890552
1171.890552
1171.890552
1171.890552
1171.890552
1171.890552
1171.890552
1171.890552
1171.890552
1171.890552
1171.890552
1171.890552
1171.890552
1171.890552
1171.890552
1171.890552
1171.890552
1171.890552
1171.890552
1171.890552
1171.890552
1171.890552
1171.890552
1171.890552
1171.890552
1171.890552
1171.890552
1171.890552
1171.890552
1171.890552
1171.890552
1171.890552
1171.890552
1171.890552
1171.890552
1171.890552
1171.890552
1171.890552
1171.890552
1171.890552
1171.890552
1171.890552
1171.890552
1171.890552
1171.890552
1171.890552
1171.890552
1171.890552
1171.890552
1171.890552
1171.890552
1171.890552
1171.890552
1171.890552
1171.890552
1171.890552
1171.890552
1171.890552
1171.890552
1171.890552
1171.890552
1171.890552
1171.890552
1171.890552
1171.890552
1171.890552
1171.890552
1171.890552
1171.890552
1171.880110
1171.880110
1171.880110
1171.880110
1171.880110
1171.880110
1171.880110
1171.880110
1171.880110
1171.880110
1171.880110
1171.880110
1171.880110
1171.880110
1171.880110
1171.880110
1171.880110
1171.880110
1171.880110
1171.880110
1171.880110
1171.880110
1171.880110
1171.880110
1171.880110
1171.880110
1171.880110
1171.880110
1171.880110
1171.880110
1171.880110
1171.880110
1171.880110
1171.880110
1171.880110
1171.880110
1171.880110
1171.880110
1171.880110
1171.880110
1171.880110
1171.880110
1171.880110
1171.880110
1171.880110
1171.880110
1171.880110
1171.880110
1171.880110
1171.880110
1171.880110
1171.880110
1171.880110
1171.880110
1171.880110
1171.880110
1171.880110
1171.880110
1171.880110
1171.880110
1171.880110
1171.880110
1171.880110
1171.880110
1171.880110
1171.880110
1171.880110
1171.880110
1171.880110
1171.880110
1171.880110
1171.880110
1171.880110
1171.880110
1171.880110
1171.880110
1171.880110
1171.874054
1171.874054
1171.874054
1171.874054
1171.874054
1171.874054
1171.874054
1171.874054
1171.874054
1171.874054
1171.874054
1171.874054
1171.874054
1171.874054
1171.874054
1171.855764
1171.855764
1171.855764
1171.855764
1171.855764
1171.855764
1171.855764
1171.841748
1171.841748
1171.841748
1171.841748
1171.841021
1171.841021
1171.841021
1171.841021
1171.841021
1171.841021
1171.841021
1171.841021
1171.841021
1171.841021
1171.841021
1171.841021
1171.841021
1171.841021
1171.841021
1171.841021
1171.841021
1171.841021
1171.841021
1171.841021
1171.841021
1171.841021
1171.841021
1171.841021
1171.841021
1171.841021
1171.841021
1171.841021
1171.841021
1171.841021
1171.841021
1171.841021
1171.841021
1171.841021
1171.841021
1171.841021
1171.841021
1171.841021
1171.841021
1171.841021
1171.841021
1171.841021
1171.841021
1171.841021
1171.841021
1171.841021
1171.841021
1171.841021
1171.841021
1171.832416
1171.832416
1171.832416
1171.832416
1171.832416
1171.832416
1171.832416
1171.832416
1171.832416
1171.832416
1171.832416
1171.832416
1171.832416
1171.832416
1171.832416
1171.832416
1171.832416
1171.832416
1171.832416
1171.832416
1171.832416
1171.829243
1171.829243
1171.829243
1171.829243
1171.829243
1171.829243
1171.829243
1171.829243
1171.829243
1171.829243
1171.829243
1171.829243
1171.829243
1171.829243
1171.829243
1171.829243
1171.829243
1171.829243
1171.829243
1171.829243
1171.829243
1171.829243
1171.829243
1171.829243
1171.829243
1171.829243
1171.829243
1171.829243
1171.826282
1171.826282
1171.826282
1171.826282
1171.826282
1171.826282
1171.826282
1171.826282
1171.826282
1171.826282
1171.826282
1171.826282
1171.826282
1171.826282
1171.826282
1171.826282
1171.826282
1171.826282
1171.826282
1171.826282
1171.826282
1171.826282
1171.826282
1171.826282
1171.826282
1171.826282
1171.826282
1171.826282
1171.826282
1171.826282
1171.826282
1171.826282
1171.826282
1171.826282
1171.826282
1171.801006
1171.801006
1171.801006
1171.801006
1171.801006
1171.801006
1171.801006
1171.801006
1171.801006
1171.797164
1171.797164
1171.797164
1171.797164
1171.797164
1171.797164
1171.797164
1171.797164
1171.797164
1171.797164
1171.797164
1171.797164
1171.797164
1171.797164
1171.797164
1171.797164
1171.797164
1171.797164
1171.797164
1171.797164
1171.797164
1171.797164
1171.797164
1171.797164
1171.797164
1171.797164
1171.797164
1171.797164
1171.797164
1171.797164
1171.797164
1171.797164
1171.797164
1171.797164
1171.797164
1171.797164
1171.797164
1171.797164
1171.797164
1171.797164
1171.797164
1171.770383
1171.770383
1171.770383
1171.770383
1171.770383
1171.770383
1171.770383
1171.770383
1171.770383
1171.770383
1171.770383
1171.770383
1171.770383
1171.770383
1171.770383
1171.770383
1171.770383
1171.770383
1171.770383
1171.770383
1171.770383
1171.770383
1171.770383
1171.770383
1171.770383
1171.770383
1171.770383
1171.770383
1171.770383
1171.770383
1171.770383
1171.770383
1171.770383
1171.770383
1171.770383
1171.770383
1171.770383
1171.770383
1171.770383
1171.770383
1171.770383
1171.770383
1171.770383
1171.770383
1171.770383
1171.770383
1171.770383
1171.770383
1171.770383
1171.770383
1171.770383
1171.770383
1171.770383
1171.770383
1171.770383
1171.770383
1171.770383
1171.770383
1171.770383
1171.770383
1171.770383
1171.770383
1171.770383
1171.770383
1171.770383
1171.770383
1171.770383
1171.770383
1171.770383
1171.770383
1171.770383
1171.770383
1171.770383
1171.770383
1171.770383
1171.750725
1171.750725
1171.750725
1171.750725
1171.750725
1171.750725
1171.750725
1171.750725
1171.750725
1171.750725
1171.750725
1171.750725
1171.750725
1171.750725
1171.750725
1171.750725
1171.750725
1171.750725
1171.750725
1171.725043
1171.725043
1171.725043
1171.725043
1171.725043
1171.725043
1171.725043
1171.725043
1171.725043
1171.725043
1171.725043
1171.725043
1171.725043
1171.725043
1171.725043
1171.725043
1171.725043
1171.725043
1171.725043
1171.725043
1171.725043
1171.725043
1171.725043
1171.725043
1171.725043
1171.725043
1171.725043
1171.725043
1171.725043
1171.725043
1171.725043
1171.725043
1171.725043
1171.725043
1171.725043
1171.725043
1171.725043
1171.725043
1171.725043
1171.725043
1171.725043
1171.725043
1171.725043
1171.725043
1171.725043
1171.725043
1171.725043
1171.725043
1171.725043
1171.725043
1171.725043
1171.725043
1171.725043
1171.725043
1171.725043
1171.725043
1171.725043
1171.725043
1171.725043
1171.725043
1171.725043
1171.725043
1171.725043
1171.725043
1171.725043
1171.725043
1171.725043
1171.725043
1171.725043
1171.725043
1171.725043
1171.725043
1171.725043
1171.725043
1171.725043
1171.725043
1171.725043
1171.725043
1171.725043
1171.725043
1171.725043
1171.725043
1171.725043
1171.725043
1171.703331
1171.703331
1171.703331
1171.703331
1171.703331
1171.703331
1171.703331
1171.703331
1171.703331
1171.703331
1171.703331
1171.703331
1171.703331
1171.703331
1171.703331
1171.703331
1171.703331
1171.703331
1171.703331
1171.703331
1171.703331
1171.703331
1171.703331
1171.703331
1171.701335
1171.701335
1171.701335
1171.695224
1171.695224
1171.695224
1171.695224
1171.695224
1171.695224
1171.695224
1171.695224
1171.695224
1171.695224
1171.680771
1171.680771
1171.665836
1171.665836
1171.665836
1171.665836
1171.665836
1171.665836
1171.665836
1171.665836
1171.665836
1171.665836
1171.665836
1171.665836
1171.665836
1171.665836
1171.665836
1171.665836
1171.665836
1171.665836
1171.665836
1171.665836
1171.665836
1171.665836
1171.665836
1171.665836
1171.665836
1171.665836
1171.665836
1171.665836
1171.665836
1171.665836
1171.665836
1171.665836
1171.665836
1171.665836
1171.665836
1171.665836
1171.665836
1171.665836
1171.665836
1171.665836
1171.665836
1171.665836
1171.665836
1171.665836
1171.665836
1171.665836
1171.665836
1171.665836
1171.665836
1171.665836
1171.665836
1171.665836
1171.665836
1171.648993
1171.648993
1171.648993
1171.648993
1171.648993
1171.648993
1171.648993
1171.648993
1171.648993
1171.648993
1171.648993
1171.648993
1171.648993
1171.648993
1171.648993
1171.648993
1171.648993
1171.648993
1171.648993
1171.648993
1171.648993
1171.648993
1171.648993
1171.648993
1171.648993
1171.648993
1171.648993
1171.648993
1171.648993
1171.640975
1171.640975
1171.640975
1171.640975
1171.640975
1171.640975
1171.640975
1171.640975
1171.640975
1171.640975
1171.640975
1171.640975
1171.640975
1171.640975
1171.640975
1171.640975
1171.640975
1171.640975
1171.640975
1171.640975
1171.640975
1171.639197
1171.639197
1171.639197
1171.639197
1171.639197
1171.639197
1171.639197
1171.639197
1171.639197
1171.639197
1171.639197
1171.639197
1171.639197
1171.639197
1171.639197
1171.639197
1171.639197
1171.639197
1171.639197
1171.639197
1171.639197
1171.639197
1171.639197
1171.639197
1171.639197
1171.639197
1171.639197
1171.639197
1171.639197
1171.639197
1171.639197
1171.639197
1171.639197
1171.639197
1171.639197
1171.631704
1171.631704
1171.631704
1171.631704
1171.631704
1171.631704
1171.631704
1171.631704
1171.631704
1171.631704
1171.631704
1171.631704
1171.631704
1171.631704
1171.631704
1171.631704
1171.631704
1171.631704
1171.631704
1171.631704
1171.631704
1171.631704
1171.631704
1171.631704
1171.608536
1171.608536
1171.608536
1171.608536
1171.608536
1171.608536
1171.608536
1171.608536
1171.608536
1171.608536
1171.608536
1171.608536
1171.608536
1171.608536
1171.608536
1171.608536
1171.608536
1171.608536
1171.608536
1171.608536
1171.608536
1171.608536
1171.608536
1171.608536
1171.608536
1171.608536
1171.608536
1171.608536
1171.608536
1171.608536
1171.608536
1171.608536
1171.603548
1171.603548
1171.603548
1171.603548
1171.603548
1171.603548
1171.603548
1171.603548
1171.603548
1171.603548
1171.603548
1171.603548
1171.603548
1171.603548
1171.603548
1171.599001
1171.599001
1171.599001
1171.599001
1171.599001
1171.599001
1171.599001
1171.599001
1171.599001
1171.599001
1171.599001
1171.599001
1171.599001
1171.599001
1171.599001
1171.599001
1171.599001
1171.599001
1171.599001
1171.599001
1171.599001
1171.599001
1171.599001
1171.599001
1171.599001
1171.599001
1171.599001
1171.599001
1171.599001
1171.599001
1171.599001
1171.599001
1171.599001
1171.599001
1171.599001
1171.599001
1171.599001
1171.599001
1171.599001
1171.599001
1171.599001
1171.599001
1171.599001
1171.599001
1171.552273
1171.552273
1171.552273
1171.552273
1171.552273
1171.552273
1171.552273
1171.552273
1171.552273
1171.552273
1171.552273
1171.552273
1171.552273
1171.552273
1171.552273
1171.552273
1171.552273
1171.552273
1171.552273
1171.552273
1171.552273
1171.552273
1171.552273
1171.552273
1171.552273
1171.552273
1171.552273
1171.552273
1171.552273
1171.552273
1171.552273
1171.552273
1171.552273
1171.552273
1171.552273
1171.552273
1171.552273
1171.552273
1171.552273
1171.552273
1171.552273
1171.552273
1171.552273
1171.552273
1171.552273
1171.552273
1171.552273
1171.552273
1171.552273
1171.552273
1171.552273
1171.552273
1171.552273
1171.552273
1171.552273
1171.552273
1171.552273
1171.552273
1171.552273
1171.552273
1171.552273
1171.552273
1171.552273
1171.552273
1171.552273
1171.552273
1171.552273
1171.552273
1171.552273
1171.552273
1171.552273
1171.552273
1171.552273
1171.552273
1171.552273
1171.552273
1171.552273
1171.552273
1171.552273
1171.552273
1171.552273
1171.552273
1171.552273
1171.552273
1171.552273
1171.552273
1171.552273
1171.552273
1171.552273
1171.552273
1171.552273
1171.552273
1171.552273
1171.552273
1171.552273
1171.552273
1171.552273
1171.552273
1171.552273
1171.552273
1171.552273
1171.552273
1171.552273
1171.552273
1171.552273
1171.552273
1171.552273
1171.552273
1171.552273
1171.552273
1171.552273
1171.552273
1171.552273
1171.552273
1171.552273
1171.552273
1171.552273
1171.552273
1171.552273
1171.552273
1171.552273
1171.552273
1171.552273
1171.552273
1171.552273
1171.552273
1171.552273
1171.552273
1171.552273
1171.552273
1171.552273
1171.552273
1171.552273
1171.552273
1171.552273
1171.552273
1171.552273
1171.552273
1171.552273
1171.552273
1171.552273
1171.552273
1171.552273
1171.552273
1171.544220
1171.544220
1171.544220
1171.544220
1171.544220
1171.544220
1171.544220
1171.544220
1171.544220
1171.544220
1171.544220
1171.544220
1171.544220
1171.544220
1171.544220
1171.544220
1171.544220
1171.544220
1171.544220
1171.544220
1171.544220
1171.544220
1171.544220
1171.544220
1171.544220
1171.544220
1171.544220
1171.544220
1171.544220
1171.544220
1171.544220
1171.544220
1171.544220
1171.544220
1171.544220
1171.544220
1171.544220
1171.544220
1171.544220
1171.544220
1171.544220
1171.544220
1171.544220
1171.544220
1171.544220
1171.544220
1171.544220
1171.544220
1171.544220
1171.544220
1171.544220
1171.544220
1171.544220
1171.544220
1171.544220
1171.544220
1171.544220
1171.544220
1171.544220
1171.544220
1171.544220
1171.544220
1171.544220
1171.544220
1171.544220
1171.544220
1171.544220
1171.544220
1171.544220
1171.544220
1171.544220
1171.544220
1171.544220
1171.506523
1171.506523
1171.506523
1171.506523
1171.506523
1171.506523
1171.506523
1171.506523
1171.506523
1171.506523
1171.506523
1171.506523
1171.506523
1171.506523
1171.506523
1171.506523
1171.506523
1171.506523
1171.506523
1171.506523
1171.506523
1171.506523
1171.506523
1171.506523
1171.506523
1171.506523
1171.506523
1171.506523
1171.506523
1171.506523
1171.506523
1171.506523
1171.506523
1171.506523
1171.506523
1171.506523
1171.506523
1171.506523
1171.506523
1171.506523
1171.506523
1171.506523
1171.506523
1171.506523
1171.506523
1171.506523
1171.506523
1171.506523
1171.506523
1171.506523
1171.506523
1171.506523
1171.506523
1171.506523
1171.506523
1171.506523
1171.506523
1171.506523
1171.506523
1171.506523
1171.506523
1171.506523
1171.506523
1171.506523
1171.506523
1171.506523
1171.506523
1171.506523
1171.506523
1171.506523
1171.506523
1171.506523
1171.506523
1171.506523
1171.506523
1171.506523
1171.506523
1171.506523
1171.506523
1171.506523
1171.506523
1171.506523
1171.506523
1171.506523
1171.506523
1171.506523
1171.506523
1171.506523
1171.506523
1171.506523
1171.506523
1171.506523
1171.506523
1171.506523
1171.506523
1171.506523
1171.506523
1171.506523
1171.506523
1171.506523
1171.506523
1171.506523
1171.506523
1171.506523
1171.506523
1171.506523
1171.506523
1171.506523
1171.506523
1171.506523
1171.506523
1171.506523
1171.506523
1171.506523
1171.506523
1171.506523
1171.506523
1171.506523
1171.506523
1171.506523
1171.506523
1171.506523
1171.497275
1171.497275
1171.497275
1171.497275
1171.497275
1171.497275
1171.497275
1171.497275
1171.497275
1171.497275
1171.497275
1171.497275
1171.497275
1171.497275
1171.497275
1171.497275
1171.497275
1171.497275
1171.497275
1171.497275
1171.497275
1171.497275
1171.497275
1171.497275
1171.497275
1171.497275
1171.497275
1171.497275
1171.497275
1171.497275
1171.497275
1171.490785
1171.490785
1171.490785
1171.490785
1171.490785
1171.490785
1171.490785
1171.490785
1171.482007
1171.482007
1171.482007
1171.482007
1171.482007
1171.482007
1171.482007
1171.482007
1171.482007
1171.482007
1171.482007
1171.482007
1171.482007
1171.482007
1171.482007
1171.482007
1171.482007
1171.482007
1171.482007
1171.482007
1171.481958
1171.481958
1171.481958
1171.481958
1171.481958
1171.481958
1171.481958
1171.481958
1171.481958
1171.481958
1171.481958
1171.481958
1171.481958
1171.474852
1171.474852
1171.474852
1171.474852
1171.474852
1171.474852
1171.474852
1171.474852
1171.474852
1171.474852
1171.474852
1171.474852
1171.474852
1171.474852
1171.474852
1171.474852
1171.474852
1171.474852
1171.474852
1171.474852
1171.474852
1171.474852
1171.474852
1171.474852
1171.474852
1171.474852
1171.474852
1171.474852
1171.474852
1171.474852
1171.474852
1171.474852
1171.474852
1171.474852
1171.474852
1171.474852
1171.474852
1171.474852
1171.474852
1171.474852
1171.474852
1171.474852
1171.474852
1171.474852
1171.474852
1171.474852
1171.474852
1171.474852
1171.474852
1171.474852
1171.474852
1171.474852
1171.474852
1171.474852
1171.471458
1171.471458
1171.471458
1171.455918
1171.455918
1171.455918
1171.455918
1171.455918
1171.455918
1171.455918
1171.455918
1171.455918
1171.455918
1171.455918
1171.455918
1171.455918
1171.455918
1171.455918
1171.455918
1171.455918
1171.455918
1171.455918
1171.455918
1171.455918
1171.455918
1171.455918
1171.455918
1171.455918
1171.455918
1171.455918
1171.455918
1171.455918
1171.455918
1171.455918
1171.455918
1171.455918
1171.455918
1171.455918
1171.455918
1171.455918
1171.455918
1171.455918
1171.455918
1171.455918
1171.455918
1171.455918
1171.455918
1171.455918
1171.455918
1171.455918
1171.455918
1171.455918
1171.455918
1171.455918
1171.455918
1171.455918
1171.455918
1171.455918
1171.455918
1171.455918
1171.455918
1171.455918
1171.455918
1171.455918
1171.455918
1171.455918
1171.455918
1171.455918
1171.432259
1171.430769
1171.430769
1171.430769
1171.430769
1171.430769
1171.430769
1171.430769
1171.430769
1171.430769
1171.430769
1171.430769
1171.430769
1171.430769
1171.430769
1171.430769
1171.430769
1171.430769
1171.430769
1171.430769
1171.419223
1171.419223
1171.419223
1171.419223
1171.419223
1171.419223
1171.419223
1171.419223
1171.419223
1171.419223
1171.419223
1171.419223
1171.419223
1171.419223
1171.419223
1171.419223
1171.419223
1171.419223
1171.419223
1171.419223
1171.419223
1171.419223
1171.419223
1171.419223
1171.419223
1171.419223
1171.419223
1171.419223
1171.419223
1171.419223
1171.419223
1171.419223
1171.419223
1171.419223
1171.419223
1171.419223
1171.419223
1171.419223
1171.413323
1171.413323
1171.413323
1171.413323
1171.413323
1171.413323
1171.413323
1171.413323
1171.413323
1171.413323
1171.413323
1171.413323
1171.413323
1171.413323
1171.413323
1171.413323
1171.413323
1171.413323
1171.413323
1171.413323
1171.413323
1171.413323
1171.413323
1171.413323
1171.413323
1171.413323
1171.412340
1171.412340
1171.412340
1171.412340
1171.412340
1171.412340
1171.412340
1171.412340
1171.412340
1171.412340
1171.412340
1171.412340
1171.412340
1171.412340
1171.412340
1171.412340
1171.412340
1171.412340
1171.412340
1171.412340
1171.412340
1171.412340
1171.410766
1171.410766
1171.410766
1171.410766
1171.410766
1171.410766
1171.410766
1171.410766
1171.410766
1171.410766
1171.410766
1171.410766
1171.410766
1171.410766
1171.410766
1171.410766
1171.410766
1171.410766
1171.410766
1171.410766
1171.410766
1171.410766
1171.390416
1171.390416
1171.390416
1171.390416
1171.390416
1171.390416
1171.390416
1171.390416
1171.390416
1171.390416
1171.390416
1171.390416
1171.390416
1171.390416
1171.390416
1171.390416
1171.390416
1171.390416
1171.390416
1171.390416
1171.390416
1171.390416
1171.390416
1171.390416
1171.390416
1171.390416
1171.390416
1171.390416
1171.390416
1171.390416
1171.390416
1171.390416
1171.390416
1171.390416
1171.390416
1171.350133
1171.350133
1171.350133
1171.350133
1171.350133
1171.350133
1171.350133
1171.350133
1171.350133
1171.350133
1171.350133
1171.350133
1171.350133
1171.350133
1171.350133
1171.350133
1171.350133
1171.350133
1171.350133
1171.350133
1171.350133
1171.350133
1171.350133
1171.350133
1171.350133
1171.350133
1171.350133
1171.350133
1171.350133
1171.319834
1171.319834
1171.319834
1171.319834
1171.319834
1171.319834
1171.319834
1171.319834
1171.319834
1171.319834
1171.319834
1171.319834
1171.319834
1171.319834
1171.319834
1171.319834
1171.319834
1171.319834
1171.319834
1171.319834
1171.319834
1171.319834
1171.319834
1171.319834
1171.319834
1171.319834
1171.319834
1171.319834
1171.319834
1171.319834
1171.319834
1171.319834
1171.319834
1171.319834
1171.319834
1171.319834
1171.319834
1171.319834
1171.319834
1171.319834
1171.319834
1171.319834
1171.319834
1171.319834
1171.319834
1171.319834
1171.319834
1171.319834
1171.319834
1171.319834
1171.319834
1171.319834
1171.319834
1171.319834
1171.319834
1171.319834
1171.319834
1171.319834
1171.319834
1171.319834
1171.319834
1171.319834
1171.319834
1171.319834
1171.319834
1171.319834
1171.319834
1171.319834
1171.319834
1171.319834
1171.319834
1171.319834
1171.319834
1171.319834
1171.319834
1171.319834
1171.319834
1171.319834
1171.319834
1171.319834
1171.319834
1171.319834
1171.319834
1171.319834
1171.319834
1171.319834
1171.319834
1171.319834
1171.319834
1171.319834
1171.319834
1171.319834
1171.319834
1171.319834
1171.319834
1171.319834
1171.319834
1171.319834
1171.319834
1171.319834
1171.319834
1171.319834
1171.319834
1171.319834
1171.317976
1171.317976
1171.317976
1171.317976
1171.317976
1171.317976
1171.317976
1171.317976
1171.317976
1171.317976
1171.317976
1171.317976
1171.317976
1171.299214
1171.299214
1171.299214
1171.299214
1171.299214
1171.299214
1171.299214
1171.299214
1171.299214
1171.299214
1171.299214
1171.299214
1171.299214
1171.299214
1171.299214
1171.299214
1171.299214
1171.299214
1171.299214
1171.299214
1171.299214
1171.299214
1171.299214
1171.299214
1171.299214
1171.299214
1171.299214
1171.299214
1171.299214
1171.299214
1171.299214
1171.299214
1171.299214
1171.299214
1171.299214
1171.299214
1171.299214
1171.299214
1171.299214
1171.299214
1171.299214
1171.299214
1171.299214
1171.299214
1171.299214
1171.299214
1171.299214
1171.299214
1171.299214
1171.299214
1171.299214
1171.299214
1171.299214
1171.299214
1171.299214
1171.299214
1171.299214
1171.299214
1171.299214
1171.299214
1171.290437
1171.290437
1171.290437
1171.290437
1171.290437
1171.290437
1171.290437
1171.290437
1171.290437
1171.280846
1171.280846
1171.280846
1171.280846
1171.280846
1171.280846
1171.280846
1171.280846
1171.280846
1171.280846
1171.280846
1171.280846
1171.280846
1171.280846
1171.280846
1171.280846
1171.280846
1171.280846
1171.280846
1171.280846
1171.280846
1171.280846
1171.280846
1171.280846
1171.280846
1171.280846
1171.280846
1171.280846
1171.280846
1171.280846
1171.280846
1171.280846
1171.280846
1171.274041
1171.274041
1171.274041
1171.274041
1171.274041
1171.274041
1171.274041
1171.274041
1171.274041
1171.274041
1171.274041
1171.274041
1171.274041
1171.274041
1171.274041
1171.274041
1171.274041
1171.266639
1171.266639
1171.266639
1171.266639
1171.266639
1171.266639
1171.266639
1171.266639
1171.266639
1171.266639
1171.266639
1171.266639
1171.266639
1171.266639
1171.266057
1171.266057
1171.266057
1171.266057
1171.266057
1171.266057
1171.266057
1171.266057
1171.266057
1171.266057
1171.266057
1171.266057
1171.266057
1171.266057
1171.266057
1171.264946
1171.264946
1171.264946
1171.264946
1171.264946
1171.264946
1171.264946
1171.264946
1171.264946
1171.264946
1171.264946
1171.264946
1171.264946
1171.264946
1171.264946
1171.264946
1171.264946
1171.264946
1171.264946
1171.264946
1171.264946
1171.264946
1171.264946
1171.264946
1171.264946
1171.235860
1171.235860
1171.235860
1171.235860
1171.235860
1171.235860
1171.235860
1171.235860
1171.235860
1171.235860
1171.235860
1171.235860
1171.235860
1171.235860
1171.235860
1171.235860
1171.235860
1171.235860
1171.235860
1171.235860
1171.235860
1171.235860
1171.235860
1171.235860
1171.235860
1171.235860
1171.235860
1171.235860
1171.220661
1171.220661
1171.220661
1171.220661
1171.220661
1171.220661
1171.220661
1171.220661
1171.220661
1171.220661
1171.220661
1171.220661
1171.220661
1171.220661
1171.220661
1171.220661
1171.220661
1171.220661
1171.220661
1171.220661
1171.220661
1171.220661
1171.214527
1171.214527
1171.214527
1171.214527
1171.214527
1171.214527
1171.214527
1171.214527
1171.214527
1171.214527
1171.214527
1171.214527
1171.214527
1171.214527
1171.214527
1171.214527
1171.214527
1171.214527
1171.214527
1171.214527
1171.214527
1171.214527
1171.214527
1171.214527
1171.214527
1171.214527
1171.214527
1171.214527
1171.214527
1171.214527
1171.214527
1171.214527
1171.214527
1171.214527
1171.214527
1171.214527
1171.214527
1171.214527
1171.214527
1171.214527
1171.214527
1171.214527
1171.214527
1171.214527
1171.214527
1171.214527
1171.214527
1171.214527
1171.214527
1171.214527
1171.198533
1171.198533
1171.198533
1171.198533
1171.198533
1171.198533
1171.198533
1171.198533
1171.198533
1171.198533
1171.198533
1171.198533
1171.198533
1171.198533
1171.198533
1171.198533
1171.198533
1171.198533
1171.198533
1171.198533
1171.198533
1171.198533
1171.198533
1171.198533
1171.198533
1171.198533
1171.198533
1171.198533
1171.198533
1171.198533
1171.198533
1171.198533
1171.198533
1171.198533
1171.198533
1171.198533
1171.198533
1171.198533
1171.198533
1171.198533
1171.198533
1171.198533
1171.198533
1171.198533
1171.198533
1171.198533
1171.198533
1171.198533
1171.198533
1171.198533
1171.198533
1171.198533
1171.198533
1171.198533
1171.198533
1171.198533
1171.198533
1171.198533
1171.198533
1171.198533
1171.198533
1171.198533
1171.198533
1171.198533
1171.198533
1171.198533
1171.198533
1171.198533
1171.198533
1171.198533
1171.198533
1171.198533
1171.198533
1171.198533
1171.198533
1171.198533
1171.198533
1171.198533
1171.198533
1171.198533
1171.198533
1171.198533
1171.196113
1171.196113
1171.196113
1171.196113
1171.196113
1171.196113
1171.196113
1171.196113
1171.196113
1171.196113
1171.196113
1171.196113
1171.196113
1171.196113
1171.196113
1171.196113
1171.196113
1171.196113
1171.196113
1171.196113
1171.196113
1171.196113
1171.196113
1171.196113
1171.196113
1171.196113
1171.196113
1171.196113
1171.196113
1171.196113
1171.196113
1171.196113
1171.196113
1171.195826
1171.195826
1171.195826
1171.195826
1171.195826
1171.195826
1171.195826
1171.195826
1171.195826
1171.195826
1171.195826
1171.195826
1171.195826
1171.195826
1171.195826
1171.195826
1171.187175
1171.187175
1171.187175
1171.187175
1171.187175
1171.187175
1171.187175
1171.187175
1171.187175
1171.187175
1171.187175
1171.187175
1171.187175
1171.187175
1171.187175
1171.185498
1171.185498
1171.185498
1171.185498
1171.185498
1171.185498
1171.185498
1171.185498
1171.185498
1171.185498
1171.185498
1171.185498
1171.185498
1171.167948
1171.167948
1171.167948
1171.167948
1171.167948
1171.167948
1171.167948
1171.167948
1171.167948
1171.167948
1171.167948
1171.167948
1171.167948
1171.167948
1171.167948
1171.167948
1171.167948
1171.167948
1171.167948
1171.167948
1171.167948
1171.167948
1171.167948
1171.167948
1171.167948
1171.167948
1171.167948
1171.167948
1171.167948
1171.167948
1171.167948
1171.167948
1171.167948
1171.167948
1171.167948
1171.167948
1171.167948
1171.167948
1171.167948
1171.167948
1171.167948
1171.167948
1171.167948
1171.167948
1171.167948
1171.167948
1171.167948
1171.167948
1171.167948
1171.167948
1171.167948
1171.167948
1171.167948
1171.167948
1171.167948
1171.167948
1171.167948
1171.167948
1171.167948
1171.167948
1171.167948
1171.167948
1171.167948
1171.167948
1171.167948
1171.167948
1171.167948
1171.167948
1171.167948
1171.167948
1171.167948
1171.167948
1171.167948
1171.167948
1171.167948
1171.167948
1171.167948
1171.167948
1171.167948
1171.167948
1171.167948
1171.167948
1171.167948
1171.167948
1171.167948
1171.167948
1171.167948
1171.167948
1171.167948
1171.167948
1171.167948
1171.167948
1171.167948
1171.167948
1171.167948
1171.167948
1171.167948
1171.167948
1171.167948
1171.167948
1171.167948
1171.167948
1171.167948
1171.167948
1171.167948
1171.167948
1171.127810
1171.127810
1171.127810
1171.127810
1171.127810
1171.127810
1171.127810
1171.127810
1171.127810
1171.127810
1171.127810
1171.127810
1171.127810
1171.127810
1171.127810
1171.127810
1171.127810
1171.127810
1171.127810
1171.127810
1171.127810
1171.127810
1171.127810
1171.127810
1171.127810
1171.127810
1171.127810
1171.127810
1171.127810
1171.127810
1171.127810
1171.127810
1171.127810
1171.127810
1171.127810
1171.127810
1171.127810
1171.127810
1171.127810
1171.127810
1171.127810
1171.127810
1171.127810
1171.127810
1171.127810
1171.127810
1171.127810
1171.127810
1171.127810
1171.127810
1171.127810
1171.127810
1171.127810
1171.127810
1171.127810
1171.127810
1171.127810
1171.127810
1171.127810
1171.127810
1171.127810
1171.127810
1171.127810
1171.127810
1171.127810
1171.127810
1171.127810
1171.127810
1171.127810
1171.127810
1171.127810
1171.127810
1171.127810
1171.127810
1171.127810
1171.127810
1171.127810
1171.127810
1171.127810
1171.127810
1171.127810
1171.127810
1171.127810
1171.127810
1171.127810
1171.127810
1171.127810
1171.127810
1171.127810
1171.127810
1171.127810
1171.127810
1171.127810
1171.127810
1171.127810
1171.127810
1171.127810
1171.127810
1171.127810
1171.127810
1171.127810
1171.127810
1171.127810
1171.127810
1171.127810
1171.127810
1171.127810
1171.127810
1171.127810
1171.127810
1171.127810
1171.127810
1171.127810
1171.127810
1171.127810
1171.127810
1171.127810
1171.127810
1171.127810
1171.127810
1171.127810
1171.127810
1171.127810
1171.127810
1171.127810
1171.127810
1171.127810
1171.127810
1171.127810
1171.127810
1171.127810
1171.127810
1171.127810
1171.127810
1171.127810
1171.127810
1171.127810
1171.127810
1171.127810
1171.127810
1171.127810
1171.127810
1171.127810
1171.127810
1171.127810
1171.127810
1171.127810
1171.127810
1171.127810
1171.127810
1171.127810
1171.127810
1171.127810
1171.127810
1171.127810
1171.127810
1171.127810
1171.127810
1171.127810
1171.127810
1171.127810
1171.127810
1171.127810
1171.127810
1171.127810
1171.127810
1171.127810
1171.127810
1171.127810
1171.127810
1171.127810
1171.127810
1171.127810
1171.117337
1171.117337
1171.117337
1171.117337
1171.117337
1171.117337
1171.117337
1171.117337
1171.117337
1171.117337
1171.117337
1171.117337
1171.117337
1171.117337
1171.117337
1171.117337
1171.117337
1171.117337
1171.117337
1171.117337
1171.117337
1171.117337
1171.117337
1171.117337
1171.117337
1171.117337
1171.117337
1171.117337
1171.117337
1171.117337
1171.117337
1171.117337
1171.117337
1171.117337
1171.117337
1171.117337
1171.117337
1171.117337
1171.117337
1171.117337
1171.117337
1171.117337
1171.117337
1171.117337
1171.071909
1171.071909
1171.071909
1171.071909
1171.071909
1171.071909
1171.071909
1171.071909
1171.071909
1171.071909
1171.071909
1171.071909
1171.071909
1171.071909
1171.071909
1171.071909
1171.071909
1171.071909
1171.071909
1171.071909
1171.071909
1171.071909
1171.071909
1171.071909
1171.071909
1171.071909
1171.071909
1171.071909
1171.071909
1171.071909
1171.071909
1171.071909
1171.071909
1171.071909
1171.071909
1171.071909
1171.071909
1171.071909
1171.071909
1171.071909
1171.071909
1171.071909
1171.071909
1171.071909
1171.071909
1171.071909
1171.071909
1171.071909
1171.071909
1171.071909
1171.071909
1171.071909
1171.071909
1171.071909
1171.071909
1171.071909
1171.071909
1171.071909
1171.071909
1171.071909
1171.071909
1171.071909
1171.071909
1171.071909
1171.071909
1171.071909
1171.071909
1171.071909
1171.071909
1171.071909
1171.071909
1171.071909
1171.071909
1171.071909
1171.071909
1171.071909
1171.071909
1171.071909
1171.071909
1171.071909
1171.071909
1171.071909
1171.071909
1171.071909
1171.071909
1171.071909
1171.071909
1171.071909
1171.071909
1171.071909
1171.071909
1171.071909
1171.071909
1171.071909
1171.071909
1171.071909
1171.071909
1171.071909
1171.071909
1171.071909
1171.071909
1171.071909
1171.071909
1171.071909
1171.071909
1171.071909
1171.071909
1171.071909
1171.071909
1171.071909
1171.071909
1171.071909
1171.071909
1171.071909
1171.071909
1171.071909
1171.071909
1171.071909
1171.071909
1171.071909
1171.071909
1171.071909
1171.071909
1171.071909
1171.071909
1171.071909
1171.071909
1171.071909
1171.071909
1171.071909
1171.071909
1171.071909
1171.071909
1171.071909
1171.071909
1171.071909
1171.071909
1171.071909
1171.071909
1171.068712
1171.068712
1171.068712
1171.068712
1171.068712
1171.068712
1171.068712
1171.068712
1171.068712
1171.068712
1171.068712
1171.068712
1171.068712
1171.068712
1171.068712
1171.068712
1171.068712
1171.068712
1171.068712
1171.068712
1171.068712
1171.068712
1171.068712
1171.068712
1171.068712
1171.068712
1171.068712
1171.068712
1171.068712
1171.068712
1171.068712
1171.068712
1171.068712
1171.068712
1171.068712
1171.068712
1171.068712
1171.068712
1171.068712
1171.068712
1171.068712
1171.068712
1171.068712
1171.068712
1171.068712
1171.068712
1171.068712
1171.068712
1171.068712
1171.063736
1171.063736
1171.063736
1171.063736
1171.063736
1171.063736
1171.063736
1171.063736
1171.063736
1171.063736
1171.063736
1171.063736
1171.063736
1171.063736
1171.063736
1171.058331
1171.058331
1171.058331
1171.058331
1171.058331
1171.058331
1171.058331
1171.058331
1171.058331
1171.058331
1171.058331
1171.058331
1171.058331
1171.058331
1171.058331
1171.058331
1171.058331
1171.023575
1171.023575
1171.023575
1171.023575
1171.023575
1171.023575
1171.023575
1171.023575
1171.023575
1171.023575
1171.023575
1171.023575
1171.023575
1171.023575
1171.023575
1171.023575
1171.023575
1171.023575
1171.023575
1171.023575
1171.023575
1171.023575
1171.023575
1171.023575
1171.023575
1171.023575
1171.020616
1171.020616
1171.020616
1171.020616
1171.020616
1171.020616
1171.020616
1171.020616
1171.020616
1171.020616
1171.020616
1171.020616
1171.020616
1171.020616
1171.020616
1171.020616
1171.020616
1171.020616
1171.020616
1171.020616
1171.020616
1171.020616
1171.020616
1171.020616
1171.020616
1171.020616
1171.020616
1171.020616
1171.020616
1171.020616
1171.020616
1171.020616
1171.020616
1171.020616
1171.020616
1171.020616
1171.020616
1171.020616
1171.020616
1171.020616
1171.020616
1171.020616
1171.020616
1171.020616
1171.020616
1171.020616
1171.020616
1171.020616
1171.020616
1171.020616
1171.020616
1171.016959
1171.016959
1171.016959
1171.016959
1171.016959
1171.016959
1171.016959
1171.016959
1171.016959
1171.016959
1171.016959
1171.016959
1171.016959
1171.016959
1171.016959
1171.016959
1171.016959
1171.016959
1171.016959
1171.016959
1171.016959
1171.016959
1171.016959
1171.005126
1171.005126
1171.005126
1171.005126
1171.005126
1171.005126
1171.005126
1171.005126
1171.005126
1171.005126
1171.005126
1171.005126
1171.005126
1171.005126
1171.005126
1171.005126
1171.005126
1171.005126
1171.005126
1171.005126
1171.005126
1171.005126
1171.005126
1171.005126
1170.979678
1170.979678
1170.979678
1170.979678
1170.979678
1170.979678
1170.979678
1170.979678
1170.979678
1170.979678
1170.979678
1170.979678
1170.979678
1170.979678
1170.979678
1170.979678
1170.979678
1170.979678
1170.979678
1170.979678
1170.979678
1170.979678
1170.979678
1170.979678
1170.979678
1170.979678
1170.979678
1170.979678
1170.979678
1170.979678
1170.979678
1170.979678
1170.979678
1170.979678
1170.979678
1170.979678
1170.979678
1170.979678
1170.979678
1170.979678
1170.979678
1170.979678
1170.979678
1170.979678
1170.979678
1170.979678
1170.979678
1170.979678
1170.979678
1170.979678
1170.979678
1170.967500
1170.967500
1170.967500
1170.967500
1170.967500
1170.967500
1170.967500
1170.967500
1170.967500
1170.967500
1170.967500
1170.967500
1170.967500
1170.967500
1170.967500
1170.967500
1170.967500
1170.967500
1170.967500
1170.967500
1170.967500
1170.967500
1170.967500
1170.967500
1170.967500
1170.967500
1170.967500
1170.967500
1170.967500
1170.967500
1170.967500
1170.967500
1170.967500
1170.967500
1170.967500
1170.967500
1170.919932
1170.919932
1170.919932
1170.919932
1170.919932
1170.919932
1170.919932
1170.919932
1170.919932
1170.919932
1170.919932
1170.919932
1170.919932
1170.919932
1170.919932
1170.919932
1170.919932
1170.919932
1170.919932
1170.919932
1170.919932
1170.919932
1170.919932
1170.919932
1170.919932
1170.919932
1170.919932
1170.919932
1170.919932
1170.919932
1170.919932
1170.919932
1170.919932
1170.919932
1170.919932
1170.919932
1170.919932
1170.919932
1170.919932
1170.919932
1170.919932
1170.919932
1170.919932
1170.919932
1170.919932
1170.919932
1170.919932
1170.919932
1170.919932
1170.919932
1170.919932
1170.919932
1170.919932
1170.919932
1170.919932
1170.908891
1170.908891
1170.908891
1170.908891
1170.908891
1170.908891
1170.908891
1170.908891
1170.908891
1170.908891
1170.908891
1170.908891
1170.908891
1170.908891
1170.908891
1170.908891
1170.908891
1170.908891
1170.908891
1170.908891
1170.908891
1170.908891
1170.908891
1170.908891
1170.908891
1170.908891
1170.908891
1170.908891
1170.908891
1170.908891
1170.908891
1170.908891
1170.908891
1170.908891
1170.908891
1170.908891
1170.908891
1170.908891
1170.908891
1170.908891
1170.908891
1170.908891
1170.908891
1170.908891
1170.908891
1170.908891
1170.908891
1170.908891
1170.908891
1170.908891
1170.908891
1170.908891
1170.908891
1170.908891
1170.908891
1170.908891
1170.908891
1170.908891
1170.897855
1170.897855
1170.897855
1170.897855
1170.897855
1170.897855
1170.897855
1170.897855
1170.897855
1170.897855
1170.897855
1170.897855
1170.897855
1170.897855
1170.897855
1170.897855
1170.897855
1170.897855
1170.897855
1170.897855
1170.897855
1170.897855
1170.897855
1170.897855
1170.897855
1170.897855
1170.897855
1170.897855
1170.897855
1170.897855
1170.897855
1170.897855
1170.897855
1170.897855
1170.897855
1170.897855
1170.897855
1170.897855
1170.897855
1170.897855
1170.897855
1170.897855
1170.897855
1170.897855
1170.897855
1170.897855
1170.897855
1170.897855
1170.897855
1170.897855
1170.897855
1170.897855
1170.897855
1170.883119
1170.883119
1170.883119
1170.883119
1170.883119
1170.883119
1170.883119
1170.883119
1170.883119
1170.883119
1170.861782
1170.861782
1170.861782
1170.861782
1170.861782
1170.861782
1170.861782
1170.861782
1170.861782
1170.861782
1170.861782
1170.861782
1170.861782
1170.861782
1170.861782
1170.861782
1170.861782
1170.861782
1170.861782
1170.861782
1170.861782
1170.861782
1170.861782
1170.861782
1170.861782
1170.861782
1170.861782
1170.861782
1170.861782
1170.861782
1170.861782
1170.861782
1170.861782
1170.861782
1170.861782
1170.861782
1170.861782
1170.861782
1170.861782
1170.861782
1170.861782
1170.861782
1170.861782
1170.861782
1170.861782
1170.861782
1170.861782
1170.861782
1170.861782
1170.861782
1170.861782
1170.861782
1170.861782
1170.861782
1170.861782
1170.861782
1170.861782
1170.861782
1170.861782
1170.861782
1170.861782
1170.861782
1170.861782
1170.861782
1170.861782
1170.861782
1170.861782
1170.861782
1170.861782
1170.861782
1170.861782
1170.861782
1170.861782
1170.861782
1170.861782
1170.861782
1170.861782
1170.861782
1170.861782
1170.861782
1170.861782
1170.861782
1170.861782
1170.861782
1170.861782
1170.861782
1170.861782
1170.861782
1170.861782
1170.861782
1170.861782
1170.861782
1170.861782
1170.861782
1170.861782
1170.861782
1170.861782
1170.861782
1170.861782
1170.861782
1170.861782
1170.861782
1170.861782
1170.861782
1170.861782
1170.861782
1170.861782
1170.861782
1170.861782
1170.861782
1170.861782
1170.861782
1170.861782
1170.861782
1170.861782
1170.842234
1170.842234
1170.842234
1170.842234
1170.842234
1170.842234
1170.842234
1170.842234
1170.842234
1170.842234
1170.842234
1170.842234
1170.842234
1170.842234
1170.842234
1170.842234
1170.842234
1170.842234
1170.842234
1170.842234
1170.842234
1170.842234
1170.842234
1170.842234
1170.842234
1170.842234
1170.842234
1170.842234
1170.842234
1170.842234
1170.842234
1170.842234
1170.842234
1170.842234
1170.842234
1170.842234
1170.842234
1170.842234
1170.827699
1170.827699
1170.827699
1170.827699
1170.827699
1170.827699
1170.827699
1170.827699
1170.827699
1170.827699
1170.827699
1170.827699
1170.827699
1170.827699
1170.827699
1170.827699
1170.827699
1170.827699
1170.827699
1170.827699
1170.827699
1170.827699
1170.827699
1170.827699
1170.827699
1170.827699
1170.827699
1170.827699
1170.827699
1170.827699
1170.827699
1170.827699
1170.827699
1170.827699
1170.827699
1170.827699
1170.827699
1170.827699
1170.827699
1170.827699
1170.827699
1170.827699
1170.827699
1170.827699
1170.827699
1170.827699
1170.827699
1170.827699
1170.827699
1170.827699
1170.827699
1170.827699
1170.827699
1170.827699
1170.827699
1170.827699
1170.827699
1170.827699
1170.827699
1170.827699
1170.827699
1170.827699
1170.827699
1170.827699
1170.827699
1170.827699
1170.827699
1170.827699
1170.827699
1170.827699
1170.827699
1170.827699
1170.827699
1170.827699
1170.827699
1170.827699
1170.827699
1170.827699
1170.827699
1170.827699
1170.827699
1170.827699
1170.827699
1170.827699
1170.819726
1170.819726
1170.819726
1170.819726
1170.819726
1170.819726
1170.789924
1170.789924
1170.789924
1170.789924
1170.789924
1170.789924
1170.789924
1170.789924
1170.789924
1170.789924
1170.789924
1170.789924
1170.789924
1170.772551
1170.772551
1170.772551
1170.772551
1170.772551
1170.772551
1170.772551
1170.772551
1170.772551
1170.772551
1170.772551
1170.772551
1170.772551
1170.772551
1170.772551
1170.772551
1170.772551
1170.772551
1170.772551
1170.772551
1170.772551
1170.772551
1170.772551
1170.772551
1170.772551
1170.772551
1170.772551
1170.772551
1170.772551
1170.772551
1170.772551
1170.772551
1170.772551
1170.772551
1170.772551
1170.772551
1170.772551
1170.772551
1170.772551
1170.772551
1170.772551
1170.772551
1170.772551
1170.772551
1170.772551
1170.772551
1170.772551
1170.772551
1170.772551
1170.772551
1170.772551
1170.772551
1170.772551
1170.772551
1170.772551
1170.772551
1170.772551
1170.772551
1170.772551
1170.772551
1170.772551
1170.772551
1170.772551
1170.772551
1170.772551
1170.772551
1170.772551
1170.772551
1170.772551
1170.772551
1170.772551
1170.772551
1170.772551
1170.772551
1170.772551
1170.772551
1170.772551
1170.772551
1170.772551
1170.772551
1170.772551
1170.767872
1170.767872
1170.767872
1170.767872
1170.767872
1170.767872
1170.767872
1170.767872
1170.767872
1170.767872
1170.767872
1170.767872
1170.767872
1170.767872
1170.767872
1170.767872
1170.767872
1170.767872
1170.767872
1170.767872
1170.767872
1170.767872
1170.767872
1170.767872
1170.767872
1170.767872
1170.767872
1170.767872
1170.767872
1170.767872
1170.767872
1170.767872
1170.767872
1170.767872
1170.767872
1170.767872
1170.767872
1170.767872
1170.767872
1170.767872
1170.767872
1170.767872
1170.767872
1170.767872
1170.767872
1170.767872
1170.767872
1170.767872
1170.767872
1170.767872
1170.767872
1170.767872
1170.767872
1170.767872
1170.767872
1170.767872
1170.767872
1170.767872
1170.767872
1170.767872
1170.743755
1170.743755
1170.743755
1170.743755
1170.743755
1170.743755
1170.743755
1170.743755
1170.743755
1170.743755
1170.743755
1170.743755
1170.743755
1170.743755
1170.743755
1170.743755
1170.743755
1170.743755
1170.743755
1170.743755
1170.743755
1170.743755
1170.743755
1170.743755
1170.743755
1170.743755
1170.743755
1170.743755
1170.743755
1170.743755
1170.743755
1170.743755
1170.743755
1170.743755
1170.743755
1170.743755
1170.743755
1170.743755
1170.743755
1170.697849
1170.697849
1170.697849
1170.697849
1170.697849
1170.697849
1170.697849
1170.697849
1170.697849
1170.697849
1170.697849
1170.697849
1170.697849
1170.697849
1170.697849
1170.697849
1170.697849
1170.697849
1170.697849
1170.697849
1170.697849
1170.697849
1170.697849
1170.697849
1170.697849
1170.697849
1170.697849
1170.697849
1170.697849
1170.697849
1170.697849
1170.697849
1170.697849
1170.697849
1170.697849
1170.697849
1170.697849
1170.697849
1170.697849
1170.697849
1170.697849
1170.697849
1170.697849
1170.697849
1170.697849
1170.697849
1170.697849
1170.697849
1170.697849
1170.697849
1170.697849
1170.697849
1170.697849
1170.697849
1170.697849
1170.697849
1170.697849
1170.697849
1170.697849
1170.697849
1170.697849
1170.697849
1170.697849
1170.697849
1170.697849
1170.697849
1170.697849
1170.697849
1170.697849
1170.697849
1170.697849
1170.697849
1170.697849
1170.697849
1170.697849
1170.697849
1170.697849
1170.697849
1170.697849
1170.697849
1170.697849
1170.697849
1170.697849
1170.697849
1170.697849
1170.697849
1170.697849
1170.697849
1170.697849
1170.697849
1170.697849
1170.697849
1170.697849
1170.697849
1170.697849
1170.697849
1170.697849
1170.697849
1170.697849
1170.697849
1170.697849
1170.697849
1170.697849
1170.697849
1170.697849
1170.697849
1170.697849
1170.684005
1170.684005
1170.684005
1170.684005
1170.684005
1170.684005
1170.684005
1170.684005
1170.684005
1170.684005
1170.684005
1170.684005
1170.684005
1170.684005
1170.684005
1170.684005
1170.684005
1170.684005
1170.684005
1170.684005
1170.684005
1170.684005
1170.684005
1170.684005
1170.684005
1170.684005
1170.684005
1170.684005
1170.684005
1170.684005
1170.684005
1170.684005
1170.684005
1170.684005
1170.684005
1170.684005
1170.684005
1170.684005
1170.684005
1170.684005
1170.684005
1170.684005
1170.684005
1170.684005
1170.684005
1170.684005
1170.684005
1170.684005
1170.684005
1170.684005
1170.684005
1170.684005
1170.684005
1170.684005
1170.684005
1170.684005
1170.684005
1170.684005
1170.684005
1170.684005
1170.684005
1170.684005
1170.684005
1170.669026
1170.669026
1170.669026
1170.669026
1170.669026
1170.669026
1170.669026
1170.669026
1170.669026
1170.669026
1170.669026
1170.669026
1170.669026
1170.669026
1170.669026
1170.669026
1170.669026
1170.669026
1170.669026
1170.669026
1170.669026
1170.669026
1170.669026
1170.669026
1170.669026
1170.669026
1170.669026
1170.669026
1170.669026
1170.669026
1170.669026
1170.669026
1170.669026
1170.669026
1170.669026
1170.669026
1170.669026
1170.669026
1170.669026
1170.669026
1170.669026
1170.669026
1170.669026
1170.669026
1170.669026
1170.669026
1170.669026
1170.669026
1170.669026
1170.663787
1170.663787
1170.663787
1170.663787
1170.663787
1170.663787
1170.663787
1170.663787
1170.663787
1170.663787
1170.663787
1170.663787
1170.663787
1170.663787
1170.663787
1170.663787
1170.663787
1170.663787
1170.663787
1170.663787
1170.663787
1170.663787
1170.663787
1170.663787
1170.663787
1170.663787
1170.663787
1170.663787
1170.663787
1170.663787
1170.663787
1170.663787
1170.663787
1170.663787
1170.663787
1170.663787
1170.663787
1170.663787
1170.663787
1170.663787
1170.663787
1170.663787
1170.663787
1170.663787
1170.663787
1170.663787
1170.663787
1170.663787
1170.663787
1170.663787
1170.663787
1170.663787
1170.663787
1170.663787
1170.663787
1170.663787
1170.663787
1170.663787
1170.663787
1170.663787
1170.663787
1170.663787
1170.663787
1170.663787
1170.663787
1170.663787
1170.663787
1170.663787
1170.663787
1170.663787
1170.663787
1170.663787
1170.656502
1170.656502
1170.656502
1170.656502
1170.656502
1170.656502
1170.656502
1170.656502
1170.656502
1170.656502
1170.656502
1170.656502
1170.651247
1170.651247
1170.651247
1170.651247
1170.651247
1170.651247
1170.651247
1170.651247
1170.651247
1170.651247
1170.651247
1170.651247
1170.651247
1170.651247
1170.651247
1170.651247
1170.651247
1170.651247
1170.651247
1170.651247
1170.651247
1170.651247
1170.651247
1170.651247
1170.651247
1170.651247
1170.651247
1170.651247
1170.651247
1170.651247
1170.651247
1170.651247
1170.651247
1170.651247
1170.651247
1170.651247
1170.651247
1170.651247
1170.647974
1170.647974
1170.647974
1170.647974
1170.647974
1170.647974
1170.647974
1170.647974
1170.647974
1170.647974
1170.647974
1170.647974
1170.647974
1170.647974
1170.647974
1170.647974
1170.635409
1170.635409
1170.635409
1170.635409
1170.635409
1170.635409
1170.635409
1170.635409
1170.635409
1170.635409
1170.635409
1170.635409
1170.635409
1170.635409
1170.635409
1170.635409
1170.635409
1170.635409
1170.635409
1170.635409
1170.635409
1170.635409
1170.635409
1170.635409
1170.635409
1170.635409
1170.635409
1170.635409
1170.635409
1170.635409
1170.635409
1170.635409
1170.635409
1170.635409
1170.635409
1170.635409
1170.635409
1170.635409
1170.635409
1170.635409
1170.629152
1170.629152
1170.629152
1170.629152
1170.629152
1170.629152
1170.629152
1170.629152
1170.629152
1170.629152
1170.629152
1170.629152
1170.629152
1170.629152
1170.629152
1170.629152
1170.629152
1170.629152
1170.629152
1170.629152
1170.629152
1170.629152
1170.629152
1170.629152
1170.629152
1170.629152
1170.629152
1170.629152
1170.629152
1170.629152
1170.629152
1170.629152
1170.629152
1170.629152
1170.629152
1170.629152
1170.629152
1170.629152
1170.629152
1170.629152
1170.629152
1170.629152
1170.629152
1170.629152
1170.629152
1170.629152
1170.629152
1170.629152
1170.629152
1170.629152
1170.629152
1170.629152
1170.629152
1170.629152
1170.629152
1170.629152
1170.629152
1170.629152
1170.629152
1170.629152
1170.629152
1170.629152
1170.629152
1170.629152
1170.629152
1170.629152
1170.629152
1170.629152
1170.629152
1170.629152
1170.629152
1170.629152
1170.629152
1170.629152
1170.629152
1170.629152
1170.629152
1170.629152
1170.629152
1170.629152
1170.629152
1170.629152
1170.629152
1170.629152
1170.629152
1170.629152
1170.629152
1170.629152
1170.629152
1170.629152
1170.629152
1170.629152
1170.629152
1170.629152
1170.629152
1170.629152
1170.629152
1170.629152
1170.629152
1170.629152
1170.623699
1170.623699
1170.623699
1170.623699
1170.623699
1170.623699
1170.610675
1170.610675
1170.610675
1170.610675
1170.610675
1170.610675
1170.610675
1170.610675
1170.610675
1170.610675
1170.610675
1170.610675
1170.610675
1170.610675
1170.610675
1170.610675
1170.610675
1170.610675
1170.610675
1170.610675
1170.610675
1170.610675
1170.610675
1170.610675
1170.610675
1170.610675
1170.610675
1170.610675
1170.610675
1170.610675
1170.610675
1170.610675
1170.610675
1170.610675
1170.610675
1170.610675
1170.610675
1170.610675
1170.610675
1170.610675
1170.610675
1170.610675
1170.610675
1170.610675
1170.610675
1170.610675
1170.610675
1170.610675
1170.610675
1170.610675
1170.610675
1170.610675
1170.610675
1170.610675
1170.610675
1170.610675
1170.610675
1170.610675
1170.610675
1170.610675
1170.610675
1170.610675
1170.610675
1170.610675
1170.610675
1170.610675
1170.610675
1170.610675
1170.610675
1170.610675
1170.610675
1170.610675
1170.610675
1170.610675
1170.610675
1170.610675
1170.610675
1170.610675
1170.610675
1170.589329
1170.589329
1170.589329
1170.589329
1170.589329
1170.589329
1170.589329
1170.585706
1170.585706
1170.585706
1170.585706
1170.585706
1170.585706
1170.585706
1170.585706
1170.585706
1170.585706
1170.585706
1170.572934
1170.572934
1170.572934
1170.572934
1170.572934
1170.572934
1170.572934
1170.572934
1170.572934
1170.572934
1170.572934
1170.572934
1170.572934
1170.572934
1170.572934
1170.572934
1170.572934
1170.572934
1170.572934
1170.572934
1170.572934
1170.572934
1170.572934
1170.572934
1170.572934
1170.572934
1170.572934
1170.572934
1170.572934
1170.572934
1170.572934
1170.572934
1170.572934
1170.557606
1170.557606
1170.557606
1170.557606
1170.557606
1170.557606
1170.557606
1170.557606
1170.557606
1170.557606
1170.557606
1170.557606
1170.557606
1170.557606
1170.557606
1170.557606
1170.557606
1170.557606
1170.557606
1170.557606
1170.557606
1170.557606
1170.557606
1170.557606
1170.557606
1170.557606
1170.557606
1170.557606
1170.557606
1170.557606
1170.557606
1170.557606
1170.557606
1170.557606
1170.557606
1170.557606
1170.557606
1170.557606
1170.557606
1170.557606
1170.557606
1170.557606
1170.557606
1170.557606
1170.557606
1170.557606
1170.557606
1170.557606
1170.557606
1170.557606
1170.557606
1170.557606
1170.557606
1170.557606
1170.557606
1170.557606
1170.557606
1170.557606
1170.557606
1170.557606
1170.557606
1170.557606
1170.557606
1170.557606
1170.557606
1170.557606
1170.557606
1170.557606
1170.557606
1170.557606
1170.557606
1170.557606
1170.557606
1170.557606
1170.557606
1170.557606
1170.557606
1170.557606
1170.557606
1170.557606
1170.557606
1170.557606
1170.557606
1170.557606
1170.557606
1170.557606
1170.557606
1170.557606
1170.557606
1170.557606
1170.557606
1170.557606
1170.557606
1170.557606
1170.557606
1170.557606
1170.557606
1170.557606
1170.557606
1170.557606
1170.557606
1170.557606
1170.557606
1170.557606
1170.557606
1170.557606
1170.557606
1170.557606
1170.555026
1170.555026
1170.555026
1170.555026
1170.555026
1170.555026
1170.555026
1170.555026
1170.555026
1170.555026
1170.555026
1170.555026
1170.555026
1170.555026
1170.555026
1170.555026
1170.555026
1170.555026
1170.555026
1170.555026
1170.555026
1170.555026
1170.555026
1170.555026
1170.555026
1170.555026
1170.555026
1170.555026
1170.555026
1170.555026
1170.555026
1170.555026
1170.555026
1170.555026
1170.555026
1170.555026
1170.555026
1170.555026
1170.555026
1170.555026
1170.555026
1170.555026
1170.555026
1170.555026
1170.555026
1170.555026
1170.555026
1170.555026
1170.555026
1170.555026
1170.555026
1170.555026
1170.555026
1170.555026
1170.555026
1170.555026
1170.555026
1170.555026
1170.555026
1170.555026
1170.555026
1170.555026
1170.555026
1170.555026
1170.555026
1170.555026
1170.555026
1170.555026
1170.555026
1170.555026
1170.555026
1170.555026
1170.555026
1170.555026
1170.555026
1170.555026
1170.555026
1170.555026
1170.555026
1170.555026
1170.555026
1170.555026
1170.555026
1170.555026
1170.555026
1170.555026
1170.555026
1170.555026
1170.555026
1170.555026
1170.555026
1170.551768
1170.539640
1170.539640
1170.539640
1170.539640
1170.539640
1170.539640
1170.539640
1170.539640
1170.539640
1170.539640
1170.539640
1170.539640
1170.539640
1170.539640
1170.539640
1170.539640
1170.539640
1170.539640
1170.539640
1170.539640
1170.539640
1170.539640
1170.539640
1170.539640
1170.539640
1170.539640
1170.539640
1170.539640
1170.539640
1170.539640
1170.539640
1170.539640
1170.539640
1170.539640
1170.539640
1170.539640
1170.539640
1170.539640
1170.539640
1170.539640
1170.539640
1170.539640
1170.539640
1170.539640
1170.539640
1170.539640
1170.539640
1170.539640
1170.539640
1170.539640
1170.539640
1170.539640
1170.539640
1170.539640
1170.539640
1170.539640
1170.539640
1170.539640
1170.539640
1170.539640
1170.539640
1170.539640
1170.539640
1170.539640
1170.539640
1170.539640
1170.539640
1170.539640
1170.539640
1170.539640
1170.510268
1170.510268
1170.510268
1170.510268
1170.510268
1170.510268
1170.510268
1170.510268
1170.510268
1170.510268
1170.510268
1170.510268
1170.510268
1170.510268
1170.510268
1170.510268
1170.510268
1170.510268
1170.510268
1170.510268
1170.510268
1170.510268
1170.510268
1170.510268
1170.510268
1170.510268
1170.510268
1170.510268
1170.510268
1170.510268
1170.510268
1170.510268
1170.510268
1170.510268
1170.510268
1170.510268
1170.510268
1170.510268
1170.510268
1170.510268
1170.510268
1170.510268
1170.510268
1170.510268
1170.510268
1170.510268
1170.510268
1170.510268
1170.510268
1170.510268
1170.510268
1170.510268
1170.510268
1170.510268
1170.510268
1170.510268
1170.510268
1170.510268
1170.510268
1170.510268
1170.510268
1170.510268
1170.510268
1170.510268
1170.510268
1170.510268
1170.510268
1170.510268
1170.510268
1170.510268
1170.510268
1170.510268
1170.510268
1170.510268
1170.510268
1170.510268
1170.510268
1170.510268
1170.510268
1170.510268
1170.510268
1170.510268
1170.510268
1170.510268
1170.510268
1170.510268
1170.510268
1170.510268
1170.510268
1170.510268
1170.510268
1170.510268
1170.510268
1170.510268
1170.510268
1170.510268
1170.510268
1170.510268
1170.510268
1170.510268
1170.510268
1170.510268
1170.510268
1170.510268
1170.510268
1170.510268
1170.510268
1170.510268
1170.510268
1170.510268
1170.510268
1170.510268
1170.510268
1170.510268
1170.510268
1170.510268
1170.510268
1170.510268
1170.510268
1170.510268
1170.510268
1170.510268
1170.510268
1170.510268
1170.510268
1170.510268
1170.510268
1170.510268
1170.510268
1170.510268
1170.510268
1170.510268
1170.510268
1170.510268
1170.510268
1170.510268
1170.510268
1170.510268
1170.510268
1170.510268
1170.510268
1170.508923
1170.492849
1170.492849
1170.492849
1170.492849
1170.492849
1170.492849
1170.492849
1170.491155
1170.491155
1170.491155
1170.491155
1170.491155
1170.491155
1170.491155
1170.491155
1170.491155
1170.491155
1170.491155
1170.491155
1170.491155
1170.491155
1170.491155
1170.491155
1170.491155
1170.491155
1170.491155
1170.491155
1170.489357
1170.489357
1170.489357
1170.489357
1170.489357
1170.489357
1170.489357
1170.489357
1170.489357
1170.489357
1170.489357
1170.489357
1170.489357
1170.489357
1170.489357
1170.489357
1170.489357
1170.489357
1170.489357
1170.489357
1170.489357
1170.489357
1170.489357
1170.489357
1170.489357
1170.489357
1170.489357
1170.489357
1170.489357
1170.489357
1170.489357
1170.489357
1170.489357
1170.489357
1170.489357
1170.489357
1170.489357
1170.489357
1170.489357
1170.489357
1170.489357
1170.489357
1170.489357
1170.489357
1170.489357
1170.489357
1170.489357
1170.489357
1170.489357
1170.489357
1170.489357
1170.489357
1170.489357
1170.489357
1170.489357
1170.489357
1170.489357
1170.489357
1170.489357
1170.489357
1170.489357
1170.489357
1170.489357
1170.489357
1170.489357
1170.489357
1170.489357
1170.489357
1170.489357
1170.489357
1170.489357
1170.489357
1170.489357
1170.489357
1170.489357
1170.489357
1170.489357
1170.489357
1170.489357
1170.489357
1170.489357
1170.489357
1170.489357
1170.489357
1170.489357
1170.489357
1170.489357
1170.489357
1170.489357
1170.489357
1170.489357
1170.489357
1170.489357
1170.489357
1170.489357
1170.489357
1170.489357
1170.489357
1170.489357
1170.489357
1170.489357
1170.489357
1170.489357
1170.489357
1170.489357
1170.489357
1170.489357
1170.489357
1170.489357
1170.489357
1170.489357
1170.489357
1170.489357
1170.482740
1170.482740
1170.482740
1170.482740
1170.482740
1170.482740
1170.482740
1170.482740
1170.482740
1170.482740
1170.482740
1170.482740
1170.482740
1170.482740
1170.482740
1170.482740
1170.482740
1170.482740
1170.482740
1170.482740
1170.482740
1170.482740
1170.482740
1170.482740
1170.482740
1170.482740
1170.482740
1170.482740
1170.482740
1170.482740
1170.482740
1170.482740
1170.482740
1170.482740
1170.482740
1170.482740
1170.482740
1170.482740
1170.482740
1170.482740
1170.482740
1170.482740
1170.482740
1170.482740
1170.482740
1170.482740
1170.482740
1170.482740
1170.482740
1170.482740
1170.482740
1170.482740
1170.482740
1170.482740
1170.482740
1170.482740
1170.482740
1170.482740
1170.482740
1170.482740
1170.482740
1170.482740
1170.482740
1170.482740
1170.482740
1170.482740
1170.482740
1170.482740
1170.482740
1170.482740
1170.482740
1170.482740
1170.482740
1170.482740
1170.482740
1170.482740
1170.482740
1170.482740
1170.482740
1170.478629
1170.478629
1170.478629
1170.478629
1170.478629
1170.478629
1170.478629
1170.478629
1170.478629
1170.478629
1170.478629
1170.478629
1170.478629
1170.478629
1170.478629
1170.478629
1170.478629
1170.478629
1170.478629
1170.478629
1170.478629
1170.478629
1170.478629
1170.478629
1170.478629
1170.478629
1170.478629
1170.478629
1170.478629
1170.478629
1170.478629
1170.478629
1170.478629
1170.478629
1170.478629
1170.478629
1170.478629
1170.478629
1170.478629
1170.478629
1170.478629
1170.478629
1170.478629
1170.478629
1170.478629
1170.478629
1170.478629
1170.478629
1170.478629
1170.478629
1170.478629
1170.478629
1170.478629
1170.478629
1170.478629
1170.478629
1170.478629
1170.478629
1170.478629
1170.478629
1170.478629
1170.478629
1170.478629
1170.478629
1170.478629
1170.478629
1170.478629
1170.478629
1170.478629
1170.478629
1170.478629
1170.478629
1170.478629
1170.478629
1170.474921
1170.474921
1170.474921
1170.474921
1170.474921
1170.474921
1170.474921
1170.474921
1170.474921
1170.474921
1170.474921
1170.474921
1170.474921
1170.474921
1170.474921
1170.474921
1170.474921
1170.474921
1170.474921
1170.474921
1170.474921
1170.474921
1170.474921
1170.474921
1170.474921
1170.473563
1170.473563
1170.473563
1170.473563
1170.473563
1170.473563
1170.473563
1170.473563
1170.473563
1170.473563
1170.473563
1170.473563
1170.473563
1170.473563
1170.473563
1170.473563
1170.473563
1170.473563
1170.473563
1170.473563
1170.473563
1170.473563
1170.473563
1170.473563
1170.473563
1170.473563
1170.473563
1170.473563
1170.473563
1170.473563
1170.473563
1170.473563
1170.473563
1170.473563
1170.473563
1170.473563
1170.473563
1170.473563
1170.473563
1170.473563
1170.473563
1170.473563
1170.473563
1170.473563
1170.473563
1170.473563
1170.473563
1170.473563
1170.473563
1170.473563
1170.473563
1170.473563
1170.473563
1170.473563
1170.473563
1170.473563
1170.473563
1170.473563
1170.473563
1170.473563
1170.473563
1170.473563
1170.473563
1170.473563
1170.473563
1170.473563
1170.473563
1170.473563
1170.473563
1170.473563
1170.473563
1170.473563
1170.473563
1170.473563
1170.473563
1170.473563
1170.473563
1170.473563
1170.473563
1170.473563
1170.473563
1170.473563
1170.473563
1170.473563
1170.473563
1170.473563
1170.473563
1170.473563
1170.473563
1170.473563
1170.473563
1170.473563
1170.473563
1170.471699
1170.471699
1170.471699
1170.471699
1170.471699
1170.471699
1170.471699
1170.471699
1170.471699
1170.471699
1170.471699
1170.471699
1170.471699
1170.471699
1170.471699
1170.471699
1170.471699
1170.470202
1170.470202
1170.460824
1170.460824
1170.460824
1170.460824
1170.460824
1170.460824
1170.460824
1170.460824
1170.460824
1170.460824
1170.460824
1170.460824
1170.460824
1170.460824
1170.460824
1170.460824
1170.460824
1170.460824
1170.460824
1170.460824
1170.460824
1170.460824
1170.460824
1170.460824
1170.460824
1170.460824
1170.460824
1170.460824
1170.460824
1170.460824
1170.460824
1170.460824
1170.460824
1170.460824
1170.460824
1170.460824
1170.456462
1170.456462
1170.456462
1170.456462
1170.456462
1170.456462
1170.456462
1170.456462
1170.456462
1170.456462
1170.456462
1170.456462
1170.456462
1170.456462
1170.456462
1170.456462
1170.456462
1170.456462
1170.456462
1170.456462
1170.456462
1170.456462
1170.456462
1170.456462
1170.456462
1170.456462
1170.456462
1170.456462
1170.456462
1170.456462
1170.456462
1170.456462
1170.456462
1170.456462
1170.456462
1170.456462
1170.456462
1170.456462
1170.456462
1170.456462
1170.456462
1170.456462
1170.456462
1170.456462
1170.456462
1170.456462
1170.456462
1170.456462
1170.456462
1170.456462
1170.456462
1170.456462
1170.456462
1170.456462
1170.456462
1170.456462
1170.456462
1170.453332
1170.453332
1170.453332
1170.453332
1170.453332
1170.453332
1170.453332
1170.453332
1170.453332
1170.453332
1170.453332
1170.453332
1170.453332
1170.453332
1170.453332
1170.453332
1170.453332
1170.453332
1170.453332
1170.453332
1170.453332
1170.453332
1170.453332
1170.453332
1170.453332
1170.452271
1170.452271
1170.452271
1170.452271
1170.452271
1170.452271
1170.452271
1170.452271
1170.452271
1170.452271
1170.452271
1170.452271
1170.452271
1170.452271
1170.452271
1170.452271
1170.452271
1170.452271
1170.452271
1170.452271
1170.452271
1170.452271
1170.452271
1170.452271
1170.452271
1170.452271
1170.452271
1170.452271
1170.452271
1170.452271
1170.452271
1170.452271
1170.452271
1170.452271
1170.452271
1170.452271
1170.452271
1170.452271
1170.452271
1170.452271
1170.452271
1170.452271
1170.443720
1170.443720
1170.443720
1170.443720
1170.443720
1170.443720
1170.443720
1170.443720
1170.443720
1170.443720
1170.443720
1170.443720
1170.443720
1170.443720
1170.443720
1170.443720
1170.443720
1170.443720
1170.443720
1170.443720
1170.443720
1170.443720
1170.443720
1170.443720
1170.443720
1170.443720
1170.443720
1170.443720
1170.443720
1170.443720
1170.443720
1170.443720
1170.443720
1170.443720
1170.443720
1170.438054
1170.438054
1170.438054
1170.438054
1170.438054
1170.438054
1170.438054
1170.438054
1170.438054
1170.438054
1170.438054
1170.438054
1170.438054
1170.438054
1170.438054
1170.438054
1170.438054
1170.438054
1170.438054
1170.438054
1170.438054
1170.438054
1170.438054
1170.438054
1170.438054
1170.438054
1170.438054
1170.438054
1170.438054
1170.438054
1170.438054
1170.438054
1170.438054
1170.438054
1170.438054
1170.438054
1170.438054
1170.438054
1170.438054
1170.438054
1170.438054
1170.438054
1170.438054
1170.438054
1170.438054
1170.438054
1170.431883
1170.431883
1170.431883
1170.431883
1170.431883
1170.431883
1170.431883
1170.431883
1170.431883
1170.431883
1170.431883
1170.431883
1170.431883
1170.431883
1170.431883
1170.431883
1170.431883
1170.431883
1170.431883
1170.431883
1170.431883
1170.431883
1170.431883
1170.431883
1170.431883
1170.431883
1170.431883
1170.431883
1170.431883
1170.431883
1170.431883
1170.431883
1170.431883
1170.431883
1170.431883
1170.431883
1170.431883
1170.431883
1170.431883
1170.431883
1170.431883
1170.431883
1170.420172
1170.420172
1170.420172
1170.420172
1170.420172
1170.420172
1170.420172
1170.420172
1170.420172
1170.420172
1170.420172
1170.420172
1170.420172
1170.420172
1170.420172
1170.420172
1170.420172
1170.420172
1170.420172
1170.420172
1170.420172
1170.420172
1170.420172
1170.420172
1170.420172
1170.420172
1170.416181
1170.416181
1170.416181
1170.416181
1170.416181
1170.416181
1170.416181
1170.416181
1170.416181
1170.416181
1170.416181
1170.416181
1170.416181
1170.416181
1170.416181
1170.416181
1170.416181
1170.416181
1170.416181
1170.416181
1170.416181
1170.416181
1170.416181
1170.416181
1170.416181
1170.416181
1170.416181
1170.416181
1170.416181
1170.416181
1170.416181
1170.416181
1170.416181
1170.416181
1170.416181
1170.416181
1170.416181
1170.416181
1170.416181
1170.416181
1170.416181
1170.416181
1170.416181
1170.416181
1170.416181
1170.416181
1170.416181
1170.416181
1170.416181
1170.416181
1170.416181
1170.416181
1170.416181
1170.416181
1170.416181
1170.416181
1170.416181
1170.416181
1170.416181
1170.416181
1170.416181
1170.416181
1170.416181
1170.416181
1170.416181
1170.416181
1170.416181
1170.406451
1170.406451
1170.406451
1170.406451
1170.406451
1170.406451
1170.406451
1170.406451
1170.406451
1170.406451
1170.406451
1170.406451
1170.406451
1170.406451
1170.406451
1170.406451
1170.406451
1170.406451
1170.406451
1170.406451
1170.406451
1170.406451
1170.406451
1170.406451
1170.406451
1170.406451
1170.406451
1170.406451
1170.406451
1170.406451
1170.406451
1170.406451
1170.406451
1170.406451
1170.406451
1170.406451
1170.406451
1170.406451
1170.406451
1170.406451
1170.406451
1170.406451
1170.406451
1170.406451
1170.406451
1170.406451
1170.406451
1170.406451
1170.406451
1170.406451
1170.406451
1170.406451
1170.406451
1170.406451
1170.406451
1170.401017
1170.401017
1170.401017
1170.401017
1170.401017
1170.401017
1170.401017
1170.401017
1170.401017
1170.401017
1170.401017
1170.401017
1170.389232
1170.389232
1170.389232
1170.389232
1170.389232
1170.389232
1170.389232
1170.389232
1170.389232
1170.389232
1170.389232
1170.389232
1170.389232
1170.389232
1170.389232
1170.389232
1170.389232
1170.389232
1170.389232
1170.389232
1170.389232
1170.389232
1170.389232
1170.389232
1170.389232
1170.389232
1170.389232
1170.389232
1170.389232
1170.389232
1170.389232
1170.389232
1170.389232
1170.389232
1170.389232
1170.389232
1170.389232
1170.389232
1170.389232
1170.389232
1170.389232
1170.389232
1170.389232
1170.389232
1170.389232
1170.389232
1170.389232
1170.389232
1170.389232
1170.389232
1170.389232
1170.389232
1170.389232
1170.389232
1170.389232
1170.389232
1170.389232
1170.389232
1170.389232
1170.389232
1170.389232
1170.389232
1170.389232
1170.389232
1170.389232
1170.389232
1170.389232
1170.389232
1170.389232
1170.389232
1170.389232
1170.389232
1170.389232
1170.389232
1170.389232
1170.389232
1170.389232
1170.389232
1170.389232
1170.389232
1170.389232
1170.389232
1170.389232
1170.389232
1170.389232
1170.389232
1170.389232
1170.389232
1170.389232
1170.389232
1170.389232
1170.389232
1170.389232
1170.389232
1170.389232
1170.389232
1170.389232
1170.389232
1170.389232
1170.389232
1170.389232
1170.389232
1170.389232
1170.389232
1170.389232
1170.389232
1170.389232
1170.389232
1170.389232
1170.389232
1170.389232
1170.389232
1170.389232
1170.389232
1170.389232
1170.389232
1170.389232
1170.389232
1170.389232
1170.389232
1170.389232
1170.389232
1170.389232
1170.389232
1170.389232
1170.389232
1170.389232
1170.389232
1170.389232
1170.389232
1170.389232
1170.389232
1170.389232
1170.389232
1170.370899
1170.370899
1170.370899
1170.370899
1170.370899
1170.370899
1170.370899
1170.370899
1170.370899
1170.370899
1170.370899
1170.370899
1170.370899
1170.370899
1170.370899
1170.370899
1170.370899
1170.370899
1170.370899
1170.370899
1170.370899
1170.370899
1170.370899
1170.370899
1170.370899
1170.370899
1170.370899
1170.370899
1170.370899
1170.370899
1170.370899
1170.370899
1170.370899
1170.370899
1170.370899
1170.370899
1170.370899
1170.370899
1170.370899
1170.370899
1170.370899
1170.370899
1170.370899
1170.370899
1170.370899
1170.370899
1170.370899
1170.370899
1170.370899
1170.370899
1170.370899
1170.370899
1170.370899
1170.370899
1170.370899
1170.370899
1170.370899
1170.370899
1170.370899
1170.370899
1170.369014
1170.369014
1170.369014
1170.369014
1170.369014
1170.369014
1170.369014
1170.369014
1170.369014
1170.369014
1170.369014
1170.369014
1170.369014
1170.369014
1170.369014
1170.369014
1170.369014
1170.369014
1170.369014
1170.369014
1170.369014
1170.369014
1170.369014
1170.369014
1170.369014
1170.369014
1170.369014
1170.369014
1170.369014
1170.369014
1170.369014
1170.369014
1170.369014
1170.369014
1170.369014
1170.369014
1170.369014
1170.369014
1170.369014
1170.369014
1170.369014
1170.369014
1170.369014
1170.369014
1170.369014
1170.369014
1170.369014
1170.369014
1170.369014
1170.353400
1170.353400
1170.353400
1170.353400
1170.353400
1170.353400
1170.353400
1170.353400
1170.353400
1170.353400
1170.353400
1170.353400
1170.353400
1170.353400
1170.353400
1170.353400
1170.353400
1170.353400
1170.353400
1170.353400
1170.353400
1170.353400
1170.353400
1170.353400
1170.353400
1170.353400
1170.353400
1170.353400
1170.353400
1170.353400
1170.353400
1170.353400
1170.353400
1170.353400
1170.353400
1170.353400
1170.353400
1170.353400
1170.353400
1170.353400
1170.353400
1170.353400
1170.353400
1170.349903
1170.349903
1170.349903
1170.349903
1170.349903
1170.349903
1170.349903
1170.349903
1170.349903
1170.349903
1170.349903
1170.349903
1170.349903
1170.349903
1170.349903
1170.349903
1170.349903
1170.349903
1170.349903
1170.349903
1170.349903
1170.349903
1170.349903
1170.349903
1170.349903
1170.349903
1170.349903
1170.349903
1170.349903
1170.349903
1170.349903
1170.349903
1170.349903
1170.349903
1170.349903
1170.349903
1170.349903
1170.349903
1170.349903
1170.349903
1170.349903
1170.349903
1170.349903
1170.349903
1170.349903
1170.349903
1170.349903
1170.349903
1170.349903
1170.349903
1170.349903
1170.349903
1170.349903
1170.349903
1170.349903
1170.349903
1170.349903
1170.349903
1170.349903
1170.349903
1170.349903
1170.349903
1170.349903
1170.349903
1170.349903
1170.349903
1170.349903
1170.349903
1170.349903
1170.349903
1170.349903
1170.349903
1170.349903
1170.348278
1170.342287
1170.342287
1170.342287
1170.342287
1170.342287
1170.342287
1170.342287
1170.342287
1170.342287
1170.342287
1170.342287
1170.342287
1170.342287
1170.341570
1170.341570
1170.341570
1170.341570
1170.341570
1170.341570
1170.341570
1170.341570
1170.341570
1170.341570
1170.341570
1170.341570
1170.341570
1170.341570
1170.341570
1170.341570
1170.341570
1170.332718
1170.332718
1170.332718
1170.332718
1170.332718
1170.332718
1170.332718
1170.332718
1170.332718
1170.332718
1170.332718
1170.332718
1170.320530
1170.320530
1170.320530
1170.320530
1170.320530
1170.320530
1170.320530
1170.320530
1170.320530
1170.320530
1170.320530
1170.320530
1170.320530
1170.320530
1170.320530
1170.320530
1170.320530
1170.320530
1170.320530
1170.320530
1170.320530
1170.320530
1170.320530
1170.320530
1170.320530
1170.320530
1170.320530
1170.320530
1170.320530
1170.320530
1170.320530
1170.320530
1170.320530
1170.320530
1170.320530
1170.320530
1170.320530
1170.320530
1170.320530
1170.320530
1170.320530
1170.320530
1170.319455
1170.319455
1170.319455
1170.319455
1170.319455
1170.319455
1170.319455
1170.319455
1170.319455
1170.319455
1170.319455
1170.319455
1170.319455
1170.319455
1170.319455
1170.319455
1170.319455
1170.319455
1170.319455
1170.319455
1170.319455
1170.319455
1170.319455
1170.319455
1170.319455
1170.319455
1170.319455
1170.319455
1170.319455
1170.319455
1170.319455
1170.319455
1170.319455
1170.319455
1170.319455
1170.319455
1170.319455
1170.319455
1170.319455
1170.319455
1170.319455
1170.319455
1170.319455
1170.319455
1170.319455
1170.319455
1170.319455
1170.319455
1170.292422
1170.292422
1170.292422
1170.292422
1170.292422
1170.292422
1170.292422
1170.292422
1170.292422
1170.292422
1170.292422
1170.292422
1170.292422
1170.292422
1170.292422
1170.292422
1170.292422
1170.292422
1170.292422
1170.292422
1170.292422
1170.292422
1170.292422
1170.292422
1170.292422
1170.292422
1170.292422
1170.292422
1170.292422
1170.292422
1170.292422
1170.292422
1170.292422
1170.292422
1170.292422
1170.292422
1170.292422
1170.292422
1170.292422
1170.292422
1170.292422
1170.292422
1170.292422
1170.292422
1170.292422
1170.292422
1170.292422
1170.292422
1170.292422
1170.292422
1170.292422
1170.292422
1170.292422
1170.292422
1170.292422
1170.292422
1170.292422
1170.274483
1170.274483
1170.274483
1170.274483
1170.274483
1170.274483
1170.274483
1170.274483
1170.274483
1170.274483
1170.274483
1170.274483
1170.274483
1170.274483
1170.274483
1170.274483
1170.274483
1170.274483
1170.274483
1170.274483
1170.274483
1170.274483
1170.274483
1170.274483
1170.274483
1170.274483
1170.274483
1170.274483
1170.274483
1170.274483
1170.274483
1170.274483
1170.274483
1170.274483
1170.274483
1170.274483
1170.274483
1170.274483
1170.274483
1170.274483
1170.274483
1170.274483
1170.236883
1170.236883
1170.236883
1170.236883
1170.236883
1170.236883
1170.236883
1170.236883
1170.227412
1170.227412
1170.227412
1170.227412
1170.227412
1170.227412
1170.227412
1170.227412
1170.227412
1170.227412
1170.227412
1170.227412
1170.227412
1170.227412
1170.227412
1170.227412
1170.227412
1170.227412
1170.227412
1170.227412
1170.227412
1170.227412
1170.227412
1170.227412
1170.227412
1170.227412
1170.227412
1170.227412
1170.227412
1170.227412
1170.227412
1170.227412
1170.227412
1170.227412
1170.227412
1170.227412
1170.227412
1170.227412
1170.224576
1170.224576
1170.224576
1170.224576
1170.224576
1170.224576
1170.224576
1170.224576
1170.224576
1170.224576
1170.224576
1170.224576
1170.224576
1170.224576
1170.224576
1170.224576
1170.224576
1170.224576
1170.224576
1170.224576
1170.224576
1170.224576
1170.224576
1170.224576
1170.224576
1170.224576
1170.224576
1170.224576
1170.203668
1170.203668
1170.203668
1170.203668
1170.203668
1170.203668
1170.203668
1170.203668
1170.203668
1170.203668
1170.203668
1170.203668
1170.203668
1170.203668
1170.203668
1170.203668
1170.203668
1170.203668
1170.203668
1170.203668
1170.203668
1170.203668
1170.203668
1170.203668
1170.203668
1170.203668
1170.203668
1170.203668
1170.203668
1170.203668
1170.203668
1170.203668
1170.203668
1170.203668
1170.203668
1170.203668
1170.203668
1170.203668
1170.203668
1170.203668
1170.203668
1170.203668
1170.203668
1170.162737
1170.162737
1170.162737
1170.162737
1170.162737
1170.162737
1170.162737
1170.162737
1170.162737
1170.162737
1170.162737
1170.162737
1170.162737
1170.162737
1170.162737
1170.162737
1170.162737
1170.162737
1170.162737
1170.162737
1170.162737
1170.162737
1170.162737
1170.162737
1170.162737
1170.162737
1170.162737
1170.162737
1170.162737
1170.162737
1170.162737
1170.162737
1170.162737
1170.162737
1170.162737
1170.162737
1170.162737
1170.162737
1170.162737
1170.162737
1170.162737
1170.162737
1170.162737
1170.162737
1170.162737
1170.162737
1170.162737
1170.162737
1170.162737
1170.162737
1170.162737
1170.162737
1170.162737
1170.162737
1170.162737
1170.162737
1170.162737
1170.162737
1170.162737
1170.162737
1170.162737
1170.162737
1170.162737
1170.162737
1170.162737
1170.162737
1170.162737
1170.162737
1170.162737
1170.162737
1170.162737
1170.162737
1170.162737
1170.162737
1170.162737
1170.162737
1170.162737
1170.162737
1170.162737
1170.162737
1170.162737
1170.162737
1170.162737
1170.162737
1170.162737
1170.162737
1170.154067
1170.154067
1170.154067
1170.154067
1170.154067
1170.154067
1170.154067
1170.154067
1170.154067
1170.154067
1170.154067
1170.154067
1170.154067
1170.154067
1170.154067
1170.154067
1170.154067
1170.154067
1170.154067
1170.154067
1170.154067
1170.154067
1170.130795
1170.130795
1170.123115
1170.123115
1170.123115
1170.123115
1170.123115
1170.123115
1170.123115
1170.123115
1170.123115
1170.123115
1170.123115
1170.123115
1170.123115
1170.123115
1170.123115
1170.123115
1170.123115
1170.123115
1170.123115
1170.123115
1170.123115
1170.123115
1170.123115
1170.123115
1170.123115
1170.068057
1170.068057
1170.068057
1170.068057
1170.068057
1170.068057
1170.068057
1170.068057
1170.068057
1170.068057
1170.068057
1170.068057
1170.068057
1170.068057
1170.068057
1170.068057
1170.068057
1170.068057
1170.068057
1170.068057
1170.068057
1170.068057
1170.068057
1170.068057
1170.068057
1170.068057
1170.068057
1170.068057
1170.068057
1170.068057
1170.068057
1170.068057
1170.068057
1170.068057
1170.068057
1170.068057
1170.068057
1170.068057
1170.068057
1170.068057
1170.068057
1170.068057
1170.068057
1170.068057
1170.060043
1170.060043
1170.060043
1170.060043
1170.060043
1170.060043
1170.060043
1170.060043
1170.060043
1170.060043
1170.060043
1170.060043
1170.060043
1170.060043
1170.060043
1170.060043
1170.060043
1170.060043
1170.060043
1170.060043
1170.060043
1170.060043
1170.060043
1170.060043
1170.060043
1170.060043
1170.060043
1170.060043
1170.060043
1170.060043
1170.060043
1170.060043
1170.060043
1170.060043
1170.060043
1170.060043
1170.060043
1170.060043
1170.060043
1170.060043
1170.060043
1170.060043
1170.060043
1170.060043
1170.027871
1170.027871
1170.027871
1170.027871
1170.027871
1170.027871
1170.027871
1170.027871
1170.027871
1170.027871
1170.027871
1170.027871
1170.027871
1170.027871
1170.027871
1170.027871
1170.027871
1170.027871
1170.027871
1170.027871
1170.027871
1170.027871
1170.027871
1170.027871
1170.027871
1170.027871
1170.027871
1170.027871
1170.027871
1170.027871
1170.027871
1170.027871
1170.027871
1170.027871
1170.027871
1170.027871
1170.027871
1170.027871
1170.027871
1170.027871
1170.027871
1170.027871
1170.027871
1170.027871
1170.027871
1170.027871
1170.027871
1170.027871
1170.027871
1170.027871
1170.027871
1170.027871
1170.027871
1170.027871
1170.027871
1170.027871
1170.027871
1170.027871
1170.027871
1170.027871
1170.027871
1170.027871
1170.027871
1170.027871
1170.027871
1170.027871
1170.027871
1170.027871
1170.027871
1170.027871
1170.027871
1170.027871
1170.027871
1170.027871
1170.027871
1170.027871
1170.027871
1170.027871
1170.027871
1170.027871
1170.027871
1170.027871
1170.027871
1170.027871
1170.027871
1170.027871
1170.027871
1170.027871
1170.027871
1170.027871
1170.027871
1170.004274
1170.004274
1170.004274
1170.004274
1170.004274
1170.004274
1170.004274
1170.004274
1170.004274
1170.004274
1170.004274
1170.004274
1170.004274
1170.004274
1170.004274
1170.004274
1170.004274
1170.004274
1170.004274
1170.004274
1170.004274
1170.004274
1170.004274
1170.004274
1170.004274
1170.004274
1169.990838
1169.990838
1169.990838
1169.990838
1169.990838
1169.990838
1169.990838
1169.990838
1169.990838
1169.990838
1169.990838
1169.980600
1169.980600
1169.961856
1169.961856
1169.961856
1169.961856
1169.961856
1169.961856
1169.961856
1169.961856
1169.961856
1169.961856
1169.961856
1169.961856
1169.961856
1169.961856
1169.961856
1169.961856
1169.961856
1169.961856
1169.961856
1169.961856
1169.961856
1169.961856
1169.961856
1169.961856
1169.961856
1169.961856
1169.961856
1169.961856
1169.961856
1169.961856
1169.961856
1169.961856
1169.961856
1169.961856
1169.961856
1169.961856
1169.961856
1169.961856
1169.961856
1169.961856
1169.961856
1169.961856
1169.961856
1169.961856
1169.961856
1169.961856
1169.961856
1169.961856
1169.961856
1169.961856
1169.961856
1169.961856
1169.961856
1169.961856
1169.961856
1169.961856
1169.961856
1169.961856
1169.961856
1169.961856
1169.961856
1169.961856
1169.961856
1169.961856
1169.951192
1169.951192
1169.951192
1169.928019
1169.928019
1169.928019
1169.928019
1169.928019
1169.928019
1169.928019
1169.928019
1169.928019
1169.928019
1169.928019
1169.928019
1169.928019
1169.928019
1169.928019
1169.928019
1169.928019
1169.928019
1169.928019
1169.928019
1169.928019
1169.928019
1169.928019
1169.928019
1169.928019
1169.928019
1169.928019
1169.928019
1169.918841
1169.918841
1169.918841
1169.918841
1169.918841
1169.918841
1169.918841
1169.916434
1169.916434
1169.916434
1169.916434
1169.916434
1169.916434
1169.916434
1169.916434
1169.916434
1169.916434
1169.916434
1169.916434
1169.916434
1169.916434
1169.916434
1169.916434
1169.916434
1169.916434
1169.893107
1169.893107
1169.893107
1169.893107
1169.893107
1169.893107
1169.893107
1169.893107
1169.893107
1169.893107
1169.893107
1169.893107
1169.893107
1169.893107
1169.893107
1169.893107
1169.893107
1169.893107
1169.893107
1169.872528
1169.872528
1169.872528
1169.872528
1169.872528
1169.872528
1169.872528
1169.846602
1169.846602
1169.846602
1169.846602
1169.846602
1169.846602
1169.846602
1169.846602
1169.846602
1169.846602
1169.846602
1169.846602
1169.846602
1169.846602
1169.846602
1169.846602
1169.846602
1169.846602
1169.846602
1169.846602
1169.846602
1169.846602
1169.846602
1169.846602
1169.846602
1169.846602
1169.846602
1169.846602
1169.846602
1169.846602
1169.846602
1169.846602
1169.846602
1169.846602
1169.846602
1169.846602
1169.846602
1169.846602
1169.846602
1169.846602
1169.846602
1169.846602
1169.846602
1169.846602
1169.846602
1169.846602
1169.846602
1169.846602
1169.846602
1169.846602
1169.846602
1169.846602
1169.846602
1169.846602
1169.846602
1169.846602
1169.846602
1169.846602
1169.846602
1169.846602
1169.803750
1169.803750
1169.803750
1169.803750
1169.803750
1169.803750
1169.803750
1169.803750
1169.803750
1169.803750
1169.803750
1169.803750
1169.803750
1169.803750
1169.803750
1169.803750
1169.776967
1169.776967
1169.776967
1169.776967
1169.776967
1169.776967
1169.776967
1169.776967
1169.776967
1169.776967
1169.776967
1169.776967
1169.776967
1169.776967
1169.776967
1169.776967
1169.776967
1169.776967
1169.776967
1169.776967
1169.776967
1169.776967
1169.776967
1169.776967
1169.776967
1169.776967
1169.776967
1169.776967
1169.776967
1169.776967
1169.776967
1169.776967
1169.776967
1169.776967
1169.776967
1169.776967
1169.776967
1169.776967
1169.776967
1169.776967
1169.776967
1169.776967
1169.776967
1169.776967
1169.776967
1169.776967
1169.776967
1169.776967
1169.776967
1169.776967
1169.776967
1169.776967
1169.776967
1169.776967
1169.776967
1169.776967
1169.776967
1169.763541
1169.763541
1169.763541
1169.763541
1169.763541
1169.763541
1169.763541
1169.763541
1169.763541
1169.763541
1169.763541
1169.763541
1169.763541
1169.763541
1169.763541
1169.763541
1169.763541
1169.763541
1169.763541
1169.763541
1169.763541
1169.763541
1169.763541
1169.763541
1169.763541
1169.763541
1169.763541
1169.763541
1169.763541
1169.763541
1169.763541
1169.763541
1169.763541
1169.763541
1169.763541
1169.763541
1169.763541
1169.763541
1169.763541
1169.763541
1169.763541
1169.763541
1169.763541
1169.763541
1169.746898
1169.746898
1169.746898
1169.746898
1169.721180
1169.721180
1169.721180
1169.721180
1169.721180
1169.721180
1169.721180
1169.721180
1169.721180
1169.721180
1169.721180
1169.721180
1169.721180
1169.721180
1169.721180
1169.721180
1169.721180
1169.721180
1169.721180
1169.721180
1169.721180
1169.721180
1169.721180
1169.721180
1169.721180
1169.721180
1169.721180
1169.721180
1169.721180
1169.721180
1169.721180
1169.721180
1169.721180
1169.721180
1169.721180
1169.721180
1169.721180
1169.721180
1169.721180
1169.721180
1169.721180
1169.721180
1169.721180
1169.721180
1169.721180
1169.721180
1169.721180
1169.721180
1169.721180
1169.721180
1169.721180
1169.721180
1169.721180
1169.721180
1169.721180
1169.721180
1169.721180
1169.721180
1169.721180
1169.721180
1169.721180
1169.721180
1169.721180
1169.721180
1169.721180
1169.721180
1169.721180
1169.721180
1169.721180
1169.721180
1169.721180
1169.721180
1169.719439
1169.719439
1169.719439
1169.719439
1169.719439
1169.719439
1169.719439
1169.719439
1169.719439
1169.719439
1169.719439
1169.719439
1169.719439
1169.719439
1169.719439
1169.719439
1169.719439
1169.719439
1169.719439
1169.719439
1169.719439
1169.719439
1169.719439
1169.719439
1169.719439
1169.712341
1169.712341
1169.712341
1169.712341
1169.712341
1169.712341
1169.712341
1169.712341
1169.712341
1169.712341
1169.712341
1169.712341
1169.712341
1169.712341
1169.712341
1169.712341
1169.712341
1169.712341
1169.712341
1169.712341
1169.712341
1169.712341
1169.712341
1169.712341
1169.712341
1169.712341
1169.712341
1169.712341
1169.712341
1169.712341
1169.712341
1169.712341
1169.712341
1169.712341
1169.712341
1169.712341
1169.712341
1169.712341
1169.712341
1169.712341
1169.712341
1169.712341
1169.712341
1169.712341
1169.683491
1169.683491
1169.683491
1169.683491
1169.683491
1169.683491
1169.683491
1169.683491
1169.683491
1169.683491
1169.683491
1169.683491
1169.683491
1169.683491
1169.683491
1169.683491
1169.683491
1169.683491
1169.683491
1169.683491
1169.683491
1169.683491
1169.683491
1169.683491
1169.683491
1169.683491
1169.683491
1169.683491
1169.683491
1169.683491
1169.683491
1169.683491
1169.683491
1169.683491
1169.683491
1169.683491
1169.683491
1169.683491
1169.683491
1169.683491
1169.683491
1169.683491
1169.683491
1169.683491
1169.683491
1169.683491
1169.683491
1169.683491
1169.683491
1169.683491
1169.683491
1169.683491
1169.683491
1169.683491
1169.683491
1169.683491
1169.683491
1169.683491
1169.683491
1169.683491
1169.683491
1169.683491
1169.683491
1169.683491
1169.683491
1169.683491
1169.683491
1169.683491
1169.683491
1169.683491
1169.683491
1169.683491
1169.683491
1169.683491
1169.683491
1169.683491
1169.683491
1169.683491
1169.683491
1169.683491
1169.683491
1169.683491
1169.683491
1169.683491
1169.683491
1169.683491
1169.683491
1169.683491
1169.683491
1169.683491
1169.683491
1169.683491
1169.683491
1169.683491
1169.683491
1169.683491
1169.683491
1169.671317
1169.671317
1169.671317
1169.671317
1169.671317
1169.671317
1169.671317
1169.671317
1169.671317
1169.671317
1169.671317
1169.671317
1169.615115
1169.615115
1169.615115
1169.615115
1169.615115
1169.615115
1169.615115
1169.615115
1169.615115
1169.615115
1169.615115
1169.615115
1169.615115
1169.615115
1169.615115
1169.615115
1169.615115
1169.615115
1169.615115
1169.615115
1169.615115
1169.615115
1169.615115
1169.615115
1169.615115
1169.615115
1169.615115
1169.615115
1169.615115
1169.615115
1169.615115
1169.615115
1169.615115
1169.615115
1169.615115
1169.615115
1169.615115
1169.615115
1169.615115
1169.615115
1169.615115
1169.615115
1169.615115
1169.615115
1169.615115
1169.615115
1169.615115
1169.615115
1169.615115
1169.615115
1169.615115
1169.615115
1169.615115
1169.615115
1169.615115
1169.615115
1169.615115
1169.615115
1169.615115
1169.615115
1169.615115
1169.615115
1169.615115
1169.615115
1169.615115
1169.615115
1169.615115
1169.615115
1169.615115
1169.615115
1169.615115
1169.615115
1169.615115
1169.615115
1169.615115
1169.615115
1169.615115
1169.615115
1169.615115
1169.615115
1169.615115
1169.615115
1169.615115
1169.615115
1169.615115
1169.615115
1169.615115
1169.615115
1169.615115
1169.615115
1169.615115
1169.615115
1169.615115
1169.615115
1169.615115
1169.615115
1169.615115
1169.615115
1169.615115
1169.615115
1169.615115
1169.615115
1169.615115
1169.615115
1169.615115
1169.615115
1169.615115
1169.615115
1169.615115
1169.615115
1169.615115
1169.615115
1169.615115
1169.615115
1169.615115
1169.615115
1169.615115
1169.615115
1169.615115
1169.615115
1169.615115
1169.615115
1169.615115
1169.615115
1169.615115
1169.615115
1169.615115
1169.615115
1169.615115
1169.615115
1169.615115
1169.615115
1169.615115
1169.615115
1169.615115
1169.615115
1169.615115
1169.615115
1169.615115
1169.615115
1169.615115
1169.615115
1169.615115
1169.615115
1169.615115
1169.615115
1169.615115
1169.615115
1169.615115
1169.615115
1169.615115
1169.615115
1169.615115
1169.615115
1169.615115
1169.615115
1169.615115
1169.615115
1169.615115
1169.615115
1169.615115
1169.615115
1169.615115
1169.615115
1169.615115
1169.615115
1169.615115
1169.615115
1169.615115
1169.615115
1169.615115
1169.615115
1169.615115
1169.615115
1169.615115
1169.602617
1169.602617
1169.602617
1169.602617
1169.602617
1169.602617
1169.602617
1169.602617
1169.602617
1169.602617
1169.602617
1169.602617
1169.602617
1169.602617
1169.602617
1169.602617
1169.602617
1169.602617
1169.602617
1169.602617
1169.602617
1169.602617
1169.602617
1169.602617
1169.602617
1169.602617
1169.602617
1169.602617
1169.602617
1169.602617
1169.602617
1169.602617
1169.602617
1169.602617
1169.602617
1169.602617
1169.602617
1169.602617
1169.602617
1169.602617
1169.602617
1169.602617
1169.602617
1169.602617
1169.602617
1169.602617
1169.602617
1169.602617
1169.602617
1169.602617
1169.602617
1169.602617
1169.602617
1169.602617
1169.602617
1169.602617
1169.602617
1169.602617
1169.602617
1169.602617
1169.602617
1169.602617
1169.602617
1169.602617
1169.602617
1169.602617
1169.602617
1169.602617
1169.602617
1169.602617
1169.602617
1169.602617
1169.602617
1169.602617
1169.602617
1169.602617
1169.602617
1169.602617
1169.602617
1169.602617
1169.602617
1169.602617
1169.602617
1169.602617
1169.602617
1169.602617
1169.602617
1169.602617
1169.602617
1169.602617
1169.602617
1169.602617
1169.602617
1169.602617
1169.602617
1169.602617
1169.602617
1169.602617
1169.602617
1169.602617
1169.602617
1169.602617
1169.602617
1169.602617
1169.596207
1169.596207
1169.596207
1169.596207
1169.596207
1169.596207
1169.596207
1169.596207
1169.596207
1169.596207
1169.596207
1169.596207
1169.596207
1169.596207
1169.596207
1169.596207
1169.596207
1169.596207
1169.596207
1169.596207
1169.596207
1169.596207
1169.596207
1169.596207
1169.596207
1169.596207
1169.596207
1169.596207
1169.596207
1169.596207
1169.596207
1169.596207
1169.596207
1169.596207
1169.596207
1169.596207
1169.596207
1169.596207
1169.596207
1169.596207
1169.596207
1169.596207
1169.596207
1169.596207
1169.596207
1169.596207
1169.596207
1169.596207
1169.596207
1169.596207
1169.596207
1169.596207
1169.596207
1169.596207
1169.596207
1169.596207
1169.596207
1169.596207
1169.596207
1169.596207
1169.596207
1169.596207
1169.596207
1169.596207
1169.596207
1169.596207
1169.596207
1169.596207
1169.596207
1169.596207
1169.596207
1169.596207
1169.596207
1169.596207
1169.585429
1169.585429
1169.585429
1169.585429
1169.585429
1169.585429
1169.585429
1169.585429
1169.585429
1169.585429
1169.585429
1169.585429
1169.585429
1169.585429
1169.585429
1169.585429
1169.585429
1169.585429
1169.585429
1169.585429
1169.585429
1169.585429
1169.585429
1169.585429
1169.585429
1169.585429
1169.585429
1169.585429
1169.585429
1169.585429
1169.585429
1169.585429
1169.585429
1169.585429
1169.585429
1169.585429
1169.585429
1169.585429
1169.585429
1169.585429
1169.585429
1169.585429
1169.585429
1169.585429
1169.585429
1169.585429
1169.585429
1169.585429
1169.585429
1169.585429
1169.585429
1169.585429
1169.585429
1169.585429
1169.573209
1169.573209
1169.573209
1169.573209
1169.573209
1169.573209
1169.573209
1169.573209
1169.573209
1169.573209
1169.573209
1169.573209
1169.573209
1169.573209
1169.573209
1169.573209
1169.573209
1169.572777
1169.572777
1169.572777
1169.572777
1169.572777
1169.572777
1169.572777
1169.554371
1169.554371
1169.554371
1169.554371
1169.548889
1169.548889
1169.548889
1169.548889
1169.548889
1169.548889
1169.548889
1169.548889
1169.548889
1169.548889
1169.548889
1169.548889
1169.548889
1169.548889
1169.548889
1169.548889
1169.548889
1169.548889
1169.548889
1169.548889
1169.548889
1169.548889
1169.548889
1169.548889
1169.548889
1169.548889
1169.548889
1169.548889
1169.548889
1169.548889
1169.548889
1169.548889
1169.548889
1169.548889
1169.548889
1169.548889
1169.548889
1169.548889
1169.548889
1169.548889
1169.548889
1169.548889
1169.548889
1169.548889
1169.548889
1169.548889
1169.548889
1169.548889
1169.548889
1169.548889
1169.548889
1169.548889
1169.548889
1169.548889
1169.548889
1169.548889
1169.548889
1169.548889
1169.548889
1169.548889
1169.548889
1169.548889
1169.548889
1169.548889
1169.548889
1169.548889
1169.548889
1169.548889
1169.548889
1169.548889
1169.548889
1169.548889
1169.548889
1169.548889
1169.548889
1169.548889
1169.548889
1169.487022
1169.487022
1169.487022
1169.487022
1169.487022
1169.487022
1169.487022
1169.487022
1169.487022
1169.487022
1169.487022
1169.487022
1169.487022
1169.487022
1169.487022
1169.487022
1169.487022
1169.487022
1169.487022
1169.487022
1169.487022
1169.487022
1169.487022
1169.487022
1169.487022
1169.487022
1169.487022
1169.487022
1169.487022
1169.487022
1169.487022
1169.487022
1169.487022
1169.487022
1169.487022
1169.487022
1169.487022
1169.487022
1169.487022
1169.487022
1169.487022
1169.487022
1169.487022
1169.487022
1169.487022
1169.487022
1169.487022
1169.487022
1169.487022
1169.487022
1169.487022
1169.487022
1169.487022
1169.487022
1169.487022
1169.487022
1169.487022
1169.487022
1169.487022
1169.487022
1169.487022
1169.487022
1169.487022
1169.487022
1169.487022
1169.487022
1169.487022
1169.487022
1169.487022
1169.487022
1169.487022
1169.487022
1169.487022
1169.487022
1169.487022
1169.487022
1169.487022
1169.487022
1169.487022
1169.487022
1169.487022
1169.487022
1169.487022
1169.487022
1169.487022
1169.487022
1169.487022
1169.487022
1169.487022
1169.487022
1169.459547
1169.459547
1169.459547
1169.459547
1169.459547
1169.459547
1169.459547
1169.459547
1169.459547
1169.459547
1169.459547
1169.459547
1169.459547
1169.459547
1169.459547
1169.459547
1169.459547
1169.459547
1169.459547
1169.459547
1169.459547
1169.459547
1169.459547
1169.459547
1169.459547
1169.459547
1169.459547
1169.459547
1169.459547
1169.459547
1169.459547
1169.459547
1169.459547
1169.459547
1169.459547
1169.459547
1169.459547
1169.459547
1169.459547
1169.459547
1169.459547
1169.459547
1169.459547
1169.459547
1169.459547
1169.459547
1169.459547
1169.426362
1169.426362
1169.426362
1169.426362
1169.426362
1169.426362
1169.426362
1169.426362
1169.426362
1169.426362
1169.426362
1169.426362
1169.426362
1169.426362
1169.426362
1169.426362
1169.426362
1169.426362
1169.426362
1169.426362
1169.426362
1169.426362
1169.426362
1169.426362
1169.426362
1169.426362
1169.426362
1169.426362
1169.426362
1169.426362
1169.426362
1169.426362
1169.426362
1169.426362
1169.426362
1169.426362
1169.426362
1169.426362
1169.426362
1169.426362
1169.426362
1169.426362
1169.426362
1169.426362
1169.426362
1169.426362
1169.426362
1169.426362
1169.426362
1169.426362
1169.426362
1169.426362
1169.426362
1169.422168
1169.422168
1169.422168
1169.422168
1169.422168
1169.422168
1169.422168
1169.422168
1169.422168
1169.422168
1169.422168
1169.422168
1169.422168
1169.422168
1169.422168
1169.422168
1169.422168
1169.422168
1169.422168
1169.422168
1169.422168
1169.422168
1169.422168
1169.422168
1169.422168
1169.422168
1169.422168
1169.422168
1169.422168
1169.422168
1169.422168
1169.422168
1169.422168
1169.422168
1169.422168
1169.420541
1169.420541
1169.420541
1169.420541
1169.420541
1169.420541
1169.420541
1169.420541
1169.420541
1169.420541
1169.420541
1169.420541
1169.420541
1169.420541
1169.420541
1169.420541
1169.420541
1169.420541
1169.420541
1169.420541
1169.420541
1169.420541
1169.420541
1169.420541
1169.420541
1169.420541
1169.411220
1169.411220
1169.411220
1169.411220
1169.411220
1169.411220
1169.411220
1169.411220
1169.411220
1169.411220
1169.411220
1169.411220
1169.411220
1169.411220
1169.411220
1169.411220
1169.411220
1169.411220
1169.411220
1169.411220
1169.411220
1169.411220
1169.411220
1169.411220
1169.411220
1169.411220
1169.411220
1169.411220
1169.411220
1169.411220
1169.411220
1169.411220
1169.411220
1169.411220
1169.411220
1169.411220
1169.411220
1169.411220
1169.411220
1169.411220
1169.411220
1169.411220
1169.411220
1169.411220
1169.411220
1169.411220
1169.411220
1169.411220
1169.370187
1169.370187
1169.370187
1169.370187
1169.370187
1169.370187
1169.370187
1169.370187
1169.370187
1169.370187
1169.370187
1169.370187
1169.370187
1169.370187
1169.370187
1169.370187
1169.370187
1169.370187
1169.370187
1169.370187
1169.370187
1169.370187
1169.370187
1169.370187
1169.370187
1169.370187
1169.370187
1169.370187
1169.370187
1169.370187
1169.370187
1169.370187
1169.370187
1169.370187
1169.370187
1169.370187
1169.370187
1169.370187
1169.370187
1169.370187
1169.370187
1169.370187
1169.370187
1169.370187
1169.370187
1169.370187
1169.370187
1169.370187
1169.370187
1169.370187
1169.370187
1169.370187
1169.370187
1169.370187
1169.370187
1169.370187
1169.370187
1169.370187
1169.370187
1169.370187
1169.370187
1169.370187
1169.370187
1169.370187
1169.370187
1169.370187
1169.370187
1169.370187
1169.370187
1169.370187
1169.370187
1169.370187
1169.370187
1169.370187
1169.370187
1169.370187
1169.370187
1169.370187
1169.370187
1169.370187
1169.370187
1169.370187
1169.370187
1169.370187
1169.370187
1169.370187
1169.370187
1169.370187
1169.370187
1169.370187
1169.370187
1169.370187
1169.370187
1169.370187
1169.370187
1169.370187
1169.370187
1169.370187
1169.359450
1169.359450
1169.359450
1169.359450
1169.339304
1169.339304
1169.339304
1169.339304
1169.339304
1169.339304
1169.339304
1169.339304
1169.339304
1169.339304
1169.339304
1169.339304
1169.339304
1169.339304
1169.339304
1169.339304
1169.339304
1169.339304
1169.339304
1169.339304
1169.339304
1169.339304
1169.339304
1169.339304
1169.339304
1169.339304
1169.339304
1169.339304
1169.339304
1169.339304
1169.339304
1169.339304
1169.339304
1169.339304
1169.339304
1169.339304
1169.339304
1169.339304
1169.339304
1169.339304
1169.339304
1169.339304
1169.339304
1169.339304
1169.339304
1169.339304
1169.339304
1169.339304
1169.339304
1169.339304
1169.339304
1169.339304
1169.339304
1169.339304
1169.339304
1169.339304
1169.339304
1169.339304
1169.339304
1169.339304
1169.339304
1169.339304
1169.339304
1169.339304
1169.339304
1169.339304
1169.339304
1169.339304
1169.339304
1169.339304
1169.339304
1169.339304
1169.339304
1169.339304
1169.339304
1169.339304
1169.339304
1169.339304
1169.339304
1169.339304
1169.339304
1169.339304
1169.339304
1169.339304
1169.339304
1169.339304
1169.339304
1169.339304
1169.339304
1169.339304
1169.339304
1169.339304
1169.339304
1169.339304
1169.339304
1169.339304
1169.339304
1169.339304
1169.339304
1169.339304
1169.339304
1169.339304
1169.339304
1169.339304
1169.339304
1169.339304
1169.339304
1169.339304
1169.339304
1169.339304
1169.339304
1169.339304
1169.339304
1169.339304
1169.339304
1169.339304
1169.339304
1169.339304
1169.339304
1169.339304
1169.339304
1169.339304
1169.339304
1169.339304
1169.339304
1169.339304
1169.339304
1169.339304
1169.339304
1169.339304
1169.339304
1169.339304
1169.339304
1169.339304
1169.332355
1169.320697
1169.320697
1169.320697
1169.320697
1169.320697
1169.320697
1169.320697
1169.320697
1169.320697
1169.320697
1169.320697
1169.320697
1169.320697
1169.320697
1169.320697
1169.320697
1169.320697
1169.320697
1169.320697
1169.320697
1169.320697
1169.320697
1169.320697
1169.320697
1169.320697
1169.320697
1169.320697
1169.320697
1169.320697
1169.320697
1169.314622
1169.314622
1169.314622
1169.314622
1169.314622
1169.314622
1169.314622
1169.314622
1169.314622
1169.314622
1169.314622
1169.314622
1169.314622
1169.314622
1169.314622
1169.314622
1169.314622
1169.314622
1169.314622
1169.314622
1169.314622
1169.314622
1169.314622
1169.314622
1169.314622
1169.314622
1169.314622
1169.314622
1169.314622
1169.314622
1169.314622
1169.314622
1169.314622
1169.314622
1169.314622
1169.314622
1169.314622
1169.314622
1169.314622
1169.314622
1169.314622
1169.314622
1169.314622
1169.314622
1169.314622
1169.314622
1169.314622
1169.314622
1169.314622
1169.314622
1169.314622
1169.314622
1169.314622
1169.314622
1169.314622
1169.314622
1169.314622
1169.314622
1169.314622
1169.314622
1169.314622
1169.314622
1169.314622
1169.314622
1169.314622
1169.314622
1169.314622
1169.314622
1169.314622
1169.314622
1169.314622
1169.311160
1169.311160
1169.311160
1169.311160
1169.311160
1169.311160
1169.311160
1169.311160
1169.311160
1169.253911
1169.253911
1169.253911
1169.253911
1169.253911
1169.253911
1169.253911
1169.253911
1169.253911
1169.253911
1169.253911
1169.253911
1169.253911
1169.253911
1169.253911
1169.253911
1169.253911
1169.253911
1169.253911
1169.253911
1169.253911
1169.253911
1169.253911
1169.253911
1169.253911
1169.253911
1169.253911
1169.253911
1169.253911
1169.253911
1169.253911
1169.253911
1169.253911
1169.253911
1169.253911
1169.253911
1169.253911
1169.253911
1169.253911
1169.253911
1169.232680
1169.232680
1169.232680
1169.232680
1169.232680
1169.232680
1169.232680
1169.232680
1169.232680
1169.232680
1169.232680
1169.232680
1169.232680
1169.232680
1169.232680
1169.232680
1169.232680
1169.232680
1169.232680
1169.232680
1169.232680
1169.232680
1169.232680
1169.232680
1169.232680
1169.232680
1169.232680
1169.232680
1169.232680
1169.232680
1169.232680
1169.232680
1169.232680
1169.232680
1169.232680
1169.232680
1169.232680
1169.232680
1169.232680
1169.232680
1169.232680
1169.232680
1169.232680
1169.232680
1169.232680
1169.232680
1169.232680
1169.232680
1169.232680
1169.232680
1169.232680
1169.232680
1169.232680
1169.232680
1169.232680
1169.232680
1169.232680
1169.232680
1169.232680
1169.232680
1169.232680
1169.232680
1169.232680
1169.232680
1169.232680
1169.232680
1169.232680
1169.232680
1169.232680
1169.232680
1169.232680
1169.232680
1169.232680
1169.232680
1169.232680
1169.232680
1169.232680
1169.232680
1169.232680
1169.232680
1169.232680
1169.232680
1169.232680
1169.232680
1169.232680
1169.232680
1169.232680
1169.232680
1169.232680
1169.232680
1169.232680
1169.232680
1169.232680
1169.232680
1169.232680
1169.232680
1169.232680
1169.232680
1169.232680
1169.232680
1169.232680
1169.232680
1169.232680
1169.232680
1169.232680
1169.232680
1169.232680
1169.232680
1169.232680
1169.232680
1169.232680
1169.232680
1169.232680
1169.230476
1169.230476
1169.230476
1169.230476
1169.230476
1169.230476
1169.222747
1169.222747
1169.222747
1169.222747
1169.222747
1169.222747
1169.222747
1169.214655
1169.214655
1169.214655
1169.214655
1169.214655
1169.214655
1169.214655
1169.214655
1169.214655
1169.214655
1169.214655
1169.214655
1169.214655
1169.214655
1169.214655
1169.214655
1169.214655
1169.207015
1169.207015
1169.207015
1169.207015
1169.207015
1169.204241
1169.204241
1169.204241
1169.204241
1169.204241
1169.204241
1169.204241
1169.204241
1169.204241
1169.204241
1169.204241
1169.204241
1169.204241
1169.204241
1169.194230
1169.194230
1169.194230
1169.194230
1169.194230
1169.194230
1169.194230
1169.194230
1169.194230
1169.194230
1169.194230
1169.194230
1169.194230
1169.194230
1169.194230
1169.194230
1169.194230
1169.194230
1169.194230
1169.194230
1169.194230
1169.194230
1169.194230
1169.194230
1169.194230
1169.194230
1169.194230
1169.194230
1169.194230
1169.194230
1169.194230
1169.194230
1169.194230
1169.194230
1169.194230
1169.194230
1169.194230
1169.194230
1169.194230
1169.194230
1169.179354
1169.179354
1169.179354
1169.179354
1169.179354
1169.179354
1169.179354
1169.179354
1169.179354
1169.179354
1169.179354
1169.179354
1169.179354
1169.179354
1169.179354
1169.179354
1169.179354
1169.179354
1169.179354
1169.179354
1169.179354
1169.179354
1169.179354
1169.179354
1169.179354
1169.179354
1169.179354
1169.179354
1169.179354
1169.179354
1169.179354
1169.179354
1169.179354
1169.179354
1169.179354
1169.179354
1169.179354
1169.175880
1169.175880
1169.175880
1169.175880
1169.175880
1169.175880
1169.175880
1169.175880
1169.175880
1169.175880
1169.175880
1169.175880
1169.175880
1169.175880
1169.175880
1169.175880
1169.175880
1169.175880
1169.175880
1169.175880
1169.175880
1169.175880
1169.175880
1169.175880
1169.175880
1169.175880
1169.175880
1169.175880
1169.175880
1169.175880
1169.175880
1169.175880
1169.175880
1169.175880
1169.175880
1169.165167
1169.165167
1169.165167
1169.165167
1169.165167
1169.165167
1169.165167
1169.165167
1169.165167
1169.165167
1169.165167
1169.165167
1169.165167
1169.165167
1169.165167
1169.165167
1169.165167
1169.165167
1169.165167
1169.165167
1169.165167
1169.165167
1169.165167
1169.165167
1169.165167
1169.165167
1169.165167
1169.165167
1169.165167
1169.165167
1169.165167
1169.165167
1169.165167
1169.165167
1169.165167
1169.165167
1169.165167
1169.165167
1169.165167
1169.165167
1169.165167
1169.165167
1169.165167
1169.165167
1169.165167
1169.165167
1169.165167
1169.165167
1169.165167
1169.165167
1169.165167
1169.165167
1169.165167
1169.165167
1169.165167
1169.165167
1169.165167
1169.165167
1169.165167
1169.165167
1169.165167
1169.165167
1169.137144
1169.137144
1169.137144
1169.137144
1169.137144
1169.137144
1169.137144
1169.137144
1169.137144
1169.137144
1169.137144
1169.137144
1169.137144
1169.137144
1169.137144
1169.137144
1169.137144
1169.137144
1169.137144
1169.137144
1169.137144
1169.137144
1169.137144
1169.137144
1169.137144
1169.137144
1169.137144
1169.137144
1169.137144
1169.137144
1169.137144
1169.137144
1169.137144
1169.137144
1169.137144
1169.137144
1169.137144
1169.137144
1169.137144
1169.137144
1169.137144
1169.137144
1169.137144
1169.137144
1169.137144
1169.137144
1169.137144
1169.137144
1169.137144
1169.137144
1169.137144
1169.137144
1169.137144
1169.137144
1169.137144
1169.137144
1169.137144
1169.137144
1169.137144
1169.137144
1169.137144
1169.137144
1169.137144
1169.137144
1169.137144
1169.137144
1169.137144
1169.137144
1169.137144
1169.137144
1169.137144
1169.137144
1169.137144
1169.137144
1169.137144
1169.137144
1169.137144
1169.137144
1169.137144
1169.137144
1169.137144
1169.137144
1169.137144
1169.137144
1169.137144
1169.137144
1169.137144
1169.137144
1169.137144
1169.137144
1169.137144
1169.137144
1169.137144
1169.137144
1169.137144
1169.137144
1169.137144
1169.137144
1169.137144
1169.137144
1169.137144
1169.137144
1169.137144
1169.137144
1169.137144
1169.137144
1169.137144
1169.137144
1169.137144
1169.137144
1169.137144
1169.137144
1169.137144
1169.133084
1169.133084
1169.133084
1169.133084
1169.125935
1169.125935
1169.125935
1169.125935
1169.125935
1169.125935
1169.125935
1169.125935
1169.125935
1169.125935
1169.125935
1169.125935
1169.125935
1169.125935
1169.125935
1169.125935
1169.125935
1169.125935
1169.125935
1169.125935
1169.125935
1169.125935
1169.125935
1169.125935
1169.125935
1169.125935
1169.125935
1169.125935
1169.125935
1169.125935
1169.125935
1169.125935
1169.125935
1169.125935
1169.125935
1169.125935
1169.125935
1169.125935
1169.125935
1169.125935
1169.125935
1169.125935
1169.125935
1169.125935
1169.125935
1169.125935
1169.111375
1169.111375
1169.111375
1169.111375
1169.111375
1169.111375
1169.111375
1169.111375
1169.111375
1169.111375
1169.111375
1169.111375
1169.111375
1169.111375
1169.111375
1169.111375
1169.111375
1169.111375
1169.111375
1169.111375
1169.111375
1169.111375
1169.111375
1169.111375
1169.111375
1169.111375
1169.111375
1169.111375
1169.111375
1169.111375
1169.111375
1169.111375
1169.111375
1169.111375
1169.111375
1169.111375
1169.111375
1169.111375
1169.111375
1169.111375
1169.111375
1169.111375
1169.111375
1169.111375
1169.111375
1169.111375
1169.111375
1169.111375
1169.111375
1169.111375
1169.111375
1169.111375
1169.111375
1169.111375
1169.111375
1169.111375
1169.111375
1169.111375
1169.111375
1169.111375
1169.111375
1169.111375
1169.111375
1169.111375
1169.111375
1169.111375
1169.111375
1169.111375
1169.111375
1169.111375
1169.111375
1169.111375
1169.111375
1169.111375
1169.111375
1169.111375
1169.111375
1169.111375
1169.111375
1169.111375
1169.111375
1169.111375
1169.111375
1169.111375
1169.111375
1169.111375
1169.111375
1169.111375
1169.111375
1169.111375
1169.111375
1169.111375
1169.111375
1169.111375
1169.111375
1169.111375
1169.111375
1169.111375
1169.111375
1169.111375
1169.111375
1169.111375
1169.111375
1169.111375
1169.111375
1169.111375
1169.111375
1169.111375
1169.111375
1169.111375
1169.111375
1169.111375
1169.111375
1169.111375
1169.111375
1169.111375
1169.111375
1169.111375
1169.111375
1169.111375
1169.111375
1169.111375
1169.111375
1169.111375
1169.111375
1169.111375
1169.111375
1169.111375
1169.111375
1169.111375
1169.111375
1169.111375
1169.111375
1169.111375
1169.111375
1169.111375
1169.111375
1169.111375
1169.111375
1169.111375
1169.111375
1169.111375
1169.111375
1169.111375
1169.111375
1169.111375
1169.111375
1169.111375
1169.111375
1169.111375
1169.111375
1169.111375
1169.091563
1169.091563
1169.091563
1169.091563
1169.091563
1169.091563
1169.091563
1169.091563
1169.091563
1169.091563
1169.091563
1169.091563
1169.091563
1169.091563
1169.091563
1169.091563
1169.091563
1169.091563
1169.091563
1169.091563
1169.091563
1169.091563
1169.091563
1169.091563
1169.091563
1169.091563
1169.091563
1169.091563
1169.091563
1169.091563
1169.091563
1169.091563
1169.091563
1169.091563
1169.091563
1169.091563
1169.091563
1169.091563
1169.091563
1169.091563
1169.091563
1169.091563
1169.091563
1169.091563
1169.091563
1169.091563
1169.091563
1169.091563
1169.091563
1169.091563
1169.091563
1169.091563
1169.091563
1169.091563
1169.091563
1169.091563
1169.091563
1169.091563
1169.091563
1169.091563
1169.091563
1169.091563
1169.091563
1169.091563
1169.091563
1169.091563
1169.091563
1169.091563
1169.091563
1169.091563
1169.091563
1169.091563
1169.091563
1169.091563
1169.091563
1169.091563
1169.091563
1169.091563
1169.091563
1169.091563
1169.091563
1169.091563
1169.091563
1169.091563
1169.091563
1169.091563
1169.091563
1169.091563
1169.091563
1169.091563
1169.091563
1169.091563
1169.091563
1169.091563
1169.091563
1169.091563
1169.091563
1169.091563
1169.091563
1169.091563
1169.091563
1169.091563
1169.091563
1169.091563
1169.091563
1169.091563
1169.091563
1169.091563
1169.091563
1169.091563
1169.091563
1169.091563
1169.091563
1169.091563
1169.091563
1169.091563
1169.091563
1169.091563
1169.091563
1169.091563
1169.091563
1169.091563
1169.091563
1169.091563
1169.091563
1169.091563
1169.091563
1169.091563
1169.091563
1169.091563
1169.091563
1169.091563
1169.091563
1169.091563
1169.091563
1169.091563
1169.091563
1169.091563
1169.091563
1169.091563
1169.091563
1169.091563
1169.091563
1169.084560
1169.084560
1169.084560
1169.084560
1169.084560
1169.084560
1169.084560
1169.084560
1169.084560
1169.084560
1169.060150
1169.060150
1169.060150
1169.060150
1169.060150
1169.060150
1169.060150
1169.060150
1169.060150
1169.060150
1169.060150
1169.060150
1169.060150
1169.060150
1169.060150
1169.060150
1169.060150
1169.060150
1169.060150
1169.060150
1169.060150
1169.060150
1169.060150
1169.060150
1169.060150
1169.060150
1169.060150
1169.060150
1169.060150
1169.060150
1169.060150
1169.060150
1169.060150
1169.060150
1169.060150
1169.060150
1169.060150
1169.060150
1169.060150
1169.060150
1169.060150
1169.060150
1169.060150
1169.060150
1169.060150
1169.060150
1169.060150
1169.060150
1169.060150
1169.060150
1169.060150
1169.060150
1169.060150
1169.060150
1169.060150
1169.060150
1169.060150
1169.060150
1169.060150
1169.060150
1169.060150
1169.060150
1169.060150
1169.060150
1169.060150
1169.060150
1169.060150
1169.060150
1169.060150
1169.060150
1169.060150
1169.060150
1169.060150
1169.060150
1169.060150
1169.060150
1169.060150
1169.060150
1169.060150
1169.060150
1169.060150
1169.060150
1169.060150
1169.060150
1169.060150
1169.060150
1169.060150
1169.051982
1169.051982
1169.051982
1169.051982
1169.051982
1169.051982
1169.051982
1169.051982
1169.051982
1169.051982
1169.051982
1169.051982
1169.051982
1169.051982
1169.037665
1169.037665
1169.037665
1169.037665
1169.037665
1169.037665
1169.037665
1169.037665
1169.037665
1169.037665
1169.037665
1169.037665
1169.037665
1169.037665
1169.037665
1169.037665
1169.037665
1169.037665
1169.037665
1169.037665
1169.037665
1169.037665
1169.037665
1169.037665
1169.037665
1169.037665
1169.037665
1169.037665
1169.037665
1169.037665
1169.037665
1169.037665
1169.037665
1169.032050
1169.032050
1169.032050
1169.032050
1169.032050
1169.032050
1169.032050
1169.032050
1169.032050
1169.032050
1169.032050
1169.032050
1169.032050
1169.032050
1169.032050
1169.032050
1169.032050
1169.032050
1169.032050
1169.032050
1169.032050
1169.032050
1169.032050
1169.032050
1169.032050
1169.032050
1169.032050
1169.032050
1169.032050
1169.032050
1169.028423
1169.028423
1169.028423
1169.028423
1169.028423
1169.028423
1169.028423
1169.028423
1169.028423
1169.028423
1169.028423
1169.028423
1169.028423
1169.028423
1169.028423
1169.028423
1169.028423
1169.028423
1169.028423
1169.028423
1169.028423
1169.028423
1169.028423
1169.028423
1169.028423
1169.028423
1169.028423
1169.028423
1169.028423
1169.028423
1169.028423
1169.028423
1169.028423
1169.028423
1169.028423
1169.028423
1169.028423
1169.028423
1169.028423
1169.027290
1169.027290
1169.027290
1169.027290
1169.027290
1169.027290
1169.027290
1169.027290
1169.027290
1169.027290
1169.027290
1169.027290
1169.027290
1169.027290
1169.027290
1169.027290
1169.027290
1169.027290
1169.027290
1169.027290
1169.027290
1169.027290
1169.027290
1169.027290
1169.027290
1169.027290
1169.027290
1169.027290
1169.027290
1169.027290
1169.027290
1169.027290
1169.027290
1169.027290
1169.027290
1169.027290
1169.027290
1169.027290
1169.027290
1169.027290
1169.027290
1169.027290
1169.027290
1169.027290
1169.027290
1169.027290
1169.027290
1169.027290
1169.027290
1169.027290
1169.027290
1169.027290
1169.027290
1169.027290
1169.027290
1169.027290
1169.027290
1169.027290
1169.027290
1169.001208
1169.001208
1169.001208
1169.001208
1169.001208
1169.001208
1169.001208
1169.001208
1169.001208
1169.001208
1169.001208
1169.001208
1169.001208
1169.001208
1169.001208
1169.001208
1169.001208
1169.001208
1169.001208
1169.001208
1169.001208
1169.001208
1169.001208
1169.001208
1169.001208
1169.001208
1169.001208
1169.001208
1169.001208
1169.001208
1169.001208
1169.001208
1169.001208
1169.001208
1169.001208
1169.001208
1169.001208
1169.001208
1169.001208
1169.001208
1169.001208
1169.001208
1169.001208
1169.001208
1169.001208
1169.001208
1169.001208
1169.001208
1169.001208
1169.001208
1169.001208
1169.001208
1169.001208
1169.001208
1169.001208
1169.001208
1169.001208
1169.001208
1169.001208
1169.001208
1169.001208
1169.001208
1169.001208
1169.001208
1169.001208
1169.001208
1169.001208
1169.001208
1169.001208
1169.001208
1169.001208
1169.001208
1169.001208
1169.001208
1169.001208
1169.001208
1169.001208
1169.001208
1169.001208
1168.999780
1168.999780
1168.999780
1168.999780
1168.999780
1168.999780
1168.999780
1168.999780
1168.999780
1168.999780
1168.999780
1168.999780
1168.999780
1168.999780
1168.999780
1168.999780
1168.999780
1168.999780
1168.999780
1168.999780
1168.999780
1168.999780
1168.999780
1168.999780
1168.999780
1168.999780
1168.999780
1168.999780
1168.999780
1168.999780
1168.999780
1168.999780
1168.999780
1168.999780
1168.999780
1168.999780
1168.999780
1168.999780
1168.999780
1168.999780
1168.999780
1168.999780
1168.999780
1168.999780
1168.999780
1168.999780
1168.999780
1168.999780
1168.999780
1168.999780
1168.987535
1168.987535
1168.987535
1168.987535
1168.987535
1168.987535
1168.987535
1168.987535
1168.987535
1168.987535
1168.987535
1168.987535
1168.987535
1168.987535
1168.987535
1168.987535
1168.987535
1168.987535
1168.987535
1168.987535
1168.987535
1168.987535
1168.987535
1168.987535
1168.987535
1168.987535
1168.987535
1168.987535
1168.987535
1168.987535
1168.987535
1168.987535
1168.987535
1168.987535
1168.971231
1168.971231
1168.971231
1168.971231
1168.971231
1168.971231
1168.971231
1168.971231
1168.971231
1168.971231
1168.971231
1168.971231
1168.971231
1168.971231
1168.971231
1168.971231
1168.971231
1168.971231
1168.971231
1168.971231
1168.971231
1168.971231
1168.971231
1168.971231
1168.971231
1168.971231
1168.971231
1168.971231
1168.971231
1168.971231
1168.971231
1168.971231
1168.971231
1168.971231
1168.971231
1168.971231
1168.971231
1168.971231
1168.971231
1168.971231
1168.971231
1168.971231
1168.971231
1168.971231
1168.971231
1168.971231
1168.971231
1168.971231
1168.971231
1168.971231
1168.971231
1168.971231
1168.971231
1168.971231
1168.971231
1168.971231
1168.971231
1168.971231
1168.971231
1168.971231
1168.971231
1168.971231
1168.971231
1168.971231
1168.971231
1168.971231
1168.971231
1168.971231
1168.971231
1168.971231
1168.971231
1168.971231
1168.971231
1168.971231
1168.971231
1168.971231
1168.944612
1168.944612
1168.944612
1168.944612
1168.944612
1168.944612
1168.944612
1168.944612
1168.944612
1168.944612
1168.944612
1168.944612
1168.944612
1168.944612
1168.944612
1168.944612
1168.944612
1168.944612
1168.944612
1168.944612
1168.944612
1168.944612
1168.944612
1168.944612
1168.944612
1168.944612
1168.944612
1168.944612
1168.944612
1168.944612
1168.944612
1168.944612
1168.944612
1168.944612
1168.944612
1168.944612
1168.944612
1168.944612
1168.944612
1168.944612
1168.928273
1168.928273
1168.928273
1168.928273
1168.928273
1168.928273
1168.928273
1168.928273
1168.928273
1168.928273
1168.928273
1168.928273
1168.928273
1168.928273
1168.928273
1168.928273
1168.928273
1168.928273
1168.928273
1168.928273
1168.928273
1168.928273
1168.928273
1168.928273
1168.928273
1168.928273
1168.928273
1168.928273
1168.928273
1168.928273
1168.928273
1168.928273
1168.928273
1168.928273
1168.928273
1168.928273
1168.928273
1168.928273
1168.928273
1168.928273
1168.928273
1168.928273
1168.928273
1168.928273
1168.928273
1168.928273
1168.928273
1168.928273
1168.928273
1168.928273
1168.928273
1168.928273
1168.928273
1168.928273
1168.928273
1168.928273
1168.917233
1168.917233
1168.917233
1168.917233
1168.917233
1168.917233
1168.917233
1168.917233
1168.917233
1168.917233
1168.917233
1168.917233
1168.917233
1168.917233
1168.917233
1168.917233
1168.917233
1168.917233
1168.917233
1168.917233
1168.917233
1168.917233
1168.917233
1168.917233
1168.917233
1168.917233
1168.917233
1168.917233
1168.917233
1168.917233
1168.917233
1168.917233
1168.917233
1168.917233
1168.917233
1168.917233
1168.917233
1168.917233
1168.917233
1168.917233
1168.917233
1168.917233
1168.917233
1168.917233
1168.917233
1168.917233
1168.915899
1168.915899
1168.915899
1168.915899
1168.915899
1168.915899
1168.915899
1168.900526
1168.900526
1168.900526
1168.900526
1168.900526
1168.900526
1168.900526
1168.900526
1168.900526
1168.900526
1168.900526
1168.900526
1168.900526
1168.900526
1168.900526
1168.900526
1168.900526
1168.900526
1168.900526
1168.900526
1168.900526
1168.900526
1168.900526
1168.900526
1168.900526
1168.900526
1168.900526
1168.900526
1168.900526
1168.900526
1168.900526
1168.900526
1168.900526
1168.900526
1168.900526
1168.900526
1168.900526
1168.900526
1168.900526
1168.900526
1168.900526
1168.900526
1168.900526
1168.900526
1168.900526
1168.879039
1168.879039
1168.879039
1168.879039
1168.879039
1168.879039
1168.879039
1168.879039
1168.879039
1168.879039
1168.879039
1168.879039
1168.879039
1168.879039
1168.879039
1168.879039
1168.879039
1168.879039
1168.879039
1168.879039
1168.879039
1168.879039
1168.879039
1168.879039
1168.879039
1168.879039
1168.879039
1168.879039
1168.879039
1168.879039
1168.879039
1168.879039
1168.879039
1168.879039
1168.879039
1168.879039
1168.879039
1168.879039
1168.879039
1168.879039
1168.879039
1168.879039
1168.879039
1168.879039
1168.879039
1168.879039
1168.879039
1168.879039
1168.879039
1168.879039
1168.879039
1168.879039
1168.877018
1168.877018
1168.877018
1168.877018
1168.877018
1168.877018
1168.877018
1168.877018
1168.877018
1168.877018
1168.877018
1168.877018
1168.877018
1168.877018
1168.877018
1168.877018
1168.877018
1168.877018
1168.877018
1168.877018
1168.877018
1168.877018
1168.877018
1168.877018
1168.877018
1168.877018
1168.877018
1168.877018
1168.877018
1168.877018
1168.877018
1168.877018
1168.877018
1168.877018
1168.877018
1168.877018
1168.877018
1168.877018
1168.877018
1168.872593
1168.872593
1168.872593
1168.872593
1168.872593
1168.872593
1168.872593
1168.849963
1168.849963
1168.849963
1168.849963
1168.849963
1168.849963
1168.849963
1168.849963
1168.849963
1168.849963
1168.849963
1168.849963
1168.849963
1168.849963
1168.849963
1168.849963
1168.849963
1168.849963
1168.849963
1168.849963
1168.849963
1168.849963
1168.849963
1168.847408
1168.847408
1168.847408
1168.847408
1168.847408
1168.847408
1168.847408
1168.847408
1168.847408
1168.847408
1168.847408
1168.847408
1168.847408
1168.847408
1168.847408
1168.847408
1168.847408
1168.847408
1168.847408
1168.847408
1168.847408
1168.847408
1168.847408
1168.847408
1168.847408
1168.847408
1168.847408
1168.832811
1168.832811
1168.832811
1168.832811
1168.832811
1168.832811
1168.832811
1168.832811
1168.832811
1168.832811
1168.832811
1168.832811
1168.832811
1168.832811
1168.832811
1168.832811
1168.832811
1168.832811
1168.832811
1168.832811
1168.832811
1168.832811
1168.832811
1168.832811
1168.832811
1168.832811
1168.832811
1168.832811
1168.832811
1168.832811
1168.832811
1168.832811
1168.832811
1168.832811
1168.832811
1168.832811
1168.832811
1168.811057
1168.811057
1168.811057
1168.811057
1168.811057
1168.811057
1168.811057
1168.811057
1168.811057
1168.811057
1168.811057
1168.811057
1168.801208
1168.801208
1168.801208
1168.801208
1168.801208
1168.801208
1168.801208
1168.801208
1168.801208
1168.801208
1168.801208
1168.801208
1168.801208
1168.801208
1168.801208
1168.801208
1168.801208
1168.801208
1168.801208
1168.801208
1168.801208
1168.801208
1168.801208
1168.801208
1168.801208
1168.801208
1168.801208
1168.801208
1168.801208
1168.801208
1168.801208
1168.801208
1168.801208
1168.801208
1168.801208
1168.801208
1168.801208
1168.801208
1168.801208
1168.801208
1168.801208
1168.801208
1168.801208
1168.801208
1168.801208
1168.801208
1168.801208
1168.801208
1168.801208
1168.801208
1168.794055
1168.794055
1168.794055
1168.794055
1168.794055
1168.794055
1168.794055
1168.794055
1168.794055
1168.794055
1168.794055
1168.794055
1168.794055
1168.794055
1168.794055
1168.794055
1168.794055
1168.794055
1168.794055
1168.794055
1168.794055
1168.794055
1168.794055
1168.794055
1168.794055
1168.794055
1168.794055
1168.794055
1168.794055
1168.794055
1168.794055
1168.794055
1168.794055
1168.794055
1168.794055
1168.794055
1168.794055
1168.794055
1168.794055
1168.794055
1168.794055
1168.794055
1168.794055
1168.794055
1168.794055
1168.794055
1168.794055
1168.794055
1168.794055
1168.794055
1168.794055
1168.794055
1168.794055
1168.794055
1168.794055
1168.794055
1168.793681
1168.793681
1168.793681
1168.793681
1168.793681
1168.793681
1168.793681
1168.793681
1168.793681
1168.793681
1168.793681
1168.793681
1168.793681
1168.793681
1168.793681
1168.793681
1168.793681
1168.793681
1168.793681
1168.793681
1168.793681
1168.793681
1168.793681
1168.793681
1168.793681
1168.793681
1168.793681
1168.793681
1168.793681
1168.793681
1168.793681
1168.793681
1168.793681
1168.793681
1168.793681
1168.793681
1168.793681
1168.793681
1168.793681
1168.793681
1168.793681
1168.793681
1168.793681
1168.793681
1168.793681
1168.793681
1168.793681
1168.793681
1168.793681
1168.793681
1168.793681
1168.793681
1168.793681
1168.793681
1168.793681
1168.793681
1168.793681
1168.765862
1168.765862
1168.765862
1168.765862
1168.765862
1168.765862
1168.765862
1168.765862
1168.765862
1168.765862
1168.765862
1168.765862
1168.765862
1168.765862
1168.765862
1168.765862
1168.765862
1168.765862
1168.765862
1168.765862
1168.765862
1168.765862
1168.765862
1168.765862
1168.765862
1168.765862
1168.765862
1168.765862
1168.765862
1168.765862
1168.765862
1168.765862
1168.765862
1168.765862
1168.765862
1168.765862
1168.765862
1168.765862
1168.765862
1168.765862
1168.765862
1168.765862
1168.765862
1168.765862
1168.765862
1168.765862
1168.765862
1168.765862
1168.765862
1168.765862
1168.765862
1168.765862
1168.765862
1168.765862
1168.765862
1168.730862
1168.730862
1168.730862
1168.730862
1168.730862
1168.730862
1168.730862
1168.730862
1168.730862
1168.730862
1168.730862
1168.730862
1168.730862
1168.730862
1168.730862
1168.730862
1168.730862
1168.730862
1168.730862
1168.730862
1168.730862
1168.730862
1168.730862
1168.730862
1168.730862
1168.730862
1168.730862
1168.730862
1168.730862
1168.730862
1168.730862
1168.730862
1168.730862
1168.730862
1168.730862
1168.730862
1168.730862
1168.730862
1168.730862
1168.730862
1168.730862
1168.730862
1168.730862
1168.730862
1168.730862
1168.730862
1168.730862
1168.730862
1168.730862
1168.730862
1168.730862
1168.730862
1168.730862
1168.730862
1168.730862
1168.730862
1168.730862
1168.730862
1168.730862
1168.730862
1168.730862
1168.730862
1168.730862
1168.730862
1168.730862
1168.730862
1168.730862
1168.730862
1168.730862
1168.730862
1168.730862
1168.730862
1168.730862
1168.730862
1168.729827
1168.729827
1168.729827
1168.729827
1168.729827
1168.729827
1168.729827
1168.729827
1168.729827
1168.729827
1168.729827
1168.729827
1168.729827
1168.729827
1168.729827
1168.729827
1168.729827
1168.729827
1168.729827
1168.729827
1168.729827
1168.729827
1168.729827
1168.729827
1168.729827
1168.729827
1168.729827
1168.729827
1168.729827
1168.729827
1168.729827
1168.729827
1168.729827
1168.729827
1168.729827
1168.729827
1168.729827
1168.729827
1168.729827
1168.729827
1168.729827
1168.729827
1168.729827
1168.729827
1168.729827
1168.729827
1168.729827
1168.729827
1168.729827
1168.729827
1168.729827
1168.729827
1168.729827
1168.729827
1168.729827
1168.729827
1168.729827
1168.729827
1168.729827
1168.729827
1168.729827
1168.727084
1168.727084
1168.727084
1168.727084
1168.727084
1168.727084
1168.727084
1168.727084
1168.727084
1168.727084
1168.727084
1168.727084
1168.727084
1168.727084
1168.727084
1168.727084
1168.727084
1168.727084
1168.727084
1168.727084
1168.727084
1168.727084
1168.727084
1168.727084
1168.727084
1168.727084
1168.727084
1168.727084
1168.727084
1168.727084
1168.705641
1168.705641
1168.705641
1168.705641
1168.705641
1168.705641
1168.705641
1168.705641
1168.705641
1168.705641
1168.705641
1168.705641
1168.705641
1168.705641
1168.705641
1168.705641
1168.705641
1168.705641
1168.705641
1168.705641
1168.705641
1168.705641
1168.705641
1168.705641
1168.705641
1168.705641
1168.705641
1168.705641
1168.705641
1168.705641
1168.705641
1168.705641
1168.705641
1168.705641
1168.705641
1168.705641
1168.701048
1168.701048
1168.701048
1168.701048
1168.701048
1168.701048
1168.701048
1168.701048
1168.701048
1168.701048
1168.701048
1168.701048
1168.701048
1168.701048
1168.701048
1168.701048
1168.697065
1168.697065
1168.697065
1168.697065
1168.697065
1168.697065
1168.697065
1168.697065
1168.697065
1168.697065
1168.697065
1168.697065
1168.697065
1168.697065
1168.697065
1168.697065
1168.697065
1168.697065
1168.697065
1168.697065
1168.697065
1168.697065
1168.697065
1168.697065
1168.697065
1168.697065
1168.697065
1168.697065
1168.697065
1168.690984
1168.690984
1168.690984
1168.690984
1168.690984
1168.690984
1168.679604
1168.679604
1168.679604
1168.679604
1168.679604
1168.679604
1168.679604
1168.679604
1168.679604
1168.679604
1168.679604
1168.676083
1168.676083
1168.676083
1168.676083
1168.676083
1168.676083
1168.676083
1168.676083
1168.676083
1168.676083
1168.676083
1168.676083
1168.676083
1168.676083
1168.676083
1168.605916
1168.605916
1168.605916
1168.605916
1168.605916
1168.605916
1168.605916
1168.605916
1168.605916
1168.605916
1168.605916
1168.605916
1168.605916
1168.605916
1168.605916
1168.605916
1168.605916
1168.605916
1168.605916
1168.605916
1168.605916
1168.605916
1168.605916
1168.605916
1168.593173
1168.593173
1168.593173
1168.593173
1168.593173
1168.593173
1168.593173
1168.593173
1168.593173
1168.593173
1168.593173
1168.593173
1168.593173
1168.593173
1168.593173
1168.593173
1168.593173
1168.593173
1168.593173
1168.593173
1168.593173
1168.593173
1168.593173
1168.593173
1168.593173
1168.593173
1168.593173
1168.593173
1168.593173
1168.593173
1168.593173
1168.593173
1168.593173
1168.593173
1168.593173
1168.593173
1168.593173
1168.593173
1168.592085
1168.592085
1168.592085
1168.592085
1168.592085
1168.592085
1168.592085
1168.592085
1168.592085
1168.592085
1168.592085
1168.592085
1168.592085
1168.592085
1168.592085
1168.592085
1168.592085
1168.592085
1168.592085
1168.592085
1168.592085
1168.592085
1168.592085
1168.592085
1168.592085
1168.592085
1168.592085
1168.592085
1168.592085
1168.592085
1168.592085
1168.592085
1168.592085
1168.592085
1168.592085
1168.592085
1168.592085
1168.592085
1168.592085
1168.592085
1168.592085
1168.592085
1168.592085
1168.592085
1168.592085
1168.592085
1168.592085
1168.592085
1168.592085
1168.592085
1168.592085
1168.592085
1168.592085
1168.592085
1168.592085
1168.592085
1168.592085
1168.592085
1168.592085
1168.592085
1168.592085
1168.592085
1168.592085
1168.592085
1168.592085
1168.592085
1168.592085
1168.592085
1168.592085
1168.592085
1168.592085
1168.592085
1168.592085
1168.592085
1168.592085
1168.592085
1168.592085
1168.592085
1168.592085
1168.592085
1168.592085
1168.592085
1168.592085
1168.592085
1168.592085
1168.592085
1168.592085
1168.592085
1168.592085
1168.592085
1168.592085
1168.592085
1168.592085
1168.592085
1168.592085
1168.592085
1168.592085
1168.571003
1168.571003
1168.571003
1168.571003
1168.571003
1168.571003
1168.571003
1168.571003
1168.571003
1168.571003
1168.571003
1168.571003
1168.571003
1168.571003
1168.571003
1168.571003
1168.571003
1168.571003
1168.571003
1168.571003
1168.571003
1168.571003
1168.571003
1168.571003
1168.571003
1168.571003
1168.571003
1168.571003
1168.571003
1168.571003
1168.571003
1168.571003
1168.571003
1168.571003
1168.571003
1168.571003
1168.571003
1168.571003
1168.571003
1168.571003
1168.571003
1168.571003
1168.571003
1168.571003
1168.571003
1168.571003
1168.571003
1168.571003
1168.571003
1168.571003
1168.571003
1168.571003
1168.571003
1168.571003
1168.571003
1168.571003
1168.571003
1168.571003
1168.571003
1168.571003
1168.571003
1168.571003
1168.571003
1168.571003
1168.571003
1168.571003
1168.571003
1168.565244
1168.565244
1168.565244
1168.565244
1168.565244
1168.565244
1168.565244
1168.565244
1168.565244
1168.565244
1168.552075
1168.552075
1168.552075
1168.552075
1168.552075
1168.552075
1168.552075
1168.552075
1168.552075
1168.552075
1168.552075
1168.552075
1168.552075
1168.552075
1168.552075
1168.552075
1168.552075
1168.552075
1168.552075
1168.552075
1168.552075
1168.552075
1168.552075
1168.552075
1168.552075
1168.552075
1168.552075
1168.552075
1168.552075
1168.552075
1168.552075
1168.552075
1168.552075
1168.552075
1168.552075
1168.552075
1168.552075
1168.552075
1168.552075
1168.552075
1168.552075
1168.540393
1168.540393
1168.540393
1168.540393
1168.540393
1168.540393
1168.540393
1168.540393
1168.540393
1168.540393
1168.540393
1168.540393
1168.540393
1168.540393
1168.540393
1168.540393
1168.540393
1168.540393
1168.540393
1168.540393
1168.540393
1168.540393
1168.540393
1168.540393
1168.540393
1168.540393
1168.540393
1168.530194
1168.530194
1168.530194
1168.530194
1168.530194
1168.530194
1168.530194
1168.530194
1168.530194
1168.530194
1168.530194
1168.530194
1168.530194
1168.530194
1168.530194
1168.530194
1168.530194
1168.530194
1168.530194
1168.530194
1168.530194
1168.530194
1168.530194
1168.530194
1168.530194
1168.530194
1168.530194
1168.530194
1168.530194
1168.530194
1168.530194
1168.530194
1168.530194
1168.530194
1168.530194
1168.530194
1168.530194
1168.530194
1168.530194
1168.530194
1168.530194
1168.530194
1168.530194
1168.530194
1168.530194
1168.530194
1168.530194
1168.530194
1168.530194
1168.530194
1168.530194
1168.530194
1168.530194
1168.530194
1168.530194
1168.530194
1168.530194
1168.530194
1168.530194
1168.530194
1168.530194
1168.530194
1168.530194
1168.530194
1168.530194
1168.530194
1168.530194
1168.530194
1168.530194
1168.530194
1168.530194
1168.530194
1168.530194
1168.530194
1168.530194
1168.530194
1168.530194
1168.530194
1168.530194
1168.530194
1168.530194
1168.530194
1168.530194
1168.530194
1168.530194
1168.530194
1168.530194
1168.530194
1168.530194
1168.530194
1168.530194
1168.530194
1168.530194
1168.530194
1168.530194
1168.530194
1168.530194
1168.526579
1168.526579
1168.526579
1168.526579
1168.526579
1168.526579
1168.526579
1168.526579
1168.526579
1168.526579
1168.526579
1168.526579
1168.526579
1168.526579
1168.526579
1168.526579
1168.526579
1168.526579
1168.526579
1168.526579
1168.526579
1168.526579
1168.526579
1168.519096
1168.519096
1168.519096
1168.519096
1168.519096
1168.519096
1168.519096
1168.519096
1168.519096
1168.519096
1168.519096
1168.519096
1168.519096
1168.519096
1168.519096
1168.519096
1168.515841
1168.515841
1168.515841
1168.515841
1168.515841
1168.515841
1168.515841
1168.515841
1168.515841
1168.515841
1168.515841
1168.515841
1168.515841
1168.515841
1168.515353
1168.515353
1168.515353
1168.515353
1168.515353
1168.515353
1168.515353
1168.515353
1168.515353
1168.515353
1168.515353
1168.515353
1168.515353
1168.515353
1168.515353
1168.515353
1168.515353
1168.515353
1168.515353
1168.515353
1168.515353
1168.515353
1168.515353
1168.515353
1168.515353
1168.515353
1168.515353
1168.515353
1168.515353
1168.515353
1168.515353
1168.515353
1168.515353
1168.515353
1168.515353
1168.515353
1168.515353
1168.515353
1168.494083
1168.494083
1168.494083
1168.494083
1168.494083
1168.494083
1168.494083
1168.494083
1168.494083
1168.494083
1168.494083
1168.494083
1168.494083
1168.494083
1168.494083
1168.494083
1168.494083
1168.494083
1168.493742
1168.493742
1168.493742
1168.493742
1168.493742
1168.493742
1168.493742
1168.493742
1168.493742
1168.493742
1168.484587
1168.484587
1168.484587
1168.484587
1168.484587
1168.484587
1168.484587
1168.484587
1168.484587
1168.484587
1168.484587
1168.484587
1168.484587
1168.484587
1168.484587
1168.484587
1168.484587
1168.484587
1168.484587
1168.484587
1168.484587
1168.484587
1168.484587
1168.484587
1168.484587
1168.484587
1168.484587
1168.484587
1168.484587
1168.484587
1168.484587
1168.484587
1168.484587
1168.484587
1168.484587
1168.484587
1168.484587
1168.484587
1168.484587
1168.484587
1168.484587
1168.484587
1168.484587
1168.484587
1168.484587
1168.484587
1168.484587
1168.484587
1168.484587
1168.484587
1168.484587
1168.484587
1168.466756
1168.466756
1168.466756
1168.466756
1168.466756
1168.466756
1168.466756
1168.466756
1168.466756
1168.466756
1168.466756
1168.466756
1168.466756
1168.466756
1168.466756
1168.466756
1168.466756
1168.466756
1168.466756
1168.466756
1168.466756
1168.466756
1168.466756
1168.466756
1168.466756
1168.466756
1168.466756
1168.466756
1168.466756
1168.466756
1168.466756
1168.466756
1168.466756
1168.466756
1168.466756
1168.466756
1168.466756
1168.466756
1168.466756
1168.466756
1168.466756
1168.466756
1168.466756
1168.466756
1168.466756
1168.466756
1168.466756
1168.466756
1168.466756
1168.466756
1168.466756
1168.466756
1168.466756
1168.466756
1168.466756
1168.466756
1168.466756
1168.466756
1168.466756
1168.466756
1168.466756
1168.466756
1168.463210
1168.463210
1168.463210
1168.463210
1168.463210
1168.463210
1168.463210
1168.463210
1168.463210
1168.463210
1168.463210
1168.451806
1168.451806
1168.451806
1168.451806
1168.451806
1168.451806
1168.451806
1168.451806
1168.451806
1168.451806
1168.451806
1168.440619
1168.440619
1168.440619
1168.440619
1168.440619
1168.440619
1168.440619
1168.440619
1168.440619
1168.440619
1168.440619
1168.440619
1168.440619
1168.440619
1168.440619
1168.440619
1168.440619
1168.440619
1168.440619
1168.440619
1168.440619
1168.440619
1168.440619
1168.440619
1168.440619
1168.440619
1168.440619
1168.440619
1168.440619
1168.440619
1168.440619
1168.440619
1168.440619
1168.440619
1168.440619
1168.440619
1168.440619
1168.440619
1168.440619
1168.440619
1168.440619
1168.440619
1168.440619
1168.440619
1168.440619
1168.440619
1168.440619
1168.440619
1168.440619
1168.440619
1168.440619
1168.440619
1168.421741
1168.421741
1168.421741
1168.421741
1168.421741
1168.421741
1168.421741
1168.421741
1168.421741
1168.421741
1168.421741
1168.421741
1168.421741
1168.421741
1168.421741
1168.421741
1168.421741
1168.421741
1168.421741
1168.421741
1168.421741
1168.421741
1168.421741
1168.421741
1168.421741
1168.421741
1168.421741
1168.421741
1168.421741
1168.421741
1168.421741
1168.421741
1168.421741
1168.421741
1168.421741
1168.421741
1168.421741
1168.421741
1168.421741
1168.421741
1168.421741
1168.421741
1168.421741
1168.421741
1168.421741
1168.421741
1168.421741
1168.421741
1168.421741
1168.421741
1168.421741
1168.421741
1168.421741
1168.421741
1168.421741
1168.421741
1168.403400
1168.403400
1168.403400
1168.403400
1168.403400
1168.403400
1168.403400
1168.403400
1168.403400
1168.403400
1168.403400
1168.403400
1168.403400
1168.403400
1168.403400
1168.403400
1168.403400
1168.403400
1168.403400
1168.403400
1168.403400
1168.403400
1168.403400
1168.403400
1168.403400
1168.403400
1168.403400
1168.403400
1168.403400
1168.403400
1168.403400
1168.403400
1168.403400
1168.403400
1168.403400
1168.403400
1168.403400
1168.403400
1168.403400
1168.403400
1168.403400
1168.403400
1168.403400
1168.403400
1168.403400
1168.403400
1168.403400
1168.403400
1168.403400
1168.403400
1168.403400
1168.403400
1168.403400
1168.403400
1168.403400
1168.403400
1168.403400
1168.403400
1168.403400
1168.403400
1168.403400
1168.403400
1168.403400
1168.403400
1168.403400
1168.403400
1168.403400
1168.403400
1168.403400
1168.403400
1168.403400
1168.403400
1168.403400
1168.403400
1168.403400
1168.403400
1168.403400
1168.403400
1168.403400
1168.403400
1168.403400
1168.403400
1168.403400
1168.403400
1168.403400
1168.403400
1168.403400
1168.403400
1168.403400
1168.403400
1168.403400
1168.403400
1168.403400
1168.403400
1168.403400
1168.403400
1168.403400
1168.403400
1168.403400
1168.403400
1168.403400
1168.403400
1168.403400
1168.403400
1168.403400
1168.403400
1168.403400
1168.403400
1168.403400
1168.403400
1168.403400
1168.403400
1168.403400
1168.403400
1168.403400
1168.403400
1168.403400
1168.403400
1168.403400
1168.401866
1168.401866
1168.401866
1168.401866
1168.401866
1168.401866
1168.401866
1168.401866
1168.401866
1168.401866
1168.401866
1168.401866
1168.401866
1168.401866
1168.401866
1168.401866
1168.401866
1168.401866
1168.401866
1168.401866
1168.401866
1168.401866
1168.401866
1168.401866
1168.401866
1168.401866
1168.401866
1168.401866
1168.401866
1168.401866
1168.401866
1168.401866
1168.401866
1168.401866
1168.401866
1168.401866
1168.401866
1168.401866
1168.401866
1168.401866
1168.401866
1168.401866
1168.401866
1168.371047
1168.371047
1168.371047
1168.371047
1168.371047
1168.371047
1168.371047
1168.371047
1168.371047
1168.371047
1168.371047
1168.371047
1168.371047
1168.371047
1168.371047
1168.371047
1168.371047
1168.371047
1168.371047
1168.371047
1168.371047
1168.371047
1168.371047
1168.371047
1168.371047
1168.371047
1168.371047
1168.371047
1168.371047
1168.371047
1168.371047
1168.371047
1168.371047
1168.371047
1168.371047
1168.371047
1168.371047
1168.371047
1168.371047
1168.371047
1168.371047
1168.371047
1168.371047
1168.371047
1168.371047
1168.346960
1168.346960
1168.346960
1168.346960
1168.346960
1168.346960
1168.346960
1168.346960
1168.346960
1168.346960
1168.346960
1168.346960
1168.346960
1168.346960
1168.346960
1168.346960
1168.346960
1168.346960
1168.346960
1168.346960
1168.346960
1168.346960
1168.346960
1168.346960
1168.346960
1168.346960
1168.346960
1168.346960
1168.346960
1168.346960
1168.346960
1168.343331
1168.343331
1168.343331
1168.343331
1168.343331
1168.343331
1168.343331
1168.343331
1168.343331
1168.343331
1168.343331
1168.343331
1168.343331
1168.343331
1168.343331
1168.343331
1168.343331
1168.343331
1168.343331
1168.343331
1168.343331
1168.343331
1168.343331
1168.343331
1168.343331
1168.323465
1168.323465
1168.323465
1168.323465
1168.323465
1168.323465
1168.323465
1168.323465
1168.323465
1168.323465
1168.323465
1168.323465
1168.323465
1168.323465
1168.323465
1168.323465
1168.323465
1168.323465
1168.323465
1168.323465
1168.323465
1168.323465
1168.323465
1168.323465
1168.323465
1168.323465
1168.323465
1168.323465
1168.323465
1168.323465
1168.323465
1168.323465
1168.323465
1168.323465
1168.323465
1168.323465
1168.323465
1168.323465
1168.323465
1168.323465
1168.323465
1168.323465
1168.323465
1168.323465
1168.323465
1168.323465
1168.323465
1168.323465
1168.323465
1168.323465
1168.323465
1168.323465
1168.323465
1168.323465
1168.323465
1168.323465
1168.323465
1168.323465
1168.323465
1168.323465
1168.323465
1168.323465
1168.323465
1168.323465
1168.323465
1168.323465
1168.323465
1168.323465
1168.323465
1168.323465
1168.323465
1168.323465
1168.323465
1168.323465
1168.323465
1168.323465
1168.323465
1168.323465
1168.323465
1168.323465
1168.323465
1168.323465
1168.323465
1168.323465
1168.323465
1168.323465
1168.323465
1168.323465
1168.323465
1168.323465
1168.323465
1168.323465
1168.323465
1168.323465
1168.323465
1168.323465
1168.323465
1168.323465
1168.323465
1168.323465
1168.323465
1168.323465
1168.323465
1168.323465
1168.323465
1168.284427
1168.284427
1168.284427
1168.284427
1168.284427
1168.284427
1168.284427
1168.284427
1168.284427
1168.284427
1168.284427
1168.284427
1168.284427
1168.284427
1168.284427
1168.284427
1168.284427
1168.284427
1168.284427
1168.284427
1168.284427
1168.284427
1168.284427
1168.284427
1168.284427
1168.284427
1168.284427
1168.284427
1168.284427
1168.284427
1168.284427
1168.284427
1168.284427
1168.284427
1168.284427
1168.284427
1168.284427
1168.284427
1168.284427
1168.284427
1168.284427
1168.284427
1168.284427
1168.284427
1168.284427
1168.284427
1168.284427
1168.284427
1168.284427
1168.284427
1168.284427
1168.284427
1168.284427
1168.284427
1168.284427
1168.284427
1168.284427
1168.284427
1168.284427
1168.284427
1168.284427
1168.284427
1168.284427
1168.284427
1168.284427
1168.284427
1168.284427
1168.284427
1168.284427
1168.284427
1168.284427
1168.284427
1168.284427
1168.284427
1168.284427
1168.284427
1168.284427
1168.284427
1168.284427
1168.284427
1168.284427
1168.284427
1168.284427
1168.284427
1168.284427
1168.284427
1168.284427
1168.284427
1168.284427
1168.284427
1168.284427
1168.284427
1168.284427
1168.284427
1168.284427
1168.284427
1168.284427
1168.284427
1168.284427
1168.284427
1168.284427
1168.284427
1168.284427
1168.284427
1168.284427
1168.284427
1168.284427
1168.284427
1168.284427
1168.284427
1168.284427
1168.284427
1168.284427
1168.284427
1168.284427
1168.284427
1168.284427
1168.284427
1168.284427
1168.284427
1168.284427
1168.284427
1168.284427
1168.284427
1168.284427
1168.284427
1168.284427
1168.284427
1168.284427
1168.284427
1168.284427
1168.284427
1168.284427
1168.284427
1168.284427
1168.284427
1168.284427
1168.284427
1168.284427
1168.284427
1168.284427
1168.284427
1168.284427
1168.284427
1168.284427
1168.284427
1168.284427
1168.284427
1168.284427
1168.284427
1168.284427
1168.284427
1168.284427
1168.284427
1168.284427
1168.284427
1168.284427
1168.284427
1168.284427
1168.284427
1168.284427
1168.284427
1168.284427
1168.284427
1168.284427
1168.284427
1168.284427
1168.284427
1168.284427
1168.284427
1168.284427
1168.251009
1168.251009
1168.251009
1168.251009
1168.251009
1168.251009
1168.251009
1168.251009
1168.251009
1168.251009
1168.251009
1168.251009
1168.251009
1168.251009
1168.251009
1168.251009
1168.251009
1168.251009
1168.251009
1168.251009
1168.251009
1168.251009
1168.251009
1168.251009
1168.251009
1168.251009
1168.251009
1168.251009
1168.251009
1168.251009
1168.251009
1168.251009
1168.251009
1168.251009
1168.251009
1168.251009
1168.251009
1168.251009
1168.251009
1168.251009
1168.251009
1168.251009
1168.251009
1168.251009
1168.251009
1168.251009
1168.251009
1168.251009
1168.251009
1168.251009
1168.250204
1168.250204
1168.250204
1168.250204
1168.250204
1168.250204
1168.250204
1168.250204
1168.250204
1168.250204
1168.250204
1168.250204
1168.250204
1168.250204
1168.250204
1168.250204
1168.250204
1168.250204
1168.250204
1168.238287
1168.238287
1168.238287
1168.238287
1168.238287
1168.238287
1168.238287
1168.238287
1168.238287
1168.238287
1168.238287
1168.238287
1168.238287
1168.238287
1168.238287
1168.238287
1168.238287
1168.238287
1168.238287
1168.238287
1168.238287
1168.238287
1168.238287
1168.238287
1168.238287
1168.238287
1168.238287
1168.238287
1168.238287
1168.238287
1168.238287
1168.238287
1168.238287
1168.238287
1168.238287
1168.238287
1168.238287
1168.238287
1168.238287
1168.238287
1168.238287
1168.238287
1168.238287
1168.238287
1168.238287
1168.238287
1168.238287
1168.238287
1168.238287
1168.238287
1168.238287
1168.238287
1168.238287
1168.238287
1168.238287
1168.238287
1168.238287
1168.238287
1168.238287
1168.238287
1168.238287
1168.238287
1168.238287
1168.238287
1168.238287
1168.238287
1168.238287
1168.238287
1168.238287
1168.238287
1168.238287
1168.238287
1168.238287
1168.238287
1168.238287
1168.238287
1168.238287
1168.238287
1168.238153
1168.238153
1168.207891
1168.207891
1168.207891
1168.207891
1168.207891
1168.207891
1168.207891
1168.207891
1168.207891
1168.207891
1168.207891
1168.207891
1168.207891
1168.207891
1168.207891
1168.207891
1168.207891
1168.207891
1168.207891
1168.207891
1168.207891
1168.207891
1168.207891
1168.207891
1168.207891
1168.207891
1168.207891
1168.207891
1168.207891
1168.207891
1168.207891
1168.207891
1168.207891
1168.207891
1168.207891
1168.207891
1168.207891
1168.207891
1168.207891
1168.207891
1168.207891
1168.207891
1168.207891
1168.207891
1168.207891
1168.207891
1168.207891
1168.207891
1168.207891
1168.207891
1168.207891
1168.207891
1168.207891
1168.207891
1168.207891
1168.207891
1168.207891
1168.207891
1168.207891
1168.207891
1168.207891
1168.207891
1168.207891
1168.207891
1168.207891
1168.207891
1168.207891
1168.207891
1168.207891
1168.207891
1168.207891
1168.207891
1168.207891
1168.207891
1168.207891
1168.207891
1168.207891
1168.207891
1168.207891
1168.207891
1168.207891
1168.207891
1168.207891
1168.207891
1168.201738
1168.201738
1168.201738
1168.201738
1168.201738
1168.201738
1168.201738
1168.201738
1168.201738
1168.201738
1168.201738
1168.201738
1168.201738
1168.201738
1168.201738
1168.201738
1168.201738
1168.201738
1168.201738
1168.201738
1168.201738
1168.201738
1168.190514
1168.190514
1168.190514
1168.190514
1168.190514
1168.190514
1168.190514
1168.190514
1168.190514
1168.190514
1168.190514
1168.190514
1168.190514
1168.190514
1168.190514
1168.190514
1168.190514
1168.190514
1168.190514
1168.190514
1168.190514
1168.190514
1168.190514
1168.190514
1168.190514
1168.190514
1168.190514
1168.190514
1168.190514
1168.190514
1168.190514
1168.190514
1168.190514
1168.190514
1168.190514
1168.190514
1168.190514
1168.190514
1168.190514
1168.190514
1168.190514
1168.190514
1168.190514
1168.190514
1168.190514
1168.190514
1168.190514
1168.190514
1168.190514
1168.190514
1168.190514
1168.190514
1168.190514
1168.190514
1168.190514
1168.190514
1168.187519
1168.187519
1168.187519
1168.187519
1168.187519
1168.187519
1168.187519
1168.187519
1168.187519
1168.187519
1168.187519
1168.187519
1168.187519
1168.187519
1168.187519
1168.187519
1168.187519
1168.187519
1168.187519
1168.187519
1168.187519
1168.187519
1168.187519
1168.187519
1168.161086
1168.161086
1168.161086
1168.161086
1168.161086
1168.161086
1168.161086
1168.161086
1168.161086
1168.161086
1168.161086
1168.161086
1168.161086
1168.161086
1168.161086
1168.161086
1168.151265
1168.151265
1168.151265
1168.151265
1168.151265
1168.151265
1168.151265
1168.151265
1168.151265
1168.151265
1168.151265
1168.151265
1168.151265
1168.151265
1168.151265
1168.151265
1168.151265
1168.151265
1168.151265
1168.151265
1168.151265
1168.151265
1168.151265
1168.151265
1168.151265
1168.151265
1168.151265
1168.151265
1168.151265
1168.151265
1168.151265
1168.151265
1168.151265
1168.151265
1168.151265
1168.151265
1168.151265
1168.151265
1168.151265
1168.151265
1168.151265
1168.151265
1168.151265
1168.151265
1168.151265
1168.151265
1168.151265
1168.151265
1168.151265
1168.151265
1168.151265
1168.151265
1168.151265
1168.151265
1168.151265
1168.151265
1168.151265
1168.151265
1168.151265
1168.151265
1168.151265
1168.151265
1168.151265
1168.151265
1168.151265
1168.151265
1168.151265
1168.151265
1168.151265
1168.151265
1168.151265
1168.151265
1168.151265
1168.151265
1168.151265
1168.151265
1168.151265
1168.151265
1168.151265
1168.151265
1168.151265
1168.151265
1168.151265
1168.151265
1168.151265
1168.151265
1168.151265
1168.151265
1168.151265
1168.151265
1168.141787
1168.141787
1168.141787
1168.141787
1168.141787
1168.141787
1168.141787
1168.141787
1168.141787
1168.141787
1168.141787
1168.141787
1168.141787
1168.141787
1168.141787
1168.141787
1168.141787
1168.141787
1168.141787
1168.128105
1168.128105
1168.128105
1168.128105
1168.128105
1168.128105
1168.128105
1168.128105
1168.128105
1168.128105
1168.128105
1168.128105
1168.128105
1168.128105
1168.128105
1168.128105
1168.128105
1168.128105
1168.128105
1168.128105
1168.128105
1168.128105
1168.128105
1168.128105
1168.128105
1168.128105
1168.128105
1168.128105
1168.128105
1168.128105
1168.128105
1168.128105
1168.128105
1168.128105
1168.128105
1168.128105
1168.128105
1168.128105
1168.128105
1168.128105
1168.128105
1168.128105
1168.128105
1168.128105
1168.128105
1168.128105
1168.128105
1168.128105
1168.128105
1168.128105
1168.128105
1168.128105
1168.128105
1168.128105
1168.128105
1168.128105
1168.128105
1168.128105
1168.128105
1168.128105
1168.128105
1168.128105
1168.128105
1168.128105
1168.128105
1168.128105
1168.128105
1168.128105
1168.128105
1168.128105
1168.128105
1168.128105
1168.128105
1168.128105
1168.128105
1168.128105
1168.128105
1168.128105
1168.128105
1168.128105
1168.128105
1168.128105
1168.128105
1168.128105
1168.128105
1168.128105
1168.128105
1168.128105
1168.128105
1168.128105
1168.128105
1168.128105
1168.128105
1168.128105
1168.128105
1168.128105
1168.128105
1168.128105
1168.128105
1168.128105
1168.128105
1168.128105
1168.108700
1168.108700
1168.108700
1168.108700
1168.108700
1168.108700
1168.108700
1168.108700
1168.108700
1168.108700
1168.108700
1168.108700
1168.108700
1168.108700
1168.108700
1168.108700
1168.108700
1168.108700
1168.108700
1168.108700
1168.108700
1168.108700
1168.108700
1168.108700
1168.108700
1168.108700
1168.108700
1168.108700
1168.108700
1168.108700
1168.108700
1168.108700
1168.108700
1168.108700
1168.108700
1168.108700
1168.108700
1168.108700
1168.108700
1168.108700
1168.108700
1168.108700
1168.108700
1168.108700
1168.108700
1168.108700
1168.108700
1168.108700
1168.108700
1168.108700
1168.108700
1168.108700
1168.108700
1168.108700
1168.108700
1168.108700
1168.108700
1168.108700
1168.108700
1168.108700
1168.108700
1168.108700
1168.108700
1168.108700
1168.108700
1168.108700
1168.108700
1168.108700
1168.108700
1168.108700
1168.108700
1168.108700
1168.108700
1168.108700
1168.108700
1168.108700
1168.108700
1168.108700
1168.108700
1168.108700
1168.108700
1168.108700
1168.108700
1168.108700
1168.108700
1168.108700
1168.108700
1168.108700
1168.108700
1168.108700
1168.108700
1168.108700
1168.108700
1168.108700
1168.108700
1168.108700
1168.108700
1168.108700
1168.108700
1168.108700
1168.108700
1168.108700
1168.108700
1168.108700
1168.108700
1168.108700
1168.108700
1168.108700
1168.108700
1168.108700
1168.108700
1168.108700
1168.108700
1168.108700
1168.108700
1168.106609
1168.106609
1168.106609
1168.106609
1168.106609
1168.106609
1168.106609
1168.106609
1168.106609
1168.106609
1168.106609
1168.106609
1168.106609
1168.106609
1168.106609
1168.106609
1168.106609
1168.106609
1168.106609
1168.106609
1168.106609
1168.106609
1168.106609
1168.106609
1168.106609
1168.106609
1168.106609
1168.106609
1168.106609
1168.106609
1168.106609
1168.106609
1168.106609
1168.106609
1168.106609
1168.106609
1168.106609
1168.106609
1168.106609
1168.106609
1168.106609
1168.106609
1168.106609
1168.106609
1168.106609
1168.106609
1168.106609
1168.106609
1168.106609
1168.094147
1168.094147
1168.094147
1168.094147
1168.094147
1168.094147
1168.094147
1168.094147
1168.094147
1168.094147
1168.094147
1168.094147
1168.094147
1168.094147
1168.094147
1168.094147
1168.094147
1168.094147
1168.094147
1168.094147
1168.094147
1168.094147
1168.094147
1168.094147
1168.094147
1168.094147
1168.094147
1168.094147
1168.094147
1168.094147
1168.094147
1168.094147
1168.094147
1168.094147
1168.094147
1168.094147
1168.094147
1168.094147
1168.094147
1168.094147
1168.094147
1168.094147
1168.094147
1168.094147
1168.094147
1168.094147
1168.094147
1168.094147
1168.094147
1168.094147
1168.094147
1168.091044
1168.091044
1168.091044
1168.091044
1168.091044
1168.091044
1168.091044
1168.091044
1168.091044
1168.091044
1168.091044
1168.091044
1168.091044
1168.091044
1168.091044
1168.091044
1168.091044
1168.091044
1168.091044
1168.091044
1168.091044
1168.091044
1168.091044
1168.091044
1168.091044
1168.091044
1168.091044
1168.091044
1168.091044
1168.091044
1168.091044
1168.091044
1168.091044
1168.091044
1168.091044
1168.091044
1168.091044
1168.091044
1168.091044
1168.091044
1168.091044
1168.091044
1168.091044
1168.091044
1168.091044
1168.091044
1168.091044
1168.091044
1168.091044
1168.091044
1168.091044
1168.091044
1168.091044
1168.091044
1168.091044
1168.091044
1168.081146
1168.081146
1168.081146
1168.081146
1168.081146
1168.081146
1168.081146
1168.081146
1168.081146
1168.081146
1168.081146
1168.081146
1168.081146
1168.081146
1168.081146
1168.081146
1168.081146
1168.081146
1168.081146
1168.081146
1168.050142
1168.050142
1168.050142
1168.050142
1168.050142
1168.050142
1168.050142
1168.050142
1168.050142
1168.050142
1168.050142
1168.050142
1168.050142
1168.050142
1168.050142
1168.050142
1168.050142
1168.050142
1168.050142
1168.050142
1168.050142
1168.050142
1168.050142
1168.050142
1168.050142
1168.050142
1168.050142
1168.050142
1168.050142
1168.050142
1168.050142
1168.050142
1168.050142
1168.050142
1168.050142
1168.050142
1168.050142
1168.050142
1168.050142
1168.050142
1168.050142
1168.050142
1168.050142
1168.050142
1168.050142
1168.050142
1168.050142
1168.050142
1168.050142
1168.050142
1168.050142
1168.050142
1168.050142
1168.050142
1168.050142
1168.050142
1168.050142
1168.050142
1168.050142
1168.050142
1168.050142
1168.050142
1168.050142
1168.050142
1168.050142
1168.050142
1168.050142
1168.050142
1168.050142
1168.050142
1168.050142
1168.050142
1168.050142
1168.050142
1168.050142
1168.050142
1168.050142
1168.050142
1168.050142
1168.050142
1168.050142
1168.050142
1168.050142
1168.050142
1168.050142
1168.050142
1168.050142
1168.050142
1168.050142
1168.050142
1168.050142
1168.050142
1168.050142
1168.050142
1168.050142
1168.050142
1168.050142
1168.050142
1168.050142
1168.050142
1168.050142
1168.050142
1168.050142
1168.050142
1168.050142
1168.050142
1168.050142
1168.050142
1168.047904
1168.047904
1168.047904
1168.047904
1168.047904
1168.047904
1168.047904
1168.047904
1168.047904
1168.047904
1168.047904
1168.047904
1168.047904
1168.047904
1168.047904
1168.047904
1168.047904
1168.047904
1168.047904
1168.047904
1168.047904
1168.047904
1168.047904
1168.047904
1168.047904
1168.047904
1168.047904
1168.047904
1168.047904
1168.047904
1168.047904
1168.047904
1168.047904
1168.047904
1168.047904
1168.047904
1168.047904
1168.047904
1168.047904
1168.047904
1168.047904
1168.047904
1168.047904
1168.047904
1168.047904
1168.047904
1168.047904
1168.047904
1168.047904
1168.047904
1168.047904
1168.047904
1168.047904
1168.047904
1168.047904
1168.047904
1168.047904
1168.047904
1168.047904
1168.047904
1168.047904
1168.047904
1168.047904
1168.047904
1168.047904
1168.047904
1168.047904
1168.047904
1168.047904
1168.047904
1168.039372
1168.039372
1168.039372
1168.039372
1168.039372
1168.039372
1168.039372
1168.039372
1168.039372
1168.039372
1168.039372
1168.039372
1168.039372
1168.039372
1168.039372
1168.039372
1168.039372
1168.039372
1168.039372
1168.039372
1168.039372
1168.039372
1168.039372
1168.039372
1168.039372
1168.039372
1168.039372
1168.039372
1168.039372
1168.039372
1168.039372
1168.039372
1168.039372
1168.039372
1168.039372
1168.033331
1168.033331
1168.033331
1168.033331
1168.033331
1168.033331
1168.033331
1168.033331
1168.033331
1168.033331
1168.033331
1168.033331
1168.033331
1168.033331
1168.033331
1168.033331
1168.033331
1168.033331
1168.033331
1168.033331
1168.033331
1168.033331
1168.033331
1168.033331
1168.033331
1168.033331
1168.033331
1168.033331
1168.033331
1168.033331
1168.033331
1168.033331
1168.033331
1168.033331
1168.033331
1168.033331
1168.033331
1168.033331
1168.033331
1168.033331
1168.033331
1168.033331
1168.033331
1168.033331
1168.033331
1168.033331
1168.033331
1168.033331
1168.033331
1168.033331
1168.033331
1168.033331
1168.023771
1168.023771
1168.023771
1168.023771
1168.023771
1168.023771
1168.023771
1168.023771
1168.023771
1168.023771
1168.023771
1168.023771
1168.023771
1168.023771
1168.023771
1168.023771
1168.023771
1168.023771
1168.023771
1168.023771
1168.023771
1168.023771
1168.023771
1168.023771
1168.023771
1168.023771
1168.023771
1168.023771
1168.023771
1168.023771
1168.023771
1168.023771
1168.023771
1168.020824
1168.020824
1168.020824
1168.020824
1168.020824
1168.020824
1168.020824
1168.020594
1168.020594
1168.020594
1168.020594
1168.020594
1168.020594
1168.020594
1168.020594
1168.020594
1168.020594
1168.020594
1168.020594
1168.020594
1168.020594
1168.020594
1168.020594
1168.020594
1168.020594
1168.020594
1168.020594
1168.020594
1168.020594
1168.020594
1168.020594
1168.020594
1168.006584
1168.006584
1168.006584
1168.006584
1168.006584
1168.006584
1168.006584
1168.006584
1168.006584
1168.006584
1168.006584
1168.006584
1168.006584
1168.006584
1168.006584
1168.006584
1168.006584
1168.006584
1168.006584
1168.006584
1168.006584
1168.006584
1168.006584
1168.006584
1168.006584
1168.006584
1168.006584
1168.006584
1168.006584
1168.006584
1168.006584
1168.006584
1168.006584
1168.006584
1168.004420
1168.004420
1168.004420
1168.004420
1168.004420
1168.004420
1168.004420
1168.004420
1168.004420
1168.004420
1168.004420
1168.004420
1168.004420
1168.004420
1168.004420
1168.004420
1168.004420
1168.004420
1168.004420
1168.004420
1168.004420
1168.004420
1168.004420
1168.004420
1168.004420
1168.004420
1168.004420
1168.004420
1168.004420
1168.004420
1168.004420
1168.004420
1168.004420
1168.004420
1168.004420
1168.004420
1168.004420
1168.004420
1168.004420
1168.004420
1168.004420
1168.004420
1168.004420
1168.004420
1168.004420
1168.004420
1168.002881
1168.002881
1168.002881
1168.002881
1168.002881
1168.002881
1168.002881
1168.002881
1168.002881
1168.002881
1168.002881
1168.002881
1168.002881
1167.999835
1167.999835
1167.999835
1167.999835
1167.999835
1167.999835
1167.999835
1167.999835
1167.999835
1167.999835
1167.999835
1167.999835
1167.999835
1167.999835
1167.999835
1167.999835
1167.999835
1167.999835
1167.999835
1167.999835
1167.999835
1167.999835
1167.999835
1167.999835
1167.999835
1167.999835
1167.999835
1167.999835
1167.999835
1167.999835
1167.999835
1167.998525
1167.998525
1167.998525
1167.998525
1167.998525
1167.998525
1167.998525
1167.998525
1167.998525
1167.998525
1167.998525
1167.998525
1167.998525
1167.998525
1167.998525
1167.998525
1167.998525
1167.998525
1167.998525
1167.998525
1167.998525
1167.998525
1167.998525
1167.998525
1167.998525
1167.998525
1167.998525
1167.998525
1167.998525
1167.998525
1167.998525
1167.998525
1167.998525
1167.998525
1167.998525
1167.998525
1167.998525
1167.998525
1167.998525
1167.998525
1167.998525
1167.998525
1167.970725
1167.970725
1167.970725
1167.970725
1167.970725
1167.970725
1167.970725
1167.970725
1167.970725
1167.970725
1167.970725
1167.970725
1167.970725
1167.970725
1167.970725
1167.970725
1167.970725
1167.970725
1167.970725
1167.970725
1167.970725
1167.970725
1167.970725
1167.970725
1167.970725
1167.970725
1167.970725
1167.970725
1167.970725
1167.970725
1167.970725
1167.970725
1167.970725
1167.970725
1167.970725
1167.970725
1167.970725
1167.968480
1167.968480
1167.968480
1167.968480
1167.968480
1167.968480
1167.968480
1167.968480
1167.968480
1167.968480
1167.968480
1167.968480
1167.968480
1167.968480
1167.968480
1167.968480
1167.968480
1167.968480
1167.968480
1167.968480
1167.968480
1167.968480
1167.968480
1167.968480
1167.968480
1167.968480
1167.968480
1167.968480
1167.968480
1167.968480
1167.968480
1167.968480
1167.968480
1167.968480
1167.968480
1167.968480
1167.968480
1167.968480
1167.968480
1167.968480
1167.968480
1167.968480
1167.968480
1167.961446
1167.961446
1167.961446
1167.961446
1167.961446
1167.961446
1167.961446
1167.961446
1167.961446
1167.961446
1167.961446
1167.961446
1167.961446
1167.961446
1167.961446
1167.961446
1167.961446
1167.961446
1167.961446
1167.961446
1167.961446
1167.961446
1167.961446
1167.961446
1167.961446
1167.961446
1167.961446
1167.961446
1167.961446
1167.961446
1167.961446
1167.961446
1167.961446
1167.961446
1167.961446
1167.961446
1167.961446
1167.961446
1167.961446
1167.961446
1167.952589
1167.952589
1167.952589
1167.952589
1167.952589
1167.952589
1167.952589
1167.952589
1167.952589
1167.952589
1167.952589
1167.952589
1167.952589
1167.952589
1167.952589
1167.952589
1167.952589
1167.952589
1167.952589
1167.952589
1167.952589
1167.946829
1167.946829
1167.946829
1167.946829
1167.946829
1167.946829
1167.946829
1167.946829
1167.946829
1167.946829
1167.946829
1167.946829
1167.946829
1167.946829
1167.946829
1167.946829
1167.946829
1167.946829
1167.946829
1167.946829
1167.946829
1167.946829
1167.946829
1167.946829
1167.946829
1167.946829
1167.946829
1167.946829
1167.946829
1167.946829
1167.946829
1167.946829
1167.946829
1167.946829
1167.946829
1167.946829
1167.946829
1167.939979
1167.939979
1167.939979
1167.939979
1167.939979
1167.939979
1167.939979
1167.939979
1167.939979
1167.936094
1167.936094
1167.936094
1167.936094
1167.936094
1167.936094
1167.936094
1167.936094
1167.936094
1167.936094
1167.936094
1167.936094
1167.936094
1167.936094
1167.936094
1167.936094
1167.936094
1167.936094
1167.936094
1167.936094
1167.936094
1167.936094
1167.936094
1167.936094
1167.936094
1167.936094
1167.936094
1167.936094
1167.936094
1167.936094
1167.936094
1167.936094
1167.936094
1167.936094
1167.936094
1167.936094
1167.936094
1167.936094
1167.936094
1167.936094
1167.936094
1167.936094
1167.936094
1167.936094
1167.936094
1167.936094
1167.936094
1167.936094
1167.936094
1167.936094
1167.936094
1167.936094
1167.936094
1167.936094
1167.936094
1167.936094
1167.936094
1167.936094
1167.936094
1167.936094
1167.936094
1167.936094
1167.936094
1167.936094
1167.936094
1167.936094
1167.936094
1167.936094
1167.936094
1167.936094
1167.936094
1167.936094
1167.936094
1167.936094
1167.930951
1167.930951
1167.930951
1167.930951
1167.930951
1167.930951
1167.930951
1167.930951
1167.930951
1167.930951
1167.930951
1167.930951
1167.930951
1167.930951
1167.930951
1167.930951
1167.930951
1167.930951
1167.930951
1167.930951
1167.930951
1167.926931
1167.926931
1167.926931
1167.926931
1167.926931
1167.926931
1167.926931
1167.926931
1167.926931
1167.926931
1167.926931
1167.926931
1167.926931
1167.926931
1167.926931
1167.926931
1167.926931
1167.926931
1167.926931
1167.926931
1167.926931
1167.926931
1167.926931
1167.926931
1167.926931
1167.926931
1167.926931
1167.926931
1167.926931
1167.923172
1167.923172
1167.923172
1167.923172
1167.923172
1167.923172
1167.923172
1167.923172
1167.923172
1167.923172
1167.923172
1167.923172
1167.923172
1167.923172
1167.923172
1167.923172
1167.915441
1167.915441
1167.915441
1167.915441
1167.915441
1167.915441
1167.915441
1167.915441
1167.915441
1167.915441
1167.915441
1167.915441
1167.915441
1167.915441
1167.915441
1167.915441
1167.915441
1167.915441
1167.915441
1167.915441
1167.915441
1167.915441
1167.915441
1167.915441
1167.915441
1167.915441
1167.915441
1167.915441
1167.915441
1167.915441
1167.915441
1167.915441
1167.915441
1167.915441
1167.915441
1167.915441
1167.915441
1167.915441
1167.915441
1167.915441
1167.915441
1167.915441
1167.915441
1167.915441
1167.915441
1167.915441
1167.915441
1167.915441
1167.915441
1167.915441
1167.915441
1167.915441
1167.915441
1167.915441
1167.915441
1167.915441
1167.915441
1167.915441
1167.915441
1167.915441
1167.915441
1167.915441
1167.915441
1167.915441
1167.915441
1167.915441
1167.915441
1167.915441
1167.915441
1167.915441
1167.915441
1167.915441
1167.915441
1167.915441
1167.915441
1167.915441
1167.915441
1167.915441
1167.915441
1167.915441
1167.915441
1167.915441
1167.915441
1167.915441
1167.915441
1167.915441
1167.915441
1167.915441
1167.915441
1167.915441
1167.915441
1167.915441
1167.915441
1167.915441
1167.915441
1167.915441
1167.915441
1167.915441
1167.915441
1167.915441
1167.915441
1167.915441
1167.915441
1167.915441
1167.915441
1167.915441
1167.915441
1167.915441
1167.915441
1167.915441
1167.915441
1167.915441
1167.915441
1167.915441
1167.915441
1167.915441
1167.915441
1167.915441
1167.915441
1167.915441
1167.915441
1167.915441
1167.915441
1167.915441
1167.915441
1167.915441
1167.915441
1167.915441
1167.915441
1167.915441
1167.915441
1167.915441
1167.915441
1167.915441
1167.915441
1167.915441
1167.915441
1167.915441
1167.915441
1167.915441
1167.915441
1167.915441
1167.915441
1167.915441
1167.915441
1167.915441
1167.915441
1167.915441
1167.915441
1167.915441
1167.915441
1167.915441
1167.915441
1167.915441
1167.915441
1167.915441
1167.915441
1167.915441
1167.915441
1167.915441
1167.915441
1167.915441
1167.915441
1167.915441
1167.915441
1167.915441
1167.915441
1167.915441
1167.915441
1167.915441
1167.915441
1167.915441
1167.915441
1167.915441
1167.915441
1167.915441
1167.915441
1167.915441
1167.915441
1167.915441
1167.915441
1167.915441
1167.915441
1167.911211
1167.911211
1167.911211
1167.911211
1167.911211
1167.911211
1167.911211
1167.911211
1167.911211
1167.911211
1167.911211
1167.911211
1167.911211
1167.911211
1167.911211
1167.911211
1167.911211
1167.911211
1167.911211
1167.911211
1167.911211
1167.911211
1167.911211
1167.911211
1167.911211
1167.911211
1167.911211
1167.911211
1167.911211
1167.911211
1167.911211
1167.911211
1167.911211
1167.911211
1167.911211
1167.911211
1167.911211
1167.911211
1167.911211
1167.911211
1167.911211
1167.911211
1167.911211
1167.911211
1167.911211
1167.911211
1167.911211
1167.911211
1167.910245
1167.910245
1167.910245
1167.910245
1167.910245
1167.910245
1167.910245
1167.910245
1167.910245
1167.910245
1167.910245
1167.910245
1167.910245
1167.910245
1167.910245
1167.910245
1167.910245
1167.910245
1167.910245
1167.910245
1167.910245
1167.910245
1167.910245
1167.910245
1167.910245
1167.910245
1167.910245
1167.910245
1167.910245
1167.910245
1167.910245
1167.910245
1167.910245
1167.910245
1167.910245
1167.910245
1167.910245
1167.910245
1167.910245
1167.910245
1167.910245
1167.910245
1167.910245
1167.910245
1167.910245
1167.910245
1167.910245
1167.910245
1167.910245
1167.910245
1167.910245
1167.910245
1167.910245
1167.910245
1167.910245
1167.910245
1167.910245
1167.910245
1167.910245
1167.910245
1167.910245
1167.910245
1167.910245
1167.910245
1167.910245
1167.910245
1167.910245
1167.910245
1167.910245
1167.910245
1167.910245
1167.910245
1167.910245
1167.910245
1167.910245
1167.910245
1167.910245
1167.910245
1167.908271
1167.908271
1167.908271
1167.908271
1167.908271
1167.908271
1167.908271
1167.908271
1167.908271
1167.908271
1167.908271
1167.908271
1167.908271
1167.908271
1167.908271
1167.908271
1167.903902
1167.903902
1167.903902
1167.903902
1167.903902
1167.903902
1167.903902
1167.903902
1167.903902
1167.903902
1167.903902
1167.903902
1167.903902
1167.903902
1167.903902
1167.903902
1167.903902
1167.903902
1167.903902
1167.903902
1167.903902
1167.903902
1167.903902
1167.903902
1167.903902
1167.903902
1167.903902
1167.903902
1167.903902
1167.903902
1167.903902
1167.903902
1167.903902
1167.903902
1167.903902
1167.903902
1167.903902
1167.903902
1167.903902
1167.903902
1167.903902
1167.903902
1167.903902
1167.903902
1167.903902
1167.903902
1167.903902
1167.903902
1167.903902
1167.903902
1167.903902
1167.903902
1167.903902
1167.903902
1167.903902
1167.903902
1167.903902
1167.903902
1167.903902
1167.903902
1167.903902
1167.903902
1167.903902
1167.903902
1167.903902
1167.903902
1167.903902
1167.903902
1167.903902
1167.903902
1167.903902
1167.903902
1167.903902
1167.903902
1167.903902
1167.903902
1167.903902
1167.903902
1167.903902
1167.903902
1167.903902
1167.903902
1167.903902
1167.903902
1167.903902
1167.903902
1167.903902
1167.903902
1167.903902
1167.903902
1167.903902
1167.903902
1167.903902
1167.903902
1167.903902
1167.903902
1167.903902
1167.903902
1167.903902
1167.903902
1167.903902
1167.903902
1167.903902
1167.903902
1167.903902
1167.903902
1167.903902
1167.903902
1167.903902
1167.903902
1167.903902
1167.903902
1167.903902
1167.903902
1167.903902
1167.903902
1167.903902
1167.903902
1167.903902
1167.903902
1167.903902
1167.903902
1167.903902
1167.903902
1167.903902
1167.903902
1167.903902
1167.903902
1167.903902
1167.903902
1167.903902
1167.903902
1167.903902
1167.903902
1167.903902
1167.903902
1167.903902
1167.903902
1167.903902
1167.903902
1167.903902
1167.903902
1167.903902
1167.903902
1167.903902
1167.903902
1167.903902
1167.903902
1167.903902
1167.903902
1167.903902
1167.903902
1167.903902
1167.903902
1167.903902
1167.903902
1167.903902
1167.903902
1167.903902
1167.903902
1167.903902
1167.903902
1167.903902
1167.903902
1167.903902
1167.902796
1167.902796
1167.902796
1167.902796
1167.902796
1167.902796
1167.902796
1167.902796
1167.902796
1167.902796
1167.902796
1167.902796
1167.902796
1167.902796
1167.902796
1167.902796
1167.902796
1167.901941
1167.901941
1167.901941
1167.894141
1167.894141
1167.894141
1167.894141
1167.894141
1167.894141
1167.894141
1167.894141
1167.894141
1167.894141
1167.894141
1167.894141
1167.894141
1167.894141
1167.894141
1167.894141
1167.894141
1167.894141
1167.894141
1167.894141
1167.894141
1167.894141
1167.894141
1167.894141
1167.894141
1167.894141
1167.894141
1167.894141
1167.894141
1167.894141
1167.894141
1167.894141
1167.894141
1167.894141
1167.894141
1167.894141
1167.894141
1167.894141
1167.894141
1167.894141
1167.894141
1167.894141
1167.894141
1167.894141
1167.894141
1167.894141
1167.894141
1167.894141
1167.894141
1167.894141
1167.894141
1167.894141
1167.894141
1167.894141
1167.894141
1167.894141
1167.894141
1167.894141
1167.894141
1167.894141
1167.894141
1167.894141
1167.894141
1167.894141
1167.894141
1167.894141
1167.894141
1167.894141
1167.894141
1167.894141
1167.894141
1167.894141
1167.894141
1167.894141
1167.894141
1167.894141
1167.894141
1167.894141
1167.894141
1167.894141
1167.894141
1167.894141
1167.894141
1167.894141
1167.894141
1167.894141
1167.894141
1167.894141
1167.894141
1167.894141
1167.894141
1167.894141
1167.894141
1167.894141
1167.894141
1167.894141
1167.890274
1167.890274
1167.890274
1167.890274
1167.890274
1167.890274
1167.890274
1167.890274
1167.890274
1167.890274
1167.890274
1167.890274
1167.890274
1167.890274
1167.890274
1167.890274
1167.890274
1167.890274
1167.890274
1167.890274
1167.890274
1167.890274
1167.890274
1167.890274
1167.890274
1167.890274
1167.890274
1167.890274
1167.890274
1167.890274
1167.890274
1167.890274
1167.890274
1167.890274
1167.890274
1167.890274
1167.890274
1167.890274
1167.890274
1167.890274
1167.890274
1167.890274
1167.890274
1167.890274
1167.890274
1167.890274
1167.890274
1167.890274
1167.890274
1167.890274
1167.890274
1167.890274
1167.890274
1167.890274
1167.890274
1167.890274
1167.890274
1167.890274
1167.890274
1167.890274
1167.890274
1167.890274
1167.890274
1167.890274
1167.884720
1167.884720
1167.884720
1167.884720
1167.878770
1167.878770
1167.878770
1167.878770
1167.878770
1167.878770
1167.878770
1167.878770
1167.878770
1167.878770
1167.878770
1167.878770
1167.878770
1167.878770
1167.878770
1167.878770
1167.878770
1167.878770
1167.878770
1167.878770
1167.878770
1167.878770
1167.878770
1167.878770
1167.878770
1167.878770
1167.878770
1167.878770
1167.878770
1167.878770
1167.878770
1167.878770
1167.878770
1167.878770
1167.878770
1167.878770
1167.878770
1167.878770
1167.878770
1167.878770
1167.878770
1167.878770
1167.878770
1167.878770
1167.878770
1167.878770
1167.878770
1167.878770
1167.878770
1167.878770
1167.878770
1167.878770
1167.878770
1167.878770
1167.878770
1167.878770
1167.878770
1167.878770
1167.878770
1167.878770
1167.878770
1167.878770
1167.878770
1167.878770
1167.878770
1167.878770
1167.878770
1167.878770
1167.878770
1167.878770
1167.878770
1167.878770
1167.878770
1167.878770
1167.878770
1167.870019
1167.870019
1167.870019
1167.870019
1167.870019
1167.870019
1167.870019
1167.870019
1167.870019
1167.870019
1167.870019
1167.870019
1167.870019
1167.870019
1167.870019
1167.870019
1167.870019
1167.870019
1167.870019
1167.870019
1167.870019
1167.870019
1167.870019
1167.870019
1167.870019
1167.870019
1167.870019
1167.870019
1167.870019
1167.870019
1167.870019
1167.870019
1167.870019
1167.870019
1167.870019
1167.870019
1167.870019
1167.870019
1167.870019
1167.870019
1167.870019
1167.870019
1167.870019
1167.870019
1167.870019
1167.870019
1167.870019
1167.870019
1167.870019
1167.870019
1167.870019
1167.870019
1167.870019
1167.870019
1167.870019
1167.870019
1167.870019
1167.870019
1167.870019
1167.870019
1167.870019
1167.870019
1167.870019
1167.870019
1167.870019
1167.870019
1167.870019
1167.870019
1167.870019
1167.870019
1167.870019
1167.870019
1167.870019
1167.870019
1167.870019
1167.870019
1167.870019
1167.870019
1167.870019
1167.870019
1167.870019
1167.870019
1167.870019
1167.870019
1167.870019
1167.870019
1167.870019
1167.870019
1167.870019
1167.870019
1167.870019
1167.870019
1167.870019
1167.865503
1167.865503
1167.865503
1167.865503
1167.865503
1167.865503
1167.865503
1167.865503
1167.865503
1167.865503
1167.865503
1167.865503
1167.865503
1167.865503
1167.865503
1167.865503
1167.865503
1167.865503
1167.865503
1167.865503
1167.865503
1167.865503
1167.865503
1167.865503
1167.865503
1167.865503
1167.865503
1167.865503
1167.865503
1167.865503
1167.865503
1167.865503
1167.865503
1167.865503
1167.865503
1167.865503
1167.865503
1167.865503
1167.865503
1167.865503
1167.865503
1167.865503
1167.865503
1167.865503
1167.865503
1167.865503
1167.865503
1167.865503
1167.865503
1167.865503
1167.865503
1167.865503
1167.865503
1167.865503
1167.865503
1167.865503
1167.865503
1167.865503
1167.865503
1167.865503
1167.865503
1167.865503
1167.865503
1167.865503
1167.865503
1167.865503
1167.865503
1167.865503
1167.865503
1167.865503
1167.865503
1167.865503
1167.865503
1167.865503
1167.865503
1167.865503
1167.865503
1167.865503
1167.865503
1167.865503
1167.865503
1167.865503
1167.865503
1167.865503
1167.865503
1167.865503
1167.865503
1167.865503
1167.865503
1167.865503
1167.865503
1167.865503
1167.865503
1167.865503
1167.865503
1167.865503
1167.865503
1167.865503
1167.865503
1167.865503
1167.865503
1167.865503
1167.865503
1167.865503
1167.865503
1167.865503
1167.865503
1167.865503
1167.865503
1167.865503
1167.865503
1167.865503
1167.865503
1167.865503
1167.865503
1167.865503
1167.865503
1167.865503
1167.865503
1167.865503
1167.865503
1167.865503
1167.865503
1167.865503
1167.865503
1167.865503
1167.865503
1167.865503
1167.865503
1167.865503
1167.863568
1167.863568
1167.863568
1167.863568
1167.863568
1167.863568
1167.863568
1167.863568
1167.863568
1167.863568
1167.863568
1167.863568
1167.863568
1167.863568
1167.863568
1167.863568
1167.863568
1167.863568
1167.863568
1167.863568
1167.863568
1167.863568
1167.863568
1167.863568
1167.863568
1167.863568
1167.863568
1167.863568
1167.863568
1167.863568
1167.863568
1167.863568
1167.863568
1167.863568
1167.863568
1167.863568
1167.863568
1167.863568
1167.863568
1167.863568
1167.863568
1167.863568
1167.863568
1167.863568
1167.863568
1167.863568
1167.863568
1167.863568
1167.863568
1167.863568
1167.863568
1167.863568
1167.863568
1167.863568
1167.863568
1167.863568
1167.861637
1167.861637
1167.861637
1167.861637
1167.861637
1167.861637
1167.861637
1167.861637
1167.861637
1167.861637
1167.861637
1167.861637
1167.861637
1167.861637
1167.861637
1167.861637
1167.861637
1167.861637
1167.861637
1167.861637
1167.861637
1167.861637
1167.861637
1167.861637
1167.861637
1167.861637
1167.861637
1167.861637
1167.861637
1167.861637
1167.861637
1167.861637
1167.861637
1167.861637
1167.861637
1167.861637
1167.861637
1167.861637
1167.861637
1167.861637
1167.861637
1167.861637
1167.861637
1167.861637
1167.861637
1167.861637
1167.861637
1167.861637
1167.861637
1167.861637
1167.861637
1167.861637
1167.861637
1167.861637
1167.861637
1167.861637
1167.861637
1167.861637
1167.861637
1167.861637
1167.861637
1167.861637
1167.861637
1167.861637
1167.861637
1167.861637
1167.861637
1167.861637
1167.861637
1167.861637
1167.858561
1167.858561
1167.858561
1167.858561
1167.858561
1167.853251
1167.853251
1167.853251
1167.853251
1167.853251
1167.853251
1167.853251
1167.853251
1167.853251
1167.853251
1167.853251
1167.853251
1167.853251
1167.853251
1167.853251
1167.853251
1167.853251
1167.853251
1167.853251
1167.853251
1167.853251
1167.853251
1167.853251
1167.853251
1167.853251
1167.853251
1167.853251
1167.853251
1167.853251
1167.853251
1167.853251
1167.853251
1167.853251
1167.853251
1167.853251
1167.853251
1167.853251
1167.853251
1167.853251
1167.853251
1167.853251
1167.853251
1167.853251
1167.853251
1167.853251
1167.853251
1167.853251
1167.853251
1167.853251
1167.853251
1167.853251
1167.853251
1167.853251
1167.853251
1167.853251
1167.853251
1167.853251
1167.853251
1167.853251
1167.853251
1167.853251
1167.853251
1167.853251
1167.853251
1167.853251
1167.853251
1167.853251
1167.853251
1167.853251
1167.853251
1167.853251
1167.853251
1167.853251
1167.853251
1167.853251
1167.853251
1167.853251
1167.853251
1167.853251
1167.853251
1167.853251
1167.853251
1167.853251
1167.853251
1167.853251
1167.853251
1167.853251
1167.853251
1167.853251
1167.853251
1167.853251
1167.853251
1167.853251
1167.853251
1167.853251
1167.853251
1167.853251
1167.853251
1167.853251
1167.853251
1167.853251
1167.853251
1167.853251
1167.853251
1167.853251
1167.853251
1167.853251
1167.853251
1167.853251
1167.853251
1167.853251
1167.853251
1167.853251
1167.853251
1167.853251
1167.853251
1167.853251
1167.853251
1167.853251
1167.853251
1167.853251
1167.853251
1167.853251
1167.853251
1167.853251
1167.853251
1167.853251
1167.853251
1167.853251
1167.853251
1167.853251
1167.853251
1167.853251
1167.853251
1167.853251
1167.853251
1167.853251
1167.853251
1167.853251
1167.853251
1167.853251
1167.853251
1167.853251
1167.853251
1167.853251
1167.853251
1167.853251
1167.853251
1167.853251
1167.853251
1167.847821
1167.847821
1167.847821
1167.847821
1167.847821
1167.847821
1167.847821
1167.847821
1167.847821
1167.847821
1167.847821
1167.847821
1167.847821
1167.847821
1167.847821
1167.847821
1167.847821
1167.847821
1167.847821
1167.847821
1167.847821
1167.847821
1167.847821
1167.847821
1167.847821
1167.847821
1167.847821
1167.847821
1167.847821
1167.847821
1167.847821
1167.847821
1167.847821
1167.847821
1167.847821
1167.847821
1167.847821
1167.847821
1167.847821
1167.847821
1167.847821
1167.847821
1167.847821
1167.847821
1167.847821
1167.847821
1167.847821
1167.847821
1167.847821
1167.847821
1167.847821
1167.847821
1167.847821
1167.847821
1167.847821
1167.847821
1167.847821
1167.847821
1167.847821
1167.847821
1167.847821
1167.847821
1167.847821
1167.847821
1167.847821
1167.847821
1167.847821
1167.847821
1167.847821
1167.847821
1167.847821
1167.847821
1167.847821
1167.847821
1167.847821
1167.847821
1167.847821
1167.847821
1167.847821
1167.847821
1167.847821
1167.847821
1167.847821
1167.847821
1167.847821
1167.847821
1167.847821
1167.847821
1167.847821
1167.847821
1167.847821
1167.847821
1167.847196
1167.847196
1167.847196
1167.847196
1167.847196
1167.847196
1167.847196
1167.847196
1167.847196
1167.847196
1167.847196
1167.847196
1167.847196
1167.847196
1167.847196
1167.847196
1167.847196
1167.847196
1167.847196
1167.847196
1167.847196
1167.847196
1167.847196
1167.847196
1167.847196
1167.847196
1167.847196
1167.847196
1167.847196
1167.847196
1167.847196
1167.847196
1167.847196
1167.847196
1167.847196
1167.846901
1167.846901
1167.846901
1167.846901
1167.846901
1167.846901
1167.846901
1167.846901
1167.844718
1167.844718
1167.844718
1167.844718
1167.844718
1167.844718
1167.844718
1167.844718
1167.844718
1167.844718
1167.844718
1167.844718
1167.844718
1167.844718
1167.844718
1167.844718
1167.844718
1167.844718
1167.844718
1167.844718
1167.844718
1167.844718
1167.844718
1167.844718
1167.843269
1167.843269
1167.843269
1167.843269
1167.843269
1167.843269
1167.843269
1167.843269
1167.843269
1167.843269
1167.843269
1167.843269
1167.843269
1167.843269
1167.843269
1167.843269
1167.843269
1167.843269
1167.843269
1167.843269
1167.843269
1167.843269
1167.843269
1167.843269
1167.843269
1167.843269
1167.843269
1167.843269
1167.843269
1167.843269
1167.843269
1167.843269
1167.843269
1167.843269
1167.843269
1167.843269
1167.843269
1167.843269
1167.843269
1167.843269
1167.843269
1167.843269
1167.843269
1167.843269
1167.843269
1167.843269
1167.843269
1167.843269
1167.843269
1167.843269
1167.843269
1167.843269
1167.843269
1167.843269
1167.843269
1167.843269
1167.838125
1167.838125
1167.838125
1167.838125
1167.838125
1167.838125
1167.838125
1167.838125
1167.838125
1167.838125
1167.838125
1167.838125
1167.838125
1167.838125
1167.838125
1167.838125
1167.838125
1167.838125
1167.838125
1167.838125
1167.838125
1167.838125
1167.838125
1167.838125
1167.838125
1167.838125
1167.838125
1167.838125
1167.838125
1167.838125
1167.838125
1167.838125
1167.838125
1167.838125
1167.838125
1167.838125
1167.838125
1167.838125
1167.838125
1167.838125
1167.838125
1167.838125
1167.838125
1167.838125
1167.838125
1167.838125
1167.838125
1167.838125
1167.838125
1167.838125
1167.838125
1167.838125
1167.838125
1167.838125
1167.838125
1167.838125
1167.838125
1167.838125
1167.838125
1167.838125
1167.838125
1167.838125
1167.838125
1167.838125
1167.838125
1167.838125
1167.838125
1167.838125
1167.838125
1167.838125
1167.838125
1167.838125
1167.838125
1167.838125
1167.838125
1167.838125
1167.838125
1167.838125
1167.838125
1167.838125
1167.838125
1167.838125
1167.838125
1167.838125
1167.838125
1167.838125
1167.838125
1167.838125
1167.838125
1167.838125
1167.838125
1167.838125
1167.838125
1167.838125
1167.838125
1167.838125
1167.838125
1167.838125
1167.838125
1167.838125
1167.838125
1167.838125
1167.838125
1167.838125
1167.838125
1167.838125
1167.838125
1167.838125
1167.838125
1167.838125
1167.838125
1167.838125
1167.838125
1167.838125
1167.838125
1167.838125
1167.838125
1167.838125
1167.838125
1167.838125
1167.838125
1167.838125
1167.838125
1167.838125
1167.838125
1167.838125
1167.838125
1167.838125
1167.838125
1167.838125
1167.838125
1167.838125
1167.838125
1167.838125
1167.838125
1167.838125
1167.838125
1167.838125
1167.838125
1167.838125
1167.838125
1167.838125
1167.838125
1167.838125
1167.838125
1167.838125
1167.838125
1167.838125
1167.838125
1167.838125
1167.838125
1167.838125
1167.835392
1167.835392
1167.835392
1167.835392
1167.835392
1167.835392
1167.835392
1167.835392
1167.835392
1167.835392
1167.835392
1167.835392
1167.835392
1167.835392
1167.835392
1167.835392
1167.835392
1167.835392
1167.835392
1167.835392
1167.835392
1167.835392
1167.835392
1167.835392
1167.835392
1167.835392
1167.835392
1167.835392
1167.835392
1167.835392
1167.835392
1167.835392
1167.835392
1167.835392
1167.835392
1167.835392
1167.835392
1167.835392
1167.835392
1167.835392
1167.835392
1167.835392
1167.835392
1167.835392
1167.835392
1167.835392
1167.835392
1167.835392
1167.835392
1167.835392
1167.835392
1167.835392
1167.835392
1167.835392
1167.835392
1167.835392
1167.835392
1167.835392
1167.834535
1167.834535
1167.834535
1167.833449
1167.833449
1167.833449
1167.833449
1167.833449
1167.833449
1167.833449
1167.833449
1167.833449
1167.833449
1167.833449
1167.833449
1167.833449
1167.833449
1167.833449
1167.833449
1167.833449
1167.833449
1167.833449
1167.833449
1167.833449
1167.829604
1167.829604
1167.829604
1167.829604
1167.829604
1167.829604
1167.829604
1167.829604
1167.829604
1167.829604
1167.829604
1167.829604
1167.829604
1167.829604
1167.829604
1167.829604
1167.829604
1167.829604
1167.829604
1167.829604
1167.829604
1167.829604
1167.829604
1167.829604
1167.829604
1167.829604
1167.829604
1167.829604
1167.829604
1167.829604
1167.829604
1167.829604
1167.829604
1167.829604
1167.829604
1167.829604
1167.829604
1167.829604
1167.829604
1167.829604
1167.829604
1167.829604
1167.829604
1167.829604
1167.829604
1167.829604
1167.829604
1167.829604
1167.829604
1167.829604
1167.829604
1167.829604
1167.829604
1167.829604
1167.829604
1167.829604
1167.829604
1167.829604
1167.829604
1167.829604
1167.829604
1167.829604
1167.829604
1167.829604
1167.829604
1167.829604
1167.829604
1167.829604
1167.829604
1167.829604
1167.829604
1167.829604
1167.829604
1167.829604
1167.829604
1167.829604
1167.829604
1167.829604
1167.829604
1167.829604
1167.829604
1167.829604
1167.827818
1167.827818
1167.827818
1167.827818
1167.827818
1167.827818
1167.827818
1167.827818
1167.827818
1167.827818
1167.827818
1167.827818
1167.827818
1167.827818
1167.827818
1167.827818
1167.827818
1167.827818
1167.827818
1167.827818
1167.827818
1167.827818
1167.827818
1167.827818
1167.827818
1167.827818
1167.827818
1167.827818
1167.827818
1167.827818
1167.827818
1167.827818
1167.827818
1167.827818
1167.827548
1167.827548
1167.827548
1167.827548
1167.827548
1167.827548
1167.827548
1167.827548
1167.827548
1167.827548
1167.827548
1167.827548
1167.827548
1167.827548
1167.827548
1167.827548
1167.827548
1167.827548
1167.827548
1167.827548
1167.827548
1167.827548
1167.827548
1167.827548
1167.827548
1167.827548
1167.827548
1167.827548
1167.827548
1167.827548
1167.827548
1167.827548
1167.827548
1167.827187
1167.827187
1167.827187
1167.827187
1167.827187
1167.827187
1167.827187
1167.827187
1167.827187
1167.827187
1167.827187
1167.827187
1167.827187
1167.827187
1167.827187
1167.827187
1167.827187
1167.823653
1167.823653
1167.823653
1167.823653
1167.823653
1167.823653
1167.823653
1167.823653
1167.823653
1167.823653
1167.823653
1167.823653
1167.823653
1167.823653
1167.823653
1167.823653
1167.823653
1167.823653
1167.823653
1167.823653
1167.823653
1167.823653
1167.823653
1167.823653
1167.823653
1167.823653
1167.823653
1167.823653
1167.823653
1167.823653
1167.823653
1167.823653
1167.823653
1167.823653
1167.823653
1167.823653
1167.823653
1167.823653
1167.823653
1167.823653
1167.823653
1167.823653
1167.823653
1167.823653
1167.823653
1167.823653
1167.823653
1167.823653
1167.823653
1167.823653
1167.823653
1167.823653
1167.823653
1167.823653
1167.823653
1167.823653
1167.823653
1167.823653
1167.823653
1167.823653
1167.823653
1167.823653
1167.823653
1167.823653
1167.823653
1167.823653
1167.823653
1167.823653
1167.823653
1167.823653
1167.823653
1167.823653
1167.823653
1167.823653
1167.823653
1167.823653
1167.823653
1167.823653
1167.823653
1167.823653
1167.823653
1167.823653
1167.823653
1167.822330
1167.822330
1167.822330
1167.822330
1167.822330
1167.822330
1167.822330
1167.822330
1167.822330
1167.822330
1167.822330
1167.822330
1167.822330
1167.822330
1167.822330
1167.822330
1167.822330
1167.822330
1167.822330
1167.822330
1167.822330
1167.822330
1167.822330
1167.822330
1167.822330
1167.816887
1167.816887
1167.816887
1167.816887
1167.816887
1167.816887
1167.816887
1167.816887
1167.816887
1167.816887
1167.816887
1167.816887
1167.816887
1167.816887
1167.816887
1167.816887
1167.816887
1167.816887
1167.816887
1167.816887
1167.816887
1167.816887
1167.816887
1167.816887
1167.816887
1167.816887
1167.816887
1167.816887
1167.816887
1167.816887
1167.816887
1167.816887
1167.816887
1167.816887
1167.816887
1167.816887
1167.816887
1167.816887
1167.816887
1167.816887
1167.816887
1167.816887
1167.816887
1167.816887
1167.816887
1167.816887
1167.816887
1167.816887
1167.816887
1167.816887
1167.816887
1167.816887
1167.816887
1167.816887
1167.816887
1167.816887
1167.816887
1167.816887
1167.816887
1167.816887
1167.816887
1167.816887
1167.816887
1167.816887
1167.816887
1167.816887
1167.816887
1167.816887
1167.816887
1167.816887
1167.816887
1167.816887
1167.816887
1167.816887
1167.816887
1167.816887
1167.816887
1167.816887
1167.816887
1167.816887
1167.816887
1167.816887
1167.816887
1167.816887
1167.816887
1167.816887
1167.816887
1167.816887
1167.816887
1167.816887
1167.816887
1167.816887
1167.816887
1167.816887
1167.816887
1167.816887
1167.816887
1167.816887
1167.816887
1167.816887
1167.816887
1167.816887
1167.816887
1167.816887
1167.816887
1167.816887
1167.816887
1167.816887
1167.816887
1167.816887
1167.816887
1167.811728
1167.811728
1167.811728
1167.811728
1167.811728
1167.811728
1167.811728
1167.811728
1167.811728
1167.811728
1167.811728
1167.811728
1167.811728
1167.811728
1167.811728
1167.811728
1167.811728
1167.811728
1167.811728
1167.811728
1167.811728
1167.811728
1167.811728
1167.811728
1167.811728
1167.811728
1167.811728
1167.811728
1167.811728
1167.811728
1167.811728
1167.811728
1167.811728
1167.811728
1167.811728
1167.811728
1167.811728
1167.811728
1167.811728
1167.811728
1167.811728
1167.811728
1167.811728
1167.811728
1167.811728
1167.811728
1167.811728
1167.811728
1167.811728
1167.811728
1167.811728
1167.811728
1167.811728
1167.811728
1167.811728
1167.811728
1167.811728
1167.811728
1167.811728
1167.811728
1167.811728
1167.811728
1167.811728
1167.811728
1167.811728
1167.811728
1167.811728
1167.811728
1167.811728
1167.811728
1167.811728
1167.811728
1167.811728
1167.811728
1167.811728
1167.811728
1167.811728
1167.811728
1167.811728
1167.811728
1167.811728
1167.811728
1167.811728
1167.811728
1167.811728
1167.811728
1167.811728
1167.811728
1167.811728
1167.811728
1167.811728
1167.811728
1167.811728
1167.811728
1167.811728
1167.811728
1167.811728
1167.811728
1167.811728
1167.811728
1167.811728
1167.811728
1167.811728
1167.811631
1167.811631
1167.811631
1167.811631
1167.811631
1167.811631
1167.811631
1167.811631
1167.811631
1167.811631
1167.811631
1167.811631
1167.811631
1167.811631
1167.811631
1167.811631
1167.811631
1167.811631
1167.811631
1167.811631
1167.811631
1167.811631
1167.811631
1167.811631
1167.811631
1167.811631
1167.811631
1167.811631
1167.811631
1167.811631
1167.811631
1167.811631
1167.811631
1167.811631
1167.811631
1167.808445
1167.808445
1167.808445
1167.808445
1167.808445
1167.808445
1167.808445
1167.808445
1167.808445
1167.808445
1167.808445
1167.808445
1167.808445
1167.808445
1167.808445
1167.808445
1167.808445
1167.808445
1167.808445
1167.808445
1167.808445
1167.808445
1167.808445
1167.808445
1167.808445
1167.808445
1167.808445
1167.808445
1167.808445
1167.808445
1167.808445
1167.808445
1167.808445
1167.808445
1167.808445
1167.808445
1167.808445
1167.808445
1167.808445
1167.808445
1167.808445
1167.808445
1167.808445
1167.808445
1167.808445
1167.808445
1167.808445
1167.808445
1167.808445
1167.808445
1167.808445
1167.808445
1167.808445
1167.808445
1167.808445
1167.808445
1167.808445
1167.808445
1167.808445
1167.808445
1167.805493
1167.805493
1167.805493
1167.805493
1167.805493
1167.805493
1167.805493
1167.805493
1167.805493
1167.805493
1167.805493
1167.805493
1167.805493
1167.805493
1167.805493
1167.805493
1167.805493
1167.805493
1167.805493
1167.805493
1167.805493
1167.805493
1167.805493
1167.805493
1167.805493
1167.805493
1167.805493
1167.805493
1167.805493
1167.805493
1167.805493
1167.805493
1167.805493
1167.805493
1167.805493
1167.805493
1167.805493
1167.805493
1167.805493
1167.805493
1167.805493
1167.805493
1167.805493
1167.805493
1167.805493
1167.805493
1167.805493
1167.805493
1167.805493
1167.805493
1167.805493
1167.805493
1167.805493
1167.805493
1167.805493
1167.805493
1167.805493
1167.805493
1167.805493
1167.805493
1167.805493
1167.805493
1167.805493
1167.805493
1167.805493
1167.805493
1167.805493
1167.805493
1167.805493
1167.805493
1167.805493
1167.805493
1167.805493
1167.805493
1167.805493
1167.805493
1167.805493
1167.805493
1167.805493
1167.805493
1167.805493
1167.805493
1167.805493
1167.805493
1167.805493
1167.805493
1167.805493
1167.805493
1167.805493
1167.805493
1167.805493
1167.805493
1167.805493
1167.805493
1167.805493
1167.805493
1167.805493
1167.805493
1167.805493
1167.805493
1167.805493
1167.805493
1167.805493
1167.803453
1167.803453
1167.803453
1167.803453
1167.803453
1167.803453
1167.803453
1167.803453
1167.803453
1167.803453
1167.803453
1167.803453
1167.801409
1167.801409
1167.801409
1167.801409
1167.801409
1167.801409
1167.801409
1167.801409
1167.801409
1167.801409
1167.801409
1167.801409
1167.801409
1167.801409
1167.801409
1167.801409
1167.801409
1167.801409
1167.801409
1167.801409
1167.801409
1167.801409
1167.801409
1167.801409
1167.801409
1167.801409
1167.801409
1167.801409
1167.801235
1167.801235
1167.801235
1167.801235
1167.801235
1167.801235
1167.801235
1167.801235
1167.801235
1167.801235
1167.801235
1167.801235
1167.801235
1167.801235
1167.801235
1167.801235
1167.801235
1167.801235
1167.801235
1167.801235
1167.801235
1167.801235
1167.801235
1167.801235
1167.801235
1167.801235
1167.801235
1167.801235
1167.801235
1167.801235
1167.801235
1167.801235
1167.801235
1167.801235
1167.801235
1167.801235
1167.800855
1167.800855
1167.800855
1167.800855
1167.800855
1167.800855
1167.800855
1167.800855
1167.800855
1167.800855
1167.800855
1167.800855
1167.800855
1167.800855
1167.800855
1167.800855
1167.800855
1167.800855
1167.800855
1167.800855
1167.800855
1167.800855
1167.800855
1167.800855
1167.800855
1167.800855
1167.800855
1167.800855
1167.800855
1167.800855
1167.800855
1167.800855
1167.800855
1167.800855
1167.800855
1167.800855
1167.800855
1167.800855
1167.800855
1167.800855
1167.800855
1167.800655
1167.800655
1167.800655
1167.800655
1167.800655
1167.800655
1167.800655
1167.800655
1167.800655
1167.800655
1167.800655
1167.800655
1167.800655
1167.800655
1167.800655
1167.800655
1167.800655
1167.800655
1167.800655
1167.800655
1167.800655
1167.800655
1167.800655
1167.798268
1167.798268
1167.798268
1167.798268
1167.798268
1167.798268
1167.798268
1167.798268
1167.798268
1167.798268
1167.798268
1167.798268
1167.798268
1167.798268
1167.798268
1167.798268
1167.798268
1167.798268
1167.798268
1167.798268
1167.798268
1167.798268
1167.798268
1167.798268
1167.798268
1167.798268
1167.798268
1167.798268
1167.798268
1167.798268
1167.798268
1167.798268
1167.798268
1167.798268
1167.798268
1167.789471
1167.789471
1167.789471
1167.789471
1167.789471
1167.789471
1167.789471
1167.789471
1167.789471
1167.789471
1167.789471
1167.789471
1167.789471
1167.789471
1167.789471
1167.789471
1167.789471
1167.789471
1167.789471
1167.789471
1167.789471
1167.789471
1167.789471
1167.789471
1167.789471
1167.789471
1167.789471
1167.789471
1167.789471
1167.789471
1167.789471
1167.789471
1167.789471
1167.789471
1167.789471
1167.789471
1167.789471
1167.789471
1167.789471
1167.789471
1167.789471
1167.789471
1167.789471
1167.789471
1167.789471
1167.789471
1167.789471
1167.789471
1167.789471
1167.789471
1167.789471
1167.789471
1167.789471
1167.789471
1167.789471
1167.789471
1167.789471
1167.789471
1167.789471
1167.789471
1167.789471
1167.789471
1167.788302
1167.788302
1167.788302
1167.788302
1167.788302
1167.788302
1167.788302
1167.788302
1167.788302
1167.788302
1167.788302
1167.788302
1167.788302
1167.788302
1167.788302
1167.788302
1167.786964
1167.786964
1167.786964
1167.786964
1167.786964
1167.786964
1167.786964
1167.786964
1167.786964
1167.786964
1167.786964
1167.786964
1167.786964
1167.786964
1167.786964
1167.786964
1167.786964
1167.786964
1167.786964
1167.786964
1167.786964
1167.786964
1167.786964
1167.786964
1167.786964
1167.786964
1167.786964
1167.786964
1167.786964
1167.786964
1167.786964
1167.786964
1167.786964
1167.786964
1167.786964
1167.786964
1167.786964
1167.786964
1167.786964
1167.786964
1167.786964
1167.786964
1167.786964
1167.786964
1167.786964
1167.786964
1167.786964
1167.786964
1167.786964
1167.786964
1167.786964
1167.786964
1167.786964
1167.786964
1167.786964
1167.786964
1167.786964
1167.786964
1167.786964
1167.786964
1167.786964
1167.786964
1167.786964
1167.786964
1167.786964
1167.786964
1167.786964
1167.786964
1167.785908
1167.785908
1167.785908
1167.785908
1167.785908
1167.785908
1167.785908
1167.781157
1167.781157
1167.781157
1167.781157
1167.781157
1167.781157
1167.781157
1167.781157
1167.781157
1167.781157
1167.781157
1167.781157
1167.781157
1167.781157
1167.781157
1167.781157
1167.781157
1167.781157
1167.781157
1167.781157
1167.781157
1167.781157
1167.781157
1167.781157
1167.781157
1167.781157
1167.781157
1167.781157
1167.781157
1167.781157
1167.781157
1167.781157
1167.781157
1167.781157
1167.781157
1167.781157
1167.781157
1167.781157
1167.781157
1167.781157
1167.781157
1167.781157
1167.781157
1167.781157
1167.781157
1167.781157
1167.781157
1167.781157
1167.778170
1167.778170
1167.778170
1167.778170
1167.778170
1167.778170
1167.778170
1167.778170
1167.778170
1167.778170
1167.778170
1167.778170
1167.778170
1167.778170
1167.778170
1167.778170
1167.778170
1167.778170
1167.778170
1167.778170
1167.778170
1167.778170
1167.778170
1167.778170
1167.778170
1167.778170
1167.778170
1167.778170
1167.778170
1167.778170
1167.778170
1167.778170
1167.778170
1167.778170
1167.778170
1167.778170
1167.778170
1167.777951
1167.777951
1167.777951
1167.777951
1167.777951
1167.777951
1167.777951
1167.777951
1167.777951
1167.777951
1167.777951
1167.777951
1167.777951
1167.777951
1167.777951
1167.777951
1167.777951
1167.777951
1167.777951
1167.777951
1167.777951
1167.777951
1167.777951
1167.777951
1167.777951
1167.777951
1167.777951
1167.777951
1167.777951
1167.776909
1167.776909
1167.776909
1167.776909
1167.776909
1167.776909
1167.776909
1167.776909
1167.776909
1167.776909
1167.776909
1167.776909
1167.776909
1167.776909
1167.776909
1167.776909
1167.776909
1167.776909
1167.775650
1167.775650
1167.775650
1167.775650
1167.775120
1167.775120
1167.775120
1167.775120
1167.775120
1167.775120
1167.775120
1167.775120
1167.775120
1167.775120
1167.775120
1167.775120
1167.774925
1167.774925
1167.774925
1167.774925
1167.774925
1167.773528
1167.773528
1167.773528
1167.773528
1167.773528
1167.773528
1167.773528
1167.773528
1167.773528
1167.773528
1167.773528
1167.773528
1167.773528
1167.773528
1167.773528
1167.773528
1167.773528
1167.773528
1167.773528
1167.773528
1167.773528
1167.773528
1167.773528
1167.773528
1167.773528
1167.773097
1167.773097
1167.773097
1167.773097
1167.773097
1167.773097
1167.773097
1167.773097
1167.773097
1167.773097
1167.773097
1167.773097
1167.773097
1167.773097
1167.773097
1167.773097
1167.773097
1167.773097
1167.773097
1167.771249
1167.771249
1167.771249
1167.771249
1167.771249
1167.771249
1167.771249
1167.771249
1167.771249
1167.771249
1167.771249
1167.771249
1167.771249
1167.771249
1167.771249
1167.771249
1167.771249
1167.771249
1167.771249
1167.771249
1167.771249
1167.771249
1167.771249
1167.771249
1167.771249
1167.771249
1167.771249
1167.771249
1167.771249
1167.771249
1167.771249
1167.771249
1167.766707
1167.766707
1167.766707
1167.766707
1167.766707
1167.766707
1167.766707
1167.766707
1167.766707
1167.766707
1167.766707
1167.766707
1167.766707
1167.766707
1167.766707
1167.766707
1167.766707
1167.766707
1167.766707
1167.766707
1167.766291
1167.766291
1167.766291
1167.766291
1167.766291
1167.766291
1167.766291
1167.766291
1167.766291
1167.766291
1167.766291
1167.766291
1167.766291
1167.766291
1167.766291
1167.766291
1167.766291
1167.766291
1167.766291
1167.766291
1167.766148
1167.766148
1167.766148
1167.766148
1167.766148
1167.766148
1167.766148
1167.766148
1167.766148
1167.766148
1167.766148
1167.766148
1167.766148
1167.766148
1167.766148
1167.766148
1167.766148
1167.766148
1167.766148
1167.766148
1167.766148
1167.766148
1167.766148
1167.766148
1167.766148
1167.766148
1167.766148
1167.766148
1167.766148
1167.766148
1167.765923
1167.765923
1167.765923
1167.765923
1167.765923
1167.765923
1167.765923
1167.765923
1167.765923
1167.765670
1167.765670
1167.765670
1167.765670
1167.764354
1167.764354
1167.764354
1167.764354
1167.764354
1167.764354
1167.764354
1167.764354
1167.764354
1167.764354
1167.764354
1167.764354
1167.764354
1167.764354
1167.764354
1167.764354
1167.764354
1167.760978
1167.760978
1167.760978
1167.760978
1167.760978
1167.760978
1167.760978
1167.760978
1167.760978
1167.760978
1167.760978
1167.760978
1167.760978
1167.760978
1167.760978
1167.760978
1167.760978
1167.760978
1167.760978
1167.760978
1167.760978
1167.760978
1167.760978
1167.760978
1167.760978
1167.760978
1167.760978
1167.760978
1167.760978
1167.760978
1167.760978
1167.760978
1167.760978
1167.760978
1167.760978
1167.760978
1167.760978
1167.760978
1167.760978
1167.760978
1167.760978
1167.760978
1167.760978
1167.760978
1167.760978
1167.760978
1167.760978
1167.760978
1167.760978
1167.760978
1167.760978
1167.760978
1167.760978
1167.760978
1167.760978
1167.760978
1167.760978
1167.760978
1167.760978
1167.760978
1167.760978
1167.760978
1167.760978
1167.760978
1167.760978
1167.760978
1167.760978
1167.760978
1167.757559
1167.757559
1167.757559
1167.757559
1167.757559
1167.757559
1167.757559
1167.757559
1167.757559
1167.757559
1167.757559
1167.757559
1167.757559
1167.757559
1167.755654
1167.755654
1167.755654
1167.755654
1167.755654
1167.755654
1167.755654
1167.755654
1167.755654
1167.755654
1167.755654
1167.755654
1167.755654
1167.755654
1167.755654
1167.755654
1167.755654
1167.755654
1167.755654
1167.755654
1167.755654
1167.755654
1167.755654
1167.755654
1167.755654
1167.755654
1167.755654
1167.755654
1167.755654
1167.755654
1167.755654
1167.755654
1167.755654
1167.755654
1167.755654
1167.755654
1167.755654
1167.755654
1167.755654
1167.755654
1167.755654
1167.755654
1167.755654
1167.755654
1167.755654
1167.755654
1167.755654
1167.755654
1167.755654
1167.755654
1167.752545
1167.752545
1167.752545
1167.752545
1167.752545
1167.752545
1167.752545
1167.752545
1167.752545
1167.752545
1167.752502
1167.752502
1167.752502
1167.752502
1167.752502
1167.752502
1167.752502
1167.752502
1167.752502
1167.752502
1167.752502
1167.752502
1167.752502
1167.752502
1167.752502
1167.752502
1167.752502
1167.752502
1167.752502
1167.752502
1167.752502
1167.752502
1167.752502
1167.752502
1167.752502
1167.752502
1167.752502
1167.752502
1167.752502
1167.752502
1167.752502
1167.747836
1167.747836
1167.747836
1167.747836
1167.747836
1167.747836
1167.747836
1167.747836
1167.747836
1167.747836
1167.747836
1167.747836
1167.747836
1167.747836
1167.747836
1167.747836
1167.747836
1167.747836
1167.747836
1167.747836
1167.747836
1167.746602
1167.746602
1167.746602
1167.746602
1167.746602
1167.746602
1167.746602
1167.746602
1167.746602
1167.746602
1167.746602
1167.746602
1167.746602
1167.746602
1167.746602
1167.746602
1167.746602
1167.746602
1167.746602
1167.746602
1167.746602
1167.746602
1167.746602
1167.746602
1167.746602
1167.746602
1167.743191
1167.743191
1167.743191
1167.743191
1167.743191
1167.743191
1167.743191
1167.743191
1167.743191
1167.743191
1167.743191
1167.743191
1167.743191
1167.743191
1167.743191
1167.743191
1167.743191
1167.743191
1167.743191
1167.743191
1167.743191
1167.743191
1167.743191
1167.739483
1167.739483
1167.739483
1167.739483
1167.739483
1167.739483
1167.739483
1167.739483
1167.739483
1167.739483
1167.739483
1167.739483
1167.739483
1167.739483
1167.739483
1167.739483
1167.739483
1167.739483
1167.739483
1167.739483
1167.739483
1167.739483
1167.739483
1167.739483
1167.739483
1167.739483
1167.739483
1167.739483
1167.739483
1167.739483
1167.739483
1167.739483
1167.739483
1167.739483
1167.739483
1167.739483
1167.739483
1167.739483
1167.739483
1167.739483
1167.739483
1167.739483
1167.739483
1167.739483
1167.739483
1167.739483
1167.739483
1167.739483
1167.739483
1167.739483
1167.739483
1167.739483
1167.739483
1167.739483
1167.739483
1167.739483
1167.739483
1167.739483
1167.739483
1167.739483
1167.731418
1167.731418
1167.731418
1167.731418
1167.731418
1167.731418
1167.731418
1167.731418
1167.731418
1167.731418
1167.731418
1167.731418
1167.731418
1167.731418
1167.731418
1167.731418
1167.731418
1167.731418
1167.731418
1167.731418
1167.731418
1167.731418
1167.731418
1167.731418
1167.731418
1167.731418
1167.731418
1167.731418
1167.731418
1167.731418
1167.731418
1167.731418
1167.731418
1167.720068
1167.720068
1167.720068
1167.720068
1167.720068
1167.720068
1167.720068
1167.720068
1167.720068
1167.720068
1167.720068
1167.720068
1167.720068
1167.720068
1167.720068
1167.720068
1167.720068
1167.720068
1167.720068
1167.720068
1167.720068
1167.720068
1167.720068
1167.720068
1167.720068
1167.720068
1167.720068
1167.720068
1167.720068
1167.720068
1167.720068
1167.720068
1167.720068
1167.720068
1167.720068
1167.720068
1167.720068
1167.720068
1167.720068
1167.720068
1167.720068
1167.720068
1167.720068
1167.720068
1167.720068
1167.720068
1167.720068
1167.720068
1167.720068
1167.720068
1167.717178
1167.717178
1167.709542
1167.709542
1167.709542
1167.709542
1167.709542
1167.709542
1167.709542
1167.709542
1167.709542
1167.709542
1167.709542
1167.709542
1167.709542
1167.709542
1167.709542
1167.709542
1167.709542
1167.709542
1167.709542
1167.709542
1167.709542
1167.709542
1167.709542
1167.709542
1167.709542
1167.709542
1167.709542
1167.709542
1167.709542
1167.709542
1167.709542
1167.709542
1167.709542
1167.709542
1167.709542
1167.709542
1167.709542
1167.709542
1167.709542
1167.709542
1167.709542
1167.709542
1167.709542
1167.709542
1167.709542
1167.709542
1167.709542
1167.709542
1167.709542
1167.709542
1167.709542
1167.709542
1167.709542
1167.709542
1167.709542
1167.709542
1167.709542
1167.709542
1167.709542
1167.709542
1167.709542
1167.709542
1167.709542
1167.709542
1167.709542
1167.709542
1167.709542
1167.709542
1167.709542
1167.709542
1167.709542
1167.709542
1167.709542
1167.709542
1167.709542
1167.709542
1167.709542
1167.709542
1167.709542
1167.709542
1167.709542
1167.709542
1167.709542
1167.709542
1167.709542
1167.709542
1167.709542
1167.709542
1167.709542
1167.709542
1167.701181
1167.701181
1167.701181
1167.701181
1167.701181
1167.701181
1167.701181
1167.701181
1167.701181
1167.701181
1167.701181
1167.701181
1167.701181
1167.701181
1167.689874
1167.689874
1167.689874
1167.689874
1167.689874
1167.689874
1167.689874
1167.689874
1167.689874
1167.689874
1167.689874
1167.689874
1167.689874
1167.689874
1167.689874
1167.689874
1167.689874
1167.689874
1167.689874
1167.689874
1167.689874
1167.689874
1167.689874
1167.689874
1167.689874
1167.689874
1167.689874
1167.689874
1167.689874
1167.689874
1167.689874
1167.689874
1167.689874
1167.689874
1167.689874
1167.689874
1167.689874
1167.689874
1167.689874
1167.689874
1167.689874
1167.689874
1167.689874
1167.689874
1167.689874
1167.689874
1167.682026
1167.682026
1167.682026
1167.682026
1167.682026
1167.682026
1167.682026
1167.682026
1167.682026
1167.682026
1167.682026
1167.682026
1167.682026
1167.682026
1167.682026
1167.682026
1167.675865
1167.675865
1167.675865
1167.675865
1167.675865
1167.675865
1167.675865
1167.675865
1167.675865
1167.675865
1167.675865
1167.675865
1167.675865
1167.675865
1167.675865
1167.675865
1167.675865
1167.675865
1167.675865
1167.675865
1167.675865
1167.675865
1167.675865
1167.675865
1167.675865
1167.675865
1167.675865
1167.675865
1167.675865
1167.675865
1167.675865
1167.675865
1167.675865
1167.675865
1167.669617
1167.669617
1167.669617
1167.669617
1167.669617
1167.669617
1167.669617
1167.669617
1167.669617
1167.669617
1167.669617
1167.669617
1167.669617
1167.669617
1167.669617
1167.669617
1167.669617
1167.669617
1167.669617
1167.669617
1167.669617
1167.669617
1167.669617
1167.669617
1167.669617
1167.669617
1167.669617
1167.669617
1167.669617
1167.669617
1167.669617
1167.669617
1167.669617
1167.669617
1167.669617
1167.669617
1167.669617
1167.669617
1167.669617
1167.669617
1167.669617
1167.669617
1167.669617
1167.669617
1167.669617
1167.669617
1167.669617
1167.669617
1167.669617
1167.669617
1167.669617
1167.669617
1167.669617
1167.669617
1167.669617
1167.669617
1167.669617
1167.669617
1167.669617
1167.669617
1167.664947
1167.664947
1167.664947
1167.664947
1167.664947
1167.664947
1167.664947
1167.664947
1167.664947
1167.664947
1167.664947
1167.664947
1167.664947
1167.664947
1167.664947
1167.664947
1167.664947
1167.664947
1167.664947
1167.664947
1167.664947
1167.664947
1167.664947
1167.664947
1167.664947
1167.664947
1167.664947
1167.664947
1167.664947
1167.664947
1167.664947
1167.664947
1167.664947
1167.664947
1167.664947
1167.664947
1167.664947
1167.664947
1167.664947
1167.664947
1167.664947
1167.664947
1167.664947
1167.664947
1167.664947
1167.664947
1167.664947
1167.664947
1167.664947
1167.664947
1167.664947
1167.664947
1167.664947
1167.664947
1167.664947
1167.664947
1167.664947
1167.664947
1167.664947
1167.664947
1167.664947
1167.664947
1167.664947
1167.661645
1167.661645
1167.661645
1167.661645
1167.661645
1167.661645
1167.661645
1167.661645
1167.658617
1167.658617
1167.658617
1167.658617
1167.658617
1167.658617
1167.658617
1167.658617
1167.658617
1167.658617
1167.658617
1167.658617
1167.658617
1167.658617
1167.658617
1167.658617
1167.658617
1167.658617
1167.658617
1167.658617
1167.658617
1167.658617
1167.658617
1167.658617
1167.658617
1167.658617
1167.658617
1167.658617
1167.658617
1167.658617
1167.658617
1167.658617
1167.658617
1167.658617
1167.658617
1167.658617
1167.658617
1167.658617
1167.652454
1167.652454
1167.652454
1167.652454
1167.652454
1167.652454
1167.652454
1167.652454
1167.652454
1167.652454
1167.652454
1167.652454
1167.652454
1167.652454
1167.652454
1167.652454
1167.652454
1167.652454
1167.652454
1167.652454
1167.652454
1167.652454
1167.652454
1167.652454
1167.652454
1167.652454
1167.652454
1167.652454
1167.652454
1167.652454
1167.652454
1167.652454
1167.652454
1167.652454
1167.652454
1167.652454
1167.652454
1167.652454
1167.652454
1167.652454
1167.652454
1167.652454
1167.652454
1167.652454
1167.652454
1167.652454
1167.652454
1167.652454
1167.652454
1167.652454
1167.648241
1167.648241
1167.648241
1167.648241
1167.648241
1167.648241
1167.648241
1167.648241
1167.648241
1167.648241
1167.648241
1167.648241
1167.648241
1167.648241
1167.648241
1167.648241
1167.648241
1167.648241
1167.648241
1167.648241
1167.648241
1167.648241
1167.648241
1167.648241
1167.648241
1167.645302
1167.645302
1167.640306
1167.640306
1167.640306
1167.640306
1167.640306
1167.640306
1167.640306
1167.640306
1167.640306
1167.640306
1167.640306
1167.640306
1167.640306
1167.640306
1167.640306
1167.640306
1167.640306
1167.640306
1167.640306
1167.640306
1167.640306
1167.640306
1167.640306
1167.640306
1167.640306
1167.640306
1167.640306
1167.640306
1167.640306
1167.640306
1167.640306
1167.640306
1167.640306
1167.640306
1167.640306
1167.640306
1167.640306
1167.640306
1167.640306
1167.640306
1167.640306
1167.640306
1167.640306
1167.640306
1167.640306
1167.640306
1167.640306
1167.640306
1167.640306
1167.640306
1167.640306
1167.640306
1167.640306
1167.640306
1167.633008
1167.633008
1167.633008
1167.633008
1167.633008
1167.633008
1167.633008
1167.633008
1167.633008
1167.633008
1167.633008
1167.633008
1167.633008
1167.633008
1167.633008
1167.633008
1167.633008
1167.633008
1167.633008
1167.633008
1167.633008
1167.633008
1167.633008
1167.633008
1167.633008
1167.633008
1167.633008
1167.633008
1167.633008
1167.633008
1167.633008
1167.633008
1167.633008
1167.633008
1167.633008
1167.633008
1167.633008
1167.633008
1167.633008
1167.633008
1167.633008
1167.633008
1167.633008
1167.633008
1167.630548
1167.630548
1167.630548
1167.630548
1167.630548
1167.630548
1167.630548
1167.630548
1167.630548
1167.630548
1167.630548
1167.630548
1167.630548
1167.630548
1167.630548
1167.630548
1167.630548
1167.630548
1167.630548
1167.630548
1167.630548
1167.630548
1167.630548
1167.630548
1167.630548
1167.630548
1167.630548
1167.630548
1167.630548
1167.630548
1167.630548
1167.630548
1167.630548
1167.630548
1167.630548
1167.630548
1167.630548
1167.630548
1167.630548
1167.630548
1167.630548
1167.630548
1167.630548
1167.630548
1167.630548
1167.630548
1167.630548
1167.630548
1167.630548
1167.630548
1167.630548
1167.630548
1167.630548
1167.630548
1167.630548
1167.630548
1167.630548
1167.627878
1167.627878
1167.627455
1167.627455
1167.627101
1167.627101
1167.627101
1167.627101
1167.627101
1167.621079
1167.621079
1167.621079
1167.621079
1167.619628
1167.619628
1167.619628
1167.619628
1167.619628
1167.619628
1167.619628
1167.619628
1167.619628
1167.619628
1167.619628
1167.619628
1167.619628
1167.619628
1167.619628
1167.619628
1167.619628
1167.619628
1167.619628
1167.619628
1167.619628
1167.619628
1167.619628
1167.619628
1167.619628
1167.619628
1167.619628
1167.619628
1167.619628
1167.608141
1167.608141
1167.608141
1167.608141
1167.608141
1167.608141
1167.608141
1167.608141
1167.608141
1167.608141
1167.608141
1167.608141
1167.608141
1167.608141
1167.608141
1167.608141
1167.608141
1167.608141
1167.608141
1167.608141
1167.608141
1167.608141
1167.608141
1167.608141
1167.608141
1167.608141
1167.608141
1167.608141
1167.608141
1167.608141
1167.608141
1167.608141
1167.608141
1167.608141
1167.608141
1167.608141
1167.608141
1167.608141
1167.608141
1167.608141
1167.608141
1167.608141
1167.608141
1167.608141
1167.608141
1167.608141
1167.608141
1167.608141
1167.608141
1167.608141
1167.608141
1167.608141
1167.608141
1167.608141
1167.608141
1167.608141
1167.608141
1167.608141
1167.608141
1167.608141
1167.608141
1167.608141
1167.608141
1167.608141
1167.608141
1167.608141
1167.608141
1167.608141
1167.608141
1167.608141
1167.608141
1167.608141
1167.608141
1167.608141
1167.608141
1167.608141
1167.608141
1167.608141
1167.608141
1167.608141
1167.608141
1167.608141
1167.608141
1167.608141
1167.608141
1167.608141
1167.608141
1167.608141
1167.608141
1167.608141
1167.608141
1167.608141
1167.608141
1167.608141
1167.608141
1167.608141
1167.608141
1167.608141
1167.608141
1167.608141
1167.608141
1167.608141
1167.608141
1167.608141
1167.608141
1167.608141
1167.608141
1167.608141
1167.608141
1167.608141
1167.608141
1167.608141
1167.608141
1167.608141
1167.608141
1167.608141
1167.608141
1167.608141
1167.608141
1167.608141
1167.608141
1167.608141
1167.608141
1167.608141
1167.608141
1167.608141
1167.608141
1167.608141
1167.608141
1167.608141
1167.608141
1167.608141
1167.608141
1167.608141
1167.608141
1167.608141
1167.608141
1167.608141
1167.608141
1167.608141
1167.608141
1167.608141
1167.608141
1167.608141
1167.608141
1167.608141
1167.608141
1167.608141
1167.608141
1167.608141
1167.604947
1167.604947
1167.604947
1167.604947
1167.602969
1167.602969
1167.602969
1167.602969
1167.602969
1167.602969
1167.602969
1167.602969
1167.602969
1167.602969
1167.602969
1167.602969
1167.602969
1167.602969
1167.602969
1167.602969
1167.602969
1167.602969
1167.602969
1167.602969
1167.602969
1167.602969
1167.602969
1167.602969
1167.602969
1167.602969
1167.602969
1167.602969
1167.602969
1167.602969
1167.602969
1167.602969
1167.602969
1167.602969
1167.602969
1167.602969
1167.602969
1167.602969
1167.602969
1167.602969
1167.602969
1167.602969
1167.602969
1167.602969
1167.602969
1167.602969
1167.602969
1167.602969
1167.602969
1167.602969
1167.602969
1167.592881
1167.592881
1167.592881
1167.592881
1167.592881
1167.592881
1167.592881
1167.592881
1167.592881
1167.592881
1167.592881
1167.592881
1167.592881
1167.592881
1167.592881
1167.592881
1167.592881
1167.592881
1167.592881
1167.592881
1167.592881
1167.592881
1167.592881
1167.592881
1167.592881
1167.592881
1167.592881
1167.592881
1167.592881
1167.592881
1167.592881
1167.592881
1167.592881
1167.592881
1167.592881
1167.592881
1167.592881
1167.592881
1167.592881
1167.592881
1167.592881
1167.592881
1167.592881
1167.592881
1167.592881
1167.592881
1167.592881
1167.592881
1167.592881
1167.586899
1167.586899
1167.586899
1167.586899
1167.586899
1167.586899
1167.586899
1167.586899
1167.586899
1167.586899
1167.586899
1167.586899
1167.586899
1167.586899
1167.586899
1167.586899
1167.586899
1167.586899
1167.586899
1167.586899
1167.586899
1167.586899
1167.586899
1167.586899
1167.586899
1167.586899
1167.586899
1167.586899
1167.586899
1167.586899
1167.586899
1167.586899
1167.586899
1167.586899
1167.586899
1167.586899
1167.586899
1167.586899
1167.586899
1167.586899
1167.586899
1167.586899
1167.586899
1167.586899
1167.586899
1167.586899
1167.586899
1167.586899
1167.586899
1167.586899
1167.586899
1167.586899
1167.586899
1167.586899
1167.586899
1167.586899
1167.586899
1167.586899
1167.586899
1167.586899
1167.586899
1167.586899
1167.586899
1167.586899
1167.586899
1167.586899
1167.586899
1167.583627
1167.583627
1167.583627
1167.583627
1167.583627
1167.583627
1167.583627
1167.583627
1167.583627
1167.583627
1167.583627
1167.583627
1167.583627
1167.583627
1167.583627
1167.583627
1167.583627
1167.583627
1167.583627
1167.583627
1167.583627
1167.583627
1167.583627
1167.583627
1167.583627
1167.583627
1167.583627
1167.583627
1167.583627
1167.583627
1167.583627
1167.583627
1167.583627
1167.583627
1167.583627
1167.583627
1167.583627
1167.583627
1167.583627
1167.583627
1167.583627
1167.583627
1167.583627
1167.583627
1167.583627
1167.583627
1167.583627
1167.583627
1167.583627
1167.583627
1167.582794
1167.582794
1167.582794
1167.582794
1167.582794
1167.582794
1167.582794
1167.582794
1167.582794
1167.582794
1167.582794
1167.582794
1167.582794
1167.582794
1167.582794
1167.582794
1167.582794
1167.582794
1167.582794
1167.569145
1167.569145
1167.569145
1167.569145
1167.569145
1167.569145
1167.569145
1167.569145
1167.569145
1167.569145
1167.569145
1167.569145
1167.569145
1167.569145
1167.569145
1167.569145
1167.569145
1167.569145
1167.569145
1167.569145
1167.569145
1167.569145
1167.569145
1167.569145
1167.569145
1167.569145
1167.569145
1167.569145
1167.569145
1167.569145
1167.569145
1167.569145
1167.569145
1167.569145
1167.569145
1167.569145
1167.569145
1167.569145
1167.569145
1167.569145
1167.569145
1167.569145
1167.569145
1167.569145
1167.569145
1167.569145
1167.569145
1167.569145
1167.569145
1167.569145
1167.569145
1167.569145
1167.567089
1167.567089
1167.567089
1167.567089
1167.567089
1167.567089
1167.567089
1167.567089
1167.567089
1167.567089
1167.567089
1167.567089
1167.567089
1167.567089
1167.567089
1167.567089
1167.567089
1167.567089
1167.567089
1167.567089
1167.567089
1167.567089
1167.567089
1167.567089
1167.567089
1167.567089
1167.567089
1167.567089
1167.567089
1167.567089
1167.567089
1167.567089
1167.567089
1167.567089
1167.567089
1167.567089
1167.567089
1167.567089
1167.563688
1167.563688
1167.563688
1167.563688
1167.563688
1167.563688
1167.563688
1167.563688
1167.563688
1167.563688
1167.563688
1167.563688
1167.563688
1167.563688
1167.563688
1167.563688
1167.563688
1167.563688
1167.563688
1167.563688
1167.563688
1167.563688
1167.563688
1167.563688
1167.563688
1167.560101
1167.560101
1167.560101
1167.560101
1167.560101
1167.560101
1167.560101
1167.560101
1167.560101
1167.560101
1167.560101
1167.560101
1167.560101
1167.560101
1167.560101
1167.560101
1167.560101
1167.560101
1167.560101
1167.560101
1167.560101
1167.560101
1167.560101
1167.560101
1167.560101
1167.560101
1167.560101
1167.560101
1167.560101
1167.560101
1167.560101
1167.560101
1167.560101
1167.560101
1167.560101
1167.560101
1167.560101
1167.560101
1167.560101
1167.560101
1167.560101
1167.560101
1167.560101
1167.560101
1167.560101
1167.560101
1167.560101
1167.560101
1167.560101
1167.560101
1167.558681
1167.558681
1167.558681
1167.558681
1167.558681
1167.558681
1167.558681
1167.558681
1167.558681
1167.558681
1167.558681
1167.558681
1167.558681
1167.558681
1167.558681
1167.558681
1167.558681
1167.558681
1167.558681
1167.558681
1167.558681
1167.558681
1167.558681
1167.558681
1167.558681
1167.554112
1167.554112
1167.554112
1167.554112
1167.554112
1167.554112
1167.554112
1167.554112
1167.554112
1167.554112
1167.554112
1167.554112
1167.554112
1167.554112
1167.554112
1167.554112
1167.554112
1167.554112
1167.552079
1167.543234
1167.543234
1167.543234
1167.543234
1167.543234
1167.543234
1167.543234
1167.543234
1167.543234
1167.543234
1167.543234
1167.543234
1167.541093
1167.541093
1167.541093
1167.541093
1167.541093
1167.541093
1167.541093
1167.541093
1167.541093
1167.541093
1167.541093
1167.541093
1167.541093
1167.541093
1167.541093
1167.541093
1167.541093
1167.541093
1167.541093
1167.541093
1167.541093
1167.541093
1167.541093
1167.541093
1167.541093
1167.541093
1167.541093
1167.541093
1167.541093
1167.541093
1167.541093
1167.541093
1167.541093
1167.541093
1167.541093
1167.541093
1167.541093
1167.541093
1167.541093
1167.541093
1167.541093
1167.541093
1167.541093
1167.541093
1167.541093
1167.541093
1167.541093
1167.541093
1167.541093
1167.541093
1167.541093
1167.541093
1167.541093
1167.541093
1167.532900
1167.532900
1167.532900
1167.532900
1167.532900
1167.532900
1167.532900
1167.532900
1167.532900
1167.532900
1167.532900
1167.532303
1167.532303
1167.532303
1167.532303
1167.532303
1167.532303
1167.532303
1167.532303
1167.532303
1167.532303
1167.532303
1167.532303
1167.532303
1167.532303
1167.532303
1167.532303
1167.532303
1167.532303
1167.532303
1167.532303
1167.532303
1167.532303
1167.532303
1167.532303
1167.532303
1167.532303
1167.532303
1167.532303
1167.532303
1167.532303
1167.532303
1167.532303
1167.532303
1167.532303
1167.532303
1167.532303
1167.532303
1167.532303
1167.532303
1167.532303
1167.532303
1167.532303
1167.532303
1167.532303
1167.532303
1167.532303
1167.532303
1167.523531
1167.523531
1167.523531
1167.523531
1167.523531
1167.523531
1167.523531
1167.523531
1167.523531
1167.523531
1167.523531
1167.523531
1167.523531
1167.523531
1167.523531
1167.523531
1167.523531
1167.523531
1167.523531
1167.523531
1167.523531
1167.523531
1167.523531
1167.523531
1167.523531
1167.523531
1167.523531
1167.523531
1167.523531
1167.523531
1167.523531
1167.523531
1167.523531
1167.523531
1167.523531
1167.523531
1167.523531
1167.523531
1167.523531
1167.523531
1167.519735
1167.519735
1167.519735
1167.519735
1167.519735
1167.519735
1167.519735
1167.519735
1167.519735
1167.519735
1167.519735
1167.519735
1167.519735
1167.519735
1167.519735
1167.519735
1167.519735
1167.519735
1167.519735
1167.519735
1167.519735
1167.519735
1167.519735
1167.519735
1167.519735
1167.519735
1167.519735
1167.519735
1167.519735
1167.519735
1167.519735
1167.519735
1167.519735
1167.519735
1167.519735
1167.519735
1167.519735
1167.519735
1167.519735
1167.519735
1167.519735
1167.519735
1167.519735
1167.513659
1167.513659
1167.513659
1167.513659
1167.513659
1167.513659
1167.513659
1167.513659
1167.513659
1167.513659
1167.513659
1167.513659
1167.513659
1167.513659
1167.513659
1167.513659
1167.513659
1167.513659
1167.513659
1167.513659
1167.513659
1167.513659
1167.513659
1167.513659
1167.513659
1167.513659
1167.513659
1167.513659
1167.513659
1167.513659
1167.513659
1167.513659
1167.513659
1167.513659
1167.513659
1167.513659
1167.513659
1167.513659
1167.513659
1167.513659
1167.513659
1167.513659
1167.513659
1167.513659
1167.505169
1167.505169
1167.505169
1167.505169
1167.505169
1167.505169
1167.505169
1167.505169
1167.505169
1167.505169
1167.485697
1167.485697
1167.485697
1167.485697
1167.485697
1167.485697
1167.485697
1167.485697
1167.485697
1167.485697
1167.485697
1167.485697
1167.485697
1167.485697
1167.485697
1167.485697
1167.485697
1167.485697
1167.485697
1167.485697
1167.485697
1167.485697
1167.485697
1167.485697
1167.485697
1167.485697
1167.485697
1167.485697
1167.485697
1167.485697
1167.485697
1167.485697
1167.485697
1167.485697
1167.485697
1167.485697
1167.485697
1167.485697
1167.485697
1167.485697
1167.485697
1167.485697
1167.485697
1167.485697
1167.485697
1167.485697
1167.485697
1167.480327
1167.480327
1167.480327
1167.480327
1167.480327
1167.480327
1167.480327
1167.480327
1167.480327
1167.480327
1167.480327
1167.480327
1167.480327
1167.480327
1167.480327
1167.480327
1167.480327
1167.480327
1167.480327
1167.480327
1167.480327
1167.480327
1167.480327
1167.480327
1167.480327
1167.480327
1167.480327
1167.480327
1167.480327
1167.480327
1167.480327
1167.480327
1167.480327
1167.480327
1167.480327
1167.480327
1167.480327
1167.480327
1167.480327
1167.480327
1167.480327
1167.480327
1167.480327
1167.480327
1167.480327
1167.480327
1167.480327
1167.480327
1167.480327
1167.480327
1167.480327
1167.480327
1167.480327
1167.480327
1167.480327
1167.480327
1167.480327
1167.480327
1167.479009
1167.479009
1167.479009
1167.479009
1167.479009
1167.479009
1167.479009
1167.479009
1167.479009
1167.479009
1167.479009
1167.479009
1167.479009
1167.479009
1167.479009
1167.479009
1167.479009
1167.479009
1167.479009
1167.479009
1167.479009
1167.479009
1167.479009
1167.479009
1167.479009
1167.479009
1167.479009
1167.479009
1167.479009
1167.479009
1167.479009
1167.479009
1167.479009
1167.476503
1167.476503
1167.476503
1167.476503
1167.476503
1167.476503
1167.476503
1167.476503
1167.466500
1167.466500
1167.466500
1167.466500
1167.466500
1167.466500
1167.466500
1167.466500
1167.466500
1167.466500
1167.466500
1167.466500
1167.466500
1167.466500
1167.466500
1167.466500
1167.463308
1167.463308
1167.463308
1167.463308
1167.463308
1167.463308
1167.463308
1167.463308
1167.463308
1167.463308
1167.463308
1167.463308
1167.463308
1167.463308
1167.463308
1167.463308
1167.463308
1167.463308
1167.463308
1167.463308
1167.463308
1167.463308
1167.463308
1167.463308
1167.463308
1167.463308
1167.463308
1167.463308
1167.463308
1167.463308
1167.463308
1167.463308
1167.463308
1167.463308
1167.463308
1167.463308
1167.463308
1167.463308
1167.448987
1167.448987
1167.448987
1167.448987
1167.448987
1167.448987
1167.448987
1167.448987
1167.448987
1167.448987
1167.448987
1167.448987
1167.448987
1167.448987
1167.448987
1167.448987
1167.448987
1167.448987
1167.448987
1167.448987
1167.448987
1167.448987
1167.448987
1167.448987
1167.448987
1167.448987
1167.448987
1167.448987
1167.448987
1167.448987
1167.448987
1167.448987
1167.448987
1167.448987
1167.448987
1167.448987
1167.448987
1167.448987
1167.448987
1167.448987
1167.448987
1167.448987
1167.448987
1167.448987
1167.448987
1167.448987
1167.448987
1167.448987
1167.448987
1167.448987
1167.448987
1167.448987
1167.448987
1167.448987
1167.448987
1167.448987
1167.448987
1167.448987
1167.448987
1167.448987
1167.448987
1167.448987
1167.448987
1167.448987
1167.448987
1167.448987
1167.448987
1167.448987
1167.448987
1167.448987
1167.448987
1167.448987
1167.448987
1167.448987
1167.448987
1167.448987
1167.448987
1167.448987
1167.448987
1167.448987
1167.448987
1167.448987
1167.448987
1167.448987
1167.438376
1167.438376
1167.438376
1167.438376
1167.438376
1167.438376
1167.438376
1167.438376
1167.438376
1167.438376
1167.438376
1167.438376
1167.438376
1167.438376
1167.438376
1167.438376
1167.438376
1167.438376
1167.438376
1167.438376
1167.438376
1167.438376
1167.438376
1167.438376
1167.438376
1167.438140
1167.424947
1167.424947
1167.424947
1167.424947
1167.424947
1167.424947
1167.424947
1167.424947
1167.424947
1167.424947
1167.424947
1167.424947
1167.424947
1167.424947
1167.424947
1167.424947
1167.424947
1167.424947
1167.424947
1167.402313
1167.402313
1167.402313
1167.402313
1167.402313
1167.402313
1167.402313
1167.402313
1167.402313
1167.402313
1167.402313
1167.402313
1167.402313
1167.402313
1167.402313
1167.402313
1167.402313
1167.402313
1167.402313
1167.373727
1167.373727
1167.373727
1167.373727
1167.373727
1167.373727
1167.373727
1167.373727
1167.373727
1167.373727
1167.373727
1167.373727
1167.373727
1167.373727
1167.373727
1167.373727
1167.373727
1167.373727
1167.373727
1167.373727
1167.373727
1167.373727
1167.373727
1167.373727
1167.373727
1167.373727
1167.373727
1167.373727
1167.373727
1167.373727
1167.373727
1167.373727
1167.373727
1167.373727
1167.373727
1167.373727
1167.373727
1167.373727
1167.373727
1167.373727
1167.373727
1167.373727
1167.373727
1167.373727
1167.373727
1167.373727
1167.373727
1167.373727
1167.373727
1167.373727
1167.371144
1167.371144
1167.371144
1167.371144
1167.371144
1167.371144
1167.371144
1167.371144
1167.371144
1167.371144
1167.371144
1167.371144
1167.371144
1167.371144
1167.371144
1167.371144
1167.371144
1167.371144
1167.371144
1167.371144
1167.371144
1167.371144
1167.371144
1167.371144
1167.371144
1167.371144
1167.371144
1167.371144
1167.371144
1167.371144
1167.371144
1167.371144
1167.371144
1167.371144
1167.371144
1167.371144
1167.371144
1167.371144
1167.371144
1167.371144
1167.371144
1167.371144
1167.371144
1167.371144
1167.371144
1167.371144
1167.371144
1167.371144
1167.371144
1167.371144
1167.369450
1167.369450
1167.369450
1167.369450
1167.369450
1167.369450
1167.369450
1167.369450
1167.369450
1167.369450
1167.369450
1167.369450
1167.369450
1167.369450
1167.369450
1167.369450
1167.369450
1167.369450
1167.369450
1167.369450
1167.369450
1167.369450
1167.369450
1167.369450
1167.369450
1167.369450
1167.369450
1167.369450
1167.369450
1167.369450
1167.369450
1167.369450
1167.369450
1167.369450
1167.369450
1167.369450
1167.369450
1167.369450
1167.369450
1167.369450
1167.369450
1167.369450
1167.369450
1167.369450
1167.369450
1167.369450
1167.369450
1167.369450
1167.369450
1167.333337
1167.333337
1167.333337
1167.333337
1167.333337
1167.333337
1167.333337
1167.333337
1167.333337
1167.333337
1167.333337
1167.333337
1167.333337
1167.333337
1167.333337
1167.333337
1167.333337
1167.333337
1167.333337
1167.333337
1167.333337
1167.333337
1167.333337
1167.333337
1167.333337
1167.333337
1167.333337
1167.333337
1167.333337
1167.333337
1167.333337
1167.333337
1167.333337
1167.333337
1167.333337
1167.333337
1167.333337
1167.333337
1167.333337
1167.333337
1167.333337
1167.333337
1167.333337
1167.333337
1167.333337
1167.333337
1167.333337
1167.333337
1167.333337
1167.313130
1167.313130
1167.313130
1167.313130
1167.313130
1167.313130
1167.313130
1167.313130
1167.287821
1167.287821
1167.287821
1167.287821
1167.287821
1167.287821
1167.287821
1167.287821
1167.287821
1167.287821
1167.287821
1167.287821
1167.287821
1167.287821
1167.287821
1167.287821
1167.287821
1167.287821
1167.287821
1167.287821
1167.287821
1167.287821
1167.287821
1167.287821
1167.287821
1167.287821
1167.287821
1167.287821
1167.287821
1167.287821
1167.287821
1167.287821
1167.287821
1167.287821
1167.287821
1167.287821
1167.287821
1167.287821
1167.287821
1167.287821
1167.287821
1167.287821
1167.287821
1167.287821
1167.287821
1167.287821
1167.287821
1167.287821
1167.287821
1167.287821
1167.273130
1167.273130
1167.273130
1167.273130
1167.273130
1167.273130
1167.273130
1167.273130
1167.273130
1167.273130
1167.273130
1167.273130
1167.273130
1167.273130
1167.273130
1167.273130
1167.273130
1167.273130
1167.273130
1167.273130
1167.273130
1167.273130
1167.273130
1167.273130
1167.273130
1167.273130
1167.273130
1167.273130
1167.273130
1167.273130
1167.273130
1167.273130
1167.273130
1167.273130
1167.273130
1167.273130
1167.273130
1167.273130
1167.273130
1167.273130
1167.273130
1167.273130
1167.273130
1167.273130
1167.273130
1167.273130
1167.273130
1167.273130
1167.273130
1167.273130
1167.273130
1167.273130
1167.273130
1167.273130
1167.273130
1167.273130
1167.273130
1167.273130
1167.273130
1167.273130
1167.273130
1167.273130
1167.273130
1167.273130
1167.273130
1167.273130
1167.273130
1167.273130
1167.273130
1167.273130
1167.273130
1167.273130
1167.273130
1167.273130
1167.273130
1167.273130
1167.273130
1167.273130
1167.273130
1167.273130
1167.273130
1167.273130
1167.273130
1167.273130
1167.273130
1167.273130
1167.273130
1167.273130
1167.273130
1167.268151
1167.268151
1167.268151
1167.268151
1167.268151
1167.268151
1167.268151
1167.268151
1167.265186
1167.265186
1167.265186
1167.265186
1167.265186
1167.265186
1167.265186
1167.265186
1167.265186
1167.265186
1167.265186
1167.265186
1167.265186
1167.265186
1167.265186
1167.265186
1167.265186
1167.265186
1167.265186
1167.253220
1167.253220
1167.253220
1167.253220
1167.253220
1167.253220
1167.253220
1167.253220
1167.253220
1167.253220
1167.253220
1167.253220
1167.253220
1167.253220
1167.253220
1167.253220
1167.253220
1167.253220
1167.253220
1167.253220
1167.253220
1167.253220
1167.253220
1167.253220
1167.253220
1167.253220
1167.253220
1167.253220
1167.253220
1167.253220
1167.253220
1167.253220
1167.253220
1167.253220
1167.251705
1167.251705
1167.251705
1167.251705
1167.251705
1167.251705
1167.251705
1167.251705
1167.251705
1167.251705
1167.251705
1167.251705
1167.251705
1167.251705
1167.251705
1167.251705
1167.251705
1167.251705
1167.251705
1167.251705
1167.251705
1167.251705
1167.231635
1167.231635
1167.231635
1167.231635
1167.231635
1167.231635
1167.231635
1167.231635
1167.231635
1167.231635
1167.231635
1167.231635
1167.231635
1167.231635
1167.231635
1167.231635
1167.231635
1167.229193
1167.229193
1167.229193
1167.229193
1167.229193
1167.229193
1167.229193
1167.229193
1167.229193
1167.229193
1167.229193
1167.225682
1167.225682
1167.225682
1167.225682
1167.225682
1167.225682
1167.225682
1167.225682
1167.225682
1167.225682
1167.225682
1167.225682
1167.225682
1167.225682
1167.225682
1167.225682
1167.225682
1167.225682
1167.225682
1167.225682
1167.225682
1167.225682
1167.225682
1167.225682
1167.225682
1167.225682
1167.225682
1167.225682
1167.225682
1167.225682
1167.225682
1167.225682
1167.225682
1167.225682
1167.225682
1167.225682
1167.225682
1167.225682
1167.225682
1167.225682
1167.225682
1167.225682
1167.225682
1167.225682
1167.225682
1167.225682
1167.225682
1167.225682
1167.225682
1167.225682
1167.225682
1167.225682
1167.225682
1167.225682
1167.225682
1167.225682
1167.225682
1167.225682
1167.225682
1167.225682
1167.225682
1167.225682
1167.225682
1167.225682
1167.225682
1167.225682
1167.225682
1167.225682
1167.225682
1167.225682
1167.225682
1167.225682
1167.225682
1167.225682
1167.225682
1167.220657
1167.220657
1167.220657
1167.220657
1167.220657
1167.220657
1167.220657
1167.220657
1167.220657
1167.220657
1167.220657
1167.220657
1167.220657
1167.220657
1167.220657
1167.220657
1167.220657
1167.220657
1167.220657
1167.220657
1167.220657
1167.220657
1167.220657
1167.220657
1167.220657
1167.220657
1167.220657
1167.220657
1167.191714
1167.191714
1167.191714
1167.191714
1167.191714
1167.191714
1167.191714
1167.191714
1167.191714
1167.191714
1167.191714
1167.191714
1167.191714
1167.191714
1167.191714
1167.191714
1167.191714
1167.191714
1167.191714
1167.191714
1167.191714
1167.191714
1167.191714
1167.191714
1167.191714
1167.191714
1167.191714
1167.191714
1167.191714
1167.191714
1167.191714
1167.191714
1167.191714
1167.191714
1167.191714
1167.191714
1167.191714
1167.191714
1167.191714
1167.191714
1167.191714
1167.191714
1167.191714
1167.191714
1167.191714
1167.191714
1167.191714
1167.191714
1167.191714
1167.191714
1167.191714
1167.191714
1167.191714
1167.191714
1167.191714
1167.191714
1167.191714
1167.191714
1167.191714
1167.191714
1167.191714
1167.191714
1167.191714
1167.191714
1167.191714
1167.191714
1167.191714
1167.191714
1167.191714
1167.191714
1167.191714
1167.191714
1167.191714
1167.191714
1167.191714
1167.191714
1167.191714
1167.191714
1167.191714
1167.191714
1167.191714
1167.191714
1167.191714
1167.191714
1167.191714
1167.191714
1167.191714
1167.191714
1167.191714
1167.191714
1167.191714
1167.191714
1167.191714
1167.191714
1167.191714
1167.191714
1167.191714
1167.191714
1167.191714
1167.191714
1167.191714
1167.191714
1167.191714
1167.191714
1167.191714
1167.191714
1167.191714
1167.191714
1167.191714
1167.191714
1167.191714
1167.191714
1167.191714
1167.191714
1167.191714
1167.191714
1167.191714
1167.191714
1167.191714
1167.191714
1167.191714
1167.183559
1167.183559
1167.183559
1167.183559
1167.183559
1167.183559
1167.183559
1167.183559
1167.183559
1167.183559
1167.183559
1167.183559
1167.183559
1167.183559
1167.183559
1167.183559
1167.183559
1167.183559
1167.183559
1167.183559
1167.183559
1167.183559
1167.166200
1167.166200
1167.166200
1167.166200
1167.166200
1167.166200
1167.166200
1167.166200
1167.166200
1167.166200
1167.166200
1167.166200
1167.166200
1167.166200
1167.166200
1167.166200
1167.166200
1167.166200
1167.166200
1167.166200
1167.166200
1167.166200
1167.166200
1167.166200
1167.166200
1167.166200
1167.166200
1167.166200
1167.166200
1167.166200
1167.166200
1167.166200
1167.166200
1167.166200
1167.166200
1167.166200
1167.166200
1167.166200
1167.166200
1167.166200
1167.166200
1167.166200
1167.166200
1167.166200
1167.166200
1167.166200
1167.166200
1167.166200
1167.166200
1167.166200
1167.166200
1167.166200
1167.166200
1167.166200
1167.166200
1167.166200
1167.166200
1167.166200
1167.166200
1167.166200
1167.166200
1167.166200
1167.166200
1167.166200
1167.166200
1167.166200
1167.166200
1167.166200
1167.166200
1167.166200
1167.166200
1167.166200
1167.166200
1167.166200
1167.166200
1167.166200
1167.166200
1167.166200
1167.166200
1167.166200
1167.166200
1167.166200
1167.166200
1167.166200
1167.166200
1167.166200
1167.165493
1167.165493
1167.165493
1167.165493
1167.165493
1167.165493
1167.165493
1167.165493
1167.165493
1167.165493
1167.165493
1167.165493
1167.165493
1167.165493
1167.165493
1167.165493
1167.165493
1167.165493
1167.165493
1167.165493
1167.165493
1167.144554
1167.144554
1167.144554
1167.144554
1167.144554
1167.144554
1167.144554
1167.144554
1167.144554
1167.144554
1167.144554
1167.144554
1167.144554
1167.144554
1167.144554
1167.144554
1167.144554
1167.144554
1167.144554
1167.144554
1167.144554
1167.144554
1167.144554
1167.144554
1167.144554
1167.144554
1167.144554
1167.144554
1167.144554
1167.144554
1167.144554
1167.144554
1167.144554
1167.144554
1167.144554
1167.144554
1167.144554
1167.144554
1167.144554
1167.144554
1167.144554
1167.144554
1167.144554
1167.144554
1167.144554
1167.144554
1167.144554
1167.144554
1167.144554
1167.144554
1167.144554
1167.144554
1167.144554
1167.144554
1167.144554
1167.144554
1167.144554
1167.144554
1167.144554
1167.144554
1167.144554
1167.144554
1167.143948
1167.143948
1167.143948
1167.143948
1167.143948
1167.143948
1167.143948
1167.142570
1167.142570
1167.142570
1167.142570
1167.142570
1167.142570
1167.142570
1167.142570
1167.142570
1167.142570
1167.142570
1167.142570
1167.142570
1167.142570
1167.142570
1167.142570
1167.142570
1167.142570
1167.142570
1167.142570
1167.142570
1167.142570
1167.142570
1167.142570
1167.142570
1167.142570
1167.142570
1167.142570
1167.142570
1167.142570
1167.142570
1167.133936
1167.133936
1167.133936
1167.133936
1167.133936
1167.133936
1167.133936
1167.133936
1167.133936
1167.133936
1167.133936
1167.133936
1167.133936
1167.133936
1167.133936
1167.133936
1167.133936
1167.133936
1167.133936
1167.133936
1167.133936
1167.133936
1167.133936
1167.133936
1167.133936
1167.133936
1167.133936
1167.133936
1167.133936
1167.133936
1167.133936
1167.133936
1167.133936
1167.133936
1167.133936
1167.133936
1167.133936
1167.133936
1167.133936
1167.133936
1167.133936
1167.133936
1167.133936
1167.133936
1167.133936
1167.133936
1167.133936
1167.133936
1167.133936
1167.133936
1167.133936
1167.133936
1167.133936
1167.133936
1167.133936
1167.133936
1167.133936
1167.133936
1167.133936
1167.133936
1167.133936
1167.133936
1167.133936
1167.133936
1167.133936
1167.133936
1167.133936
1167.133936
1167.133936
1167.133936
1167.133936
1167.133936
1167.133936
1167.133936
1167.133936
1167.133936
1167.133936
1167.133936
1167.133936
1167.133936
1167.133936
1167.133936
1167.133936
1167.133936
1167.133936
1167.133936
1167.133936
1167.133936
1167.133936
1167.133936
1167.132024
1167.132024
1167.132024
1167.132024
1167.132024
1167.132024
1167.132024
1167.132024
1167.132024
1167.132024
1167.132024
1167.132024
1167.132024
1167.132024
1167.132024
1167.132024
1167.132024
1167.132024
1167.132024
1167.132024
1167.132024
1167.132024
1167.132024
1167.132024
1167.132024
1167.132024
1167.132024
1167.132024
1167.132024
1167.132024
1167.132024
1167.132024
1167.132024
1167.132024
1167.132024
1167.132024
1167.132024
1167.132024
1167.132024
1167.132024
1167.132024
1167.132024
1167.132024
1167.132024
1167.132024
1167.132024
1167.132024
1167.132024
1167.132024
1167.132024
1167.132024
1167.132024
1167.132024
1167.132024
1167.132024
1167.132024
1167.132024
1167.132024
1167.132024
1167.132024
1167.132024
1167.132024
1167.132024
1167.132024
1167.132024
1167.132024
1167.132024
1167.132024
1167.132024
1167.132024
1167.132024
1167.132024
1167.132024
1167.132024
1167.132024
1167.132024
1167.132024
1167.132024
1167.132024
1167.132024
1167.132024
1167.132024
1167.132024
1167.132024
1167.132024
1167.132024
1167.132024
1167.132024
1167.132024
1167.120956
1167.120956
1167.120956
1167.120956
1167.120956
1167.120956
1167.120956
1167.120956
1167.120956
1167.120956
1167.120956
1167.120956
1167.120956
1167.120956
1167.120956
1167.120956
1167.120956
1167.120956
1167.120956
1167.120956
1167.120956
1167.120956
1167.120956
1167.120956
1167.120956
1167.120956
1167.120956
1167.120956
1167.120956
1167.120956
1167.120956
1167.120956
1167.120956
1167.120956
1167.120956
1167.120956
1167.120956
1167.120956
1167.120956
1167.120956
1167.120956
1167.120956
1167.120956
1167.120956
1167.120956
1167.120956
1167.120956
1167.120956
1167.120956
1167.120956
1167.120956
1167.120956
1167.117650
1167.117650
1167.117650
1167.117650
1167.117650
1167.117650
1167.117650
1167.117650
1167.117650
1167.117650
1167.117650
1167.117650
1167.117650
1167.117650
1167.117650
1167.117650
1167.117650
1167.117650
1167.117650
1167.117650
1167.117650
1167.117650
1167.117650
1167.117650
1167.117650
1167.117650
1167.117650
1167.117650
1167.117650
1167.117650
1167.117650
1167.117650
1167.117650
1167.117650
1167.117650
1167.117650
1167.117650
1167.117650
1167.117650
1167.117650
1167.117650
1167.117650
1167.117650
1167.117650
1167.117650
1167.117650
1167.117650
1167.117650
1167.117650
1167.117650
1167.117650
1167.117650
1167.105328
1167.105328
1167.105328
1167.105328
1167.099620
1167.099620
1167.099620
1167.099620
1167.099620
1167.099620
1167.099620
1167.099620
1167.099620
1167.099620
1167.099620
1167.099620
1167.099620
1167.099620
1167.099620
1167.099620
1167.099620
1167.099620
1167.099620
1167.099620
1167.099620
1167.099620
1167.099620
1167.099620
1167.099620
1167.099620
1167.099620
1167.099620
1167.099620
1167.099620
1167.099620
1167.099620
1167.099620
1167.099620
1167.099620
1167.099620
1167.099620
1167.099620
1167.099620
1167.099620
1167.099620
1167.099620
1167.099620
1167.099620
1167.099620
1167.099620
1167.099620
1167.099620
1167.099620
1167.099620
1167.099620
1167.099620
1167.099620
1167.099620
1167.099620
1167.099620
1167.099620
1167.099620
1167.099620
1167.099620
1167.097320
1167.097320
1167.097320
1167.097320
1167.097320
1167.097320
1167.097320
1167.097320
1167.097320
1167.097320
1167.097320
1167.097320
1167.097320
1167.097320
1167.097320
1167.097320
1167.097320
1167.097320
1167.097320
1167.097320
1167.097320
1167.097320
1167.097320
1167.097320
1167.097320
1167.097320
1167.097320
1167.097320
1167.097320
1167.097320
1167.097320
1167.097320
1167.097320
1167.097320
1167.097320
1167.097320
1167.097320
1167.097320
1167.097320
1167.096166
1167.096166
1167.096166
1167.096166
1167.096166
1167.096166
1167.096166
1167.096166
1167.096166
1167.096166
1167.096166
1167.096166
1167.096166
1167.096166
1167.096166
1167.096166
1167.096166
1167.096166
1167.096166
1167.096166
1167.096166
1167.096166
1167.096166
1167.096166
1167.096166
1167.096166
1167.096166
1167.096166
1167.096166
1167.096166
1167.096166
1167.096166
1167.096166
1167.096166
1167.096166
1167.096166
1167.096166
1167.096166
1167.096166
1167.096166
1167.096166
1167.096166
1167.096166
1167.096166
1167.096166
1167.096166
1167.096166
1167.096166
1167.096166
1167.096166
1167.096166
1167.096166
1167.096166
1167.096166
1167.096166
1167.096166
1167.096166
1167.096166
1167.096166
1167.096166
1167.096166
1167.096166
1167.096166
1167.096166
1167.096166
1167.096166
1167.096166
1167.086682
1167.086682
1167.086682
1167.086682
1167.086682
1167.086682
1167.086682
1167.086682
1167.086682
1167.086682
1167.086682
1167.086682
1167.086682
1167.086682
1167.086682
1167.086682
1167.086682
1167.086682
1167.086682
1167.086682
1167.086682
1167.086682
1167.086682
1167.086682
1167.086682
1167.086682
1167.086682
1167.086682
1167.086682
1167.086682
1167.086682
1167.086682
1167.086682
1167.086682
1167.086682
1167.086682
1167.086682
1167.086682
1167.086682
1167.086682
1167.086682
1167.086682
1167.086682
1167.086682
1167.086682
1167.086682
1167.086682
1167.086682
1167.086682
1167.086682
1167.086682
1167.086682
1167.086682
1167.086682
1167.086682
1167.086682
1167.086682
1167.086682
1167.086682
1167.086682
1167.086682
1167.086682
1167.086682
1167.086682
1167.086682
1167.086682
1167.077614
1167.077614
1167.077614
1167.077614
1167.077614
1167.077614
1167.077614
1167.077614
1167.077614
1167.077614
1167.077614
1167.077614
1167.077614
1167.077614
1167.077614
1167.077614
1167.077614
1167.077614
1167.077614
1167.077614
1167.073204
1167.073204
1167.073204
1167.073204
1167.073204
1167.073204
1167.073204
1167.073204
1167.073204
1167.073204
1167.073204
1167.073204
1167.073204
1167.073204
1167.073204
1167.073204
1167.073204
1167.073204
1167.073204
1167.073204
1167.073204
1167.073204
1167.073204
1167.073204
1167.073204
1167.073204
1167.073204
1167.073204
1167.073204
1167.073204
1167.073204
1167.073204
1167.073204
1167.073204
1167.073204
1167.073204
1167.073204
1167.073204
1167.073204
1167.073204
1167.073204
1167.073204
1167.073204
1167.073204
1167.073204
1167.073204
1167.073204
1167.073204
1167.073204
1167.073204
1167.073204
1167.073204
1167.073204
1167.073204
1167.073204
1167.073204
1167.073204
1167.073204
1167.073204
1167.073204
1167.073204
1167.073204
1167.073204
1167.073204
1167.073204
1167.073204
1167.073204
1167.073204
1167.073204
1167.073204
1167.073204
1167.073204
1167.073204
1167.073204
1167.073204
1167.073204
1167.073204
1167.073204
1167.073204
1167.073204
1167.073204
1167.073204
1167.073204
1167.073204
1167.073204
1167.073204
1167.073204
1167.073204
1167.073204
1167.071420
1167.071420
1167.071420
1167.071420
1167.071420
1167.071420
1167.071420
1167.071420
1167.068000
1167.068000
1167.068000
1167.068000
1167.068000
1167.068000
1167.068000
1167.068000
1167.068000
1167.068000
1167.068000
1167.068000
1167.068000
1167.068000
1167.068000
1167.068000
1167.068000
1167.068000
1167.068000
1167.068000
1167.068000
1167.068000
1167.068000
1167.068000
1167.068000
1167.068000
1167.067719
1167.067719
1167.067719
1167.067719
1167.067719
1167.067719
1167.067719
1167.067719
1167.067719
1167.067719
1167.067719
1167.067719
1167.067719
1167.067719
1167.067719
1167.067719
1167.061650
1167.061650
1167.061650
1167.061650
1167.061650
1167.061650
1167.061650
1167.061650
1167.061650
1167.061650
1167.061650
1167.061650
1167.061650
1167.061650
1167.061650
1167.061650
1167.061650
1167.054296
1167.054296
1167.054296
1167.054296
1167.054296
1167.054296
1167.054296
1167.054296
1167.054296
1167.054296
1167.054296
1167.054296
1167.054296
1167.054296
1167.054296
1167.054296
1167.054296
1167.054296
1167.041455
1167.041455
1167.041455
1167.041455
1167.041455
1167.041455
1167.041455
1167.041455
1167.041455
1167.041455
1167.041455
1167.041455
1167.041455
1167.041455
1167.041455
1167.041455
1167.041455
1167.041455
1167.041455
1167.041455
1167.041455
1167.041455
1167.041455
1167.041455
1167.041455
1167.041455
1167.041455
1167.041455
1167.041455
1167.041455
1167.037898
1167.037898
1167.037898
1167.037898
1167.037898
1167.037898
1167.037898
1167.037898
1167.037898
1167.037898
1167.037898
1167.037898
1167.037898
1167.037898
1167.037898
1167.037898
1167.037898
1167.037898
1167.037898
1167.037898
1167.037898
1167.037898
1167.037898
1167.037898
1167.037898
1167.037898
1167.037898
1167.037898
1167.037898
1167.037898
1167.037898
1167.037898
1167.037898
1167.037898
1167.037898
1167.037898
1167.037898
1167.037898
1167.037898
1167.004487
1167.004487
1167.004487
1167.004487
1167.004487
1167.004487
1167.004487
1167.004487
1167.004487
1167.004487
1167.004487
1167.004487
1167.004487
1167.004487
1167.004487
1167.004487
1167.004487
1167.004487
1167.004487
1167.004487
1167.004487
1167.004487
1167.004487
1167.004487
1167.004487
1167.004487
1167.004487
1167.004487
1167.004487
1167.004487
1167.004487
1167.004487
1167.004487
1167.004487
1167.004487
1167.004487
1167.004487
1167.004487
1167.004487
1167.004487
1167.004487
1167.004487
1167.004487
1167.004487
1167.004487
1167.004487
1167.004487
1167.004487
1167.004487
1167.004487
1167.004487
1167.004487
1167.004487
1167.004487
1167.004487
1167.004487
1167.004487
1167.004487
1167.004487
1167.004487
1167.004487
1167.004487
1167.004487
1167.004487
1167.004487
1167.004487
1167.004487
1167.004487
1167.004487
1167.004487
1167.004487
1167.004487
1167.004487
1167.004487
1167.004487
1167.004487
1167.004487
1167.004487
1167.004487
1167.004487
1167.004487
1167.004487
1167.004487
1167.004487
1167.004487
1167.004487
1167.004487
1167.004487
1167.004487
1167.004487
1167.004487
1167.004487
1167.004487
1167.004487
1167.004487
1167.004487
1167.004487
1167.004487
1167.004487
1167.004487
1167.004487
1167.004487
1167.004487
1167.004487
1167.004487
1167.004487
1167.004487
1167.004487
1167.004487
1167.004487
1167.004487
1167.004487
1167.004487
1167.004487
1167.004487
1167.004487
1167.004487
1167.004487
1167.004487
1167.004487
1167.004487
1167.004487
1167.004487
1167.004487
1167.004487
1167.004487
1167.004487
1167.004487
1167.004487
1167.004487
1167.004487
1167.004487
1167.004487
1167.004487
1167.004487
1167.004487
1167.004487
1167.004487
1167.004487
1167.004487
1167.004487
1167.004487
1167.004487
1167.004487
1167.004487
1167.004487
1167.004487
1167.004487
1167.004487
1167.002394
1167.002394
1167.002394
1167.002394
1167.002394
1167.002394
1167.002394
1167.002394
1167.002394
1167.002394
1167.002394
1167.002394
1167.002394
1167.002394
1167.002394
1167.002394
1167.002394
1167.002394
1167.002394
1167.002394
1167.002394
1167.002394
1167.002394
1167.002394
1167.002394
1167.002394
1167.002394
1167.002394
1167.002394
1167.002394
1167.002394
1167.002394
1167.002394
1167.002394
1167.002394
1167.002394
1167.002394
1167.002394
1167.002394
1167.002394
1167.002394
1167.002394
1167.002394
1167.002394
1167.002394
1167.002394
1167.002394
1167.002394
1167.002394
1166.979394
1166.979394
1166.979394
1166.979394
1166.979394
1166.971125
1166.971125
1166.971125
1166.971125
1166.971125
1166.971125
1166.971125
1166.971125
1166.971125
1166.971125
1166.971125
1166.971125
1166.971125
1166.971125
1166.971125
1166.971125
1166.971125
1166.971125
1166.971125
1166.971125
1166.971125
1166.971125
1166.971125
1166.967827
1166.967827
1166.967827
1166.967827
1166.967827
1166.967827
1166.967827
1166.967827
1166.967827
1166.967827
1166.967827
1166.967827
1166.967827
1166.967827
1166.967827
1166.967827
1166.967827
1166.967827
1166.967827
1166.967827
1166.967827
1166.967827
1166.967827
1166.967827
1166.967827
1166.967827
1166.967827
1166.967827
1166.967827
1166.967827
1166.967827
1166.967827
1166.967827
1166.967827
1166.967827
1166.967827
1166.967827
1166.967827
1166.967827
1166.967827
1166.967827
1166.967827
1166.967827
1166.967827
1166.967827
1166.967827
1166.967827
1166.967827
1166.967827
1166.967827
1166.967827
1166.967827
1166.967827
1166.967827
1166.967827
1166.967827
1166.967827
1166.954117
1166.954117
1166.954117
1166.954117
1166.954117
1166.954117
1166.954117
1166.954117
1166.954117
1166.954117
1166.954117
1166.954117
1166.954117
1166.954117
1166.954117
1166.954117
1166.954117
1166.954117
1166.954117
1166.954117
1166.954117
1166.954117
1166.954117
1166.954117
1166.954117
1166.954117
1166.954117
1166.954117
1166.954117
1166.924191
1166.924191
1166.924191
1166.924191
1166.924191
1166.924191
1166.924191
1166.924191
1166.924191
1166.924191
1166.924191
1166.924191
1166.924191
1166.924191
1166.924191
1166.924191
1166.924191
1166.924191
1166.924191
1166.924191
1166.924191
1166.924191
1166.924191
1166.924191
1166.924191
1166.924191
1166.924191
1166.924191
1166.924191
1166.924191
1166.924191
1166.924191
1166.924191
1166.924191
1166.924191
1166.924191
1166.924191
1166.924191
1166.924191
1166.924191
1166.924191
1166.924191
1166.924191
1166.924191
1166.924191
1166.924191
1166.924191
1166.924191
1166.924191
1166.924191
1166.924191
1166.924191
1166.924191
1166.924191
1166.924191
1166.924191
1166.924191
1166.924191
1166.924191
1166.924191
1166.924191
1166.918755
1166.918755
1166.918755
1166.918755
1166.918755
1166.918755
1166.918755
1166.918755
1166.918755
1166.918755
1166.900366
1166.900366
1166.900366
1166.900366
1166.900366
1166.900366
1166.900366
1166.900366
1166.900366
1166.900366
1166.900366
1166.900366
1166.900366
1166.900366
1166.900366
1166.900366
1166.900366
1166.900366
1166.900366
1166.900366
1166.900366
1166.900366
1166.900366
1166.900366
1166.900366
1166.900366
1166.900366
1166.900366
1166.900366
1166.900366
1166.900366
1166.900366
1166.900366
1166.900366
1166.900366
1166.900366
1166.900366
1166.895143
1166.895143
1166.895143
1166.895143
1166.895143
1166.895143
1166.895143
1166.895143
1166.895143
1166.895143
1166.895143
1166.895143
1166.895143
1166.895143
1166.895143
1166.895143
1166.895143
1166.895143
1166.895143
1166.895143
1166.895143
1166.895143
1166.895143
1166.895143
1166.895143
1166.895143
1166.895143
1166.895143
1166.895143
1166.895143
1166.895143
1166.895143
1166.895143
1166.895143
1166.895143
1166.895143
1166.895143
1166.895143
1166.895143
1166.895143
1166.895143
1166.895143
1166.895143
1166.895143
1166.895143
1166.895143
1166.895143
1166.895143
1166.895143
1166.895143
1166.895143
1166.895143
1166.895143
1166.895143
1166.895143
1166.895143
1166.895143
1166.895143
1166.895143
1166.895143
1166.895143
1166.895143
1166.873615
1166.873615
1166.873615
1166.873615
1166.873615
1166.873615
1166.873615
1166.873615
1166.873615
1166.873615
1166.873615
1166.873615
1166.873615
1166.873615
1166.873615
1166.873615
1166.873615
1166.873615
1166.873615
1166.873615
1166.873615
1166.873615
1166.873615
1166.873615
1166.873615
1166.873615
1166.873615
1166.873615
1166.873615
1166.873615
1166.873615
1166.873615
1166.873615
1166.873615
1166.873615
1166.873615
1166.873615
1166.873615
1166.873615
1166.873615
1166.873615
1166.873615
1166.873615
1166.873615
1166.873615
1166.873615
1166.873615
1166.873615
1166.873615
1166.873615
1166.873615
1166.873615
1166.873615
1166.873615
1166.873615
1166.873615
1166.873615
1166.873615
1166.873615
1166.873615
1166.873615
1166.873615
1166.873615
1166.873615
1166.873615
1166.873615
1166.873615
1166.873615
1166.873615
1166.873615
1166.873615
1166.873615
1166.873615
1166.873615
1166.873615
1166.873615
1166.873615
1166.873615
1166.873615
1166.873615
1166.869053
1166.869053
1166.869053
1166.869053
1166.869053
1166.869053
1166.848467
1166.848467
1166.848467
1166.848467
1166.848467
1166.848467
1166.848467
1166.848467
1166.848467
1166.848467
1166.848467
1166.848467
1166.848467
1166.848467
1166.848467
1166.848467
1166.848467
1166.848467
1166.848467
1166.848467
1166.848467
1166.848467
1166.848467
1166.848467
1166.848467
1166.848467
1166.848467
1166.848467
1166.848467
1166.848467
1166.848467
1166.848467
1166.848467
1166.848467
1166.848467
1166.848467
1166.848467
1166.848467
1166.848467
1166.848467
1166.848467
1166.848467
1166.848467
1166.848467
1166.848467
1166.848467
1166.848467
1166.848467
1166.848467
1166.848467
1166.848467
1166.848467
1166.848467
1166.848467
1166.848467
1166.848467
1166.848467
1166.848467
1166.848467
1166.848467
1166.848467
1166.848467
1166.848467
1166.848467
1166.848467
1166.848467
1166.848467
1166.848467
1166.848467
1166.848467
1166.848467
1166.848467
1166.848467
1166.848467
1166.848467
1166.848467
1166.848467
1166.848467
1166.848467
1166.848467
1166.848467
1166.848467
1166.848467
1166.848467
1166.848467
1166.848467
1166.848467
1166.848467
1166.848467
1166.848467
1166.848467
1166.848467
1166.848467
1166.848467
1166.848467
1166.848467
1166.848467
1166.848467
1166.848467
1166.848467
1166.848467
1166.848467
1166.848467
1166.848467
1166.848467
1166.848467
1166.848467
1166.848467
1166.848467
1166.848467
1166.848467
1166.848467
1166.848467
1166.848467
1166.848467
1166.848467
1166.848467
1166.848467
1166.848467
1166.848467
1166.848467
1166.848467
1166.848467
1166.848467
1166.848467
1166.848467
1166.848467
1166.848467
1166.848467
1166.848467
1166.848467
1166.848467
1166.848467
1166.848467
1166.848467
1166.848467
1166.848467
1166.848467
1166.848467
1166.848467
1166.848467
1166.848467
1166.848467
1166.848467
1166.848467
1166.848467
1166.848467
1166.848467
1166.848467
1166.848467
1166.848467
1166.848467
1166.848467
1166.848467
1166.848467
1166.848467
1166.848467
1166.848467
1166.848467
1166.848467
1166.848467
1166.848467
1166.848467
1166.848467
1166.848467
1166.848467
1166.848467
1166.827282
1166.827282
1166.827282
1166.827282
1166.827282
1166.827282
1166.827282
1166.827282
1166.827282
1166.827282
1166.827282
1166.827282
1166.827282
1166.827282
1166.827282
1166.827282
1166.827282
1166.827282
1166.827282
1166.827282
1166.827282
1166.827282
1166.827282
1166.827282
1166.827282
1166.827282
1166.827282
1166.827282
1166.827282
1166.827282
1166.827282
1166.827282
1166.827282
1166.827282
1166.827282
1166.827282
1166.827282
1166.827282
1166.827282
1166.827282
1166.827282
1166.827282
1166.827282
1166.827282
1166.827282
1166.827282
1166.827282
1166.827282
1166.827282
1166.827282
1166.827282
1166.827282
1166.827282
1166.827282
1166.827282
1166.827282
1166.827282
1166.827282
1166.827282
1166.827282
1166.827282
1166.827282
1166.827282
1166.827282
1166.827282
1166.827282
1166.827282
1166.827282
1166.827282
1166.827282
1166.827282
1166.827282
1166.827282
1166.827282
1166.827282
1166.827282
1166.827282
1166.827282
1166.827282
1166.827282
1166.827282
1166.827282
1166.827282
1166.827282
1166.827282
1166.827282
1166.827282
1166.827282
1166.827282
1166.827282
1166.827282
1166.827282
1166.827282
1166.824859
1166.824859
1166.824859
1166.824859
1166.824859
1166.824859
1166.824859
1166.824859
1166.824859
1166.824859
1166.824859
1166.824859
1166.824859
1166.824859
1166.824859
1166.824859
1166.824859
1166.824859
1166.824859
1166.824859
1166.824859
1166.824859
1166.824859
1166.824859
1166.824859
1166.824859
1166.824859
1166.824859
1166.824859
1166.824859
1166.824859
1166.824859
1166.824859
1166.824859
1166.824859
1166.824859
1166.824859
1166.824859
1166.824859
1166.824859
1166.824859
1166.824859
1166.824859
1166.824859
1166.824859
1166.824859
1166.824859
1166.824859
1166.824859
1166.824859
1166.816220
1166.816220
1166.816220
1166.816220
1166.816220
1166.816220
1166.816220
1166.805724
1166.805724
1166.805724
1166.805724
1166.805724
1166.799917
1166.799917
1166.799917
1166.799917
1166.799917
1166.799917
1166.799917
1166.799917
1166.799917
1166.799917
1166.799917
1166.799917
1166.799917
1166.799917
1166.799917
1166.799917
1166.799917
1166.797907
1166.797907
1166.797907
1166.797907
1166.797907
1166.797907
1166.797907
1166.797907
1166.797907
1166.797907
1166.797907
1166.797907
1166.797907
1166.797907
1166.797907
1166.797907
1166.797907
1166.797907
1166.797907
1166.797907
1166.797907
1166.797907
1166.797907
1166.797907
1166.797907
1166.797907
1166.797907
1166.797907
1166.797907
1166.797907
1166.797907
1166.797907
1166.797907
1166.797907
1166.797907
1166.797907
1166.797907
1166.797907
1166.797907
1166.797907
1166.797907
1166.797907
1166.797907
1166.797907
1166.797907
1166.797907
1166.797907
1166.797907
1166.797907
1166.797907
1166.797907
1166.797907
1166.797907
1166.797907
1166.797907
1166.797907
1166.797907
1166.797907
1166.797907
1166.797907
1166.797907
1166.797907
1166.797907
1166.797907
1166.797907
1166.797907
1166.797907
1166.797907
1166.797907
1166.790877
1166.790877
1166.790877
1166.790877
1166.790877
1166.790877
1166.790877
1166.790877
1166.790877
1166.790877
1166.790877
1166.790877
1166.790877
1166.790877
1166.790877
1166.790877
1166.790877
1166.790877
1166.790877
1166.790877
1166.790877
1166.790877
1166.790877
1166.790877
1166.790877
1166.790877
1166.790877
1166.790877
1166.790877
1166.790877
1166.790877
1166.790877
1166.790877
1166.790877
1166.790877
1166.790877
1166.790877
1166.790877
1166.790877
1166.790877
1166.790877
1166.790877
1166.790877
1166.790877
1166.790877
1166.790877
1166.790877
1166.790877
1166.790877
1166.790877
1166.790877
1166.790877
1166.790877
1166.790877
1166.790877
1166.790877
1166.790877
1166.790877
1166.790877
1166.790877
1166.790877
1166.790877
1166.790877
1166.790877
1166.790877
1166.790877
1166.790877
1166.790877
1166.790877
1166.790877
1166.790877
1166.790877
1166.790877
1166.790877
1166.790877
1166.790877
1166.790877
1166.790877
1166.790877
1166.790877
1166.771650
1166.771650
1166.771650
1166.771650
1166.771650
1166.771650
1166.771650
1166.771650
1166.771650
1166.771650
1166.771650
1166.771650
1166.771650
1166.771650
1166.771650
1166.771650
1166.771650
1166.771650
1166.771650
1166.771650
1166.771650
1166.771650
1166.771650
1166.771650
1166.771650
1166.771650
1166.771650
1166.771650
1166.771650
1166.771650
1166.771650
1166.771650
1166.771650
1166.771650
1166.771650
1166.771650
1166.771650
1166.771650
1166.771650
1166.771650
1166.771650
1166.771650
1166.762754
1166.762754
1166.762754
1166.762754
1166.762754
1166.762754
1166.762754
1166.762754
1166.762754
1166.762754
1166.762754
1166.762754
1166.762754
1166.762754
1166.762754
1166.762754
1166.762754
1166.762754
1166.762754
1166.762754
1166.762754
1166.762754
1166.762754
1166.762754
1166.762754
1166.762754
1166.762754
1166.762754
1166.762754
1166.762754
1166.762754
1166.762754
1166.762754
1166.762754
1166.760531
1166.760531
1166.760531
1166.760531
1166.760531
1166.760531
1166.760531
1166.760531
1166.760531
1166.760531
1166.760531
1166.760531
1166.760531
1166.760531
1166.760531
1166.760531
1166.760531
1166.760531
1166.760531
1166.760531
1166.760531
1166.760531
1166.760531
1166.760531
1166.760531
1166.760531
1166.758256
1166.758256
1166.758256
1166.758256
1166.758256
1166.758256
1166.758256
1166.758256
1166.758256
1166.758256
1166.758256
1166.758256
1166.758256
1166.758256
1166.758256
1166.758256
1166.758256
1166.758256
1166.758256
1166.758256
1166.758256
1166.758256
1166.758256
1166.758256
1166.758256
1166.758256
1166.758256
1166.758256
1166.758256
1166.758256
1166.758256
1166.758256
1166.758256
1166.758256
1166.758256
1166.758256
1166.758256
1166.758256
1166.758256
1166.758256
1166.758256
1166.758256
1166.758256
1166.758256
1166.758256
1166.758256
1166.758256
1166.758256
1166.758256
1166.758256
1166.758256
1166.758256
1166.758256
1166.758256
1166.758256
1166.758256
1166.758256
1166.758256
1166.758256
1166.752137
1166.752137
1166.752137
1166.752137
1166.752137
1166.752137
1166.752137
1166.752137
1166.752137
1166.752137
1166.752137
1166.752137
1166.752137
1166.752137
1166.752137
1166.752137
1166.752137
1166.752137
1166.752137
1166.752137
1166.752137
1166.752137
1166.752137
1166.752137
1166.752137
1166.752137
1166.752137
1166.752137
1166.752137
1166.752137
1166.752137
1166.752137
1166.752137
1166.752137
1166.752137
1166.752137
1166.746599
1166.746599
1166.746599
1166.746599
1166.746599
1166.746599
1166.746599
1166.746599
1166.746599
1166.746599
1166.746599
1166.746599
1166.735212
1166.735212
1166.735212
1166.735212
1166.735212
1166.735212
1166.735212
1166.735212
1166.735212
1166.735212
1166.735212
1166.735212
1166.735212
1166.735212
1166.735212
1166.735212
1166.735212
1166.735212
1166.735212
1166.731182
1166.731182
1166.731182
1166.731182
1166.731182
1166.731182
1166.731182
1166.731182
1166.731182
1166.731182
1166.731182
1166.731182
1166.731182
1166.731182
1166.731182
1166.731182
1166.731182
1166.731182
1166.731182
1166.731182
1166.728229
1166.728229
1166.728229
1166.728229
1166.728229
1166.728229
1166.728229
1166.728229
1166.728229
1166.728229
1166.728229
1166.728229
1166.728229
1166.728229
1166.728229
1166.728229
1166.722737
1166.722737
1166.722737
1166.722737
1166.722737
1166.722737
1166.722737
1166.722737
1166.722737
1166.722737
1166.722737
1166.722737
1166.722737
1166.722737
1166.722737
1166.722737
1166.722737
1166.722737
1166.722737
1166.722737
1166.722737
1166.722737
1166.722737
1166.722737
1166.722737
1166.722737
1166.722737
1166.722737
1166.722737
1166.722737
1166.722737
1166.722737
1166.722737
1166.722737
1166.722737
1166.722737
1166.722737
1166.722737
1166.708605
1166.708605
1166.708605
1166.708605
1166.708605
1166.708605
1166.708605
1166.708605
1166.708605
1166.708605
1166.708605
1166.708605
1166.708605
1166.708605
1166.708605
1166.708605
1166.708605
1166.708605
1166.708605
1166.708605
1166.708605
1166.708605
1166.708605
1166.708605
1166.708605
1166.708605
1166.708605
1166.708605
1166.708605
1166.708605
1166.708605
1166.708605
1166.708605
1166.708605
1166.708605
1166.708605
1166.708605
1166.708605
1166.708605
1166.708605
1166.708605
1166.708605
1166.708605
1166.708605
1166.708605
1166.708605
1166.708605
1166.708605
1166.708605
1166.708605
1166.708605
1166.708605
1166.708605
1166.708605
1166.708605
1166.708605
1166.708605
1166.706734
1166.706734
1166.706734
1166.706734
1166.706734
1166.706734
1166.706734
1166.686735
1166.686735
1166.686735
1166.686735
1166.686735
1166.686735
1166.686735
1166.686735
1166.686735
1166.686735
1166.686735
1166.686735
1166.686735
1166.686735
1166.686735
1166.686735
1166.686735
1166.686735
1166.686735
1166.686735
1166.686735
1166.686735
1166.686735
1166.686735
1166.686735
1166.686735
1166.686735
1166.686735
1166.686735
1166.686735
1166.686735
1166.684703
1166.684703
1166.684703
1166.684703
1166.684703
1166.684703
1166.684703
1166.684703
1166.684703
1166.684703
1166.684703
1166.684703
1166.684703
1166.684703
1166.684703
1166.684703
1166.684703
1166.684703
1166.684703
1166.684703
1166.684703
1166.684703
1166.684703
1166.684703
1166.684703
1166.684703
1166.684703
1166.684703
1166.684703
1166.684703
1166.684703
1166.684703
1166.684703
1166.684703
1166.684703
1166.684703
1166.684703
1166.684703
1166.684703
1166.684703
1166.684703
1166.684703
1166.684703
1166.684703
1166.674159
1166.674159
1166.674159
1166.674159
1166.674159
1166.674159
1166.644235
1166.644235
1166.644235
1166.644235
1166.644235
1166.644235
1166.644235
1166.644235
1166.644235
1166.644235
1166.644235
1166.644235
1166.644235
1166.644235
1166.644235
1166.644235
1166.644235
1166.644235
1166.644235
1166.644235
1166.644235
1166.644235
1166.644235
1166.644235
1166.644235
1166.644235
1166.644235
1166.644235
1166.644235
1166.644235
1166.644235
1166.644235
1166.644235
1166.644235
1166.644235
1166.644235
1166.644235
1166.644235
1166.644235
1166.644235
1166.644235
1166.644235
1166.644235
1166.644235
1166.644235
1166.644235
1166.644235
1166.644235
1166.644235
1166.644235
1166.644235
1166.644235
1166.644235
1166.644235
1166.644235
1166.644235
1166.644235
1166.644235
1166.644235
1166.644235
1166.644235
1166.644235
1166.644235
1166.644235
1166.644235
1166.644235
1166.644235
1166.644235
1166.644235
1166.644235
1166.644235
1166.644235
1166.644235
1166.644235
1166.644235
1166.644235
1166.644235
1166.644235
1166.644235
1166.644235
1166.644235
1166.644235
1166.644235
1166.644235
1166.644235
1166.644235
1166.644235
1166.644235
1166.644235
1166.644235
1166.644235
1166.644235
1166.644235
1166.644235
1166.644235
1166.644235
1166.644235
1166.644235
1166.644235
1166.644235
1166.644235
1166.644235
1166.644235
1166.644235
1166.644235
1166.644235
1166.644235
1166.644235
1166.644235
1166.644235
1166.644235
1166.644235
1166.644235
1166.644235
1166.644235
1166.644235
1166.644235
1166.644235
1166.644235
1166.644235
1166.644235
1166.629891
1166.629891
1166.629891
1166.629891
1166.629891
1166.629891
1166.629891
1166.629891
1166.629891
1166.629891
1166.629891
1166.629891
1166.629891
1166.629891
1166.629891
1166.629891
1166.629891
1166.629891
1166.629891
1166.629891
1166.629891
1166.629891
1166.629891
1166.629891
1166.629891
1166.629891
1166.629891
1166.629891
1166.629891
1166.629891
1166.629891
1166.629891
1166.611905
1166.611905
1166.611905
1166.611905
1166.611905
1166.611905
1166.611905
1166.611905
1166.611905
1166.611905
1166.611905
1166.611905
1166.611905
1166.611905
1166.611905
1166.611905
1166.611905
1166.611905
1166.611905
1166.611905
1166.611905
1166.611905
1166.611905
1166.611905
1166.611905
1166.611905
1166.611905
1166.611905
1166.611905
1166.611905
1166.611905
1166.611905
1166.611905
1166.611905
1166.611905
1166.611905
1166.611905
1166.611905
1166.611905
1166.611905
1166.611905
1166.611905
1166.611905
1166.611905
1166.611905
1166.611905
1166.611905
1166.611905
1166.611905
1166.611905
1166.611905
1166.611905
1166.611905
1166.611905
1166.611905
1166.611905
1166.611905
1166.611905
1166.611905
1166.611905
1166.611905
1166.611905
1166.611905
1166.611905
1166.611905
1166.611905
1166.611905
1166.611905
1166.611905
1166.611905
1166.611905
1166.611905
1166.611905
1166.611905
1166.611905
1166.611905
1166.611905
1166.611905
1166.611905
1166.611905
1166.611905
1166.611905
1166.611905
1166.611905
1166.611905
1166.611905
1166.611905
1166.611905
1166.611905
1166.611905
1166.576990
1166.576990
1166.576990
1166.576990
1166.576990
1166.576990
1166.576990
1166.576990
1166.576990
1166.576990
1166.576990
1166.576990
1166.576990
1166.576990
1166.576990
1166.576990
1166.576990
1166.576990
1166.576990
1166.576990
1166.576990
1166.576990
1166.576990
1166.576990
1166.576990
1166.576990
1166.576990
1166.576990
1166.576990
1166.576990
1166.576990
1166.571051
1166.571051
1166.571051
1166.571051
1166.571051
1166.571051
1166.571051
1166.571051
1166.571051
1166.571051
1166.571051
1166.571051
1166.571051
1166.571051
1166.571051
1166.571051
1166.571051
1166.571051
1166.571051
1166.571051
1166.571051
1166.571051
1166.571051
1166.571051
1166.571051
1166.571051
1166.571051
1166.571051
1166.571051
1166.571051
1166.571051
1166.571051
1166.571051
1166.571051
1166.571051
1166.571051
1166.564945
1166.564945
1166.564945
1166.564945
1166.564945
1166.564945
1166.564945
1166.564945
1166.564945
1166.564945
1166.564945
1166.564945
1166.564945
1166.564945
1166.564945
1166.564945
1166.564945
1166.564945
1166.564945
1166.564945
1166.564945
1166.564945
1166.564945
1166.564945
1166.564945
1166.564945
1166.564945
1166.564945
1166.564945
1166.564945
1166.564945
1166.564945
1166.564945
1166.564945
1166.564945
1166.564945
1166.564945
1166.564945
1166.564945
1166.564945
1166.564945
1166.564945
1166.564945
1166.564945
1166.564945
1166.564945
1166.564945
1166.564945
1166.564945
1166.564945
1166.564945
1166.564945
1166.564945
1166.564945
1166.564945
1166.564945
1166.564945
1166.564945
1166.564945
1166.564945
1166.564945
1166.564945
1166.564945
1166.564945
1166.564945
1166.564945
1166.564945
1166.564945
1166.564945
1166.564945
1166.564945
1166.564945
1166.564945
1166.564945
1166.564945
1166.564945
1166.529945
1166.529945
1166.529945
1166.529945
1166.529945
1166.529945
1166.529945
1166.529945
1166.529945
1166.529945
1166.529945
1166.529945
1166.529945
1166.529945
1166.529945
1166.529945
1166.529945
1166.529945
1166.529945
1166.529945
1166.529945
1166.529945
1166.529945
1166.529945
1166.529945
1166.529945
1166.529945
1166.529945
1166.529945
1166.529945
1166.529945
1166.529945
1166.529945
1166.529945
1166.529945
1166.529945
1166.529945
1166.529945
1166.529945
1166.529945
1166.529945
1166.529945
1166.529945
1166.529945
1166.529945
1166.529945
1166.529945
1166.529945
1166.529945
1166.529945
1166.529945
1166.529945
1166.529945
1166.529945
1166.529945
1166.514475
1166.514475
1166.514475
1166.514475
1166.514475
1166.514475
1166.514475
1166.514475
1166.514475
1166.514475
1166.514475
1166.514475
1166.514475
1166.514475
1166.514475
1166.514475
1166.514475
1166.514475
1166.514475
1166.514475
1166.514475
1166.514475
1166.514475
1166.514475
1166.514475
1166.514475
1166.514475
1166.514475
1166.514475
1166.514475
1166.514475
1166.514475
1166.514475
1166.514475
1166.514475
1166.514475
1166.514475
1166.514475
1166.514475
1166.514475
1166.514475
1166.514475
1166.514475
1166.514475
1166.514475
1166.514475
1166.514475
1166.514475
1166.514475
1166.514475
1166.514475
1166.514475
1166.514475
1166.514475
1166.514475
1166.514475
1166.514475
1166.514475
1166.514475
1166.514475
1166.514475
1166.514475
1166.514475
1166.514475
1166.514475
1166.514475
1166.514475
1166.514475
1166.514475
1166.514475
1166.514475
1166.514475
1166.514475
1166.514475
1166.514475
1166.514475
1166.514475
1166.514475
1166.514475
1166.514475
1166.514475
1166.514475
1166.514475
1166.514475
1166.514475
1166.514475
1166.505972
1166.505972
1166.505972
1166.505972
1166.505972
1166.505972
1166.505972
1166.505972
1166.505972
1166.505972
1166.505972
1166.505972
1166.449745
1166.449745
1166.449745
1166.449745
1166.449745
1166.449745
1166.449745
1166.449745
1166.449745
1166.449745
1166.449745
1166.449745
1166.449745
1166.449745
1166.449745
1166.449745
1166.449745
1166.449745
1166.449745
1166.449745
1166.449745
1166.449745
1166.449745
1166.449745
1166.449745
1166.449745
1166.449745
1166.449745
1166.449745
1166.449745
1166.449745
1166.449745
1166.449745
1166.449745
1166.449745
1166.449745
1166.449745
1166.449745
1166.449745
1166.449745
1166.449745
1166.449745
1166.449745
1166.449745
1166.449745
1166.449745
1166.449745
1166.449745
1166.449745
1166.449745
1166.449745
1166.449745
1166.449745
1166.449745
1166.449745
1166.449745
1166.449745
1166.431313
1166.431313
1166.431313
1166.431313
1166.431313
1166.431313
1166.431313
1166.431313
1166.431313
1166.431313
1166.431313
1166.431313
1166.431313
1166.431313
1166.431313
1166.431313
1166.431313
1166.431313
1166.431313
1166.431313
1166.431313
1166.431313
1166.431313
1166.431313
1166.431313
1166.431313
1166.431313
1166.431313
1166.431313
1166.431313
1166.431313
1166.431313
1166.431313
1166.431313
1166.431313
1166.431313
1166.431313
1166.431313
1166.431313
1166.431313
1166.431313
1166.431313
1166.431313
1166.431313
1166.431313
1166.431313
1166.431313
1166.431313
1166.431313
1166.431313
1166.431313
1166.431313
1166.431313
1166.431313
1166.431313
1166.431313
1166.431313
1166.431313
1166.431313
1166.431313
1166.431313
1166.431313
1166.431313
1166.431313
1166.431313
1166.431313
1166.431313
1166.431313
1166.431313
1166.431313
1166.431313
1166.431313
1166.431313
1166.414474
1166.414474
1166.414474
1166.414474
1166.414474
1166.414474
1166.414474
1166.414474
1166.414474
1166.414474
1166.414474
1166.414474
1166.414474
1166.414474
1166.414474
1166.414474
1166.414474
1166.414474
1166.414474
1166.414474
1166.414474
1166.414474
1166.414474
1166.414474
1166.414474
1166.414474
1166.414474
1166.414474
1166.414474
1166.414474
1166.414474
1166.414474
1166.406886
1166.406886
1166.406886
1166.406886
1166.406886
1166.406886
1166.406886
1166.406886
1166.406886
1166.406886
1166.406886
1166.406886
1166.406886
1166.406886
1166.406886
1166.406886
1166.406886
1166.406886
1166.406886
1166.406886
1166.406886
1166.406886
1166.406886
1166.406886
1166.406886
1166.406886
1166.406886
1166.406886
1166.406886
1166.406886
1166.406886
1166.406886
1166.406886
1166.406886
1166.406886
1166.406886
1166.406886
1166.406886
1166.406886
1166.406886
1166.406886
1166.406886
1166.406886
1166.406886
1166.406886
1166.406886
1166.406886
1166.406886
1166.406886
1166.406886
1166.406886
1166.406886
1166.406886
1166.406886
1166.406886
1166.406886
1166.406886
1166.406886
1166.406886
1166.406886
1166.406886
1166.406886
1166.406886
1166.406886
1166.406886
1166.406886
1166.406886
1166.406886
1166.406886
1166.406886
1166.406886
1166.406886
1166.406886
1166.406886
1166.406886
1166.406886
1166.406886
1166.406886
1166.406886
1166.406886
1166.406886
1166.406886
1166.406886
1166.406886
1166.403862
1166.403862
1166.403862
1166.403862
1166.403862
1166.403862
1166.403862
1166.403862
1166.403862
1166.403862
1166.403862
1166.403862
1166.403862
1166.403862
1166.403862
1166.403862
1166.403862
1166.403862
1166.403862
1166.403862
1166.403862
1166.403862
1166.403862
1166.403862
1166.403862
1166.403862
1166.403862
1166.403862
1166.403862
1166.403862
1166.403862
1166.403862
1166.403862
1166.403862
1166.403862
1166.403862
1166.403862
1166.403862
1166.403862
1166.403862
1166.403862
1166.403862
1166.403862
1166.375417
1166.375417
1166.375417
1166.375417
1166.375417
1166.375417
1166.375417
1166.375417
1166.375417
1166.375417
1166.375417
1166.375417
1166.375417
1166.375417
1166.375417
1166.375417
1166.375417
1166.375417
1166.375417
1166.375417
1166.375417
1166.375417
1166.375417
1166.375417
1166.375417
1166.375417
1166.375417
1166.375417
1166.375417
1166.375417
1166.375417
1166.375417
1166.375417
1166.375417
1166.375417
1166.375417
1166.375417
1166.375417
1166.375417
1166.375417
1166.375417
1166.375417
1166.375417
1166.375417
1166.375417
1166.375417
1166.375417
1166.375417
1166.375417
1166.375417
1166.375417
1166.375417
1166.375417
1166.375417
1166.375417
1166.375417
1166.375417
1166.375417
1166.375417
1166.375417
1166.375417
1166.375417
1166.375417
1166.375417
1166.375417
1166.375417
1166.375417
1166.375417
1166.375417
1166.375417
1166.375417
1166.375417
1166.375417
1166.375417
1166.375417
1166.375417
1166.375417
1166.375417
1166.375417
1166.375417
1166.375417
1166.370255
1166.370255
1166.370255
1166.370255
1166.370255
1166.370255
1166.370255
1166.370255
1166.370255
1166.370255
1166.370255
1166.370255
1166.370255
1166.370255
1166.370255
1166.370255
1166.370255
1166.370255
1166.370255
1166.370255
1166.370255
1166.370255
1166.370255
1166.370255
1166.370255
1166.370255
1166.370255
1166.370255
1166.370255
1166.370255
1166.370255
1166.370255
1166.370255
1166.370255
1166.370255
1166.370255
1166.370255
1166.370255
1166.370255
1166.370255
1166.370255
1166.370255
1166.370255
1166.370255
1166.370255
1166.370255
1166.370255
1166.370255
1166.370255
1166.370255
1166.370255
1166.370255
1166.370255
1166.370255
1166.370255
1166.370255
1166.370255
1166.370255
1166.370255
1166.370255
1166.370255
1166.370255
1166.370255
1166.370255
1166.370255
1166.370255
1166.370255
1166.370255
1166.370255
1166.370255
1166.370255
1166.370255
1166.370255
1166.370255
1166.370255
1166.370255
1166.370255
1166.370255
1166.370255
1166.370255
1166.370255
1166.370255
1166.370255
1166.370255
1166.370255
1166.370255
1166.370255
1166.370255
1166.370255
1166.370255
1166.370255
1166.370255
1166.370255
1166.370255
1166.370255
1166.370255
1166.370255
1166.370255
1166.370255
1166.370255
1166.370255
1166.370255
1166.370255
1166.370255
1166.370255
1166.370255
1166.370255
1166.370255
1166.370255
1166.370255
1166.370255
1166.370255
1166.370255
1166.370255
1166.370255
1166.370255
1166.370255
1166.370255
1166.370255
1166.370255
1166.370255
1166.370255
1166.370255
1166.370255
1166.370255
1166.370255
1166.370255
1166.370255
1166.368712
1166.368712
1166.368712
1166.368712
1166.368712
1166.368712
1166.368712
1166.368712
1166.368712
1166.368017
1166.368017
1166.368017
1166.368017
1166.368017
1166.368017
1166.368017
1166.368017
1166.368017
1166.368017
1166.368017
1166.368017
1166.368017
1166.368017
1166.368017
1166.368017
1166.368017
1166.368017
1166.368017
1166.368017
1166.368017
1166.368017
1166.368017
1166.368017
1166.368017
1166.368017
1166.368017
1166.368017
1166.368017
1166.368017
1166.366602
1166.366602
1166.366602
1166.366602
1166.366602
1166.366602
1166.366602
1166.366602
1166.366602
1166.366602
1166.356572
1166.356572
1166.356572
1166.356572
1166.356572
1166.356572
1166.356572
1166.356572
1166.356572
1166.356572
1166.356572
1166.356572
1166.356572
1166.356572
1166.356572
1166.356572
1166.356572
1166.356572
1166.356572
1166.356572
1166.356572
1166.356572
1166.356572
1166.356572
1166.356572
1166.356572
1166.336378
1166.336378
1166.336378
1166.336378
1166.336378
1166.336378
1166.336378
1166.336378
1166.336378
1166.336378
1166.336378
1166.336378
1166.336378
1166.336378
1166.336378
1166.336378
1166.336378
1166.336378
1166.336378
1166.336378
1166.336378
1166.336378
1166.336378
1166.336378
1166.336378
1166.336378
1166.336378
1166.336378
1166.336378
1166.336378
1166.336378
1166.336378
1166.336378
1166.336378
1166.336378
1166.336378
1166.336378
1166.336378
1166.336378
1166.336378
1166.336378
1166.336378
1166.336378
1166.336378
1166.336378
1166.336378
1166.336378
1166.336378
1166.336378
1166.336378
1166.336378
1166.336378
1166.336378
1166.336378
1166.336378
1166.336378
1166.336378
1166.336378
1166.329332
1166.329332
1166.329332
1166.329332
1166.329332
1166.329332
1166.329332
1166.329332
1166.329332
1166.329332
1166.329332
1166.329332
1166.329332
1166.329332
1166.329332
1166.329332
1166.329332
1166.329332
1166.329332
1166.329332
1166.329332
1166.329332
1166.329332
1166.329332
1166.329332
1166.329332
1166.323143
1166.323143
1166.323143
1166.323143
1166.323143
1166.323143
1166.323143
1166.323143
1166.323143
1166.323143
1166.323143
1166.323143
1166.323143
1166.323143
1166.323143
1166.323143
1166.323143
1166.323143
1166.323143
1166.323143
1166.323143
1166.323143
1166.323143
1166.323143
1166.323143
1166.323143
1166.323143
1166.323143
1166.323143
1166.323143
1166.323143
1166.323143
1166.323143
1166.323143
1166.323143
1166.323143
1166.323143
1166.323143
1166.323143
1166.323143
1166.323143
1166.323143
1166.323143
1166.323143
1166.323143
1166.323143
1166.323143
1166.323143
1166.323143
1166.323143
1166.323143
1166.323143
1166.323143
1166.323143
1166.323143
1166.319015
1166.319015
1166.319015
1166.319015
1166.319015
1166.319015
1166.319015
1166.319015
1166.319015
1166.319015
1166.319015
1166.319015
1166.319015
1166.319015
1166.319015
1166.319015
1166.319015
1166.319015
1166.319015
1166.319015
1166.319015
1166.319015
1166.319015
1166.319015
1166.319015
1166.319015
1166.319015
1166.319015
1166.319015
1166.319015
1166.319015
1166.319015
1166.319015
1166.319015
1166.319015
1166.319015
1166.319015
1166.319015
1166.319015
1166.319015
1166.319015
1166.319015
1166.319015
1166.319015
1166.319015
1166.319015
1166.313632
1166.313632
1166.311845
1166.311845
1166.311845
1166.311845
1166.311845
1166.311845
1166.311845
1166.311845
1166.311845
1166.311845
1166.311845
1166.311845
1166.311845
1166.311845
1166.311845
1166.311845
1166.311845
1166.311845
1166.308298
1166.308298
1166.308298
1166.308298
1166.308298
1166.308298
1166.308298
1166.308298
1166.308298
1166.308298
1166.308298
1166.308298
1166.308298
1166.308298
1166.308298
1166.308298
1166.308298
1166.308117
1166.308117
1166.308117
1166.308117
1166.308117
1166.308117
1166.308117
1166.308117
1166.308117
1166.308117
1166.308117
1166.308117
1166.308117
1166.308117
1166.308117
1166.287237
1166.287237
1166.287237
1166.287237
1166.287237
1166.287237
1166.287237
1166.287237
1166.287237
1166.287237
1166.287237
1166.287237
1166.287237
1166.287237
1166.287237
1166.287237
1166.287237
1166.287237
1166.287237
1166.287237
1166.287237
1166.287237
1166.287237
1166.287237
1166.287237
1166.287237
1166.287237
1166.287237
1166.287237
1166.287237
1166.287237
1166.287237
1166.287237
1166.287237
1166.287237
1166.287237
1166.287237
1166.287237
1166.287237
1166.287237
1166.287237
1166.287237
1166.287237
1166.287237
1166.287237
1166.287237
1166.287237
1166.287237
1166.287237
1166.287237
1166.287237
1166.287237
1166.287237
1166.287237
1166.287237
1166.287237
1166.287237
1166.287237
1166.287237
1166.287237
1166.287237
1166.287237
1166.287237
1166.287237
1166.287237
1166.287237
1166.286065
1166.286065
1166.286065
1166.286065
1166.286065
1166.286065
1166.286065
1166.286065
1166.286065
1166.286065
1166.286065
1166.286065
1166.286065
1166.286065
1166.286065
1166.286065
1166.286065
1166.286065
1166.286065
1166.286065
1166.286065
1166.286065
1166.286065
1166.286065
1166.286065
1166.286065
1166.264982
1166.264982
1166.264982
1166.264982
1166.264982
1166.264982
1166.264982
1166.264982
1166.264982
1166.264982
1166.264982
1166.264982
1166.264982
1166.264982
1166.264982
1166.264982
1166.264982
1166.264982
1166.264982
1166.264982
1166.264982
1166.264982
1166.264982
1166.264982
1166.264982
1166.264982
1166.264982
1166.264982
1166.264982
1166.264982
1166.264982
1166.264982
1166.264982
1166.264982
1166.264982
1166.264982
1166.264982
1166.264982
1166.264982
1166.264982
1166.264982
1166.264982
1166.264982
1166.264982
1166.264982
1166.264982
1166.264982
1166.264982
1166.264982
1166.264982
1166.264982
1166.264982
1166.264982
1166.264982
1166.264982
1166.264982
1166.264982
1166.264982
1166.264982
1166.264982
1166.264982
1166.264982
1166.264982
1166.264982
1166.264982
1166.251656
1166.251656
1166.251656
1166.251656
1166.251656
1166.251656
1166.251656
1166.251656
1166.251656
1166.251656
1166.251656
1166.251656
1166.251656
1166.251656
1166.251656
1166.251656
1166.251656
1166.251656
1166.251656
1166.251656
1166.251656
1166.251656
1166.251656
1166.251656
1166.251656
1166.251656
1166.251656
1166.251656
1166.251656
1166.251656
1166.251656
1166.251656
1166.251656
1166.251656
1166.251656
1166.251656
1166.251656
1166.251656
1166.251656
1166.251656
1166.251656
1166.251656
1166.251656
1166.251656
1166.251656
1166.251656
1166.251656
1166.251656
1166.251656
1166.251656
1166.251656
1166.251656
1166.251656
1166.251656
1166.251656
1166.251656
1166.250023
1166.245241
1166.245241
1166.238089
1166.238089
1166.238089
1166.238089
1166.238089
1166.238089
1166.238089
1166.238089
1166.238089
1166.234567
1166.234567
1166.234567
1166.234567
1166.234567
1166.234567
1166.234567
1166.234567
1166.234567
1166.234567
1166.234567
1166.234567
1166.234567
1166.234567
1166.234567
1166.234567
1166.234567
1166.234567
1166.234567
1166.234567
1166.234567
1166.234567
1166.234567
1166.234567
1166.234567
1166.234567
1166.234567
1166.234567
1166.234567
1166.234567
1166.234567
1166.234567
1166.234567
1166.234567
1166.234567
1166.234567
1166.234567
1166.234567
1166.234567
1166.234567
1166.234567
1166.234567
1166.234567
1166.234567
1166.234567
1166.234567
1166.234567
1166.234567
1166.234567
1166.234567
1166.234567
1166.234567
1166.234567
1166.234567
1166.234567
1166.234567
1166.234567
1166.234567
1166.234567
1166.234567
1166.234567
1166.234567
1166.234567
1166.234567
1166.234567
1166.234567
1166.234567
1166.234567
1166.234567
1166.234567
1166.234567
1166.234567
1166.234567
1166.234567
1166.234567
1166.234567
1166.231923
1166.231923
1166.226861
1166.226861
1166.226861
1166.226861
1166.226861
1166.226861
1166.226861
1166.226861
1166.226861
1166.226861
1166.226861
1166.226861
1166.226861
1166.226861
1166.226861
1166.226861
1166.226861
1166.226861
1166.226861
1166.226861
1166.226861
1166.226861
1166.226861
1166.226861
1166.226861
1166.226861
1166.226861
1166.226861
1166.226861
1166.226861
1166.226861
1166.226861
1166.226861
1166.226861
1166.226861
1166.226861
1166.226861
1166.226861
1166.226861
1166.226861
1166.226861
1166.226861
1166.226861
1166.226861
1166.226861
1166.226861
1166.226861
1166.226861
1166.226861
1166.226861
1166.226861
1166.226861
1166.226861
1166.226861
1166.226861
1166.226861
1166.226861
1166.226861
1166.226861
1166.226861
1166.226861
1166.226861
1166.226861
1166.226861
1166.221959
1166.221959
1166.221959
1166.221959
1166.221959
1166.221959
1166.221959
1166.221959
1166.221959
1166.221959
1166.221959
1166.221959
1166.221959
1166.221959
1166.221959
1166.221959
1166.221959
1166.221959
1166.221959
1166.221959
1166.221959
1166.221959
1166.221959
1166.221959
1166.221959
1166.221959
1166.221959
1166.221959
1166.221959
1166.221959
1166.221959
1166.211436
1166.211436
1166.211436
1166.204287
1166.204287
1166.204287
1166.204287
1166.204287
1166.204287
1166.204287
1166.204287
1166.204287
1166.204287
1166.204287
1166.204287
1166.204287
1166.204287
1166.204287
1166.204287
1166.204287
1166.204287
1166.204287
1166.204287
1166.204287
1166.204287
1166.204287
1166.204287
1166.204287
1166.204287
1166.204287
1166.204287
1166.204287
1166.204287
1166.204287
1166.204287
1166.204287
1166.204287
1166.204287
1166.204287
1166.202325
1166.202325
1166.202325
1166.202325
1166.202325
1166.202325
1166.202325
1166.202325
1166.202325
1166.202325
1166.202325
1166.202325
1166.202325
1166.202325
1166.202325
1166.202325
1166.202325
1166.202325
1166.202325
1166.202325
1166.202325
1166.202325
1166.202325
1166.202325
1166.202325
1166.202325
1166.202325
1166.202325
1166.202325
1166.202325
1166.202325
1166.202325
1166.202325
1166.202325
1166.202325
1166.202325
1166.202325
1166.202325
1166.202325
1166.202325
1166.202325
1166.202325
1166.202325
1166.202325
1166.202325
1166.202325
1166.202325
1166.202325
1166.202325
1166.202325
1166.202325
1166.202325
1166.202325
1166.202325
1166.202325
1166.202325
1166.202325
1166.202325
1166.202325
1166.202325
1166.202325
1166.202325
1166.202325
1166.202325
1166.202325
1166.202325
1166.202325
1166.202325
1166.202325
1166.202325
1166.202325
1166.202325
1166.202325
1166.202325
1166.202325
1166.202325
1166.202325
1166.202325
1166.202325
1166.202325
1166.202325
1166.202325
1166.202325
1166.202325
1166.202325
1166.202325
1166.202325
1166.202325
1166.202325
1166.200422
1166.200422
1166.200422
1166.200422
1166.194195
1166.194195
1166.194195
1166.194195
1166.192475
1166.192475
1166.192475
1166.192475
1166.192475
1166.192475
1166.192475
1166.192475
1166.192475
1166.192475
1166.192475
1166.192475
1166.192475
1166.192475
1166.192475
1166.192475
1166.192475
1166.192475
1166.192475
1166.192475
1166.192475
1166.192475
1166.192475
1166.192475
1166.192475
1166.192475
1166.192475
1166.192475
1166.192475
1166.192475
1166.192475
1166.192475
1166.192475
1166.192475
1166.192475
1166.192475
1166.192475
1166.192475
1166.192475
1166.192475
1166.192475
1166.192475
1166.186222
1166.186222
1166.186222
1166.186222
1166.186222
1166.186222
1166.186222
1166.186222
1166.186222
1166.186222
1166.186222
1166.186222
1166.186222
1166.186222
1166.186222
1166.186222
1166.186222
1166.179804
1166.179804
1166.179804
1166.179804
1166.179804
1166.179804
1166.179804
1166.179804
1166.179804
1166.179804
1166.179804
1166.179804
1166.179804
1166.179804
1166.179804
1166.179804
1166.179804
1166.179804
1166.171914
1166.171914
1166.171914
1166.171914
1166.171914
1166.171914
1166.171914
1166.171914
1166.171914
1166.171914
1166.171914
1166.171914
1166.171914
1166.171914
1166.171914
1166.171914
1166.171914
1166.171914
1166.171914
1166.171914
1166.171914
1166.171914
1166.171914
1166.171914
1166.171914
1166.171914
1166.171914
1166.171914
1166.171914
1166.171914
1166.171914
1166.171914
1166.171914
1166.171914
1166.171914
1166.171914
1166.171914
1166.171914
1166.171914
1166.171914
1166.171914
1166.171914
1166.171914
1166.160717
1166.160717
1166.160717
1166.160717
1166.160717
1166.160717
1166.160717
1166.160717
1166.160717
1166.160717
1166.160717
1166.160717
1166.160717
1166.160717
1166.160717
1166.160717
1166.160717
1166.160717
1166.160717
1166.160717
1166.160717
1166.160717
1166.160717
1166.160717
1166.160717
1166.160717
1166.160717
1166.160717
1166.160717
1166.160717
1166.160717
1166.160717
1166.160717
1166.160717
1166.160717
1166.160717
1166.160717
1166.160717
1166.160717
1166.160717
1166.160717
1166.160717
1166.160717
1166.160717
1166.160717
1166.160717
1166.160717
1166.160717
1166.160717
1166.160717
1166.160717
1166.160717
1166.160717
1166.160717
1166.160717
1166.160717
1166.160717
1166.160717
1166.160717
1166.160717
1166.160717
1166.160717
1166.160717
1166.160717
1166.160717
1166.160717
1166.160717
1166.160717
1166.160717
1166.160717
1166.160717
1166.160717
1166.160717
1166.160717
1166.160717
1166.160717
1166.160717
1166.160717
1166.160717
1166.160717
1166.160717
1166.160717
1166.160717
1166.160717
1166.160717
1166.160717
1166.160717
1166.160717
1166.160717
1166.160717
1166.160717
1166.160717
1166.160717
1166.160717
1166.160717
1166.160717
1166.160717
1166.160717
1166.160717
1166.160717
1166.160717
1166.160717
1166.160717
1166.160717
1166.160717
1166.160717
1166.160717
1166.160717
1166.160717
1166.160717
1166.160717
1166.160717
1166.160717
1166.160717
1166.160717
1166.160717
1166.160717
1166.160717
1166.160717
1166.160717
1166.160717
1166.160717
1166.160717
1166.160717
1166.160717
1166.160717
1166.160717
1166.160717
1166.160717
1166.160717
1166.160717
1166.160717
1166.160717
1166.160717
1166.160717
1166.160717
1166.160717
1166.160717
1166.160717
1166.160717
1166.160717
1166.160717
1166.160717
1166.160717
1166.160717
1166.160578
1166.160578
1166.160578
1166.160578
1166.160578
1166.160578
1166.160578
1166.160578
1166.160578
1166.117657
1166.117657
1166.117657
1166.117657
1166.117657
1166.117657
1166.117657
1166.117657
1166.117657
1166.117657
1166.117657
1166.117657
1166.117657
1166.117657
1166.117657
1166.117657
1166.117657
1166.117657
1166.117657
1166.117657
1166.117657
1166.117657
1166.117657
1166.117657
1166.117657
1166.117657
1166.117657
1166.117657
1166.117657
1166.117657
1166.117657
1166.117657
1166.117657
1166.117657
1166.117657
1166.117657
1166.117657
1166.117657
1166.117657
1166.117657
1166.117657
1166.117657
1166.117657
1166.117657
1166.089740
1166.089740
1166.089740
1166.089740
1166.089740
1166.089740
1166.089740
1166.089740
1166.089740
1166.089740
1166.089740
1166.089740
1166.089740
1166.089740
1166.089740
1166.089740
1166.089740
1166.089740
1166.089740
1166.089740
1166.089740
1166.089740
1166.089740
1166.089740
1166.089740
1166.089740
1166.089740
1166.089740
1166.089740
1166.089740
1166.089740
1166.089740
1166.089740
1166.089740
1166.089740
1166.089740
1166.089740
1166.089740
1166.089740
1166.089740
1166.089740
1166.089740
1166.089740
1166.089740
1166.089740
1166.089740
1166.089740
1166.089740
1166.089740
1166.089740
1166.089740
1166.089740
1166.089740
1166.089740
1166.089740
1166.089740
1166.089740
1166.089740
1166.089740
1166.089740
1166.089740
1166.089740
1166.089740
1166.089740
1166.089740
1166.089740
1166.089740
1166.089740
1166.089740
1166.089740
1166.089740
1166.089740
1166.089740
1166.089740
1166.089740
1166.089740
1166.089740
1166.089740
1166.089740
1166.089740
1166.089740
1166.089740
1166.089740
1166.089740
1166.089740
1166.089740
1166.089740
1166.089740
1166.089740
1166.089740
1166.089740
1166.089740
1166.089740
1166.089740
1166.089740
1166.089740
1166.089740
1166.089740
1166.089740
1166.089740
1166.089740
1166.089740
1166.089740
1166.089740
1166.089740
1166.089740
1166.089740
1166.089740
1166.089740
1166.089740
1166.089740
1166.089740
1166.089740
1166.089740
1166.089740
1166.089740
1166.089740
1166.089740
1166.089740
1166.089740
1166.089740
1166.089740
1166.089740
1166.089740
1166.089740
1166.089740
1166.089740
1166.089740
1166.089740
1166.089740
1166.089740
1166.089740
1166.089740
1166.089740
1166.089740
1166.089740
1166.089740
1166.089740
1166.089740
1166.089740
1166.089740
1166.089740
1166.089740
1166.089740
1166.086924
1166.086924
1166.086924
1166.086924
1166.086924
1166.086924
1166.086924
1166.086924
1166.086924
1166.086924
1166.086924
1166.086924
1166.086924
1166.086924
1166.086924
1166.086924
1166.086924
1166.086924
1166.086924
1166.086924
1166.086924
1166.079865
1166.079865
1166.079865
1166.079865
1166.079865
1166.079865
1166.079865
1166.079865
1166.079865
1166.079865
1166.079865
1166.079865
1166.079865
1166.079865
1166.079865
1166.079865
1166.079865
1166.079865
1166.079865
1166.079865
1166.079865
1166.079865
1166.079865
1166.079865
1166.079865
1166.079865
1166.079865
1166.079865
1166.079865
1166.079865
1166.079865
1166.079865
1166.079865
1166.079865
1166.079865
1166.079865
1166.079865
1166.079865
1166.079865
1166.079865
1166.079865
1166.079865
1166.079865
1166.079865
1166.079865
1166.079865
1166.079865
1166.079865
1166.079865
1166.079865
1166.079865
1166.079865
1166.079865
1166.079865
1166.079865
1166.079865
1166.064386
1166.064386
1166.064386
1166.064386
1166.064386
1166.064386
1166.064386
1166.064386
1166.064386
1166.064386
1166.064386
1166.064386
1166.064386
1166.064386
1166.064386
1166.064386
1166.064386
1166.064386
1166.064386
1166.064386
1166.064386
1166.064386
1166.064386
1166.064386
1166.064386
1166.064386
1166.064386
1166.064386
1166.064386
1166.064386
1166.064386
1166.064386
1166.064386
1166.064386
1166.064386
1166.064386
1166.064386
1166.064386
1166.064386
1166.064386
1166.064386
1166.064386
1166.064386
1166.064386
1166.064386
1166.064386
1166.064386
1166.064386
1166.064386
1166.064386
1166.064386
1166.064386
1166.064386
1166.064386
1166.064386
1166.064386
1166.064386
1166.064386
1166.064386
1166.064386
1166.064386
1166.064386
1166.064386
1166.064386
1166.064386
1166.064386
1166.064386
1166.064386
1166.064386
1166.064386
1166.064386
1166.064386
1166.064386
1166.057669
1166.057669
1166.057669
1166.057669
1166.057669
1166.057669
1166.057669
1166.057669
1166.057669
1166.057669
1166.057669
1166.057669
1166.057669
1166.057669
1166.057669
1166.057669
1166.057669
1166.057669
1166.057669
1166.057669
1166.057669
1166.057669
1166.057669
1166.057669
1166.057669
1166.057669
1166.057669
1166.057669
1166.057669
1166.057669
1166.057669
1166.057669
1166.057669
1166.057669
1166.057669
1166.057669
1166.057669
1166.057669
1166.057669
1166.057669
1166.057669
1166.056524
1166.056524
1166.056524
1166.056524
1166.056524
1166.056524
1166.056524
1166.056524
1166.056524
1166.056524
1166.056524
1166.056524
1166.056524
1166.056524
1166.056524
1166.056524
1166.056524
1166.056524
1166.056524
1166.056524
1166.056524
1166.056524
1166.056524
1166.056524
1166.056524
1166.056524
1166.056524
1166.056524
1166.056524
1166.056524
1166.056524
1166.056524
1166.056524
1166.056524
1166.056524
1166.056524
1166.056524
1166.056524
1166.056524
1166.056524
1166.056524
1166.056524
1166.056524
1166.056524
1166.056524
1166.056524
1166.056524
1166.056524
1166.056524
1166.056524
1166.056524
1166.056524
1166.056524
1166.056524
1166.056524
1166.056524
1166.056524
1166.056524
1166.056524
1166.056524
1166.056524
1166.056524
1166.056524
1166.056524
1166.056524
1166.056524
1166.056524
1166.056524
1166.056524
1166.056524
1166.056524
1166.056524
1166.056524
1166.056524
1166.056524
1166.056524
1166.056524
1166.056524
1166.056524
1166.056524
1166.056524
1166.056524
1166.051202
1166.051202
1166.043085
1166.043085
1166.043085
1166.043085
1166.042290
1166.042290
1166.042290
1166.042290
1166.042290
1166.042290
1166.042290
1166.042290
1166.042290
1166.042290
1166.042290
1166.042290
1166.042290
1166.042290
1166.042290
1166.042290
1166.042290
1166.042290
1166.042290
1166.042290
1166.042290
1166.042290
1166.042290
1166.042290
1166.023833
1166.023833
1166.023833
1166.023833
1166.023833
1166.023833
1166.023833
1166.023833
1166.023833
1166.023833
1166.023833
1166.023833
1166.023833
1166.023833
1166.023833
1166.023833
1166.023833
1166.023833
1166.023833
1166.023833
1166.023833
1166.023833
1166.023833
1166.023833
1166.023833
1166.023833
1166.023833
1166.023833
1166.023833
1166.023833
1166.023833
1166.023833
1166.023833
1166.023833
1166.023833
1166.023833
1166.023833
1166.023833
1166.023833
1166.023833
1166.023833
1166.023833
1166.023833
1166.023833
1166.023833
1166.023833
1166.023833
1166.023833
1166.023833
1166.023833
1166.023833
1166.016159
1166.016159
1166.016159
1166.016159
1166.016159
1166.016159
1166.011391
1166.011391
1166.011391
1166.011391
1166.011391
1166.011391
1166.011391
1166.011391
1166.011391
1166.011391
1166.011391
1166.011391
1166.011391
1166.011391
1166.011391
1166.011391
1166.011391
1166.011391
1166.011391
1166.003321
1166.003321
1166.003321
1166.003321
1166.003321
1166.003321
1166.003321
1166.003321
1166.003321
1166.003321
1166.003321
1166.003321
1166.003321
1166.003321
1166.003321
1166.003321
1166.003321
1166.003321
1166.003321
1166.003321
1166.003321
1166.003321
1166.003321
1166.003321
1166.003321
1166.003321
1165.995661
1165.995661
1165.995661
1165.995661
1165.995661
1165.995661
1165.995661
1165.995661
1165.995661
1165.995661
1165.995661
1165.995661
1165.995661
1165.995661
1165.995661
1165.995661
1165.995661
1165.995661
1165.995661
1165.995661
1165.995661
1165.995661
1165.995661
1165.995661
1165.994892
1165.994892
1165.994509
1165.994509
1165.994509
1165.994509
1165.994509
1165.994509
1165.994509
1165.994509
1165.994509
1165.994509
1165.994509
1165.994509
1165.994509
1165.994509
1165.994509
1165.994509
1165.994509
1165.994509
1165.994509
1165.994509
1165.994509
1165.994509
1165.994509
1165.994509
1165.994509
1165.994509
1165.994509
1165.994509
1165.994509
1165.994509
1165.994509
1165.994509
1165.994509
1165.994509
1165.994509
1165.994509
1165.994509
1165.994509
1165.994509
1165.994509
1165.994509
1165.994509
1165.994509
1165.994509
1165.989559
1165.989559
1165.989559
1165.982474
1165.982474
1165.982474
1165.982474
1165.982474
1165.982474
1165.982474
1165.982474
1165.982474
1165.982474
1165.982474
1165.982474
1165.982474
1165.982474
1165.982474
1165.982474
1165.982474
1165.982474
1165.982474
1165.982474
1165.982474
1165.982474
1165.982474
1165.982474
1165.982474
1165.982474
1165.982474
1165.982474
1165.982474
1165.982474
1165.982474
1165.982474
1165.980729
1165.944855
1165.944855
1165.944855
1165.944855
1165.944855
1165.944855
1165.944855
1165.944855
1165.944855
1165.944855
1165.944855
1165.944855
1165.944855
1165.944855
1165.944855
1165.944855
1165.944855
1165.944855
1165.944855
1165.944855
1165.944855
1165.944855
1165.944855
1165.944855
1165.944855
1165.944855
1165.944855
1165.944855
1165.944855
1165.944855
1165.944855
1165.944855
1165.944855
1165.944855
1165.944855
1165.944855
1165.944855
1165.944855
1165.944855
1165.944855
1165.944855
1165.944855
1165.944855
1165.944855
1165.944855
1165.944855
1165.944855
1165.944855
1165.944855
1165.944855
1165.944855
1165.944855
1165.944855
1165.944855
1165.944855
1165.944855
1165.944855
1165.944855
1165.944855
1165.944855
1165.944855
1165.944855
1165.944855
1165.944855
1165.944855
1165.944855
1165.944855
1165.944855
1165.944855
1165.944855
1165.944855
1165.944855
1165.944855
1165.944855
1165.944855
1165.944855
1165.944855
1165.944855
1165.944855
1165.944855
1165.944855
1165.944855
1165.944855
1165.944855
1165.944855
1165.944855
1165.944855
1165.944855
1165.944855
1165.944855
1165.944855
1165.944855
1165.944855
1165.944855
1165.944855
1165.944855
1165.944855
1165.944855
1165.944855
1165.944855
1165.944855
1165.944855
1165.944855
1165.944855
1165.944855
1165.944855
1165.944855
1165.944855
1165.944855
1165.941109
1165.941109
1165.941109
1165.941109
1165.941109
1165.941109
1165.941109
1165.941109
1165.941109
1165.941109
1165.941109
1165.941109
1165.941109
1165.941109
1165.941109
1165.941109
1165.941109
1165.941109
1165.941109
1165.941109
1165.941109
1165.941109
1165.941109
1165.941109
1165.941109
1165.941109
1165.941109
1165.941109
1165.941109
1165.941109
1165.941109
1165.941109
1165.941109
1165.941109
1165.941109
1165.941109
1165.941109
1165.941109
1165.941109
1165.941109
1165.941109
1165.941109
1165.941109
1165.941109
1165.941109
1165.941109
1165.941109
1165.941109
1165.941109
1165.939590
1165.939590
1165.939590
1165.939590
1165.939590
1165.939590
1165.939590
1165.939590
1165.939590
1165.939590
1165.939590
1165.912045
1165.912045
1165.912045
1165.912045
1165.912045
1165.912045
1165.912045
1165.912045
1165.912045
1165.912045
1165.912045
1165.912045
1165.912045
1165.912045
1165.912045
1165.912045
1165.912045
1165.912045
1165.912045
1165.912045
1165.912045
1165.912045
1165.912045
1165.912045
1165.912045
1165.912045
1165.912045
1165.912045
1165.912045
1165.912045
1165.912045
1165.912045
1165.912045
1165.912045
1165.912045
1165.912045
1165.912045
1165.912045
1165.912045
1165.912045
1165.912045
1165.912045
1165.912045
1165.912045
1165.912045
1165.912045
1165.903559
1165.903559
1165.903559
1165.903559
1165.903559
1165.903559
1165.903559
1165.903559
1165.903559
1165.903559
1165.891570
1165.891570
1165.891570
1165.891570
1165.891570
1165.891570
1165.891570
1165.891570
1165.891570
1165.891570
1165.891570
1165.891570
1165.891570
1165.891570
1165.891570
1165.891570
1165.891570
1165.891570
1165.891570
1165.891570
1165.882766
1165.882766
1165.882766
1165.882766
1165.882766
1165.882766
1165.882766
1165.882766
1165.882766
1165.882766
1165.882766
1165.882766
1165.882766
1165.882766
1165.882766
1165.882766
1165.882766
1165.882766
1165.882766
1165.882766
1165.882766
1165.882766
1165.882766
1165.882766
1165.882766
1165.882766
1165.882766
1165.882766
1165.882766
1165.882766
1165.882766
1165.882766
1165.882766
1165.882766
1165.882766
1165.882766
1165.882766
1165.882766
1165.882766
1165.882766
1165.882766
1165.882766
1165.882766
1165.882766
1165.882766
1165.882766
1165.882766
1165.882766
1165.882766
1165.882766
1165.882766
1165.882766
1165.882766
1165.882766
1165.882766
1165.882766
1165.881354
1165.881354
1165.881354
1165.881354
1165.881354
1165.881354
1165.881354
1165.881354
1165.881354
1165.881354
1165.881354
1165.881354
1165.881354
1165.863028
1165.863028
1165.863028
1165.863028
1165.863028
1165.863028
1165.863028
1165.863028
1165.863028
1165.863028
1165.863028
1165.863028
1165.863028
1165.863028
1165.863028
1165.863028
1165.863028
1165.863028
1165.863028
1165.863028
1165.863028
1165.863028
1165.863028
1165.863028
1165.863028
1165.863028
1165.863028
1165.863028
1165.863028
1165.863028
1165.863028
1165.863028
1165.863028
1165.863028
1165.863028
1165.863028
1165.863028
1165.863028
1165.863028
1165.863028
1165.863028
1165.863028
1165.863028
1165.863028
1165.863028
1165.863028
1165.863028
1165.863028
1165.863028
1165.863028
1165.863028
1165.854591
1165.854591
1165.854591
1165.854591
1165.854591
1165.841090
1165.841090
1165.841090
1165.841090
1165.841090
1165.841090
1165.841090
1165.841090
1165.841090
1165.841090
1165.841090
1165.841090
1165.841090
1165.841090
1165.841090
1165.841090
1165.841090
1165.841090
1165.841090
1165.841090
1165.841090
1165.841090
1165.841090
1165.841090
1165.841090
1165.841090
1165.841090
1165.841090
1165.841090
1165.841090
1165.841090
1165.841090
1165.841090
1165.841090
1165.841090
1165.841090
1165.841090
1165.841090
1165.841090
1165.841090
1165.841090
1165.841090
1165.841090
1165.841090
1165.841090
1165.841090
1165.841090
1165.841090
1165.841090
1165.841090
1165.841090
1165.841090
1165.841090
1165.841090
1165.841090
1165.841090
1165.841090
1165.841090
1165.841090
1165.841090
1165.841090
1165.841090
1165.841090
1165.841090
1165.841090
1165.841090
1165.841090
1165.841090
1165.841090
1165.841090
1165.841090
1165.841090
1165.841090
1165.841090
1165.841090
1165.841090
1165.841090
1165.841090
1165.841090
1165.841090
1165.838607
1165.838607
1165.838607
1165.833822
1165.833822
1165.833822
1165.833822
1165.833822
1165.833822
1165.757681
1165.757681
1165.757681
1165.757681
1165.757681
1165.757681
1165.757681
1165.757681
1165.757681
1165.757681
1165.757681
1165.757681
1165.757681
1165.757681
1165.757681
1165.757681
1165.757681
1165.757681
1165.757681
1165.757681
1165.757681
1165.757681
1165.757681
1165.757681
1165.757681
1165.757681
1165.757681
1165.757681
1165.757681
1165.757681
1165.757681
1165.757681
1165.757681
1165.757681
1165.757681
1165.757681
1165.757681
1165.757681
1165.757681
1165.757681
1165.757681
1165.757681
1165.757681
1165.757681
1165.757681
1165.757681
1165.757681
1165.757681
1165.757681
1165.757681
1165.757681
1165.757681
1165.757681
1165.757681
1165.757681
1165.757681
1165.757681
1165.757681
1165.757681
1165.757681
1165.757681
1165.757681
1165.757681
1165.757681
1165.757681
1165.757681
1165.757681
1165.757681
1165.757681
1165.752476
1165.752476
1165.752476
1165.752476
1165.752476
1165.752476
1165.752476
1165.752476
1165.752476
1165.752476
1165.752476
1165.752476
1165.752476
1165.752476
1165.752476
1165.752476
1165.752476
1165.752476
1165.752476
1165.752476
1165.752476
1165.752476
1165.752476
1165.752476
1165.752476
1165.752476
1165.752476
1165.752476
1165.752476
1165.752476
1165.752476
1165.752476
1165.752476
1165.752476
1165.752476
1165.752476
1165.752476
1165.752476
1165.752476
1165.752476
1165.752476
1165.752476
1165.752476
1165.752476
1165.752476
1165.752476
1165.752476
1165.752476
1165.752476
1165.752476
1165.752476
1165.752476
1165.752476
1165.752476
1165.752476
1165.752476
1165.752476
1165.752476
1165.752476
1165.752476
1165.752476
1165.752476
1165.752476
1165.752476
1165.752476
1165.752476
1165.752476
1165.752476
1165.752476
1165.752476
1165.746544
1165.746544
1165.746544
1165.746544
1165.746544
1165.746544
1165.746544
1165.746544
1165.746544
1165.746544
1165.746544
1165.746544
1165.746544
1165.746544
1165.746544
1165.746544
1165.746362
1165.746362
1165.746362
1165.746362
1165.746362
1165.746362
1165.746362
1165.746362
1165.746362
1165.746362
1165.746362
1165.746362
1165.746362
1165.746362
1165.746362
1165.746362
1165.746362
1165.746362
1165.746362
1165.746362
1165.746362
1165.746362
1165.746362
1165.746362
1165.746362
1165.746362
1165.746362
1165.746362
1165.746362
1165.746362
1165.746362
1165.746362
1165.746362
1165.746362
1165.746362
1165.746362
1165.746362
1165.746362
1165.746362
1165.746362
1165.746362
1165.746362
1165.746362
1165.746362
1165.746362
1165.746362
1165.746362
1165.746362
1165.746362
1165.746362
1165.746362
1165.746362
1165.746362
1165.746362
1165.746362
1165.746362
1165.746362
1165.746362
1165.746362
1165.746362
1165.746362
1165.746362
1165.746362
1165.746362
1165.746362
1165.746362
1165.746362
1165.744664
1165.744664
1165.744664
1165.744664
1165.744664
1165.744664
1165.744664
1165.744664
1165.744664
1165.744664
1165.744664
1165.744664
1165.744664
1165.744664
1165.744664
1165.744664
1165.744664
1165.744664
1165.744664
1165.713041
1165.713041
1165.713041
1165.713041
1165.713041
1165.713041
1165.713041
1165.713041
1165.713041
1165.713041
1165.713041
1165.713041
1165.713041
1165.713041
1165.713041
1165.713041
1165.713041
1165.713041
1165.713041
1165.713041
1165.713041
1165.713041
1165.713041
1165.713041
1165.713041
1165.713041
1165.713041
1165.713041
1165.713041
1165.713041
1165.713041
1165.713041
1165.713041
1165.713041
1165.713041
1165.713041
1165.713041
1165.713041
1165.713041
1165.713041
1165.713041
1165.713041
1165.702246
1165.702246
1165.702246
1165.702246
1165.702246
1165.702246
1165.702246
1165.702246
1165.702246
1165.702246
1165.702246
1165.702246
1165.702246
1165.702246
1165.702246
1165.702246
1165.702246
1165.702246
1165.702246
1165.702246
1165.702246
1165.702246
1165.702246
1165.702246
1165.702246
1165.702246
1165.702246
1165.702246
1165.702246
1165.702246
1165.702246
1165.702246
1165.702246
1165.702246
1165.702246
1165.702246
1165.702246
1165.702246
1165.702246
1165.702246
1165.702246
1165.702246
1165.702246
1165.702246
1165.702246
1165.702246
1165.702246
1165.702246
1165.702246
1165.702246
1165.702246
1165.702246
1165.659436
1165.659436
1165.659436
1165.659436
1165.659436
1165.659436
1165.659436
1165.659436
1165.659436
1165.659436
1165.659436
1165.659436
1165.659436
1165.659436
1165.659436
1165.659436
1165.659436
1165.659436
1165.659436
1165.659436
1165.659436
1165.659436
1165.659436
1165.659436
1165.659436
1165.659436
1165.659436
1165.659436
1165.659436
1165.659436
1165.659436
1165.659436
1165.659436
1165.659436
1165.659436
1165.659436
1165.659436
1165.659436
1165.659436
1165.659436
1165.659436
1165.659436
1165.659436
1165.659436
1165.659436
1165.659436
1165.659436
1165.659436
1165.659436
1165.659436
1165.659436
1165.659436
1165.659436
1165.659436
1165.659436
1165.659436
1165.659436
1165.659436
1165.659436
1165.659436
1165.659436
1165.659436
1165.659436
1165.659436
1165.659436
1165.659436
1165.659436
1165.659436
1165.659436
1165.659436
1165.659436
1165.659436
1165.659436
1165.659436
1165.659436
1165.659436
1165.659436
1165.659436
1165.659436
1165.659436
1165.659436
1165.659436
1165.659436
1165.659436
1165.659436
1165.659436
1165.659436
1165.659436
1165.659436
1165.659436
1165.659436
1165.659436
1165.659436
1165.659436
1165.659436
1165.659436
1165.659436
1165.659436
1165.659436
1165.659436
1165.659436
1165.659436
1165.659436
1165.659436
1165.659436
1165.659436
1165.659436
1165.659436
1165.659436
1165.659436
1165.659436
1165.659436
1165.659436
1165.659436
1165.659436
1165.659436
1165.659436
1165.659436
1165.659436
1165.659436
1165.659436
1165.659436
1165.659436
1165.659436
1165.659436
1165.659436
1165.659436
1165.659436
1165.659436
1165.659436
1165.659436
1165.659436
1165.659436
1165.659436
1165.659436
1165.659436
1165.659436
1165.659436
1165.659436
1165.659436
1165.659436
1165.659436
1165.659436
1165.659436
1165.659436
1165.659436
1165.659436
1165.659436
1165.659436
1165.659436
1165.659436
1165.659436
1165.659436
1165.659436
1165.659436
1165.659436
1165.659436
1165.659436
1165.659436
1165.659436
1165.659436
1165.659436
1165.659436
1165.659436
1165.659436
1165.659436
1165.659436
1165.659436
1165.659436
1165.659436
1165.659436
1165.659436
1165.659436
1165.659436
1165.659436
1165.659436
1165.659436
1165.647609
1165.647609
1165.647609
1165.647609
1165.647609
1165.647609
1165.647609
1165.647609
1165.647609
1165.647609
1165.647609
1165.647609
1165.647609
1165.647609
1165.647609
1165.647609
1165.647609
1165.647609
1165.647609
1165.647609
1165.647609
1165.647609
1165.647609
1165.643335
1165.643335
1165.643335
1165.643335
1165.643335
1165.643335
1165.643335
1165.643335
1165.602049
1165.602049
1165.602049
1165.602049
1165.602049
1165.602049
1165.602049
1165.602049
1165.602049
1165.602049
1165.602049
1165.602049
1165.602049
1165.602049
1165.602049
1165.602049
1165.602049
1165.602049
1165.602049
1165.602049
1165.602049
1165.602049
1165.602049
1165.602049
1165.602049
1165.602049
1165.602049
1165.602049
1165.602049
1165.602049
1165.602049
1165.602049
1165.602049
1165.602049
1165.602049
1165.602049
1165.602049
1165.602049
1165.602049
1165.602049
1165.602049
1165.602049
1165.602049
1165.602049
1165.602049
1165.602049
1165.602049
1165.597909
1165.597909
1165.597909
1165.597909
1165.597909
1165.597909
1165.597909
1165.597909
1165.597909
1165.597909
1165.597909
1165.597909
1165.597909
1165.597909
1165.597909
1165.597909
1165.597909
1165.597909
1165.597909
1165.597909
1165.597909
1165.597909
1165.597909
1165.597909
1165.597909
1165.597909
1165.597909
1165.597909
1165.597909
1165.597909
1165.597909
1165.597909
1165.597909
1165.597909
1165.597909
1165.597909
1165.597909
1165.597909
1165.588627
1165.588627
1165.588627
1165.588627
1165.588627
1165.588627
1165.588627
1165.588627
1165.588627
1165.588627
1165.588627
1165.588627
1165.588627
1165.588627
1165.588627
1165.588627
1165.588627
1165.588627
1165.588627
1165.588627
1165.588627
1165.588627
1165.588627
1165.588627
1165.588627
1165.588627
1165.588627
1165.588627
1165.583924
1165.583924
1165.583924
1165.583924
1165.583924
1165.583924
1165.583924
1165.583924
1165.583924
1165.583924
1165.583924
1165.583924
1165.583924
1165.583924
1165.583924
1165.583924
1165.583924
1165.583924
1165.583924
1165.583924
1165.583924
1165.583924
1165.583924
1165.583924
1165.583924
1165.583924
1165.583924
1165.583924
1165.583924
1165.583924
1165.583924
1165.583924
1165.583924
1165.583924
1165.583924
1165.583924
1165.571712
1165.571712
1165.571712
1165.571712
1165.571712
1165.571712
1165.571712
1165.571712
1165.571712
1165.571712
1165.571712
1165.571712
1165.571712
1165.571712
1165.569751
1165.569751
1165.569751
1165.569751
1165.569751
1165.569751
1165.569751
1165.569751
1165.569751
1165.569751
1165.569751
1165.569751
1165.569751
1165.569751
1165.569751
1165.569751
1165.569751
1165.569751
1165.569751
1165.569751
1165.569751
1165.569751
1165.569751
1165.567357
1165.567357
1165.567357
1165.566982
1165.566982
1165.566982
1165.566982
1165.566982
1165.566982
1165.566982
1165.566982
1165.566982
1165.566982
1165.563464
1165.563464
1165.563464
1165.563464
1165.563464
1165.563464
1165.563464
1165.563464
1165.563464
1165.563464
1165.563464
1165.563464
1165.563464
1165.561527
1165.561527
1165.561527
1165.561527
1165.561527
1165.561527
1165.561527
1165.561527
1165.561527
1165.561527
1165.561527
1165.561527
1165.561527
1165.561527
1165.561527
1165.561527
1165.561527
1165.561527
1165.561527
1165.561527
1165.561527
1165.561527
1165.561527
1165.561527
1165.533634
1165.533634
1165.533634
1165.533634
1165.533634
1165.533634
1165.533634
1165.533634
1165.533634
1165.533634
1165.533634
1165.533634
1165.533634
1165.533634
1165.533634
1165.533634
1165.533634
1165.533634
1165.533634
1165.533634
1165.533634
1165.533634
1165.533634
1165.533634
1165.533634
1165.533634
1165.533634
1165.533634
1165.533634
1165.533634
1165.533634
1165.533634
1165.533634
1165.533634
1165.533634
1165.533634
1165.533634
1165.533634
1165.533634
1165.533634
1165.533634
1165.533634
1165.533634
1165.533634
1165.533634
1165.533634
1165.533634
1165.533634
1165.533634
1165.533634
1165.533634
1165.533634
1165.533634
1165.533634
1165.533634
1165.533634
1165.533634
1165.533634
1165.533634
1165.533634
1165.533634
1165.533634
1165.533634
1165.533634
1165.533634
1165.533634
1165.533634
1165.533634
1165.533634
1165.533634
1165.533634
1165.533634
1165.533634
1165.533634
1165.533634
1165.533634
1165.533634
1165.533634
1165.533634
1165.533634
1165.533634
1165.533634
1165.533634
1165.533634
1165.533634
1165.533634
1165.533634
1165.533634
1165.533634
1165.533634
1165.533634
1165.533634
1165.533634
1165.533634
1165.533634
1165.533634
1165.533634
1165.533634
1165.533634
1165.533634
1165.533634
1165.533634
1165.533634
1165.533634
1165.533634
1165.533634
1165.533634
1165.533634
1165.533634
1165.533634
1165.533634
1165.533634
1165.533634
1165.533634
1165.533634
1165.533634
1165.533634
1165.533634
1165.533634
1165.533634
1165.533634
1165.533634
1165.533634
1165.533634
1165.533634
1165.533634
1165.533634
1165.533634
1165.533634
1165.533634
1165.533634
1165.533634
1165.533634
1165.533634
1165.533634
1165.533634
1165.533634
1165.533634
1165.533634
1165.533634
1165.533634
1165.533634
1165.533634
1165.533634
1165.533634
1165.533634
1165.533634
1165.533634
1165.533634
1165.533634
1165.528269
1165.528269
1165.528269
1165.528269
1165.528269
1165.528269
1165.528269
1165.528269
1165.528269
1165.528269
1165.528269
1165.528269
1165.528269
1165.528269
1165.528269
1165.528269
1165.528269
1165.528269
1165.528269
1165.528269
1165.528269
1165.528269
1165.528269
1165.528269
1165.487233
1165.487233
1165.487233
1165.487233
1165.487233
1165.487233
1165.487233
1165.487233
1165.487233
1165.487233
1165.487233
1165.487233
1165.487233
1165.487233
1165.487233
1165.487233
1165.487233
1165.487233
1165.487233
1165.487233
1165.487233
1165.487233
1165.487233
1165.487233
1165.487233
1165.487233
1165.487233
1165.487233
1165.487233
1165.487233
1165.487233
1165.487233
1165.487233
1165.487233
1165.487233
1165.487233
1165.487233
1165.487233
1165.487233
1165.487233
1165.487233
1165.487233
1165.487233
1165.487233
1165.487233
1165.487233
1165.487233
1165.487233
1165.487233
1165.487233
1165.487233
1165.487233
1165.487233
1165.487233
1165.487233
1165.487233
1165.487233
1165.487233
1165.487233
1165.487233
1165.487233
1165.487233
1165.487233
1165.487233
1165.487233
1165.487233
1165.487233
1165.487233
1165.487233
1165.487233
1165.487233
1165.487233
1165.487233
1165.487233
1165.487233
1165.487233
1165.487233
1165.487233
1165.487233
1165.487233
1165.487233
1165.487233
1165.487233
1165.487233
1165.478310
1165.478310
1165.478310
1165.478310
1165.444386
1165.444386
1165.444386
1165.444386
1165.444386
1165.444386
1165.444386
1165.444386
1165.444386
1165.444386
1165.444386
1165.444386
1165.444386
1165.444386
1165.444386
1165.444386
1165.444386
1165.444386
1165.444386
1165.444386
1165.444386
1165.444386
1165.444386
1165.444386
1165.444386
1165.444386
1165.444386
1165.444386
1165.444386
1165.444386
1165.444386
1165.419265
1165.419265
1165.419265
1165.419265
1165.419265
1165.419265
1165.419265
1165.419265
1165.419265
1165.419265
1165.419265
1165.419265
1165.419265
1165.419265
1165.419265
1165.419265
1165.419265
1165.419265
1165.419265
1165.419265
1165.419265
1165.419265
1165.419265
1165.419265
1165.419265
1165.419265
1165.419265
1165.419265
1165.419265
1165.419265
1165.419265
1165.419265
1165.419265
1165.419265
1165.419265
1165.419265
1165.419265
1165.419265
1165.419265
1165.419265
1165.419265
1165.419265
1165.419265
1165.419265
1165.419265
1165.419265
1165.419265
1165.419265
1165.419265
1165.419265
1165.419265
1165.419265
1165.419265
1165.419265
1165.419265
1165.419265
1165.419265
1165.419265
1165.419265
1165.419265
1165.419265
1165.419265
1165.419265
1165.419265
1165.419265
1165.392176
1165.392176
1165.392176
1165.392176
1165.392176
1165.392176
1165.392176
1165.392176
1165.392176
1165.392176
1165.392176
1165.392176
1165.392176
1165.392176
1165.392176
1165.392176
1165.392176
1165.392176
1165.392176
1165.392176
1165.392176
1165.392176
1165.392176
1165.392176
1165.392176
1165.392176
1165.392176
1165.392176
1165.392176
1165.392176
1165.392176
1165.392176
1165.392176
1165.392176
1165.392176
1165.358957
1165.358957
1165.358957
1165.358957
1165.358957
1165.358957
1165.358957
1165.358957
1165.358957
1165.358957
1165.358957
1165.358957
1165.358957
1165.358957
1165.358957
1165.358957
1165.324103
1165.324103
1165.324103
1165.324103
1165.324103
1165.324103
1165.324103
1165.324103
1165.324103
1165.324103
1165.324103
1165.324103
1165.324103
1165.324103
1165.324103
1165.324103
1165.324103
1165.324103
1165.324103
1165.324103
1165.324103
1165.324103
1165.324103
1165.324103
1165.324103
1165.324103
1165.324103
1165.324103
1165.324103
1165.324103
1165.324103
1165.324103
1165.324103
1165.260700
1165.260700
1165.260700
1165.260700
1165.260700
1165.260700
1165.260700
1165.260700
1165.260700
1165.260700
1165.260700
1165.260700
1165.260700
1165.260700
1165.260700
1165.260700
1165.260700
1165.260700
1165.260700
1165.260700
1165.260700
1165.260700
1165.260700
1165.260700
1165.260700
1165.260700
1165.260700
1165.260700
1165.260700
1165.260700
1165.260700
1165.260700
1165.260700
1165.260700
1165.260700
1165.260700
1165.260700
1165.260700
1165.260700
1165.260700
1165.260700
1165.260700
1165.260700
1165.260700
1165.260700
1165.260700
1165.260700
1165.260700
1165.260700
1165.260700
1165.260700
1165.260700
1165.260700
1165.260700
1165.260700
1165.260700
1165.260700
1165.260700
1165.260700
1165.260700
1165.260700
1165.254282
1165.254282
1165.254282
1165.254282
1165.254282
1165.254282
1165.254282
1165.254282
1165.254282
1165.254282
1165.254282
1165.254282
1165.254282
1165.254282
1165.254282
1165.254282
1165.254282
1165.254282
1165.254282
1165.254282
1165.254282
1165.254282
1165.254282
1165.254282
1165.254282
1165.254282
1165.254282
1165.254282
1165.254282
1165.254282
1165.254282
1165.254282
1165.254282
1165.254282
1165.254282
1165.254282
1165.254282
1165.254282
1165.254282
1165.254282
1165.254282
1165.254282
1165.254282
1165.254282
1165.254282
1165.254282
1165.254282
1165.254282
1165.254282
1165.254282
1165.254282
1165.254282
1165.254282
1165.254282
1165.254282
1165.254282
1165.254282
1165.254282
1165.254282
1165.217339
1165.217339
1165.217339
1165.217339
1165.217339
1165.217339
1165.217339
1165.217339
1165.217339
1165.217339
1165.217339
1165.217339
1165.217339
1165.217339
1165.217339
1165.217339
1165.217339
1165.217339
1165.217339
1165.217339
1165.217339
1165.217339
1165.217339
1165.217339
1165.217339
1165.217339
1165.217339
1165.217339
1165.217339
1165.217339
1165.217339
1165.217339
1165.217339
1165.217339
1165.217339
1165.217339
1165.217339
1165.217339
1165.217339
1165.217339
1165.217339
1165.217339
1165.217339
1165.217339
1165.150700
1165.150700
1165.150700
1165.150700
1165.150700
1165.150700
1165.150700
1165.150700
1165.150700
1165.150700
1165.150700
1165.150700
1165.150700
1165.150700
1165.150700
1165.150700
1165.150700
1165.150700
1165.150700
1165.150700
1165.150700
1165.150700
1165.150700
1165.150700
1165.150700
1165.150700
1165.150700
1165.150700
1165.150700
1165.150700
1165.150700
1165.150700
1165.150700
1165.150700
1165.150700
1165.150700
1165.150700
1165.150700
1165.150700
1165.150700
1165.150700
1165.150700
1165.150700
1165.150700
1165.150700
1165.150700
1165.150700
1165.150700
1165.150700
1165.150700
1165.150700
1165.150700
1165.150700
1165.150700
1165.150700
1165.150700
1165.150700
1165.150700
1165.150700
1165.150700
1165.150700
1165.150700
1165.150700
1165.150700
1165.150700
1165.150700
1165.150700
1165.150700
1165.150700
1165.150700
1165.150700
1165.150700
1165.150700
1165.150700
1165.150700
1165.150700
1165.150700
1165.150700
1165.150700
1165.150700
1165.150700
1165.150700
1165.150700
1165.150700
1165.150700
1165.150700
1165.150700
1165.150700
1165.150700
1165.150700
1165.150700
1165.150700
1165.150700
1165.150700
1165.145186
1165.145186
1165.145186
1165.145186
1165.145186
1165.145186
1165.145186
1165.145186
1165.145186
1165.145186
1165.145186
1165.135663
1165.135663
1165.135663
1165.135663
1165.135663
1165.135663
1165.135663
1165.135663
1165.135663
1165.135663
1165.135663
1165.135663
1165.135663
1165.135663
1165.135663
1165.135663
1165.135663
1165.135663
1165.135663
1165.135663
1165.135663
1165.135663
1165.135663
1165.135663
1165.135663
1165.135663
1165.135663
1165.135663
1165.135663
1165.135663
1165.135663
1165.135663
1165.135663
1165.135663
1165.135663
1165.135663
1165.135663
1165.135663
1165.135663
1165.135663
1165.135663
1165.135663
1165.135663
1165.135663
1165.135663
1165.135663
1165.135663
1165.135663
1165.135663
1165.135663
1165.135663
1165.135663
1165.135663
1165.135663
1165.135663
1165.135663
1165.135663
1165.135663
1165.135663
1165.135663
1165.135663
1165.135663
1165.135663
1165.135663
1165.135663
1165.051677
1165.051677
1165.051677
1165.051677
1165.051677
1165.051677
1165.051677
1165.051677
1165.051677
1165.051677
1165.051677
1165.051677
1165.051677
1165.051677
1165.051677
1165.051677
1165.051677
1165.051677
1165.051677
1165.051677
1165.051677
1165.051677
1165.051677
1165.051677
1165.051677
1165.051677
1165.051677
1165.051677
1165.051677
1165.051677
1165.051677
1165.051677
1165.051677
1165.051677
1165.051677
1165.051677
1165.051677
1165.051677
1165.051677
1165.051677
1165.051677
1165.051677
1165.051677
1165.051677
1165.051677
1165.051677
1165.051677
1165.051677
1165.051677
1165.051677
1165.051677
1165.051677
1165.051677
1165.051677
1165.051677
1165.051677
1165.051677
1165.051677
1165.051677
1165.051677
1165.051677
1165.051677
1165.051677
1165.051677
1165.051677
1165.051677
1165.051677
1165.051677
1165.051677
1165.051677
1165.051677
1165.051677
1165.051677
1165.051677
1165.051677
1165.051677
1165.051677
1165.051677
1165.051677
1165.051677
1165.051677
1165.051677
1165.051677
1165.051677
1165.051677
1165.049124
1165.049124
1165.049124
1165.049124
1165.049124
1165.049124
1165.049124
1165.049124
1165.049124
1165.049124
1165.049124
1165.049124
1165.028462
1165.028462
1165.028462
1165.028462
1165.028462
1165.028462
1165.028462
1165.028462
1165.028462
1165.028462
1165.028462
1165.028462
1165.028462
1165.028462
1165.028462
1165.028462
1165.028462
1165.028462
1165.028462
1165.028462
1165.028462
1165.028462
1165.028462
1165.028462
1165.028462
1165.028462
1165.028462
1165.028462
1165.028462
1165.028462
1165.028462
1165.028462
1165.028462
1165.028462
1165.028462
1165.028462
1165.028462
1164.989990
1164.989990
1164.989990
1164.989990
1164.989990
1164.989990
1164.989990
1164.989990
1164.989990
1164.989990
1164.989990
1164.989990
1164.989990
1164.989990
1164.989990
1164.989990
1164.989990
1164.989990
1164.989990
1164.989990
1164.989990
1164.989990
1164.989990
1164.989990
1164.989990
1164.989990
1164.989990
1164.989990
1164.989990
1164.989990
1164.929316
1164.929316
1164.929316
1164.929316
1164.929316
1164.929316
1164.929316
1164.929316
1164.929316
1164.929316
1164.929316
1164.929316
1164.929316
1164.929316
1164.929316
1164.929316
1164.929316
1164.929316
1164.929316
1164.929316
1164.929316
1164.929316
1164.929316
1164.929316
1164.929316
1164.929316
1164.929316
1164.929316
1164.929316
1164.929316
1164.929316
1164.929316
1164.929316
1164.929316
1164.929316
1164.929316
1164.929316
1164.929316
1164.929316
1164.929316
1164.929316
1164.929316
1164.929316
1164.929316
1164.917561
1164.917561
1164.917561
1164.917561
1164.917561
1164.917561
1164.917561
1164.917561
1164.917561
1164.917561
1164.917561
1164.917561
1164.917561
1164.917561
1164.917561
1164.917561
1164.917561
1164.917561
1164.917561
1164.842097
1164.842097
1164.842097
1164.842097
1164.842097
1164.842097
1164.842097
1164.842097
1164.842097
1164.842097
1164.842097
1164.842097
1164.842097
1164.842097
1164.842097
1164.842097
1164.842097
1164.842097
1164.842097
1164.842097
1164.842097
1164.842097
1164.842097
1164.842097
1164.842097
1164.842097
1164.842097
1164.842097
1164.842097
1164.842097
1164.842097
1164.842097
1164.842097
1164.842097
1164.842097
1164.842097
1164.842097
1164.842097
1164.842097
1164.842097
1164.842097
1164.842097
1164.842097
1164.842097
1164.842097
1164.842097
1164.842097
1164.842097
1164.842097
1164.842097
1164.842097
1164.842097
1164.842097
1164.842097
1164.842097
1164.842097
1164.842097
1164.837071
1164.837071
1164.837071
1164.837071
1164.837071
1164.837071
1164.837071
1164.837071
1164.837071
1164.837071
1164.837071
1164.837071
1164.837071
1164.837071
1164.837071
1164.837071
1164.837071
1164.837071
1164.837071
1164.837071
1164.837071
1164.837071
1164.837071
1164.837071
1164.837071
1164.837071
1164.837071
1164.837071
1164.837071
1164.837071
1164.837071
1164.837071
1164.837071
1164.837071
1164.837071
1164.837071
1164.837071
1164.837071
1164.837071
1164.837071
1164.837071
1164.837071
1164.837071
1164.837071
1164.837071
1164.837071
1164.837071
1164.837071
1164.837071
1164.837071
1164.837071
1164.837071
1164.837071
1164.837071
1164.837071
1164.837071
1164.837071
1164.819699
1164.819699
1164.819699
1164.819699
1164.819699
1164.819699
1164.819699
1164.819699
1164.819699
1164.819699
1164.819699
1164.819699
1164.819699
1164.819699
1164.819699
1164.819699
1164.819699
1164.819699
1164.819699
1164.819699
1164.819699
1164.819699
1164.819699
1164.819699
1164.819699
1164.800380
1164.800380
1164.800380
1164.800380
1164.800380
1164.800380
1164.800380
1164.800380
1164.800380
1164.800380
1164.800380
1164.800380
1164.800380
1164.800380
1164.800380
1164.800380
1164.800380
1164.800380
1164.800380
1164.800380
1164.800380
1164.800380
1164.800380
1164.800380
1164.800380
1164.800380
1164.800380
1164.800380
1164.800380
1164.800380
1164.800380
1164.792606
1164.792606
1164.792606
1164.792606
1164.792606
1164.792606
1164.792606
1164.792606
1164.792606
1164.792606
1164.792606
1164.792606
1164.792606
1164.792606
1164.792606
1164.792606
1164.792606
1164.792606
1164.792606
1164.792606
1164.792606
1164.792606
1164.792606
1164.792606
1164.792606
1164.792606
1164.792606
1164.792606
1164.792606
1164.792606
1164.759766
1164.759766
1164.759766
1164.759766
1164.759766
1164.759766
1164.759766
1164.759766
1164.759766
1164.759766
1164.759766
1164.759766
1164.759766
1164.759766
1164.759766
1164.759766
1164.759766
1164.759766
1164.759766
1164.759766
1164.759766
1164.602550
1164.602550
1164.602550
1164.602550
1164.602550
1164.602550
1164.602550
1164.602550
1164.602550
1164.602550
1164.602550
1164.602550
1164.602550
1164.602550
1164.602550
1164.602550
1164.602550
1164.602550
1164.602550
1164.602550
1164.602550
1164.602550
1164.602550
1164.602550
1164.602550
1164.602550
1164.602550
1164.602550
1164.602550
1164.602550
1164.602550
1164.602550
1164.602550
1164.602550
1164.602550
1164.602550
1164.602550
1164.602550
1164.602550
1164.602550
1164.602550
1164.602550
1164.602550
1164.602550
1164.602550
1164.602550
1164.602550
1164.602550
1164.602550
1164.602550
1164.602550
1164.602550
1164.602550
1164.602550
1164.602550
1164.602550
1164.602550
1164.602550
1164.602550
1164.602550
1164.602550
1164.602550
1164.602550
1164.602550
1164.602550
1164.602550
1164.602550
1164.602550
1164.602550
1164.602550
1164.602550
1164.425242
1164.425242
1164.425242
1164.425242
1164.425242
1164.425242
1164.425242
1164.425242
1164.425242
1164.425242
1164.425242
1164.425242
1164.425242
1164.425242
1164.425242
1164.425242
1164.425242
1164.425242
1164.425242
1164.425242
1164.425242
1164.425242
1164.425242
1164.425242
1164.425242
1164.425242
1164.425242
1164.425242
1164.425242
1164.425242
1164.425242
1164.425242
1164.425242
1164.425242
1164.425242
1164.425242
1164.425242
1164.425242
1164.425242
1164.425242
1164.425242
1164.425242
1164.425242
1164.425242
1164.425242
1164.425242
1164.425242
1164.425242
1164.425242
1164.425242
1164.425242
1164.425242
1164.425242
1164.425242
1164.379760
1164.379760
1164.379760
1164.379760
1164.379760
1164.379760
1164.379760
1164.379760
1164.290079
1164.290079
1164.290079
1164.290079
1164.290079
1164.290079
1164.290079
1164.290079
1164.290079
1164.290079
1164.290079
1164.290079
1164.290079
1164.290079
1164.290079
1164.290079
1164.290079
1164.290079
1164.290079
1164.290079
1164.290079
1164.290079
1164.290079
1164.290079
1164.290079
1164.290079
1164.290079
1164.290079
1164.290079
1164.290079
1164.290079
1164.290079
1164.290079
1164.290079
1164.290079
1164.290079
1164.290079
1164.290079
1164.290079
1164.290079
1164.290079
1164.290079
1164.290079
1164.290079
1164.290079
1164.290079
1164.290079
1164.290079
1164.290079
1164.290079
1164.290079
1164.290079
1164.290079
1164.290079
1164.290079
1164.290079
1164.290079
1164.290079
1164.290079
1164.290079
1164.290079
1164.290079
1164.290079
1164.290079
1164.290079
1164.290079
1164.290079
1164.290079
1164.290079
1164.290079
1164.290079
1164.290079
1164.290079
1164.290079
1164.290079
1164.290079
1164.290079
1164.290079
1164.290079
1164.290079
1164.290079
1164.290079
1164.290079
1164.290079
1164.290079
1164.290079
1164.290079
1164.290079
1164.290079
1164.290079
1164.290079
1164.290079
1164.290079
1164.290079
1164.290079
1164.290079
1164.290079
1164.290079
1164.290079
1164.290079
1164.290079
1164.290079
1164.290079
1164.290079
1164.290079
1164.290079
1164.290079
1164.290079
1164.290079
1164.290079
1164.290079
1164.290079
1164.290079
1164.290079
1164.285300
1164.285300
1164.285300
1164.285300
1164.285300
1164.285300
1164.285300
1164.285300
1164.285300
1164.285300
1164.285300
1164.285300
1164.285300
1164.285300
1164.285300
1164.285300
1164.285300
1164.285300
1164.285300
1164.285300
1164.285300
1164.285300
1164.285300
1164.285300
1164.285300
1164.285300
1164.285300
1164.285300
1164.285300
1164.285300
1164.285300
1164.285300
1164.285300
1164.285300
1164.285300
1164.285300
1164.285300
1164.127930
1164.127930
1164.127930
1164.127930
1164.127930
1164.127930
1164.127930
1164.127930
1164.127930
1164.127930
1164.127930
1164.127930
1164.127930
1164.127930
1164.127930
1164.127930
1164.127930
1164.127930
1164.127930
1164.111671
1164.111671
1164.111671
1164.111671
1164.111671
1164.111671
1164.111671
1164.111671
1164.111671
1164.111671
1164.111671
1164.111671
1164.111671
1164.111671
1164.111671
1164.111671
1164.111671
1164.111671
1164.111671
1164.111671
1164.111671
1164.111671
1164.111671
1164.111671
1164.111671
1164.111671
1164.111671
1164.111671
1164.111671
1164.111671
1164.111671
1164.111671
1164.111671
1164.111671
1164.111671
1164.111671
1164.111671
1164.111671
1164.111671
1164.111671
1163.961238
1163.961238
1163.961238
1163.961238
1163.961238
1163.961238
1163.961238
1163.961238
1163.961238
1163.961238
1163.961238
1163.961238
1163.961238
1163.961238
1163.961238
1163.961238
1163.961238
1163.961238
1163.961238
1163.961238
1163.961238
1163.961238
1163.961238
1163.961238
1163.961238
1163.961238
1163.961238
1163.961238
1163.961238
1163.961238
1163.961238
1163.961238
1163.961238
1163.961238
1163.961238
1163.961238
1163.961238
1163.938125
1163.938125
1163.938125
1163.938125
1163.938125
1163.850231
1163.850231
1163.850231
1163.850231
1163.850231
1163.850231
1163.850231
1163.850231
1163.850231
1163.850231
1163.850231
1163.850231
1163.850231
1163.850231
1163.850231
1163.850231
1163.850231
1163.850231
1163.850231
1163.850231
1163.850231
1163.850231
1163.850231
1163.850231
1163.850231
1163.850231
1163.850231
1163.850231
1163.850231
1163.850231
1163.850231
1163.850231
1163.850231
1163.850231
1163.850231
1163.850231
1163.850231
1163.850231
1163.850231
1163.850231
1163.850231
1163.850231
1163.850231
1163.850231
1163.850231
1163.850231
1163.850231
1163.850231
1163.850231
1163.722719
1163.722719
1163.722719
1163.722719
1163.722719
1163.722719
1163.722719
1163.722719
1163.722719
1163.722719
1163.722719
1163.722719
1163.722719
1163.722719
1163.722719
1163.722719
1163.722719
1163.722719
1163.722719
1163.722719
1163.722719
1163.722719
1163.722719
1163.722719
1163.722719
1163.722719
1163.722719
1163.722719
1163.722719
1163.722719
1163.722719
1163.722719
1163.722719
1163.722719
1163.722719
1163.722719
1163.722719
1163.722719
1163.722719
1163.722719
1163.722719
1163.722719
1163.722719
1163.722719
1163.722719
1163.722719
1163.722719
1163.722719
1163.722719
1163.722719
1163.722719
1163.722719
1163.722719
1163.722719
1163.722719
1163.722719
1163.722719
1163.722719
1163.722719
1163.722719
1163.722719
1163.722719
1163.722719
1163.722719
1163.722719
1163.722719
1163.722719
1163.722719
1163.722719
1163.722719
1163.722719
1163.722719
1163.722719
1163.649768
1163.649768
1163.649768
1163.649768
1163.649768
1163.649768
1163.649768
1163.649768
1163.649768
1163.649768
1163.649768
1163.649768
1163.649768
1163.649768
1163.649768
1163.649768
1163.649768
1163.649768
1163.649768
1163.649768
1163.649768
1163.649768
1163.649768
1163.649768
1163.649768
1163.649768
1163.649768
1163.649768
1163.649768
1163.649768
1163.649768
1163.649768
1163.546812
1163.546812
1163.546812
1163.546812
1163.546812
1163.546812
1163.546812
1163.546812
1163.546812
1163.546812
1163.546812
1163.546812
1163.546812
1163.546812
1163.546812
1163.546812
1163.546812
1163.546812
1163.546812
1163.546812
1163.546812
1163.546812
1163.546812
1163.546812
1163.546812
1163.546812
1163.546812
1163.546812
1163.546812
1163.546812
1163.546812
1163.546812
1163.546812
1163.546812
1163.546812
1163.546812
1163.546812
1163.546812
1163.546812
1163.546812
1163.546812
1163.301075
1163.301075
1163.301075
1163.301075
1163.301075
1163.301075
1163.301075
1163.301075
1163.301075
1163.301075
1163.301075
1163.301075
1163.301075
1163.301075
1163.301075
1163.301075
1163.301075
1163.301075
1163.301075
1163.301075
1163.301075
1163.301075
1163.301075
1163.301075
1163.301075
1163.301075
1163.301075
1163.301075
1163.301075
1163.301075
1163.301075
1163.301075
1163.301075
1163.301075
1163.301075
1163.301075
1163.301075
1163.301075
1163.301075
1163.301075
1163.301075
1163.301075
1163.301075
1163.301075
1163.301075
1163.301075
1163.301075
1163.301075
1163.301075
1163.301075
1163.204221
1163.204221
1163.204221
1163.204221
1163.204221
1163.204221
1163.204221
1163.204221
1163.204221
1163.204221
1163.204221
1163.204221
1163.204221
1163.204221
1163.204221
1163.204221
1163.204221
1163.204221
1163.204221
1163.204221
1163.204221
1163.204221
1163.204221
1163.204221
1163.204221
1163.204221
1163.204221
1163.204221
1163.204221
1163.204221
1163.204221
1163.204221
1163.204221
1163.204221
1163.204221
1163.204221
1163.204221
1163.204221
1163.204221
1163.204221
1163.204221
1163.204221
1163.204221
1163.204221
1163.204221
1163.204221
1163.204221
1163.204221
1163.204221
1163.204221
1163.204221
1163.204221
1163.204221
1163.204221
1163.204221
1163.204221
1163.204221
1163.204221
1163.204221
1163.204221
1163.204221
1163.204221
1163.204221
1163.204221
1163.204221
1163.204221
1163.204221
1163.204221
1163.204221
1163.204221
1163.204221
1163.204221
1163.204221
1163.204221
1163.204221
1163.204221
1163.146020
1163.146020
1163.146020
1163.146020
1163.146020
1163.146020
1163.146020
1163.146020
1163.146020
1163.146020
1163.146020
1163.146020
1163.146020
1163.146020
1163.146020
1163.146020
1163.146020
1163.146020
1163.146020
1163.146020
1163.146020
1163.146020
1163.146020
1163.146020
1163.146020
1163.146020
1163.146020
1163.146020
1163.146020
1163.146020
1163.146020
1163.146020
1163.146020
1163.091195
1163.091195
1163.091195
1162.998232
1162.998232
1162.998232
1162.998232
1162.998232
1162.998232
1162.998232
1162.998232
1162.998232
1162.998232
1162.998232
1162.998232
1162.998232
1162.998232
1162.998232
1162.998232
1162.998232
1162.998232
1162.998232
1162.998232
1162.998232
1162.998232
1162.998232
1162.998232
1162.998232
1162.998232
1162.998232
1162.998232
1162.998232
1162.998232
1162.998232
1162.998232
1162.998232
1162.998232
1162.998232
1162.998232
1162.998232
1162.998232
1162.998232
1162.998232
1162.998232
1162.998232
1162.998232
1162.998232
1162.998232
1162.998232
1162.998232
1162.998232
1162.998232
1162.998232
1162.998232
1162.998232
1162.998232
1162.998232
1162.998232
1162.998232
1162.998232
1162.998232
1162.998232
1162.998232
1162.998232
1162.998232
1162.998232
1162.998232
1162.998232
1162.675919
1162.675919
1162.675919
1162.675919
1162.675919
1162.675919
1162.675919
1162.675919
1162.675919
1162.675919
1162.675919
1162.675919
1162.675919
1162.675919
1162.675919
1162.675919
1162.675919
1162.675919
1162.675919
1162.675919
1162.675919
1162.675919
1162.675919
1162.675919
1162.675919
1162.675919
1162.675919
1162.675919
1162.675919
1162.675919
1162.675919
1162.675919
1162.675919
1162.675919
1162.675919
1162.675919
1162.675919
1162.675919
1162.675919
1162.675919
1162.675919
1162.675919
1162.675919
1162.675919
1162.675919
1162.675919
1162.675919
1162.675919
1162.675919
1162.675919
1162.675919
1162.675919
1162.675919
1162.675919
1162.675919
1162.675919
1162.675919
1162.675919
1162.581354
1162.581354
1162.581354
1162.581354
1162.581354
1162.581354
1162.581354
1162.581354
1162.581354
1162.581354
1162.581354
1162.581354
1162.581354
1162.581354
1162.581354
1162.581354
1162.581354
1162.581354
1162.581354
1162.581354
1162.581354
1162.581354
1162.581354
1162.581354
1162.581354
1162.581354
1162.581354
1162.581354
1162.581354
1162.581354
1162.581354
1162.581354
1162.581354
1162.581354
1162.581354
1162.581354
1162.581354
1162.581354
1162.581354
1162.581354
1162.581354
1162.581354
1162.581354
1162.581354
1162.581354
1162.581354
1162.581354
1162.581354
1162.581354
1162.581354
1162.581354
1162.581354
1162.581354
1162.581354
1162.581354
1162.581354
1162.581354
1162.581354
1162.581354
1162.581354
1162.581354
1162.581354
1162.581354
1162.581354
1162.581354
1162.581354
1162.581354
1162.581354
1162.581354
1162.581354
1162.581354
1162.581354
1162.581354
1162.581354
1162.581354
1162.581354
1162.438723
1162.438723
1162.438723
1162.438723
1162.438723
1162.438723
1162.438723
1162.438723
1162.438723
1162.438723
1162.377765
1162.377765
1162.377765
1162.377765
1162.377765
1162.377765
1162.377765
1162.377765
1162.377765
1162.377765
1162.377765
1162.377765
1162.377765
1162.377765
1162.377765
1162.377765
1162.377765
1162.377765
1162.377765
1162.377765
1162.377765
1162.377765
1162.377765
1162.377765
1162.377765
1162.377765
1162.377765
1162.377765
1162.377765
1162.377765
1162.377765
1162.377765
1162.377765
1162.377765
1162.377765
1162.377765
1162.377765
1162.377765
1162.377765
1162.377765
1162.377765
1162.377765
1162.377765
1162.377765
1162.377765
1162.377765
1162.377765
1162.377765
1162.377765
1162.377765
1162.377765
1162.377765
1162.377765
1162.377765
1162.377765
1162.377765
1162.377765
1162.377765
1162.377765
1162.377765
1162.377765
1162.377765
1162.377765
1162.377765
1162.377765
1162.377765
1162.377765
1162.377765
1162.309795
1162.309795
1162.309795
1162.309795
1162.309795
1162.309795
1162.309795
1162.309795
1162.309795
1162.309795
1162.309795
1162.309795
1162.309795
1162.309795
1162.309795
1162.309795
1162.309795
1162.309795
1162.309795
1162.309795
1162.309795
1162.309795
1162.305095
1162.305095
1162.305095
1162.305095
1162.305095
1162.305095
1162.305095
1162.305095
1162.305095
1162.305095
1162.305095
1162.305095
1162.305095
1162.305095
1162.305095
1162.305095
1162.305095
1162.305095
1162.305095
1162.305095
1162.305095
1162.305095
1162.305095
1162.305095
1162.305095
1162.305095
1162.305095
1162.305095
1162.305095
1162.305095
1162.305095
1162.305095
1162.305095
1162.305095
1162.305095
1162.305095
1162.305095
1162.305095
1162.305095
1162.305095
1162.305095
1162.305095
1162.305095
1162.305095
1162.305095
1162.305095
1162.305095
1162.267470
1162.267470
1162.267470
1162.267470
1162.151718
1162.151718
1162.151718
1162.151718
1162.151718
1162.151718
1162.151718
1162.151718
1162.151718
1162.151718
1162.151718
1162.151718
1162.151718
1162.151718
1162.151718
1162.151718
1162.151718
1162.151718
1162.151718
1162.151718
1162.151718
1162.151718
1162.151718
1162.151718
1162.151718
1162.151718
1162.151718
1162.151718
1162.151718
1162.151718
1162.151718
1162.151718
1162.151718
1162.151718
1162.151718
1162.151718
1162.151718
1162.151718
1162.151718
1162.151718
1162.151718
1162.151718
1162.151718
1162.151718
1162.151718
1162.151718
1162.151718
1162.151718
1162.151718
1162.151718
1162.151718
1162.151718
1162.151718
1162.151718
1162.151718
1162.151718
1162.151718
1162.151718
1162.151718
1162.151718
1162.151718
1162.151718
1162.151718
1162.151718
1162.151718
1162.151718
1162.151718
1162.151718
1162.151718
1162.151718
1162.151718
1162.151718
1162.151718
1161.871573
1161.871573
1161.871573
1161.871573
1161.871573
1161.871573
1161.871573
1161.871573
1161.871573
1161.871573
1161.871573
1161.871573
1161.871573
1161.871573
1161.871573
1161.871573
1161.604992
1161.604992
1161.604992
1161.604992
1161.604992
1161.604992
1161.604992
1161.604992
1161.604992
1161.604992
1161.604992
1161.604992
1161.604992
1161.604992
1161.604992
1161.604992
1161.604992
1161.604992
1161.604992
1161.604992
1161.604992
1161.604992
1161.604992
1161.604992
1161.604992
1161.604992
1161.604992
1161.604992
1161.604992
1161.604992
1161.604992
1161.604992
1161.604992
1161.604992
1161.604992
1161.604992
1161.604992
1161.604992
1161.604992
1161.604992
1161.604992
1161.604992
1161.604992
1161.604992
1161.604992
1161.604992
1161.604992
1161.604992
1161.604992
1161.604992
1161.604992
1161.604992
1161.604992
1161.604992
1161.604992
1161.604992
1161.604992
1161.604992
1161.604992
1161.604992
1161.604992
1161.604992
1161.604992
1161.604992
1161.604992
1161.604992
1161.604992
1161.604992
1161.604992
1161.604992
1161.604992
1161.604992
1161.604992
1161.604992
1161.604992
1161.604992
1161.604992
1161.604992
1161.604992
1161.604992
1161.604992
1161.604992
1161.604992
1161.604992
1161.604992
1161.604992
1161.604992
1161.604992
1161.604992
1161.604992
1161.604992
1161.604992
1161.604992
1161.604992
1161.604992
1161.604992
1161.604992
1161.604992
1161.604992
1161.604992
1161.604992
1161.604992
1161.604992
1161.604992
1161.604992
1161.604992
1161.604992
1161.604992
1161.604992
1161.604992
1161.604992
1161.604992
1161.604992
1161.604992
1161.604992
1161.604992
1161.604992
1161.604992
1161.604992
1161.604992
1161.604992
1161.604992
1161.604992
1161.604992
1161.604992
1161.604992
1161.604992
1161.604992
1161.604992
1161.604992
1161.604992
1161.604992
1161.604992
1161.604992
1161.604992
1161.604992
1161.604992
1161.604992
1161.604992
1161.604992
1161.604992
1161.604992
1161.604992
1161.604992
1161.604992
1161.604992
1161.604992
1161.604992
1161.604992
1161.604992
1161.604992
1161.604992
1161.604992
1161.604992
1161.604992
1161.604992
1161.604992
1161.604992
1161.604992
1161.604992
1161.604992
1161.604992
1161.604992
1161.604992
1161.604992
1161.604992
1161.604992
1161.604992
1161.604992
1161.604992
1161.604992
1161.604992
1161.604992
1161.604992
1161.604992
1161.604992
1161.604992
1161.604992
1161.604992
1161.604992
1161.604992
1161.604992
1161.604992
1161.604992
1161.604992
1161.604992
1161.604992
1161.604992
1161.604992
1161.604992
1161.604992
1161.604992
1161.604992
1161.604992
1161.604992
1161.604992
1161.604992
1161.604992
1161.604992
1161.604992
1161.604992
1161.604992
1161.604992
1161.385873
1161.385873
1161.385873
1161.385873
1161.385873
1161.385873
1161.385873
1161.385873
1161.385873
1161.385873
1161.385873
1161.385873
1161.385873
1161.385873
1161.385873
1161.385873
1161.385873
1161.385873
1161.385873
1161.385873
1161.385873
1161.385873
1161.385873
1161.385873
1161.385873
1161.385873
1161.385873
1161.385873
1161.385873
1161.385873
1161.385873
1161.385873
1161.385873
1161.385873
1161.385873
1161.385873
1161.385873
1161.385873
1161.385873
1161.385873
1161.385873
1161.385873
1161.385873
1161.385873
1161.385873
1161.385873
1161.385873
1161.385873
1161.385873
1161.385873
1161.385873
1161.385873
1161.385873
1161.385873
1161.385873
1161.385873
1161.385873
1161.385873
1161.385873
1161.385873
1161.385873
1161.385873
1161.211635
1161.211635
1161.211635
1161.211635
1161.211635
1161.211635
1161.211635
1161.211635
1161.211635
1161.211635
1161.211635
1161.211635
1161.211635
1161.211635
1161.211635
1161.211635
1161.211635
1161.211635
1161.211635
1161.211635
1161.211635
1161.211635
1161.211635
1161.211635
1161.211635
1161.211635
1161.211635
1161.211635
1161.211635
1161.211635
1161.211635
1161.211635
1161.211635
1161.211635
1161.211635
1161.211635
1161.211635
1161.211635
1161.211635
1161.211635
1161.211635
1161.211635
1161.211635
1161.211635
1161.211635
1161.211635
1161.211635
1161.211635
1161.211635
1161.211635
1161.211635
1161.211635
1161.211635
1161.211635
1161.211635
1161.211635
1161.211635
1161.211635
1161.211635
1161.211635
1161.211635
1161.211635
1161.211635
1161.211635
1161.211635
1161.159646
1161.159646
1161.159646
1161.159646
1161.159646
1161.159646
1161.159646
1161.159646
1161.159646
1161.159646
1161.159646
1161.159646
1161.159646
1161.159646
1161.159646
1161.159646
1161.159646
1161.159646
1161.159646
1161.117356
1161.117356
1161.117356
1161.117356
1161.117356
1161.117356
1161.117356
1161.117356
1161.117356
1161.117356
1161.117356
1161.117356
1161.117356
1161.117356
1161.117356
1161.117356
1161.117356
1161.117356
1161.117356
1161.117356
1161.117356
1161.117356
1161.117356
1161.117356
1161.117356
1161.117356
1161.117356
1161.117356
1161.117356
1161.117356
1161.117356
1161.117356
1161.117356
1161.117356
1161.117356
1161.117356
1161.117356
1161.117356
1160.888294
1160.888294
1160.888294
1160.888294
1160.888294
1160.888294
1160.888294
1160.888294
1160.888294
1160.888294
1160.888294
1160.888294
1160.888294
1160.888294
1160.888294
1160.888294
1160.888294
1160.888294
1160.888294
1160.888294
1160.888294
1160.888294
1160.888294
1160.888294
1160.888294
1160.888294
1160.888294
1160.888294
1160.888294
1160.888294
1160.888294
1160.838972
1160.838972
1160.838972
1160.838972
1160.838972
1160.838972
1160.838972
1160.838972
1160.838972
1160.838972
1160.838972
1160.838972
1160.838972
1160.838972
1160.838972
1160.785777
1160.785777
1160.785777
1160.785777
1160.785777
1160.785777
1160.785777
1160.785777
1160.785777
1160.785777
1160.785777
1160.785777
1160.785777
1160.785777
1160.785777
1160.785777
1160.785777
1160.785777
1160.785777
1160.785777
1160.785777
1160.785777
1160.785777
1160.785777
1160.785777
1160.785777
1160.785777
1160.785777
1160.785777
1160.785777
1160.785777
1160.785777
1160.785777
1160.785777
1160.785777
1160.785777
1160.785777
1160.785777
1160.785777
1160.785777
1160.785777
1160.785777
1160.785777
1160.785777
1160.785777
1160.785777
1160.785777
1160.785777
1160.785777
1160.785777
1160.785777
1160.785777
1160.785777
1160.785777
1160.785777
1160.785777
1160.785777
1160.785777
1160.785777
1160.785777
1160.785777
1160.785777
1160.785777
1160.785777
1160.785777
1160.785777
1160.785777
1160.785777
1160.785777
1160.785777
1160.785777
1160.785777
1160.785777
1160.785777
1160.785777
1160.785777
1160.785777
1160.785777
1160.785777
1160.785777
1160.785777
1160.785777
1160.785777
1160.785777
1160.785777
1160.785777
1160.785777
1160.785777
1160.785777
1160.785777
1160.785777
1160.785777
1160.785777
1160.785777
1160.785777
1160.785777
1160.785777
1160.785777
1160.785777
1160.785777
1160.785777
1160.785777
1160.785777
1160.785777
1160.785777
1160.636765
1160.636765
1160.636765
1160.636765
1160.636765
1160.636765
1160.636765
1160.636765
1160.636765
1160.636765
1160.636765
1160.636765
1160.636765
1160.636765
1160.636765
1160.636765
1160.636765
1160.636765
1160.636765
1160.636765
1160.636765
1160.636765
1160.636765
1160.636765
1160.636765
1160.636765
1160.636765
1160.636765
1160.636765
1160.636765
1160.636765
1160.636765
1160.636765
1160.636765
1160.636765
1160.636765
1160.636765
1160.636765
1160.636765
1160.636765
1160.636765
1160.636765
1160.636765
1160.636765
1160.636765
1160.636765
1160.636765
1160.636765
1160.636765
1160.636765
1160.636765
1160.636765
1160.636765
1160.636765
1160.636765
1160.636765
1160.636765
1160.636765
1160.636765
1160.636765
1160.636765
1160.636765
1160.636765
1160.636765
1160.636765
1160.636765
1160.636765
1160.636765
1160.636765
1160.633576
1160.633576
1160.633576
1160.633576
1160.633576
1160.633576
1160.633576
1160.633576
1160.633576
1160.633576
1160.566962
1160.566962
1160.566962
1160.566962
1160.566962
1160.566962
1160.566962
1160.566962
1160.566962
1160.566962
1160.566962
1160.566962
1160.566962
1160.566962
1160.566962
1160.566962
1160.566962
1160.566962
1160.566962
1160.566962
1160.566962
1160.566962
1160.566962
1160.522739
1160.522739
1160.522739
1160.522739
1160.522739
1160.522739
1160.522739
1160.522739
1160.522739
1160.457049
1160.457049
1160.457049
1160.457049
1160.457049
1160.457049
1160.457049
1160.457049
1160.457049
1160.457049
1160.457049
1160.457049
1160.457049
1160.457049
1160.457049
1160.457049
1160.457049
1160.457049
1160.457049
1160.457049
1160.457049
1160.457049
1160.457049
1160.457049
1160.457049
1160.451169
1160.451169
1160.451169
1160.451169
1160.451169
1160.451169
1160.451169
1160.451169
1160.451169
1160.451169
1160.451169
1160.451169
1160.451169
1160.451169
1160.423370
1160.423370
1160.423370
1160.423370
1160.423370
1160.423370
1160.423370
1160.423370
1160.423370
1160.423370
1160.423370
1160.423370
1160.423370
1160.423370
1160.423370
1160.423370
1160.423370
1160.423370
1160.423370
1160.423370
1160.423370
1160.423370
1160.423370
1160.423370
1160.378123
1160.378123
1160.378123
1160.378123
1160.378123
1160.378123
1160.378123
1160.378123
1160.378123
1160.378123
1160.121628
1160.121628
1160.121628
1160.121628
1160.121628
1160.121628
1160.121628
1160.121628
1160.121628
1160.121628
1160.121628
1160.121628
1160.121628
1160.121628
1160.121628
1160.121628
1160.121628
1160.121628
1160.121628
1160.121628
1160.121628
1160.121628
1160.121628
1160.121628
1160.121628
1160.121628
1160.121628
1160.121628
1160.121628
1160.121628
1160.121628
1160.121628
1160.121628
1160.121628
1160.121628
1160.121628
1160.121628
1160.121628
1160.121628
1160.121628
1160.121628
1160.121628
1160.121628
1160.121628
1160.121628
1160.121628
1160.121628
1160.121628
1160.121628
1160.121628
1160.121628
1160.121628
1160.121628
1160.121628
1160.121628
1160.121628
1160.121628
1160.121628
1160.121628
1160.121628
1160.121628
1160.121628
1160.121628
1160.121628
1160.121628
1160.121628
1160.121628
1160.121628
1160.121628
1160.121628
1160.121628
1160.121628
1160.121628
1160.121628
1160.121628
1160.121628
1160.121628
1160.121628
1160.121628
1160.121628
1160.121628
1160.121628
1160.121628
1160.121628
1160.121628
1160.121628
1160.121628
1160.121628
1160.121628
1160.121628
1160.121628
1160.121628
1160.121628
1160.121628
1160.121628
1160.121628
1160.121628
1160.121628
1160.121628
1160.121628
1160.121628
1160.121628
1160.121628
1160.121628
1160.121628
1160.121628
1160.121628
1160.121628
1160.121628
1160.121628
1160.121628
1160.121628
1160.121628
1160.121628
1160.121628
1160.121628
1160.121628
1160.121628
1160.121628
1160.121628
1160.121628
1160.121628
1160.121628
1160.121628
1160.121628
1160.121628
1160.121628
1160.121628
1160.121628
1160.121628
1160.121628
1160.121628
1160.121628
1160.121628
1160.121628
1160.121628
1160.121628
1160.121628
1160.121628
1160.121628
1160.121628
1160.121628
1160.121628
1160.121628
1160.121628
1160.121628
1160.121628
1160.121628
1160.121628
1160.121628
1160.121628
1160.121628
1160.121628
1160.121628
1160.121628
1160.121628
1160.121628
1160.121628
1160.121628
1160.121628
1160.121628
1160.121628
1160.121628
1160.121628
1160.121628
1160.121628
1160.121628
1160.121628
1160.121628
1160.121628
1160.121628
1160.121628
1160.121628
1160.121628
1160.121628
1160.121628
1160.121628
1160.121628
1160.121628
1160.121628
1160.121628
1160.121628
1159.954409
1159.954409
1159.954409
1159.954409
1159.954409
1159.954409
1159.954409
1159.954409
1159.954409
1159.954409
1159.954409
1159.954409
1159.954409
1159.954409
1159.954409
1159.954409
1159.954409
1159.954409
1159.954409
1159.954409
1159.954409
1159.954409
1159.954409
1159.954409
1159.954409
1159.954409
1159.954409
1159.954409
1159.954409
1159.954409
1159.954409
1159.954409
1159.954409
1159.954409
1159.954409
1159.954409
1159.954409
1159.954409
1159.954409
1159.954409
1159.858355
1159.858355
1159.858355
1159.858355
1159.858355
1159.858355
1159.858355
1159.858355
1159.858355
1159.858355
1159.858355
1159.858355
1159.858355
1159.858355
1159.858355
1159.858355
1159.858355
1159.858355
1159.858355
1159.858355
1159.858355
1159.858355
1159.858355
1159.858355
1159.858355
1159.858355
1159.858355
1159.858355
1159.858355
1159.858355
1159.858355
1159.858355
1159.858355
1159.858355
1159.858355
1159.858355
1159.858355
1159.858355
1159.858355
1159.858355
1159.858355
1159.858355
1159.858355
1159.634975
1159.634975
1159.634975
1159.634975
1159.634975
1159.634975
1159.634975
1159.634975
1159.634975
1159.634975
1159.634975
1159.634975
1159.634975
1159.634975
1159.634975
1159.634975
1159.634975
1159.634975
1159.634975
1159.634975
1159.634975
1159.634975
1159.634975
1159.634975
1159.634975
1159.634975
1159.634975
1159.634975
1159.634975
1159.634975
1159.634975
1159.634975
1159.634975
1159.634975
1159.634975
1159.634975
1159.634975
1159.634975
1159.634975
1159.634975
1159.634975
1159.634975
1159.634975
1159.634975
1159.634975
1159.634975
1159.634975
1159.634975
1159.634975
1159.634975
1159.634975
1159.634975
1159.634975
1159.634975
1159.634975
1159.634975
1159.634975
1159.634975
1159.634975
1159.634975
1159.634975
1159.634975
1159.634975
1159.634975
1159.634975
1159.634975
1159.634975
1159.634975
1159.634975
1159.634975
1159.634975
1159.634975
1159.634975
1159.634975
1159.634975
1159.634975
1159.634975
1159.634975
1159.634975
1159.634975
1159.634975
1159.634975
1159.634975
1159.634975
1159.634975
1159.634975
1159.634975
1159.634975
1159.634975
1159.634975
1159.634975
1159.634975
1159.634975
1159.634975
1159.629231
1159.629231
1159.629231
1159.629231
1159.629231
1159.629231
1159.629231
1159.629231
1159.629231
1159.629231
1159.629231
1159.629231
1159.629231
1159.629231
1159.629231
1159.629231
1159.629231
1159.629231
1159.629231
1159.629231
1159.629231
1159.629231
1159.629231
1159.629231
1159.629231
1159.629231
1159.629231
1159.629231
1159.629231
1159.629231
1159.629231
1159.629231
1159.629231
1159.629231
1159.629231
1159.629231
1159.629231
1159.629231
1159.629231
1159.629231
1159.629231
1159.629231
1159.629231
1159.629231
1159.629231
1159.629231
1159.629231
1159.629231
1159.629231
1159.629231
1159.629231
1159.629231
1159.629231
1159.629231
1159.629231
1159.629231
1159.629231
1159.629231
1159.629231
1159.629231
1159.629231
1159.629231
1159.629231
1159.629231
1159.464658
1159.464658
1159.464658
1159.464658
1159.464658
1159.464658
1159.464658
1159.464658
1159.464658
1159.464658
1159.464658
1159.464658
1159.464658
1159.464658
1159.464658
1159.464658
1159.464658
1159.464658
1159.464658
1159.464658
1159.464658
1159.464658
1159.464658
1159.464658
1159.464658
1159.464658
1159.464658
1159.464658
1159.464658
1159.464658
1159.464658
1159.464658
1159.464658
1159.464658
1159.464658
1159.464658
1159.464658
1159.464658
1159.464658
1159.464658
1159.464658
1159.464658
1159.464658
1159.464658
1159.464658
1159.464658
1159.464658
1159.464658
1159.464658
1159.464658
1159.464658
1159.464658
1159.464658
1159.464658
1159.464658
1159.464658
1159.464658
1159.464658
1159.464658
1159.464658
1159.464658
1159.464658
1159.464658
1159.464658
1159.464658
1159.464658
1159.464658
1159.464658
1159.464658
1159.464658
1159.464658
1159.414008
1159.414008
1159.414008
1159.414008
1159.414008
1159.414008
1159.414008
1159.414008
1159.414008
1159.414008
1159.414008
1159.414008
1159.414008
1159.414008
1159.414008
1159.414008
1159.414008
1159.414008
1159.414008
1159.414008
1159.414008
1159.414008
1159.414008
1159.414008
1159.414008
1159.414008
1159.414008
1159.414008
1159.414008
1159.414008
1159.414008
1159.414008
1159.414008
1159.368866
1159.368866
1159.368866
1159.368866
1159.368866
1159.368866
1159.368866
1159.368866
1159.368866
1159.368866
1159.368866
1159.368866
1159.368866
1159.368866
1159.368866
1159.368866
1159.368866
1159.368866
1159.368866
1159.368866
1159.368866
1159.368866
1159.368866
1159.368866
1159.368866
1159.368866
1159.368866
1159.368866
1159.368866
1159.368866
1159.368866
1159.368866
1159.368866
1159.368866
1159.368866
1159.368866
1159.368866
1159.368866
1159.368866
1159.368866
1159.368866
1159.368866
1159.368866
1159.368866
1159.368866
1159.368866
1159.368866
1159.368866
1159.368866
1159.368866
1159.368866
1159.368866
1159.368866
1159.368866
1159.368866
1159.368866
1159.363056
1159.363056
1159.363056
1159.363056
1159.363056
1159.363056
1159.363056
1159.278007
1159.278007
1159.278007
1159.278007
1159.278007
1159.278007
1159.278007
1159.278007
1159.278007
1159.278007
1159.278007
1159.278007
1159.278007
1159.278007
1159.278007
1159.278007
1159.278007
1159.278007
1159.278007
1159.278007
1159.278007
1159.278007
1159.278007
1159.278007
1159.278007
1159.278007
1159.278007
1159.278007
1159.278007
1159.278007
1159.278007
1159.278007
1159.278007
1159.278007
1159.278007
1159.278007
1159.278007
1159.278007
1159.278007
1159.278007
1159.278007
1159.278007
1159.278007
1159.278007
1159.278007
1159.278007
1159.278007
1159.278007
1159.278007
1159.278007
1159.278007
1159.278007
1159.278007
1159.278007
1159.278007
1159.278007
1159.278007
1159.278007
1159.278007
1159.278007
1159.278007
1159.278007
1159.278007
1159.278007
1159.278007
1159.278007
1159.278007
1159.278007
1159.278007
1159.278007
1159.278007
1159.278007
1159.278007
1159.278007
1159.278007
1159.278007
1159.278007
1159.278007
1159.278007
1159.278007
1159.278007
1159.278007
1159.278007
1159.278007
1159.278007
1159.278007
1159.278007
1159.278007
1159.278007
1159.278007
1159.278007
1159.278007
1159.278007
1159.278007
1159.278007
1159.278007
1159.278007
1159.278007
1159.278007
1159.278007
1159.278007
1159.278007
1159.278007
1159.278007
1159.278007
1159.278007
1159.278007
1159.278007
1159.278007
1159.278007
1159.278007
1159.278007
1159.278007
1159.278007
1159.278007
1159.278007
1159.278007
1159.278007
1159.278007
1159.278007
1159.278007
1159.278007
1159.278007
1159.278007
1159.278007
1159.278007
1159.278007
1159.278007
1159.278007
1159.278007
1159.278007
1159.278007
1159.278007
1159.278007
1159.278007
1159.278007
1159.278007
1159.278007
1159.278007
1159.278007
1159.278007
1159.278007
1159.278007
1159.278007
1159.278007
1159.278007
1159.278007
1159.156693
1159.156693
1159.156693
1159.156693
1159.156693
1159.156693
1159.156693
1159.156693
1159.156693
1159.156693
1159.156693
1159.156693
1159.156693
1159.156693
1159.156693
1159.156693
1159.156693
1159.156693
1159.156693
1159.156693
1159.156693
1159.156693
1159.156693
1159.156693
1159.156693
1159.156693
1159.156693
1159.156693
1159.156693
1159.156693
1159.156693
1159.156693
1159.156693
1159.156693
1159.156693
1159.156693
1159.156693
1159.156693
1159.156693
1159.156693
1159.156693
1159.156693
1159.156693
1159.156693
1159.156693
1159.156693
1159.156693
1159.156693
1159.156693
1159.156693
1159.156693
1159.156693
1159.156693
1159.156693
1159.156693
1159.156693
1159.156693
1159.156693
1159.156693
1159.156693
1159.156693
1159.156693
1159.156693
1159.156693
1159.156693
1159.156693
1159.156693
1159.156693
1159.156693
1159.156693
1159.156693
1159.156693
1159.156693
1159.156693
1159.156693
1159.156693
1159.156693
1159.152591
1159.152591
1159.152591
1159.152591
1159.152591
1159.152591
1159.152591
1159.152591
1159.152591
1159.152591
1159.152591
1158.831926
1158.831926
1158.831926
1158.831926
1158.831926
1158.831926
1158.831926
1158.831926
1158.831926
1158.831926
1158.831926
1158.831926
1158.831926
1158.831926
1158.831926
1158.831926
1158.831926
1158.831926
1158.831926
1158.831926
1158.831926
1158.831926
1158.831926
1158.831926
1158.831926
1158.831926
1158.831926
1158.831926
1158.831926
1158.831926
1158.831926
1158.831926
1158.831926
1158.831926
1158.831926
1158.831926
1158.831926
1158.831926
1158.831926
1158.831926
1158.831926
1158.831926
1158.831926
1158.831926
1158.831926
1158.831926
1158.831926
1158.831926
1158.831926
1158.831926
1158.831926
1158.831926
1158.831926
1158.831926
1158.831926
1158.831926
1158.831926
1158.831926
1158.831926
1158.831926
1158.831926
1158.831926
1158.831926
1158.831926
1158.831926
1158.831926
1158.831926
1158.831926
1158.831926
1158.831926
1158.831926
1158.831926
1158.831926
1158.831926
1158.831926
1158.831926
1158.831926
1158.831926
1158.831926
1158.831926
1158.831926
1158.831926
1158.831926
1158.831926
1158.831926
1158.831926
1158.831926
1158.831926
1158.831926
1158.831926
1158.831926
1158.831926
1158.831926
1158.831926
1158.831926
1158.831926
1158.831926
1158.831926
1158.831926
1158.831926
1158.831926
1158.831926
1158.831926
1158.831926
1158.831926
1158.831926
1158.831926
1158.831926
1158.831926
1158.831926
1158.831926
1158.831926
1158.831926
1158.831926
1158.831926
1158.831926
1158.831926
1158.831926
1158.831926
1158.831926
1158.831926
1158.831926
1158.831926
1158.831926
1158.831926
1158.831926
1158.831926
1158.831926
1158.831926
1158.831926
1158.831926
1158.831926
1158.831926
1158.831926
1158.831926
1158.831926
1158.831926
1158.831926
1158.831926
1158.831926
1158.831926
1158.831926
1158.831926
1158.831926
1158.831926
1158.831926
1158.831926
1158.831926
1158.831926
1158.831926
1158.831926
1158.831926
1158.831926
1158.831926
1158.831926
1158.831926
1158.831926
1158.831926
1158.831926
1158.831926
1158.831926
1158.831926
1158.831926
1158.831926
1158.831926
1158.831926
1158.831926
1158.831926
1158.831926
1158.831926
1158.831926
1158.831926
1158.831926
1158.831926
1158.831926
1158.831926
1158.831926
1158.831926
1158.831926
1158.831926
1158.831926
1158.831926
1158.831926
1158.831926
1158.831926
1158.831926
1158.831926
1158.831926
1158.831926
1158.831926
1158.831926
1158.831926
1158.831926
1158.831926
1158.831926
1158.831926
1158.831926
1158.831926
1158.831926
1158.831926
1158.831926
1158.831926
1158.831926
1158.831926
1158.831926
1158.831926
1158.831926
1158.831926
1158.831926
1158.831926
1158.831926
1158.831926
1158.793356
1158.793356
1158.793356
1158.793356
1158.793356
1158.793356
1158.793356
1158.793356
1158.793356
1158.793356
1158.793356
1158.793356
1158.793356
1158.793356
1158.793356
1158.793356
1158.793356
1158.793356
1158.793356
1158.793356
1158.793356
1158.793356
1158.793356
1158.793356
1158.793356
1158.793356
1158.793356
1158.793356
1158.793356
1158.793356
1158.793356
1158.793356
1158.793356
1158.793356
1158.793356
1158.793356
1158.793356
1158.793356
1158.793356
1158.793356
1158.793356
1158.793356
1158.793356
1158.793356
1158.793356
1158.793356
1158.793356
1158.793356
1158.793356
1158.793356
1158.793356
1158.793356
1158.793356
1158.793356
1158.793356
1158.793356
1158.793356
1158.793356
1158.793356
1158.793356
1158.793356
1158.793356
1158.793356
1158.793356
1158.793356
1158.793356
1158.793356
1158.793356
1158.793356
1158.793356
1158.793356
1158.793356
1158.793356
1158.793356
1158.793356
1158.793356
1158.793356
1158.793356
1158.793356
1158.793356
1158.793356
1158.793356
1158.793356
1158.793356
1158.793356
1158.793356
1158.793356
1158.793356
1158.793356
1158.793356
1158.793356
1158.793356
1158.793356
1158.793356
1158.793356
1158.793356
1158.793356
1158.793356
1158.793356
1158.793356
1158.793356
1158.793356
1158.793356
1158.793356
1158.793356
1158.793356
1158.793356
1158.793356
1158.793356
1158.793356
1158.793356
1158.793356
1158.793356
1158.793356
1158.793356
1158.793356
1158.793356
1158.793356
1158.793356
1158.793356
1158.793356
1158.793356
1158.793356
1158.793356
1158.793356
1158.793356
1158.793356
1158.793356
1158.793356
1158.793356
1158.793356
1158.793356
1158.793356
1158.758794
1158.758794
1158.758794
1158.758794
1158.758794
1158.758794
1158.758794
1158.758794
1158.758794
1158.758794
1158.758794
1158.758794
1158.758794
1158.758794
1158.758794
1158.758794
1158.758794
1158.758794
1158.758794
1158.758794
1158.758794
1158.654362
1158.654362
1158.654362
1158.654362
1158.654362
1158.654362
1158.654362
1158.654362
1158.654362
1158.654362
1158.654362
1158.654362
1158.654362
1158.654362
1158.654362
1158.654362
1158.654362
1158.654362
1158.654362
1158.654362
1158.654362
1158.654362
1158.654362
1158.654362
1158.654362
1158.654362
1158.654362
1158.654362
1158.654362
1158.654362
1158.654362
1158.654362
1158.654362
1158.654362
1158.654362
1158.654362
1158.654362
1158.654362
1158.654362
1158.654362
1158.654362
1158.654362
1158.654362
1158.654362
1158.654362
1158.654362
1158.654362
1158.654362
1158.654362
1158.654362
1158.654362
1158.654362
1158.654362
1158.654362
1158.654362
1158.654362
1158.654362
1158.654362
1158.654362
1158.654362
1158.654362
1158.654362
1158.654362
1158.654362
1158.654362
1158.654362
1158.654362
1158.654362
1158.654362
1158.654362
1158.654362
1158.654362
1158.654362
1158.654362
1158.654362
1158.654362
1158.654362
1158.654362
1158.654362
1158.654362
1158.654362
1158.654362
1158.654362
1158.654362
1158.654362
1158.654362
1158.654362
1158.654362
1158.606596
1158.606596
1158.606596
1158.606596
1158.606596
1158.606596
1158.606596
1158.606596
1158.606596
1158.606596
1158.606596
1158.606596
1158.515583
1158.515583
1158.515583
1158.515583
1158.515583
1158.515583
1158.515583
1158.515583
1158.515583
1158.515583
1158.515583
1158.515583
1158.515583
1158.515583
1158.515583
1158.515583
1158.515583
1158.515583
1158.515583
1158.515583
1158.515583
1158.515583
1158.515583
1158.515583
1158.515583
1158.515583
1158.515583
1158.515583
1158.515583
1158.515583
1158.515583
1158.515583
1158.515583
1158.515583
1158.515583
1158.515583
1158.515583
1158.515583
1158.515583
1158.515583
1158.515583
1158.515583
1158.515583
1158.515583
1158.515583
1158.515583
1158.515583
1158.515583
1158.515583
1158.515583
1158.515583
1158.515583
1158.515583
1158.515583
1158.515583
1158.515583
1158.515583
1158.515583
1158.515583
1158.515583
1158.515583
1158.515583
1158.515583
1158.515583
1158.515583
1158.515583
1158.515583
1158.515583
1158.515583
1158.515583
1158.515583
1158.515583
1158.515583
1158.515583
1158.515583
1158.515583
1158.515583
1158.515583
1158.515583
1158.515583
1158.515583
1158.515583
1158.515583
1158.515583
1158.515583
1158.515583
1158.515583
1158.515583
1158.515583
1158.515583
1158.515583
1158.515583
1158.515583
1158.515583
1158.515583
1158.515583
1158.515583
1158.515583
1158.515583
1158.515583
1158.515583
1158.515583
1158.515583
1158.515583
1158.515583
1158.515583
1158.515583
1158.515583
1158.515583
1158.515583
1158.515583
1158.515583
1158.515583
1158.515583
1158.515583
1158.515583
1158.515583
1158.515583
1158.515583
1158.515583
1158.515583
1158.515583
1158.456096
1158.456096
1158.456096
1158.456096
1158.456096
1158.456096
1158.456096
1158.456096
1158.456096
1158.456096
1158.456096
1158.456096
1158.456096
1158.456096
1158.456096
1158.456096
1158.456096
1158.456096
1158.456096
1158.456096
1158.456096
1158.456096
1158.456096
1158.456096
1158.456096
1158.456096
1158.456096
1158.456096
1158.456096
1158.456096
1158.456096
1158.456096
1158.456096
1158.456096
1158.456096
1158.456096
1158.456096
1158.456096
1158.456096
1158.456096
1158.456096
1158.456096
1158.456096
1158.456096
1158.456096
1158.456096
1158.456096
1158.456096
1158.456096
1158.456096
1158.456096
1158.456096
1158.456096
1158.456096
1158.456096
1158.456096
1158.456096
1158.456096
1158.456096
1158.456096
1158.456096
1158.456096
1158.456096
1158.456096
1158.456096
1158.456096
1158.456096
1158.456096
1158.456096
1158.456096
1158.456096
1158.456096
1158.397608
1158.397608
1158.397608
1158.397608
1158.397608
1158.397608
1158.397608
1158.397608
1158.397608
1158.397608
1158.397608
1158.397608
1158.397608
1158.397608
1158.397608
1158.397608
1158.397608
1158.397608
1158.397608
1158.397608
1158.397608
1158.397608
1158.397608
1158.397608
1158.397608
1158.397608
1158.397608
1158.397608
1158.397608
1158.397608
1158.397608
1158.397608
1158.397608
1158.397608
1158.397608
1158.397608
1158.397608
1158.397608
1158.397608
1158.397608
1158.397608
1158.397608
1158.343659
1158.343659
1158.343659
1158.343659
1158.343659
1158.343659
1158.343659
1158.343659
1158.343659
1158.343659
1158.343659
1158.343659
1158.343659
1158.343659
1158.343659
1158.343659
1158.343659
1158.343659
1158.343659
1158.343659
1158.343659
1158.343659
1158.343659
1158.343659
1158.343659
1158.343659
1158.343659
1158.343659
1158.343659
1158.343659
1158.343659
1158.343659
1158.343659
1158.343659
1158.343659
1158.343659
1158.343659
1158.343659
1158.343659
1158.343659
1158.343659
1158.343659
1158.343659
1158.343659
1158.343659
1158.343659
1158.343659
1158.343659
1158.343659
1158.343659
1158.343659
1158.343659
1158.343659
1158.343659
1158.343659
1158.343659
1158.343659
1158.343659
1158.343659
1158.343659
1158.343659
1158.343659
1158.343659
1158.343659
1158.343659
1158.343659
1158.343659
1158.343659
1158.343659
1158.343659
1158.343659
1158.343659
1158.343659
1158.343659
1158.343659
1158.343659
1158.343659
1158.343659
1158.343659
1158.343659
1158.343659
1158.343659
1158.343659
1158.343659
1158.343659
1158.343659
1158.343659
1158.343659
1158.343659
1158.288240
1158.288240
1158.288240
1158.288240
1158.288240
1158.288240
1158.288240
1158.288240
1158.288240
1158.288240
1158.288240
1158.288240
1158.288240
1158.288240
1158.288240
1158.288240
1158.288240
1158.288240
1158.288240
1158.288240
1158.288240
1158.288240
1158.288240
1158.288240
1158.288240
1158.288240
1158.124504
1158.124504
1158.124504
1158.124504
1158.124504
1158.124504
1158.124504
1158.124504
1158.124504
1158.124504
1158.124504
1158.124504
1158.124504
1158.124504
1158.124504
1158.124504
1158.124504
1158.124504
1158.124504
1158.124504
1158.124504
1158.124504
1158.124504
1158.124504
1158.124504
1157.954606
1157.954606
1157.954606
1157.954606
1157.954606
1157.954606
1157.954606
1157.954606
1157.954606
1157.954606
1157.954606
1157.954606
1157.954606
1157.954606
1157.954606
1157.954606
1157.954606
1157.954606
1157.954606
1157.954606
1157.954606
1157.954606
1157.954606
1157.954606
1157.954606
1157.954606
1157.954606
1157.954606
1157.954606
1157.954606
1157.954606
1157.954606
1157.954606
1157.954606
1157.954606
1157.954606
1157.954606
1157.954606
1157.954606
1157.954606
1157.954606
1157.954606
1157.954606
1157.954606
1157.954606
1157.954606
1157.954606
1157.954606
1157.954606
1157.954606
1157.584525
1157.584525
1157.584525
1157.584525
1157.584525
1157.584525
1157.584525
1157.584525
1157.584525
1157.584525
1157.584525
1157.584525
1157.584525
1157.584525
1157.584525
1157.584525
1157.584525
1157.584525
1157.584525
1157.584525
1157.584525
1157.584525
1157.584525
1157.584525
1157.584525
1157.584525
1157.584525
1157.584525
1157.584525
1157.584525
1157.584525
1157.584525
1157.584525
1157.584525
1157.584525
1157.584525
1157.584525
1157.584525
1157.584525
1157.584525
1157.584525
1157.584525
1157.584525
1157.584525
1157.584525
1157.584525
1157.584525
1157.584525
1157.584525
1157.584525
1157.584525
1157.584525
1157.584525
1157.584525
1157.584525
1157.584525
1157.584525
1157.584525
1157.584525
1157.584525
1157.584525
1157.584525
1157.584525
1157.584525
1157.584525
1157.584525
1157.584525
1157.584525
1157.584525
1157.584525
1157.584525
1157.584525
1157.584525
1157.584525
1157.584525
1157.584525
1157.584525
1157.584525
1157.584525
1157.584525
1157.584525
1157.584525
1157.584525
1157.584525
1157.584525
1157.584525
1157.584525
1157.584525
1157.584525
1157.584525
1157.584525
1157.584525
1157.584525
1157.584525
1157.584525
1157.584525
1157.584525
1157.584525
1157.584525
1157.584525
1157.584525
1157.584525
1157.584525
1157.584525
1157.584525
1157.584525
1157.584525
1157.584525
1157.584525
1157.584525
1157.584525
1157.584525
1157.584525
1157.584525
1157.584525
1157.584525
1157.584525
1157.584525
1157.584525
1157.584525
1157.584525
1157.584525
1157.584525
1157.584525
1157.584525
1157.584525
1157.584525
1157.584525
1157.584525
1157.584525
1157.584525
1157.584525
1157.584525
1157.584525
1157.584525
1157.584525
1157.584525
1157.584525
1157.584525
1157.584525
1157.584525
1157.584525
1157.584525
1157.584525
1157.584525
1157.584525
1157.584525
1157.584525
1157.584525
1157.584525
1157.584525
1157.584525
1157.584525
1157.584525
1157.584525
1157.584525
1157.584525
1157.584525
1157.584525
1157.584525
1157.584525
1157.584525
1157.584525
1157.584525
1157.584525
1157.584525
1157.584525
1157.584525
1157.584525
1157.584525
1157.584525
1157.584525
1157.584525
1157.584525
1157.584525
1157.584525
1157.584525
1157.584525
1157.584525
1157.584525
1157.584525
1157.584525
1157.584525
1157.584525
1157.584525
1157.584525
1157.514738
1157.514738
1157.514738
1157.514738
1157.514738
1157.514738
1157.514738
1157.514738
1157.514738
1157.514738
1157.514738
1157.514738
1157.514738
1157.514738
1157.514738
1157.514738
1157.514738
1157.514738
1157.514738
1157.514738
1157.514738
1157.514738
1157.514738
1157.514738
1157.514738
1157.514738
1157.514738
1157.514738
1157.514738
1157.514738
1157.514738
1157.514738
1157.514738
1157.514738
1157.514738
1157.514738
1157.499835
1157.499835
1157.499835
1157.499835
1157.499835
1157.499835
1157.499835
1157.499835
1157.499835
1157.499835
1157.499835
1157.499835
1157.499835
1157.499835
1157.470600
1157.470600
1157.470600
1157.470600
1157.470600
1157.470600
1157.470600
1157.470600
1157.470600
1157.470600
1157.470600
1157.470600
1157.470600
1157.470600
1157.470600
1157.470600
1157.470600
1157.470600
1157.470600
1157.470600
1157.470600
1157.470600
1157.470600
1157.470600
1157.470600
1157.470600
1157.470600
1157.470600
1157.470600
1157.437803
1157.437803
1157.437803
1157.437803
1157.437803
1157.437803
1157.437803
1157.437803
1157.437803
1157.437803
1157.437803
1157.437803
1157.437803
1157.437803
1157.437803
1157.437803
1157.437803
1157.437803
1157.437803
1157.437803
1157.437803
1157.437803
1157.437803
1157.437803
1157.437803
1157.437803
1157.437803
1157.437803
1157.437803
1157.437803
1157.437803
1157.437803
1157.437803
1157.437803
1157.437803
1157.437803
1157.437803
1157.437803
1157.437803
1157.437803
1157.437803
1157.437803
1157.437803
1157.437803
1157.403128
1157.403128
1157.403128
1157.376528
1157.376528
1157.376528
1157.376528
1157.376528
1157.376528
1157.376528
1157.376528
1157.376528
1157.376528
1157.376528
1157.376528
1157.376528
1157.376528
1157.376528
1157.376528
1157.376528
1157.376528
1157.376528
1157.376528
1157.376528
1157.376528
1157.376528
1157.376528
1157.376528
1157.376528
1157.376528
1157.376528
1157.376528
1157.376528
1157.376528
1157.376528
1157.376528
1157.376528
1157.376528
1157.376528
1157.376528
1157.376528
1157.376528
1157.376528
1157.376528
1157.376528
1157.376528
1157.376528
1157.376528
1157.376528
1157.376528
1157.346506
1157.346506
1157.346506
1157.346506
1157.346506
1157.346506
1157.346506
1157.346506
1157.346506
1157.346506
1157.346506
1157.346506
1157.346506
1157.346506
1157.346506
1157.346506
1157.346506
1157.346506
1157.230655
1157.230655
1157.230655
1157.230655
1157.230655
1157.230655
1157.230655
1157.230655
1157.230655
1157.230655
1157.230655
1157.230655
1157.230655
1157.230655
1157.230655
1157.230655
1157.230655
1157.230655
1157.230655
1157.230655
1157.230655
1157.230655
1157.230655
1157.230655
1157.230655
1157.230655
1157.230655
1157.230655
1157.230655
1157.230655
1157.230655
1157.230655
1157.230655
1157.230655
1157.230655
1157.230655
1157.230655
1157.230655
1157.230655
1157.230655
1157.230655
1157.230655
1157.230655
1157.230655
1157.230655
1157.230655
1157.230655
1157.230655
1157.230655
1157.230655
1157.230655
1157.230655
1157.230655
1157.230655
1157.230655
1157.230655
1157.230655
1157.230655
1157.230655
1157.230655
1156.904498
1156.904498
1156.904498
1156.904498
1156.904498
1156.904498
1156.904498
1156.904498
1156.904498
1156.904498
1156.904498
1156.904498
1156.904498
1156.904498
1156.904498
1156.904498
1156.904498
1156.904498
1156.904498
1156.904498
1156.904498
1156.904498
1156.904498
1156.904498
1156.904498
1156.904498
1156.904498
1156.904498
1156.904498
1156.904498
1156.904498
1156.904498
1156.904498
1156.904498
1156.904498
1156.904498
1156.904498
1156.904498
1156.904498
1156.904498
1156.904498
1156.904498
1156.904498
1156.904498
1156.904498
1156.904498
1156.904498
1156.904498
1156.904498
1156.904498
1156.904498
1156.904498
1156.904498
1156.904498
1156.904498
1156.904498
1156.904498
1156.904498
1156.904498
1156.904498
1156.904498
1156.904498
1156.904498
1156.904498
1156.904498
1156.904498
1156.904498
1156.904498
1156.904498
1156.904498
1156.904498
1156.904498
1156.904498
1156.904498
1156.904498
1156.904498
1156.904498
1156.904498
1156.904498
1156.904498
1156.904498
1156.904498
1156.904498
1156.904498
1156.904498
1156.904498
1156.904498
1156.904498
1156.904498
1156.904498
1156.904498
1156.904498
1156.904498
1156.904498
1156.904498
1156.904498
1156.904498
1156.904498
1156.904498
1156.904498
1156.904498
1156.904498
1156.904498
1156.904498
1156.904498
1156.904498
1156.904498
1156.904498
1156.904498
1156.904498
1156.904498
1156.904498
1156.904498
1156.904498
1156.904498
1156.904498
1156.904498
1156.904498
1156.904498
1156.904498
1156.904498
1156.904498
1156.904498
1156.904498
1156.904498
1156.904498
1156.904498
1156.904498
1156.904498
1156.904498
1156.904498
1156.904498
1156.904498
1156.904498
1156.904498
1156.847154
1156.847154
1156.847154
1156.847154
1156.847154
1156.847154
1156.847154
1156.847154
1156.847154
1156.847154
1156.847154
1156.847154
1156.847154
1156.847154
1156.847154
1156.847154
1156.847154
1156.847154
1156.847154
1156.847154
1156.847154
1156.847154
1156.847154
1156.847154
1156.847154
1156.847154
1156.847154
1156.847154
1156.847154
1156.847154
1156.847154
1156.847154
1156.847154
1156.847154
1156.847154
1156.847154
1156.847154
1156.847154
1156.847154
1156.847154
1156.847154
1156.847154
1156.847154
1156.847154
1156.847154
1156.847154
1156.847154
1156.847154
1156.847154
1156.847154
1156.847154
1156.847154
1156.847154
1156.847154
1156.847154
1156.847154
1156.847154
1156.847154
1156.847154
1156.847154
1156.847154
1156.847154
1156.847154
1156.847154
1156.847154
1156.847154
1156.847154
1156.847154
1156.847154
1156.847154
1156.847154
1156.847154
1156.847154
1156.847154
1156.847154
1156.847154
1156.847154
1156.847154
1156.847154
1156.847154
1156.847154
1156.847154
1156.786895
1156.786895
1156.786895
1156.786895
1156.786895
1156.786895
1156.786895
1156.786895
1156.786895
1156.786895
1156.786895
1156.786895
1156.786895
1156.786895
1156.786895
1156.786895
1156.786895
1156.786895
1156.786895
1156.786895
1156.786895
1156.786895
1156.786895
1156.786895
1156.786895
1156.786895
1156.786895
1156.786895
1156.786895
1156.786895
1156.786895
1156.786895
1156.786895
1156.786895
1156.786895
1156.786895
1156.786895
1156.786895
1156.786895
1156.786895
1156.786895
1156.786895
1156.786895
1156.786895
1156.786895
1156.786895
1156.786895
1156.786895
1156.786895
1156.786895
1156.786895
1156.786895
1156.764768
1156.764768
1156.764768
1156.764768
1156.764768
1156.764768
1156.764768
1156.764768
1156.764768
1156.764768
1156.764768
1156.764768
1156.764768
1156.764768
1156.764768
1156.764768
1156.764768
1156.764768
1156.764768
1156.764768
1156.764768
1156.763388
1156.763388
1156.763388
1156.763388
1156.763388
1156.763388
1156.763388
1156.763388
1156.763388
1156.763388
1156.763388
1156.763388
1156.763388
1156.763388
1156.763388
1156.763388
1156.763388
1156.763388
1156.763388
1156.763388
1156.763388
1156.763388
1156.763388
1156.763388
1156.763388
1156.763388
1156.763388
1156.763388
1156.763388
1156.763388
1156.763388
1156.763388
1156.763388
1156.763388
1156.763388
1156.763388
1156.763388
1156.763388
1156.763388
1156.763388
1156.712973
1156.712973
1156.712973
1156.712973
1156.712973
1156.712973
1156.712973
1156.712973
1156.712973
1156.712973
1156.649222
1156.649222
1156.649222
1156.649222
1156.649222
1156.649222
1156.649222
1156.649222
1156.649222
1156.649222
1156.649222
1156.649222
1156.649222
1156.649222
1156.649222
1156.649222
1156.649222
1156.649222
1156.649222
1156.649222
1156.649222
1156.649222
1156.649222
1156.649222
1156.649222
1156.649222
1156.649222
1156.649222
1156.649222
1156.649222
1156.649222
1156.649222
1156.649222
1156.649222
1156.649222
1156.649222
1156.649222
1156.649222
1156.649222
1156.649222
1156.649222
1156.649222
1156.649222
1156.649222
1156.649222
1156.608958
1156.608958
1156.608958
1156.608958
1156.608958
1156.608958
1156.608958
1156.608958
1156.608958
1156.608958
1156.608958
1156.608958
1156.608958
1156.608958
1156.608958
1156.608958
1156.608958
1156.608958
1156.608958
1156.608958
1156.608958
1156.608958
1156.608958
1156.608958
1156.608958
1156.608958
1156.608958
1156.608958
1156.608958
1156.608958
1156.608958
1156.608958
1156.608958
1156.595659
1156.595659
1156.552078
1156.552078
1156.552078
1156.552078
1156.552078
1156.552078
1156.552078
1156.552078
1156.552078
1156.552078
1156.552078
1156.552078
1156.541609
1156.541609
1156.541609
1156.541609
1156.541609
1156.541609
1156.541609
1156.541609
1156.541609
1156.541609
1156.541609
1156.541609
1156.541609
1156.541609
1156.541609
1156.541609
1156.541609
1156.541609
1156.541609
1156.541609
1156.541609
1156.541609
1156.541609
1156.541609
1156.541609
1156.541609
1156.541609
1156.541609
1156.541609
1156.541609
1156.447492
1156.447492
1156.447492
1156.447492
1156.447492
1156.447492
1156.447492
1156.447492
1156.447492
1156.447492
1156.447492
1156.447492
1156.447492
1156.447492
1156.447492
1156.447492
1156.447492
1156.447492
1156.447492
1156.447492
1156.447492
1156.447492
1156.447492
1156.447492
1156.447492
1156.447492
1156.447492
1156.438255
1156.438255
1156.438255
1156.438255
1156.438255
1156.438255
1156.438255
1156.438255
1156.438255
1156.438255
1156.438255
1156.438255
1156.438255
1156.438255
1156.438255
1156.438255
1156.438255
1156.438255
1156.425946
1156.374530
1156.374530
1156.374530
1156.374530
1156.374530
1156.374530
1156.374530
1156.374530
1156.374530
1156.374530
1156.374530
1156.374530
1156.374530
1156.374530
1156.374530
1156.374530
1156.374530
1156.374530
1156.374530
1156.374530
1156.374530
1156.374530
1155.855991
1155.855991
1155.855991
1155.855991
1155.855991
1155.855991
1155.855991
1155.855991
1155.855991
1155.855991
1155.855991
1155.855991
1155.855991
1155.855991
1155.855991
1155.855991
1155.855991
1155.855991
1155.855991
1155.855991
1155.855991
1155.855991
1155.855991
1155.855991
1155.855991
1155.855991
1155.855991
1155.855991
1155.855991
1155.855991
1155.855991
1155.855991
1155.855991
1155.855991
1155.855991
1155.855991
1155.855991
1155.855991
1155.855991
1155.855991
1155.855991
1155.855991
1155.855991
1155.855991
1155.855991
1155.855991
1155.855991
1155.855991
1155.855991
1155.855991
1155.855991
1155.855991
1155.855991
1155.855991
1155.855991
1155.855991
1155.855991
1155.855991
1155.855991
1155.855991
1155.855991
1155.855991
1155.855991
1155.855991
1155.855991
1155.855991
1155.855991
1155.855991
1155.855991
1155.855991
1155.855991
1155.855991
1155.855991
1155.855991
1155.855991
1155.855991
1155.855991
1155.855991
1155.855991
1155.855991
1155.855991
1155.855991
1155.855991
1155.855991
1155.855991
1155.855991
1155.855991
1155.855991
1155.855991
1155.855991
1155.855991
1155.855991
1155.855991
1155.855991
1155.855991
1155.855991
1155.855991
1155.855991
1155.855991
1155.855991
1155.855991
1155.855991
1155.855991
1155.855991
1155.855991
1155.855991
1155.855991
1155.855991
1155.855991
1155.855991
1155.855991
1155.855991
1155.855991
1155.855991
1155.855991
1155.855991
1155.855991
1155.855991
1155.855991
1155.855991
1155.855991
1155.855991
1155.855991
1155.855991
1155.855991
1155.855991
1155.855991
1155.855991
1155.855991
1155.855991
1155.855991
1155.855991
1155.855991
1155.855991
1155.855991
1155.855991
1155.855991
1155.805165
1155.805165
1155.805165
1155.805165
1155.805165
1155.805165
1155.805165
1155.805165
1155.805165
1155.805165
1155.805165
1155.805165
1155.805165
1155.805165
1155.805165
1155.805165
1155.805165
1155.805165
1155.805165
1155.805165
1155.805165
1155.805165
1155.714669
1155.714669
1155.714669
1155.714669
1155.714669
1155.714669
1155.714669
1155.714669
1155.714669
1155.714669
1155.714669
1155.714669
1155.714669
1155.714669
1155.714669
1155.714669
1155.714669
1155.714669
1155.714669
1155.714669
1155.714669
1155.714669
1155.714669
1155.714669
1155.714669
1155.714669
1155.714669
1155.714669
1155.714669
1155.714669
1155.714669
1155.714669
1155.714669
1155.714669
1155.714669
1155.714669
1155.714669
1155.714669
1155.211092
1155.211092
1155.211092
1155.211092
1155.211092
1155.211092
1155.211092
1155.211092
1155.211092
1155.211092
1155.211092
1155.211092
1155.211092
1155.211092
1155.211092
1155.211092
1155.211092
1155.211092
1155.211092
1155.211092
1155.211092
1155.211092
1155.211092
1155.211092
1155.211092
1155.211092
1155.211092
1155.211092
1155.211092
1155.211092
1155.211092
1155.211092
1155.211092
1155.211092
1155.211092
1155.211092
1155.211092
1155.211092
1155.211092
1155.211092
1155.211092
1155.211092
1155.211092
1155.211092
1155.211092
1155.211092
1155.211092
1155.211092
1155.211092
1155.211092
1155.211092
1155.211092
1155.211092
1155.211092
1155.211092
1155.211092
1155.211092
1155.211092
1155.211092
1155.211092
1155.211092
1155.211092
1155.211092
1155.211092
1155.211092
1155.211092
1155.211092
1155.211092
1155.211092
1155.211092
1155.211092
1155.211092
1155.211092
1155.211092
1155.211092
1155.211092
1155.211092
1155.211092
1155.211092
1155.211092
1155.211092
1155.211092
1155.211092
1155.211092
1155.211092
1155.211092
1155.211092
1155.211092
1155.211092
1155.211092
1155.211092
1155.211092
1155.211092
1155.211092
1155.211092
1155.211092
1155.211092
1155.211092
1155.095160
1155.095160
1155.095160
1155.095160
1155.095160
1155.095160
1155.095160
1155.095160
1155.019028
1155.019028
1155.019028
1155.019028
1155.019028
1155.019028
1155.019028
1155.019028
1155.019028
1155.019028
1155.019028
1155.019028
1155.019028
1155.019028
1155.019028
1155.019028
1155.019028
1155.019028
1155.019028
1155.019028
1155.019028
1155.019028
1155.019028
1155.019028
1155.019028
1155.019028
1155.019028
1155.019028
1155.019028
1155.019028
1155.019028
1155.019028
1155.019028
1155.019028
1155.019028
1155.019028
1155.019028
1155.019028
1155.019028
1155.019028
1155.019028
1155.019028
1155.019028
1155.019028
1155.019028
1155.019028
1155.019028
1154.993884
1154.929239
1154.929239
1154.929239
1154.929239
1154.929239
1154.901911
1154.901911
1154.901911
1154.901911
1154.901911
1154.901911
1154.901911
1154.901911
1154.901911
1154.901911
1154.901911
1154.901911
1154.901911
1154.899737
1154.899737
1154.899737
1154.899737
1154.899737
1154.899737
1154.899737
1154.899737
1154.899737
1154.899737
1154.899737
1154.899737
1154.899737
1154.899737
1154.899737
1154.899737
1154.899737
1154.899737
1154.899737
1154.899737
1154.899737
1154.899737
1154.899737
1154.899737
1154.899737
1154.899737
1154.899737
1154.899737
1154.899737
1154.899737
1154.899737
1154.899737
1154.899737
1154.899737
1154.899737
1154.899737
1154.899737
1154.899737
1154.899737
1154.899737
1154.899737
1154.899737
1154.899737
1154.899737
1154.899737
1154.899737
1154.899737
1154.899737
1154.899737
1154.899737
1154.899737
1154.899737
1154.899737
1154.899737
1154.899737
1154.899737
1154.899737
1154.899737
1154.899737
1154.899737
1154.899737
1154.899737
1154.899737
1154.899737
1154.899737
1154.899737
1154.899737
1154.899737
1154.899737
1154.899737
1154.779665
1154.779665
1154.779665
1154.779665
1154.779665
1154.779665
1154.779665
1154.779665
1154.779665
1154.779665
1154.779665
1154.779665
1154.779665
1154.770595
1154.770595
1154.770595
1154.770595
1154.718810
1154.718810
1154.718810
1154.718810
1154.718810
1154.718810
1154.718810
1154.718810
1154.718810
1154.718810
1154.718810
1154.718810
1154.718810
1154.718810
1154.718810
1154.718810
1154.718810
1154.718810
1154.718810
1154.718810
1154.718810
1154.718810
1154.718810
1154.718810
1154.718810
1154.718810
1154.718810
1154.577445
1154.577445
1154.577445
1154.577445
1154.577445
1154.577445
1154.577445
1154.577445
1154.577445
1154.577445
1154.577445
1154.577445
1154.577445
1154.577445
1154.577445
1154.577445
1154.577445
1154.497699
1154.497699
1154.497699
1154.497699
1154.497699
1154.497699
1154.497699
1154.497699
1154.497699
1154.497699
1154.497699
1154.497699
1154.497699
1154.497699
1154.497699
1154.497699
1154.497699
1154.497699
1154.497699
1154.497699
1154.497699
1154.497699
1154.497699
1154.497699
1154.497699
1154.497699
1154.497699
1154.497699
1154.497699
1154.497699
1154.497699
1154.497699
1154.497699
1154.497699
1154.497699
1154.497699
1154.497699
1154.497699
1154.497699
1154.497699
1154.497699
1154.497699
1154.497699
1154.497699
1154.497699
1154.497699
1154.497699
1154.497699
1154.497699
1154.497699
1154.497699
1154.497699
1154.497699
1154.497699
1154.497699
1154.497699
1154.497699
1154.497699
1154.497699
1154.497699
1154.497699
1154.497699
1154.497699
1154.497699
1154.497699
1154.497699
1154.497699
1154.497699
1154.497699
1154.497699
1154.497699
1154.494121
1154.494121
1154.494121
1154.494121
1154.494121
1154.494121
1154.494121
1154.494121
1154.494121
1154.494121
1154.494121
1154.494121
1154.494121
1154.494121
1154.494121
1154.494121
1154.494121
1154.494121
1154.494121
1154.494121
1154.494121
1154.494121
1154.494121
1154.494121
1154.494121
1154.494121
1154.494121
1154.494121
1154.494121
1154.494121
1154.494121
1154.494121
1154.494121
1154.494121
1154.494121
1154.494121
1154.449710
1154.449710
1154.449710
1154.449710
1154.449710
1154.449710
1154.449710
1154.439166
1154.439166
1154.439166
1154.439166
1154.439166
1154.439166
1154.439166
1154.439166
1154.439166
1154.439166
1154.439166
1154.439166
1154.439166
1154.439166
1154.439166
1154.439166
1154.439166
1154.439166
1154.439166
1154.439166
1154.439166
1154.439166
1154.439166
1154.439166
1154.439166
1154.439166
1154.439166
1154.439166
1154.439166
1154.439166
1154.439166
1154.439166
1154.439166
1154.307473
1154.307473
1154.307473
1154.307473
1154.307473
1154.307473
1154.307473
1154.307473
1154.307473
1154.307473
1154.307473
1154.307473
1154.307473
1154.307473
1154.307473
1154.307473
1154.307473
1154.307473
1154.067558
1154.067558
1154.067558
1154.067558
1154.067558
1154.067558
1154.067558
1154.067558
1154.067558
1154.067558
1154.067558
1154.067558
1154.067558
1154.067558
1154.067558
1154.067558
1154.067558
1154.067558
1154.067558
1154.067558
1154.067558
1154.067558
1154.067558
1154.067558
1154.067558
1154.067558
1154.067558
1154.015211
1154.015211
1154.015211
1154.015211
1154.015211
1154.015211
1154.015211
1154.015211
1154.015211
1154.015211
1154.015211
1154.015211
1154.015211
1154.015211
1154.015211
1154.015211
1154.015211
1154.015211
1154.015211
1154.015211
1154.015211
1154.015211
1154.015211
1154.015211
1154.015211
1154.015211
1153.748978
1153.748978
1153.748978
1153.748978
1153.748978
1153.748978
1153.748978
1153.748978
1153.748978
1153.748978
1153.748978
1153.748978
1153.748978
1153.748978
1153.748978
1153.748978
1153.748978
1153.748978
1153.748978
1153.748978
1153.748978
1153.748978
1153.748978
1153.748978
1153.748978
1153.748978
1153.748978
1153.748978
1153.748978
1153.748978
1153.748978
1153.748978
1153.748978
1153.748978
1153.748978
1153.748978
1153.748978
1153.748978
1153.748978
1153.748978
1153.748978
1153.748978
1153.748978
1153.748978
1153.748978
1153.748978
1153.748978
1153.748978
1153.748978
1153.748978
1153.748978
1153.748978
1153.748978
1153.748978
1153.748978
1153.748978
1153.748978
1153.748978
1153.748978
1153.748978
1153.748978
1153.748978
1153.748978
1153.748978
1153.748978
1153.748978
1153.748978
1153.748978
1153.748978
1153.748978
1153.748978
1153.748978
1153.748978
1153.748978
1153.748978
1153.748978
1153.748978
1153.748978
1153.748978
1153.748978
1153.748978
1153.748978
1153.748978
1153.748978
1153.748978
1153.748978
1153.748978
1153.748978
1153.748978
1153.748978
1153.748978
1153.748978
1153.748978
1153.748978
1153.748978
1153.748978
1153.748978
1153.748978
1153.748978
1153.748978
1153.748978
1153.748978
1153.748978
1153.748978
1153.748978
1153.748978
1153.748978
1153.748978
1153.748978
1153.748978
1153.748978
1153.748978
1153.748978
1153.748978
1153.748978
1153.748978
1153.748978
1153.748978
1153.748978
1153.748978
1153.748978
1153.748978
1153.748978
1153.748978
1153.748978
1153.748978
1153.748978
1153.748978
1153.748978
1153.748978
1153.748978
1153.748978
1153.748978
1153.748978
1153.748978
1153.748978
1153.748978
1153.748978
1153.748978
1153.748978
1153.748978
1153.748978
1153.748978
1153.649921
1153.649921
1153.649921
1153.649921
1153.649921
1153.649921
1153.649921
1153.649921
1153.649921
1153.649921
1153.649921
1153.649921
1153.649921
1153.649921
1153.649921
1153.649921
1153.649921
1153.649921
1153.649921
1153.649921
1153.649921
1153.649921
1153.649921
1153.649921
1153.649921
1153.649921
1153.649921
1153.649921
1153.649921
1153.649921
1153.649921
1153.416508
1153.416508
1153.416508
1153.416508
1153.416508
1153.416508
1153.416508
1153.416508
1153.416508
1153.416508
1153.416508
1153.416508
1153.416508
1153.416508
1153.416508
1153.416508
1153.416508
1153.416508
1153.416508
1153.416508
1153.416508
1153.416508
1153.416508
1153.416508
1153.416508
1153.416508
1153.416508
1153.416508
1153.416508
1153.416508
1153.416508
1153.416508
1153.416508
1153.416508
1153.416508
1153.416508
1153.416508
1153.416508
1153.416508
1153.416508
1153.416508
1153.416508
1153.416508
1153.416508
1153.416508
1153.416508
1153.416508
1153.416508
1153.416508
1153.416508
1153.416508
1153.416508
1153.416508
1153.416508
1153.416508
1153.416508
1153.416508
1153.416508
1153.416508
1153.416508
1153.416508
1153.416508
1153.416508
1153.416508
1153.416508
1153.416508
1153.416508
1153.416508
1153.324778
1153.324778
1153.324778
1153.324778
1153.324778
1153.324778
1153.324778
1153.324778
1153.324778
1153.324778
1153.324778
1153.324778
1153.324778
1153.324778
1153.324778
1153.324778
1153.324778
1153.324778
1153.324778
1153.324778
1153.324778
1153.324778
1153.324778
1153.324778
1153.324778
1153.324778
1153.324778
1153.324778
1153.324778
1153.324778
1153.324778
1153.324778
1153.324778
1153.324778
1153.324778
1153.324778
1153.324778
1153.324778
1153.324778
1153.324778
1153.324778
1153.324778
1153.324778
1153.324778
1153.324778
1153.324778
1153.324778
1153.324778
1153.324778
1153.324778
1153.324778
1153.324778
1153.324778
1153.324778
1153.324778
1153.324778
1153.324778
1153.324778
1153.324778
1153.324778
1153.324778
1153.324778
1153.324778
1153.324778
1153.324778
1153.324778
1153.324778
1153.324778
1153.324778
1153.324778
1153.324778
1153.324778
1153.324778
1153.324778
1153.324778
1153.324778
1153.324778
1153.324778
1153.324778
1153.324778
1153.324778
1153.324778
1153.324778
1153.324778
1153.324778
1153.324778
1153.324778
1153.324778
1153.324778
1153.324778
1153.324778
1153.324778
1153.324778
1153.324778
1153.324778
1153.324778
1153.324778
1153.324778
1153.324778
1153.324778
1153.324778
1153.324778
1153.324778
1153.324778
1153.324778
1153.324778
1153.324778
1153.324778
1153.324778
1153.324778
1153.324778
1153.324778
1153.324778
1153.324778
1153.324778
1153.324778
1153.324778
1153.324778
1153.324778
1153.324778
1153.324778
1153.324778
1153.324778
1153.324778
1153.324778
1153.324778
1153.324778
1153.324778
1153.324778
1153.324778
1153.324778
1153.324778
1153.324778
1153.324778
1153.324778
1153.324778
1153.324778
1153.324778
1153.324778
1153.324778
1153.324778
1153.324778
1153.324778
1153.324778
1153.324778
1153.324778
1153.324778
1153.324778
1153.324778
1153.324778
1153.324778
1153.324778
1153.324778
1153.324778
1153.324778
1153.324778
1153.324778
1153.324778
1153.324778
1153.324778
1153.324778
1153.324778
1153.324778
1153.324778
1153.324778
1153.324778
1153.324778
1153.290551
1153.290551
1153.290551
1153.290551
1153.290551
1153.290551
1153.290551
1153.290551
1153.290551
1153.290551
1153.290551
1153.290551
1153.290551
1153.290551
1153.290551
1153.290551
1153.290551
1153.290551
1153.290551
1153.290551
1153.290551
1153.290551
1153.290551
1153.290551
1153.290551
1153.290551
1153.290551
1153.290551
1153.290551
1153.290551
1153.290551
1153.290551
1153.290551
1153.290551
1153.290551
1153.290551
1153.290551
1153.290551
1153.290551
1153.290551
1153.290551
1153.290551
1153.290551
1153.290551
1153.290551
1153.290551
1153.290551
1153.290551
1153.290551
1153.290551
1153.290551
1153.290551
1153.290551
1153.290551
1153.290551
1153.290551
1153.290551
1153.290551
1153.290551
1153.290551
1153.290551
1153.290551
1153.290551
1153.290551
1153.290551
1153.290551
1153.290551
1153.290551
1153.290551
1153.290551
1153.290551
1153.290551
1153.290551
1153.290551
1153.290551
1153.139078
1153.139078
1153.139078
1153.139078
1153.139078
1153.139078
1153.139078
1153.139078
1153.139078
1153.139078
1153.139078
1153.139078
1153.139078
1153.139078
1153.139078
1153.139078
1153.139078
1153.139078
1153.139078
1153.139078
1153.139078
1153.139078
1153.139078
1153.139078
1153.139078
1153.139078
1153.139078
1153.139078
1153.139078
1153.139078
1153.139078
1153.139078
1153.139078
1153.139078
1153.139078
1153.139078
1153.139078
1153.139078
1153.139078
1153.139078
1153.139078
1153.139078
1153.139078
1153.139078
1153.139078
1153.139078
1153.139078
1153.139078
1153.139078
1153.139078
1153.042764
1153.042764
1153.042764
1153.042764
1153.042764
1153.042764
1153.042764
1153.042764
1153.042764
1153.042764
1153.042764
1153.042764
1153.042764
1153.042764
1153.042764
1153.042764
1153.042764
1153.042764
1153.042764
1153.042764
1153.042764
1153.042764
1153.042764
1153.042764
1153.042764
1153.042764
1153.042764
1153.042764
1153.042764
1153.042764
1153.042764
1153.042764
1153.042764
1153.042764
1153.042764
1153.042764
1153.042764
1153.042764
1153.042764
1153.042764
1153.042764
1153.042764
1153.042764
1153.042764
1153.042764
1153.042764
1153.042764
1153.042764
1153.042764
1153.042764
1153.042764
1153.042764
1153.042764
1153.042764
1153.042764
1153.042764
1153.042764
1153.042764
1153.042764
1153.042764
1153.042764
1153.042764
1153.042764
1153.042764
1153.042764
1153.042764
1153.042764
1153.042764
1153.042764
1153.042764
1153.042764
1153.042764
1153.042764
1153.042764
1153.042764
1153.042764
1153.042764
1153.042764
1153.042764
1153.042764
1153.042764
1153.042764
1153.042764
1153.042764
1153.042764
1153.042764
1153.042764
1153.042764
1153.042764
1153.042764
1153.042764
1153.042764
1153.042764
1153.042764
1153.042764
1153.042764
1153.042764
1153.042764
1153.042764
1153.042764
1153.042764
1153.042764
1153.042764
1153.042764
1153.042764
1153.042764
1153.042764
1153.042764
1153.042764
1153.042764
1153.042764
1153.042764
1153.042764
1153.042764
1153.042764
1153.042764
1153.042764
1152.990900
1152.990900
1152.990900
1152.990900
1152.990900
1152.990900
1152.990900
1152.990900
1152.990900
1152.990900
1152.990900
1152.990900
1152.990900
1152.990900
1152.990900
1152.990900
1152.990900
1152.990900
1152.990900
1152.990900
1152.990900
1152.990900
1152.990900
1152.990900
1152.990900
1152.990900
1152.945010
1152.945010
1152.945010
1152.945010
1152.945010
1152.945010
1152.945010
1152.945010
1152.945010
1152.945010
1152.945010
1152.945010
1152.945010
1152.945010
1152.945010
1152.945010
1152.945010
1152.945010
1152.945010
1152.945010
1152.945010
1152.945010
1152.945010
1152.945010
1152.945010
1152.945010
1152.945010
1152.905584
1152.720059
1152.720059
1152.720059
1152.720059
1152.720059
1152.720059
1152.720059
1152.720059
1152.720059
1152.720059
1152.720059
1152.720059
1152.720059
1152.720059
1152.720059
1152.720059
1152.720059
1152.720059
1152.720059
1152.720059
1152.720059
1152.720059
1152.720059
1152.720059
1152.720059
1152.720059
1152.720059
1152.720059
1152.720059
1152.720059
1152.720059
1152.720059
1152.720059
1152.720059
1152.720059
1152.720059
1152.720059
1152.720059
1152.720059
1152.720059
1152.720059
1152.720059
1152.720059
1152.720059
1152.720059
1152.720059
1152.720059
1152.720059
1152.720059
1152.720059
1152.720059
1152.720059
1152.720059
1152.720059
1152.720059
1152.720059
1152.720059
1152.720059
1152.720059
1152.720059
1152.720059
1152.720059
1152.720059
1152.720059
1152.720059
1152.720059
1152.720059
1152.720059
1152.720059
1152.720059
1152.720059
1152.720059
1152.720059
1152.720059
1152.720059
1152.720059
1152.720059
1152.720059
1152.720059
1152.720059
1152.720059
1152.720059
1152.720059
1152.720059
1152.720059
1152.720059
1152.720059
1152.720059
1152.720059
1152.720059
1152.720059
1152.720059
1152.720059
1152.720059
1152.720059
1152.720059
1152.720059
1152.720059
1152.720059
1152.720059
1152.720059
1152.720059
1152.720059
1152.720059
1152.720059
1152.720059
1152.720059
1152.720059
1152.720059
1152.720059
1152.720059
1152.720059
1152.720059
1152.720059
1152.720059
1152.720059
1152.720059
1152.720059
1152.720059
1152.720059
1152.720059
1152.720059
1152.720059
1152.720059
1152.720059
1152.719713
1152.719713
1152.719713
1152.719713
1152.716603
1152.716603
1152.716603
1152.716603
1152.716603
1152.716603
1152.716603
1152.716603
1152.716603
1152.716603
1152.716603
1152.716603
1152.716603
1152.716603
1152.473362
1152.473362
1152.473362
1152.473362
1152.473362
1152.473362
1152.473362
1152.473362
1152.473362
1152.473362
1152.473362
1152.473362
1152.473362
1152.473362
1152.473362
1152.473362
1152.473362
1152.473362
1152.473362
1152.473362
1152.473362
1152.473362
1152.473362
1152.473362
1152.473362
1152.473362
1152.473362
1152.473362
1152.473362
1152.473362
1152.473362
1152.473362
1152.473362
1152.473362
1152.473362
1152.473362
1152.473362
1152.473362
1152.473362
1152.473362
1152.473362
1152.473362
1152.473362
1152.473362
1152.473362
1152.473362
1152.473362
1152.473362
1152.473362
1152.473362
1152.473362
1152.473362
1152.473362
1152.473362
1152.473362
1152.473362
1152.473362
1152.473362
1152.473362
1152.473362
1152.473362
1152.473362
1152.473362
1152.473362
1152.473362
1152.473362
1152.473362
1152.473362
1152.473362
1152.473362
1152.473362
1152.473362
1152.473362
1152.473362
1152.473362
1152.473362
1152.473362
1152.473362
1152.473362
1152.442408
1152.442408
1152.442408
1152.442408
1152.442408
1152.442408
1152.442408
1152.442408
1152.442408
1152.442408
1152.442408
1152.442408
1152.442408
1152.442408
1152.442408
1152.442408
1152.442408
1152.442408
1152.442408
1152.442408
1152.442408
1152.372648
1152.372648
1152.372648
1152.372648
1152.372648
1152.372648
1152.372648
1152.372648
1152.372648
1152.372648
1152.372648
1152.372648
1152.372648
1152.372648
1152.372648
1152.372648
1152.372648
1152.372648
1152.372648
1152.372648
1152.372648
1152.372648
1152.372648
1152.372648
1152.372648
1152.372648
1152.372648
1152.372648
1152.372648
1152.372648
1152.372648
1152.372648
1152.372648
1152.372648
1152.372648
1152.372648
1152.372648
1152.372648
1152.372648
1152.372648
1152.372648
1152.372648
1152.372648
1152.372648
1152.372648
1152.372648
1152.372648
1152.372648
1152.372648
1152.372648
1152.372648
1152.372648
1152.372648
1152.372648
1152.372648
1152.372648
1152.372648
1152.372648
1152.372648
1152.372648
1152.372648
1152.372648
1152.372648
1152.372648
1152.372648
1152.372648
1152.354561
1152.354561
1152.354561
1152.354561
1152.354561
1152.354561
1152.354561
1152.354561
1152.354561
1152.354561
1152.354561
1152.354561
1152.354561
1152.354561
1152.354561
1152.354561
1152.354561
1152.354561
1152.354561
1152.354561
1152.354561
1152.354561
1152.354561
1152.354561
1152.354561
1152.354561
1152.354561
1152.268762
1152.268762
1152.268762
1152.268762
1152.268762
1152.268762
1152.268762
1152.268762
1152.268762
1152.268762
1152.268762
1152.268762
1152.268762
1152.268762
1152.268762
1152.268762
1152.268762
1152.268762
1152.268762
1152.268762
1152.268762
1152.268762
1152.268762
1152.268762
1152.268762
1152.268762
1152.268762
1152.268762
1152.268762
1152.268762
1152.268762
1152.268762
1152.268762
1152.248897
1152.248897
1152.248897
1152.248897
1152.248897
1152.248897
1152.248897
1152.248897
1152.248897
1152.248897
1152.248897
1152.248897
1152.248897
1152.248897
1152.248897
1152.248897
1152.248897
1152.248897
1152.248897
1152.248897
1152.248897
1152.248897
1152.248897
1152.248897
1152.248897
1152.248897
1152.248897
1152.248897
1152.248897
1152.248897
1152.248897
1152.248897
1152.248897
1152.248897
1152.248897
1152.248897
1152.248897
1152.248897
1152.248897
1152.248897
1152.248897
1152.248897
1152.248897
1152.248897
1152.248897
1152.248897
1152.169582
1152.169582
1152.169582
1152.169582
1152.169582
1152.169582
1152.169582
1152.169582
1152.169582
1152.169582
1152.169582
1152.169582
1152.169582
1152.169582
1152.169582
1152.169582
1152.169582
1152.169582
1152.169582
1152.169582
1152.169582
1152.169582
1152.106976
1152.106976
1152.106976
1152.106976
1152.106976
1152.106976
1152.106976
1152.106976
1152.106976
1152.106976
1152.106976
1152.106976
1152.106976
1152.106976
1152.106976
1152.106976
1152.106976
1152.106976
1152.106976
1152.106976
1152.106976
1152.106976
1152.106976
1152.106976
1152.106976
1152.106976
1152.106976
1152.106976
1152.106976
1152.106976
1152.106976
1152.106976
1152.106976
1152.106976
1152.106976
1152.106976
1152.106976
1152.106976
1152.106976
1152.106976
1152.106976
1152.106976
1152.106976
1152.106976
1152.106976
1152.106976
1152.106976
1152.106976
1152.106976
1152.106976
1152.106976
1152.106976
1152.106976
1152.106976
1152.106976
1152.106976
1152.106976
1152.106976
1152.106976
1152.106976
1152.106976
1152.106976
1152.106976
1152.106976
1152.106976
1152.106976
1152.106976
1152.106976
1152.106976
1152.106976
1152.106976
1152.106976
1152.106976
1152.106976
1152.106976
1152.106976
1152.106976
1152.106976
1152.106976
1152.106976
1152.106976
1152.106976
1152.106976
1152.106976
1152.106976
1152.106976
1152.106976
1152.106976
1152.106976
1152.106976
1152.106976
1152.106976
1152.106976
1152.106976
1152.106976
1152.106976
1152.106976
1152.106796
1152.106796
1152.106796
1152.106796
1152.106796
1151.763646
1151.763646
1151.763646
1151.763646
1151.763646
1151.763646
1151.763646
1151.763646
1151.763646
1151.763646
1151.763646
1151.763646
1151.763646
1151.763646
1151.763646
1151.763646
1151.763646
1151.763646
1151.763646
1151.763646
1151.763646
1151.763646
1151.763646
1151.763646
1151.763646
1151.763646
1151.763646
1151.763646
1151.763646
1151.763646
1151.763646
1151.763646
1151.763646
1151.763646
1151.763646
1151.763646
1151.763646
1151.763646
1151.763646
1151.763646
1151.763646
1151.763646
1151.763646
1151.763646
1151.763646
1151.763646
1151.763646
1151.763646
1151.763646
1151.763646
1151.763646
1151.763646
1151.763646
1151.763646
1151.763646
1151.763646
1151.763646
1151.763646
1151.763646
1151.763646
1151.763646
1151.763646
1151.763646
1151.763646
1151.763646
1151.763646
1151.763646
1151.763646
1151.763646
1151.763646
1151.763646
1151.763646
1151.763646
1151.763646
1151.763646
1151.763646
1151.763646
1151.763646
1151.763646
1151.763646
1151.763646
1151.763646
1151.763646
1151.763646
1151.763646
1151.763646
1151.763646
1151.763646
1151.763646
1151.763646
1151.763646
1151.763646
1151.763646
1151.763646
1151.763646
1151.763646
1151.763646
1151.763646
1151.763646
1151.763646
1151.763646
1151.763646
1151.763646
1151.763646
1151.763646
1151.763646
1151.763646
1151.763646
1151.763646
1151.763646
1151.763646
1151.763646
1151.763646
1151.763646
1151.763646
1151.763646
1151.763646
1151.763646
1151.763646
1151.763646
1151.763646
1151.763646
1151.763646
1151.763646
1151.763646
1151.763646
1151.763646
1151.763646
1151.763646
1151.763646
1151.763646
1151.763646
1151.763646
1151.763646
1151.763646
1151.763646
1151.763646
1151.763646
1151.763646
1151.763646
1151.763646
1151.763646
1151.763646
1151.763646
1151.763646
1151.763646
1151.763646
1151.763646
1151.763646
1151.763646
1151.763646
1151.763646
1151.763646
1151.763646
1151.763646
1151.763646
1151.763646
1151.763646
1151.763646
1151.763646
1151.763646
1151.763646
1151.763646
1151.763646
1151.763646
1151.763646
1151.763646
1151.763646
1151.763646
1151.763646
1151.763646
1151.763646
1151.763646
1151.763646
1151.763646
1151.763646
1151.763646
1151.763646
1151.763646
1151.763646
1151.763646
1151.763646
1151.763646
1151.763646
1151.763646
1151.763646
1151.763646
1151.763646
1151.763646
1151.763646
1151.763646
1151.763646
1151.763646
1151.763646
1151.763646
1151.763646
1151.763646
1151.763646
1151.763646
1151.763646
1151.763646
1151.763646
1151.763646
1151.763646
1151.763646
1151.763646
1151.763646
1151.763646
1151.763646
1151.763646
1151.763646
1151.763646
1151.763646
1151.763646
1151.763646
1151.763646
1151.763646
1151.763646
1151.763646
1151.763646
1151.763646
1151.763646
1151.763646
1151.763646
1151.763646
1151.763646
1151.763646
1151.763646
1151.763646
1151.763646
1151.763646
1151.763646
1151.763646
1151.763646
1151.763646
1151.763646
1151.763646
1151.763646
1151.763646
1151.763646
1151.763646
1151.763646
1151.763646
1151.763646
1151.763646
1151.763646
1151.763646
1151.763646
1151.763646
1151.763646
1151.763646
1151.763646
1151.763646
1151.763646
1151.763646
1151.763646
1151.763646
1151.763646
1151.763646
1151.682240
1151.682240
1151.682240
1151.682240
1151.682240
1151.682240
1151.682240
1151.682240
1151.682240
1151.682240
1151.682240
1151.682240
1151.682240
1151.682240
1151.682240
1151.682240
1151.682240
1151.682240
1151.682240
1151.682240
1151.682240
1151.682240
1151.682240
1151.682240
1151.682240
1151.682240
1151.682240
1151.682240
1151.682240
1151.682240
1151.682240
1151.682240
1151.682240
1151.682240
1151.682240
1151.682240
1151.682240
1151.682240
1151.682240
1151.682240
1151.682240
1151.682240
1151.682240
1151.682240
1151.682240
1151.682240
1151.682240
1151.682240
1151.682240
1151.682240
1151.682240
1151.682240
1151.682240
1151.682240
1151.682240
1151.682240
1151.682240
1151.682240
1151.682240
1151.682240
1151.682240
1151.682240
1151.682240
1151.682240
1151.682240
1151.682240
1151.682240
1151.682240
1151.682240
1151.682240
1151.682240
1151.682240
1151.682240
1151.682240
1151.682240
1151.682240
1151.682240
1151.682240
1151.682240
1151.682240
1151.682240
1151.682240
1151.682240
1151.682240
1151.682240
1151.682240
1151.682240
1151.682240
1151.682240
1151.682240
1151.682240
1151.682240
1151.682240
1151.682240
1151.682240
1151.682240
1151.682240
1151.682240
1151.682240
1151.682240
1151.682240
1151.682240
1151.682240
1151.682240
1151.682240
1151.682240
1151.682240
1151.682240
1151.682240
1151.682240
1151.682240
1151.682240
1151.682240
1151.682240
1151.682240
1151.682240
1151.682240
1151.682240
1151.682240
1151.682240
1151.682240
1151.682240
1151.682240
1151.628762
1151.628762
1151.628762
1151.628762
1151.628762
1151.628762
1151.628762
1151.628762
1151.628762
1151.628762
1151.628762
1151.628762
1151.628762
1151.628762
1151.628762
1151.628762
1151.628762
1151.628762
1151.508493
1151.508493
1151.508493
1151.508493
1151.508493
1151.508493
1151.508493
1151.508493
1151.508493
1151.508493
1151.508493
1151.508493
1151.508493
1151.508493
1151.508493
1151.508493
1151.508493
1151.508493
1151.508493
1151.508493
1151.508493
1151.508493
1151.508493
1151.508493
1151.508493
1151.508493
1151.508493
1151.508493
1151.508493
1151.508493
1151.508493
1151.508493
1151.508493
1151.508493
1151.508493
1151.508493
1151.508493
1151.508493
1151.508493
1151.508493
1151.508493
1151.508493
1151.508493
1151.508493
1151.508493
1151.508493
1151.508493
1151.508493
1151.508493
1151.508493
1151.508493
1151.508493
1151.508493
1151.508493
1151.508493
1151.508493
1151.508493
1151.508493
1151.508493
1151.508493
1151.508493
1151.508493
1151.508493
1151.508493
1151.508493
1151.508493
1151.508493
1151.508493
1151.508493
1151.489208
1151.489208
1151.489208
1151.489208
1151.489208
1151.489208
1151.489208
1151.489208
1151.489208
1151.489208
1151.489208
1151.489208
1151.489208
1151.489208
1151.489208
1151.489208
1151.489208
1151.489208
1151.489208
1151.489208
1151.489208
1151.489208
1151.489208
1151.489208
1151.489208
1151.477971
1151.477971
1151.477971
1151.477971
1151.477971
1151.477971
1151.477971
1151.477971
1151.477971
1151.477971
1151.477971
1151.477971
1151.477971
1151.477971
1151.477971
1151.477971
1151.477971
1151.477971
1151.477971
1151.477971
1151.477971
1151.477971
1151.477971
1151.477971
1151.477971
1151.477971
1151.477971
1151.477971
1151.477971
1151.477971
1151.477971
1151.477971
1151.477971
1151.477971
1151.477971
1151.477971
1151.477971
1151.477971
1151.477971
1151.477971
1151.477971
1151.477971
1151.477971
1151.477971
1151.477971
1151.477971
1151.477971
1151.477971
1151.477971
1151.477971
1151.477971
1151.477971
1151.477971
1151.477971
1151.477971
1151.477971
1151.477971
1151.477971
1151.477971
1151.477971
1151.477971
1151.477971
1151.477971
1151.477971
1151.477971
1151.477971
1151.477971
1151.477971
1151.469541
1151.469541
1151.469541
1151.469541
1151.469541
1151.469541
1151.469541
1151.469541
1151.469541
1151.469541
1151.469541
1151.469541
1151.469541
1151.469541
1151.469541
1151.469541
1151.469541
1151.469541
1151.469541
1151.469541
1151.469541
1151.469541
1151.381515
1151.381515
1151.381515
1151.381515
1151.381515
1151.381515
1151.381515
1151.381515
1151.381515
1151.381515
1151.381515
1151.381515
1151.381515
1151.381515
1151.381515
1151.381515
1151.381515
1151.381515
1151.381515
1151.381515
1151.381515
1151.381515
1151.381515
1151.381515
1151.381515
1151.381515
1151.381515
1151.381515
1151.381515
1151.381515
1151.381515
1151.381515
1151.381515
1151.381515
1151.381515
1151.381515
1151.381515
1151.381515
1151.381515
1151.381515
1151.381515
1151.381515
1151.381515
1151.381515
1151.381515
1151.381515
1151.381515
1151.381515
1151.381515
1151.381515
1151.381515
1151.381515
1151.381515
1151.381515
1151.381515
1151.381515
1151.381515
1151.381515
1151.381515
1151.381515
1151.381515
1151.381515
1151.381515
1151.381515
1151.381515
1151.381515
1151.381515
1151.381515
1151.381515
1151.381515
1151.381515
1151.381515
1151.381515
1151.381515
1151.381515
1151.381515
1151.381515
1151.381515
1151.381515
1151.381515
1151.381515
1151.381515
1151.381515
1151.381515
1151.381515
1151.381515
1151.381515
1151.381515
1151.381515
1151.381515
1151.381515
1151.381515
1151.381515
1151.381515
1151.381515
1151.381515
1151.381515
1151.381515
1151.381515
1151.381515
1151.381515
1151.381515
1151.381515
1151.381515
1151.381515
1151.381515
1151.381515
1151.381515
1151.381515
1151.381515
1151.381515
1151.381515
1151.381515
1151.381515
1151.381515
1151.381515
1151.366898
1151.366898
1151.366898
1151.366898
1151.366898
1151.366898
1151.366898
1151.366898
1151.366898
1151.366898
1151.366898
1151.366898
1151.366898
1151.336133
1151.336133
1151.336133
1151.336133
1151.336133
1151.336133
1151.336133
1151.336133
1151.336133
1151.336133
1151.336133
1151.336133
1151.336133
1151.336133
1151.336133
1151.336133
1151.336133
1151.336133
1151.336133
1151.336133
1151.336133
1151.336133
1151.332247
1151.332247
1151.332247
1151.332247
1151.332247
1151.332247
1151.296212
1151.296212
1151.296212
1151.296212
1151.296212
1151.296212
1151.296212
1151.296212
1151.296212
1151.296212
1151.296212
1151.296212
1151.296212
1151.296212
1151.296212
1151.296212
1151.296212
1151.296212
1151.296212
1151.296212
1151.296212
1151.296212
1151.296212
1151.296212
1151.296212
1151.296212
1151.296212
1151.296212
1151.296212
1151.296212
1151.275471
1151.275471
1151.275471
1151.275471
1151.275471
1151.275471
1151.275471
1151.275471
1151.275471
1151.275471
1151.275471
1151.275471
1151.275471
1151.275471
1151.275471
1151.275471
1151.275471
1151.275471
1151.275471
1151.275471
1151.275471
1151.275471
1151.275471
1151.275471
1151.275471
1151.275471
1151.275471
1151.275471
1151.074813
1151.074813
1151.074813
1151.074813
1151.074813
1151.074813
1151.074813
1151.074813
1151.074813
1151.074813
1151.074813
1151.074813
1151.074813
1151.074813
1151.074813
1151.074813
1151.074813
1151.074813
1151.074813
1151.074813
1151.074813
1151.074813
1151.074813
1151.074813
1151.074813
1151.074813
1151.074813
1151.074813
1151.074813
1151.074813
1151.074813
1151.074813
1151.074813
1151.074813
1151.074813
1151.074813
1151.074813
1151.074813
1151.074813
1151.074813
1151.074813
1151.074813
1151.074813
1151.074813
1151.074813
1151.074813
1151.074813
1151.074813
1151.074813
1151.074813
1151.074813
1151.074813
1151.074813
1151.074813
1151.074813
1151.074813
1151.074813
1151.074813
1151.074813
1151.074813
1151.074813
1151.074813
1151.074813
1151.074813
1151.074813
1151.074813
1151.074813
1151.074813
1151.074813
1151.074813
1151.074813
1151.074813
1151.074813
1151.074813
1151.074813
1151.074813
1151.074813
1151.074813
1151.074813
1151.074813
1151.074813
1151.074813
1151.074813
1151.074813
1151.074813
1151.074813
1151.074813
1151.074813
1151.074813
1151.074813
1151.074813
1151.074813
1151.074813
1151.074813
1151.074813
1151.074813
1151.074813
1151.074813
1151.074813
1151.065681
1151.065681
1151.065681
1151.065681
1151.065681
1151.065681
1151.065681
1151.065681
1151.065681
1151.065681
1151.065681
1151.065681
1151.065681
1151.065681
1151.065681
1151.065681
1151.065681
1151.065681
1151.065681
1151.065681
1151.065681
1151.065681
1151.065681
1151.065681
1151.065681
1151.065681
1151.065681
1151.065681
1151.065681
1151.065681
1151.065681
1151.065681
1151.065681
1151.065681
1151.065681
1151.065681
1151.065681
1151.065681
1151.065681
1151.065681
1151.065681
1151.065681
1151.065681
1151.065681
1151.065681
1151.065681
1151.065681
1151.065681
1151.065681
1151.065681
1151.065681
1151.065681
1151.065681
1151.065681
1151.065681
1151.065681
1151.065681
1151.065681
1151.065681
1151.065681
1151.065681
1151.065681
1151.065681
1151.065681
1151.065681
1151.065681
1151.065681
1151.065681
1151.065681
1151.065681
1151.065681
1151.065681
1151.065681
1151.065681
1151.065681
1151.065681
1151.065681
1151.065681
1151.065681
1151.065681
1151.065681
1151.065681
1151.060527
1151.060527
1151.060527
1151.060527
1151.060527
1151.060527
1151.060527
1151.060527
1151.060527
1151.060527
1151.060527
1151.060527
1151.060527
1151.060527
1151.060527
1151.060527
1151.060527
1151.060527
1151.060527
1151.060527
1151.060527
1151.060527
1151.060527
1151.060527
1151.060527
1151.060527
1151.060527
1151.060527
1151.060527
1151.060527
1151.027394
1151.027394
1151.027394
1151.027394
1151.027394
1151.027394
1151.027394
1151.027394
1151.027394
1151.027394
1151.027394
1151.027394
1151.027394
1151.027394
1151.027394
1151.027394
1151.027394
1151.027394
1151.027394
1151.027394
1151.027394
1151.027394
1151.027394
1151.027394
1151.027394
1151.027394
1151.027394
1151.027394
1151.027394
1151.027394
1150.957952
1150.957952
1150.957952
1150.957952
1150.957952
1150.957952
1150.957952
1150.957952
1150.957952
1150.957952
1150.957952
1150.957952
1150.957952
1150.957952
1150.957952
1150.957952
1150.957952
1150.957952
1150.957952
1150.957952
1150.957952
1150.957952
1150.957952
1150.957952
1150.957952
1150.957952
1150.957952
1150.957952
1150.957952
1150.957952
1150.957952
1150.957952
1150.957952
1150.957952
1150.957952
1150.957952
1150.957952
1150.957952
1150.957952
1150.957952
1150.957952
1150.957952
1150.957952
1150.957952
1150.957952
1150.957952
1150.957952
1150.957952
1150.957952
1150.957952
1150.957952
1150.957952
1150.957952
1150.957952
1150.957952
1150.957952
1150.957952
1150.957952
1150.957952
1150.957952
1150.957952
1150.957952
1150.957952
1150.957952
1150.957952
1150.957952
1150.957952
1150.957952
1150.957952
1150.957952
1150.957952
1150.957952
1150.957952
1150.957952
1150.957952
1150.957952
1150.957952
1150.957952
1150.957952
1150.957952
1150.957952
1150.957952
1150.957952
1150.957952
1150.957952
1150.957952
1150.957952
1150.957952
1150.957952
1150.957952
1150.957952
1150.957952
1150.957952
1150.957952
1150.957952
1150.957952
1150.957952
1150.957952
1150.957952
1150.957952
1150.957952
1150.957952
1150.957952
1150.957952
1150.957952
1150.957952
1150.957952
1150.957952
1150.957952
1150.957952
1150.957952
1150.957952
1150.957952
1150.957952
1150.957952
1150.957952
1150.957952
1150.957952
1150.957952
1150.957952
1150.957952
1150.957952
1150.957952
1150.906426
1150.906426
1150.906426
1150.906426
1150.906426
1150.906426
1150.906426
1150.906426
1150.906426
1150.906426
1150.906426
1150.906426
1150.906426
1150.906426
1150.906426
1150.906426
1150.906426
1150.906426
1150.906426
1150.906426
1150.906426
1150.906426
1150.906426
1150.906426
1150.906426
1150.906426
1150.906426
1150.906426
1150.866138
1150.866138
1150.866138
1150.866138
1150.866138
1150.866138
1150.866138
1150.866138
1150.866138
1150.864451
1150.864451
1150.864451
1150.864451
1150.864451
1150.864451
1150.864451
1150.864451
1150.864451
1150.864451
1150.864451
1150.864451
1150.864451
1150.864451
1150.864451
1150.864451
1150.864451
1150.864451
1150.864451
1150.864451
1150.864451
1150.864451
1150.864451
1150.864451
1150.864451
1150.864451
1150.864451
1150.864451
1150.864451
1150.864451
1150.864451
1150.864451
1150.864451
1150.864451
1150.864451
1150.864451
1150.864451
1150.864451
1150.864451
1150.864451
1150.864451
1150.864451
1150.864451
1150.828465
1150.828465
1150.828465
1150.828465
1150.828465
1150.828465
1150.828465
1150.828465
1150.828465
1150.828465
1150.828465
1150.828465
1150.828465
1150.828465
1150.828465
1150.828465
1150.828465
1150.828465
1150.828465
1150.828465
1150.828465
1150.828465
1150.828465
1150.828465
1150.828465
1150.828465
1150.828465
1150.828465
1150.828465
1150.828465
1150.828465
1150.828465
1150.828465
1150.828465
1150.828465
1150.828465
1150.828465
1150.828465
1150.828465
1150.828465
1150.828465
1150.828465
1150.828465
1150.828465
1150.828465
1150.828465
1150.828465
1150.739376
1150.739376
1150.739376
1150.739376
1150.739376
1150.739376
1150.739376
1150.739376
1150.739376
1150.739376
1150.739376
1150.739376
1150.739376
1150.739376
1150.739376
1150.739376
1150.739376
1150.739376
1150.739376
1150.739376
1150.739376
1150.739376
1150.739376
1150.739376
1150.739376
1150.739376
1150.739376
1150.739376
1150.739376
1150.739376
1150.739376
1150.739376
1150.739376
1150.739376
1150.739376
1150.739376
1150.739376
1150.739376
1150.739376
1150.739376
1150.739376
1150.739376
1150.739376
1150.739376
1150.739376
1150.739376
1150.739376
1150.730462
1150.730462
1150.730462
1150.730462
1150.730462
1150.730462
1150.730462
1150.730462
1150.730462
1150.730462
1150.730462
1150.730462
1150.730462
1150.730462
1150.730462
1150.730462
1150.730462
1150.730462
1150.730462
1150.730462
1150.730462
1150.730462
1150.730462
1150.730462
1150.730462
1150.730462
1150.730462
1150.730462
1150.730462
1150.730462
1150.730462
1150.730462
1150.730462
1150.730462
1150.730462
1150.730462
1150.730462
1150.730462
1150.730462
1150.730462
1150.730462
1150.730462
1150.730462
1150.730462
1150.730462
1150.730462
1150.730462
1150.730462
1150.730462
1150.730462
1150.730462
1150.730462
1150.730462
1150.730462
1150.730462
1150.730462
1150.730462
1150.730462
1150.730462
1150.730462
1150.730462
1150.730462
1150.730462
1150.730462
1150.730462
1150.730462
1150.730462
1150.730462
1150.730462
1150.730462
1150.730462
1150.730462
1150.730462
1150.730462
1150.730462
1150.730462
1150.730462
1150.730462
1150.730462
1150.730462
1150.730462
1150.730462
1150.730462
1150.730462
1150.730462
1150.730462
1150.730462
1150.730462
1150.730462
1150.730462
1150.730462
1150.730462
1150.730462
1150.730462
1150.730462
1150.730462
1150.730462
1150.730462
1150.719171
1150.719171
1150.719171
1150.719171
1150.719171
1150.719171
1150.719171
1150.719171
1150.719171
1150.719171
1150.719171
1150.719171
1150.719171
1150.719171
1150.719171
1150.719171
1150.698469
1150.698469
1150.698469
1150.698469
1150.698469
1150.698469
1150.698469
1150.698469
1150.698469
1150.698469
1150.698469
1150.698469
1150.698469
1150.698469
1150.698469
1150.698469
1150.698469
1150.698469
1150.698469
1150.698469
1150.698469
1150.698469
1150.698469
1150.698469
1150.698469
1150.698469
1150.698469
1150.698469
1150.698469
1150.698469
1150.698469
1150.698469
1150.698469
1150.698469
1150.698469
1150.698469
1150.698469
1150.698469
1150.698469
1150.698469
1150.698469
1150.698469
1150.698469
1150.698469
1150.698469
1150.698469
1150.698469
1150.698469
1150.698469
1150.698469
1150.698469
1150.698469
1150.698469
1150.698469
1150.697983
1150.603948
1150.603948
1150.603948
1150.603948
1150.603948
1150.603948
1150.603948
1150.603948
1150.603948
1150.603948
1150.603948
1150.603948
1150.603948
1150.603948
1150.603948
1150.603948
1150.598747
1150.598747
1150.598747
1150.598747
1150.598747
1150.598747
1150.569038
1150.569038
1150.569038
1150.569038
1150.569038
1150.569038
1150.569038
1150.569038
1150.569038
1150.569038
1150.569038
1150.569038
1150.569038
1150.569038
1150.569038
1150.569038
1150.569038
1150.569038
1150.569038
1150.569038
1150.569038
1150.569038
1150.569038
1150.569038
1150.569038
1150.569038
1150.569038
1150.569038
1150.569038
1150.569038
1150.569038
1150.569038
1150.569038
1150.569038
1150.569038
1150.569038
1150.569038
1150.569038
1150.569038
1150.569038
1150.569038
1150.569038
1150.566131
1150.566131
1150.566131
1150.566131
1150.566131
1150.560050
1150.560050
1150.560050
1150.560050
1150.560050
1150.560050
1150.560050
1150.560050
1150.560050
1150.560050
1150.560050
1150.560050
1150.560050
1150.560050
1150.560050
1150.560050
1150.560050
1150.554576
1150.554576
1150.554576
1150.554576
1150.554576
1150.554576
1150.554576
1150.554576
1150.554576
1150.554576
1150.554576
1150.554576
1150.554576
1150.554576
1150.554576
1150.554576
1150.554576
1150.554576
1150.494270
1150.494270
1150.494270
1150.494270
1150.494270
1150.494270
1150.494270
1150.494270
1150.494270
1150.494270
1150.494270
1150.463435
1150.463435
1150.463435
1150.463435
1150.463435
1150.463435
1150.463435
1150.463435
1150.463435
1150.463435
1150.463435
1150.463435
1150.463435
1150.463435
1150.463435
1150.463435
1150.463435
1150.463435
1150.463435
1150.463435
1150.463435
1150.463435
1150.463435
1150.463435
1150.463435
1150.463435
1150.463435
1150.423060
1150.423060
1150.423060
1150.423060
1150.423060
1150.423060
1150.423060
1150.423060
1150.423060
1150.423060
1150.423060
1150.423060
1150.423060
1150.423060
1150.423060
1150.423060
1150.423060
1150.423060
1150.423060
1150.423060
1150.423060
1150.423060
1150.423060
1150.423060
1150.423060
1150.423060
1150.423060
1150.423060
1150.423060
1150.423060
1150.423060
1150.423060
1150.423060
1150.423060
1150.423060
1150.423060
1150.423060
1150.423060
1150.423060
1150.423060
1150.423060
1150.423060
1150.423060
1150.423060
1150.423060
1150.423060
1150.423060
1150.423060
1150.423060
1150.423060
1150.423060
1150.423060
1150.423060
1150.423060
1150.423060
1150.423060
1150.423060
1150.423060
1150.423060
1150.399659
1150.399659
1150.399659
1150.399659
1150.399659
1150.399659
1150.399659
1150.399659
1150.399659
1150.399659
1150.399659
1150.399659
1150.399659
1150.399659
1150.399659
1150.399659
1150.399659
1150.399659
1150.399659
1150.399659
1150.399659
1150.399659
1150.399659
1150.399659
1150.399659
1150.399659
1150.399659
1150.399659
1150.399659
1150.399659
1150.399659
1150.399659
1150.399659
1150.399659
1150.399659
1150.399659
1150.399659
1150.399659
1150.319167
1150.319167
1150.316085
1150.316085
1150.316085
1150.316085
1150.316085
1150.316085
1150.316085
1150.316085
1150.316085
1150.316085
1150.316085
1150.316085
1150.316085
1150.316085
1150.316085
1150.316085
1150.316085
1150.316085
1150.316085
1150.316085
1150.316085
1150.316085
1150.316085
1150.316085
1150.316085
1150.316085
1150.316085
1150.316085
1150.316085
1150.316085
1150.316085
1150.316085
1150.316085
1150.316085
1150.316085
1150.316085
1150.316085
1150.316085
1150.316085
1150.316085
1150.316085
1150.316085
1150.316085
1150.316085
1150.316085
1150.316085
1150.316085
1150.316085
1150.316085
1150.316085
1150.316085
1150.316085
1150.316085
1150.316085
1150.316085
1150.316085
1150.316085
1150.316085
1150.316085
1150.316085
1150.316085
1150.316085
1150.316085
1150.316085
1150.316085
1150.316085
1150.316085
1150.316085
1150.316085
1150.316085
1150.316085
1150.316085
1150.316085
1150.316085
1150.316085
1150.316085
1150.316085
1150.316085
1150.316085
1150.316085
1150.316085
1150.316085
1150.316085
1150.316085
1150.316085
1150.316085
1150.316085
1150.316085
1150.316085
1150.316085
1150.316085
1150.316085
1150.316085
1150.316085
1150.316085
1150.316085
1150.316085
1150.316085
1150.316085
1150.316085
1150.316085
1150.316085
1150.316085
1150.316085
1150.302554
1150.302554
1150.302554
1150.302554
1150.302554
1150.268607
1150.268607
1150.268607
1150.268607
1150.268607
1150.268607
1150.268607
1150.268607
1150.268607
1150.268607
1150.268607
1150.268607
1150.268607
1150.268607
1150.264879
1150.264879
1150.264879
1150.264879
1150.262591
1150.262591
1150.262591
1150.262591
1150.262591
1150.262591
1150.262591
1150.262591
1150.262591
1150.262591
1150.262591
1150.262591
1150.262591
1150.262591
1150.262591
1150.262591
1150.262591
1150.262591
1150.262591
1150.262591
1150.262591
1150.262591
1150.262591
1150.262591
1150.262591
1150.262591
1150.262591
1150.262591
1150.262591
1150.262591
1150.262591
1150.262591
1150.262591
1150.262591
1150.262591
1150.262591
1150.262591
1150.262591
1150.262591
1150.262591
1150.262591
1150.262591
1150.262591
1150.262591
1150.262591
1150.262591
1150.262591
1150.262591
1150.262591
1150.262591
1150.262591
1150.262591
1150.213886
1150.213886
1150.213886
1150.213886
1150.213886
1150.205842
1150.205842
1150.205842
1150.205842
1150.205842
1150.205842
1150.205842
1150.205842
1150.205842
1150.205842
1150.205842
1150.205842
1150.093437
1150.093437
1150.093437
1150.093437
1150.093437
1150.093437
1150.093437
1150.093437
1150.093437
1150.093437
1150.093437
1150.093437
1150.093437
1150.093437
1150.093437
1150.093437
1150.093437
1150.093437
1150.093437
1150.093437
1150.093437
1150.093437
1150.093437
1150.093437
1150.093437
1150.093437
1150.093437
1150.093437
1150.093437
1150.093437
1150.093437
1150.093437
1150.093437
1150.093437
1150.093437
1150.093437
1150.093437
1150.093437
1150.093437
1150.093437
1150.093437
1150.093437
1150.093437
1150.093437
1150.093437
1150.093437
1150.093437
1150.093437
1150.093437
1150.093437
1150.093437
1150.093437
1150.093437
1150.093437
1150.093437
1150.093437
1150.093437
1150.093437
1150.093437
1150.093437
1150.093437
1150.093437
1150.093437
1150.093437
1150.093437
1150.093437
1150.093437
1150.093437
1150.093437
1150.093437
1150.093437
1150.093437
1150.093437
1150.093437
1150.093437
1150.093437
1150.093437
1150.093437
1150.093437
1150.093437
1150.093437
1150.093437
1150.093437
1150.093437
1150.093437
1150.093437
1150.093437
1150.093437
1150.093437
1150.093437
1150.093437
1150.093437
1150.093437
1150.093437
1150.093437
1150.093437
1150.093437
1150.093437
1150.093437
1150.093437
1150.093437
1150.093437
1150.093437
1150.093437
1150.093437
1150.093437
1150.093437
1150.093437
1150.093437
1150.093437
1150.093437
1150.093437
1150.093437
1150.093437
1150.093437
1150.093437
1150.093437
1150.093437
1150.093437
1150.093437
1150.093437
1150.093437
1150.093437
1150.093437
1150.093437
1150.093437
1150.093437
1150.093437
1150.093437
1150.086160
1150.086160
1150.086160
1150.086160
1150.086160
1150.086160
1150.086160
1150.086160
1150.086160
1150.086160
1150.086160
1150.086160
1150.086160
1150.086160
1150.057074
1150.057074
1150.057074
1150.057074
1150.057074
1150.057074
1150.057074
1150.057074
1150.057074
1150.057074
1150.057074
1150.057074
1150.057074
1150.057074
1150.057074
1150.057074
1150.057074
1150.057074
1150.057074
1150.057074
1150.057074
1150.057074
1150.057074
1150.057074
1150.057074
1150.057074
1150.057074
1150.057074
1150.057074
1150.057074
1150.057074
1150.057074
1150.057074
1150.057074
1150.057074
1150.057074
1150.057074
1150.057074
1150.057074
1150.057074
1150.057074
1150.057074
1150.057074
1150.057074
1150.057074
1150.057074
1150.057074
1150.057074
1150.057074
1150.057074
1150.057074
1150.035300
1150.035300
1150.035300
1150.035300
1150.035300
1150.035300
1150.035300
1150.035300
1150.035300
1150.035300
1150.035300
1150.035300
1150.035300
1150.035300
1150.035300
1150.035300
1150.035300
1150.035300
1150.035300
1150.035300
1150.035300
1150.026975
1150.026975
1150.026975
1150.011617
1150.011617
1150.011617
1150.011617
1150.011617
1150.011617
1150.011617
1150.011617
1150.011617
1150.011617
1149.996571
1149.996571
1149.996571
1149.996571
1149.996571
1149.996571
1149.996571
1149.996571
1149.996571
1149.996571
1149.996571
1149.996571
1149.996571
1149.996571
1149.996571
1149.996571
1149.996571
1149.996571
1149.996571
1149.996571
1149.996571
1149.996571
1149.996571
1149.996571
1149.996571
1149.996571
1149.996571
1149.996571
1149.996571
1149.996571
1149.996571
1149.996571
1149.996571
1149.996571
1149.996571
1149.996571
1149.996571
1149.996571
1149.996571
1149.996571
1149.981371
1149.981371
1149.981371
1149.981371
1149.981371
1149.981371
1149.981371
1149.981371
1149.981371
1149.981371
1149.981371
1149.981371
1149.981371
1149.981371
1149.981371
1149.981371
1149.981371
1149.981371
1149.981371
1149.981371
1149.981371
1149.981371
1149.981371
1149.981371
1149.981371
1149.981371
1149.981371
1149.981371
1149.905344
1149.905344
1149.905344
1149.905344
1149.905344
1149.905344
1149.905344
1149.905344
1149.905344
1149.905344
1149.905344
1149.905344
1149.905344
1149.905344
1149.905344
1149.905344
1149.905344
1149.905344
1149.905344
1149.905344
1149.839130
1149.839130
1149.839130
1149.839130
1149.839130
1149.839130
1149.839130
1149.839130
1149.839130
1149.839130
1149.839130
1149.839130
1149.839130
1149.839130
1149.839130
1149.839130
1149.839130
1149.839130
1149.839130
1149.839130
1149.839130
1149.839130
1149.839130
1149.839130
1149.839130
1149.839130
1149.839130
1149.839130
1149.839130
1149.839130
1149.839130
1149.839130
1149.839130
1149.839130
1149.839130
1149.839130
1149.839130
1149.839130
1149.839130
1149.839130
1149.839130
1149.839130
1149.839130
1149.839130
1149.839130
1149.839130
1149.839130
1149.839130
1149.839130
1149.839130
1149.839130
1149.839130
1149.839130
1149.839130
1149.839130
1149.836904
1149.836904
1149.836904
1149.836904
1149.836904
1149.836904
1149.836904
1149.836904
1149.836904
1149.836904
1149.836904
1149.836904
1149.836904
1149.836904
1149.836904
1149.836904
1149.836904
1149.836904
1149.836904
1149.836904
1149.836904
1149.836904
1149.790867
1149.790867
1149.790867
1149.790867
1149.790867
1149.790867
1149.790867
1149.790867
1149.790867
1149.790867
1149.790867
1149.790867
1149.790867
1149.790867
1149.790867
1149.790867
1149.790867
1149.738575
1149.738575
1149.738575
1149.738575
1149.738575
1149.738575
1149.738575
1149.738575
1149.738575
1149.738575
1149.738575
1149.738575
1149.738575
1149.738575
1149.738575
1149.738575
1149.738575
1149.738575
1149.738575
1149.738575
1149.738575
1149.738575
1149.738575
1149.738575
1149.738575
1149.738575
1149.738575
1149.738575
1149.738575
1149.738575
1149.738575
1149.738575
1149.738575
1149.738575
1149.738575
1149.738575
1149.738575
1149.738575
1149.738575
1149.738575
1149.738575
1149.738575
1149.738575
1149.738575
1149.738575
1149.738575
1149.738575
1149.738575
1149.732047
1149.732047
1149.732047
1149.732047
1149.732047
1149.732047
1149.732047
1149.732047
1149.732047
1149.732047
1149.732047
1149.729253
1149.729253
1149.729253
1149.729253
1149.729253
1149.729253
1149.729253
1149.729253
1149.729253
1149.729253
1149.729253
1149.729253
1149.729253
1149.729253
1149.729253
1149.729253
1149.729253
1149.729253
1149.729253
1149.729253
1149.729253
1149.729253
1149.729253
1149.729253
1149.729253
1149.729253
1149.729253
1149.729253
1149.729253
1149.729253
1149.729253
1149.729253
1149.729253
1149.729253
1149.729253
1149.729253
1149.729253
1149.729253
1149.729253
1149.729253
1149.729253
1149.729253
1149.729253
1149.729253
1149.729253
1149.729253
1149.729253
1149.729253
1149.729253
1149.729253
1149.729253
1149.729253
1149.729253
1149.722000
1149.722000
1149.722000
1149.722000
1149.722000
1149.722000
1149.722000
1149.722000
1149.722000
1149.722000
1149.722000
1149.722000
1149.722000
1149.722000
1149.722000
1149.722000
1149.722000
1149.722000
1149.722000
1149.722000
1149.722000
1149.722000
1149.722000
1149.722000
1149.722000
1149.722000
1149.721362
1149.721362
1149.721362
1149.721362
1149.721362
1149.721362
1149.721362
1149.721362
1149.721362
1149.649722
1149.649722
1149.649722
1149.649722
1149.649722
1149.649722
1149.649722
1149.649722
1149.649722
1149.649722
1149.649722
1149.649722
1149.649722
1149.649722
1149.649722
1149.649722
1149.649722
1149.649722
1149.649722
1149.649722
1149.649722
1149.649722
1149.649722
1149.649722
1149.649722
1149.649722
1149.649722
1149.649722
1149.649722
1149.649722
1149.649722
1149.649722
1149.649722
1149.649722
1149.649722
1149.649722
1149.649722
1149.649722
1149.649722
1149.649722
1149.649722
1149.649722
1149.649722
1149.649722
1149.649722
1149.649722
1149.649722
1149.649722
1149.649722
1149.649722
1149.649722
1149.649722
1149.649722
1149.649722
1149.649722
1149.649722
1149.649722
1149.649722
1149.649722
1149.649722
1149.649722
1149.649722
1149.649722
1149.649722
1149.649722
1149.649722
1149.649722
1149.649722
1149.649722
1149.649722
1149.649722
1149.649722
1149.649722
1149.649722
1149.622399
1149.622399
1149.622399
1149.610402
1149.610402
1149.610402
1149.610402
1149.610402
1149.610402
1149.610402
1149.610402
1149.610402
1149.610402
1149.610402
1149.545220
1149.545220
1149.545220
1149.545220
1149.545220
1149.545220
1149.545220
1149.545220
1149.545220
1149.545220
1149.545220
1149.545220
1149.545220
1149.545220
1149.545220
1149.545220
1149.545220
1149.545220
1149.545220
1149.545220
1149.545220
1149.545220
1149.545220
1149.545220
1149.545220
1149.545220
1149.545220
1149.545220
1149.545220
1149.545220
1149.545220
1149.545220
1149.545220
1149.545220
1149.545220
1149.545220
1149.545220
1149.545220
1149.545220
1149.545220
1149.545220
1149.545220
1149.537385
1149.537385
1149.537385
1149.537385
1149.537385
1149.537385
1149.537385
1149.537385
1149.537385
1149.537385
1149.537385
1149.537385
1149.537385
1149.537385
1149.537385
1149.537385
1149.537385
1149.537385
1149.537385
1149.537385
1149.537385
1149.537385
1149.537385
1149.537385
1149.537385
1149.537385
1149.537385
1149.537385
1149.537385
1149.537385
1149.537385
1149.537385
1149.537385
1149.537385
1149.537385
1149.415494
1149.415494
1149.415494
1149.415494
1149.415494
1149.415494
1149.415494
1149.415494
1149.415494
1149.415494
1149.415494
1149.415494
1149.415494
1149.415494
1149.415494
1149.415494
1149.415494
1149.415494
1149.415494
1149.415494
1149.415494
1149.415494
1149.415494
1149.415494
1149.415494
1149.415494
1149.415494
1149.415494
1149.415494
1149.415494
1149.415494
1149.415494
1149.415494
1149.415494
1149.415494
1149.415494
1149.415494
1149.415494
1149.415494
1149.415494
1149.415494
1149.415494
1149.415494
1149.415494
1149.415494
1149.415494
1149.415494
1149.415494
1149.415494
1149.415494
1149.415494
1149.415494
1149.415494
1149.415494
1149.415494
1149.415494
1149.415494
1149.415494
1149.415494
1149.415494
1149.415494
1149.415494
1149.415494
1149.415494
1149.415494
1149.415494
1149.415494
1149.415494
1149.415494
1149.415494
1149.415494
1149.415494
1149.415494
1149.415494
1149.415494
1149.415494
1149.415494
1149.415494
1149.415494
1149.415494
1149.415494
1149.415494
1149.415494
1149.415494
1149.415494
1149.400369
1149.300338
1149.300338
1149.300338
1149.300338
1149.300338
1149.300338
1149.300338
1149.300338
1149.300338
1149.300338
1149.300338
1149.300338
1149.300338
1149.300338
1149.300338
1149.300338
1149.300338
1149.300338
1149.300338
1149.300338
1149.300338
1149.300338
1149.300338
1149.300338
1149.300338
1149.300338
1149.300338
1149.300338
1149.300338
1149.300338
1149.300338
1149.300338
1149.300338
1149.300338
1149.300338
1149.300338
1149.300338
1149.300338
1149.300338
1149.300338
1149.300338
1149.300338
1149.300338
1149.300338
1149.300338
1149.300338
1149.300338
1149.300338
1149.300338
1149.300338
1149.300338
1149.300338
1149.300338
1149.300338
1149.300338
1149.300338
1149.300338
1149.300338
1149.300338
1149.300338
1149.300338
1149.300338
1149.300338
1149.300338
1149.300338
1149.300338
1149.300338
1149.300338
1149.300338
1149.300338
1149.300338
1149.300338
1149.300338
1149.300338
1149.300338
1149.300338
1149.300338
1149.300338
1149.300338
1149.300338
1149.300338
1149.300338
1149.300338
1149.300338
1149.300338
1149.300338
1149.300338
1149.300338
1149.300338
1149.300338
1149.300338
1149.300338
1149.300338
1149.300338
1149.300338
1149.300338
1149.300338
1149.300338
1149.300338
1149.300338
1149.300338
1149.300338
1149.300338
1149.300338
1149.300338
1149.300338
1149.300338
1149.300338
1149.300338
1149.300338
1149.300338
1149.300338
1149.300338
1149.300338
1149.300338
1149.300338
1149.300338
1149.300338
1149.300338
1149.300338
1149.300338
1149.300338
1149.300338
1149.300338
1149.300338
1149.300338
1149.300338
1149.300338
1149.300338
1149.300338
1149.300338
1149.300338
1149.300338
1149.300338
1149.295135
1149.295135
1149.295135
1149.295135
1149.295135
1149.250952
1149.250952
1149.237905
1149.237905
1149.237905
1149.237905
1149.237905
1149.237905
1149.237905
1149.237905
1149.237905
1149.237905
1149.237905
1149.237905
1149.237905
1149.237905
1149.237905
1149.237905
1149.237905
1149.237905
1149.237905
1149.237905
1149.237905
1149.237905
1149.237905
1149.237905
1149.237905
1149.237905
1149.237905
1149.204736
1149.204736
1149.204736
1149.204736
1149.204736
1149.204736
1149.204736
1149.204736
1149.204736
1149.204736
1149.204736
1149.204736
1149.204736
1149.155475
1149.155475
1149.155475
1149.155475
1149.155475
1149.155475
1149.155475
1149.155475
1149.155475
1149.155475
1149.155475
1149.155475
1149.155475
1149.155475
1149.155475
1149.155475
1149.155475
1149.155475
1149.155475
1149.155475
1149.155475
1149.155475
1149.155475
1149.155475
1149.155475
1149.155475
1149.155475
1149.155475
1149.155475
1149.155475
1149.155475
1149.155475
1149.155475
1149.155475
1149.155475
1149.155475
1149.155475
1149.155475
1149.155475
1149.155475
1149.155475
1149.155475
1149.155475
1149.155475
1149.155475
1149.155475
1149.155475
1149.155475
1149.155475
1149.155475
1149.155475
1149.155475
1149.155475
1149.155475
1149.155475
1149.155475
1149.155475
1149.155475
1149.155475
1149.155475
1149.155475
1149.155475
1149.112169
1149.112169
1149.112169
1149.112169
1149.112169
1149.112169
1149.112169
1149.112169
1149.112169
1149.112169
1149.112169
1149.112169
1149.112169
1149.112169
1149.112169
1149.112169
1149.112169
1149.112169
1149.112169
1149.112169
1149.112169
1149.112169
1149.112169
1149.112169
1149.112169
1149.112169
1149.074705
1149.074705
1149.074705
1149.074705
1149.074705
1149.074705
1149.074705
1149.074705
1149.074705
1149.074705
1149.074705
1149.074705
1149.074705
1149.074705
1149.074705
1149.074705
1149.074705
1149.074705
1149.074705
1149.074705
1149.074705
1149.074705
1149.074705
1149.074705
1149.074705
1149.074705
1149.074705
1149.074705
1149.074705
1149.074705
1149.074705
1149.074705
1149.074705
1149.074705
1149.074705
1149.074705
1149.074705
1149.074705
1149.074705
1149.074705
1149.074705
1149.074705
1149.074705
1149.074705
1149.074705
1149.074705
1149.074705
1149.074705
1149.074705
1149.074705
1149.074705
1149.074705
1149.074705
1149.074705
1149.074705
1149.074705
1149.074705
1149.074705
1149.074705
1149.074705
1149.074705
1149.074705
1149.074705
1149.074705
1149.074705
1149.074705
1149.074705
1149.074705
1149.074705
1149.074705
1149.074705
1149.074705
1149.074705
1149.074705
1149.074705
1149.074705
1149.074705
1149.074705
1149.074705
1149.074705
1149.074705
1149.074705
1149.074705
1149.074705
1149.074705
1149.074705
1149.074705
1149.074705
1149.074705
1149.040738
1149.040738
1149.040738
1149.040738
1149.040738
1149.040738
1149.040738
1149.040738
1149.040738
1149.040738
1149.040738
1149.040738
1149.040738
1149.040738
1149.040738
1149.040738
1149.040738
1149.040738
1149.040738
1149.040738
1149.040738
1149.040738
1149.040738
1149.040738
1149.040738
1149.040738
1149.040738
1149.040738
1149.040738
1149.040738
1149.040738
1149.040738
1149.040738
1149.040738
1149.040738
1149.040738
1149.040738
1149.040738
1148.982878
1148.982878
1148.982878
1148.982878
1148.982878
1148.982878
1148.982878
1148.982878
1148.982878
1148.982878
1148.982878
1148.982878
1148.982878
1148.982878
1148.982878
1148.982878
1148.982878
1148.982878
1148.886852
1148.886852
1148.886852
1148.886852
1148.886852
1148.886852
1148.886852
1148.886852
1148.886852
1148.886852
1148.886852
1148.886852
1148.886852
1148.886852
1148.886852
1148.886852
1148.886852
1148.886852
1148.886852
1148.886852
1148.886852
1148.886852
1148.886852
1148.886852
1148.886852
1148.886852
1148.886852
1148.886852
1148.886852
1148.886852
1148.886852
1148.886852
1148.886852
1148.886852
1148.886852
1148.886852
1148.886852
1148.886852
1148.886852
1148.886852
1148.886852
1148.886852
1148.886852
1148.886852
1148.732141
1148.732141
1148.732141
1148.732141
1148.732141
1148.732141
1148.732141
1148.732141
1148.732141
1148.732141
1148.732141
1148.732141
1148.732141
1148.732141
1148.732141
1148.732141
1148.732141
1148.732141
1148.732141
1148.732141
1148.732141
1148.732141
1148.732141
1148.732141
1148.732141
1148.732141
1148.732141
1148.732141
1148.732141
1148.732141
1148.732141
1148.732141
1148.732141
1148.732141
1148.732141
1148.732141
1148.732141
1148.732141
1148.732141
1148.732141
1148.732141
1148.732141
1148.732141
1148.732141
1148.732141
1148.732141
1148.732141
1148.732141
1148.732141
1148.732141
1148.732141
1148.732141
1148.732141
1148.732141
1148.732141
1148.732141
1148.732141
1148.732141
1148.732141
1148.732141
1148.732141
1148.732141
1148.732141
1148.732141
1148.732141
1148.732141
1148.732141
1148.732141
1148.732141
1148.732141
1148.732141
1148.732141
1148.732141
1148.732141
1148.732141
1148.732141
1148.732141
1148.732141
1148.732141
1148.732141
1148.732141
1148.732141
1148.732141
1148.732141
1148.732141
1148.732141
1148.732141
1148.732141
1148.732141
1148.732141
1148.732141
1148.732141
1148.732141
1148.732141
1148.725490
1148.725490
1148.725490
1148.725490
1148.707362
1148.707362
1148.707362
1148.707362
1148.707362
1148.707362
1148.707362
1148.707362
1148.707362
1148.707362
1148.707362
1148.707362
1148.707362
1148.707362
1148.707362
1148.707362
1148.707362
1148.707362
1148.707362
1148.707362
1148.707362
1148.707362
1148.707362
1148.707362
1148.707362
1148.707362
1148.707362
1148.707362
1148.707362
1148.664863
1148.664863
1148.584906
1148.584906
1148.584906
1148.584906
1148.584906
1148.584906
1148.584906
1148.584906
1148.584906
1148.584906
1148.584906
1148.584906
1148.584906
1148.584906
1148.584906
1148.584906
1148.584906
1148.584906
1148.584906
1148.584906
1148.584906
1148.584906
1148.584906
1148.584906
1148.584906
1148.584906
1148.584906
1148.584906
1148.584906
1148.584906
1148.584906
1148.584906
1148.584906
1148.584906
1148.584906
1148.584906
1148.584906
1148.584906
1148.584906
1148.584906
1148.584906
1148.584906
1148.584906
1148.584906
1148.584906
1148.584906
1148.584906
1148.584906
1148.584906
1148.584906
1148.584906
1148.584906
1148.584906
1148.584906
1148.538479
1148.538479
1148.538479
1148.538479
1148.538479
1148.538479
1148.538479
1148.538479
1148.538479
1148.538479
1148.538479
1148.538479
1148.538479
1148.538479
1148.538479
1148.538479
1148.538479
1148.538479
1148.538479
1148.538479
1148.538479
1148.538479
1148.538479
1148.538479
1148.538479
1148.538479
1148.538479
1148.538479
1148.538479
1148.538479
1148.538479
1148.538479
1148.538479
1148.538479
1148.538479
1148.538479
1148.538479
1148.538479
1148.538479
1148.538479
1148.538479
1148.538479
1148.538479
1148.538479
1148.538479
1148.538479
1148.538479
1148.538479
1148.538479
1148.538479
1148.538479
1148.538479
1148.538479
1148.538479
1148.538479
1148.538479
1148.519919
1148.519919
1148.519919
1148.519919
1148.519919
1148.519919
1148.519919
1148.519919
1148.519919
1148.519919
1148.519919
1148.519919
1148.519919
1148.519919
1148.519919
1148.519919
1148.519919
1148.519919
1148.519919
1148.519919
1148.519919
1148.519919
1148.519919
1148.519919
1148.499906
1148.499906
1148.499906
1148.499906
1148.499906
1148.499906
1148.499906
1148.499906
1148.499906
1148.499906
1148.499906
1148.499906
1148.499906
1148.499906
1148.499906
1148.499906
1148.499906
1148.499906
1148.499906
1148.499906
1148.499906
1148.499906
1148.499906
1148.499906
1148.499906
1148.499906
1148.499906
1148.499906
1148.499906
1148.499906
1148.499906
1148.499906
1148.499906
1148.499906
1148.499906
1148.499906
1148.499906
1148.499906
1148.499906
1148.499906
1148.397441
1148.397441
1148.397441
1148.397441
1148.397441
1148.397441
1148.397441
1148.397441
1148.397441
1148.397441
1148.397441
1148.397441
1148.397441
1148.397441
1148.397441
1148.397441
1148.397441
1148.397441
1148.397441
1148.397441
1148.397441
1148.397441
1148.397441
1148.397441
1148.397441
1148.397441
1148.397441
1148.397441
1148.397441
1148.397441
1148.397441
1148.397441
1148.397441
1148.397441
1148.397441
1148.397441
1148.397441
1148.397441
1148.397441
1148.397441
1148.397441
1148.397441
1148.397441
1148.397441
1148.397441
1148.397441
1148.397441
1148.397441
1148.397441
1148.397441
1148.397441
1148.397441
1148.397441
1148.397441
1148.397441
1148.397441
1148.397441
1148.397441
1148.397441
1148.397441
1148.397441
1148.397441
1148.397441
1148.397441
1148.397441
1148.397441
1148.397441
1148.397441
1148.397441
1148.397441
1148.397441
1148.397441
1148.397441
1148.397441
1148.397441
1148.397441
1148.397441
1148.397441
1148.397441
1148.397441
1148.397441
1148.313371
1148.313371
1148.313371
1148.313371
1148.313371
1148.313371
1148.313371
1148.313371
1148.313371
1148.313371
1148.313371
1148.313371
1148.313371
1148.313371
1148.313371
1148.313371
1148.313371
1148.313371
1148.313371
1148.313371
1148.313371
1148.313371
1148.313371
1148.313371
1148.313371
1148.313371
1148.313371
1148.313371
1148.313371
1148.313371
1148.313371
1148.313371
1148.313371
1148.313371
1148.313371
1148.313371
1148.313371
1148.313371
1148.313371
1148.313371
1148.313371
1148.313371
1148.313371
1148.313371
1148.263407
1148.263407
1148.263407
1148.263407
1148.263407
1148.263407
1148.263407
1148.263407
1148.263407
1148.263407
1148.263407
1148.263407
1148.263407
1148.263407
1148.263407
1148.263407
1148.263407
1148.263407
1148.263407
1148.263407
1148.263407
1148.263407
1148.263407
1148.263407
1148.263407
1148.263407
1148.263407
1148.263407
1148.263407
1148.263407
1148.263407
1148.263407
1148.263407
1148.263407
1148.263407
1148.263407
1148.263407
1148.263407
1148.263407
1148.263407
1148.263407
1148.263407
1148.263407
1148.263407
1148.263407
1148.263407
1148.263407
1148.263407
1148.263407
1148.263407
1148.263407
1148.263407
1148.263407
1148.263407
1148.263407
1148.263407
1148.263407
1148.263407
1148.263407
1148.263407
1148.263407
1148.263407
1148.263407
1148.263407
1148.263407
1148.263407
1148.263407
1148.263407
1148.263407
1148.263407
1148.263407
1148.263407
1148.263407
1148.263407
1148.263407
1148.263407
1148.263407
1148.263407
1148.263407
1148.263407
1148.263407
1148.263407
1148.263407
1148.263407
1148.263407
1148.263407
1148.263407
1148.263407
1148.263407
1148.263407
1148.263407
1148.263407
1148.263407
1148.263407
1148.263407
1148.263407
1148.263407
1148.263407
1148.172900
1148.172900
1148.172900
1148.172900
1148.172900
1148.172900
1148.172900
1148.172900
1148.172900
1148.172900
1148.172900
1148.172900
1148.172900
1148.172900
1148.172900
1148.172900
1148.172900
1148.172900
1148.172900
1148.172900
1148.172900
1148.172900
1148.172900
1148.172900
1148.172900
1148.172900
1148.172900
1148.172900
1148.172900
1148.172900
1148.172900
1148.172900
1148.172900
1148.172900
1148.172900
1148.172900
1148.172900
1148.172900
1148.172900
1148.172900
1148.172900
1148.172900
1148.172900
1148.172900
1148.172900
1148.041059
1148.041059
1148.041059
1148.041059
1148.041059
1148.041059
1148.041059
1148.041059
1148.041059
1148.041059
1148.041059
1148.041059
1148.041059
1148.041059
1148.041059
1148.041059
1148.041059
1148.041059
1148.041059
1148.041059
1148.041059
1148.041059
1148.041059
1148.041059
1148.041059
1148.041059
1148.041059
1148.041059
1148.041059
1148.041059
1148.041059
1148.041059
1148.041059
1148.041059
1148.041059
1148.041059
1148.041059
1148.041059
1148.041059
1148.041059
1148.041059
1148.041059
1148.041059
1148.041059
1148.041059
1148.041059
1148.041059
1148.041059
1148.041059
1148.041059
1148.041059
1148.041059
1148.041059
1148.041059
1148.041059
1148.041059
1148.041059
1148.041059
1148.041059
1148.041059
1148.041059
1148.041059
1148.041059
1148.041059
1148.041059
1147.938690
1147.938690
1147.938690
1147.938690
1147.938690
1147.938690
1147.938690
1147.938690
1147.938690
1147.938690
1147.938690
1147.938690
1147.938690
1147.938690
1147.938690
1147.938690
1147.938690
1147.938690
1147.938690
1147.938690
1147.938690
1147.938690
1147.938690
1147.938690
1147.938690
1147.938690
1147.938690
1147.938690
1147.938690
1147.938690
1147.938690
1147.938690
1147.938690
1147.938690
1147.938690
1147.938690
1147.938690
1147.938690
1147.938690
1147.938690
1147.938690
1147.938690
1147.938690
1147.938690
1147.938690
1147.938690
1147.938690
1147.938690
1147.938690
1147.938690
1147.938690
1147.938690
1147.938690
1147.938690
1147.938690
1147.938690
1147.938690
1147.938690
1147.938690
1147.938690
1147.938690
1147.938690
1147.938690
1147.938690
1147.938690
1147.938690
1147.938690
1147.938690
1147.938690
1147.938690
1147.938690
1147.938690
1147.938690
1147.938690
1147.938690
1147.938690
1147.938690
1147.938690
1147.938690
1147.938690
1147.938690
1147.938690
1147.938690
1147.938690
1147.938690
1147.938690
1147.938690
1147.924739
1147.924739
1147.924739
1147.924739
1147.924739
1147.924739
1147.907711
1147.907711
1147.907711
1147.907711
1147.907711
1147.907711
1147.907711
1147.871414
1147.728938
1147.728938
1147.728938
1147.728938
1147.728938
1147.728938
1147.728938
1147.728938
1147.728938
1147.728938
1147.728938
1147.728938
1147.728938
1147.728938
1147.728938
1147.728938
1147.728938
1147.702979
1147.702979
1147.702979
1147.702979
1147.702979
1147.702979
1147.702979
1147.702979
1147.702979
1147.702979
1147.702979
1147.702979
1147.702979
1147.702979
1147.702979
1147.702979
1147.702979
1147.702979
1147.702979
1147.702979
1147.702979
1147.702979
1147.702979
1147.670284
1147.670284
1147.670284
1147.670284
1147.670284
1147.670284
1147.670284
1147.670284
1147.670284
1147.670284
1147.670284
1147.670284
1147.670284
1147.670284
1147.670284
1147.670284
1147.670284
1147.670284
1147.670284
1147.670284
1147.670284
1147.670284
1147.670284
1147.670284
1147.670284
1147.468524
1147.468524
1147.468524
1147.468524
1147.468524
1147.468524
1147.468524
1147.468524
1147.468524
1147.468524
1147.468524
1147.468524
1147.468524
1147.468524
1147.468524
1147.468524
1147.468524
1147.468524
1147.468524
1147.468524
1147.468524
1147.468524
1147.468524
1147.468524
1147.468524
1147.468524
1147.468524
1147.468524
1147.468524
1147.468524
1147.468524
1147.468524
1147.468524
1147.468524
1147.468524
1147.468524
1147.468524
1147.468524
1147.468524
1147.468524
1147.468524
1147.468524
1147.468524
1147.468524
1147.468524
1147.468524
1147.468524
1147.468524
1147.468524
1147.468524
1147.468524
1147.468524
1147.468524
1147.468524
1147.468524
1147.468524
1147.468524
1147.468524
1147.468524
1147.468524
1147.468524
1147.468524
1147.468524
1147.468524
1147.468524
1147.468524
1147.468524
1147.468524
1147.468524
1147.468524
1147.468524
1147.468524
1147.468524
1147.468524
1147.468524
1147.468524
1147.468524
1147.468524
1147.468524
1147.468524
1147.468524
1147.468524
1147.468524
1147.468524
1147.468524
1147.468524
1147.468524
1147.468524
1147.468524
1147.468524
1147.468524
1147.468524
1147.468524
1147.468524
1147.468524
1147.468524
1147.468524
1147.468524
1147.468524
1147.468524
1147.468524
1147.468524
1147.468524
1147.468524
1147.468524
1147.468524
1147.468524
1147.468524
1147.468524
1147.468524
1147.468524
1147.468524
1147.468524
1147.468524
1147.468524
1147.468524
1147.468524
1147.468524
1147.468524
1147.308081
1147.308081
1147.308081
1147.308081
1147.308081
1147.308081
1147.308081
1147.308081
1147.308081
1147.308081
1147.308081
1147.308081
1147.308081
1147.308081
1147.308081
1147.308081
1147.308081
1147.308081
1147.308081
1147.308081
1147.308081
1147.308081
1147.308081
1147.308081
1147.308081
1147.308081
1147.308081
1147.308081
1147.308081
1147.308081
1147.308081
1147.308081
1147.308081
1147.308081
1147.308081
1147.308081
1147.308081
1147.308081
1147.308081
1147.308081
1147.308081
1147.308081
1147.308081
1147.308081
1147.308081
1147.308081
1147.308081
1147.308081
1147.308081
1147.308081
1147.308081
1147.308081
1147.308081
1147.308081
1147.308081
1147.308081
1147.308081
1147.308081
1147.308081
1147.308081
1147.308081
1147.308081
1147.308081
1147.308081
1147.308081
1147.308081
1147.308081
1147.308081
1147.308081
1147.308081
1147.308081
1147.308081
1147.308081
1147.308081
1147.308081
1147.308081
1147.308081
1147.308081
1147.308081
1147.236598
1147.236598
1147.236598
1147.236598
1147.236598
1147.236598
1147.236598
1147.236598
1147.236598
1147.236598
1147.236598
1147.236598
1147.236598
1147.236598
1147.236598
1147.236598
1147.236598
1147.236598
1147.236598
1147.236598
1147.236598
1147.236598
1147.149933
1147.149933
1147.149933
1147.149933
1147.149933
1147.149933
1147.149933
1147.149933
1147.149933
1147.149933
1147.149933
1147.149933
1147.149933
1147.149933
1147.149933
1147.149933
1147.149933
1147.149933
1147.149933
1147.149933
1147.149933
1147.149933
1147.149933
1147.149933
1147.149933
1147.149933
1147.149933
1147.149933
1147.149933
1147.149933
1147.149933
1147.149933
1147.149933
1147.149933
1147.149933
1147.149933
1147.149933
1147.149933
1147.149933
1147.149933
1147.149933
1147.149933
1147.149933
1147.149933
1147.149933
1147.149933
1147.149933
1147.149933
1147.149933
1147.149933
1147.149933
1147.149933
1147.149933
1147.149933
1147.149933
1147.149933
1147.149933
1147.149933
1147.149933
1147.149933
1147.149933
1147.149933
1147.149933
1147.149933
1147.149933
1147.149933
1147.149933
1147.149933
1147.149933
1147.149933
1147.149933
1147.149933
1147.149933
1147.149933
1147.149933
1147.149933
1147.149933
1147.149933
1147.149933
1147.149933
1147.149933
1147.149933
1147.149933
1147.149933
1147.149933
1147.149933
1147.149933
1147.149933
1146.944151
1146.944151
1146.944151
1146.944151
1146.944151
1146.944151
1146.944151
1146.944151
1146.944151
1146.944151
1146.944151
1146.944151
1146.944151
1146.944151
1146.944151
1146.944151
1146.944151
1146.944151
1146.944151
1146.944151
1146.944151
1146.944151
1146.944151
1146.944151
1146.944151
1146.944151
1146.944151
1146.944151
1146.944151
1146.944151
1146.944151
1146.944151
1146.944151
1146.944151
1146.944151
1146.944151
1146.944151
1146.944151
1146.944151
1146.944151
1146.944151
1146.944151
1146.944151
1146.944151
1146.944151
1146.944151
1146.944151
1146.944151
1146.944151
1146.944151
1146.944151
1146.944151
1146.944151
1146.944151
1146.944151
1146.944151
1146.944151
1146.944151
1146.944151
1146.944151
1146.944151
1146.944151
1146.944151
1146.944151
1146.944151
1146.944151
1146.944151
1146.944151
1146.900802
1146.900802
1146.900802
1146.900802
1146.900802
1146.900802
1146.900802
1146.900802
1146.900802
1146.900802
1146.900802
1146.900802
1146.900802
1146.900802
1146.900802
1146.900802
1146.900802
1146.771184
1146.771184
1146.771184
1146.771184
1146.771184
1146.771184
1146.771184
1146.771184
1146.771184
1146.771184
1146.771184
1146.771184
1146.771184
1146.771184
1146.771184
1146.771184
1146.771184
1146.771184
1146.771184
1146.771184
1146.771184
1146.771184
1146.771184
1146.771184
1146.771184
1146.771184
1146.771184
1146.771184
1146.771184
1146.771184
1146.771184
1146.771184
1146.771184
1146.771184
1146.771184
1146.771184
1146.771184
1146.771184
1146.771184
1146.771184
1146.771184
1146.771184
1146.771184
1146.771184
1146.771184
1146.771184
1146.771184
1146.771184
1146.771184
1146.771184
1146.771184
1146.771184
1146.771184
1146.771184
1146.771184
1146.771184
1146.771184
1146.771184
1146.771184
1146.771184
1146.771184
1146.771184
1146.771184
1146.771184
1146.771184
1146.771184
1146.771184
1146.771184
1146.771184
1146.771184
1146.771184
1146.771184
1146.771184
1146.771184
1146.771184
1146.771184
1146.771184
1146.771184
1146.771184
1146.771184
1146.771184
1146.771184
1146.771184
1146.771184
1146.771184
1146.771184
1146.771184
1146.771184
1146.771184
1146.771184
1146.771184
1146.771184
1146.771184
1146.771184
1146.771184
1146.771184
1146.771184
1146.771184
1146.771184
1146.771184
1146.771184
1146.771184
1146.771184
1146.771184
1146.771184
1146.771184
1146.771184
1146.771184
1146.771184
1146.771184
1146.771184
1146.771184
1146.771184
1146.771184
1146.771184
1146.771184
1146.771184
1146.771184
1146.771184
1146.771184
1146.771184
1146.771184
1146.771184
1146.771184
1146.771184
1146.771184
1146.726996
1146.726996
1146.726996
1146.726996
1146.726996
1146.726996
1146.726996
1146.726996
1146.726996
1146.726996
1146.726996
1146.726996
1146.726996
1146.726996
1146.726996
1146.726996
1146.726996
1146.726996
1146.726996
1146.726996
1146.726996
1146.726996
1146.726996
1146.726996
1146.726996
1146.726996
1146.726996
1146.726996
1146.726996
1146.726996
1146.726996
1146.726996
1146.726996
1146.726996
1146.726996
1146.726996
1146.726996
1146.726996
1146.726996
1146.726996
1146.726996
1146.627647
1146.627647
1146.627647
1146.627647
1146.627647
1146.627647
1146.627647
1146.627647
1146.627647
1146.627647
1146.627647
1146.627647
1146.627647
1146.627647
1146.627647
1146.627647
1146.627647
1146.627647
1146.627647
1146.627647
1146.627647
1146.627647
1146.627647
1146.627647
1146.627647
1146.627647
1146.627647
1146.627647
1146.627647
1146.627647
1146.627647
1146.627647
1146.627647
1146.627647
1146.627647
1146.627647
1146.627647
1146.627647
1146.627647
1146.627647
1146.627647
1146.627647
1146.627647
1146.627647
1146.627647
1146.627647
1146.627647
1146.627647
1146.627647
1146.627647
1146.627647
1146.627647
1146.627647
1146.627647
1146.627647
1146.627647
1146.627647
1146.627647
1146.627647
1146.627647
1146.627647
1146.627647
1146.627647
1146.627647
1146.627647
1146.627647
1146.627647
1146.627647
1146.627647
1146.627647
1146.627647
1146.627647
1146.627647
1146.627647
1146.627647
1146.627647
1146.627647
1146.627647
1146.627647
1146.627647
1146.627647
1146.627647
1146.627647
1146.627647
1146.627647
1146.538587
1146.538587
1146.538587
1146.538587
1146.538587
1146.538587
1146.538587
1146.538587
1146.538587
1146.538587
1146.538587
1146.538587
1146.538587
1146.538587
1146.538587
1146.538587
1146.538587
1146.538587
1146.538587
1146.538587
1146.538587
1146.538587
1146.538587
1146.538587
1146.538587
1146.538587
1146.538587
1146.538587
1146.538587
1146.538587
1146.538587
1146.538587
1146.538587
1146.538587
1146.538587
1146.538587
1146.538587
1146.538587
1146.538587
1146.538587
1146.538587
1146.538587
1146.538587
1146.538587
1146.538587
1146.538587
1146.538587
1146.538587
1146.538587
1146.538587
1146.538587
1146.538587
1146.538587
1146.538587
1146.538587
1146.538587
1146.538587
1146.538587
1146.538587
1146.538587
1146.538587
1146.538587
1146.538587
1146.495015
1146.495015
1146.495015
1146.495015
1146.495015
1146.495015
1146.495015
1146.495015
1146.495015
1146.495015
1146.495015
1146.495015
1146.495015
1146.495015
1146.495015
1146.495015
1146.495015
1146.495015
1146.495015
1146.495015
1146.495015
1146.495015
1146.495015
1146.495015
1146.495015
1146.495015
1146.495015
1146.495015
1146.495015
1146.495015
1146.495015
1146.495015
1146.495015
1146.495015
1146.495015
1146.495015
1146.495015
1146.495015
1146.495015
1146.495015
1146.495015
1146.495015
1146.495015
1146.495015
1146.495015
1146.495015
1146.495015
1146.495015
1146.495015
1146.495015
1146.495015
1146.495015
1146.495015
1146.495015
1146.495015
1146.495015
1146.495015
1146.495015
1146.495015
1146.495015
1146.495015
1146.495015
1146.495015
1146.495015
1146.495015
1146.495015
1146.495015
1146.495015
1146.495015
1146.495015
1146.495015
1146.495015
1146.495015
1146.495015
1146.495015
1146.495015
1146.443274
1146.443274
1146.443274
1146.443274
1146.443274
1146.443274
1146.443274
1146.443274
1146.443274
1146.443274
1146.443274
1146.443274
1146.443274
1146.443274
1146.443274
1146.443274
1146.443274
1146.443274
1146.443274
1146.443274
1146.443274
1146.443274
1146.443274
1146.443274
1146.443274
1146.443274
1146.443274
1146.443274
1146.443274
1146.443274
1146.443274
1146.443274
1146.443274
1146.443274
1146.443274
1146.443274
1146.443274
1146.443274
1146.443274
1146.443274
1146.443274
1146.443274
1146.443274
1146.443274
1146.443274
1146.443274
1146.443274
1146.443274
1146.443274
1146.443274
1146.443274
1146.443274
1146.443274
1146.443274
1146.443274
1146.443274
1146.443274
1146.443274
1146.443274
1146.443274
1146.443274
1146.443274
1146.443274
1146.443274
1146.443274
1146.443274
1146.443274
1146.443274
1146.443274
1146.443274
1146.443274
1146.443274
1146.443274
1146.443274
1146.443274
1146.443274
1146.443274
1146.443274
1146.443274
1146.443274
1146.443274
1146.443274
1146.443274
1146.443274
1146.443274
1146.443274
1146.443274
1146.443274
1146.443274
1146.443274
1146.443274
1146.443274
1146.443274
1146.443274
1146.443274
1146.443274
1146.443274
1146.443274
1146.443274
1146.443274
1146.443274
1146.443274
1146.443274
1146.443274
1146.443274
1146.443274
1146.443274
1146.443274
1146.443274
1146.443274
1146.443274
1146.443274
1146.443274
1146.443274
1146.443274
1146.424057
1146.424057
1146.424057
1146.424057
1146.424057
1146.424057
1146.424057
1146.424057
1146.424057
1146.405614
1146.405614
1146.405614
1146.405614
1146.405614
1146.405614
1146.405614
1146.405614
1146.405614
1146.405614
1146.405614
1146.405614
1146.405614
1146.405614
1146.405614
1146.405614
1146.405614
1146.405614
1146.405614
1146.405614
1146.405614
1146.405614
1146.405614
1146.405614
1146.405614
1146.405614
1146.405614
1146.405614
1146.405614
1146.405614
1146.405614
1146.405614
1146.405614
1146.405614
1146.405614
1146.405614
1146.405614
1146.405614
1146.405614
1146.405614
1146.405614
1146.385076
1146.385076
1146.385076
1146.385076
1146.385076
1146.385076
1146.385076
1146.385076
1146.385076
1146.385076
1146.385076
1146.385076
1146.385076
1146.385076
1146.385076
1146.385076
1146.385076
1146.385076
1146.385076
1146.385076
1146.382315
1146.382315
1146.382315
1146.343142
1146.262439
1146.262439
1146.262439
1146.262439
1146.262439
1146.262439
1146.262439
1146.262439
1146.262439
1146.262439
1146.262439
1146.262439
1146.262439
1146.262439
1146.262439
1146.262439
1146.262439
1146.262439
1146.262439
1146.262439
1146.262439
1146.262439
1146.262439
1146.262439
1146.262439
1146.262439
1146.262439
1146.262439
1146.262439
1146.262439
1146.262439
1146.262439
1146.262439
1146.262439
1146.262439
1146.262439
1146.262439
1146.262439
1146.262439
1146.262439
1146.262439
1146.262439
1146.262439
1146.262439
1146.262439
1146.262439
1146.262439
1146.262439
1146.262439
1146.245426
1146.245426
1146.245426
1146.245426
1146.245426
1146.245426
1146.245426
1146.245426
1146.245426
1146.245426
1146.245426
1146.245426
1146.245426
1146.245426
1146.245426
1146.245426
1146.245426
1146.245426
1146.245426
1146.245426
1146.245426
1146.245426
1146.245426
1146.245426
1146.245426
1146.245426
1146.245426
1146.245426
1146.245426
1146.245426
1146.245426
1146.245426
1146.245426
1146.245426
1146.245426
1146.245426
1146.245426
1146.245426
1146.245426
1146.245426
1146.245426
1146.245426
1146.245426
1146.245426
1146.245426
1146.245426
1146.245426
1146.245426
1146.245426
1146.245426
1146.245426
1146.245426
1146.245426
1146.245426
1146.245426
1146.245426
1146.245426
1146.245426
1146.245426
1146.245426
1146.245426
1146.245426
1146.245426
1146.224655
1146.224655
1146.224655
1146.224655
1146.224655
1146.224655
1146.224655
1146.224655
1146.224655
1146.224655
1146.214839
1146.214839
1146.214839
1146.214839
1146.214839
1146.214839
1146.214839
1146.214839
1146.214839
1146.214839
1146.214839
1146.214839
1146.214839
1146.214839
1146.214839
1146.214839
1146.214839
1146.214839
1146.214839
1146.214839
1146.214839
1146.214839
1146.214839
1146.214839
1146.214839
1146.214839
1146.214839
1146.214839
1146.214839
1146.214839
1146.214839
1146.214839
1146.214839
1146.170411
1146.170411
1146.170411
1146.170411
1146.170411
1146.170411
1146.170411
1146.170411
1146.170411
1146.170411
1146.170411
1146.170411
1146.126897
1146.126897
1146.126897
1146.126897
1146.126897
1146.126897
1146.126897
1146.126897
1146.126897
1146.126897
1146.126897
1146.126897
1146.126897
1146.126897
1146.126897
1146.126897
1146.126897
1146.126897
1146.126897
1146.126897
1146.126897
1146.126897
1146.126897
1146.126897
1146.126897
1146.126897
1146.126897
1146.126897
1146.126897
1146.126897
1146.126897
1146.126897
1146.126897
1146.126897
1146.126897
1146.126897
1146.126897
1146.126897
1146.126897
1146.126897
1146.126897
1146.126897
1145.984275
1145.984275
1145.984275
1145.984275
1145.984275
1145.984275
1145.984275
1145.984275
1145.984275
1145.984275
1145.984275
1145.984275
1145.984275
1145.984275
1145.984275
1145.984275
1145.984275
1145.984275
1145.984275
1145.984275
1145.984275
1145.984275
1145.984275
1145.984275
1145.984275
1145.984275
1145.984275
1145.984275
1145.984275
1145.984275
1145.984275
1145.984275
1145.984275
1145.984275
1145.984275
1145.984275
1145.984275
1145.984275
1145.984275
1145.984275
1145.984275
1145.984275
1145.984275
1145.984275
1145.984275
1145.984275
1145.984275
1145.984275
1145.984275
1145.984275
1145.984275
1145.984275
1145.984275
1145.984275
1145.984275
1145.984275
1145.968274
1145.968274
1145.968274
1145.968274
1145.968274
1145.968274
1145.968274
1145.968274
1145.968274
1145.968274
1145.968274
1145.968274
1145.968274
1145.968274
1145.968274
1145.968274
1145.968274
1145.968274
1145.968274
1145.968274
1145.968274
1145.968274
1145.968274
1145.968274
1145.968274
1145.968274
1145.968274
1145.968274
1145.968274
1145.913295
1145.913295
1145.913295
1145.913295
1145.913295
1145.913295
1145.913295
1145.913295
1145.913295
1145.913295
1145.913295
1145.913295
1145.913295
1145.913295
1145.913295
1145.912609
1145.912609
1145.912609
1145.912609
1145.912609
1145.912609
1145.912609
1145.912609
1145.912609
1145.912609
1145.912609
1145.912609
1145.912609
1145.912609
1145.912609
1145.912609
1145.912609
1145.812605
1145.812605
1145.812605
1145.812605
1145.812605
1145.812605
1145.812605
1145.812605
1145.812605
1145.812605
1145.812605
1145.812605
1145.812605
1145.812605
1145.812605
1145.812605
1145.812605
1145.812605
1145.812605
1145.812605
1145.812605
1145.812605
1145.812605
1145.812605
1145.812605
1145.812605
1145.812605
1145.812605
1145.812605
1145.783478
1145.783478
1145.783478
1145.783478
1145.783478
1145.783478
1145.783478
1145.783478
1145.783478
1145.783478
1145.783478
1145.783478
1145.783478
1145.783478
1145.783478
1145.783478
1145.783478
1145.783478
1145.783478
1145.783478
1145.783478
1145.783478
1145.783478
1145.783478
1145.783478
1145.783478
1145.783478
1145.783478
1145.783478
1145.783478
1145.783478
1145.783478
1145.783478
1145.783478
1145.783478
1145.783478
1145.783478
1145.783478
1145.783478
1145.783478
1145.783478
1145.783478
1145.783478
1145.783478
1145.783478
1145.783478
1145.783478
1145.783478
1145.783478
1145.783478
1145.783478
1145.783478
1145.783478
1145.783478
1145.783478
1145.783478
1145.783478
1145.783478
1145.783478
1145.783478
1145.742938
1145.742938
1145.742938
1145.742938
1145.742938
1145.742938
1145.742938
1145.742938
1145.742938
1145.742938
1145.742938
1145.742938
1145.742938
1145.742938
1145.742938
1145.742938
1145.742938
1145.742938
1145.742938
1145.742938
1145.742938
1145.742938
1145.742938
1145.742938
1145.742938
1145.742938
1145.742938
1145.742938
1145.742938
1145.742938
1145.742938
1145.742938
1145.742938
1145.742938
1145.742938
1145.742938
1145.742938
1145.742938
1145.742938
1145.742938
1145.742938
1145.742938
1145.742938
1145.742938
1145.742938
1145.742938
1145.742938
1145.742938
1145.742938
1145.742938
1145.742938
1145.672645
1145.672645
1145.672645
1145.672645
1145.672645
1145.672645
1145.672645
1145.672645
1145.672645
1145.672645
1145.672645
1145.672645
1145.672645
1145.672645
1145.672645
1145.672645
1145.672645
1145.672645
1145.672645
1145.672645
1145.672645
1145.672645
1145.672645
1145.672645
1145.672645
1145.672645
1145.672645
1145.672645
1145.672645
1145.672645
1145.672645
1145.672645
1145.672645
1145.672645
1145.672645
1145.672645
1145.672645
1145.672645
1145.672645
1145.672645
1145.672645
1145.672645
1145.672645
1145.672645
1145.672645
1145.672645
1145.672645
1145.672645
1145.672645
1145.672645
1145.524770
1145.524770
1145.524770
1145.524770
1145.524770
1145.524770
1145.524770
1145.524770
1145.524770
1145.524770
1145.524770
1145.524770
1145.524770
1145.524770
1145.524770
1145.524770
1145.524770
1145.524770
1145.524770
1145.524770
1145.524770
1145.524770
1145.524770
1145.524770
1145.524770
1145.524770
1145.524770
1145.524770
1145.524770
1145.524770
1145.524770
1145.524770
1145.524770
1145.437692
1145.437692
1145.437692
1145.437692
1145.437692
1145.437692
1145.437692
1145.437692
1145.437692
1145.437692
1145.437692
1145.437692
1145.437692
1145.437692
1145.437692
1145.437692
1145.437692
1145.437692
1145.437692
1145.437692
1145.437692
1145.437692
1145.437692
1145.437692
1145.437692
1145.437692
1145.437692
1145.437692
1145.437692
1145.437692
1145.437692
1145.437692
1145.437692
1145.437692
1145.437692
1145.437692
1145.437692
1145.437692
1145.437692
1145.437692
1145.437692
1145.437692
1145.437692
1145.437692
1145.437692
1145.437692
1145.437692
1145.437692
1145.437692
1145.437692
1145.437692
1145.437692
1145.437692
1145.437692
1145.437692
1145.437692
1145.437692
1145.437692
1145.405669
1145.405669
1145.405669
1145.405669
1145.405669
1145.405669
1145.405669
1145.405669
1145.405669
1145.405669
1145.405669
1145.405669
1145.405669
1145.287193
1145.287193
1145.287193
1145.287193
1145.287193
1145.287193
1145.287193
1145.287193
1145.287193
1145.287193
1145.287193
1145.287193
1145.287193
1145.287193
1145.287193
1145.287193
1145.287193
1145.287193
1145.287193
1145.287193
1145.287193
1145.287193
1145.287193
1145.287193
1145.287193
1145.287193
1145.287193
1145.287193
1145.099663
1145.099663
1145.099663
1145.099663
1145.099663
1145.099663
1145.099663
1145.099663
1145.099663
1145.099663
1145.099663
1145.099663
1145.099663
1145.099663
1145.099663
1145.099663
1145.099663
1145.099663
1145.099663
1145.099663
1145.099663
1145.099663
1145.099663
1145.099663
1145.099663
1145.099663
1145.099663
1145.099663
1145.099663
1145.099663
1145.099663
1145.099663
1145.099663
1145.099663
1145.099663
1145.099663
1145.099663
1145.099663
1145.099663
1145.099663
1145.099663
1145.099663
1145.099663
1145.099663
1145.099663
1145.099663
1145.099663
1145.099663
1145.099663
1145.099663
1145.099663
1145.099663
1145.099663
1145.099663
1145.082094
1145.082094
1145.082094
1145.082094
1145.082094
1145.082094
1145.082094
1145.082094
1145.082094
1145.082094
1145.082094
1145.082094
1145.082094
1145.082094
1145.082094
1145.082094
1145.082094
1145.082094
1145.082094
1145.082094
1145.082094
1145.082094
1145.082094
1145.082094
1145.082094
1145.082094
1145.082094
1145.082094
1145.082094
1145.082094
1145.082094
1145.082094
1145.082094
1145.082094
1145.082094
1145.082094
1145.082094
1145.082094
1145.082094
1145.082094
1145.082094
1145.082094
1145.082094
1145.082094
1145.082094
1145.082094
1145.082094
1145.082094
1145.082094
1145.082094
1145.082094
1145.082094
1145.082094
1145.082094
1145.082094
1145.082094
1145.082094
1145.082094
1145.082094
1145.082094
1145.082094
1145.082094
1145.082094
1145.082094
1145.082094
1145.082094
1145.082094
1145.082094
1145.082094
1145.082094
1145.082094
1145.082094
1145.082094
1145.082094
1145.082094
1145.082094
1145.082094
1145.082094
1145.082094
1145.082094
1145.082094
1145.082094
1145.082094
1145.082094
1145.082094
1145.082094
1145.082094
1145.082094
1145.082094
1145.082094
1145.082094
1145.082094
1145.082094
1145.082094
1145.082094
1145.082094
1145.082094
1145.082094
1145.082094
1145.082094
1145.082094
1145.082094
1145.082094
1145.082094
1145.082094
1145.082094
1145.082094
1145.082094
1145.082094
1145.082094
1145.082094
1145.082094
1145.082094
1145.082094
1145.082094
1145.082094
1145.082094
1145.082094
1145.082094
1145.082094
1145.082094
1145.082094
1145.082094
1145.082094
1145.082094
1145.082094
1145.067923
1145.067923
1145.067923
1145.067923
1145.067923
1145.067923
1145.067923
1145.067923
1145.067923
1145.067923
1145.067923
1145.067923
1145.067923
1145.067923
1145.067923
1145.067923
1145.067923
1145.067923
1145.067923
1145.067923
1145.067923
1145.067923
1145.067923
1145.067923
1145.067923
1145.067923
1145.067923
1145.067923
1145.067923
1145.067923
1145.067923
1145.067923
1145.067923
1145.067923
1145.067923
1145.067923
1145.067923
1145.067923
1145.067923
1145.067923
1145.067923
1145.067923
1145.067923
1145.067923
1145.067923
1145.067923
1145.067923
1145.067923
1145.067923
1145.067923
1145.026075
1145.026075
1145.026075
1145.026075
1145.026075
1145.026075
1145.026075
1145.026075
1145.026075
1145.026075
1145.026075
1145.026075
1145.026075
1145.026075
1145.026075
1145.026075
1145.026075
1145.026075
1145.026075
1145.026075
1145.026075
1145.026075
1145.026075
1145.026075
1145.026075
1145.026075
1145.026075
1145.026075
1144.942594
1144.942594
1144.942594
1144.942594
1144.942594
1144.942594
1144.942594
1144.942594
1144.942594
1144.942594
1144.942594
1144.942594
1144.942594
1144.942594
1144.942594
1144.942594
1144.942594
1144.942594
1144.942594
1144.942594
1144.942594
1144.942594
1144.942594
1144.942594
1144.942594
1144.942594
1144.942594
1144.942594
1144.942594
1144.942594
1144.942594
1144.942594
1144.942594
1144.942594
1144.942594
1144.942594
1144.942594
1144.942594
1144.942594
1144.942594
1144.942594
1144.942594
1144.942594
1144.942594
1144.942594
1144.942594
1144.942594
1144.942594
1144.942594
1144.942594
1144.942594
1144.942594
1144.942594
1144.942594
1144.942594
1144.942594
1144.942594
1144.942594
1144.942594
1144.942594
1144.942594
1144.942594
1144.942594
1144.942594
1144.942594
1144.942594
1144.942594
1144.942594
1144.942594
1144.942594
1144.942594
1144.942594
1144.942594
1144.942594
1144.942594
1144.942594
1144.942594
1144.942594
1144.942594
1144.942594
1144.942594
1144.942594
1144.942594
1144.942594
1144.942594
1144.942594
1144.942594
1144.942594
1144.942594
1144.942594
1144.942594
1144.942594
1144.942594
1144.942594
1144.942594
1144.942594
1144.942594
1144.942594
1144.942594
1144.942594
1144.942594
1144.942594
1144.942594
1144.942594
1144.942594
1144.942594
1144.942594
1144.942594
1144.942594
1144.942594
1144.942594
1144.942594
1144.942594
1144.942594
1144.942594
1144.942594
1144.942594
1144.942594
1144.942594
1144.942594
1144.942594
1144.942594
1144.942594
1144.942594
1144.942594
1144.942594
1144.942594
1144.942594
1144.942594
1144.838054
1144.838054
1144.838054
1144.838054
1144.838054
1144.838054
1144.838054
1144.838054
1144.838054
1144.838054
1144.838054
1144.838054
1144.838054
1144.838054
1144.838054
1144.838054
1144.838054
1144.838054
1144.838054
1144.838054
1144.838054
1144.838054
1144.838054
1144.838054
1144.838054
1144.838054
1144.838054
1144.838054
1144.838054
1144.838054
1144.606417
1144.606417
1144.606417
1144.606417
1144.606417
1144.606417
1144.606417
1144.606417
1144.606417
1144.606417
1144.606417
1144.606417
1144.606417
1144.606417
1144.606417
1144.606417
1144.606417
1144.606417
1144.606417
1144.606417
1144.606417
1144.606417
1144.606417
1144.606417
1144.606417
1144.606417
1144.606417
1144.606417
1144.606417
1144.606417
1144.606417
1144.606417
1144.606417
1144.606417
1144.606417
1144.606417
1144.606417
1144.606417
1144.606417
1144.606417
1144.606417
1144.606417
1144.606417
1144.606417
1144.606417
1144.606417
1144.606417
1144.606417
1144.606417
1144.606417
1144.606417
1144.606417
1144.606417
1144.606417
1144.606417
1144.606417
1144.606417
1144.606417
1144.606417
1144.606417
1144.606417
1144.606417
1144.606417
1144.606417
1144.606417
1144.606417
1144.606417
1144.606417
1144.606417
1144.606417
1144.606417
1144.606417
1144.606417
1144.606417
1144.606417
1144.606417
1144.606417
1144.606417
1144.606417
1144.606417
1144.606417
1144.606417
1144.606417
1144.606417
1144.606417
1144.606417
1144.606417
1144.606417
1144.606417
1144.606417
1144.606417
1144.606417
1144.606417
1144.606417
1144.606417
1144.606417
1144.606417
1144.606417
1144.606417
1144.606417
1144.606417
1144.606417
1144.606417
1144.606417
1144.606417
1144.606417
1144.606417
1144.606417
1144.606417
1144.606417
1144.606417
1144.606417
1144.606417
1144.606417
1144.606417
1144.606417
1144.606417
1144.606417
1144.606417
1144.606417
1144.606417
1144.606417
1144.606417
1144.606417
1144.606417
1144.606417
1144.606417
1144.606417
1144.606417
1144.606417
1144.606417
1144.606417
1144.606417
1144.534319
1144.534319
1144.534319
1144.534319
1144.534319
1144.534319
1144.534319
1144.534319
1144.534319
1144.534319
1144.534319
1144.534319
1144.534319
1144.534319
1144.534319
1144.534319
1144.534319
1144.534319
1144.534319
1144.534319
1144.534319
1144.534319
1144.534319
1144.534319
1144.534319
1144.534319
1144.534319
1144.534319
1144.534319
1144.534319
1144.534319
1144.534319
1144.534319
1144.534319
1144.534319
1144.534319
1144.534319
1144.534319
1144.534319
1144.534319
1144.534319
1144.534319
1144.534319
1144.534319
1144.534319
1144.534319
1144.534319
1144.534319
1144.534319
1144.534319
1144.534319
1144.534319
1144.534319
1144.534319
1144.534319
1144.534319
1144.534319
1144.534319
1144.534319
1144.534319
1144.534319
1144.534319
1144.534319
1144.534319
1144.534319
1144.534319
1144.534319
1144.534319
1144.534319
1144.534319
1144.534319
1144.534319
1144.534319
1144.534319
1144.534319
1144.534319
1144.534319
1144.534319
1144.444490
1144.444490
1144.444490
1144.444490
1144.444490
1144.444490
1144.444490
1144.444490
1144.444490
1144.444490
1144.444490
1144.444490
1144.444490
1144.444490
1144.444490
1144.444490
1144.444490
1144.444490
1144.444490
1144.444490
1144.444490
1144.444490
1144.444490
1144.444490
1144.444490
1144.444490
1144.444490
1144.444490
1144.444490
1144.444490
1144.444490
1144.444490
1144.444490
1144.444490
1144.444490
1144.444490
1144.444490
1144.444490
1144.444490
1144.444490
1144.444490
1144.444490
1144.444490
1144.444490
1144.444490
1144.444490
1144.444490
1144.444490
1144.444490
1144.444490
1144.444490
1144.444490
1144.444490
1144.444490
1144.444490
1144.444490
1144.444490
1144.444490
1144.444490
1144.444490
1144.444490
1144.444490
1144.444490
1144.444490
1144.444490
1144.444490
1144.444490
1144.444490
1144.444490
1144.444490
1144.444490
1144.444490
1144.444490
1144.444490
1144.444490
1144.444490
1144.444490
1144.444490
1144.444490
1144.444490
1144.444490
1144.444490
1144.444490
1144.444490
1144.444490
1144.444490
1144.444490
1144.444490
1144.444490
1144.444490
1144.444490
1144.444490
1144.444490
1144.444490
1144.444490
1144.444490
1144.444490
1144.444490
1144.444490
1144.444490
1144.444490
1144.444490
1144.444490
1144.444490
1144.444490
1144.444490
1144.444490
1144.444490
1144.444490
1144.444490
1144.444490
1144.444490
1144.444490
1144.444490
1144.444490
1144.427483
1144.427483
1144.427483
1144.427483
1144.427483
1144.427483
1144.427483
1144.427483
1144.427483
1144.427483
1144.427483
1144.427483
1144.427483
1144.427483
1144.427483
1144.427483
1144.427483
1144.427483
1144.427483
1144.427483
1144.427483
1144.427483
1144.427483
1144.427483
1144.427483
1144.427483
1144.427483
1144.427483
1144.427483
1144.427483
1144.427483
1144.427483
1144.427483
1144.427483
1144.427483
1144.427483
1144.427483
1144.427483
1144.427483
1144.427483
1144.427483
1144.427483
1144.427483
1144.427483
1144.427483
1144.427483
1144.427483
1144.427483
1144.427483
1144.427483
1144.427483
1144.427483
1144.427483
1144.427483
1144.427483
1144.427483
1144.427483
1144.427483
1144.427483
1144.427483
1144.427483
1144.427483
1144.427483
1144.427483
1144.427483
1144.427483
1144.427483
1144.427483
1144.427483
1144.427483
1144.427483
1144.427483
1144.427483
1144.369464
1144.369464
1144.369464
1144.369464
1144.369464
1144.369464
1144.369464
1144.369464
1144.369464
1144.369464
1144.369464
1144.369464
1144.369464
1144.369464
1144.369464
1144.369464
1144.369464
1144.369464
1144.369464
1144.369464
1144.369464
1144.369464
1144.369464
1144.369464
1144.369464
1144.369464
1144.369464
1144.369464
1144.369464
1144.369464
1144.369464
1144.369464
1144.369464
1144.369464
1144.369464
1144.369464
1144.369464
1144.369464
1144.369464
1144.369464
1144.369464
1144.369464
1144.369464
1144.369464
1144.369464
1144.369464
1144.369464
1144.369464
1144.369464
1144.369464
1144.358942
1144.358942
1144.358278
1144.358278
1144.358278
1144.358278
1144.358278
1144.358278
1144.358278
1144.358278
1144.358278
1144.358278
1144.358278
1144.358278
1144.358278
1144.358278
1144.358278
1144.358278
1144.358278
1144.358278
1144.358278
1144.358278
1144.358278
1144.358278
1144.358278
1144.358278
1144.358278
1144.358278
1144.358278
1144.358278
1144.358278
1144.358278
1144.358278
1144.358278
1144.358278
1144.358278
1144.358278
1144.358278
1144.358278
1144.358278
1144.273204
1144.273204
1144.273204
1144.273204
1144.273204
1144.273204
1144.273204
1144.273204
1144.273204
1144.273204
1144.273204
1144.273204
1144.273204
1144.273204
1144.273204
1144.273204
1144.273204
1144.273204
1144.273204
1144.273204
1144.273204
1144.273204
1144.273204
1144.273204
1144.273204
1144.273204
1144.273204
1144.273204
1144.273204
1144.273204
1144.273204
1144.273204
1144.273204
1144.273204
1144.273204
1144.184613
1144.184613
1144.184613
1144.184613
1144.184613
1144.184613
1144.184613
1144.184613
1144.184613
1144.184613
1144.184613
1144.184613
1144.184613
1144.184613
1144.184613
1144.184613
1144.184613
1144.184613
1144.184613
1144.184613
1144.184613
1144.184613
1144.184613
1144.184613
1144.184613
1144.184613
1144.184613
1144.184613
1144.184613
1144.184613
1144.184613
1144.184613
1144.184613
1144.184613
1144.184613
1144.184613
1144.184613
1144.184613
1144.184613
1144.184613
1144.146341
1144.146341
1144.146341
1144.146341
1144.146341
1144.146341
1144.146341
1144.146341
1144.146341
1144.146341
1144.146341
1144.146341
1144.146341
1144.146341
1144.146341
1144.146341
1144.146341
1144.146341
1144.146341
1144.146341
1144.146341
1144.146341
1144.146341
1144.146341
1144.146341
1144.146341
1144.146341
1144.146341
1144.146341
1144.146341
1144.146341
1144.146341
1144.146341
1144.146341
1144.146341
1144.146341
1144.146341
1144.146341
1144.146341
1144.146341
1144.146341
1144.146341
1144.146341
1144.146341
1144.146341
1144.146341
1144.146341
1144.146341
1144.146341
1144.146341
1144.146341
1144.146341
1144.146341
1144.146341
1144.146341
1144.146341
1144.146341
1144.146341
1144.146341
1144.146341
1144.128664
1144.128664
1144.128664
1144.128664
1144.128664
1144.128664
1144.128664
1144.128664
1144.128664
1144.128664
1144.128664
1144.128664
1144.128664
1144.101944
1144.101944
1144.101944
1144.101944
1144.101944
1144.101944
1144.101944
1144.101944
1144.101944
1144.101944
1144.101944
1144.101944
1144.101944
1144.101944
1144.101944
1144.101944
1144.101944
1144.101944
1144.101944
1144.101944
1144.101944
1144.101944
1144.101944
1144.101944
1144.101944
1144.101944
1144.101944
1144.101944
1144.101944
1144.101944
1144.101944
1144.101944
1144.101944
1144.101944
1144.101944
1144.101944
1144.101944
1144.101944
1144.101944
1144.101944
1144.101944
1144.101944
1144.101944
1144.073171
1144.073171
1144.073171
1144.073171
1144.073171
1144.073171
1144.073171
1144.073171
1144.073171
1144.073171
1144.073171
1144.073171
1144.073171
1144.073171
1144.073171
1144.073171
1144.073171
1144.073171
1144.073171
1144.073171
1144.073171
1144.073171
1144.073171
1144.073171
1144.073171
1144.073171
1144.073171
1144.073171
1144.073171
1144.073171
1144.073171
1144.073171
1144.073171
1144.073171
1144.073171
1144.073171
1144.073171
1144.073171
1144.073171
1144.073171
1144.073171
1144.073171
1144.073171
1144.073171
1144.073171
1144.073171
1144.073171
1144.073171
1144.073171
1144.073171
1144.073171
1144.073171
1144.073171
1144.073171
1144.073171
1144.073171
1144.073171
1144.073171
1144.073171
1144.073171
1144.073171
1144.073171
1144.073171
1144.073171
1144.073171
1144.073171
1143.992523
1143.992523
1143.992523
1143.992523
1143.992523
1143.992523
1143.992523
1143.992523
1143.992523
1143.992523
1143.992523
1143.992523
1143.992523
1143.992523
1143.992523
1143.992523
1143.992523
1143.992523
1143.992523
1143.992523
1143.992523
1143.992523
1143.992523
1143.992523
1143.962321
1143.962321
1143.962321
1143.962321
1143.962321
1143.962321
1143.962321
1143.962321
1143.962321
1143.962321
1143.962321
1143.962321
1143.962321
1143.962321
1143.962321
1143.962321
1143.962321
1143.962321
1143.962321
1143.962321
1143.962321
1143.962321
1143.962321
1143.962321
1143.962321
1143.962321
1143.890540
1143.890540
1143.890540
1143.890540
1143.890540
1143.890540
1143.890540
1143.890540
1143.890540
1143.890540
1143.890540
1143.890540
1143.890540
1143.890540
1143.890540
1143.890540
1143.890540
1143.890540
1143.890540
1143.890540
1143.890540
1143.890540
1143.890540
1143.890540
1143.890540
1143.890540
1143.890540
1143.890540
1143.890540
1143.890540
1143.890540
1143.890540
1143.890540
1143.890540
1143.890540
1143.890540
1143.890540
1143.890540
1143.890540
1143.890540
1143.890540
1143.890540
1143.890540
1143.890540
1143.890540
1143.890540
1143.890540
1143.890540
1143.890540
1143.890540
1143.890540
1143.890540
1143.890540
1143.890540
1143.890540
1143.890540
1143.890540
1143.890540
1143.890540
1143.890540
1143.890540
1143.890540
1143.890540
1143.890540
1143.890540
1143.890540
1143.890540
1143.890540
1143.890540
1143.890540
1143.890540
1143.890540
1143.890540
1143.890540
1143.890540
1143.890540
1143.890540
1143.890540
1143.890540
1143.890540
1143.890540
1143.890540
1143.890540
1143.890540
1143.743644
1143.743644
1143.743644
1143.743644
1143.743644
1143.743644
1143.743644
1143.743644
1143.743644
1143.743644
1143.743644
1143.743644
1143.743644
1143.743644
1143.743644
1143.743644
1143.743644
1143.743644
1143.743644
1143.743644
1143.743644
1143.743644
1143.743644
1143.743644
1143.743644
1143.743644
1143.743644
1143.743644
1143.743644
1143.743644
1143.743644
1143.743644
1143.743644
1143.743644
1143.743644
1143.743644
1143.743644
1143.743644
1143.743644
1143.743644
1143.743644
1143.743644
1143.743644
1143.743644
1143.743644
1143.743644
1143.743644
1143.743644
1143.743644
1143.743644
1143.743644
1143.743644
1143.743644
1143.743644
1143.743644
1143.743644
1143.743644
1143.743644
1143.743644
1143.743644
1143.743644
1143.743644
1143.743644
1143.743644
1143.743644
1143.743644
1143.723636
1143.723636
1143.723636
1143.723636
1143.723636
1143.723636
1143.723636
1143.723636
1143.723636
1143.723636
1143.723636
1143.723636
1143.723636
1143.723636
1143.723636
1143.723636
1143.723636
1143.723636
1143.723636
1143.723636
1143.723636
1143.723636
1143.723636
1143.723636
1143.723636
1143.723636
1143.723636
1143.723636
1143.723636
1143.723636
1143.723636
1143.723636
1143.723636
1143.723636
1143.723636
1143.723636
1143.723636
1143.705549
1143.705549
1143.705549
1143.705549
1143.705549
1143.705549
1143.705549
1143.705549
1143.705549
1143.705549
1143.705549
1143.705549
1143.705549
1143.705549
1143.705549
1143.705549
1143.655177
1143.655177
1143.655177
1143.655177
1143.655177
1143.655177
1143.655177
1143.655177
1143.655177
1143.655177
1143.655177
1143.655177
1143.655177
1143.655177
1143.655177
1143.655177
1143.655177
1143.655177
1143.655177
1143.655177
1143.655177
1143.655177
1143.655177
1143.655177
1143.655177
1143.655177
1143.655177
1143.655177
1143.655177
1143.655177
1143.655177
1143.655177
1143.655177
1143.655177
1143.655177
1143.655177
1143.655177
1143.632673
1143.632673
1143.632673
1143.632673
1143.632673
1143.632673
1143.632673
1143.632673
1143.632673
1143.632673
1143.462990
1143.462990
1143.462990
1143.462990
1143.462990
1143.462990
1143.462990
1143.462990
1143.462990
1143.462990
1143.462990
1143.462990
1143.462990
1143.462990
1143.462990
1143.462990
1143.462990
1143.462990
1143.462990
1143.462990
1143.462990
1143.462990
1143.462990
1143.462990
1143.462990
1143.462990
1143.462990
1143.462990
1143.462990
1143.462990
1143.462990
1143.462990
1143.462990
1143.462990
1143.462990
1143.462990
1143.462990
1143.462990
1143.462990
1143.462990
1143.462990
1143.462990
1143.462990
1143.462990
1143.462990
1143.462990
1143.462990
1143.462990
1143.462990
1143.462990
1143.462990
1143.462990
1143.462990
1143.462990
1143.462990
1143.462990
1143.462990
1143.462990
1143.462990
1143.462990
1143.462990
1143.462990
1143.462990
1143.462990
1143.462990
1143.462990
1143.462990
1143.462990
1143.462990
1143.462990
1143.462990
1143.462990
1143.462990
1143.462990
1143.462990
1143.462990
1143.462990
1143.462990
1143.462990
1143.462990
1143.462990
1143.462990
1143.462990
1143.462990
1143.462990
1143.462990
1143.462990
1143.462990
1143.462990
1143.462990
1143.462990
1143.462990
1143.462990
1143.462990
1143.462990
1143.462990
1143.462990
1143.462990
1143.462990
1143.462990
1143.462990
1143.462990
1143.462990
1143.462990
1143.462990
1143.462990
1143.462990
1143.462990
1143.462990
1143.462990
1143.462990
1143.462990
1143.462990
1143.462990
1143.462990
1143.462990
1143.462990
1143.462990
1143.462990
1143.462990
1143.462990
1143.462990
1143.462990
1143.462990
1143.462990
1143.462990
1143.462990
1143.462990
1143.462990
1143.462990
1143.462990
1143.462990
1143.462990
1143.462990
1143.462990
1143.462990
1143.462990
1143.462990
1143.462990
1143.462990
1143.462990
1143.462990
1143.462990
1143.462990
1143.462990
1143.462990
1143.462990
1143.462990
1143.462990
1143.462990
1143.462990
1143.462990
1143.462990
1143.462990
1143.462990
1143.462990
1143.462990
1143.462990
1143.462990
1143.462612
1143.462612
1143.462612
1143.462612
1143.462612
1143.462612
1143.462612
1143.462612
1143.462612
1143.462612
1143.462612
1143.462612
1143.462612
1143.462612
1143.462612
1143.462612
1143.462612
1143.462612
1143.462612
1143.462612
1143.462612
1143.462612
1143.462612
1143.462612
1143.462612
1143.462612
1143.462612
1143.462612
1143.462612
1143.462612
1143.462612
1143.462612
1143.462612
1143.462612
1143.462612
1143.462612
1143.462612
1143.462612
1143.364194
1143.364194
1143.364194
1143.364194
1143.364194
1143.364194
1143.364194
1143.364194
1143.364194
1143.364194
1143.364194
1143.364194
1143.364194
1143.364194
1143.364194
1143.364194
1143.364194
1143.364194
1143.364194
1143.364194
1143.364194
1143.364194
1143.364194
1143.364194
1143.364194
1143.364194
1143.364194
1143.364194
1143.364194
1143.364194
1143.364194
1143.364194
1143.364194
1143.364194
1143.364194
1143.364194
1143.364194
1143.364194
1143.364194
1143.364194
1143.364194
1143.364194
1143.364194
1143.364194
1143.364194
1143.364194
1143.364194
1143.364194
1143.364194
1143.364194
1143.364194
1143.364194
1143.364194
1143.364194
1143.364194
1143.364194
1143.364194
1143.364194
1143.364194
1143.364194
1143.364194
1143.364194
1143.364194
1143.364194
1143.364194
1143.364194
1143.364194
1143.364194
1143.364194
1143.364194
1143.364194
1143.364194
1143.364194
1143.364194
1143.364194
1143.364194
1143.364194
1143.364194
1143.364194
1143.364194
1143.364194
1143.364194
1143.364194
1143.364194
1143.364194
1143.364194
1143.364194
1143.364194
1143.364194
1143.364194
1143.364194
1143.364194
1143.364194
1143.364194
1143.364194
1143.364194
1143.364194
1143.364194
1143.364194
1143.364194
1143.351951
1143.347032
1143.347032
1143.347032
1143.347032
1143.347032
1143.347032
1143.347032
1143.347032
1143.347032
1143.347032
1143.347032
1143.336667
1143.336667
1143.336667
1143.336667
1143.294952
1143.294952
1143.294952
1143.294952
1143.294952
1143.294952
1143.294952
1143.294952
1143.294952
1143.294952
1143.294952
1143.294952
1143.294952
1143.294952
1143.294952
1143.294952
1143.294952
1143.294952
1143.294952
1143.294952
1143.294952
1143.294952
1143.294952
1143.294952
1143.294952
1143.294952
1143.294952
1143.294952
1143.294952
1143.294952
1143.294952
1143.294952
1143.294952
1143.294952
1143.288170
1143.288170
1143.288170
1143.288170
1143.288170
1143.288170
1143.288170
1143.288170
1143.288170
1143.288170
1143.288170
1143.263406
1143.263406
1143.263406
1143.263406
1143.263406
1143.263406
1143.263406
1143.263406
1143.263406
1143.263406
1143.263406
1143.262558
1143.262558
1143.262558
1143.262558
1143.262558
1143.262558
1143.262558
1143.262558
1143.262558
1143.262558
1143.262558
1143.262558
1143.262558
1143.262558
1143.262558
1143.262558
1143.262558
1143.262558
1143.262558
1143.262558
1143.262558
1143.262558
1143.262558
1143.262558
1143.262558
1143.262558
1143.262558
1143.262558
1143.262558
1143.258300
1143.258300
1143.258300
1143.258300
1143.258300
1143.218005
1143.218005
1143.218005
1143.218005
1143.218005
1143.197425
1143.197425
1143.197425
1143.197425
1143.197425
1143.197425
1143.197425
1143.197425
1143.197425
1143.197425
1143.197425
1143.197425
1143.197425
1143.197425
1143.197425
1143.197425
1143.197425
1143.197425
1143.197425
1143.197425
1143.197425
1143.197425
1143.197425
1143.197425
1143.197425
1143.197425
1143.197425
1143.197425
1143.197425
1143.197425
1143.197425
1143.197425
1143.197425
1143.197425
1143.197425
1143.197425
1143.197425
1143.197425
1143.197425
1143.189771
1143.189771
1143.189771
1143.189771
1143.189771
1143.189771
1143.103759
1143.103759
1143.103759
1143.103759
1143.103759
1143.103759
1143.103759
1143.103759
1143.103759
1143.103759
1143.103759
1143.103759
1143.103759
1143.103759
1143.103759
1143.103759
1143.103759
1143.103759
1143.103759
1143.103759
1143.103759
1143.103759
1143.103759
1143.103759
1143.103759
1143.103759
1143.103759
1143.103759
1143.103759
1143.103759
1143.103759
1143.103759
1143.103759
1143.103759
1143.103759
1143.103759
1143.103759
1143.103759
1143.103759
1143.103759
1143.103759
1143.103759
1143.056798
1143.056798
1143.056798
1143.056798
1143.056798
1143.056798
1143.056798
1143.056798
1143.056798
1143.056798
1143.056798
1143.056798
1143.056798
1143.056798
1143.056798
1143.056798
1143.056798
1143.056798
1143.056798
1143.056798
1143.056798
1143.056798
1143.056798
1143.056798
1143.056798
1143.056798
1143.056798
1143.056798
1143.056798
1143.056798
1143.056798
1143.056798
1143.056798
1143.056798
1143.056798
1143.056798
1143.056798
1143.056798
1143.056798
1143.056798
1143.056798
1143.056798
1143.056798
1143.056798
1143.056798
1143.056798
1143.056798
1143.056798
1143.056798
1143.056798
1143.056798
1143.056798
1143.056798
1143.056798
1143.056798
1143.056798
1143.056798
1143.056798
1143.056798
1143.056798
1143.056798
1143.056798
1143.056798
1143.056798
1143.056798
1143.056798
1143.056798
1143.056798
1143.056798
1143.056798
1143.056798
1143.056798
1143.056798
1143.056798
1143.056798
1143.056798
1143.056798
1143.056798
1143.056798
1143.056798
1143.056798
1143.056798
1143.056798
1143.056798
1143.056798
1143.028573
1143.028573
1143.028573
1143.028573
1143.028573
1143.028573
1143.028573
1143.028573
1143.028573
1143.028573
1143.028573
1142.993076
1142.993076
1142.993076
1142.993076
1142.993076
1142.993076
1142.993076
1142.993076
1142.993076
1142.993076
1142.993076
1142.993076
1142.993076
1142.993076
1142.993076
1142.993076
1142.993076
1142.993076
1142.993076
1142.993076
1142.993076
1142.993076
1142.993076
1142.993076
1142.993076
1142.993076
1142.993076
1142.993076
1142.993076
1142.993076
1142.993076
1142.993076
1142.993076
1142.993076
1142.993076
1142.993076
1142.993076
1142.993076
1142.993076
1142.993076
1142.993076
1142.993076
1142.993076
1142.993076
1142.993076
1142.993076
1142.979571
1142.979571
1142.979571
1142.979571
1142.979571
1142.979571
1142.979571
1142.979571
1142.969876
1142.969876
1142.969876
1142.969876
1142.969876
1142.969876
1142.969876
1142.969876
1142.969876
1142.969876
1142.969876
1142.969876
1142.969876
1142.969876
1142.969876
1142.969876
1142.969876
1142.969876
1142.969876
1142.969876
1142.969876
1142.969876
1142.969876
1142.969876
1142.969876
1142.969876
1142.969876
1142.969876
1142.969876
1142.969876
1142.969876
1142.969876
1142.969876
1142.969876
1142.969876
1142.969876
1142.956038
1142.956038
1142.956038
1142.956038
1142.956038
1142.956038
1142.956038
1142.956038
1142.956038
1142.956038
1142.956038
1142.956038
1142.956038
1142.956038
1142.956038
1142.956038
1142.956038
1142.956038
1142.956038
1142.956038
1142.956038
1142.956038
1142.956038
1142.956038
1142.956038
1142.956038
1142.956038
1142.956038
1142.956038
1142.887918
1142.887918
1142.887918
1142.887918
1142.887918
1142.887918
1142.887918
1142.887918
1142.887918
1142.887918
1142.887918
1142.887918
1142.887918
1142.887918
1142.887918
1142.887918
1142.887918
1142.887918
1142.887918
1142.887918
1142.887918
1142.887918
1142.887918
1142.887918
1142.887918
1142.887918
1142.887918
1142.887918
1142.887918
1142.887918
1142.887918
1142.887918
1142.887918
1142.887918
1142.887918
1142.887918
1142.887918
1142.887918
1142.887918
1142.887918
1142.887918
1142.887918
1142.859138
1142.859138
1142.859138
1142.859138
1142.859138
1142.859138
1142.859138
1142.859138
1142.859138
1142.802889
1142.802889
1142.802889
1142.802889
1142.802889
1142.802889
1142.802889
1142.802889
1142.802889
1142.802889
1142.802889
1142.802889
1142.802889
1142.802889
1142.802889
1142.802889
1142.802889
1142.802889
1142.802889
1142.802889
1142.802889
1142.802889
1142.802889
1142.802889
1142.802889
1142.802889
1142.802889
1142.802889
1142.802889
1142.802889
1142.802889
1142.802889
1142.802889
1142.802889
1142.802889
1142.802889
1142.802889
1142.802889
1142.802889
1142.802889
1142.802889
1142.802889
1142.802889
1142.802889
1142.802889
1142.802889
1142.802889
1142.802889
1142.802889
1142.802889
1142.802889
1142.802889
1142.802889
1142.802889
1142.802889
1142.802889
1142.802889
1142.802889
1142.802889
1142.802889
1142.802889
1142.802889
1142.802889
1142.802889
1142.802889
1142.802889
1142.802889
1142.802889
1142.802889
1142.802889
1142.802889
1142.802889
1142.802889
1142.802889
1142.800652
1142.800652
1142.800652
1142.800652
1142.800652
1142.800652
1142.800652
1142.800652
1142.800652
1142.800652
1142.800652
1142.800652
1142.800652
1142.800652
1142.800652
1142.800652
1142.800652
1142.800652
1142.800652
1142.800652
1142.800652
1142.800652
1142.800652
1142.800652
1142.800652
1142.800652
1142.800652
1142.800652
1142.800652
1142.800652
1142.800652
1142.800652
1142.800652
1142.755601
1142.755601
1142.755601
1142.755601
1142.755601
1142.755601
1142.755601
1142.715217
1142.715217
1142.715217
1142.715217
1142.715217
1142.715217
1142.715217
1142.715217
1142.715217
1142.715217
1142.715217
1142.715217
1142.715217
1142.715217
1142.715217
1142.692306
1142.692306
1142.692306
1142.692306
1142.692306
1142.692306
1142.692306
1142.692306
1142.692306
1142.692306
1142.692306
1142.692306
1142.597009
1142.597009
1142.597009
1142.597009
1142.597009
1142.597009
1142.597009
1142.597009
1142.597009
1142.597009
1142.597009
1142.597009
1142.597009
1142.597009
1142.597009
1142.597009
1142.597009
1142.597009
1142.597009
1142.597009
1142.597009
1142.597009
1142.597009
1142.597009
1142.597009
1142.597009
1142.597009
1142.597009
1142.597009
1142.597009
1142.597009
1142.597009
1142.597009
1142.597009
1142.597009
1142.597009
1142.597009
1142.597009
1142.597009
1142.597009
1142.597009
1142.597009
1142.597009
1142.597009
1142.597009
1142.597009
1142.597009
1142.597009
1142.597009
1142.597009
1142.597009
1142.597009
1142.597009
1142.597009
1142.597009
1142.597009
1142.597009
1142.597009
1142.597009
1142.597009
1142.597009
1142.597009
1142.597009
1142.597009
1142.597009
1142.597009
1142.597009
1142.597009
1142.597009
1142.597009
1142.597009
1142.597009
1142.597009
1142.597009
1142.597009
1142.597009
1142.597009
1142.597009
1142.597009
1142.597009
1142.597009
1142.597009
1142.597009
1142.597009
1142.570064
1142.570064
1142.570064
1142.570064
1142.570064
1142.570064
1142.570064
1142.570064
1142.570064
1142.570064
1142.570064
1142.570064
1142.570064
1142.570064
1142.570064
1142.570064
1142.570064
1142.570064
1142.570064
1142.570064
1142.570064
1142.570064
1142.570064
1142.570064
1142.570064
1142.570064
1142.570064
1142.570064
1142.570064
1142.570064
1142.570064
1142.570064
1142.570064
1142.570064
1142.570064
1142.570064
1142.570064
1142.570064
1142.570064
1142.570064
1142.570064
1142.570064
1142.570064
1142.570064
1142.570064
1142.570064
1142.570064
1142.570064
1142.570064
1142.570064
1142.570064
1142.570064
1142.570064
1142.565392
1142.565392
1142.565392
1142.565392
1142.565392
1142.565392
1142.565392
1142.565392
1142.565392
1142.565392
1142.565392
1142.565392
1142.565392
1142.565392
1142.565392
1142.565392
1142.565392
1142.565392
1142.565392
1142.565392
1142.565392
1142.565392
1142.565392
1142.565392
1142.565392
1142.565392
1142.565392
1142.565392
1142.565392
1142.565392
1142.565392
1142.565392
1142.565392
1142.565392
1142.565392
1142.565392
1142.565392
1142.565392
1142.565392
1142.565392
1142.509265
1142.509265
1142.509265
1142.509265
1142.509265
1142.509265
1142.509265
1142.475365
1142.475365
1142.475365
1142.475365
1142.475365
1142.475365
1142.475365
1142.475365
1142.475365
1142.475365
1142.475365
1142.475365
1142.475365
1142.375474
1142.375474
1142.375474
1142.375474
1142.375474
1142.375474
1142.375474
1142.375474
1142.375474
1142.375474
1142.375474
1142.375474
1142.375474
1142.375474
1142.375474
1142.375474
1142.375474
1142.375474
1142.375474
1142.375474
1142.375474
1142.375474
1142.375474
1142.375474
1142.375474
1142.375474
1142.375474
1142.375474
1142.375474
1142.375474
1142.375474
1142.375474
1142.375474
1142.375474
1142.375474
1142.375474
1142.375474
1142.375474
1142.375474
1142.375474
1142.375474
1142.375474
1142.375474
1142.375474
1142.375474
1142.375474
1142.375474
1142.375474
1142.375474
1142.375474
1142.375474
1142.375474
1142.375474
1142.375474
1142.375474
1142.375474
1142.375474
1142.375474
1142.375474
1142.375474
1142.375474
1142.375474
1142.375474
1142.375474
1142.375474
1142.375474
1142.375474
1142.375474
1142.375474
1142.375474
1142.375474
1142.375474
1142.375474
1142.375474
1142.375474
1142.375474
1142.375474
1142.375474
1142.375474
1142.375474
1142.375474
1142.375474
1142.375474
1142.375474
1142.375474
1142.375474
1142.375474
1142.375474
1142.375474
1142.375163
1142.375163
1142.375163
1142.375163
1142.375163
1142.375163
1142.375163
1142.375163
1142.375163
1142.375163
1142.375163
1142.375163
1142.375163
1142.375163
1142.375163
1142.375163
1142.375163
1142.375163
1142.375163
1142.375163
1142.375163
1142.375163
1142.375163
1142.375163
1142.375163
1142.375163
1142.375163
1142.375163
1142.375163
1142.375163
1142.375163
1142.375163
1142.375163
1142.375163
1142.375163
1142.375163
1142.375163
1142.375163
1142.375163
1142.375163
1142.375163
1142.375163
1142.375163
1142.375163
1142.375163
1142.375163
1142.375163
1142.375163
1142.375163
1142.375163
1142.310351
1142.310351
1142.310351
1142.310351
1142.211490
1142.211490
1142.211490
1142.211490
1142.211490
1142.211490
1142.211490
1142.211490
1142.211490
1142.211490
1142.211490
1142.211490
1142.211490
1142.211490
1142.211490
1142.211490
1142.211490
1142.211490
1142.211490
1142.211490
1142.211490
1142.211490
1142.211490
1142.211490
1142.003868
1142.003868
1142.003868
1142.003868
1142.003868
1142.003868
1142.003868
1142.003868
1142.003868
1142.003868
1142.003868
1142.003868
1142.003868
1142.003868
1142.003868
1142.003868
1142.003868
1142.003868
1142.003868
1142.003868
1142.003868
1142.003868
1142.003868
1142.003868
1142.003868
1142.003868
1142.003868
1142.003868
1142.003868
1142.003868
1142.003868
1142.003868
1142.003868
1142.003868
1142.003868
1142.003868
1142.003868
1142.003868
1142.003868
1142.003868
1141.921817
1141.921817
1141.921817
1141.921817
1141.921817
1141.921817
1141.921817
1141.921817
1141.921817
1141.921817
1141.921817
1141.921817
1141.921817
1141.921817
1141.921817
1141.921817
1141.921817
1141.921817
1141.921817
1141.921817
1141.921817
1141.921817
1141.921817
1141.921817
1141.921817
1141.921817
1141.921817
1141.921817
1141.921817
1141.921817
1141.921817
1141.921817
1141.921817
1141.921817
1141.921817
1141.921817
1141.921817
1141.921817
1141.921817
1141.921817
1141.921817
1141.921817
1141.921817
1141.921817
1141.921817
1141.921817
1141.921817
1141.921817
1141.921817
1141.921817
1141.921817
1141.921817
1141.921817
1141.921817
1141.921817
1141.921817
1141.791000
1141.791000
1141.791000
1141.791000
1141.791000
1141.791000
1141.791000
1141.791000
1141.791000
1141.791000
1141.791000
1141.791000
1141.791000
1141.791000
1141.791000
1141.791000
1141.791000
1141.791000
1141.791000
1141.791000
1141.791000
1141.791000
1141.791000
1141.791000
1141.791000
1141.791000
1141.791000
1141.791000
1141.791000
1141.791000
1141.791000
1141.791000
1141.791000
1141.791000
1141.791000
1141.791000
1141.791000
1141.791000
1141.791000
1141.791000
1141.791000
1141.791000
1141.791000
1141.791000
1141.791000
1141.791000
1141.791000
1141.791000
1141.791000
1141.791000
1141.791000
1141.791000
1141.791000
1141.791000
1141.791000
1141.791000
1141.791000
1141.791000
1141.791000
1141.767244
1141.767244
1141.767244
1141.767244
1141.767244
1141.767244
1141.767244
1141.767244
1141.767244
1141.767244
1141.767244
1141.767244
1141.767244
1141.767244
1141.767244
1141.767244
1141.767244
1141.767244
1141.767244
1141.767244
1141.767244
1141.767244
1141.767244
1141.767244
1141.767244
1141.767244
1141.767244
1141.767244
1141.767244
1141.767244
1141.767244
1141.767244
1141.767244
1141.767244
1141.767244
1141.767244
1141.767244
1141.767244
1141.767244
1141.767244
1141.767244
1141.767244
1141.767244
1141.767244
1141.767244
1141.767244
1141.767244
1141.767244
1141.767244
1141.767244
1141.720227
1141.720227
1141.720227
1141.720227
1141.720227
1141.720227
1141.720227
1141.720227
1141.720227
1141.720227
1141.720227
1141.720227
1141.720227
1141.720227
1141.720227
1141.720227
1141.720227
1141.720227
1141.720227
1141.720227
1141.720227
1141.720227
1141.720227
1141.720227
1141.720227
1141.720227
1141.720227
1141.720227
1141.720227
1141.720227
1141.720227
1141.720227
1141.720227
1141.720227
1141.720227
1141.720227
1141.679494
1141.679494
1141.679494
1141.679494
1141.679494
1141.679494
1141.679494
1141.679494
1141.679494
1141.679494
1141.679494
1141.679494
1141.679494
1141.679494
1141.679494
1141.679494
1141.679494
1141.474575
1141.474575
1141.474575
1141.474575
1141.474575
1141.474575
1141.474575
1141.474575
1141.474575
1141.474575
1141.474575
1141.474575
1141.474575
1141.474575
1141.474575
1141.474575
1141.474575
1141.474575
1141.474575
1141.474575
1141.474575
1141.474575
1141.474575
1141.474575
1141.474575
1141.474575
1141.474575
1141.474575
1141.474575
1141.474575
1141.474575
1141.474575
1141.474575
1141.474575
1141.474575
1141.474575
1141.474575
1141.474575
1141.474575
1141.474575
1141.474575
1141.474575
1141.474575
1141.474575
1141.474575
1141.474575
1141.474575
1141.474575
1141.474575
1141.474575
1141.474575
1141.474575
1141.474575
1141.474575
1141.474575
1141.474575
1141.474575
1141.474575
1141.474575
1141.474575
1141.474575
1141.474575
1141.474575
1141.474575
1141.474575
1141.474575
1141.474575
1141.474575
1141.474575
1141.474575
1141.474575
1141.474575
1141.474575
1141.474575
1141.474575
1141.474575
1141.474575
1141.474575
1141.474575
1141.474575
1141.474575
1141.474575
1141.474575
1141.474575
1141.474575
1141.474575
1141.474575
1141.474575
1141.474575
1141.446467
1141.446467
1141.446467
1141.446467
1141.446467
1141.446467
1141.446467
1141.446467
1141.446467
1141.446467
1141.446467
1141.446467
1141.446467
1141.446467
1141.446467
1141.446467
1141.446467
1141.446467
1141.446467
1141.446467
1141.446467
1141.446467
1141.446467
1141.446467
1141.446467
1141.446467
1141.446467
1141.446467
1141.446467
1141.446467
1141.446467
1141.446467
1141.446467
1141.446467
1141.446467
1141.446467
1141.446467
1141.446467
1141.212312
1141.212312
1141.212312
1141.212312
1141.212312
1141.212312
1141.212312
1141.212312
1141.212312
1141.212312
1141.212312
1141.212312
1141.212312
1141.212312
1141.212312
1141.212312
1141.212312
1141.212312
1141.212312
1141.212312
1141.212312
1141.212312
1141.212312
1141.212312
1141.212312
1141.212312
1141.212312
1141.212312
1141.212312
1141.212312
1141.212312
1141.212312
1141.212312
1141.212312
1141.212312
1141.212312
1141.212312
1141.212312
1141.212312
1141.212312
1141.212312
1141.212312
1141.212312
1141.212312
1141.212312
1141.212312
1141.212312
1141.212312
1141.212312
1141.212312
1141.212312
1141.212312
1141.212312
1141.212312
1141.212312
1141.212312
1141.212312
1141.212312
1141.212312
1141.212312
1141.212312
1141.207709
1141.207709
1141.207709
1141.207709
1141.207709
1141.207709
1141.207709
1141.207709
1141.207709
1141.207709
1141.207709
1141.207709
1141.207709
1141.207709
1141.207709
1141.207709
1141.207709
1141.207709
1141.207709
1141.207709
1141.207709
1141.207709
1141.207709
1141.207709
1141.207709
1141.207709
1141.207709
1141.207709
1141.072450
1141.072450
1141.072450
1141.072450
1141.072450
1141.072450
1141.072450
1141.072450
1141.072450
1141.072450
1141.072450
1141.072450
1141.072450
1141.072450
1141.072450
1141.072450
1141.072450
1141.072450
1141.072450
1141.072450
1141.072450
1141.072450
1141.072450
1141.072450
1141.072450
1141.072450
1141.072450
1141.072450
1141.072450
1141.072450
1141.072450
1141.072450
1141.072450
1141.072450
1141.072450
1141.072450
1141.072450
1141.072450
1141.072450
1141.072450
1141.072450
1141.072450
1141.072450
1141.072450
1141.072450
1141.072450
1141.072450
1141.072450
1141.072450
1140.656999
1140.656999
1140.656999
1140.656999
1140.656999
1140.656999
1140.656999
1140.656999
1140.656999
1140.656999
1140.656999
1140.656999
1140.656999
1140.656999
1140.656999
1140.656999
1140.656999
1140.656999
1140.656999
1140.656999
1140.656999
1140.656999
1140.656999
1140.656999
1140.656999
1140.656999
1140.656999
1140.656999
1140.656999
1140.656999
1140.656999
1140.656999
1140.656999
1140.656999
1140.656999
1140.656999
1140.656999
1140.656999
1140.656999
1140.656999
1140.656999
1140.656999
1140.656999
1140.656999
1140.656999
1140.656999
1140.656999
1140.656999
1140.656999
1140.656999
1140.656999
1140.656999
1140.656999
1140.656999
1140.656999
1140.656999
1140.656999
1140.656999
1140.656999
1140.656999
1140.656999
1140.656999
1140.656999
1140.656999
1140.656999
1140.656999
1140.656999
1140.656999
1140.656999
1140.656999
1140.656999
1140.656999
1140.656999
1140.656999
1140.656999
1140.656999
1140.656999
1140.656999
1140.656999
1140.656999
1140.656999
1140.656999
1140.656999
1140.656999
1140.656999
1140.656999
1140.656999
1140.656999
1140.656999
1140.656999
1140.656999
1140.656999
1140.656999
1140.656999
1140.656999
1140.656999
1140.656999
1140.656999
1140.656999
1140.656999
1140.439759
1140.439759
1140.439759
1140.439759
1140.439759
1140.439759
1140.439759
1140.439759
1140.439759
1140.439759
1140.439759
1140.439759
1140.439759
1140.439759
1140.439759
1140.439759
1140.439759
1140.439759
1140.439759
1140.439759
1140.439759
1140.439759
1140.439759
1140.439759
1140.439759
1140.439759
1140.439759
1140.439759
1140.439759
1140.439759
1140.439759
1140.439759
1140.439759
1140.439759
1140.439759
1140.439759
1140.439759
1140.439759
1140.439759
1140.439759
1140.439759
1140.439759
1140.439759
1140.439759
1140.439759
1140.291420
1140.291420
1140.291420
1140.291420
1140.291420
1140.291420
1140.291420
1140.291420
1140.291420
1140.291420
1140.291420
1140.291420
1140.291420
1140.291420
1140.291420
1140.291420
1140.291420
1140.291420
1140.291420
1140.291420
1140.291420
1140.291420
1140.291420
1140.291420
1140.291420
1140.291420
1140.291420
1140.291420
1140.291420
1140.291420
1140.291420
1140.291420
1140.291420
1140.291420
1140.291420
1140.291420
1140.291420
1140.291420
1140.291420
1140.291420
1140.291420
1140.291420
1140.291420
1140.291420
1140.291420
1140.291420
1140.291420
1140.291420
1140.291420
1140.291420
1140.291420
1140.291420
1140.291420
1140.291420
1140.291420
1140.291420
1140.291420
1140.291420
1140.291420
1140.291420
1140.291420
1140.291420
1140.291420
1140.291420
1140.291420
1140.291420
1140.291420
1140.291420
1140.291420
1140.291420
1140.291420
1139.974969
1139.974969
1139.974969
1139.974969
1139.974969
1139.974969
1139.974969
1139.974969
1139.974969
1139.974969
1139.974969
1139.974969
1139.974969
1139.974969
1139.974969
1139.974969
1139.974969
1139.974969
1139.974969
1139.974969
1139.974969
1139.974969
1139.974969
1139.974969
1139.974969
1139.974969
1139.974969
1139.974969
1139.974969
1139.974969
1139.974969
1139.974969
1139.974969
1139.974969
1139.974969
1139.974969
1139.974969
1139.974969
1139.974969
1139.974969
1139.974969
1139.974969
1139.974969
1139.974969
1139.974969
1139.974969
1139.974969
1139.974969
1139.974969
1139.974969
1139.974969
1139.974969
1139.974969
1139.974969
1139.974969
1139.974969
1139.974969
1139.974969
1139.974969
1139.974969
1139.974969
1139.974969
1139.974969
1139.974969
1139.974969
1139.974969
1139.974969
1139.974969
1139.974969
1139.974969
1139.974969
1139.974969
1139.974969
1139.974969
1139.974969
1139.974969
1139.974969
1139.974969
1139.974969
1139.974969
1139.974969
1139.974969
1139.974969
1139.974969
1139.974969
1139.974969
1139.974969
1139.974969
1139.974969
1139.974969
1139.974969
1139.974969
1139.974969
1139.974969
1139.974969
1139.974969
1139.974969
1139.974969
1139.974969
1139.974969
1139.974969
1139.974969
1139.974969
1139.974969
1139.974969
1139.974969
1139.974969
1139.974969
1139.974969
1139.974969
1139.974969
1139.974969
1139.974969
1139.974969
1139.974969
1139.974969
1139.974969
1139.974969
1139.974969
1139.974969
1139.974969
1139.974969
1139.974969
1139.974969
1139.974969
1139.974969
1139.974969
1139.974969
1139.974969
1139.974969
1139.974969
1139.974969
1139.974969
1139.974969
1139.974969
1139.974969
1139.974969
1139.974969
1139.974969
1139.974969
1139.974969
1139.974969
1139.974969
1139.974969
1139.974969
1139.974969
1139.974969
1139.974969
1139.974969
1139.974969
1139.974969
1139.974969
1139.974969
1139.974969
1139.974969
1139.974969
1139.974969
1139.974969
1139.974969
1139.974969
1139.974969
1139.974969
1139.974969
1139.974969
1139.974969
1139.974969
1139.974969
1139.974969
1139.974969
1139.974969
1139.974969
1139.974969
1139.974969
1139.974969
1139.974969
1139.974969
1139.974969
1139.974969
1139.974969
1139.974969
1139.974969
1139.974969
1139.974969
1139.974969
1139.974969
1139.974969
1139.974969
1139.974969
1139.974969
1139.974969
1139.974969
1139.974969
1139.974969
1139.974969
1139.974969
1139.974969
1139.974969
1139.974969
1139.974969
1139.974969
1139.974969
1139.974969
1139.974969
1139.974969
1139.974969
1139.974969
1139.974969
1139.974969
1139.974969
1139.974969
1139.974969
1139.974969
1139.974969
1139.974969
1139.974969
1139.974969
1139.974969
1139.974969
1139.974969
1139.974969
1139.974969
1139.974969
1139.974969
1139.974969
1139.974969
1139.974969
1139.974969
1139.974969
1139.974969
1139.974969
1139.974969
1139.974969
1139.974969
1139.974969
1139.974969
1139.974969
1139.974969
1139.974969
1139.974969
1139.974969
1139.974969
1139.974969
1139.974969
1139.974969
1139.974969
1139.974969
1139.974969
1139.974969
1139.974969
1139.974969
1139.974969
1139.974969
1139.974969
1139.974969
1139.974969
1139.974969
1139.974969
1139.974969
1139.974969
1139.974969
1139.974969
1139.974969
1139.974969
1139.974969
1139.974969
1139.974969
1139.974969
1139.974969
1139.974969
1139.974969
1139.974969
1139.974969
1139.974969
1139.974969
1139.974969
1139.974969
1139.974969
1139.974969
1139.974969
1139.974969
1139.974969
1139.974969
1139.974969
1139.974969
1139.974969
1139.974969
1139.974969
1139.974969
1139.974969
1139.974969
1139.974969
1139.974969
1139.974969
1139.974969
1139.974969
1139.974969
1139.974969
1139.952530
1139.952530
1139.952530
1139.952530
1139.952530
1139.952530
1139.952530
1139.952530
1139.952530
1139.952530
1139.952530
1139.952530
1139.952530
1139.952530
1139.952530
1139.952530
1139.952530
1139.952530
1139.952530
1139.952530
1139.952530
1139.952530
1139.952530
1139.952530
1139.952530
1139.952530
1139.952530
1139.952530
1139.952530
1139.952530
1139.952530
1139.952530
1139.952530
1139.952530
1139.952530
1139.952530
1139.952530
1139.952530
1139.952530
1139.952530
1139.952530
1139.952115
1139.952115
1139.952115
1139.952115
1139.952115
1139.952115
1139.952115
1139.952115
1139.952115
1139.952115
1139.952115
1139.952115
1139.952115
1139.952115
1139.952115
1139.952115
1139.952115
1139.952115
1139.952115
1139.952115
1139.952115
1139.952115
1139.952115
1139.952115
1139.952115
1139.952115
1139.952115
1139.952115
1139.952115
1139.952115
1139.952115
1139.952115
1139.952115
1139.952115
1139.952115
1139.952115
1139.952115
1139.952115
1139.952115
1139.952115
1139.952115
1139.952115
1139.952115
1139.952115
1139.952115
1139.952115
1139.952115
1139.952115
1139.952115
1139.952115
1139.952115
1139.952115
1139.952115
1139.952115
1139.952115
1139.952115
1139.952115
1139.952115
1139.952115
1139.952115
1139.952115
1139.952115
1139.952115
1139.952115
1139.952115
1139.952115
1139.952115
1139.952115
1139.952115
1139.950220
1139.950220
1139.950220
1139.950220
1139.950220
1139.950220
1139.950220
1139.950220
1139.837255
1139.837255
1139.837255
1139.837255
1139.837255
1139.837255
1139.837255
1139.837255
1139.822062
1139.822062
1139.822062
1139.822062
1139.822062
1139.822062
1139.822062
1139.822062
1139.822062
1139.822062
1139.822062
1139.822062
1139.822062
1139.822062
1139.822062
1139.822062
1139.822062
1139.822062
1139.822062
1139.822062
1139.822062
1139.822062
1139.822062
1139.822062
1139.822062
1139.822062
1139.815457
1139.815457
1139.815457
1139.815457
1139.815457
1139.815457
1139.815457
1139.815457
1139.815457
1139.815457
1139.756074
1139.756074
1139.756074
1139.756074
1139.645491
1139.645491
1139.645491
1139.645491
1139.645491
1139.645491
1139.645491
1139.645491
1139.645491
1139.645491
1139.645491
1139.645491
1139.645491
1139.645491
1139.645491
1139.645491
1139.645491
1139.645491
1139.645491
1139.645491
1139.645491
1139.645491
1139.645491
1139.645491
1139.626852
1139.626852
1139.626852
1139.626852
1139.626852
1139.626852
1139.626852
1139.626852
1139.626852
1139.626852
1139.626852
1139.626852
1139.626852
1139.626852
1139.626852
1139.626852
1139.626852
1139.527249
1139.527249
1139.527249
1139.527249
1139.527249
1139.527249
1139.527249
1139.527249
1139.527249
1139.527249
1139.527249
1139.527249
1139.527249
1139.527249
1139.527249
1139.527249
1139.527249
1139.527249
1139.527249
1139.527249
1139.527249
1139.527249
1139.527249
1139.527249
1139.527249
1139.527249
1139.527249
1139.527249
1139.527249
1139.527249
1139.527249
1139.527249
1139.527249
1139.527249
1139.527249
1139.527249
1139.527249
1139.527249
1139.527249
1139.527249
1139.527249
1139.527249
1139.527249
1139.527249
1139.527249
1139.527249
1139.527249
1139.527249
1139.527249
1139.527249
1139.527249
1139.527249
1139.527249
1139.527249
1139.527249
1139.527249
1139.527249
1139.527249
1139.527249
1139.527249
1139.527249
1139.527249
1139.527249
1139.527249
1139.527249
1139.527249
1139.527249
1139.527249
1139.527249
1139.527249
1139.527249
1139.527249
1139.527249
1139.527249
1139.527249
1139.527249
1139.527249
1139.527249
1139.527249
1139.527249
1139.527249
1139.527249
1139.527249
1139.527249
1139.527249
1139.527249
1139.527249
1139.527249
1139.527249
1139.527249
1139.527249
1139.527249
1139.527249
1139.527249
1139.527249
1139.527249
1139.527249
1139.527249
1139.527249
1139.527249
1139.527249
1139.527249
1139.527249
1139.527249
1139.527249
1139.527249
1139.527249
1139.527249
1139.527249
1139.527249
1139.527249
1139.527249
1139.527249
1139.527249
1139.500247
1139.500247
1139.500247
1139.500247
1139.500247
1139.500247
1139.500247
1139.500247
1139.500247
1139.500247
1139.500247
1139.500247
1139.500247
1139.500247
1139.500247
1139.500247
1139.500247
1139.500247
1139.500247
1139.500247
1139.500247
1139.500247
1139.500247
1139.500247
1139.500247
1139.500247
1139.500247
1139.500247
1139.500247
1139.500247
1139.500247
1139.500247
1139.500247
1139.500247
1139.500247
1139.500247
1139.500247
1139.500247
1139.500247
1139.500247
1139.500247
1139.500247
1139.500247
1139.500247
1139.500247
1139.500247
1139.500247
1139.500247
1139.500247
1139.500247
1139.500247
1139.500247
1139.500247
1139.500247
1139.500247
1139.500247
1139.500247
1139.500247
1139.500247
1139.500247
1139.500247
1139.500247
1139.500247
1139.500247
1139.500247
1139.500247
1139.500247
1139.500247
1139.500247
1139.500247
1139.500247
1139.500247
1139.500247
1139.500247
1139.500247
1139.496604
1139.484309
1139.484309
1139.484309
1139.484309
1139.484309
1139.484309
1139.484309
1139.484309
1139.484309
1139.484309
1139.484309
1139.484309
1139.484309
1139.484309
1139.484309
1139.484309
1139.484309
1139.484309
1139.484309
1139.484309
1139.484309
1139.480047
1139.480047
1139.480047
1139.480047
1139.480047
1139.480047
1139.480047
1139.480047
1139.422105
1139.422105
1139.422105
1139.422105
1139.422105
1139.422105
1139.422105
1139.422105
1139.422105
1139.422105
1139.422105
1139.422105
1139.422105
1139.422105
1139.422105
1139.422105
1139.422105
1139.422105
1139.422105
1139.422105
1139.422105
1139.422105
1139.422105
1139.422105
1139.422105
1139.422105
1139.422105
1139.422105
1139.422105
1139.422105
1139.422105
1139.422105
1139.422105
1139.422105
1139.422105
1139.422105
1139.422105
1139.422105
1139.422105
1139.422105
1139.422105
1139.422105
1139.384489
1139.384489
1139.384489
1139.384489
1139.384489
1139.384489
1139.384489
1139.384489
1139.384489
1139.384489
1139.384489
1139.384489
1139.384489
1139.384489
1139.384489
1139.384489
1139.384489
1139.384489
1139.384489
1139.384489
1139.384489
1139.366174
1139.366174
1139.366174
1139.366174
1139.366174
1139.366174
1139.366174
1139.366174
1139.366174
1139.366174
1139.366174
1139.366174
1139.366174
1139.366174
1139.366174
1139.366174
1139.366174
1139.366174
1139.366174
1139.366174
1139.366174
1139.366174
1139.366174
1139.366174
1139.366174
1139.366174
1139.366174
1139.366174
1139.366174
1139.366174
1139.366174
1139.366174
1139.366174
1139.366174
1139.366174
1139.366174
1139.366174
1139.366174
1139.366174
1139.366174
1139.366174
1139.366174
1139.366174
1139.366174
1139.366174
1139.366174
1139.366174
1139.366174
1139.366174
1139.366174
1139.366174
1139.366174
1139.366174
1139.366174
1139.366174
1139.366174
1139.366174
1139.366174
1139.366174
1139.366174
1139.366174
1139.366174
1139.366174
1139.366174
1139.366174
1139.274700
1139.274700
1139.274700
1139.274700
1139.274700
1139.274700
1139.274700
1139.274700
1139.274700
1139.274700
1139.274700
1139.274700
1139.274700
1139.274700
1139.274700
1139.274700
1139.274700
1139.274700
1139.274700
1139.274700
1139.274700
1139.274700
1139.274700
1139.274700
1139.274700
1139.274700
1139.274700
1139.274700
1139.274700
1139.274700
1139.274700
1139.274700
1139.274700
1139.274700
1139.274700
1139.274700
1139.274700
1139.274700
1139.272958
1139.272958
1139.272958
1139.272958
1139.272958
1139.272958
1139.272958
1139.272958
1139.272958
1139.272958
1139.272958
1139.272958
1139.272958
1139.272958
1139.272958
1139.272958
1139.272958
1139.272958
1139.272958
1139.272958
1139.272958
1139.200307
1139.200307
1139.200307
1139.200307
1139.200307
1139.200307
1139.200307
1139.200307
1139.200307
1139.200307
1139.200307
1139.200307
1139.200307
1139.200307
1139.200307
1139.200307
1139.200307
1139.200307
1139.200307
1139.200307
1139.200307
1139.200307
1139.200307
1139.200307
1139.200307
1139.200307
1139.200307
1139.200307
1139.200307
1139.200307
1139.200307
1139.200307
1139.200307
1139.200307
1139.200307
1139.200307
1139.200307
1139.200307
1139.200307
1139.200307
1139.200307
1139.200307
1139.200307
1139.200307
1139.200307
1139.200307
1139.200307
1139.200307
1139.200307
1139.200307
1139.200307
1139.200307
1139.200307
1139.200307
1139.200307
1139.200307
1139.200307
1139.200307
1139.200307
1139.200307
1139.200307
1139.200307
1139.200307
1139.200307
1139.200307
1139.200307
1139.200307
1139.200307
1139.200307
1139.200307
1139.200307
1139.200307
1139.200307
1139.200307
1139.200307
1139.200307
1139.200307
1139.144983
1139.144983
1139.144983
1139.144983
1139.144983
1139.144983
1139.144983
1139.144983
1139.144983
1139.144983
1139.144983
1139.144983
1139.144983
1139.144983
1139.144983
1139.144983
1139.144983
1139.144983
1139.144983
1139.144983
1139.144983
1139.144983
1139.144983
1139.144983
1139.144983
1139.144983
1139.144983
1139.144983
1139.144983
1139.144983
1139.144983
1139.144983
1139.144983
1139.144983
1139.144983
1139.144983
1139.144983
1139.144983
1139.144983
1139.144983
1139.144983
1139.144983
1139.144983
1139.144983
1139.144983
1139.144983
1139.144983
1139.144983
1139.101865
1139.101865
1139.101865
1139.101865
1139.101865
1139.101865
1139.101865
1139.101865
1139.101865
1139.101865
1139.101865
1139.101865
1139.101865
1139.101865
1139.101865
1139.101865
1139.101865
1139.101865
1139.101865
1139.101865
1139.101865
1139.101865
1139.101865
1139.101865
1139.101865
1139.101865
1139.101865
1139.101865
1139.101865
1139.101865
1139.101865
1139.101865
1139.101865
1139.101865
1139.101865
1139.101865
1139.101865
1139.101865
1139.101865
1139.101865
1139.101865
1139.101865
1139.101865
1139.101865
1139.101865
1139.101865
1139.101865
1139.101865
1139.101865
1139.101865
1139.032601
1139.032601
1139.032601
1139.032601
1139.032601
1139.032601
1139.032601
1139.032601
1139.032601
1139.032601
1139.032601
1139.032601
1139.032601
1139.032601
1139.032601
1139.032601
1139.032601
1139.032601
1139.032601
1139.032601
1139.032601
1139.032601
1139.032601
1139.032601
1139.032601
1139.032601
1139.032601
1139.032601
1139.032601
1139.032601
1139.032601
1139.032601
1139.032601
1139.032601
1139.020497
1139.020497
1139.020497
1139.020497
1139.020497
1139.020497
1139.020497
1139.020497
1139.020497
1139.020497
1139.020497
1139.020497
1139.020497
1139.020497
1139.020497
1139.020497
1139.020497
1139.020497
1139.020497
1139.020497
1139.020497
1139.020497
1139.020497
1139.020497
1139.020497
1139.020497
1139.020497
1139.020497
1139.020497
1139.020497
1139.020497
1139.020497
1139.020497
1139.020497
1139.020497
1139.020497
1139.020497
1139.020497
1139.020497
1139.020497
1139.020497
1139.020497
1139.020497
1139.020497
1139.020497
1139.020497
1139.020497
1139.020497
1139.020497
1139.020497
1139.020497
1139.020497
1138.910428
1138.910428
1138.910428
1138.910428
1138.910428
1138.910428
1138.910428
1138.910428
1138.910428
1138.910428
1138.910428
1138.910428
1138.910428
1138.910428
1138.910428
1138.910428
1138.910428
1138.910428
1138.910428
1138.910428
1138.910428
1138.910428
1138.910428
1138.910428
1138.910428
1138.910428
1138.910428
1138.910428
1138.910428
1138.910428
1138.910428
1138.910428
1138.910428
1138.910428
1138.910428
1138.910428
1138.910428
1138.910428
1138.910428
1138.910428
1138.910428
1138.910428
1138.910428
1138.910428
1138.910428
1138.910428
1138.910428
1138.910428
1138.910428
1138.910428
1138.910428
1138.910428
1138.910428
1138.910428
1138.910428
1138.910428
1138.910428
1138.910428
1138.910428
1138.910428
1138.910428
1138.910428
1138.910428
1138.910428
1138.910428
1138.910428
1138.910428
1138.910428
1138.910428
1138.895271
1138.895271
1138.895271
1138.895271
1138.895271
1138.895271
1138.895271
1138.895271
1138.895271
1138.895271
1138.895271
1138.895271
1138.895271
1138.895271
1138.895271
1138.895271
1138.886619
1138.886619
1138.886619
1138.886619
1138.886619
1138.886619
1138.886619
1138.886619
1138.886619
1138.886619
1138.886619
1138.886619
1138.886619
1138.886619
1138.886619
1138.886619
1138.886619
1138.886619
1138.886619
1138.886619
1138.886619
1138.886619
1138.886619
1138.886619
1138.886619
1138.886619
1138.886619
1138.886619
1138.886619
1138.886619
1138.886619
1138.835358
1138.835358
1138.835358
1138.835358
1138.835358
1138.835358
1138.835358
1138.835358
1138.835358
1138.835358
1138.835358
1138.835358
1138.835358
1138.835358
1138.835358
1138.835358
1138.835358
1138.835358
1138.835358
1138.835358
1138.835358
1138.835358
1138.835358
1138.835358
1138.835358
1138.835358
1138.835358
1138.835358
1138.835358
1138.835358
1138.835358
1138.835358
1138.835358
1138.835358
1138.835358
1138.835358
1138.835358
1138.835358
1138.835358
1138.835358
1138.835358
1138.835358
1138.835358
1138.835358
1138.835358
1138.835358
1138.835358
1138.835358
1138.835358
1138.835358
1138.835358
1138.835358
1138.835358
1138.835358
1138.835358
1138.835358
1138.835358
1138.835358
1138.835358
1138.835358
1138.835358
1138.835358
1138.835358
1138.835358
1138.835358
1138.835358
1138.835358
1138.835358
1138.835358
1138.835358
1138.835358
1138.835358
1138.835358
1138.835358
1138.835358
1138.835358
1138.835358
1138.835358
1138.835358
1138.835358
1138.835358
1138.779818
1138.779818
1138.779818
1138.779818
1138.779818
1138.779818
1138.779818
1138.779818
1138.779818
1138.779818
1138.779818
1138.779818
1138.779818
1138.779818
1138.779818
1138.779818
1138.779818
1138.779818
1138.779818
1138.779818
1138.779818
1138.779818
1138.779818
1138.779818
1138.779818
1138.779818
1138.779818
1138.779818
1138.779818
1138.697118
1138.697118
1138.697118
1138.697118
1138.697118
1138.697118
1138.697118
1138.697118
1138.697118
1138.697118
1138.697118
1138.697118
1138.697118
1138.697118
1138.697118
1138.697118
1138.697118
1138.683103
1138.683103
1138.683103
1138.683103
1138.683103
1138.683103
1138.683103
1138.683103
1138.683103
1138.683103
1138.683103
1138.683103
1138.683103
1138.683103
1138.683103
1138.683103
1138.683103
1138.683103
1138.683103
1138.683103
1138.683103
1138.683103
1138.683103
1138.683103
1138.683103
1138.683103
1138.683103
1138.683103
1138.683103
1138.683103
1138.683103
1138.683103
1138.683103
1138.683103
1138.683103
1138.683103
1138.683103
1138.683103
1138.683103
1138.683103
1138.683103
1138.683103
1138.683103
1138.683103
1138.683103
1138.683103
1138.683103
1138.683103
1138.683103
1138.683103
1138.683103
1138.683103
1138.683103
1138.683103
1138.681766
1138.681388
1138.681388
1138.681388
1138.681388
1138.681388
1138.681388
1138.681388
1138.681388
1138.681388
1138.681388
1138.681388
1138.582686
1138.582686
1138.582686
1138.582686
1138.582686
1138.582686
1138.582686
1138.582686
1138.582686
1138.582686
1138.582686
1138.582686
1138.582686
1138.582686
1138.582686
1138.582686
1138.582686
1138.582686
1138.582686
1138.582686
1138.582686
1138.578939
1138.578939
1138.578939
1138.578939
1138.578939
1138.578939
1138.578939
1138.578939
1138.578939
1138.578939
1138.578939
1138.578939
1138.578939
1138.578939
1138.578939
1138.578939
1138.578939
1138.578939
1138.578939
1138.578939
1138.578939
1138.578939
1138.578939
1138.578939
1138.578939
1138.578939
1138.578939
1138.578939
1138.578939
1138.578939
1138.578939
1138.578939
1138.536722
1138.536722
1138.536722
1138.536722
1138.536722
1138.536722
1138.536722
1138.536722
1138.536722
1138.536722
1138.536722
1138.536722
1138.536722
1138.536722
1138.536722
1138.536722
1138.536722
1138.536722
1138.536722
1138.536722
1138.536722
1138.536722
1138.536722
1138.536722
1138.536722
1138.536722
1138.536722
1138.530653
1138.530653
1138.530653
1138.530653
1138.530653
1138.530653
1138.530653
1138.530653
1138.530653
1138.530653
1138.530653
1138.530653
1138.530653
1138.530653
1138.530653
1138.530653
1138.530653
1138.530653
1138.530653
1138.530653
1138.530653
1138.530653
1138.530653
1138.530653
1138.446168
1138.446168
1138.446168
1138.446168
1138.446168
1138.446168
1138.446168
1138.446168
1138.446168
1138.446168
1138.446168
1138.446168
1138.446168
1138.446168
1138.446168
1138.446168
1138.446168
1138.446168
1138.446168
1138.446168
1138.446168
1138.446168
1138.446168
1138.446168
1138.446168
1138.446168
1138.344062
1138.344062
1138.344062
1138.344062
1138.344062
1138.344062
1138.344062
1138.344062
1138.344062
1138.344062
1138.344062
1138.344062
1138.344062
1138.344062
1138.344062
1138.344062
1138.344062
1138.344062
1138.344062
1138.344062
1138.344062
1138.344062
1138.344062
1138.344062
1138.344062
1138.344062
1138.344062
1138.344062
1138.344062
1138.344062
1138.344062
1138.344062
1138.324419
1138.324419
1138.324419
1138.324419
1138.324419
1138.324419
1138.324419
1138.324419
1138.324419
1138.324419
1138.324419
1138.324419
1138.324419
1138.324419
1138.324419
1138.324419
1138.324419
1138.324419
1138.324419
1138.324419
1138.324419
1138.324419
1138.324419
1138.324419
1138.324419
1138.324419
1138.324419
1138.324419
1138.324419
1138.324419
1138.324419
1138.324419
1138.324419
1138.324419
1138.324419
1138.324419
1138.324419
1138.324419
1138.324419
1138.324419
1138.324419
1138.324419
1138.324419
1138.324419
1138.324419
1138.324419
1138.324419
1138.324419
1138.324419
1138.324419
1138.324419
1138.324419
1138.324419
1138.324419
1138.324419
1138.324419
1138.324419
1138.324419
1138.324419
1138.324419
1138.324419
1138.064430
1138.064430
1138.064430
1138.064430
1138.064430
1138.064430
1138.064430
1138.064430
1138.064430
1138.064430
1138.064430
1138.064430
1138.064430
1138.064430
1138.064430
1138.064430
1138.064430
1138.064430
1138.064430
1138.064430
1138.064430
1138.064430
1138.064430
1138.064430
1138.064430
1138.064430
1138.064430
1138.064430
1138.064430
1138.064430
1138.064430
1137.949621
1137.949621
1137.949621
1137.949621
1137.949621
1137.949621
1137.949621
1137.949621
1137.949621
1137.949621
1137.949621
1137.949621
1137.949621
1137.949621
1137.949621
1137.949621
1137.949621
1137.949621
1137.949621
1137.949621
1137.949621
1137.949621
1137.949621
1137.949621
1137.949621
1137.949621
1137.949621
1137.949621
1137.949621
1137.949621
1137.949621
1137.949621
1137.949621
1137.949621
1137.949621
1137.949621
1137.949621
1137.949621
1137.949621
1137.949621
1137.949621
1137.949621
1137.949621
1137.949621
1137.949621
1137.949621
1137.949621
1137.949621
1137.949621
1137.949621
1137.949621
1137.949621
1137.949621
1137.949621
1137.949621
1137.949621
1137.949621
1137.949621
1137.949621
1137.949621
1137.949621
1137.949621
1137.949621
1137.949621
1137.949621
1137.949621
1137.949621
1137.949621
1137.949621
1137.949621
1137.949621
1137.949621
1137.949621
1137.949621
1137.949621
1137.949621
1137.949621
1137.949621
1137.949621
1137.949621
1137.949621
1137.949621
1137.949621
1137.949621
1137.949621
1137.949621
1137.949621
1137.949621
1137.949621
1137.949621
1137.949621
1137.949621
1137.949621
1137.949621
1137.949621
1137.949621
1137.949621
1137.949621
1137.949621
1137.949621
1137.949621
1137.949621
1137.949621
1137.949621
1137.949621
1137.949621
1137.949621
1137.949621
1137.949621
1137.949621
1137.949621
1137.949621
1137.949621
1137.949621
1137.949621
1137.949621
1137.949621
1137.949621
1137.949621
1137.949621
1137.949621
1137.949621
1137.949621
1137.949621
1137.949621
1137.949621
1137.949621
1137.949621
1137.949621
1137.949621
1137.949621
1137.949621
1137.949621
1137.949621
1137.949621
1137.949621
1137.949621
1137.949621
1137.949621
1137.949621
1137.949621
1137.949621
1137.949621
1137.949621
1137.949621
1137.949621
1137.949621
1137.949621
1137.949621
1137.949621
1137.949621
1137.949621
1137.949621
1137.949621
1137.949621
1137.949621
1137.949621
1137.949621
1137.949621
1137.949621
1137.949621
1137.949621
1137.949621
1137.949621
1137.949621
1137.949621
1137.949621
1137.949621
1137.949621
1137.949621
1137.949621
1137.949621
1137.949621
1137.949621
1137.949621
1137.949621
1137.949621
1137.949621
1137.949621
1137.949621
1137.949621
1137.949621
1137.949621
1137.879156
1137.879156
1137.879156
1137.879156
1137.879156
1137.879156
1137.879156
1137.879156
1137.879156
1137.879156
1137.879156
1137.879156
1137.879156
1137.879156
1137.879156
1137.879156
1137.879156
1137.879156
1137.879156
1137.879156
1137.879156
1137.879156
1137.879156
1137.879156
1137.879156
1137.879156
1137.879156
1137.879156
1137.879156
1137.879156
1137.879156
1137.879156
1137.879156
1137.879156
1137.879156
1137.879156
1137.879156
1137.879156
1137.879156
1137.879156
1137.879156
1137.879156
1137.834810
1137.834810
1137.834810
1137.834810
1137.834810
1137.834810
1137.834810
1137.834810
1137.834810
1137.834810
1137.834810
1137.834810
1137.834810
1137.834810
1137.834810
1137.834810
1137.834810
1137.834810
1137.834810
1137.834810
1137.834810
1137.834810
1137.834810
1137.834810
1137.834810
1137.756488
1137.756488
1137.756488
1137.756488
1137.756488
1137.756488
1137.756488
1137.756488
1137.756488
1137.756488
1137.756488
1137.756488
1137.756488
1137.756488
1137.756488
1137.756488
1137.756488
1137.756488
1137.756488
1137.756488
1137.756488
1137.756488
1137.756488
1137.756488
1137.756488
1137.756488
1137.756488
1137.756488
1137.756488
1137.756488
1137.756488
1137.756488
1137.756488
1137.756488
1137.756488
1137.756488
1137.756488
1137.756488
1137.756488
1137.756488
1137.756488
1137.756488
1137.756488
1137.756488
1137.756488
1137.756488
1137.756488
1137.756488
1137.756488
1137.756488
1137.756488
1137.756488
1137.756488
1137.756488
1137.756488
1137.756488
1137.756488
1137.728170
1137.728170
1137.728170
1137.728170
1137.728170
1137.728170
1137.728170
1137.728170
1137.728170
1137.728170
1137.728170
1137.728170
1137.728170
1137.728170
1137.728170
1137.728170
1137.728170
1137.728170
1137.728170
1137.728170
1137.728170
1137.728170
1137.728170
1137.728170
1137.728170
1137.728170
1137.728170
1137.728170
1137.728170
1137.728170
1137.728170
1137.728170
1137.728170
1137.728170
1137.728170
1137.728170
1137.728170
1137.728170
1137.728170
1137.728170
1137.682350
1137.682350
1137.682350
1137.682350
1137.682350
1137.645714
1137.645714
1137.645714
1137.645714
1137.645714
1137.645714
1137.645714
1137.645714
1137.645714
1137.645714
1137.645714
1137.645714
1137.645714
1137.645714
1137.645714
1137.645714
1137.645714
1137.645714
1137.645714
1137.645714
1137.645714
1137.584704
1137.584704
1137.584704
1137.584704
1137.584704
1137.584704
1137.584704
1137.584704
1137.584704
1137.584704
1137.584704
1137.584704
1137.584704
1137.584704
1137.584704
1137.584704
1137.584704
1137.584704
1137.584704
1137.584704
1137.584704
1137.584704
1137.584704
1137.584704
1137.584704
1137.584704
1137.584704
1137.584704
1137.584704
1137.584704
1137.584704
1137.584704
1137.584704
1137.584704
1137.584704
1137.584704
1137.584704
1137.584704
1137.584704
1137.584704
1137.584704
1137.584704
1137.584704
1137.584704
1137.584704
1137.584704
1137.584704
1137.584704
1137.584704
1137.584704
1137.584704
1137.584704
1137.584704
1137.584704
1137.584704
1137.584704
1137.584704
1137.584704
1137.584704
1137.584704
1137.584704
1137.584704
1137.584704
1137.584704
1137.584704
1137.584704
1137.584704
1137.584704
1137.584704
1137.584704
1137.584704
1137.584704
1137.584704
1137.584704
1137.584704
1137.584704
1137.584704
1137.584704
1137.584704
1137.584704
1137.584704
1137.584704
1137.584704
1137.556359
1137.556359
1137.556359
1137.556359
1137.556359
1137.556359
1137.556359
1137.556359
1137.556359
1137.556359
1137.556359
1137.556359
1137.556359
1137.497832
1137.497832
1137.497832
1137.497832
1137.497832
1137.497832
1137.497832
1137.497832
1137.497832
1137.497832
1137.497832
1137.497832
1137.497832
1137.497832
1137.497832
1137.497832
1137.497832
1137.497832
1137.497832
1137.497832
1137.497832
1137.497832
1137.497832
1137.497832
1137.497832
1137.497832
1137.497832
1137.497832
1137.497832
1137.497832
1137.480917
1137.480917
1137.480917
1137.480917
1137.480917
1137.480917
1137.421559
1137.421559
1137.421559
1137.421559
1137.421559
1137.421559
1137.421559
1137.421559
1137.421559
1137.421559
1137.421559
1137.421559
1137.421559
1137.421559
1137.421559
1137.421559
1137.421559
1137.421559
1137.421559
1137.421559
1137.421559
1137.421559
1137.421559
1137.421559
1137.421559
1137.421559
1137.421559
1137.421559
1137.421559
1137.421559
1137.421559
1137.421559
1137.421559
1137.421559
1137.421559
1137.421559
1137.421559
1137.421559
1137.421559
1137.421559
1137.421559
1137.421559
1137.421559
1137.373284
1137.373284
1137.373284
1137.373284
1137.373284
1137.373284
1137.373284
1137.373284
1137.373284
1137.373284
1137.373284
1137.373284
1137.373284
1137.373284
1137.373284
1137.373284
1137.373284
1137.373284
1137.373284
1137.373284
1137.373284
1137.373284
1137.373284
1137.373284
1137.373284
1137.373284
1137.373284
1137.373284
1137.373284
1137.373284
1137.373284
1137.373284
1137.373284
1137.373284
1137.373284
1137.373284
1137.373284
1137.373284
1137.373284
1137.373284
1137.373284
1137.373284
1137.373284
1137.373284
1137.373284
1137.373284
1137.373284
1137.373284
1137.373284
1137.373284
1137.373284
1137.373284
1137.373284
1137.373284
1137.373284
1137.373284
1137.373284
1137.373284
1137.373284
1137.373284
1137.373284
1137.373284
1137.373284
1137.373284
1137.373284
1137.373284
1137.373284
1137.373284
1137.373284
1137.373284
1137.373284
1137.373284
1137.373284
1137.373284
1137.373284
1137.373284
1137.373284
1137.373284
1137.373284
1137.373284
1137.373284
1137.373284
1137.373284
1137.302154
1137.302154
1137.302154
1137.302154
1137.302154
1137.302154
1137.302154
1137.302154
1137.302154
1137.302154
1137.302154
1137.302154
1137.302154
1137.302154
1137.302154
1137.302154
1137.302154
1137.302154
1137.302154
1137.302154
1137.302154
1137.302154
1137.302154
1137.302154
1137.302154
1137.302154
1137.302154
1137.302154
1137.302154
1137.302154
1137.302154
1137.302154
1137.302154
1137.302154
1137.302154
1137.302154
1137.302154
1137.302154
1137.302154
1137.302154
1137.302154
1137.302154
1137.302154
1137.302154
1137.302154
1137.295094
1137.295094
1137.295094
1137.295094
1137.295094
1137.295094
1137.295094
1137.295094
1137.295094
1137.295094
1137.295094
1137.295094
1137.295094
1137.295094
1137.295094
1137.295094
1137.295094
1137.295094
1137.295094
1137.295094
1137.295094
1137.295094
1137.295094
1137.295094
1137.295094
1137.295094
1137.295094
1137.295094
1137.295094
1137.295094
1137.295094
1137.295094
1137.295094
1137.295094
1137.295094
1137.295094
1137.295094
1137.295094
1137.295094
1137.295094
1137.295094
1137.295094
1137.295094
1137.295094
1137.295094
1137.295094
1137.295094
1137.295094
1137.295094
1137.295094
1137.295094
1137.295094
1137.295094
1137.295094
1137.295094
1137.295094
1137.295094
1137.295094
1137.295094
1137.295094
1137.295094
1137.295094
1137.295094
1137.295094
1137.295094
1137.295094
1137.295094
1137.295094
1137.295094
1137.295094
1137.295094
1137.295094
1137.295094
1137.295094
1137.295094
1137.295094
1137.295094
1137.295094
1137.295094
1137.295094
1137.295094
1137.295094
1137.295094
1137.295094
1137.295094
1137.295094
1137.295094
1137.295094
1137.295094
1137.295094
1137.295094
1137.295094
1137.295094
1137.295094
1137.295094
1137.295094
1137.295094
1137.295094
1137.295094
1137.295094
1137.295094
1137.295094
1137.295094
1137.295094
1137.295094
1137.295094
1137.295094
1137.295094
1137.295094
1137.295094
1137.295094
1137.295094
1137.295094
1137.295094
1137.295094
1137.295094
1137.295094
1137.295094
1137.295094
1137.295094
1137.295094
1137.295094
1137.295094
1137.285980
1137.285980
1137.285980
1137.255410
1137.255410
1137.255410
1137.255410
1137.255410
1137.255410
1137.255410
1137.255410
1137.255410
1137.255410
1137.255410
1137.255410
1137.255410
1137.255410
1137.255410
1137.255410
1137.255410
1137.255410
1137.255410
1137.255410
1137.255410
1137.255410
1137.255410
1137.255410
1137.255410
1137.255410
1137.255410
1137.255410
1137.255410
1137.255410
1137.255410
1137.255410
1137.255410
1137.255410
1137.255410
1137.255410
1137.255410
1137.255410
1137.255410
1137.255410
1137.255410
1137.255410
1137.255410
1137.255410
1137.255410
1137.255410
1137.255410
1137.174750
1137.174750
1137.174750
1137.174750
1137.174750
1137.174750
1137.174750
1137.174750
1137.174750
1137.174750
1137.174750
1137.174750
1137.174750
1137.174750
1137.174750
1137.174750
1137.174750
1137.174750
1137.174750
1137.174750
1137.174750
1137.174750
1137.174750
1137.174750
1137.174750
1137.174750
1137.174750
1137.174750
1137.174750
1137.174750
1137.174750
1137.174750
1137.174750
1137.174750
1137.174750
1137.174750
1137.174750
1137.174750
1137.174750
1137.174750
1137.174750
1137.174750
1137.174750
1137.174750
1137.174750
1137.174750
1137.174750
1137.174750
1137.174750
1137.174750
1137.174750
1137.174750
1137.174750
1137.174750
1137.174750
1137.174750
1137.174750
1137.174750
1137.174750
1137.174750
1137.174750
1137.174750
1137.174750
1137.174750
1137.173602
1137.173602
1137.173602
1137.173602
1137.173602
1137.173602
1137.173602
1137.173602
1137.173602
1137.173602
1137.173602
1137.173602
1137.173602
1137.173602
1137.173602
1137.173602
1137.173602
1137.173602
1137.173602
1137.173602
1137.173602
1137.173602
1137.173602
1137.173602
1137.173602
1137.173602
1137.173602
1137.173602
1137.173602
1137.173602
1137.173602
1137.173602
1137.173602
1137.173602
1137.173602
1137.173602
1137.173602
1137.173602
1137.173602
1137.173602
1137.173602
1137.173602
1137.173602
1137.173602
1137.173602
1137.173602
1137.173602
1137.173602
1137.173602
1137.173602
1137.045252
1137.045252
1137.045252
1137.045252
1137.045252
1137.045252
1137.045252
1137.045252
1137.045252
1137.045252
1137.045252
1137.045252
1137.045252
1137.045252
1137.045252
1137.045252
1137.045252
1137.045252
1137.045252
1137.045252
1137.045252
1137.045252
1137.045252
1137.045252
1137.045252
1137.045252
1137.045252
1137.045252
1137.045252
1137.045252
1137.045252
1137.045252
1137.045252
1137.045252
1137.045252
1137.045252
1137.045252
1137.045252
1137.045252
1137.045252
1137.045252
1137.045252
1137.045252
1137.045252
1137.045252
1137.045252
1137.045252
1137.045252
1137.045252
1137.045252
1137.045252
1137.045252
1137.045252
1137.045252
1137.045252
1137.045252
1137.045252
1137.045252
1137.045252
1137.045252
1137.045252
1137.045252
1137.045252
1137.045252
1137.045252
1137.045252
1137.045252
1137.045252
1137.045252
1137.045252
1137.045252
1137.045252
1137.045252
1137.045252
1137.045252
1137.045252
1137.045252
1137.045252
1137.045252
1137.045252
1137.045252
1137.045252
1137.045252
1137.045252
1137.045252
1137.045252
1137.045252
1137.045252
1137.045252
1137.045252
1137.045252
1137.045252
1137.045252
1137.045252
1137.045252
1137.045252
1137.045252
1137.045252
1137.045252
1137.045252
1137.045252
1137.045252
1137.045252
1137.045252
1137.045252
1137.045252
1137.045252
1137.045252
1137.045252
1137.045252
1137.045252
1137.045252
1137.045252
1137.045252
1137.045252
1137.045252
1137.045252
1137.045252
1137.045252
1137.045252
1137.045252
1137.045252
1137.045252
1137.045252
1137.045252
1137.045252
1137.045252
1137.045252
1137.045252
1137.045252
1137.045252
1137.045252
1137.045252
1137.043687
1137.043687
1137.043687
1137.041123
1137.041123
1137.041123
1137.041123
1137.041123
1137.041123
1137.041123
1137.041123
1137.041123
1137.041123
1137.041123
1137.041123
1137.041123
1137.041123
1137.041123
1137.041123
1137.041123
1137.041123
1137.041123
1137.041123
1137.041123
1137.041123
1137.041123
1137.041123
1137.041123
1137.041123
1137.041123
1137.041123
1137.041123
1137.041123
1137.041123
1137.041123
1137.041123
1137.041123
1137.041123
1137.041123
1137.041123
1137.041123
1137.041123
1137.041123
1137.041123
1137.041123
1137.041123
1137.041123
1137.041123
1137.041123
1137.041123
1137.041123
1137.041123
1137.041123
1137.041123
1137.041123
1137.041123
1137.041123
1137.041123
1137.041123
1137.041123
1137.041123
1137.041123
1137.041123
1137.041123
1137.041123
1137.041123
1137.041123
1137.041123
1137.041123
1137.041123
1137.041123
1137.041123
1137.041123
1137.041123
1137.041123
1137.041123
1137.041123
1137.041123
1137.041123
1137.041123
1137.041123
1137.041123
1137.041123
1137.041123
1137.041123
1137.041123
1137.041123
1137.041123
1137.041123
1137.041123
1136.959496
1136.959496
1136.959496
1136.959496
1136.959496
1136.959496
1136.959496
1136.959496
1136.959496
1136.959496
1136.959496
1136.959496
1136.959496
1136.959496
1136.959496
1136.959496
1136.959496
1136.959496
1136.959496
1136.959496
1136.959496
1136.959496
1136.959496
1136.959496
1136.959496
1136.959496
1136.959496
1136.959496
1136.959496
1136.959496
1136.959496
1136.959496
1136.959496
1136.959496
1136.959496
1136.888536
1136.888536
1136.888536
1136.888536
1136.888536
1136.888536
1136.888536
1136.888536
1136.888536
1136.888536
1136.888536
1136.888536
1136.888536
1136.888536
1136.888536
1136.888536
1136.888536
1136.888536
1136.888536
1136.888536
1136.888536
1136.888536
1136.888536
1136.888536
1136.888536
1136.888536
1136.888536
1136.888536
1136.888536
1136.888536
1136.888536
1136.888536
1136.888536
1136.888536
1136.888536
1136.888536
1136.888536
1136.888536
1136.888536
1136.888536
1136.888536
1136.888536
1136.888536
1136.888536
1136.888536
1136.888536
1136.888536
1136.888536
1136.888536
1136.888536
1136.888536
1136.888536
1136.888536
1136.888536
1136.888536
1136.888536
1136.888536
1136.888536
1136.888536
1136.888536
1136.888536
1136.888536
1136.888536
1136.888536
1136.888536
1136.888536
1136.888536
1136.888536
1136.888536
1136.888536
1136.888536
1136.888536
1136.888536
1136.888536
1136.888536
1136.888536
1136.888536
1136.888536
1136.888536
1136.888536
1136.888536
1136.888536
1136.888536
1136.888536
1136.888536
1136.888536
1136.888536
1136.888536
1136.888536
1136.888536
1136.888536
1136.888536
1136.888536
1136.888536
1136.888536
1136.888536
1136.888536
1136.888536
1136.888536
1136.888536
1136.888536
1136.888536
1136.888536
1136.888536
1136.888536
1136.888536
1136.888536
1136.888536
1136.888536
1136.888536
1136.888536
1136.888536
1136.888536
1136.888536
1136.888536
1136.888536
1136.888536
1136.888536
1136.888536
1136.888536
1136.888536
1136.888536
1136.888536
1136.888536
1136.888536
1136.888536
1136.888536
1136.888536
1136.888536
1136.861349
1136.861349
1136.861349
1136.861349
1136.861349
1136.861349
1136.861349
1136.861349
1136.861349
1136.861349
1136.861349
1136.861349
1136.861349
1136.861349
1136.861349
1136.861349
1136.861349
1136.861349
1136.861349
1136.861349
1136.861349
1136.861349
1136.861349
1136.861349
1136.861349
1136.861349
1136.861349
1136.861349
1136.861349
1136.861349
1136.861349
1136.861349
1136.861349
1136.861349
1136.861349
1136.861349
1136.861349
1136.861349
1136.861349
1136.861349
1136.861349
1136.861349
1136.861349
1136.861349
1136.861349
1136.861349
1136.861349
1136.861349
1136.734512
1136.734512
1136.734512
1136.734512
1136.734512
1136.734512
1136.734512
1136.734512
1136.734512
1136.734512
1136.734512
1136.734512
1136.734512
1136.734512
1136.734512
1136.734512
1136.734512
1136.734512
1136.734512
1136.734512
1136.734512
1136.734512
1136.734512
1136.734512
1136.734512
1136.734512
1136.734512
1136.734512
1136.734512
1136.734512
1136.734512
1136.734512
1136.734512
1136.734512
1136.734512
1136.734512
1136.734512
1136.734512
1136.734512
1136.734512
1136.734512
1136.734512
1136.734512
1136.734512
1136.734512
1136.734512
1136.734512
1136.734512
1136.734512
1136.734512
1136.646614
1136.646614
1136.646614
1136.646614
1136.646614
1136.646614
1136.646614
1136.646614
1136.646614
1136.646614
1136.646614
1136.646614
1136.646614
1136.646614
1136.646614
1136.646614
1136.646614
1136.646614
1136.646614
1136.646614
1136.646614
1136.646614
1136.646614
1136.646614
1136.646614
1136.646614
1136.646614
1136.646614
1136.646614
1136.646614
1136.646614
1136.646614
1136.646614
1136.646614
1136.646614
1136.646614
1136.646614
1136.646614
1136.646614
1136.646614
1136.646614
1136.646614
1136.646614
1136.646614
1136.646614
1136.646614
1136.646614
1136.646614
1136.646614
1136.646614
1136.646614
1136.646614
1136.646614
1136.646614
1136.646614
1136.646614
1136.646614
1136.646614
1136.646614
1136.646614
1136.646614
1136.646614
1136.646614
1136.646614
1136.646614
1136.646614
1136.646614
1136.646614
1136.646614
1136.646614
1136.636488
1136.636488
1136.636488
1136.636488
1136.636488
1136.636488
1136.636488
1136.636488
1136.636488
1136.636488
1136.636488
1136.636488
1136.636488
1136.636488
1136.636488
1136.636488
1136.636488
1136.636488
1136.636488
1136.636488
1136.636488
1136.636488
1136.636488
1136.636488
1136.636488
1136.636488
1136.636488
1136.636488
1136.636488
1136.636488
1136.636488
1136.636488
1136.636488
1136.636488
1136.636488
1136.636488
1136.636488
1136.636488
1136.636488
1136.636488
1136.636488
1136.636488
1136.636488
1136.636488
1136.636488
1136.636488
1136.636488
1136.636488
1136.636488
1136.636488
1136.636488
1136.636488
1136.636488
1136.636488
1136.636488
1136.636488
1136.636488
1136.636488
1136.636488
1136.636488
1136.636488
1136.636488
1136.636488
1136.636488
1136.636488
1136.636488
1136.636488
1136.636488
1136.636488
1136.636488
1136.636488
1136.636488
1136.636488
1136.623208
1136.623208
1136.623208
1136.623208
1136.623208
1136.623208
1136.623208
1136.623208
1136.623208
1136.623208
1136.623208
1136.623208
1136.623208
1136.623208
1136.623208
1136.623208
1136.623208
1136.623208
1136.562124
1136.562124
1136.562124
1136.562124
1136.562124
1136.562124
1136.562124
1136.562124
1136.560011
1136.560011
1136.560011
1136.560011
1136.560011
1136.560011
1136.560011
1136.560011
1136.560011
1136.560011
1136.560011
1136.560011
1136.560011
1136.560011
1136.560011
1136.560011
1136.560011
1136.560011
1136.560011
1136.560011
1136.560011
1136.560011
1136.560011
1136.560011
1136.560011
1136.560011
1136.560011
1136.560011
1136.560011
1136.560011
1136.560011
1136.560011
1136.560011
1136.560011
1136.560011
1136.560011
1136.560011
1136.560011
1136.560011
1136.560011
1136.560011
1136.560011
1136.560011
1136.560011
1136.560011
1136.560011
1136.560011
1136.560011
1136.560011
1136.560011
1136.560011
1136.560011
1136.560011
1136.560011
1136.560011
1136.560011
1136.560011
1136.560011
1136.560011
1136.560011
1136.560011
1136.560011
1136.560011
1136.560011
1136.560011
1136.560011
1136.560011
1136.560011
1136.560011
1136.560011
1136.560011
1136.560011
1136.560011
1136.560011
1136.560011
1136.560011
1136.560011
1136.560011
1136.560011
1136.560011
1136.560011
1136.560011
1136.560011
1136.560011
1136.560011
1136.560011
1136.560011
1136.560011
1136.560011
1136.560011
1136.560011
1136.560011
1136.560011
1136.560011
1136.560011
1136.560011
1136.560011
1136.560011
1136.560011
1136.560011
1136.560011
1136.560011
1136.560011
1136.560011
1136.560011
1136.560011
1136.560011
1136.560011
1136.560011
1136.560011
1136.560011
1136.560011
1136.560011
1136.560011
1136.560011
1136.560011
1136.560011
1136.560011
1136.560011
1136.560011
1136.560011
1136.560011
1136.560011
1136.560011
1136.542180
1136.542180
1136.542180
1136.542180
1136.542180
1136.542180
1136.542180
1136.542180
1136.542180
1136.542180
1136.542180
1136.542180
1136.542180
1136.542180
1136.542180
1136.542180
1136.542180
1136.542180
1136.542180
1136.542180
1136.542180
1136.542180
1136.542180
1136.542180
1136.542180
1136.542180
1136.504729
1136.504729
1136.504729
1136.504729
1136.504729
1136.504729
1136.504729
1136.504729
1136.504729
1136.504729
1136.504729
1136.504729
1136.504729
1136.504729
1136.504729
1136.504729
1136.504729
1136.504729
1136.504729
1136.504729
1136.504729
1136.504729
1136.504729
1136.504729
1136.504729
1136.504729
1136.504729
1136.504729
1136.504729
1136.504729
1136.504729
1136.504729
1136.504729
1136.504729
1136.504729
1136.504729
1136.504729
1136.504729
1136.504729
1136.504729
1136.504729
1136.504729
1136.467447
1136.467447
1136.467447
1136.467447
1136.467447
1136.467447
1136.467447
1136.467447
1136.467447
1136.467447
1136.467447
1136.467447
1136.467447
1136.467447
1136.467447
1136.467447
1136.467447
1136.467447
1136.467447
1136.467447
1136.467447
1136.467447
1136.467447
1136.467447
1136.467447
1136.467447
1136.467447
1136.467447
1136.467447
1136.467447
1136.467447
1136.467447
1136.467447
1136.467447
1136.467447
1136.467447
1136.467447
1136.467447
1136.467447
1136.467447
1136.467447
1136.467447
1136.467447
1136.467447
1136.467447
1136.467447
1136.467447
1136.467447
1136.467447
1136.467447
1136.467447
1136.467447
1136.467447
1136.467447
1136.467447
1136.467447
1136.467447
1136.467447
1136.467447
1136.467447
1136.467447
1136.467447
1136.467447
1136.467447
1136.467447
1136.467447
1136.467447
1136.467447
1136.467447
1136.467447
1136.467447
1136.467447
1136.467447
1136.467447
1136.467447
1136.467447
1136.464205
1136.464205
1136.464205
1136.464205
1136.464205
1136.464205
1136.464205
1136.464205
1136.464205
1136.464205
1136.464205
1136.464205
1136.464205
1136.464205
1136.464205
1136.464205
1136.464205
1136.464205
1136.464205
1136.464205
1136.464205
1136.464205
1136.464205
1136.464205
1136.464205
1136.464205
1136.464205
1136.464205
1136.464205
1136.464205
1136.464205
1136.464205
1136.464205
1136.464205
1136.464205
1136.464205
1136.464205
1136.464205
1136.464205
1136.464205
1136.464205
1136.464205
1136.464205
1136.464205
1136.464205
1136.464205
1136.464205
1136.464205
1136.464205
1136.464205
1136.464205
1136.464205
1136.464205
1136.464205
1136.464205
1136.464205
1136.464205
1136.464205
1136.464205
1136.464205
1136.464205
1136.464205
1136.464205
1136.464205
1136.464205
1136.464205
1136.433389
1136.433389
1136.433389
1136.433389
1136.433389
1136.433389
1136.433389
1136.433389
1136.433389
1136.433389
1136.433389
1136.433389
1136.433389
1136.433389
1136.433389
1136.433389
1136.433389
1136.433389
1136.433389
1136.433389
1136.433389
1136.433389
1136.433389
1136.433389
1136.433389
1136.433389
1136.433389
1136.433389
1136.433389
1136.433389
1136.433389
1136.433389
1136.433389
1136.433389
1136.433389
1136.433389
1136.433389
1136.433389
1136.433389
1136.433389
1136.433389
1136.433389
1136.433389
1136.433389
1136.433389
1136.433389
1136.433389
1136.433389
1136.433389
1136.433389
1136.433389
1136.433389
1136.433389
1136.433389
1136.433389
1136.433389
1136.433389
1136.433389
1136.433389
1136.433389
1136.433389
1136.433389
1136.433389
1136.433389
1136.433389
1136.433389
1136.433389
1136.433389
1136.433389
1136.433389
1136.433389
1136.433389
1136.433389
1136.433389
1136.433389
1136.433389
1136.433389
1136.433389
1136.433389
1136.433389
1136.433389
1136.433389
1136.433389
1136.433389
1136.433389
1136.433389
1136.433389
1136.433389
1136.433389
1136.433389
1136.433389
1136.431740
1136.431740
1136.431740
1136.431740
1136.431740
1136.431740
1136.431740
1136.431740
1136.431740
1136.431740
1136.431740
1136.431740
1136.413545
1136.413545
1136.413545
1136.413545
1136.413545
1136.413545
1136.413545
1136.413545
1136.413545
1136.413545
1136.413545
1136.413545
1136.413545
1136.413545
1136.413545
1136.413545
1136.413545
1136.413545
1136.413545
1136.413545
1136.413545
1136.413545
1136.413545
1136.413545
1136.413545
1136.413545
1136.413545
1136.413545
1136.413545
1136.413545
1136.413545
1136.413545
1136.413545
1136.413545
1136.413545
1136.413545
1136.413545
1136.413545
1136.413545
1136.413545
1136.413545
1136.413545
1136.413545
1136.413545
1136.413545
1136.413545
1136.413545
1136.413545
1136.413545
1136.413545
1136.413545
1136.413545
1136.413545
1136.413545
1136.413545
1136.413545
1136.413545
1136.413545
1136.413545
1136.413545
1136.413545
1136.413545
1136.413545
1136.413545
1136.413545
1136.413545
1136.413545
1136.413545
1136.413545
1136.413545
1136.413545
1136.413545
1136.413545
1136.413545
1136.413545
1136.413545
1136.413545
1136.413545
1136.413545
1136.413545
1136.387555
1136.387555
1136.387555
1136.387555
1136.387555
1136.387555
1136.387555
1136.387555
1136.387555
1136.387555
1136.387555
1136.387555
1136.387555
1136.387555
1136.387555
1136.387555
1136.387555
1136.387555
1136.387555
1136.387555
1136.387555
1136.387555
1136.387555
1136.387555
1136.387555
1136.387555
1136.387555
1136.387555
1136.387555
1136.387555
1136.387555
1136.387555
1136.387555
1136.387555
1136.387555
1136.382443
1136.382443
1136.382443
1136.382443
1136.382443
1136.382443
1136.382443
1136.382443
1136.382443
1136.382443
1136.382443
1136.382443
1136.382443
1136.382443
1136.382443
1136.378445
1136.378445
1136.378445
1136.378445
1136.378445
1136.378445
1136.378445
1136.378445
1136.378445
1136.378445
1136.378445
1136.378445
1136.378445
1136.378445
1136.378445
1136.378445
1136.378445
1136.378445
1136.378445
1136.378445
1136.378445
1136.378445
1136.378445
1136.378445
1136.378445
1136.378445
1136.378445
1136.378445
1136.378445
1136.378445
1136.378445
1136.378445
1136.378445
1136.378445
1136.378445
1136.378445
1136.378445
1136.378445
1136.378445
1136.378445
1136.378445
1136.378445
1136.378445
1136.378445
1136.378445
1136.378445
1136.378445
1136.378445
1136.378445
1136.378445
1136.378445
1136.378445
1136.378445
1136.378445
1136.378445
1136.378445
1136.378445
1136.378445
1136.374414
1136.374414
1136.374414
1136.374414
1136.374414
1136.374414
1136.374414
1136.374414
1136.371139
1136.371139
1136.371139
1136.371139
1136.371139
1136.371139
1136.371139
1136.371139
1136.371139
1136.371139
1136.371139
1136.371139
1136.371139
1136.371139
1136.371139
1136.371139
1136.371139
1136.371139
1136.371139
1136.371139
1136.371139
1136.371139
1136.371139
1136.371139
1136.371139
1136.371139
1136.371139
1136.371139
1136.371139
1136.371139
1136.371139
1136.371139
1136.371139
1136.371139
1136.371139
1136.371139
1136.371139
1136.371139
1136.371139
1136.371139
1136.371139
1136.371139
1136.371139
1136.371139
1136.371139
1136.371139
1136.371139
1136.371139
1136.371139
1136.371139
1136.371139
1136.371139
1136.371139
1136.371139
1136.371139
1136.371139
1136.371139
1136.371139
1136.371139
1136.371139
1136.371139
1136.371139
1136.371139
1136.371139
1136.371139
1136.371139
1136.371139
1136.371139
1136.371139
1136.371139
1136.371139
1136.371139
1136.371139
1136.371139
1136.371139
1136.371139
1136.371139
1136.371139
1136.371139
1136.371139
1136.371139
1136.371139
1136.371139
1136.371139
1136.371139
1136.371139
1136.371139
1136.371139
1136.371139
1136.371139
1136.371139
1136.371139
1136.371139
1136.371139
1136.371139
1136.371139
1136.371139
1136.371139
1136.371139
1136.371139
1136.371139
1136.371139
1136.371139
1136.371139
1136.371139
1136.371139
1136.371139
1136.371139
1136.371139
1136.371139
1136.371139
1136.371139
1136.355835
1136.355835
1136.355835
1136.355835
1136.355835
1136.355835
1136.355835
1136.355835
1136.355835
1136.355835
1136.355835
1136.355835
1136.355835
1136.355835
1136.355835
1136.355835
1136.355835
1136.355835
1136.355835
1136.355835
1136.355835
1136.355835
1136.355835
1136.355835
1136.355835
1136.355835
1136.355835
1136.355835
1136.355835
1136.355835
1136.355835
1136.355835
1136.355835
1136.355835
1136.355835
1136.355835
1136.355835
1136.355835
1136.355835
1136.355835
1136.355835
1136.355835
1136.355835
1136.355835
1136.355835
1136.355835
1136.355835
1136.346721
1136.346721
1136.346721
1136.346721
1136.346721
1136.346721
1136.346721
1136.346721
1136.346721
1136.346721
1136.346721
1136.346721
1136.346721
1136.346721
1136.346721
1136.346721
1136.346721
1136.346721
1136.346721
1136.346721
1136.346721
1136.346721
1136.346721
1136.346721
1136.346721
1136.346721
1136.346721
1136.346721
1136.346721
1136.346721
1136.346721
1136.346721
1136.346721
1136.346721
1136.346721
1136.346721
1136.346721
1136.346721
1136.346721
1136.346721
1136.346721
1136.346721
1136.346721
1136.346721
1136.346721
1136.346721
1136.346721
1136.346721
1136.346721
1136.346721
1136.346721
1136.346721
1136.346721
1136.346721
1136.346721
1136.346721
1136.346721
1136.346721
1136.346721
1136.346721
1136.346721
1136.346721
1136.346721
1136.346721
1136.346721
1136.346721
1136.346721
1136.346721
1136.346721
1136.346721
1136.346721
1136.346721
1136.336663
1136.336663
1136.336663
1136.336663
1136.336663
1136.336663
1136.336663
1136.336663
1136.336457
1136.336457
1136.336457
1136.336457
1136.336457
1136.336457
1136.336457
1136.336457
1136.336457
1136.336457
1136.336457
1136.336457
1136.336457
1136.336457
1136.329070
1136.329070
1136.329070
1136.329070
1136.329070
1136.329070
1136.329070
1136.329070
1136.329070
1136.329070
1136.329070
1136.329070
1136.329070
1136.329070
1136.329070
1136.329070
1136.329070
1136.329070
1136.329070
1136.329070
1136.329070
1136.329070
1136.329070
1136.329070
1136.329070
1136.329070
1136.329070
1136.329070
1136.329070
1136.329070
1136.329070
1136.329070
1136.329070
1136.329070
1136.308620
1136.308620
1136.308620
1136.308620
1136.308620
1136.308620
1136.308620
1136.308620
1136.308620
1136.308620
1136.308620
1136.308620
1136.308620
1136.308620
1136.308620
1136.308620
1136.308620
1136.308620
1136.308620
1136.308620
1136.308620
1136.308620
1136.308620
1136.308620
1136.308620
1136.308620
1136.308620
1136.308620
1136.308620
1136.308620
1136.308620
1136.308620
1136.308620
1136.308620
1136.308620
1136.308620
1136.308620
1136.308620
1136.308620
1136.308620
1136.308620
1136.308620
1136.308620
1136.308620
1136.308620
1136.308620
1136.308620
1136.308620
1136.308620
1136.308620
1136.308620
1136.304439
1136.304439
1136.304439
1136.304439
1136.304439
1136.304439
1136.304439
1136.304439
1136.304439
1136.304439
1136.304439
1136.304439
1136.304439
1136.304439
1136.304439
1136.304439
1136.304439
1136.304439
1136.304439
1136.304439
1136.304439
1136.304439
1136.304439
1136.304439
1136.304439
1136.304439
1136.304439
1136.304439
1136.304439
1136.304439
1136.304439
1136.304439
1136.304439
1136.304439
1136.304439
1136.304439
1136.304439
1136.304439
1136.304439
1136.304439
1136.304439
1136.304439
1136.304439
1136.304439
1136.304439
1136.304439
1136.304439
1136.304439
1136.304439
1136.304439
1136.304439
1136.304439
1136.304439
1136.304439
1136.304439
1136.304439
1136.304439
1136.304439
1136.304439
1136.304439
1136.304439
1136.304439
1136.304439
1136.304439
1136.304439
1136.304439
1136.304439
1136.304439
1136.304439
1136.304439
1136.304439
1136.304439
1136.304439
1136.304439
1136.304439
1136.304439
1136.304439
1136.304439
1136.304439
1136.304439
1136.304439
1136.304439
1136.304439
1136.304439
1136.304439
1136.304439
1136.304439
1136.304439
1136.304439
1136.304439
1136.304439
1136.304439
1136.304439
1136.304439
1136.304439
1136.304439
1136.304439
1136.304439
1136.304439
1136.304439
1136.304439
1136.304439
1136.304439
1136.304439
1136.304439
1136.304439
1136.304439
1136.304439
1136.304439
1136.304439
1136.304439
1136.304439
1136.304439
1136.304439
1136.304439
1136.304439
1136.304439
1136.304439
1136.304439
1136.304439
1136.304439
1136.304439
1136.304439
1136.304439
1136.304439
1136.304439
1136.304439
1136.304439
1136.304439
1136.304439
1136.304439
1136.304439
1136.304439
1136.304439
1136.304439
1136.304439
1136.304439
1136.304439
1136.304439
1136.291749
1136.291749
1136.291749
1136.291749
1136.291749
1136.291749
1136.291749
1136.291749
1136.291749
1136.291749
1136.291749
1136.245534
1136.245534
1136.245534
1136.245534
1136.245534
1136.245534
1136.245534
1136.245534
1136.245534
1136.245534
1136.245534
1136.245534
1136.245534
1136.245534
1136.245534
1136.245534
1136.245534
1136.245534
1136.245534
1136.245534
1136.245534
1136.245534
1136.245534
1136.245534
1136.245534
1136.245534
1136.245534
1136.244686
1136.244686
1136.244686
1136.244686
1136.244686
1136.244686
1136.244686
1136.244686
1136.244686
1136.244686
1136.244686
1136.244686
1136.244686
1136.244686
1136.244686
1136.244686
1136.244686
1136.244686
1136.244686
1136.244686
1136.244686
1136.244686
1136.244686
1136.244686
1136.244686
1136.244686
1136.244686
1136.244686
1136.244686
1136.244686
1136.244686
1136.244686
1136.244686
1136.235886
1136.235886
1136.235886
1136.235886
1136.235886
1136.216197
1136.216197
1136.216197
1136.216197
1136.216197
1136.216197
1136.216197
1136.216197
1136.216197
1136.216197
1136.216197
1136.216197
1136.216197
1136.216197
1136.216197
1136.216197
1136.216197
1136.216197
1136.216197
1136.216197
1136.216197
1136.216197
1136.216197
1136.216197
1136.216197
1136.216197
1136.216197
1136.216197
1136.216197
1136.216197
1136.216197
1136.216197
1136.216197
1136.216197
1136.216197
1136.216197
1136.216197
1136.216197
1136.216197
1136.216197
1136.216197
1136.216197
1136.216197
1136.216197
1136.216197
1136.216197
1136.216197
1136.216197
1136.216197
1136.216197
1136.216197
1136.216197
1136.216197
1136.216197
1136.216197
1136.216197
1136.216197
1136.216197
1136.216197
1136.216197
1136.216197
1136.216197
1136.216197
1136.216197
1136.216197
1136.216197
1136.216197
1136.216197
1136.216197
1136.216197
1136.216197
1136.216197
1136.216197
1136.216197
1136.216197
1136.216197
1136.216197
1136.216197
1136.216197
1136.216197
1136.216197
1136.216197
1136.216197
1136.216197
1136.216197
1136.216197
1136.216197
1136.216197
1136.216197
1136.216197
1136.216197
1136.216197
1136.216197
1136.216197
1136.216197
1136.216197
1136.216197
1136.216197
1136.216197
1136.216197
1136.216197
1136.216197
1136.216197
1136.216197
1136.216197
1136.216197
1136.216197
1136.216197
1136.216197
1136.216197
1136.216197
1136.216197
1136.216197
1136.216197
1136.216197
1136.216197
1136.216197
1136.216197
1136.216197
1136.216197
1136.216197
1136.216197
1136.216197
1136.216197
1136.216197
1136.216197
1136.216197
1136.216197
1136.216197
1136.216197
1136.216197
1136.216197
1136.216197
1136.216197
1136.216197
1136.216197
1136.216197
1136.216197
1136.216197
1136.216197
1136.216197
1136.216197
1136.216197
1136.216197
1136.216197
1136.216197
1136.216197
1136.216197
1136.216197
1136.216197
1136.216197
1136.216197
1136.216197
1136.216197
1136.216197
1136.216197
1136.216197
1136.216197
1136.216197
1136.216197
1136.216197
1136.216197
1136.216197
1136.216197
1136.216197
1136.216197
1136.216197
1136.216197
1136.216197
1136.216197
1136.216197
1136.216197
1136.216197
1136.216197
1136.216197
1136.216197
1136.216197
1136.216197
1136.216197
1136.216197
1136.216197
1136.216197
1136.216197
1136.216197
1136.216197
1136.216197
1136.216197
1136.216197
1136.214991
1136.214991
1136.214991
1136.214991
1136.214991
1136.214991
1136.214991
1136.214991
1136.214991
1136.214991
1136.214991
1136.213714
1136.213714
1136.213714
1136.213714
1136.208163
1136.208163
1136.208163
1136.208163
1136.208163
1136.208163
1136.208163
1136.208163
1136.208163
1136.208163
1136.208163
1136.208163
1136.208163
1136.208163
1136.208163
1136.208163
1136.208163
1136.208163
1136.208163
1136.208163
1136.208163
1136.208163
1136.208163
1136.208163
1136.208163
1136.208163
1136.208163
1136.208163
1136.208163
1136.208163
1136.208163
1136.208163
1136.208163
1136.208163
1136.208163
1136.208163
1136.208163
1136.208163
1136.208163
1136.208163
1136.208163
1136.208163
1136.208163
1136.208163
1136.208163
1136.188171
1136.188171
1136.188171
1136.188171
1136.188171
1136.188171
1136.188171
1136.188171
1136.188171
1136.188171
1136.188171
1136.188171
1136.188171
1136.188171
1136.188171
1136.188171
1136.188171
1136.188171
1136.188171
1136.188171
1136.188171
1136.188171
1136.188171
1136.188171
1136.188171
1136.188171
1136.188171
1136.188171
1136.188171
1136.188171
1136.188171
1136.188171
1136.188171
1136.188171
1136.188171
1136.188171
1136.188171
1136.188171
1136.188171
1136.188171
1136.188171
1136.188171
1136.188171
1136.188171
1136.188171
1136.184919
1136.184919
1136.184919
1136.184919
1136.184919
1136.184919
1136.184919
1136.184919
1136.184919
1136.184919
1136.184919
1136.184919
1136.184919
1136.184919
1136.184919
1136.184919
1136.184919
1136.184919
1136.176028
1136.176028
1136.176028
1136.176028
1136.176028
1136.176028
1136.176028
1136.176028
1136.176028
1136.176028
1136.176028
1136.176028
1136.176028
1136.176028
1136.176028
1136.176028
1136.176028
1136.176028
1136.176028
1136.176028
1136.176028
1136.176028
1136.176028
1136.176028
1136.176028
1136.176028
1136.176028
1136.176028
1136.176028
1136.176028
1136.176028
1136.176028
1136.176028
1136.176028
1136.176028
1136.176028
1136.176028
1136.156370
1136.156370
1136.156370
1136.156370
1136.156370
1136.156370
1136.156370
1136.156370
1136.156370
1136.156370
1136.156370
1136.156370
1136.156370
1136.156370
1136.139492
1136.139492
1136.139492
1136.139492
1136.139492
1136.139492
1136.139492
1136.134523
1136.134523
1136.134523
1136.134523
1136.134523
1136.134523
1136.134523
1136.134523
1136.134523
1136.134523
1136.134523
1136.134523
1136.134523
1136.134523
1136.134523
1136.134523
1136.134523
1136.134523
1136.134523
1136.134523
1136.134523
1136.134523
1136.134523
1136.134523
1136.134523
1136.134523
1136.134523
1136.134523
1136.134523
1136.134523
1136.134523
1136.134523
1136.134523
1136.134523
1136.134523
1136.134523
1136.123299
1136.123299
1136.123299
1136.123299
1136.123299
1136.123299
1136.123299
1136.123299
1136.123299
1136.123299
1136.123299
1136.123299
1136.123299
1136.123299
1136.123299
1136.123299
1136.123299
1136.123299
1136.123299
1136.123299
1136.123299
1136.123299
1136.123299
1136.123299
1136.123299
1136.123299
1136.123299
1136.123299
1136.123299
1136.123299
1136.123299
1136.123299
1136.123299
1136.123299
1136.123299
1136.123299
1136.123299
1136.123299
1136.123299
1136.123299
1136.123299
1136.123299
1136.123299
1136.123299
1136.123299
1136.123299
1136.123299
1136.123299
1136.123299
1136.123299
1136.123299
1136.123299
1136.123299
1136.123299
1136.123299
1136.123299
1136.123299
1136.123299
1136.123299
1136.123299
1136.123299
1136.123299
1136.123299
1136.123299
1136.123299
1136.123299
1136.123299
1136.123299
1136.123299
1136.123299
1136.123299
1136.123299
1136.123299
1136.123299
1136.123299
1136.123299
1136.123299
1136.123299
1136.123299
1136.123299
1136.123299
1136.123299
1136.123299
1136.123299
1136.123299
1136.123299
1136.123299
1136.123299
1136.123299
1136.123299
1136.123299
1136.123299
1136.123299
1136.123299
1136.123299
1136.123299
1136.123299
1136.123299
1136.123299
1136.123299
1136.123299
1136.123299
1136.123299
1136.123299
1136.123299
1136.123299
1136.123299
1136.123299
1136.123299
1136.123299
1136.123299
1136.123299
1136.123299
1136.123299
1136.123299
1136.123299
1136.123299
1136.123299
1136.123299
1136.123299
1136.123299
1136.123299
1136.123299
1136.123299
1136.123299
1136.123299
1136.123299
1136.123299
1136.123299
1136.123299
1136.123299
1136.123299
1136.123299
1136.123299
1136.123299
1136.123299
1136.123299
1136.123299
1136.123299
1136.123299
1136.123299
1136.123299
1136.123299
1136.123299
1136.123299
1136.123299
1136.123299
1136.123299
1136.123299
1136.123299
1136.123299
1136.123299
1136.123299
1136.123299
1136.123299
1136.123299
1136.123299
1136.123299
1136.123299
1136.123299
1136.123299
1136.123299
1136.123299
1136.123299
1136.123299
1136.123299
1136.123299
1136.123299
1136.123299
1136.123299
1136.123299
1136.123299
1136.123299
1136.123299
1136.123299
1136.123299
1136.123299
1136.123299
1136.123299
1136.123299
1136.123299
1136.123299
1136.123299
1136.123299
1136.123299
1136.123299
1136.123299
1136.123299
1136.123299
1136.123299
1136.123299
1136.123299
1136.123299
1136.123299
1136.123299
1136.123299
1136.104145
1136.104145
1136.104145
1136.104145
1136.104145
1136.104145
1136.104145
1136.104145
1136.104145
1136.104145
1136.104145
1136.104145
1136.104145
1136.104145
1136.104145
1136.104145
1136.093857
1136.093857
1136.093857
1136.093857
1136.093857
1136.093857
1136.093857
1136.093857
1136.093857
1136.093857
1136.093857
1136.093857
1136.093857
1136.093857
1136.093857
1136.093857
1136.093857
1136.093857
1136.093857
1136.093857
1136.093857
1136.093857
1136.093857
1136.093857
1136.093857
1136.093857
1136.093857
1136.093857
1136.093857
1136.093857
1136.093857
1136.093857
1136.093857
1136.093857
1136.093857
1136.093857
1136.093857
1136.093857
1136.073208
1136.073208
1136.073208
1136.073208
1136.073208
1136.073208
1136.073208
1136.073208
1136.073208
1136.073208
1136.073208
1136.073208
1136.073208
1136.073208
1136.073208
1136.073208
1136.073208
1136.073208
1136.073208
1136.073208
1136.073208
1136.073208
1136.073208
1136.073208
1136.073208
1136.073208
1136.073208
1136.073208
1136.073208
1136.073208
1136.073208
1136.073208
1136.073208
1136.073208
1136.073208
1136.073208
1136.073208
1136.073208
1136.073208
1136.073208
1136.073208
1136.073208
1136.073208
1136.073208
1136.073208
1136.073208
1136.073208
1136.073208
1136.073208
1136.073208
1136.073208
1136.073208
1136.073208
1136.073208
1136.064660
1136.064660
1136.064660
1136.064660
1136.064660
1136.064660
1136.064660
1136.064660
1136.064660
1136.064660
1136.064660
1136.064660
1136.064660
1136.064660
1136.057291
1136.057291
1136.057291
1136.057291
1136.057291
1136.057291
1136.057291
1136.057291
1136.057291
1136.057291
1136.057291
1136.057291
1136.057291
1136.057291
1136.057291
1136.057291
1136.057291
1136.057291
1136.057291
1136.057291
1136.057291
1136.057291
1136.057291
1136.057291
1136.057291
1136.057291
1136.057291
1136.057291
1136.057291
1136.057291
1136.057291
1136.057291
1136.057291
1136.057291
1136.057291
1136.057291
1136.057291
1136.057291
1136.057291
1136.057291
1136.057291
1136.057291
1136.057291
1136.057291
1136.057291
1136.057291
1136.057291
1136.057291
1136.057291
1136.036584
1136.036584
1136.036584
1136.036584
1136.036584
1136.036584
1136.036584
1136.036584
1136.036584
1136.036584
1136.036584
1136.036584
1136.036584
1136.036584
1136.036584
1136.036584
1136.036584
1136.036584
1136.036584
1136.036584
1136.036584
1136.036584
1136.036584
1136.036584
1136.036584
1136.036584
1136.036584
1136.036584
1136.036584
1136.036584
1136.036584
1136.036584
1136.036584
1136.036584
1136.036584
1136.036584
1136.036584
1136.036584
1136.036584
1136.036584
1136.036584
1136.036584
1136.036584
1136.036584
1136.036584
1136.036584
1136.036584
1136.036584
1136.036584
1136.036584
1136.036584
1136.036584
1136.036584
1136.036584
1136.036584
1136.036584
1136.036584
1136.036584
1136.036584
1136.036584
1136.036584
1136.036584
1136.036584
1136.036584
1136.036584
1136.036584
1136.036584
1136.036584
1136.036584
1136.036584
1136.036584
1136.036584
1136.036584
1136.036584
1136.036584
1136.036584
1136.030123
1136.030123
1136.030123
1136.030123
1136.030123
1136.030123
1136.030123
1136.030123
1136.030123
1136.030123
1136.030123
1136.030123
1136.030123
1136.030123
1136.030123
1136.030123
1136.030123
1136.030123
1136.030123
1136.030123
1136.030123
1136.017878
1136.017878
1136.017878
1136.017878
1136.017878
1136.017878
1136.017878
1136.017878
1136.017878
1136.017878
1136.017878
1136.017878
1136.017878
1136.017878
1136.017878
1136.017878
1136.017878
1136.017878
1136.017878
1136.010857
1136.010857
1136.010857
1136.010857
1136.010857
1136.010857
1136.010857
1136.010857
1136.010857
1136.010857
1136.005174
1136.005174
1136.005174
1136.005174
1136.005174
1136.005174
1136.005174
1136.005174
1136.005174
1136.005174
1136.005174
1136.005174
1136.005174
1136.005174
1136.005174
1136.005174
1136.005174
1136.005174
1136.005174
1136.005174
1136.005174
1136.005174
1136.005174
1136.005174
1136.005174
1136.001376
1136.001376
1136.001376
1136.001376
1136.001376
1136.001376
1136.001376
1136.001376
1136.001376
1136.001376
1136.001376
1136.001376
1136.001376
1136.001376
1136.001376
1136.001376
1136.001376
1136.001376
1136.001376
1136.001376
1136.001376
1136.001376
1136.001376
1136.001376
1136.001376
1136.001376
1136.001376
1136.001376
1136.001376
1136.001376
1136.001376
1136.001376
1136.001376
1136.001376
1136.001376
1136.001376
1136.001376
1136.001376
1136.001376
1136.001376
1136.001376
1136.001376
1136.001376
1136.001376
1136.001376
1136.001376
1136.001376
1136.001376
1136.001376
1136.001376
1136.001376
1136.001376
1136.001376
1136.001376
1136.001376
1136.001376
1136.001376
1136.001376
1136.001376
1136.001376
1136.001376
1136.001376
1136.001376
1136.001376
1136.001376
1136.001376
1136.001376
1136.001376
1136.001376
1136.001376
1136.001376
1136.001376
1136.001376
1136.001376
1136.001376
1135.979404
1135.979404
1135.979404
1135.979404
1135.979404
1135.979404
1135.979404
1135.979404
1135.979404
1135.979404
1135.979404
1135.979404
1135.979404
1135.979404
1135.979404
1135.979404
1135.979404
1135.979404
1135.979404
1135.979404
1135.979404
1135.979404
1135.979404
1135.979404
1135.979404
1135.979404
1135.979404
1135.979404
1135.979404
1135.979404
1135.979404
1135.979404
1135.979404
1135.979404
1135.979404
1135.979404
1135.979404
1135.979404
1135.979404
1135.979404
1135.979404
1135.979404
1135.979404
1135.979404
1135.979404
1135.979404
1135.979404
1135.979404
1135.979404
1135.979404
1135.979404
1135.979404
1135.979404
1135.979404
1135.979404
1135.979404
1135.979404
1135.979404
1135.979404
1135.979404
1135.979404
1135.979404
1135.979404
1135.979404
1135.979404
1135.979404
1135.979404
1135.979404
1135.979404
1135.979404
1135.979404
1135.979404
1135.979404
1135.979404
1135.979404
1135.979404
1135.979404
1135.979404
1135.979404
1135.972926
1135.972926
1135.972926
1135.972926
1135.972926
1135.972926
1135.972926
1135.972926
1135.972926
1135.972926
1135.972926
1135.972926
1135.972926
1135.972926
1135.972926
1135.972926
1135.972926
1135.972926
1135.972926
1135.972926
1135.972926
1135.972926
1135.972926
1135.972926
1135.972926
1135.972926
1135.972926
1135.972926
1135.972926
1135.972926
1135.972926
1135.972926
1135.972926
1135.972926
1135.972926
1135.972926
1135.972926
1135.972926
1135.972926
1135.972926
1135.972926
1135.972926
1135.972926
1135.972926
1135.972926
1135.972926
1135.972926
1135.972926
1135.972926
1135.972926
1135.972926
1135.972926
1135.972926
1135.966429
1135.966429
1135.966429
1135.966429
1135.966429
1135.966429
1135.966429
1135.966429
1135.966429
1135.966429
1135.966429
1135.966429
1135.966429
1135.966429
1135.966429
1135.966429
1135.966429
1135.966429
1135.966429
1135.966429
1135.966429
1135.966429
1135.966429
1135.966429
1135.966429
1135.966429
1135.966429
1135.966429
1135.966429
1135.966429
1135.966429
1135.966429
1135.966429
1135.966429
1135.966429
1135.966429
1135.966429
1135.966429
1135.966429
1135.966429
1135.966429
1135.966429
1135.966429
1135.966429
1135.966429
1135.966429
1135.966429
1135.966429
1135.966429
1135.966429
1135.966429
1135.966429
1135.966429
1135.966429
1135.966429
1135.966429
1135.966429
1135.966429
1135.966429
1135.966429
1135.966429
1135.966429
1135.966429
1135.966429
1135.966429
1135.966429
1135.966429
1135.966429
1135.966429
1135.966429
1135.966429
1135.966429
1135.966429
1135.966429
1135.966429
1135.966429
1135.966429
1135.966429
1135.966429
1135.966429
1135.966429
1135.966429
1135.966429
1135.966429
1135.966429
1135.966429
1135.966429
1135.966429
1135.966429
1135.966429
1135.966429
1135.966429
1135.966429
1135.966429
1135.946480
1135.946480
1135.946480
1135.946480
1135.946480
1135.946480
1135.946480
1135.946480
1135.946480
1135.946480
1135.946480
1135.946480
1135.946480
1135.946480
1135.946480
1135.946480
1135.946480
1135.946480
1135.946480
1135.946480
1135.946480
1135.946480
1135.946480
1135.946480
1135.946480
1135.946480
1135.946480
1135.946480
1135.946480
1135.946480
1135.946480
1135.946480
1135.946480
1135.946480
1135.946480
1135.946480
1135.946480
1135.946480
1135.946480
1135.946480
1135.946480
1135.946480
1135.946480
1135.946480
1135.946480
1135.946480
1135.946480
1135.946480
1135.946480
1135.946480
1135.946480
1135.946480
1135.946480
1135.946480
1135.946480
1135.946480
1135.946480
1135.946480
1135.946480
1135.946480
1135.946480
1135.946480
1135.946480
1135.946480
1135.946480
1135.946480
1135.946480
1135.946480
1135.946480
1135.946480
1135.946480
1135.946480
1135.946480
1135.946480
1135.946480
1135.946480
1135.946480
1135.946480
1135.946480
1135.946480
1135.946480
1135.946480
1135.946480
1135.946480
1135.946480
1135.946480
1135.946480
1135.946480
1135.946480
1135.946480
1135.946480
1135.946480
1135.946480
1135.946480
1135.946480
1135.944108
1135.944108
1135.944108
1135.944108
1135.944108
1135.944108
1135.944108
1135.944108
1135.944108
1135.944108
1135.944108
1135.944108
1135.944108
1135.944108
1135.944108
1135.944108
1135.944108
1135.944108
1135.944108
1135.944108
1135.944108
1135.944108
1135.944108
1135.944108
1135.941366
1135.941366
1135.941366
1135.941366
1135.941366
1135.941366
1135.941366
1135.941366
1135.941366
1135.941366
1135.941366
1135.941366
1135.941366
1135.941366
1135.941366
1135.941366
1135.941366
1135.941366
1135.941366
1135.941366
1135.941366
1135.941366
1135.941366
1135.941366
1135.941366
1135.941366
1135.941366
1135.941366
1135.941366
1135.941366
1135.941366
1135.941366
1135.941366
1135.941366
1135.941366
1135.941366
1135.941366
1135.941366
1135.941366
1135.941366
1135.941366
1135.941366
1135.941366
1135.941366
1135.941366
1135.941366
1135.940512
1135.940512
1135.940512
1135.940512
1135.940512
1135.940512
1135.940512
1135.940512
1135.940512
1135.940512
1135.940512
1135.940512
1135.931696
1135.931696
1135.931696
1135.931696
1135.931696
1135.931696
1135.931696
1135.931696
1135.931696
1135.931696
1135.931696
1135.931696
1135.931696
1135.931696
1135.931696
1135.931696
1135.931696
1135.931696
1135.931696
1135.931696
1135.931696
1135.931696
1135.931696
1135.931696
1135.931696
1135.931696
1135.931696
1135.931696
1135.931696
1135.931696
1135.931696
1135.931696
1135.931696
1135.931696
1135.931696
1135.931696
1135.931696
1135.931696
1135.931696
1135.931696
1135.931696
1135.931696
1135.931696
1135.931696
1135.931696
1135.931696
1135.931696
1135.931696
1135.931696
1135.931696
1135.931696
1135.922584
1135.922584
1135.922584
1135.922584
1135.922584
1135.922584
1135.922584
1135.922584
1135.922584
1135.922584
1135.922584
1135.922584
1135.922584
1135.922584
1135.922584
1135.922584
1135.922584
1135.922584
1135.922584
1135.922584
1135.922584
1135.922584
1135.922584
1135.922584
1135.922584
1135.922584
1135.922584
1135.922584
1135.922584
1135.922584
1135.922584
1135.922584
1135.922584
1135.922584
1135.922584
1135.922584
1135.922584
1135.922584
1135.922584
1135.922584
1135.922584
1135.922584
1135.922584
1135.922584
1135.918665
1135.918665
1135.918665
1135.918665
1135.918665
1135.918665
1135.918665
1135.918665
1135.918665
1135.918665
1135.918665
1135.918665
1135.918665
1135.918665
1135.918665
1135.918665
1135.918665
1135.918665
1135.918665
1135.918665
1135.918665
1135.918665
1135.918665
1135.918665
1135.918665
1135.918665
1135.918665
1135.918665
1135.918665
1135.918665
1135.918665
1135.918665
1135.918665
1135.918665
1135.918665
1135.918665
1135.918665
1135.918665
1135.918665
1135.918665
1135.918665
1135.918665
1135.918665
1135.918665
1135.918665
1135.918665
1135.918665
1135.918665
1135.918665
1135.916627
1135.916627
1135.916627
1135.916627
1135.916627
1135.916627
1135.916627
1135.916627
1135.916627
1135.916627
1135.916627
1135.916627
1135.916627
1135.916627
1135.916627
1135.916627
1135.916627
1135.916627
1135.916627
1135.916627
1135.916627
1135.916627
1135.916627
1135.916627
1135.916627
1135.916627
1135.916627
1135.916627
1135.916627
1135.916627
1135.916627
1135.916627
1135.916627
1135.916627
1135.916627
1135.916627
1135.916627
1135.916627
1135.916627
1135.916627
1135.916627
1135.916627
1135.916627
1135.916627
1135.916627
1135.916627
1135.916627
1135.916627
1135.916627
1135.916627
1135.916627
1135.916627
1135.916627
1135.916627
1135.916627
1135.916627
1135.916627
1135.916627
1135.916627
1135.916627
1135.916627
1135.916627
1135.916627
1135.916627
1135.910418
1135.910418
1135.910418
1135.910418
1135.910418
1135.910418
1135.910418
1135.910418
1135.910418
1135.910418
1135.910418
1135.910418
1135.910418
1135.910418
1135.910418
1135.910418
1135.910418
1135.910418
1135.910418
1135.910418
1135.910418
1135.910418
1135.910418
1135.910418
1135.910418
1135.910418
1135.910418
1135.910418
1135.910418
1135.910418
1135.910418
1135.910418
1135.910418
1135.910418
1135.910418
1135.910418
1135.910418
1135.910418
1135.910418
1135.910418
1135.910418
1135.910418
1135.910418
1135.910418
1135.910418
1135.910418
1135.910418
1135.910418
1135.910418
1135.910418
1135.910418
1135.910418
1135.910418
1135.910418
1135.910418
1135.910418
1135.910418
1135.910418
1135.910418
1135.910418
1135.910418
1135.910418
1135.910418
1135.910418
1135.910418
1135.910418
1135.910418
1135.910418
1135.910418
1135.910418
1135.910418
1135.910418
1135.910418
1135.910418
1135.910418
1135.910418
1135.910418
1135.910418
1135.910418
1135.910418
1135.910418
1135.910418
1135.910418
1135.910418
1135.910418
1135.910418
1135.910418
1135.910418
1135.910418
1135.910418
1135.910418
1135.895254
1135.895254
1135.895254
1135.895254
1135.895254
1135.895254
1135.895254
1135.895254
1135.895254
1135.895254
1135.895254
1135.895254
1135.895254
1135.895254
1135.895254
1135.895254
1135.889523
1135.889523
1135.889523
1135.889523
1135.889523
1135.889523
1135.889523
1135.889523
1135.889523
1135.889523
1135.889523
1135.889523
1135.889523
1135.889523
1135.889523
1135.889523
1135.889523
1135.889523
1135.889523
1135.889523
1135.889523
1135.889523
1135.889523
1135.889523
1135.889523
1135.889523
1135.889523
1135.889523
1135.889523
1135.889523
1135.889523
1135.888887
1135.888887
1135.888887
1135.888887
1135.888887
1135.888887
1135.888887
1135.888887
1135.888887
1135.888887
1135.888887
1135.888887
1135.888887
1135.888887
1135.888887
1135.888887
1135.888887
1135.888887
1135.888887
1135.888887
1135.888887
1135.888887
1135.888887
1135.888887
1135.888887
1135.888887
1135.888887
1135.888887
1135.888887
1135.888887
1135.888887
1135.888887
1135.888887
1135.888887
1135.888887
1135.888887
1135.888887
1135.888887
1135.888887
1135.888887
1135.888887
1135.888887
1135.888887
1135.888887
1135.888887
1135.888887
1135.888887
1135.888887
1135.888887
1135.888887
1135.888887
1135.888887
1135.888887
1135.888887
1135.888887
1135.888887
1135.888887
1135.888887
1135.888887
1135.888887
1135.888887
1135.888887
1135.888887
1135.888887
1135.888887
1135.888887
1135.888887
1135.888887
1135.888887
1135.867822
1135.867822
1135.867822
1135.867822
1135.867822
1135.867822
1135.867822
1135.867822
1135.867822
1135.867822
1135.867822
1135.867822
1135.867822
1135.867822
1135.867822
1135.867822
1135.867822
1135.867822
1135.867822
1135.867822
1135.867822
1135.867822
1135.867822
1135.867822
1135.867822
1135.867822
1135.867822
1135.867822
1135.867822
1135.867822
1135.867822
1135.867822
1135.867822
1135.867822
1135.867822
1135.867822
1135.867822
1135.867822
1135.867822
1135.867822
1135.867822
1135.867822
1135.867822
1135.867822
1135.867822
1135.867822
1135.867822
1135.867822
1135.867822
1135.867822
1135.867822
1135.867822
1135.867822
1135.867822
1135.867822
1135.867822
1135.867822
1135.867822
1135.867822
1135.867822
1135.867822
1135.867822
1135.867822
1135.867822
1135.867822
1135.867822
1135.867822
1135.867822
1135.867822
1135.867822
1135.867822
1135.867822
1135.867822
1135.867822
1135.867822
1135.867822
1135.867822
1135.863056
1135.863056
1135.863056
1135.863056
1135.863056
1135.863056
1135.863056
1135.863056
1135.863056
1135.863056
1135.863056
1135.863056
1135.863056
1135.863056
1135.863056
1135.863056
1135.863056
1135.863056
1135.863056
1135.863056
1135.863056
1135.863056
1135.863056
1135.863056
1135.863056
1135.863056
1135.863056
1135.863056
1135.863056
1135.863056
1135.863056
1135.863056
1135.863056
1135.863056
1135.863056
1135.863056
1135.863056
1135.863056
1135.863056
1135.863056
1135.863056
1135.863056
1135.863056
1135.863056
1135.863056
1135.863056
1135.863056
1135.863056
1135.863056
1135.863056
1135.863056
1135.863056
1135.863056
1135.863056
1135.863056
1135.863056
1135.863056
1135.863056
1135.863056
1135.863056
1135.863056
1135.863056
1135.863056
1135.833507
1135.833507
1135.833507
1135.833507
1135.833507
1135.833507
1135.833507
1135.833507
1135.833507
1135.833507
1135.833507
1135.833507
1135.833507
1135.833507
1135.833507
1135.833507
1135.833507
1135.833507
1135.833507
1135.833507
1135.833507
1135.833507
1135.833507
1135.833507
1135.833507
1135.833507
1135.833507
1135.833507
1135.833507
1135.833507
1135.833507
1135.833507
1135.833507
1135.833507
1135.833507
1135.833507
1135.833507
1135.833507
1135.833507
1135.833507
1135.833507
1135.833507
1135.833507
1135.833507
1135.833507
1135.833507
1135.833507
1135.833507
1135.833507
1135.833507
1135.833507
1135.833507
1135.833507
1135.833507
1135.833507
1135.833507
1135.833507
1135.833507
1135.833507
1135.833507
1135.833507
1135.833507
1135.833507
1135.833507
1135.833507
1135.833507
1135.833507
1135.833507
1135.833507
1135.833507
1135.833507
1135.833507
1135.833507
1135.833507
1135.833507
1135.833507
1135.833507
1135.833507
1135.833507
1135.833507
1135.833507
1135.833507
1135.833507
1135.833507
1135.833507
1135.833507
1135.833507
1135.833507
1135.833507
1135.833507
1135.833507
1135.833507
1135.833507
1135.833507
1135.833507
1135.833507
1135.833507
1135.833507
1135.833507
1135.833507
1135.833507
1135.833507
1135.833507
1135.833507
1135.833507
1135.833507
1135.833507
1135.831647
1135.831647
1135.831647
1135.831647
1135.831647
1135.831647
1135.831647
1135.831647
1135.831647
1135.831647
1135.831647
1135.831647
1135.831647
1135.831647
1135.831647
1135.831647
1135.831647
1135.831647
1135.831647
1135.831647
1135.831647
1135.831647
1135.831647
1135.831647
1135.831647
1135.831647
1135.831647
1135.831647
1135.831647
1135.831647
1135.831647
1135.831647
1135.831647
1135.831647
1135.831647
1135.831647
1135.831647
1135.831647
1135.831647
1135.831647
1135.831647
1135.831647
1135.831647
1135.831001
1135.831001
1135.831001
1135.831001
1135.831001
1135.831001
1135.831001
1135.831001
1135.831001
1135.831001
1135.831001
1135.831001
1135.831001
1135.831001
1135.831001
1135.831001
1135.831001
1135.831001
1135.831001
1135.831001
1135.831001
1135.831001
1135.831001
1135.831001
1135.831001
1135.831001
1135.831001
1135.831001
1135.831001
1135.831001
1135.831001
1135.831001
1135.831001
1135.831001
1135.831001
1135.831001
1135.831001
1135.831001
1135.831001
1135.831001
1135.831001
1135.831001
1135.831001
1135.831001
1135.831001
1135.831001
1135.831001
1135.831001
1135.831001
1135.831001
1135.831001
1135.831001
1135.831001
1135.831001
1135.831001
1135.831001
1135.831001
1135.831001
1135.831001
1135.831001
1135.831001
1135.831001
1135.831001
1135.831001
1135.831001
1135.831001
1135.831001
1135.831001
1135.831001
1135.831001
1135.831001
1135.831001
1135.828017
1135.828017
1135.828017
1135.828017
1135.828017
1135.828017
1135.828017
1135.828017
1135.828017
1135.828017
1135.828017
1135.828017
1135.828017
1135.828017
1135.817338
1135.817338
1135.817338
1135.817338
1135.817338
1135.817338
1135.817338
1135.817338
1135.817338
1135.817338
1135.817338
1135.817338
1135.817338
1135.817338
1135.817338
1135.817338
1135.817338
1135.817338
1135.817338
1135.817338
1135.817338
1135.817338
1135.817338
1135.817338
1135.817338
1135.817338
1135.817338
1135.817338
1135.817338
1135.817338
1135.817338
1135.817338
1135.817338
1135.817338
1135.817338
1135.817338
1135.817338
1135.817338
1135.817338
1135.817338
1135.817338
1135.817338
1135.817338
1135.817338
1135.817338
1135.817338
1135.817338
1135.817338
1135.817338
1135.817338
1135.817338
1135.817338
1135.817338
1135.817338
1135.817338
1135.817338
1135.817338
1135.817338
1135.817338
1135.817338
1135.817338
1135.817338
1135.817338
1135.817338
1135.817338
1135.817338
1135.817338
1135.817338
1135.817338
1135.817338
1135.817338
1135.817338
1135.817338
1135.817338
1135.817338
1135.817338
1135.817338
1135.817338
1135.817338
1135.817338
1135.817338
1135.817338
1135.817338
1135.817338
1135.817338
1135.817338
1135.817338
1135.817338
1135.817338
1135.817338
1135.817338
1135.817338
1135.817338
1135.817338
1135.817338
1135.817338
1135.817338
1135.817338
1135.817338
1135.817338
1135.817338
1135.817338
1135.817338
1135.817338
1135.817338
1135.817338
1135.817338
1135.817338
1135.817338
1135.817338
1135.817338
1135.817338
1135.817338
1135.817338
1135.817338
1135.817338
1135.812810
1135.812810
1135.812810
1135.812810
1135.812810
1135.812810
1135.812810
1135.812810
1135.812810
1135.812810
1135.812810
1135.812810
1135.812810
1135.812810
1135.812810
1135.812810
1135.812810
1135.812810
1135.812810
1135.812810
1135.812810
1135.812810
1135.812810
1135.812810
1135.812810
1135.812810
1135.812810
1135.812810
1135.812810
1135.812810
1135.812810
1135.812810
1135.805978
1135.805978
1135.805978
1135.805978
1135.805978
1135.805978
1135.805978
1135.805978
1135.805978
1135.805978
1135.805978
1135.805978
1135.805978
1135.805978
1135.805978
1135.805978
1135.805978
1135.805978
1135.805978
1135.805978
1135.805978
1135.805978
1135.805978
1135.805978
1135.805978
1135.805978
1135.805978
1135.805978
1135.805978
1135.805978
1135.805978
1135.805978
1135.805978
1135.805978
1135.805978
1135.805978
1135.805978
1135.805978
1135.805978
1135.805978
1135.805978
1135.805978
1135.805978
1135.805978
1135.805978
1135.805978
1135.805978
1135.805978
1135.805978
1135.805978
1135.805978
1135.805978
1135.805978
1135.805978
1135.805978
1135.805978
1135.805978
1135.805978
1135.805978
1135.805978
1135.805978
1135.805978
1135.801587
1135.801587
1135.801587
1135.801587
1135.801587
1135.797081
1135.797081
1135.797081
1135.792849
1135.792849
1135.792849
1135.792849
1135.792849
1135.792849
1135.792849
1135.792849
1135.792849
1135.792849
1135.792849
1135.792849
1135.792849
1135.792849
1135.792849
1135.792849
1135.792849
1135.792849
1135.792849
1135.792849
1135.792849
1135.792849
1135.792849
1135.792849
1135.792849
1135.792849
1135.792849
1135.792849
1135.792849
1135.792849
1135.792849
1135.792849
1135.788372
1135.788372
1135.788372
1135.788372
1135.788372
1135.788372
1135.788372
1135.788372
1135.788372
1135.788372
1135.788372
1135.788372
1135.788372
1135.788372
1135.788372
1135.788372
1135.788372
1135.788372
1135.788372
1135.788372
1135.788372
1135.788372
1135.788372
1135.788372
1135.788372
1135.788372
1135.788372
1135.788372
1135.788372
1135.788372
1135.788372
1135.788372
1135.788372
1135.788372
1135.788372
1135.788372
1135.788372
1135.788372
1135.788372
1135.788372
1135.788372
1135.788372
1135.788372
1135.788372
1135.788372
1135.788372
1135.788372
1135.788372
1135.788372
1135.788372
1135.787748
1135.787748
1135.787748
1135.787748
1135.787748
1135.787748
1135.787748
1135.787748
1135.787748
1135.787748
1135.787748
1135.787748
1135.787748
1135.787748
1135.787748
1135.787748
1135.787748
1135.787748
1135.770824
1135.770824
1135.770824
1135.770824
1135.770824
1135.770824
1135.770824
1135.770824
1135.770824
1135.770824
1135.770824
1135.770824
1135.770824
1135.770824
1135.770824
1135.770824
1135.770824
1135.770824
1135.770824
1135.770824
1135.770824
1135.770824
1135.770824
1135.770824
1135.770824
1135.770824
1135.770824
1135.770824
1135.770824
1135.770824
1135.770824
1135.770824
1135.770824
1135.770824
1135.770392
1135.770392
1135.770392
1135.770392
1135.770392
1135.770392
1135.770392
1135.770392
1135.770392
1135.770392
1135.770392
1135.770392
1135.770392
1135.770392
1135.770392
1135.770392
1135.769314
1135.769314
1135.769314
1135.769314
1135.769314
1135.769314
1135.769314
1135.769314
1135.769314
1135.769314
1135.769314
1135.769314
1135.769314
1135.769314
1135.769314
1135.769314
1135.769314
1135.769314
1135.769314
1135.769314
1135.769314
1135.769314
1135.769314
1135.769314
1135.769314
1135.769314
1135.769314
1135.769314
1135.769314
1135.769314
1135.769314
1135.769314
1135.769314
1135.769314
1135.769314
1135.769314
1135.769314
1135.769314
1135.769314
1135.769314
1135.769314
1135.769314
1135.769314
1135.769314
1135.765585
1135.765585
1135.765585
1135.765585
1135.765585
1135.765585
1135.765585
1135.765585
1135.765585
1135.765585
1135.765585
1135.765585
1135.764012
1135.764012
1135.764012
1135.764012
1135.764012
1135.764012
1135.764012
1135.764012
1135.764012
1135.764012
1135.764012
1135.764012
1135.764012
1135.764012
1135.764012
1135.764012
1135.764012
1135.764012
1135.764012
1135.764012
1135.764012
1135.764012
1135.764012
1135.764012
1135.764012
1135.764012
1135.764012
1135.764012
1135.764012
1135.764012
1135.764012
1135.764012
1135.757541
1135.757541
1135.757541
1135.757541
1135.757541
1135.757541
1135.757541
1135.757541
1135.757541
1135.757541
1135.757541
1135.757541
1135.757541
1135.757541
1135.757541
1135.750792
1135.750792
1135.750792
1135.750792
1135.750792
1135.750792
1135.750792
1135.748798
1135.748798
1135.736810
1135.736810
1135.736810
1135.736810
1135.736810
1135.736810
1135.736810
1135.736810
1135.736810
1135.736810
1135.736810
1135.736810
1135.736810
1135.736810
1135.736810
1135.736810
1135.736810
1135.736810
1135.736810
1135.736810
1135.736810
1135.736810
1135.736810
1135.736810
1135.736810
1135.736810
1135.736810
1135.736810
1135.736810
1135.736810
1135.736810
1135.736810
1135.736810
1135.736810
1135.736810
1135.736810
1135.736810
1135.731078
1135.731078
1135.731078
1135.731078
1135.731078
1135.731078
1135.731078
1135.731078
1135.731078
1135.720409
1135.720409
1135.720409
1135.720409
1135.720409
1135.720409
1135.720409
1135.720409
1135.720409
1135.720409
1135.720409
1135.720409
1135.720409
1135.720409
1135.720409
1135.720409
1135.720409
1135.720409
1135.720409
1135.720409
1135.720409
1135.720409
1135.720409
1135.720409
1135.720409
1135.720409
1135.720409
1135.720409
1135.720409
1135.720409
1135.720409
1135.720409
1135.720409
1135.720409
1135.720409
1135.720409
1135.720409
1135.720409
1135.720409
1135.720409
1135.699122
1135.699122
1135.699122
1135.699122
1135.699122
1135.699122
1135.699122
1135.699122
1135.699122
1135.699122
1135.699122
1135.699122
1135.699122
1135.699122
1135.699122
1135.699122
1135.699122
1135.699122
1135.699122
1135.699122
1135.699122
1135.699122
1135.699122
1135.699122
1135.699122
1135.699122
1135.699122
1135.699122
1135.699122
1135.699122
1135.699122
1135.699122
1135.699122
1135.699122
1135.699122
1135.699122
1135.699122
1135.699122
1135.699122
1135.699122
1135.699122
1135.699122
1135.672519
1135.672519
1135.672519
1135.672519
1135.672519
1135.672519
1135.672519
1135.672519
1135.672519
1135.672519
1135.672519
1135.672519
1135.672519
1135.672519
1135.672519
1135.672519
1135.672519
1135.672519
1135.672519
1135.672519
1135.672519
1135.672519
1135.672519
1135.672519
1135.672519
1135.672519
1135.672519
1135.672519
1135.672519
1135.672519
1135.672519
1135.672519
1135.672519
1135.672519
1135.672519
1135.672519
1135.672519
1135.672519
1135.672519
1135.672519
1135.672519
1135.672519
1135.672519
1135.672519
1135.672519
1135.672519
1135.672519
1135.672519
1135.672519
1135.672519
1135.672519
1135.672519
1135.672519
1135.672519
1135.672519
1135.672519
1135.672519
1135.672519
1135.672519
1135.672519
1135.672519
1135.672519
1135.672519
1135.672519
1135.672519
1135.672519
1135.672519
1135.672519
1135.672519
1135.672519
1135.672519
1135.672519
1135.672519
1135.672519
1135.672519
1135.672519
1135.672519
1135.672519
1135.672519
1135.671972
1135.671972
1135.671972
1135.671972
1135.671972
1135.671972
1135.671972
1135.671972
1135.671972
1135.671972
1135.671972
1135.671972
1135.671972
1135.671972
1135.657906
1135.657906
1135.657906
1135.657906
1135.657906
1135.657906
1135.657906
1135.657906
1135.657906
1135.657906
1135.657906
1135.657906
1135.657906
1135.657906
1135.657906
1135.657906
1135.657906
1135.656086
1135.656086
1135.656086
1135.656086
1135.656086
1135.656086
1135.656086
1135.656086
1135.656086
1135.656086
1135.656086
1135.656086
1135.656086
1135.656086
1135.656086
1135.656086
1135.656086
1135.656086
1135.656086
1135.656086
1135.656086
1135.656086
1135.656086
1135.656086
1135.656086
1135.656086
1135.656086
1135.656086
1135.656086
1135.656086
1135.656086
1135.656086
1135.656086
1135.656086
1135.656086
1135.656086
1135.656086
1135.656086
1135.656086
1135.656086
1135.656086
1135.656086
1135.656086
1135.656086
1135.656086
1135.656086
1135.656086
1135.651732
1135.651732
1135.651732
1135.651732
1135.651732
1135.651732
1135.651732
1135.651732
1135.651732
1135.651732
1135.651732
1135.651732
1135.651732
1135.645764
1135.645764
1135.645764
1135.645764
1135.645764
1135.645764
1135.645764
1135.645764
1135.645764
1135.645764
1135.619621
1135.619621
1135.619621
1135.619621
1135.619621
1135.619621
1135.619621
1135.619621
1135.619621
1135.619621
1135.619621
1135.619621
1135.619621
1135.619621
1135.619621
1135.619621
1135.619621
1135.619621
1135.619621
1135.619621
1135.619621
1135.619621
1135.619621
1135.619621
1135.619621
1135.601155
1135.601155
1135.601155
1135.601155
1135.601155
1135.601155
1135.601155
1135.599487
1135.599487
1135.599487
1135.599487
1135.599487
1135.595771
1135.595771
1135.595771
1135.595771
1135.595771
1135.595771
1135.595771
1135.595771
1135.595771
1135.595771
1135.595771
1135.595771
1135.595771
1135.595771
1135.595771
1135.595771
1135.584464
1135.584464
1135.584464
1135.584464
1135.584464
1135.584464
1135.584464
1135.584464
1135.584464
1135.584464
1135.544690
1135.544690
1135.544690
1135.544690
1135.544690
1135.544690
1135.544690
1135.544690
1135.544690
1135.544690
1135.544690
1135.544690
1135.544690
1135.544690
1135.544690
1135.544690
1135.544690
1135.544690
1135.544690
1135.544690
1135.544690
1135.544690
1135.544690
1135.544690
1135.544690
1135.544690
1135.544690
1135.544690
1135.544690
1135.544690
1135.544690
1135.544690
1135.544690
1135.544690
1135.544690
1135.544690
1135.544690
1135.544690
1135.544690
1135.544690
1135.544690
1135.544690
1135.544690
1135.544690
1135.544690
1135.544690
1135.544690
1135.544690
1135.544690
1135.544690
1135.541173
1135.541173
1135.541173
1135.541173
1135.541173
1135.541173
1135.541173
1135.541173
1135.541173
1135.541173
1135.541173
1135.541173
1135.541173
1135.541173
1135.534361
1135.534361
1135.533293
1135.533293
1135.533293
1135.533293
1135.533293
1135.533293
1135.533293
1135.533293
1135.533293
1135.533293
1135.533293
1135.533293
1135.533293
1135.533293
1135.533293
1135.533293
1135.533293
1135.533293
1135.533293
1135.533293
1135.533293
1135.533293
1135.533293
1135.533293
1135.533293
1135.533293
1135.533293
1135.533293
1135.533293
1135.517199
1135.517199
1135.517199
1135.517199
1135.517199
1135.517199
1135.517199
1135.517199
1135.517199
1135.517199
1135.517199
1135.517199
1135.517199
1135.517199
1135.517199
1135.517199
1135.509827
1135.509827
1135.509827
1135.509827
1135.509827
1135.509827
1135.509827
1135.509827
1135.509827
1135.509827
1135.509827
1135.509827
1135.509827
1135.509827
1135.509827
1135.505547
1135.505547
1135.505547
1135.505547
1135.505547
1135.505547
1135.505547
1135.505547
1135.505547
1135.505547
1135.505547
1135.505547
1135.505547
1135.505547
1135.505547
1135.505547
1135.505547
1135.505547
1135.505547
1135.505547
1135.505547
1135.505547
1135.505547
1135.505547
1135.505547
1135.505547
1135.505547
1135.505547
1135.505547
1135.505547
1135.505547
1135.505547
1135.505547
1135.505547
1135.505547
1135.505547
1135.505547
1135.505547
1135.505547
1135.505547
1135.505547
1135.493068
1135.493068
1135.493068
1135.493068
1135.493068
1135.493068
1135.493068
1135.493068
1135.493068
1135.493068
1135.493068
1135.493068
1135.493068
1135.493068
1135.493068
1135.493068
1135.493068
1135.493068
1135.493068
1135.493068
1135.493068
1135.493068
1135.492822
1135.492822
1135.492822
1135.492822
1135.492822
1135.492822
1135.492822
1135.492822
1135.492822
1135.492822
1135.492822
1135.492822
1135.492822
1135.482555
1135.482555
1135.482555
1135.482555
1135.482555
1135.482555
1135.482555
1135.482555
1135.482555
1135.482555
1135.482555
1135.482555
1135.482555
1135.482555
1135.482555
1135.482555
1135.482555
1135.482555
1135.482555
1135.482555
1135.482555
1135.482555
1135.482555
1135.482555
1135.482555
1135.482555
1135.482555
1135.478774
1135.478774
1135.478774
1135.478774
1135.478774
1135.478774
1135.478774
1135.471721
1135.471721
1135.471721
1135.471721
1135.471721
1135.471721
1135.471721
1135.471721
1135.471721
1135.471721
1135.471721
1135.471721
1135.471721
1135.451719
1135.451719
1135.451719
1135.451719
1135.451719
1135.451719
1135.451719
1135.451719
1135.451719
1135.451719
1135.451719
1135.451719
1135.451719
1135.451719
1135.451719
1135.451719
1135.451719
1135.451719
1135.451719
1135.451719
1135.451719
1135.451719
1135.451719
1135.451719
1135.451719
1135.451719
1135.451719
1135.451719
1135.451719
1135.451719
1135.451719
1135.451719
1135.451719
1135.451719
1135.451719
1135.451719
1135.451719
1135.451719
1135.451719
1135.451719
1135.451719
1135.451719
1135.451719
1135.451719
1135.451719
1135.451719
1135.451719
1135.451719
1135.451719
1135.451719
1135.451719
1135.451719
1135.451719
1135.451719
1135.451719
1135.451719
1135.451719
1135.451719
1135.451719
1135.451719
1135.451719
1135.444858
1135.444858
1135.444858
1135.444858
1135.444858
1135.441109
1135.441109
1135.441109
1135.441109
1135.441109
1135.416825
1135.416825
1135.416825
1135.416825
1135.416825
1135.416825
1135.416825
1135.416825
1135.416825
1135.416825
1135.416825
1135.416825
1135.416825
1135.416825
1135.416825
1135.416825
1135.416825
1135.416825
1135.416825
1135.416825
1135.416825
1135.416825
1135.416825
1135.416825
1135.416825
1135.416825
1135.416825
1135.416825
1135.416825
1135.416825
1135.416825
1135.416825
1135.416825
1135.416825
1135.416825
1135.416825
1135.416825
1135.416825
1135.416825
1135.416825
1135.399702
1135.399702
1135.399702
1135.399702
1135.399702
1135.399702
1135.399702
1135.399702
1135.397357
1135.397357
1135.397357
1135.397357
1135.397357
1135.397357
1135.397357
1135.397357
1135.397357
1135.397357
1135.397357
1135.397357
1135.397357
1135.397357
1135.397357
1135.397357
1135.397357
1135.397357
1135.397357
1135.397357
1135.397357
1135.397357
1135.397357
1135.397357
1135.397357
1135.397357
1135.397357
1135.397357
1135.397357
1135.397357
1135.397357
1135.397357
1135.397357
1135.397357
1135.397357
1135.397357
1135.397357
1135.397357
1135.397357
1135.397357
1135.397357
1135.397357
1135.397357
1135.397357
1135.396576
1135.396576
1135.396576
1135.396576
1135.396576
1135.396576
1135.390340
1135.390340
1135.390340
1135.390340
1135.390340
1135.390340
1135.390340
1135.390340
1135.390340
1135.390340
1135.390340
1135.390340
1135.390340
1135.390340
1135.390340
1135.390340
1135.390340
1135.390340
1135.390340
1135.369221
1135.369221
1135.369221
1135.369221
1135.369221
1135.369221
1135.369221
1135.369221
1135.369221
1135.369221
1135.369221
1135.369221
1135.369221
1135.369221
1135.369221
1135.369221
1135.369221
1135.369221
1135.362419
1135.362419
1135.362419
1135.362419
1135.362419
1135.362419
1135.362419
1135.362419
1135.362419
1135.362419
1135.362419
1135.362419
1135.362419
1135.362419
1135.362419
1135.362419
1135.362419
1135.356313
1135.356313
1135.356313
1135.356313
1135.356313
1135.356313
1135.356313
1135.356313
1135.356313
1135.356313
1135.356313
1135.356313
1135.356313
1135.356313
1135.356313
1135.356313
1135.356313
1135.356313
1135.356313
1135.356313
1135.356313
1135.356313
1135.356313
1135.356313
1135.356313
1135.356313
1135.356313
1135.356313
1135.356313
1135.356313
1135.356313
1135.356313
1135.356313
1135.356313
1135.356313
1135.356313
1135.356313
1135.356313
1135.356313
1135.356313
1135.350617
1135.350617
1135.263493
1135.263493
1135.263493
1135.263493
1135.263493
1135.263493
1135.263493
1135.263493
1135.263493
1135.263493
1135.263493
1135.263493
1135.263493
1135.263493
1135.263493
1135.263493
1135.263493
1135.263493
1135.263493
1135.263493
1135.263493
1135.263493
1135.263493
1135.263493
1135.263493
1135.263493
1135.263493
1135.263493
1135.263493
1135.263493
1135.263493
1135.263493
1135.263493
1135.263493
1135.263493
1135.263493
1135.263493
1135.263493
1135.263493
1135.263493
1135.263493
1135.263493
1135.263493
1135.263493
1135.263493
1135.263493
1135.263493
1135.263493
1135.263493
1135.263493
1135.263493
1135.263493
1135.263493
1135.263493
1135.263493
1135.263493
1135.263493
1135.263493
1135.263493
1135.263493
1135.263493
1135.263493
1135.263493
1135.263493
1135.263493
1135.263493
1135.263493
1135.263493
1135.263493
1135.263493
1135.263493
1135.263493
1135.263493
1135.263493
1135.263493
1135.263493
1135.263493
1135.263493
1135.263493
1135.263493
1135.263493
1135.263493
1135.263493
1135.263493
1135.263493
1135.263493
1135.263493
1135.263493
1135.251124
1135.245823
1135.245823
1135.245823
1135.245823
1135.245823
1135.245823
1135.245823
1135.245823
1135.245823
1135.245823
1135.245823
1135.245823
1135.245823
1135.245823
1135.245823
1135.245823
1135.245823
1135.245823
1135.245823
1135.245823
1135.245823
1135.245823
1135.245823
1135.245823
1135.245823
1135.245823
1135.245823
1135.245823
1135.245823
1135.245823
1135.245823
1135.245823
1135.245823
1135.245823
1135.245823
1135.245823
1135.245823
1135.245823
1135.245823
1135.245823
1135.245823
1135.245823
1135.245823
1135.245823
1135.245823
1135.245823
1135.245823
1135.245823
1135.245823
1135.196155
1135.196155
1135.196155
1135.196155
1135.196155
1135.196155
1135.196155
1135.196155
1135.196155
1135.196155
1135.196155
1135.196155
1135.196155
1135.196155
1135.196155
1135.196155
1135.196155
1135.196155
1135.196155
1135.196155
1135.196155
1135.196155
1135.196155
1135.196155
1135.196155
1135.196155
1135.196155
1135.196155
1135.196155
1135.196155
1135.196155
1135.196155
1135.196155
1135.196155
1135.196155
1135.196155
1135.196155
1135.196155
1135.196155
1135.196155
1135.196155
1135.196155
1135.196155
1135.196155
1135.196155
1135.196155
1135.150653
1135.150653
1135.150653
1135.150653
1135.150653
1135.150653
1135.150653
1135.150653
1135.150653
1135.150653
1135.150653
1135.150653
1135.150653
1135.150653
1135.150653
1135.150653
1135.150653
1135.150653
1135.150653
1135.150653
1135.150653
1135.150653
1135.150653
1135.150653
1135.150653
1135.150653
1135.150653
1135.150653
1135.150653
1135.150653
1135.150653
1135.150653
1135.150653
1135.150653
1135.150653
1135.150653
1135.150653
1135.150653
1135.150653
1135.150653
1135.150653
1135.150653
1135.150653
1135.150653
1135.150653
1135.150653
1135.150653
1135.150653
1135.150653
1135.150653
1135.150653
1135.150653
1135.150653
1135.150653
1135.150653
1135.150653
1135.150653
1135.150653
1135.150653
1135.132550
1135.132550
1135.132550
1135.132550
1135.132550
1135.132550
1135.132550
1135.132550
1135.132550
1135.132550
1135.132550
1135.132550
1135.132550
1135.132550
1135.132550
1135.132550
1135.132550
1135.132550
1135.125024
1135.125024
1135.125024
1135.125024
1135.125024
1135.125024
1135.125024
1135.125024
1135.125024
1135.125024
1135.125024
1135.125024
1135.125024
1135.125024
1135.125024
1135.125024
1135.125024
1135.125024
1135.125024
1135.125024
1135.125024
1135.125024
1135.125024
1135.125024
1135.125024
1135.125024
1135.125024
1135.125024
1135.125024
1135.125024
1135.125024
1135.125024
1135.125024
1135.110089
1135.110089
1135.110089
1135.110089
1135.110089
1135.110089
1135.110089
1135.110089
1135.110089
1135.110089
1135.110089
1135.110089
1135.110089
1135.110089
1135.110089
1135.110089
1135.110089
1135.110089
1135.110089
1135.110089
1135.110089
1135.110089
1135.110089
1135.110089
1135.110089
1135.110089
1135.110089
1135.110089
1135.110089
1135.110089
1135.110089
1135.110089
1135.110089
1135.110089
1135.110089
1135.110089
1135.110089
1135.110089
1135.110089
1135.110089
1135.110089
1135.110089
1135.110089
1135.110089
1135.110089
1135.110089
1135.110089
1135.110089
1135.110089
1135.110089
1135.110089
1135.110089
1135.110089
1135.110089
1135.110089
1135.110089
1135.110089
1135.110089
1135.110089
1135.110089
1135.110089
1135.110089
1135.110089
1135.110089
1135.110089
1135.110089
1135.110089
1135.110089
1135.110089
1135.110089
1135.110089
1135.110089
1135.110089
1135.110089
1135.110089
1135.110089
1135.110089
1135.110089
1135.110089
1135.110089
1135.110089
1135.110089
1135.110089
1135.110089
1135.110089
1135.110089
1135.110089
1135.110089
1135.110089
1135.110089
1135.110089
1135.110089
1135.110089
1135.110089
1135.110089
1135.110089
1135.110089
1135.110089
1135.110089
1135.110089
1135.110089
1135.110089
1135.110089
1135.110089
1135.110089
1135.110089
1135.110089
1135.110089
1135.046406
1135.046406
1135.046406
1135.046406
1135.046406
1135.046406
1135.046406
1135.046406
1135.046406
1135.046406
1135.046406
1135.046406
1135.046406
1135.046406
1135.046406
1135.046406
1135.046406
1135.046406
1135.046406
1135.046406
1135.046406
1135.046406
1135.046406
1135.046406
1135.046406
1135.046406
1135.046406
1135.046406
1135.046406
1135.046406
1135.046406
1135.046406
1135.046406
1135.046406
1135.046406
1135.046406
1135.046406
1135.046406
1135.046406
1135.046406
1135.046406
1135.046406
1135.046406
1135.046406
1135.046406
1135.046406
1135.046406
1135.046406
1135.046406
1135.046406
1135.046406
1135.046406
1135.046406
1135.046406
1135.046406
1135.046406
1135.046406
1134.991663
1134.991663
1134.991663
1134.991663
1134.991663
1134.991663
1134.991663
1134.991663
1134.991663
1134.991663
1134.991663
1134.991663
1134.991663
1134.991663
1134.991663
1134.991663
1134.991663
1134.991663
1134.991663
1134.991663
1134.991663
1134.991663
1134.991663
1134.991663
1134.991663
1134.991663
1134.991663
1134.991663
1134.991663
1134.991663
1134.991663
1134.991663
1134.991663
1134.991663
1134.991663
1134.991663
1134.991663
1134.991663
1134.991663
1134.991663
1134.991663
1134.991663
1134.991663
1134.991663
1134.991663
1134.991663
1134.991663
1134.991663
1134.991663
1134.991663
1134.991663
1134.991663
1134.991663
1134.991663
1134.991663
1134.991663
1134.991663
1134.991663
1134.991663
1134.991663
1134.991663
1134.991663
1134.991663
1134.991663
1134.991663
1134.991663
1134.991663
1134.991663
1134.991663
1134.991663
1134.976218
1134.976218
1134.976218
1134.976218
1134.976218
1134.976218
1134.976218
1134.976218
1134.976218
1134.976218
1134.976218
1134.976218
1134.976218
1134.976218
1134.976218
1134.976218
1134.976218
1134.976218
1134.976218
1134.976218
1134.976218
1134.976218
1134.976218
1134.976218
1134.976218
1134.976218
1134.976218
1134.976218
1134.976218
1134.976218
1134.976218
1134.976218
1134.976218
1134.976218
1134.976218
1134.976218
1134.976218
1134.976218
1134.976218
1134.976218
1134.976218
1134.976218
1134.976218
1134.976218
1134.976218
1134.976218
1134.976218
1134.976218
1134.976218
1134.976218
1134.976218
1134.976218
1134.976218
1134.976218
1134.976218
1134.976218
1134.976218
1134.976218
1134.976218
1134.976218
1134.976218
1134.976218
1134.976218
1134.976218
1134.976218
1134.976218
1134.976218
1134.976218
1134.976218
1134.976218
1134.976218
1134.976218
1134.976218
1134.976218
1134.976218
1134.976218
1134.976218
1134.976218
1134.976218
1134.976218
1134.976218
1134.976218
1134.976218
1134.976218
1134.976218
1134.976218
1134.976218
1134.976218
1134.976218
1134.976218
1134.976218
1134.976218
1134.976218
1134.976218
1134.976218
1134.976218
1134.976218
1134.976218
1134.976218
1134.976218
1134.937192
1134.937192
1134.937192
1134.937192
1134.937192
1134.937192
1134.937192
1134.937192
1134.937192
1134.937192
1134.937192
1134.937192
1134.937192
1134.937192
1134.937192
1134.937192
1134.937192
1134.937192
1134.937192
1134.937192
1134.937192
1134.937192
1134.937192
1134.937192
1134.937192
1134.937192
1134.937192
1134.937192
1134.937192
1134.937192
1134.937192
1134.937192
1134.937192
1134.937192
1134.937192
1134.937192
1134.937192
1134.937192
1134.937192
1134.937192
1134.937192
1134.937192
1134.937192
1134.937192
1134.937192
1134.937192
1134.937192
1134.937192
1134.937192
1134.937192
1134.937192
1134.937192
1134.937192
1134.937192
1134.937192
1134.937192
1134.937192
1134.937192
1134.937192
1134.937192
1134.937192
1134.937192
1134.937192
1134.937192
1134.897625
1134.897625
1134.897625
1134.897625
1134.897625
1134.897625
1134.897625
1134.897625
1134.897625
1134.897625
1134.897625
1134.897625
1134.897625
1134.897625
1134.897625
1134.897625
1134.897625
1134.897625
1134.897625
1134.897625
1134.897625
1134.897625
1134.897625
1134.866359
1134.866359
1134.866359
1134.866359
1134.866359
1134.866359
1134.866359
1134.866359
1134.866359
1134.866359
1134.866359
1134.866359
1134.866359
1134.866359
1134.866359
1134.866359
1134.866359
1134.866359
1134.866359
1134.866359
1134.866359
1134.866359
1134.866359
1134.866359
1134.866359
1134.866359
1134.866359
1134.866359
1134.866359
1134.866359
1134.866359
1134.866359
1134.866359
1134.866359
1134.866359
1134.866359
1134.866359
1134.866359
1134.866359
1134.866359
1134.866359
1134.866359
1134.866359
1134.866359
1134.866359
1134.844048
1134.844048
1134.844048
1134.844048
1134.844048
1134.844048
1134.844048
1134.844048
1134.844048
1134.844048
1134.844048
1134.844048
1134.844048
1134.844048
1134.844048
1134.844048
1134.844048
1134.844048
1134.844048
1134.844048
1134.844048
1134.844048
1134.844048
1134.844048
1134.837087
1134.837087
1134.837087
1134.837087
1134.837087
1134.837087
1134.837087
1134.837087
1134.837087
1134.837087
1134.837087
1134.837087
1134.837087
1134.837087
1134.837087
1134.837087
1134.837087
1134.837087
1134.837087
1134.837087
1134.837087
1134.837087
1134.837087
1134.837087
1134.837087
1134.837087
1134.837087
1134.837087
1134.837087
1134.837087
1134.837087
1134.837087
1134.837087
1134.837087
1134.837087
1134.837087
1134.837087
1134.837087
1134.837087
1134.837087
1134.837087
1134.837087
1134.837087
1134.837087
1134.837087
1134.837087
1134.837087
1134.837087
1134.837087
1134.837087
1134.837087
1134.837087
1134.837087
1134.837087
1134.837087
1134.837087
1134.837087
1134.837087
1134.837087
1134.832000
1134.832000
1134.832000
1134.816299
1134.816299
1134.800359
1134.800359
1134.800359
1134.800359
1134.800359
1134.800359
1134.800359
1134.800359
1134.800359
1134.800359
1134.800359
1134.800359
1134.800359
1134.800359
1134.800359
1134.800359
1134.800359
1134.800359
1134.800359
1134.800359
1134.800359
1134.800359
1134.800359
1134.800359
1134.800359
1134.800359
1134.800359
1134.800359
1134.800359
1134.800359
1134.800359
1134.800359
1134.800359
1134.800359
1134.800359
1134.800359
1134.800359
1134.800359
1134.800359
1134.800359
1134.800359
1134.800359
1134.800359
1134.800359
1134.800359
1134.800359
1134.800359
1134.800359
1134.800359
1134.800359
1134.800359
1134.800359
1134.800359
1134.800359
1134.800359
1134.800359
1134.800359
1134.800359
1134.800359
1134.800359
1134.800359
1134.800359
1134.799977
1134.799977
1134.799977
1134.799977
1134.799977
1134.799977
1134.787708
1134.787708
1134.787708
1134.787708
1134.787708
1134.787708
1134.787708
1134.787708
1134.787708
1134.787708
1134.787708
1134.787708
1134.787708
1134.787708
1134.787708
1134.787708
1134.787708
1134.787708
1134.787708
1134.787708
1134.787708
1134.787708
1134.787708
1134.787708
1134.787708
1134.787708
1134.787708
1134.787708
1134.787708
1134.787708
1134.787708
1134.787708
1134.787708
1134.787708
1134.787708
1134.787708
1134.787708
1134.787708
1134.787708
1134.787708
1134.787708
1134.787708
1134.787708
1134.787708
1134.787708
1134.787708
1134.787708
1134.787708
1134.787708
1134.787708
1134.787708
1134.787708
1134.787708
1134.787708
1134.787708
1134.787708
1134.787708
1134.787708
1134.787708
1134.787708
1134.787708
1134.787708
1134.787708
1134.787708
1134.787708
1134.787708
1134.787708
1134.787708
1134.787708
1134.787708
1134.787708
1134.787708
1134.787708
1134.787708
1134.787708
1134.787708
1134.787708
1134.787708
1134.787708
1134.787708
1134.787708
1134.787708
1134.787708
1134.787708
1134.787708
1134.787708
1134.787708
1134.787708
1134.787708
1134.787708
1134.787708
1134.787708
1134.787708
1134.787708
1134.787708
1134.787708
1134.787708
1134.787708
1134.787708
1134.787708
1134.787708
1134.787708
1134.787708
1134.787708
1134.787708
1134.787708
1134.787708
1134.787708
1134.787708
1134.787708
1134.787708
1134.787708
1134.787708
1134.787708
1134.787708
1134.787708
1134.787708
1134.787708
1134.787708
1134.787708
1134.787708
1134.787708
1134.787708
1134.787708
1134.787708
1134.787708
1134.787708
1134.787708
1134.787708
1134.787708
1134.787708
1134.787708
1134.787708
1134.787708
1134.744426
1134.744426
1134.744426
1134.744426
1134.744426
1134.744426
1134.744426
1134.744426
1134.744426
1134.744426
1134.744426
1134.744426
1134.744426
1134.744426
1134.685187
1134.685187
1134.685187
1134.685187
1134.685187
1134.685187
1134.685187
1134.685187
1134.685187
1134.685187
1134.685187
1134.685187
1134.685187
1134.685187
1134.685187
1134.685187
1134.685187
1134.685187
1134.685187
1134.685187
1134.685187
1134.685187
1134.685187
1134.685187
1134.685187
1134.685187
1134.685187
1134.685187
1134.685187
1134.685187
1134.685187
1134.685187
1134.685187
1134.685187
1134.685187
1134.685187
1134.685187
1134.685187
1134.685187
1134.685187
1134.685187
1134.685187
1134.685187
1134.685187
1134.685187
1134.685187
1134.685187
1134.685187
1134.685187
1134.685187
1134.685187
1134.685187
1134.685187
1134.685187
1134.685187
1134.685187
1134.685187
1134.685187
1134.685187
1134.685187
1134.685187
1134.685187
1134.685187
1134.685187
1134.685187
1134.685187
1134.685187
1134.685187
1134.685187
1134.685187
1134.685187
1134.685187
1134.685187
1134.685187
1134.685187
1134.685187
1134.685187
1134.685187
1134.685187
1134.685187
1134.685187
1134.685187
1134.685187
1134.665987
1134.665987
1134.665987
1134.665987
1134.665987
1134.665987
1134.665987
1134.665987
1134.665987
1134.665987
1134.665987
1134.665987
1134.665987
1134.665987
1134.665987
1134.665987
1134.665987
1134.665987
1134.665987
1134.665987
1134.665987
1134.665987
1134.665987
1134.665987
1134.665987
1134.665987
1134.665987
1134.665987
1134.665987
1134.665987
1134.665987
1134.665987
1134.665987
1134.665987
1134.665987
1134.665987
1134.665987
1134.665987
1134.665987
1134.665987
1134.665987
1134.665987
1134.665987
1134.665987
1134.665987
1134.665987
1134.665987
1134.665987
1134.665987
1134.665987
1134.665987
1134.639510
1134.639510
1134.639510
1134.639510
1134.639510
1134.639510
1134.639510
1134.639510
1134.639510
1134.639510
1134.639510
1134.639510
1134.639510
1134.639510
1134.639510
1134.639510
1134.639510
1134.639510
1134.639510
1134.639510
1134.639510
1134.639510
1134.639510
1134.639510
1134.639510
1134.639510
1134.639510
1134.639510
1134.639510
1134.639510
1134.639510
1134.639510
1134.639510
1134.639510
1134.639510
1134.639510
1134.639510
1134.639510
1134.639510
1134.639510
1134.639510
1134.639510
1134.639510
1134.639510
1134.610634
1134.610634
1134.610634
1134.610634
1134.610634
1134.610634
1134.610634
1134.610634
1134.610634
1134.610634
1134.610634
1134.610634
1134.610634
1134.610634
1134.610634
1134.610634
1134.610634
1134.610634
1134.610634
1134.610634
1134.610634
1134.610634
1134.610634
1134.610634
1134.610634
1134.610634
1134.610634
1134.610634
1134.610634
1134.610634
1134.610634
1134.610634
1134.610634
1134.610634
1134.610634
1134.610634
1134.610634
1134.610634
1134.610634
1134.610634
1134.610634
1134.610634
1134.610634
1134.610634
1134.591915
1134.591915
1134.591915
1134.591915
1134.591915
1134.591915
1134.591915
1134.591915
1134.591915
1134.591915
1134.591915
1134.591915
1134.591915
1134.591915
1134.591915
1134.591915
1134.591915
1134.591915
1134.591915
1134.591915
1134.591915
1134.591915
1134.591915
1134.591915
1134.591915
1134.591915
1134.591915
1134.591915
1134.591915
1134.591915
1134.591915
1134.591915
1134.591915
1134.591915
1134.591915
1134.591915
1134.591915
1134.591915
1134.591915
1134.591915
1134.591915
1134.591915
1134.591915
1134.591915
1134.591915
1134.591915
1134.591915
1134.591915
1134.591915
1134.591915
1134.591915
1134.591915
1134.591915
1134.591915
1134.591915
1134.591915
1134.591915
1134.591915
1134.591915
1134.591915
1134.591915
1134.591915
1134.591915
1134.591915
1134.591915
1134.591915
1134.591915
1134.591915
1134.591915
1134.591915
1134.591915
1134.591915
1134.591915
1134.591915
1134.591915
1134.591915
1134.591915
1134.591915
1134.591915
1134.591915
1134.591915
1134.591915
1134.591915
1134.591915
1134.591915
1134.591915
1134.591915
1134.591915
1134.591915
1134.591915
1134.591915
1134.591915
1134.591915
1134.591915
1134.591915
1134.591915
1134.591915
1134.591915
1134.591915
1134.591915
1134.591915
1134.591915
1134.591915
1134.591915
1134.591915
1134.591915
1134.591915
1134.591915
1134.591915
1134.591915
1134.591915
1134.591915
1134.591915
1134.591915
1134.591915
1134.591915
1134.591915
1134.591915
1134.591915
1134.591915
1134.591915
1134.591915
1134.591915
1134.591915
1134.591915
1134.591915
1134.591915
1134.591915
1134.591915
1134.591915
1134.591915
1134.591915
1134.591915
1134.591915
1134.591915
1134.591915
1134.591915
1134.591915
1134.591915
1134.591915
1134.591915
1134.591915
1134.591915
1134.591915
1134.591915
1134.591915
1134.591915
1134.591915
1134.591915
1134.591915
1134.591915
1134.568227
1134.568227
1134.568227
1134.568227
1134.568227
1134.568227
1134.568227
1134.568227
1134.568227
1134.568227
1134.568227
1134.568227
1134.568227
1134.568227
1134.568227
1134.568227
1134.568227
1134.568227
1134.568227
1134.568227
1134.568227
1134.568227
1134.568227
1134.568227
1134.568227
1134.568227
1134.568227
1134.568227
1134.568227
1134.568227
1134.568227
1134.568227
1134.568227
1134.568227
1134.568227
1134.568227
1134.568227
1134.568227
1134.568227
1134.568227
1134.568227
1134.568227
1134.568227
1134.568227
1134.568227
1134.568227
1134.568227
1134.568227
1134.568227
1134.568227
1134.568227
1134.568227
1134.568227
1134.567112
1134.567112
1134.567112
1134.567112
1134.567112
1134.567112
1134.567112
1134.567112
1134.567112
1134.567112
1134.567112
1134.567112
1134.567112
1134.567112
1134.567112
1134.567112
1134.567112
1134.567112
1134.567112
1134.567112
1134.567112
1134.567112
1134.567112
1134.567112
1134.567112
1134.567112
1134.567112
1134.567112
1134.561378
1134.561378
1134.561378
1134.561378
1134.561378
1134.561378
1134.561378
1134.561378
1134.561378
1134.561378
1134.561378
1134.561378
1134.561378
1134.561378
1134.561378
1134.561378
1134.561378
1134.561378
1134.561378
1134.561378
1134.561378
1134.561378
1134.561378
1134.561378
1134.561378
1134.561378
1134.561378
1134.561378
1134.561378
1134.561378
1134.561378
1134.561378
1134.561378
1134.545411
1134.545411
1134.545411
1134.545411
1134.545411
1134.545411
1134.545411
1134.545411
1134.545411
1134.545411
1134.545411
1134.514752
1134.514752
1134.514752
1134.514752
1134.514752
1134.514752
1134.514752
1134.514752
1134.514752
1134.514752
1134.514752
1134.514752
1134.514752
1134.514752
1134.514752
1134.514752
1134.514752
1134.514752
1134.514752
1134.514752
1134.514752
1134.514752
1134.514752
1134.514752
1134.514752
1134.514752
1134.514752
1134.514752
1134.514752
1134.514752
1134.514752
1134.514752
1134.514752
1134.514752
1134.514752
1134.514752
1134.514752
1134.514752
1134.514752
1134.514752
1134.514752
1134.514752
1134.514752
1134.514752
1134.514752
1134.514752
1134.514752
1134.514752
1134.514752
1134.514752
1134.514752
1134.514752
1134.514752
1134.514752
1134.514752
1134.514752
1134.514752
1134.514752
1134.514752
1134.514752
1134.514752
1134.514752
1134.514752
1134.514752
1134.514752
1134.514752
1134.514752
1134.514752
1134.514752
1134.514752
1134.514752
1134.514752
1134.514752
1134.514752
1134.514752
1134.514752
1134.514752
1134.514752
1134.514752
1134.514752
1134.514752
1134.514752
1134.514752
1134.514752
1134.514752
1134.514752
1134.514752
1134.514752
1134.514752
1134.514752
1134.514752
1134.514752
1134.514752
1134.514752
1134.502563
1134.502563
1134.502563
1134.502563
1134.502563
1134.502563
1134.502563
1134.502563
1134.502563
1134.502563
1134.502563
1134.502563
1134.502563
1134.502563
1134.502563
1134.502563
1134.502563
1134.502563
1134.502563
1134.502563
1134.502563
1134.502563
1134.502563
1134.502563
1134.502563
1134.502563
1134.502563
1134.502563
1134.502563
1134.502563
1134.502563
1134.502563
1134.502563
1134.502563
1134.502563
1134.502563
1134.502563
1134.502563
1134.502563
1134.502563
1134.502563
1134.502563
1134.502563
1134.502563
1134.502563
1134.502563
1134.502563
1134.502563
1134.502563
1134.502563
1134.502563
1134.502563
1134.502563
1134.502563
1134.502563
1134.502563
1134.502563
1134.502563
1134.502563
1134.498085
1134.498085
1134.498085
1134.498085
1134.498085
1134.498085
1134.498085
1134.498085
1134.498085
1134.498085
1134.498085
1134.498085
1134.498085
1134.498085
1134.498085
1134.498085
1134.498085
1134.498085
1134.498085
1134.469158
1134.469158
1134.469158
1134.469158
1134.469158
1134.469158
1134.469158
1134.469158
1134.469158
1134.469158
1134.469158
1134.469158
1134.469158
1134.469158
1134.469158
1134.469158
1134.469158
1134.469158
1134.469158
1134.469158
1134.469158
1134.469158
1134.469158
1134.469158
1134.469158
1134.469158
1134.469158
1134.469158
1134.469158
1134.469158
1134.469158
1134.469158
1134.469158
1134.469158
1134.469158
1134.469158
1134.469158
1134.469158
1134.469158
1134.469158
1134.469158
1134.469158
1134.469158
1134.469158
1134.469158
1134.469158
1134.469158
1134.469158
1134.469158
1134.469158
1134.469158
1134.469158
1134.469158
1134.469158
1134.469158
1134.469158
1134.469158
1134.469158
1134.469158
1134.452022
1134.452022
1134.452022
1134.452022
1134.452022
1134.452022
1134.452022
1134.452022
1134.410347
1134.410347
1134.410347
1134.410347
1134.410347
1134.410347
1134.410347
1134.410347
1134.410347
1134.410347
1134.410347
1134.410347
1134.410347
1134.410347
1134.410347
1134.410347
1134.410347
1134.410347
1134.410347
1134.410347
1134.410347
1134.410347
1134.410347
1134.410347
1134.410347
1134.410347
1134.410347
1134.410347
1134.410347
1134.410347
1134.410347
1134.410347
1134.410347
1134.410347
1134.410347
1134.410347
1134.410347
1134.410347
1134.410347
1134.410347
1134.410347
1134.410347
1134.410347
1134.410347
1134.410347
1134.410347
1134.410347
1134.410347
1134.410347
1134.410347
1134.410347
1134.410347
1134.410347
1134.410347
1134.410347
1134.410347
1134.410347
1134.410347
1134.410347
1134.410347
1134.410347
1134.410347
1134.410347
1134.410347
1134.410347
1134.410347
1134.410347
1134.410347
1134.410347
1134.410347
1134.410347
1134.410347
1134.410347
1134.410347
1134.410347
1134.410347
1134.410347
1134.410347
1134.410347
1134.410347
1134.410347
1134.410347
1134.410347
1134.410347
1134.410347
1134.410347
1134.410347
1134.410347
1134.410347
1134.410347
1134.410347
1134.410347
1134.410347
1134.410347
1134.410347
1134.410347
1134.410347
1134.410347
1134.410347
1134.410347
1134.410347
1134.410347
1134.410347
1134.410347
1134.410347
1134.410347
1134.410347
1134.410347
1134.410347
1134.410347
1134.410347
1134.410347
1134.410347
1134.410347
1134.410347
1134.410347
1134.410347
1134.410347
1134.410347
1134.410347
1134.410347
1134.410347
1134.410347
1134.410347
1134.410347
1134.410347
1134.410347
1134.410347
1134.410347
1134.410347
1134.410347
1134.410347
1134.410347
1134.410347
1134.410347
1134.410347
1134.410347
1134.410347
1134.410347
1134.410347
1134.410347
1134.410347
1134.410347
1134.410347
1134.410347
1134.410347
1134.410347
1134.410347
1134.410347
1134.410347
1134.410347
1134.410347
1134.410347
1134.410347
1134.410347
1134.410347
1134.410347
1134.410347
1134.410347
1134.410347
1134.410347
1134.410347
1134.410347
1134.410347
1134.410347
1134.410347
1134.407685
1134.407685
1134.407685
1134.407685
1134.407685
1134.407685
1134.407685
1134.407685
1134.407685
1134.407685
1134.407685
1134.407685
1134.407685
1134.407685
1134.407685
1134.407685
1134.407685
1134.407685
1134.407685
1134.407685
1134.407685
1134.407685
1134.407685
1134.407685
1134.407685
1134.407685
1134.407685
1134.407685
1134.407685
1134.407685
1134.407685
1134.407685
1134.407685
1134.407685
1134.407685
1134.407685
1134.407685
1134.407685
1134.407685
1134.407685
1134.407685
1134.407685
1134.407685
1134.407685
1134.407685
1134.407685
1134.407685
1134.407685
1134.407685
1134.407685
1134.407685
1134.407685
1134.407685
1134.407685
1134.407685
1134.404281
1134.404281
1134.404281
1134.404281
1134.404281
1134.404281
1134.404281
1134.404281
1134.404281
1134.404281
1134.404281
1134.404281
1134.404281
1134.404281
1134.402499
1134.402499
1134.402499
1134.402499
1134.402499
1134.402499
1134.402499
1134.402499
1134.402499
1134.369567
1134.369567
1134.369567
1134.369567
1134.369567
1134.369567
1134.369567
1134.369567
1134.369567
1134.369567
1134.369567
1134.369567
1134.369567
1134.369567
1134.369567
1134.369567
1134.369567
1134.369567
1134.369567
1134.369567
1134.369567
1134.369567
1134.369567
1134.369567
1134.369567
1134.369567
1134.369567
1134.369567
1134.369567
1134.369567
1134.369567
1134.369567
1134.369567
1134.369567
1134.369567
1134.369567
1134.369567
1134.369567
1134.369567
1134.369567
1134.369567
1134.369567
1134.369567
1134.369567
1134.369567
1134.369567
1134.369567
1134.369567
1134.369567
1134.369567
1134.347907
1134.347907
1134.347907
1134.347907
1134.347907
1134.347907
1134.347907
1134.347907
1134.347907
1134.347907
1134.347907
1134.347907
1134.347907
1134.347907
1134.347907
1134.347907
1134.347907
1134.347907
1134.347907
1134.347907
1134.347907
1134.347907
1134.347907
1134.347907
1134.347907
1134.347907
1134.347907
1134.347907
1134.347907
1134.347907
1134.347907
1134.347907
1134.347907
1134.347907
1134.347907
1134.347907
1134.347907
1134.347907
1134.347907
1134.347907
1134.347907
1134.347907
1134.347907
1134.345757
1134.345757
1134.345757
1134.345757
1134.345757
1134.345757
1134.345757
1134.345757
1134.345757
1134.345757
1134.345757
1134.345757
1134.345757
1134.345757
1134.345757
1134.345757
1134.345757
1134.345757
1134.345757
1134.345757
1134.345757
1134.345757
1134.345757
1134.345757
1134.345757
1134.345757
1134.345757
1134.345757
1134.345757
1134.345757
1134.345757
1134.345757
1134.345757
1134.345757
1134.345757
1134.345757
1134.345757
1134.345757
1134.345757
1134.345757
1134.345757
1134.345757
1134.345757
1134.345757
1134.344304
1134.344304
1134.344304
1134.344304
1134.344304
1134.344304
1134.310581
1134.310581
1134.310581
1134.310581
1134.310581
1134.310581
1134.310581
1134.310581
1134.310581
1134.310581
1134.310581
1134.310581
1134.310581
1134.310581
1134.310581
1134.310581
1134.310581
1134.310581
1134.310581
1134.310581
1134.310581
1134.310581
1134.310581
1134.310581
1134.310581
1134.310581
1134.310581
1134.310581
1134.310581
1134.310581
1134.310581
1134.310581
1134.310581
1134.310581
1134.310581
1134.310581
1134.310581
1134.310581
1134.310581
1134.310581
1134.310581
1134.310581
1134.310581
1134.310581
1134.310581
1134.310581
1134.310581
1134.310581
1134.310581
1134.310581
1134.310581
1134.310581
1134.300934
1134.300934
1134.300934
1134.300934
1134.300934
1134.300934
1134.273078
1134.273078
1134.273078
1134.273078
1134.273078
1134.273078
1134.273078
1134.273078
1134.273078
1134.273078
1134.273078
1134.273078
1134.273078
1134.273078
1134.273078
1134.273078
1134.273078
1134.273078
1134.273078
1134.273078
1134.273078
1134.273078
1134.273078
1134.273078
1134.273078
1134.273078
1134.273078
1134.273078
1134.273078
1134.273078
1134.273078
1134.273078
1134.273078
1134.273078
1134.273078
1134.273078
1134.273078
1134.273078
1134.273078
1134.273078
1134.273078
1134.273078
1134.273078
1134.273078
1134.235566
1134.235566
1134.235566
1134.235566
1134.235566
1134.235566
1134.235566
1134.235566
1134.235566
1134.235566
1134.235566
1134.235566
1134.235566
1134.235566
1134.235566
1134.235566
1134.235566
1134.235566
1134.235566
1134.235566
1134.235566
1134.235566
1134.235566
1134.235566
1134.235566
1134.235566
1134.235566
1134.235566
1134.235566
1134.235566
1134.235566
1134.235566
1134.235566
1134.235566
1134.235566
1134.235566
1134.235566
1134.235566
1134.235566
1134.235566
1134.235566
1134.235566
1134.235566
1134.235566
1134.235566
1134.235566
1134.235566
1134.235566
1134.235566
1134.235566
1134.235566
1134.235566
1134.235566
1134.235566
1134.235566
1134.235566
1134.235566
1134.235566
1134.235566
1134.235566
1134.235566
1134.235566
1134.235566
1134.235566
1134.235566
1134.235566
1134.235566
1134.235566
1134.235566
1134.235566
1134.235566
1134.235566
1134.235566
1134.235566
1134.235566
1134.235566
1134.235566
1134.235566
1134.235566
1134.235566
1134.235566
1134.235566
1134.235566
1134.235566
1134.235566
1134.235566
1134.235566
1134.235566
1134.235566
1134.235566
1134.235566
1134.235566
1134.235566
1134.235566
1134.235566
1134.235566
1134.235566
1134.235566
1134.235566
1134.235566
1134.235566
1134.223796
1134.223796
1134.223796
1134.223796
1134.223796
1134.223796
1134.223796
1134.223796
1134.223796
1134.212611
1134.212611
1134.212611
1134.212611
1134.212611
1134.212611
1134.212611
1134.212611
1134.212611
1134.212611
1134.212611
1134.212611
1134.212611
1134.212611
1134.212611
1134.212611
1134.212611
1134.212611
1134.212611
1134.212611
1134.212611
1134.212611
1134.212611
1134.212611
1134.212611
1134.212611
1134.212611
1134.212611
1134.212611
1134.212611
1134.212611
1134.212611
1134.212611
1134.212611
1134.212611
1134.212611
1134.212611
1134.212611
1134.212611
1134.212611
1134.212611
1134.212611
1134.212611
1134.212611
1134.212611
1134.212611
1134.212611
1134.212611
1134.212611
1134.212611
1134.212611
1134.212611
1134.212611
1134.212611
1134.212611
1134.212611
1134.212611
1134.212611
1134.212611
1134.212611
1134.212611
1134.212611
1134.212611
1134.212611
1134.209225
1134.209225
1134.209225
1134.209225
1134.209225
1134.209225
1134.209225
1134.209225
1134.209225
1134.209225
1134.209225
1134.209225
1134.209225
1134.209225
1134.209225
1134.209225
1134.209225
1134.209225
1134.209225
1134.209225
1134.209225
1134.209225
1134.209225
1134.209225
1134.209225
1134.209225
1134.209225
1134.209225
1134.209225
1134.209225
1134.209225
1134.209225
1134.209225
1134.196620
1134.196620
1134.196620
1134.196620
1134.196620
1134.196620
1134.196620
1134.196620
1134.196620
1134.196620
1134.196620
1134.196620
1134.196620
1134.196620
1134.196620
1134.196620
1134.196620
1134.196620
1134.196620
1134.196620
1134.196620
1134.196620
1134.196620
1134.196620
1134.196620
1134.196620
1134.196620
1134.196620
1134.196620
1134.196620
1134.196620
1134.196620
1134.196620
1134.196620
1134.196620
1134.196620
1134.196620
1134.196620
1134.196620
1134.196620
1134.196620
1134.196620
1134.196620
1134.178272
1134.178272
1134.178272
1134.178272
1134.178272
1134.178272
1134.178272
1134.178272
1134.178272
1134.178272
1134.178272
1134.178272
1134.178272
1134.178272
1134.178272
1134.178272
1134.178272
1134.178272
1134.178272
1134.178272
1134.178272
1134.178272
1134.178272
1134.178272
1134.178272
1134.178272
1134.178272
1134.178272
1134.178272
1134.178272
1134.178272
1134.178272
1134.178272
1134.178272
1134.178272
1134.178272
1134.178272
1134.178272
1134.178272
1134.178272
1134.178272
1134.178272
1134.178272
1134.178272
1134.178272
1134.178272
1134.178272
1134.169436
1134.169436
1134.169436
1134.169436
1134.169436
1134.169436
1134.169436
1134.169436
1134.169436
1134.169436
1134.169436
1134.169436
1134.169436
1134.169436
1134.169436
1134.169436
1134.169436
1134.169436
1134.169436
1134.169436
1134.169436
1134.169436
1134.169436
1134.169436
1134.169436
1134.169436
1134.169436
1134.169436
1134.169436
1134.169436
1134.169436
1134.169436
1134.169436
1134.169436
1134.169436
1134.169436
1134.169436
1134.169436
1134.169436
1134.169436
1134.169436
1134.169436
1134.169436
1134.169436
1134.169436
1134.169436
1134.169436
1134.169436
1134.169436
1134.169436
1134.155616
1134.155616
1134.155616
1134.155616
1134.155616
1134.122250
1134.122250
1134.122250
1134.122250
1134.122250
1134.122250
1134.122250
1134.122250
1134.122250
1134.122250
1134.122250
1134.122250
1134.122250
1134.122250
1134.122250
1134.122250
1134.122250
1134.122250
1134.122250
1134.122250
1134.122250
1134.122250
1134.122250
1134.122250
1134.122250
1134.122250
1134.122250
1134.122250
1134.122250
1134.122250
1134.122250
1134.122250
1134.122250
1134.122250
1134.122250
1134.122250
1134.122250
1134.122250
1134.122250
1134.122250
1134.122250
1134.122250
1134.122250
1134.122250
1134.122250
1134.122250
1134.122250
1134.122250
1134.122250
1134.122250
1134.122250
1134.122250
1134.122250
1134.122250
1134.122250
1134.122250
1134.030050
1134.030050
1134.030050
1134.030050
1134.030050
1134.030050
1134.030050
1134.030050
1134.030050
1134.030050
1134.030050
1134.030050
1134.030050
1134.030050
1134.030050
1134.030050
1134.030050
1134.030050
1134.030050
1134.030050
1134.030050
1134.030050
1134.030050
1134.030050
1134.030050
1134.030050
1134.030050
1134.030050
1134.030050
1134.030050
1134.030050
1134.030050
1134.030050
1134.030050
1134.030050
1134.030050
1134.000680
1134.000680
1134.000680
1134.000680
1134.000680
1134.000680
1134.000680
1134.000680
1134.000680
1134.000680
1134.000680
1134.000680
1134.000680
1134.000680
1134.000680
1134.000680
1134.000680
1134.000680
1134.000680
1134.000680
1134.000680
1134.000680
1134.000680
1134.000680
1134.000680
1134.000680
1134.000680
1134.000680
1134.000680
1134.000680
1134.000680
1134.000680
1134.000680
1134.000680
1134.000680
1134.000680
1134.000680
1134.000680
1134.000680
1134.000680
1134.000680
1134.000680
1134.000680
1134.000680
1134.000680
1134.000680
1134.000680
1134.000680
1134.000680
1134.000680
1134.000680
1134.000680
1134.000680
1134.000680
1134.000680
1134.000680
1134.000680
1134.000680
1134.000680
1134.000680
1133.934482
1133.934482
1133.934482
1133.934482
1133.934482
1133.934482
1133.934482
1133.934482
1133.934482
1133.934482
1133.934482
1133.934482
1133.934482
1133.934482
1133.934482
1133.934482
1133.934482
1133.934482
1133.934482
1133.934482
1133.934482
1133.934482
1133.934482
1133.934482
1133.934482
1133.934482
1133.934482
1133.934482
1133.934482
1133.934482
1133.934482
1133.934482
1133.934482
1133.934482
1133.934482
1133.934482
1133.934482
1133.934482
1133.934482
1133.934482
1133.934482
1133.934482
1133.934482
1133.934482
1133.934482
1133.934482
1133.934482
1133.934482
1133.934482
1133.934482
1133.934482
1133.934482
1133.934482
1133.934482
1133.934482
1133.934482
1133.934482
1133.934482
1133.934482
1133.934482
1133.934482
1133.934482
1133.934482
1133.934482
1133.934482
1133.934482
1133.934482
1133.934482
1133.934482
1133.934482
1133.934482
1133.934482
1133.934482
1133.934482
1133.934482
1133.934482
1133.934482
1133.934482
1133.934482
1133.934482
1133.934482
1133.934482
1133.934482
1133.934482
1133.934482
1133.934482
1133.934482
1133.934482
1133.934482
1133.934482
1133.934482
1133.934482
1133.934482
1133.934482
1133.934482
1133.934482
1133.934482
1133.934482
1133.934482
1133.934482
1133.934482
1133.934482
1133.934482
1133.934482
1133.934482
1133.934482
1133.934482
1133.934482
1133.934482
1133.934482
1133.934482
1133.934482
1133.934482
1133.934482
1133.934482
1133.934482
1133.934482
1133.934482
1133.934482
1133.934482
1133.934482
1133.934482
1133.934482
1133.934482
1133.934482
1133.934482
1133.934482
1133.934482
1133.934482
1133.934482
1133.934482
1133.934482
1133.934482
1133.934482
1133.934482
1133.934482
1133.934482
1133.934482
1133.934482
1133.934482
1133.934482
1133.934482
1133.934482
1133.934340
1133.934340
1133.934340
1133.934340
1133.934340
1133.934340
1133.934340
1133.934340
1133.934340
1133.934340
1133.934340
1133.895604
1133.895604
1133.895604
1133.895604
1133.895604
1133.895604
1133.895604
1133.895604
1133.895604
1133.895604
1133.895604
1133.895604
1133.895604
1133.895604
1133.895604
1133.895604
1133.895604
1133.895604
1133.895604
1133.895604
1133.895604
1133.895604
1133.895604
1133.895604
1133.895604
1133.895604
1133.895604
1133.895604
1133.895604
1133.895604
1133.895604
1133.895604
1133.895604
1133.895604
1133.895604
1133.895604
1133.895604
1133.895604
1133.895604
1133.895604
1133.895604
1133.895604
1133.895604
1133.895604
1133.895604
1133.895604
1133.883008
1133.883008
1133.883008
1133.883008
1133.883008
1133.883008
1133.883008
1133.883008
1133.883008
1133.883008
1133.883008
1133.883008
1133.883008
1133.883008
1133.883008
1133.883008
1133.883008
1133.883008
1133.883008
1133.883008
1133.883008
1133.883008
1133.883008
1133.883008
1133.883008
1133.883008
1133.883008
1133.883008
1133.883008
1133.883008
1133.883008
1133.883008
1133.883008
1133.883008
1133.883008
1133.883008
1133.883008
1133.883008
1133.883008
1133.883008
1133.883008
1133.883008
1133.883008
1133.883008
1133.883008
1133.883008
1133.883008
1133.883008
1133.883008
1133.883008
1133.883008
1133.883008
1133.883008
1133.883008
1133.883008
1133.883008
1133.883008
1133.883008
1133.883008
1133.883008
1133.883008
1133.883008
1133.883008
1133.883008
1133.883008
1133.883008
1133.883008
1133.883008
1133.883008
1133.883008
1133.883008
1133.883008
1133.883008
1133.883008
1133.883008
1133.883008
1133.883008
1133.883008
1133.883008
1133.883008
1133.883008
1133.883008
1133.883008
1133.883008
1133.883008
1133.883008
1133.883008
1133.883008
1133.883008
1133.883008
1133.883008
1133.883008
1133.874215
1133.874215
1133.861730
1133.861730
1133.861730
1133.861730
1133.861730
1133.861730
1133.861730
1133.861730
1133.861730
1133.861730
1133.861730
1133.861730
1133.861730
1133.861730
1133.861730
1133.861730
1133.861730
1133.861730
1133.861730
1133.861730
1133.861730
1133.861730
1133.861730
1133.861730
1133.861730
1133.861730
1133.861730
1133.861730
1133.861730
1133.861730
1133.861730
1133.861730
1133.861730
1133.861730
1133.861730
1133.861730
1133.861730
1133.861730
1133.861730
1133.861730
1133.861730
1133.861730
1133.861730
1133.861730
1133.861730
1133.861730
1133.861730
1133.861730
1133.861730
1133.861730
1133.861730
1133.861730
1133.861730
1133.861730
1133.861730
1133.861730
1133.861730
1133.861730
1133.861730
1133.861730
1133.861730
1133.861730
1133.861730
1133.861730
1133.861730
1133.861730
1133.861730
1133.861730
1133.861730
1133.861730
1133.861730
1133.861730
1133.861730
1133.861730
1133.861730
1133.861730
1133.861730
1133.861730
1133.861730
1133.861730
1133.861730
1133.861730
1133.861730
1133.861730
1133.861730
1133.861730
1133.861730
1133.861730
1133.861730
1133.861730
1133.861730
1133.861730
1133.861730
1133.861730
1133.861730
1133.861730
1133.861730
1133.861730
1133.861730
1133.861730
1133.861730
1133.861730
1133.861730
1133.861730
1133.861730
1133.861730
1133.861730
1133.861730
1133.861730
1133.861730
1133.861730
1133.861730
1133.861730
1133.861730
1133.861730
1133.861730
1133.861730
1133.861730
1133.861730
1133.861730
1133.861730
1133.861730
1133.861730
1133.861730
1133.861730
1133.849886
1133.849886
1133.849886
1133.849886
1133.849886
1133.849886
1133.849886
1133.849886
1133.849886
1133.849886
1133.849886
1133.849886
1133.849886
1133.849886
1133.849886
1133.849886
1133.849886
1133.849886
1133.849886
1133.849886
1133.849886
1133.849886
1133.849886
1133.849886
1133.849886
1133.849886
1133.849886
1133.849886
1133.849886
1133.849886
1133.849886
1133.849886
1133.849886
1133.849886
1133.849886
1133.849886
1133.849886
1133.849886
1133.849886
1133.849886
1133.849886
1133.849886
1133.849886
1133.849886
1133.849886
1133.849886
1133.849886
1133.849886
1133.849886
1133.849886
1133.849886
1133.849886
1133.849886
1133.849886
1133.849886
1133.849886
1133.849886
1133.849886
1133.849886
1133.849886
1133.849886
1133.849886
1133.849886
1133.849886
1133.849886
1133.849886
1133.849886
1133.849886
1133.849886
1133.849886
1133.849886
1133.849886
1133.849886
1133.849886
1133.849886
1133.849886
1133.849886
1133.849886
1133.849886
1133.849886
1133.849886
1133.849886
1133.849886
1133.849886
1133.849886
1133.849886
1133.849886
1133.832449
1133.832449
1133.832449
1133.832449
1133.832449
1133.832449
1133.832449
1133.832449
1133.832449
1133.832449
1133.832449
1133.832449
1133.832449
1133.832449
1133.832449
1133.832449
1133.832449
1133.832449
1133.832449
1133.832449
1133.832449
1133.832449
1133.832449
1133.832449
1133.832449
1133.832449
1133.832449
1133.832449
1133.832449
1133.832449
1133.832449
1133.832449
1133.832449
1133.832449
1133.832449
1133.832449
1133.832449
1133.832449
1133.832449
1133.832449
1133.832449
1133.832449
1133.832449
1133.832449
1133.832449
1133.832449
1133.832449
1133.832449
1133.832449
1133.822226
1133.822226
1133.822226
1133.822226
1133.822226
1133.822226
1133.822226
1133.822226
1133.822226
1133.822226
1133.822226
1133.822226
1133.822226
1133.822226
1133.822226
1133.822226
1133.822226
1133.804008
1133.804008
1133.804008
1133.804008
1133.804008
1133.804008
1133.804008
1133.804008
1133.804008
1133.804008
1133.804008
1133.804008
1133.804008
1133.804008
1133.804008
1133.804008
1133.804008
1133.804008
1133.804008
1133.804008
1133.804008
1133.804008
1133.804008
1133.804008
1133.804008
1133.804008
1133.804008
1133.804008
1133.804008
1133.800397
1133.800397
1133.800397
1133.800397
1133.800397
1133.800397
1133.800397
1133.800397
1133.800397
1133.800397
1133.800397
1133.800397
1133.800397
1133.800397
1133.800397
1133.800397
1133.800397
1133.800397
1133.800397
1133.800397
1133.800397
1133.800397
1133.800397
1133.800397
1133.800397
1133.800397
1133.800397
1133.800397
1133.800397
1133.800397
1133.800397
1133.800397
1133.800397
1133.800397
1133.800397
1133.800397
1133.800397
1133.800397
1133.800397
1133.800397
1133.800397
1133.800397
1133.800397
1133.800397
1133.788291
1133.788291
1133.788291
1133.788291
1133.788291
1133.788291
1133.788291
1133.788291
1133.788291
1133.788291
1133.788291
1133.788291
1133.788291
1133.781239
1133.781239
1133.781239
1133.781239
1133.781239
1133.781239
1133.781239
1133.781239
1133.781239
1133.781239
1133.781239
1133.781239
1133.781239
1133.781239
1133.781239
1133.781239
1133.781239
1133.781239
1133.781239
1133.781239
1133.781239
1133.781239
1133.781239
1133.781239
1133.781239
1133.781239
1133.781239
1133.781239
1133.781239
1133.781239
1133.781239
1133.781239
1133.781239
1133.781239
1133.781239
1133.781239
1133.781239
1133.770494
1133.770494
1133.770494
1133.770494
1133.770494
1133.770494
1133.770494
1133.770494
1133.770494
1133.770494
1133.770494
1133.770494
1133.770494
1133.770494
1133.770494
1133.770494
1133.770494
1133.770494
1133.770494
1133.770494
1133.770494
1133.770494
1133.770494
1133.770494
1133.770494
1133.770494
1133.770494
1133.770494
1133.770494
1133.770494
1133.770494
1133.770494
1133.770494
1133.770494
1133.770494
1133.770494
1133.770494
1133.770494
1133.770494
1133.770494
1133.770494
1133.770494
1133.770494
1133.770494
1133.770494
1133.770494
1133.770494
1133.770494
1133.770494
1133.770494
1133.770494
1133.770494
1133.770494
1133.770494
1133.770494
1133.770494
1133.770494
1133.770494
1133.770494
1133.770494
1133.770494
1133.770494
1133.770494
1133.770494
1133.770494
1133.770494
1133.770494
1133.770494
1133.770494
1133.770494
1133.770494
1133.770494
1133.770494
1133.770494
1133.770494
1133.770494
1133.770494
1133.748519
1133.748519
1133.748519
1133.748519
1133.748519
1133.748519
1133.748519
1133.748519
1133.748519
1133.748519
1133.748519
1133.748519
1133.748519
1133.748519
1133.748519
1133.748519
1133.748519
1133.748519
1133.748519
1133.748519
1133.748519
1133.748519
1133.748519
1133.748519
1133.748519
1133.748519
1133.748519
1133.748519
1133.748519
1133.748519
1133.748519
1133.748519
1133.748519
1133.748519
1133.748519
1133.748519
1133.748519
1133.748519
1133.748519
1133.748519
1133.748519
1133.748519
1133.748519
1133.748519
1133.748519
1133.748519
1133.748519
1133.748519
1133.748519
1133.748519
1133.748519
1133.748519
1133.748519
1133.748519
1133.748519
1133.748519
1133.748519
1133.748519
1133.748519
1133.748519
1133.748519
1133.748519
1133.748519
1133.748519
1133.748519
1133.670679
1133.670679
1133.670679
1133.670679
1133.670679
1133.670679
1133.670679
1133.670679
1133.670679
1133.670679
1133.670679
1133.670679
1133.670679
1133.670679
1133.670679
1133.670679
1133.670679
1133.670679
1133.670679
1133.670679
1133.670679
1133.670679
1133.670679
1133.670679
1133.670679
1133.670679
1133.670679
1133.670679
1133.670679
1133.670679
1133.670679
1133.670679
1133.670679
1133.670679
1133.670679
1133.670679
1133.670679
1133.670679
1133.666197
1133.666197
1133.666197
1133.666197
1133.666197
1133.666197
1133.666197
1133.666197
1133.648523
1133.648523
1133.648523
1133.648523
1133.648523
1133.648523
1133.648523
1133.648523
1133.648523
1133.648523
1133.648523
1133.648523
1133.648523
1133.648523
1133.648523
1133.648523
1133.648523
1133.648523
1133.648523
1133.648523
1133.648523
1133.648523
1133.648523
1133.648523
1133.648523
1133.648523
1133.648523
1133.648523
1133.648523
1133.648523
1133.648523
1133.648523
1133.648523
1133.648523
1133.648523
1133.648523
1133.648523
1133.648523
1133.648523
1133.648523
1133.648523
1133.648523
1133.648523
1133.648523
1133.648523
1133.648523
1133.648523
1133.648523
1133.648523
1133.648523
1133.648523
1133.648523
1133.648523
1133.648523
1133.648523
1133.648523
1133.648523
1133.648523
1133.648523
1133.648523
1133.648523
1133.648523
1133.648523
1133.648523
1133.648523
1133.648523
1133.648523
1133.648523
1133.648523
1133.648523
1133.648523
1133.648523
1133.648523
1133.648523
1133.648523
1133.648523
1133.648523
1133.648523
1133.648523
1133.648523
1133.648523
1133.648523
1133.648523
1133.648523
1133.648523
1133.648523
1133.648523
1133.648523
1133.648523
1133.648523
1133.648523
1133.648523
1133.648523
1133.648523
1133.648523
1133.648523
1133.648523
1133.648523
1133.648523
1133.648523
1133.648523
1133.648523
1133.648523
1133.648523
1133.648523
1133.648523
1133.648523
1133.648523
1133.648523
1133.648523
1133.648523
1133.648523
1133.648523
1133.648523
1133.648523
1133.648523
1133.648523
1133.648523
1133.648523
1133.648523
1133.648523
1133.648523
1133.648523
1133.648523
1133.648523
1133.648523
1133.648523
1133.648523
1133.616300
1133.616300
1133.616300
1133.616300
1133.616300
1133.616300
1133.616300
1133.616300
1133.616300
1133.616300
1133.616300
1133.616300
1133.616300
1133.616300
1133.616300
1133.616300
1133.616300
1133.616300
1133.616300
1133.616300
1133.616300
1133.616300
1133.616300
1133.616300
1133.616300
1133.616300
1133.616300
1133.616300
1133.616300
1133.616300
1133.616300
1133.616300
1133.616300
1133.616300
1133.616300
1133.616300
1133.616300
1133.616300
1133.616300
1133.616300
1133.616300
1133.616300
1133.616300
1133.616300
1133.616300
1133.616300
1133.616300
1133.616300
1133.616300
1133.616300
1133.616300
1133.616300
1133.616300
1133.616300
1133.616300
1133.616300
1133.616300
1133.616300
1133.616300
1133.616300
1133.616300
1133.616300
1133.616300
1133.616300
1133.616300
1133.616300
1133.616300
1133.616300
1133.616300
1133.616300
1133.616300
1133.616300
1133.616300
1133.616300
1133.616300
1133.603166
1133.603166
1133.603166
1133.603166
1133.603166
1133.603166
1133.603166
1133.603166
1133.603166
1133.603166
1133.603166
1133.603166
1133.603166
1133.603166
1133.603166
1133.603166
1133.603166
1133.603166
1133.603166
1133.603166
1133.603166
1133.603166
1133.603166
1133.603166
1133.603166
1133.603166
1133.603166
1133.603166
1133.603166
1133.603166
1133.603166
1133.603166
1133.603166
1133.603166
1133.603166
1133.603166
1133.603166
1133.603166
1133.603166
1133.603166
1133.603166
1133.603166
1133.603166
1133.603166
1133.603166
1133.603166
1133.603166
1133.603166
1133.603166
1133.603166
1133.603166
1133.603166
1133.603166
1133.598783
1133.598783
1133.598783
1133.598783
1133.598783
1133.598783
1133.598783
1133.598783
1133.598783
1133.598783
1133.598783
1133.598783
1133.598783
1133.598783
1133.598783
1133.598783
1133.598783
1133.598783
1133.598783
1133.598783
1133.598783
1133.598783
1133.598783
1133.598783
1133.598783
1133.598783
1133.598783
1133.564294
1133.564294
1133.564294
1133.564294
1133.564294
1133.564294
1133.564294
1133.564294
1133.564294
1133.564294
1133.564294
1133.564294
1133.564294
1133.564294
1133.564294
1133.564294
1133.564294
1133.564294
1133.564294
1133.564294
1133.564294
1133.564294
1133.564294
1133.564294
1133.564294
1133.564294
1133.564294
1133.564294
1133.564294
1133.564294
1133.564294
1133.564294
1133.564294
1133.564294
1133.564294
1133.564294
1133.564294
1133.564294
1133.564294
1133.564294
1133.564294
1133.564294
1133.564294
1133.564294
1133.564294
1133.564294
1133.564294
1133.564294
1133.564294
1133.564294
1133.564294
1133.564294
1133.564294
1133.564294
1133.564294
1133.546015
1133.546015
1133.546015
1133.546015
1133.546015
1133.546015
1133.546015
1133.546015
1133.546015
1133.546015
1133.546015
1133.546015
1133.546015
1133.546015
1133.546015
1133.546015
1133.546015
1133.546015
1133.546015
1133.546015
1133.546015
1133.546015
1133.546015
1133.546015
1133.546015
1133.546015
1133.546015
1133.546015
1133.546015
1133.546015
1133.546015
1133.546015
1133.546015
1133.546015
1133.546015
1133.546015
1133.546015
1133.545790
1133.545790
1133.545790
1133.545790
1133.545790
1133.545790
1133.532794
1133.532794
1133.532794
1133.532794
1133.532794
1133.532794
1133.532794
1133.527260
1133.527260
1133.524027
1133.524027
1133.524027
1133.524027
1133.524027
1133.524027
1133.524027
1133.524027
1133.524027
1133.524027
1133.524027
1133.524027
1133.524027
1133.524027
1133.524027
1133.524027
1133.524027
1133.524027
1133.524027
1133.524027
1133.524027
1133.524027
1133.524027
1133.524027
1133.524027
1133.524027
1133.524027
1133.524027
1133.524027
1133.524027
1133.524027
1133.513400
1133.513400
1133.513400
1133.513400
1133.513400
1133.513400
1133.513400
1133.513400
1133.513400
1133.513400
1133.513400
1133.513400
1133.513400
1133.513400
1133.513400
1133.513400
1133.513400
1133.513400
1133.513400
1133.513400
1133.513400
1133.513400
1133.513400
1133.513400
1133.513400
1133.513400
1133.513400
1133.513400
1133.513400
1133.513400
1133.513400
1133.513400
1133.513400
1133.513400
1133.513400
1133.513400
1133.513400
1133.513400
1133.513400
1133.513400
1133.513400
1133.513400
1133.513400
1133.513400
1133.513400
1133.513400
1133.513400
1133.513400
1133.501153
1133.501153
1133.482531
1133.482531
1133.482531
1133.482531
1133.482531
1133.482531
1133.482531
1133.482531
1133.482531
1133.482531
1133.482531
1133.482531
1133.482531
1133.482531
1133.482531
1133.482531
1133.482531
1133.482531
1133.482531
1133.482531
1133.482531
1133.482531
1133.482531
1133.482531
1133.482531
1133.482531
1133.482531
1133.482531
1133.482531
1133.482531
1133.482531
1133.482531
1133.482531
1133.482531
1133.482531
1133.482531
1133.482531
1133.482531
1133.482531
1133.482531
1133.482531
1133.482531
1133.482531
1133.482531
1133.482531
1133.482531
1133.482531
1133.482531
1133.482531
1133.482531
1133.482531
1133.482531
1133.482531
1133.482531
1133.482531
1133.482531
1133.482531
1133.410621
1133.410621
1133.410621
1133.410621
1133.410621
1133.410621
1133.410621
1133.410621
1133.410621
1133.410621
1133.410621
1133.410621
1133.410621
1133.410621
1133.410621
1133.410621
1133.410621
1133.410621
1133.410621
1133.410621
1133.410621
1133.410621
1133.410621
1133.410621
1133.410621
1133.410621
1133.410621
1133.410621
1133.410621
1133.410621
1133.410621
1133.410621
1133.410621
1133.410621
1133.410621
1133.410621
1133.410621
1133.410621
1133.410621
1133.410621
1133.410621
1133.410621
1133.410621
1133.410621
1133.410621
1133.410621
1133.410621
1133.410621
1133.410621
1133.410621
1133.410621
1133.410621
1133.410621
1133.410621
1133.410621
1133.410621
1133.376468
1133.376468
1133.376468
1133.376468
1133.376468
1133.376468
1133.376468
1133.376468
1133.376468
1133.376468
1133.376468
1133.376468
1133.376468
1133.376468
1133.376468
1133.376468
1133.376468
1133.376468
1133.376468
1133.376468
1133.376468
1133.376468
1133.376468
1133.364603
1133.364603
1133.364603
1133.364603
1133.364603
1133.364603
1133.364603
1133.364603
1133.364603
1133.364603
1133.364603
1133.364603
1133.364603
1133.364603
1133.364603
1133.364603
1133.364603
1133.364603
1133.364603
1133.364603
1133.364603
1133.364603
1133.364603
1133.364603
1133.364603
1133.364603
1133.364603
1133.364603
1133.364603
1133.364603
1133.364603
1133.364603
1133.364603
1133.364603
1133.364603
1133.364603
1133.364603
1133.364603
1133.364603
1133.364603
1133.364603
1133.364603
1133.364603
1133.364603
1133.364603
1133.364603
1133.364603
1133.364603
1133.364603
1133.364603
1133.364603
1133.364603
1133.364603
1133.364603
1133.364603
1133.364603
1133.364603
1133.364603
1133.364603
1133.364603
1133.364603
1133.364603
1133.364603
1133.364603
1133.364603
1133.364603
1133.364603
1133.364603
1133.364603
1133.364603
1133.364603
1133.331368
1133.331368
1133.331368
1133.331368
1133.331368
1133.331368
1133.331368
1133.331368
1133.331368
1133.331368
1133.331368
1133.331368
1133.331368
1133.300943
1133.300943
1133.300943
1133.300943
1133.300943
1133.300943
1133.300943
1133.300943
1133.300943
1133.300943
1133.282132
1133.282132
1133.282132
1133.282132
1133.282132
1133.282132
1133.282132
1133.282132
1133.282132
1133.282132
1133.282132
1133.282132
1133.282132
1133.282132
1133.282132
1133.282132
1133.282132
1133.282132
1133.282132
1133.282132
1133.282132
1133.282132
1133.239337
1133.239337
1133.239337
1133.239337
1133.239337
1133.239337
1133.239337
1133.239337
1133.239337
1133.239337
1133.239337
1133.239337
1133.239337
1133.239337
1133.239337
1133.239337
1133.239337
1133.239337
1133.239337
1133.239337
1133.239337
1133.239337
1133.239337
1133.239337
1133.239337
1133.239337
1133.239337
1133.239337
1133.239337
1133.239337
1133.239337
1133.239337
1133.239337
1133.239337
1133.239337
1133.239337
1133.239337
1133.239337
1133.239337
1133.239337
1133.239337
1133.239337
1133.239337
1133.239337
1133.239337
1133.239337
1133.239337
1133.239337
1133.239337
1133.239337
1133.239337
1133.239337
1133.239337
1133.239337
1133.239337
1133.239337
1133.239337
1133.239337
1133.239337
1133.239337
1133.239337
1133.239337
1133.239337
1133.239337
1133.239337
1133.239337
1133.239337
1133.239337
1133.239337
1133.239337
1133.239337
1133.239337
1133.221817
1133.221817
1133.221817
1133.221817
1133.221817
1133.221817
1133.221817
1133.221817
1133.221817
1133.221817
1133.221817
1133.221817
1133.221817
1133.221817
1133.221817
1133.221817
1133.221817
1133.207553
1133.207553
1133.207553
1133.207553
1133.207553
1133.183768
1133.183768
1133.183768
1133.183768
1133.183768
1133.183768
1133.183768
1133.183768
1133.183768
1133.183768
1133.183768
1133.183768
1133.183768
1133.183768
1133.183768
1133.183768
1133.183768
1133.183768
1133.183768
1133.183768
1133.183768
1133.183768
1133.183768
1133.183768
1133.183768
1133.183768
1133.183768
1133.183768
1133.183768
1133.183768
1133.183768
1133.183768
1133.183768
1133.183768
1133.183768
1133.183768
1133.183768
1133.183768
1133.183768
1133.183768
1133.183768
1133.183768
1133.183768
1133.183768
1133.183768
1133.183768
1133.183768
1133.183768
1133.183768
1133.183768
1133.183768
1133.183768
1133.183768
1133.183768
1133.183768
1133.183768
1133.183768
1133.183768
1133.183768
1133.183768
1133.183768
1133.183768
1133.183768
1133.183768
1133.183768
1133.183768
1133.183768
1133.183768
1133.183768
1133.183768
1133.183768
1133.183768
1133.183768
1133.183768
1133.183768
1133.183768
1133.183768
1133.183768
1133.183768
1133.183768
1133.183768
1133.183768
1133.183768
1133.183768
1133.183768
1133.183768
1133.183768
1133.183768
1133.183768
1133.183768
1133.183768
1133.183768
1133.183768
1133.183768
1133.183768
1133.183768
1133.183768
1133.183768
1133.183768
1133.183768
1133.176736
1133.176736
1133.176736
1133.176736
1133.176736
1133.176736
1133.176736
1133.176736
1133.176736
1133.176736
1133.176736
1133.176736
1133.176736
1133.176736
1133.176736
1133.176736
1133.176736
1133.124476
1133.124476
1133.124476
1133.124476
1133.124476
1133.124476
1133.124476
1133.124476
1133.124476
1133.124476
1133.124476
1133.124476
1133.124476
1133.124476
1133.124476
1133.124476
1133.124476
1133.124476
1133.124476
1133.124476
1133.124476
1133.124476
1133.124476
1133.124476
1133.124476
1133.124476
1133.124476
1133.124476
1133.124476
1133.124476
1133.124476
1133.124476
1133.124476
1133.124476
1133.124476
1133.124476
1133.124476
1133.124476
1133.124476
1133.124476
1133.124476
1133.124476
1133.124476
1133.124476
1133.124476
1133.124476
1133.124476
1133.124476
1133.124476
1133.124476
1133.124476
1133.124476
1133.124476
1133.124476
1133.124476
1133.124476
1133.124476
1133.124476
1133.124476
1133.124476
1133.124476
1133.124476
1133.124476
1133.124476
1133.124476
1133.104610
1133.104610
1133.104610
1133.104610
1133.104610
1133.104610
1133.104610
1133.104610
1133.104129
1133.104129
1133.104129
1133.104129
1133.104129
1133.104129
1133.104129
1133.104129
1133.104129
1133.104129
1133.104129
1133.104129
1133.104129
1133.104129
1133.104129
1133.104129
1133.104129
1133.104129
1133.104129
1133.104129
1133.104129
1133.104129
1133.104129
1133.104129
1133.104129
1133.104129
1133.104129
1133.104129
1133.104129
1133.104129
1133.104129
1133.104129
1133.104129
1133.104129
1133.104129
1133.104129
1133.104129
1133.104129
1133.104129
1133.104129
1133.104129
1133.104129
1133.104129
1133.104129
1133.104129
1133.104129
1133.104129
1133.104129
1133.104129
1133.104129
1133.104129
1133.104129
1133.104129
1133.104129
1133.104129
1133.104129
1133.104129
1133.104129
1133.104129
1133.104129
1133.104129
1133.104129
1133.104129
1133.104129
1133.104129
1133.104129
1133.098424
1133.098424
1133.098424
1133.098424
1133.098424
1133.098424
1133.098424
1133.098424
1133.098424
1133.098424
1133.098424
1133.098424
1133.098424
1133.098424
1133.098424
1133.098424
1133.098424
1133.098424
1133.098424
1133.098424
1133.098424
1133.098424
1133.098424
1133.098424
1133.098424
1133.098424
1133.098424
1133.098424
1133.098424
1133.098424
1133.098424
1133.098424
1133.098424
1133.098424
1133.098424
1133.098424
1133.057988
1133.057988
1133.057988
1133.057988
1133.057988
1133.057988
1133.057988
1133.057988
1132.985702
1132.985702
1132.985702
1132.985702
1132.985702
1132.985702
1132.985702
1132.985702
1132.985702
1132.985702
1132.985702
1132.985702
1132.985702
1132.985702
1132.985702
1132.985702
1132.985702
1132.985702
1132.985702
1132.985702
1132.985702
1132.985702
1132.985702
1132.985702
1132.985702
1132.985702
1132.985702
1132.985702
1132.985702
1132.985702
1132.985702
1132.985702
1132.985702
1132.985702
1132.985702
1132.985702
1132.985702
1132.985702
1132.985702
1132.985702
1132.985702
1132.985702
1132.985702
1132.985702
1132.985702
1132.985702
1132.985702
1132.985702
1132.985702
1132.985702
1132.985702
1132.985702
1132.985702
1132.985702
1132.985702
1132.985702
1132.985702
1132.985702
1132.985702
1132.985702
1132.985702
1132.985702
1132.985702
1132.985702
1132.985702
1132.985702
1132.985702
1132.985702
1132.985702
1132.985702
1132.985702
1132.985702
1132.985702
1132.985702
1132.985702
1132.985702
1132.985702
1132.985702
1132.985702
1132.985702
1132.985702
1132.985702
1132.985702
1132.985702
1132.985702
1132.985702
1132.985702
1132.985702
1132.985702
1132.985702
1132.985702
1132.985702
1132.985702
1132.985702
1132.985702
1132.985702
1132.985702
1132.985702
1132.985702
1132.970627
1132.970627
1132.970627
1132.970627
1132.970627
1132.960784
1132.960784
1132.960784
1132.960784
1132.960784
1132.960784
1132.960784
1132.960784
1132.960784
1132.960784
1132.960784
1132.960784
1132.960784
1132.960784
1132.960784
1132.960784
1132.960784
1132.960784
1132.960784
1132.960784
1132.960784
1132.960784
1132.960784
1132.960784
1132.960784
1132.960784
1132.960784
1132.960784
1132.960784
1132.960784
1132.960784
1132.960784
1132.960784
1132.960784
1132.960784
1132.960784
1132.960784
1132.960784
1132.960784
1132.960784
1132.960784
1132.960784
1132.960784
1132.960784
1132.960784
1132.960784
1132.960784
1132.960784
1132.960784
1132.960784
1132.960784
1132.960784
1132.960784
1132.960784
1132.960784
1132.960784
1132.960784
1132.960784
1132.960784
1132.960784
1132.960784
1132.960784
1132.960784
1132.960784
1132.960784
1132.960784
1132.960784
1132.960784
1132.960784
1132.960784
1132.960784
1132.960784
1132.960784
1132.960784
1132.960784
1132.960784
1132.960784
1132.960784
1132.960784
1132.960784
1132.960784
1132.960784
1132.957314
1132.957314
1132.957314
1132.936598
1132.936598
1132.936598
1132.936598
1132.936598
1132.936598
1132.936598
1132.936598
1132.876565
1132.876565
1132.876565
1132.876565
1132.876565
1132.876565
1132.876565
1132.876565
1132.876565
1132.876565
1132.876565
1132.876565
1132.876565
1132.876565
1132.876565
1132.876565
1132.876565
1132.876565
1132.876565
1132.876565
1132.876565
1132.876565
1132.876565
1132.876565
1132.876565
1132.876565
1132.876565
1132.876565
1132.876565
1132.876565
1132.876565
1132.876565
1132.876565
1132.876565
1132.876565
1132.876565
1132.876565
1132.876565
1132.876565
1132.876565
1132.876565
1132.876565
1132.876565
1132.876565
1132.876565
1132.876565
1132.876565
1132.876565
1132.876565
1132.876565
1132.876565
1132.876565
1132.876565
1132.876565
1132.876565
1132.876565
1132.876565
1132.876565
1132.876565
1132.876565
1132.876565
1132.876565
1132.876565
1132.876565
1132.876565
1132.876565
1132.876565
1132.876565
1132.876565
1132.876565
1132.876565
1132.876565
1132.876565
1132.876565
1132.876565
1132.876565
1132.876565
1132.876565
1132.876565
1132.876565
1132.876565
1132.876565
1132.876565
1132.876565
1132.876565
1132.876565
1132.876565
1132.876565
1132.876565
1132.876565
1132.876565
1132.876565
1132.876565
1132.876565
1132.876565
1132.876565
1132.876565
1132.876565
1132.876565
1132.876565
1132.876565
1132.876565
1132.876565
1132.876565
1132.876565
1132.876565
1132.876565
1132.876565
1132.876565
1132.876565
1132.876565
1132.876565
1132.827415
1132.827415
1132.827415
1132.827415
1132.827415
1132.827415
1132.827415
1132.827415
1132.827415
1132.827415
1132.827415
1132.827415
1132.827415
1132.827415
1132.827415
1132.827415
1132.827415
1132.827415
1132.827415
1132.827415
1132.827415
1132.827415
1132.827415
1132.827415
1132.827415
1132.827415
1132.813446
1132.813446
1132.813446
1132.813446
1132.813446
1132.813446
1132.813446
1132.813446
1132.813446
1132.813446
1132.813446
1132.813446
1132.813446
1132.813446
1132.813446
1132.813446
1132.813446
1132.813446
1132.813446
1132.813446
1132.813446
1132.813446
1132.813446
1132.813446
1132.813446
1132.813446
1132.813446
1132.813446
1132.813446
1132.813446
1132.813446
1132.813446
1132.813446
1132.813446
1132.813446
1132.813446
1132.813446
1132.813446
1132.813446
1132.813446
1132.779669
1132.779669
1132.779669
1132.779669
1132.779669
1132.779669
1132.779669
1132.779669
1132.779669
1132.779669
1132.779669
1132.779669
1132.779669
1132.779669
1132.779669
1132.779669
1132.779669
1132.779669
1132.779669
1132.779669
1132.779669
1132.779669
1132.779669
1132.779669
1132.779669
1132.779669
1132.779669
1132.779669
1132.779669
1132.779669
1132.779669
1132.779669
1132.779669
1132.779669
1132.779669
1132.779669
1132.779669
1132.779669
1132.779669
1132.779669
1132.779669
1132.779669
1132.779669
1132.779669
1132.779669
1132.779669
1132.779669
1132.779669
1132.779669
1132.779669
1132.779669
1132.779669
1132.779669
1132.764053
1132.764053
1132.764053
1132.764053
1132.764053
1132.764053
1132.764053
1132.764053
1132.764053
1132.764053
1132.764053
1132.764053
1132.733446
1132.733446
1132.733446
1132.733446
1132.733446
1132.733446
1132.733446
1132.733446
1132.733446
1132.733446
1132.733446
1132.690456
1132.690456
1132.690456
1132.690456
1132.690456
1132.690456
1132.690456
1132.690456
1132.690456
1132.690456
1132.690456
1132.690456
1132.690456
1132.690456
1132.690456
1132.690456
1132.661541
1132.661541
1132.661541
1132.661541
1132.661541
1132.661541
1132.661541
1132.661541
1132.661541
1132.661541
1132.661541
1132.661541
1132.661541
1132.661541
1132.661541
1132.661541
1132.661541
1132.661541
1132.661541
1132.661541
1132.661541
1132.661541
1132.661541
1132.661541
1132.661541
1132.661541
1132.661541
1132.661541
1132.661541
1132.661541
1132.661541
1132.661541
1132.661541
1132.661541
1132.661541
1132.661541
1132.661541
1132.661541
1132.661541
1132.661541
1132.661541
1132.661541
1132.661541
1132.661541
1132.661541
1132.661541
1132.661541
1132.661541
1132.661541
1132.661541
1132.661541
1132.661541
1132.661541
1132.661541
1132.661541
1132.661541
1132.661541
1132.661541
1132.661541
1132.661541
1132.661541
1132.661541
1132.661541
1132.661541
1132.661541
1132.661541
1132.661541
1132.661541
1132.661541
1132.661541
1132.661541
1132.661541
1132.661541
1132.661541
1132.661541
1132.661541
1132.661541
1132.661541
1132.661541
1132.661541
1132.661541
1132.661541
1132.661541
1132.661541
1132.661541
1132.661541
1132.661541
1132.661541
1132.661541
1132.661541
1132.661541
1132.661541
1132.661541
1132.661541
1132.661541
1132.647286
1132.593813
1132.593813
1132.593813
1132.593813
1132.593813
1132.593813
1132.593813
1132.593813
1132.593813
1132.593813
1132.593813
1132.593813
1132.593813
1132.593813
1132.593813
1132.593813
1132.593813
1132.593813
1132.593085
1132.593085
1132.593085
1132.593085
1132.593085
1132.593085
1132.593085
1132.593085
1132.583296
1132.583296
1132.583296
1132.583296
1132.583296
1132.583296
1132.583296
1132.583296
1132.583296
1132.583296
1132.583296
1132.583296
1132.583296
1132.583296
1132.583296
1132.583296
1132.583296
1132.583296
1132.583296
1132.583296
1132.315712
1132.315712
1132.315712
1132.315712
1132.315712
1132.315712
1132.315712
1132.315712
1132.315712
1132.315712
1132.315712
1132.315712
1132.315712
1132.315712
1132.315712
1132.315712
1132.315712
1132.315712
1132.315712
1132.315712
1132.315712
1132.315712
1132.315712
1132.315712
1132.315712
1132.315712
1132.315712
1132.315712
1132.315712
1132.315712
1132.315712
1132.315712
1132.315712
1132.315712
1132.315712
1132.315712
1132.315712
1132.315712
1132.315712
1132.315712
1132.315712
1132.315712
1132.315712
1132.315712
1132.315712
1132.315712
1132.315712
1132.315712
1132.315712
1132.315712
1132.313255
1132.313255
1132.313255
1132.313255
1132.313255
1132.313255
1132.235392
1132.235392
1132.235392
1132.235392
1132.235392
1132.235392
1132.235392
1132.235392
1132.235392
1132.235392
1132.235392
1132.235392
1132.235392
1132.235392
1132.235392
1132.235392
1132.235392
1132.235392
1132.235392
1132.235392
1132.235392
1132.235392
1132.235392
1132.235392
1132.235392
1132.235392
1132.235392
1132.235392
1132.235392
1132.235392
1132.235392
1132.235392
1132.235392
1132.235392
1132.235392
1132.235392
1132.235392
1132.235392
1132.235392
1132.235392
1132.235392
1132.235392
1132.235392
1132.235392
1132.235392
1132.235392
1132.235392
1132.235392
1132.235392
1132.235392
1132.235392
1132.235392
1132.235392
1132.235392
1132.235392
1132.235392
1132.235392
1132.235392
1132.235392
1132.235392
1132.235392
1132.235392
1132.235392
1132.235392
1132.235392
1132.235392
1132.235392
1132.235392
1132.235392
1132.235392
1132.235392
1132.235392
1132.235392
1132.235392
1132.235392
1132.235392
1132.235392
1132.130366
1132.130366
1132.130366
1132.130366
1132.130366
1132.130366
1132.130366
1132.130366
1132.130366
1132.130366
1132.130366
1132.130366
1132.130366
1132.130366
1132.130366
1132.130366
1132.130366
1132.130366
1132.130366
1132.130366
1132.130366
1132.130366
1132.130366
1132.130366
1132.130366
1132.130366
1132.130366
1132.130366
1132.130366
1132.130366
1132.130366
1132.130366
1132.130366
1132.130366
1132.130366
1132.130366
1132.130366
1132.130366
1132.130366
1132.130366
1132.130366
1132.130366
1132.130366
1132.130366
1132.130366
1132.130366
1132.130366
1132.130366
1132.130366
1132.130366
1132.130366
1132.130366
1132.130366
1132.130366
1132.130366
1132.130366
1132.130366
1132.130366
1132.130366
1132.130366
1132.130366
1132.130366
1132.130366
1132.130366
1132.130366
1132.130366
1132.130366
1132.130366
1132.130366
1132.130366
1132.130366
1132.130366
1132.130366
1132.130366
1132.130366
1132.130366
1132.096528
1132.096528
1132.096528
1132.096528
1132.096528
1132.096528
1132.096528
1132.096528
1132.096528
1132.096528
1132.096528
1132.096528
1132.096528
1132.048164
1132.048164
1132.048164
1132.048164
1132.048164
1132.048164
1132.048164
1132.048164
1132.048164
1132.048164
1132.048164
1132.048164
1132.048164
1132.048164
1132.048164
1132.048164
1132.048164
1132.048164
1132.048164
1132.048164
1131.903017
1131.903017
1131.903017
1131.903017
1131.903017
1131.903017
1131.903017
1131.903017
1131.903017
1131.903017
1131.903017
1131.903017
1131.903017
1131.903017
1131.903017
1131.903017
1131.900914
1131.900914
1131.900914
1131.900914
1131.900914
1131.900914
1131.900914
1131.900914
1131.900914
1131.900914
1131.900914
1131.900914
1131.900914
1131.900914
1131.900914
1131.900914
1131.900914
1131.900914
1131.900914
1131.900914
1131.900914
1131.900914
1131.900914
1131.900914
1131.900914
1131.900914
1131.900914
1131.900914
1131.900914
1131.900914
1131.900914
1131.900914
1131.900914
1131.900914
1131.900914
1131.900914
1131.900914
1131.900914
1131.900914
1131.900914
1131.900914
1131.900914
1131.900914
1131.900914
1131.900914
1131.900914
1131.900914
1131.722903
1131.722903
1131.722903
1131.722903
1131.722903
1131.722903
1131.722903
1131.722903
1131.722903
1131.722903
1131.722903
1131.722903
1131.722903
1131.722903
1131.722903
1131.722903
1131.722903
1131.722903
1131.722903
1131.722903
1131.722903
1131.722903
1131.722903
1131.722903
1131.722903
1131.722903
1131.722903
1131.722903
1131.722903
1131.722903
1131.722903
1131.722903
1131.722903
1131.722903
1131.722903
1131.722903
1131.722903
1131.722903
1131.722903
1131.722903
1131.722903
1131.722903
1131.722903
1131.722903
1131.722903
1131.722903
1131.722903
1131.722903
1131.722903
1131.722903
1131.722903
1131.722903
1131.722903
1131.722903
1131.507837
1131.507837
1131.507837
1131.507837
1131.507837
1131.507837
1131.507837
1131.507837
1131.507837
1131.507837
1131.507837
1131.507837
1131.507837
1131.507837
1131.507837
1131.507837
1131.507837
1131.507837
1131.507837
1131.507837
1131.507837
1131.507837
1131.507837
1131.507837
1131.507837
1131.507837
1131.507837
1131.507837
1131.507837
1131.507837
1131.507837
1131.507837
1131.507837
1131.507837
1131.507837
1131.507837
1131.507837
1131.507837
1131.507837
1131.507837
1131.507837
1131.507837
1131.507837
1131.507837
1131.507837
1131.507837
1131.507837
1131.507837
1131.507837
1131.507837
1131.507837
1131.507837
1131.507837
1131.507837
1131.507837
1131.507837
1131.507837
1131.507837
1131.507837
1131.507837
1131.507837
1131.507837
1131.507837
1131.470786
1131.470786
1131.470786
1131.470786
1131.470786
1131.470786
1131.470786
1131.470786
1131.422186
1131.422186
1131.422186
1131.422186
1131.422186
1131.422186
1131.422186
1131.422186
1131.422186
1131.422186
1131.422186
1131.422186
1131.422186
1131.422186
1131.422186
1131.422186
1131.422186
1131.422186
1131.422186
1131.422186
1131.422186
1131.422186
1131.422186
1131.422186
1131.422186
1131.422186
1131.422186
1131.422186
1131.422186
1131.422186
1131.422186
1131.422186
1131.422186
1131.422186
1131.422186
1131.422186
1131.422186
1131.422186
1131.422186
1131.422186
1131.422186
1131.422186
1131.422186
1131.422186
1131.422186
1131.422186
1131.422186
1131.422186
1131.422186
1131.422186
1131.422186
1131.422186
1131.422186
1131.422186
1131.422186
1131.422186
1131.422186
1131.422186
1131.422186
1131.422186
1131.422186
1131.422186
1131.422186
1131.407808
1131.407808
1131.407808
1131.407808
1131.407808
1131.407808
1131.407808
1131.322822
1131.097881
1131.097881
1131.097881
1131.097881
1131.097881
1131.097881
1131.097881
1131.097881
1131.097881
1131.097881
1131.097881
1131.097881
1131.097881
1131.097881
1131.097881
1131.097881
1131.097881
1131.097881
1131.097881
1131.097881
1131.097881
1131.097881
1131.097881
1131.097881
1131.097881
1131.097881
1131.097881
1131.097881
1131.097881
1131.097881
1131.097881
1131.097881
1131.097881
1131.097881
1131.097881
1131.097881
1131.097881
1131.097881
1131.097881
1131.097881
1131.097881
1131.097881
1131.097881
1131.097881
1131.097881
1131.097881
1131.097881
1131.097881
1131.097881
1131.097881
1131.097881
1131.097881
1131.097881
1131.097881
1131.097881
1131.097881
1131.097881
1131.097881
1131.097881
1130.737061
1130.737061
1130.737061
1130.737061
1130.737061
1130.737061
1130.737061
1130.737061
1130.737061
1130.737061
1130.737061
1130.737061
1130.737061
1130.737061
1130.737061
1130.737061
1130.737061
1130.737061
1130.737061
1130.737061
1130.737061
1130.737061
1130.737061
1130.737061
1130.737061
1130.737061
1130.737061
1130.737061
1130.737061
1130.737061
1130.737061
1130.737061
1130.737061
1130.737061
1130.737061
1130.737061
1130.737061
1130.737061
1130.737061
1130.737061
1130.737061
1130.737061
1130.724956
1130.724956
1130.724956
1130.724956
1130.724956
1130.724956
1130.724956
1130.724956
1130.724956
1130.724956
1130.724956
1130.724956
1130.724956
1130.724956
1130.724956
1130.724956
1130.724956
1130.724956
1130.724956
1130.724956
1130.724956
1130.724956
1130.724956
1130.724956
1130.724956
1130.724956
1130.724956
1130.724956
1130.724956
1130.724956
1130.724956
1130.724956
1130.724956
1130.724956
1130.724956
1130.724956
1130.724956
1130.724956
1130.724956
1130.724956
1130.724956
1130.724956
1130.724956
1130.724956
1130.724956
1130.724956
1130.724956
1130.724956
1130.724956
1130.724956
1130.724956
1130.724956
1130.724956
1130.724956
1130.724956
1130.724956
1130.724956
1130.724956
1130.724956
1130.724956
1130.724956
1130.724956
1130.724956
1130.724956
1130.724956
1130.724956
1130.724956
1130.724956
1130.724956
1130.724956
1130.724956
1130.724956
1130.724956
1130.724956
1130.724956
1130.724956
1130.724956
1130.724956
1130.724956
1130.724956
1130.724956
1130.724956
1130.724956
1130.724956
1130.724956
1130.724956
1130.724956
1130.462076
1130.462076
1130.462076
1130.462076
1130.462076
1130.462076
1130.462076
1130.462076
1130.462076
1130.462076
1130.462076
1130.462076
1130.276619
1130.276619
1130.276619
1130.276619
1130.276619
1130.276619
1130.276619
1130.276619
1130.276619
1130.276619
1130.276619
1130.276619
1130.276619
1130.276619
1130.276619
1130.276619
1130.276619
1130.276619
1130.276619
1130.276619
1130.276619
1130.276619
1130.276619
1130.276619
1130.276619
1130.276619
1130.276619
1130.276619
1130.276619
1130.276619
1130.276619
1130.276619
1130.276619
1130.276619
1130.276619
1130.276619
1130.276619
1130.276619
1130.276619
1130.276619
1130.276619
1130.276619
1130.276619
1130.276619
1130.276619
1130.276619
1130.276619
1130.276619
1130.276619
1130.276619
1130.276619
1130.276619
1130.276619
1130.276619
1130.276619
1130.276619
1130.276619
1130.276619
1130.276619
1130.276619
1130.276619
1130.276619
1130.276619
1130.276619
1130.276619
1130.276619
1130.276619
1130.276619
1130.276619
1130.276619
1130.276619
1130.276619
1130.276619
1130.276619
1130.276619
1130.276619
1130.276619
1130.276619
1130.276619
1130.276619
1129.983591
1129.983591
1129.983591
1129.983591
1129.983591
1129.983591
1129.983591
1129.983591
1129.983591
1129.983591
1129.983591
1129.983591
1129.983591
1129.983591
1129.983591
1129.983591
1129.983591
1129.983591
1129.983591
1129.983591
1129.983591
1129.983591
1129.983591
1129.983591
1129.983591
1129.983591
1129.983591
1129.983591
1129.983591
1129.983591
1129.983591
1129.983591
1129.983591
1129.983591
1129.983591
1129.983591
1129.983591
1129.983591
1129.983591
1129.983591
1129.983591
1129.983591
1129.983591
1129.983591
1129.983591
1129.983591
1129.983591
1129.983591
1129.983591
1129.983591
1129.983591
1129.983591
1129.983591
1129.983591
1129.983591
1129.983591
1129.983591
1129.983591
1129.983591
1129.983591
1129.983591
1129.983591
1129.983591
1129.983591
1129.983591
1129.983591
1129.983591
1129.983591
1129.983591
1129.983591
1129.983591
1129.983591
1129.983591
1129.983591
1129.983591
1129.983591
1129.983591
1129.983591
1129.983591
1129.983591
1129.983591
1129.983591
1129.983591
1129.983591
1129.983591
1129.983591
1129.983591
1129.983591
1129.983591
1129.983591
1129.983591
1129.983591
1129.983591
1129.983591
1129.983591
1129.983591
1129.983591
1129.983591
1129.983591
1129.983591
1129.983591
1129.983591
1129.978741
1129.978741
1129.978741
1129.978741
1129.978741
1129.978741
1129.978741
1129.648541
1129.648541
1129.648541
1129.648541
1129.648541
1129.648541
1129.648541
1129.648541
1129.648541
1129.648541
1129.648541
1129.648541
1129.648541
1129.648541
1129.648541
1129.648541
1129.648541
1129.648541
1129.648541
1129.648541
1129.648541
1129.648541
1129.648541
1129.648541
1129.648541
1129.648541
1129.648541
1129.648541
1129.648541
1129.648541
1129.648541
1129.648541
1129.648541
1129.648541
1129.648541
1129.648541
1129.648541
1129.648541
1129.648541
1129.648541
1129.648541
1129.648541
1129.648541
1129.648541
1129.648541
1129.648541
1129.648541
1129.648541
1129.648541
1129.648541
1129.648541
1129.648541
1129.648541
1129.648541
1129.648541
1129.648541
1129.648541
1129.648541
1129.648541
1129.648541
1129.648541
1129.648541
1129.648541
1129.648541
1129.648541
1129.648541
1129.648541
1129.648541
1129.648541
1129.648541
1129.648541
1129.648541
1129.648541
1129.648541
1129.648541
1129.648541
1129.648541
1129.648541
1129.648541
1129.648541
1129.648541
1129.648541
1129.648541
1129.648541
1129.648541
1129.648541
1129.648541
1129.648541
1129.648541
1129.648541
1129.648541
1129.648541
1129.648541
1129.648541
1129.648541
1129.648541
1129.648541
1129.648541
1129.648541
1129.648541
1129.648541
1129.648541
1129.648541
1129.648541
1129.648541
1129.648541
1129.648541
1129.648541
1129.648541
1129.648541
1129.648541
1129.648541
1129.648541
1129.648541
1129.648541
1129.648541
1129.648541
1129.648541
1129.648541
1129.648541
1129.648541
1129.648541
1129.648541
1129.648541
1129.648541
1129.648541
1129.648541
1129.648541
1129.648541
1129.648541
1129.648541
1129.648541
1129.648541
1129.648541
1129.648541
1129.648541
1129.648541
1129.648541
1129.648541
1129.648541
1129.648541
1129.648541
1129.648541
1129.648541
1129.529495
1129.529495
1129.529495
1129.529495
1129.529495
1129.480214
1129.480214
1129.480214
1129.480214
1129.480214
1129.480214
1129.480214
1129.480214
1129.480214
1129.480214
1129.480214
1129.480214
1129.480214
1129.432422
1129.432422
1129.432422
1129.432422
1129.432422
1129.432422
1129.432422
1129.432422
1129.432422
1129.432422
1129.432422
1129.432422
1129.432422
1129.432422
1129.432422
1129.432422
1129.432422
1129.432422
1129.432422
1129.432422
1129.432422
1129.432422
1129.432422
1129.432422
1129.432422
1129.432422
1129.432422
1129.432422
1129.432422
1129.432422
1129.432422
1129.432422
1129.386641
1129.386641
1129.386641
1129.386641
1129.386641
1129.386641
1129.386641
1129.386641
1129.386641
1129.386641
1129.386641
1129.386641
1129.386641
1129.323738
1129.323738
1129.323738
1129.323738
1129.323738
1129.323738
1129.323738
1129.323738
1129.323738
1129.323738
1129.323738
1129.323738
1129.323738
1129.323738
1129.323738
1129.323738
1129.323738
1129.040286
1129.040286
1129.040286
1129.040286
1129.040286
1129.040286
1129.040286
1129.040286
1129.040286
1129.040286
1129.040286
1129.040286
1129.040286
1129.040286
1129.040286
1129.040286
1129.040286
1129.040286
1129.040286
1129.040286
1129.040286
1129.040286
1129.040286
1129.040286
1129.040286
1129.040286
1129.040286
1129.040286
1129.040286
1129.040286
1129.040286
1129.040286
1129.040286
1129.040286
1129.040286
1129.040286
1129.040286
1129.040286
1129.040286
1129.040286
1129.040286
1129.040286
1129.040286
1129.040286
1129.040286
1129.040286
1129.040286
1129.040286
1129.040286
1129.040286
1129.040286
1129.040286
1129.040286
1129.040286
1129.040286
1129.040286
1129.040286
1129.040286
1129.040286
1129.040286
1129.040286
1129.040286
1129.040286
1129.040286
1129.040286
1129.040286
1129.040286
1129.040286
1129.040286
1129.040286
1129.040286
1129.040286
1129.040286
1129.040286
1128.926520
1128.926520
1128.926520
1128.926520
1128.926520
1128.926520
1128.926520
1128.926520
1128.926520
1128.926520
1128.926520
1128.926520
1128.926520
1128.926520
1128.926520
1128.926520
1128.926520
1128.926520
1128.926520
1128.926520
1128.926520
1128.926520
1128.926520
1128.926520
1128.926520
1128.926520
1128.926520
1128.926520
1128.926520
1128.926520
1128.926520
1128.926520
1128.926520
1128.926520
1128.926520
1128.926520
1128.926520
1128.926520
1128.926520
1128.926520
1128.926520
1128.926520
1128.926520
1128.926520
1128.926520
1128.926520
1128.926520
1128.926520
1128.926520
1128.926520
1128.926520
1128.926520
1128.926520
1128.926520
1128.926520
1128.926520
1128.926520
1128.926520
1128.926520
1128.926520
1128.926520
1128.926520
1128.926520
1128.926520
1128.926520
1128.926520
1128.751376
1128.751376
1128.751376
1128.751376
1128.751376
1128.751376
1128.751376
1128.751376
1128.751376
1128.751376
1128.751376
1128.751376
1128.751376
1128.751376
1128.751376
1128.751376
1128.751376
1128.751376
1128.751376
1128.751376
1128.751376
1128.751376
1128.751376
1128.751376
1128.751376
1128.751376
1128.751376
1128.751376
1128.751376
1128.751376
1128.751376
1128.751376
1128.751376
1128.751376
1128.608910
1128.608910
1128.608910
1128.608910
1128.608910
1128.608910
1128.573469
1128.573469
1128.573469
1128.573469
1128.573469
1128.573469
1128.573469
1128.573469
1128.573469
1128.573469
1128.573469
1128.573469
1128.573469
1128.573469
1128.573469
1128.573469
1128.573469
1128.573469
1128.573469
1128.573469
1128.201999
1128.201999
1128.201999
1128.201999
1128.201999
1128.201999
1128.201999
1128.201999
1128.201999
1128.201999
1128.201999
1128.201999
1128.201999
1128.201999
1128.201999
1128.201999
1128.201999
1128.201999
1128.201999
1128.201999
1128.201999
1128.201999
1128.201999
1128.201999
1128.201999
1128.201999
1128.201999
1128.201999
1128.201999
1128.201999
1128.201999
1128.201999
1128.201999
1128.201999
1128.201999
1128.201999
1128.201999
1128.201999
1128.201999
1128.201999
1128.201999
1128.201999
1128.201999
1128.201999
1128.201999
1128.201999
1128.201999
1128.201999
1128.201999
1128.201999
1128.201999
1128.201999
1128.201999
1128.201999
1128.201999
1128.201999
1128.201999
1128.201999
1128.201999
1128.201999
1128.201999
1128.201999
1128.201999
1128.201999
1128.201999
1128.201999
1128.201999
1128.201999
1128.201999
1128.201999
1128.201999
1128.201999
1128.201999
1128.201999
1128.201999
1128.201999
1128.201999
1128.201999
1128.201999
1128.066045
1128.066045
1128.066045
1128.066045
1128.066045
1128.066045
1128.066045
1128.066045
1128.066045
1128.066045
1128.066045
1128.066045
1128.066045
1128.066045
1127.927678
1127.927678
1127.927678
1127.927678
1127.927678
1127.927678
1127.927678
1127.927678
1127.927678
1127.927678
1127.927678
1127.927678
1127.927678
1127.927678
1127.927678
1127.927678
1127.927678
1127.927678
1127.927678
1127.927678
1127.927678
1127.927678
1127.927678
1127.927678
1127.927678
1127.927678
1127.927678
1127.927678
1127.927678
1127.927678
1127.927678
1127.927678
1127.927678
1127.927678
1127.927678
1127.927678
1127.927678
1127.927678
1127.927678
1127.927678
1127.927678
1127.927678
1127.927678
1127.927678
1127.927678
1127.927678
1127.927678
1127.927678
1127.927678
1127.927678
1127.927678
1127.927678
1127.927678
1127.927678
1127.927678
1127.927678
1127.927678
1127.927678
1127.927678
1127.927678
1127.927678
1127.927678
1127.927678
1127.927678
1127.927678
1127.927678
1127.927678
1127.927678
1127.927678
1127.927678
1127.927678
1127.927678
1127.927678
1127.927678
1127.927678
1127.927678
1127.927678
1127.855524
1127.855524
1127.855524
1127.855524
1127.855524
1127.855524
1127.855524
1127.855524
1127.855524
1127.855524
1127.855524
1127.855524
1127.855524
1127.855524
1127.855524
1127.855524
1127.855524
1127.855524
1127.855524
1127.855524
1127.855524
1127.855524
1127.855524
1127.855524
1127.855524
1127.855524
1127.855524
1127.855524
1127.855524
1127.855524
1127.855524
1127.855524
1127.855524
1127.855524
1127.855524
1127.855524
1127.855524
1127.855524
1127.855524
1127.855524
1127.855524
1127.855524
1127.855524
1127.855524
1127.855524
1127.855524
1127.855524
1127.855524
1127.855524
1127.855524
1127.855524
1127.855524
1127.855524
1127.855524
1127.855524
1127.855524
1127.855524
1127.855524
1127.855524
1127.855524
1127.855524
1127.855524
1127.855524
1127.855524
1127.855524
1127.855524
1127.855524
1127.855524
1127.855524
1127.855524
1127.855524
1127.855524
1127.855524
1127.855524
1127.855524
1127.855524
1127.855524
1127.855524
1127.855524
1127.855524
1127.855524
1127.855524
1127.855524
1127.855524
1127.764237
1127.764237
1127.764237
1127.764237
1127.764237
1127.764237
1127.764237
1127.764237
1127.764237
1127.764237
1127.764237
1127.764237
1127.764237
1127.764237
1127.764237
1127.764237
1127.764237
1127.764237
1127.764237
1127.764237
1127.764237
1127.764237
1127.764237
1127.764237
1127.764237
1127.764237
1127.690182
1127.690182
1127.690182
1127.690182
1127.690182
1127.690182
1127.690182
1127.690182
1127.690182
1127.690182
1127.690182
1127.690182
1127.690182
1127.690182
1127.690182
1127.690182
1127.690182
1127.690182
1127.690182
1127.690182
1127.690182
1127.690182
1127.690182
1127.690182
1127.690182
1127.650043
1127.650043
1127.650043
1127.650043
1127.650043
1127.650043
1127.650043
1127.650043
1127.650043
1127.650043
1127.650043
1127.650043
1127.650043
1127.650043
1127.650043
1127.650043
1127.650043
1127.650043
1127.650043
1127.650043
1127.650043
1127.650043
1127.650043
1127.650043
1127.650043
1127.650043
1127.631590
1127.631590
1127.631590
1127.631590
1127.631590
1127.620685
1127.620685
1127.620685
1127.620685
1127.620685
1127.620685
1127.620685
1127.620685
1127.620685
1127.620685
1127.620685
1127.620685
1127.620685
1127.620685
1127.620685
1127.620685
1127.620685
1127.620685
1127.620685
1127.620685
1127.620685
1127.620685
1127.620685
1127.620685
1127.620685
1127.620685
1127.620685
1127.620685
1127.620685
1127.620685
1127.620685
1127.620685
1127.620685
1127.620685
1127.147147
1127.147147
1127.147147
1127.147147
1127.147147
1127.147147
1127.147147
1127.147147
1127.147147
1127.147147
1127.147147
1127.147147
1127.147147
1127.147147
1127.147147
1127.147147
1127.147147
1127.147147
1127.147147
1127.147147
1127.147147
1127.147147
1127.147147
1127.147147
1127.147147
1127.147147
1127.147147
1127.147147
1127.147147
1127.147147
1127.147147
1127.147147
1127.147147
1127.147147
1127.147147
1127.147147
1127.147147
1127.147147
1127.147147
1127.147147
1127.147147
1127.147147
1127.147147
1127.147147
1127.147147
1127.147147
1127.147147
1127.147147
1127.147147
1127.147147
1127.147147
1127.147147
1127.147147
1127.147147
1127.147147
1127.147147
1127.147147
1127.147147
1127.147147
1127.147147
1127.147147
1127.147147
1127.147147
1127.147147
1127.147147
1127.147147
1127.147147
1127.147147
1127.147147
1127.147147
1127.147147
1127.147147
1127.147147
1127.147147
1127.147147
1127.147147
1127.147147
1127.147147
1127.147147
1127.147147
1127.147147
1127.147147
1127.147147
1127.147147
1127.147147
1127.147147
1127.147147
1127.147147
1127.147147
1127.147147
1127.147147
1127.147147
1127.147147
1127.147147
1127.147147
1127.147147
1127.147147
1126.933726
1126.933726
1126.933726
1126.933726
1126.933726
1126.933726
1126.933726
1126.933726
1126.933726
1126.933726
1126.933726
1126.933726
1126.933726
1126.933726
1126.933726
1126.933726
1126.933726
1126.933726
1126.933726
1126.933726
1126.933726
1126.933726
1126.933726
1126.933726
1126.933726
1126.933726
1126.933726
1126.933726
1126.933726
1126.933726
1126.933726
1126.933726
1126.933726
1126.933726
1126.933726
1126.933726
1126.933726
1126.933726
1126.933726
1126.933726
1126.933726
1126.933726
1126.933726
1126.933726
1126.933726
1126.933726
1126.933726
1126.933726
1126.933726
1126.933726
1126.933726
1126.933726
1126.933726
1126.933726
1126.933726
1126.933726
1126.933726
1126.933726
1126.933726
1126.933726
1126.933726
1126.933726
1126.933726
1126.933726
1126.933726
1126.933726
1126.933726
1126.933726
1126.933726
1126.933726
1126.933726
1126.933726
1126.933726
1126.933726
1126.933726
1126.933726
1126.933726
1126.933726
1126.933726
1126.933726
1126.933726
1126.933726
1126.933726
1126.933726
1126.933726
1126.933726
1126.933726
1126.933726
1126.933726
1126.933726
1126.933726
1126.933726
1126.933726
1126.933726
1126.933726
1126.933726
1126.933726
1126.933726
1126.933726
1126.933726
1126.933726
1126.933726
1126.933726
1126.933726
1126.933726
1126.933726
1126.933726
1126.933726
1126.933726
1126.933726
1126.933726
1126.933726
1126.933726
1126.933726
1126.933726
1126.933726
1126.933726
1126.933726
1126.933726
1126.713396
1126.713396
1126.713396
1126.713396
1126.713396
1126.713396
1126.713396
1126.713396
1126.713396
1126.713396
1126.713396
1126.713396
1126.713396
1126.713396
1126.713396
1126.713396
1126.713396
1126.713396
1126.713396
1126.713396
1126.713396
1126.713396
1126.713396
1126.713396
1126.713396
1126.713396
1126.713396
1126.713396
1126.713396
1126.713396
1126.713396
1126.713396
1126.713396
1126.713396
1126.713396
1126.713396
1126.713396
1126.713396
1126.713396
1126.713396
1126.713396
1126.713396
1126.713396
1126.713396
1126.713396
1126.713396
1126.713396
1126.713396
1126.713396
1126.713396
1126.713396
1126.713396
1126.713396
1126.713396
1126.713396
1126.713396
1126.713396
1126.713396
1126.713396
1126.713396
1126.713396
1126.713396
1126.713396
1126.713396
1126.713396
1126.713396
1126.713396
1126.713396
1126.713396
1126.713396
1126.713396
1126.713396
1126.713396
1126.713396
1126.713396
1126.713396
1126.713396
1126.713396
1126.713396
1126.713396
1126.713396
1126.713396
1126.713396
1126.713396
1126.713396
1126.562309
1126.562309
1126.562309
1126.562309
1126.562309
1126.562309
1126.562309
1126.562309
1126.562309
1126.562309
1126.562309
1126.562309
1126.562309
1126.562309
1126.562309
1126.562309
1126.562309
1126.562309
1126.250719
1126.250719
1126.250719
1126.250719
1126.250719
1126.250719
1126.250719
1126.250719
1126.250719
1126.250719
1126.250719
1126.250719
1126.250719
1126.250719
1126.250719
1126.250719
1126.250719
1126.250719
1126.250719
1126.250719
1126.250719
1126.250719
1126.250719
1126.250719
1126.250719
1126.250719
1126.250719
1126.250719
1126.250719
1126.250719
1126.250719
1126.250719
1126.250719
1126.250719
1126.250719
1126.250719
1126.250719
1126.250719
1126.250719
1126.250719
1126.250719
1126.250719
1126.250719
1126.250719
1126.250719
1126.250719
1126.250719
1126.250719
1126.250719
1126.250719
1126.250719
1126.250719
1126.250719
1126.250719
1126.250719
1126.250719
1126.250719
1126.250719
1126.250719
1126.250719
1126.250719
1126.250719
1126.250719
1126.250719
1126.250719
1126.250719
1126.250719
1126.250719
1126.250719
1126.250719
1126.250719
1126.250719
1126.250719
1126.250719
1126.250719
1126.250719
1126.250719
1126.250719
1126.250719
1126.250719
1126.250719
1126.250719
1126.250719
1126.250719
1126.250719
1126.250719
1126.250719
1126.250719
1126.250719
1126.250719
1126.250719
1126.250719
1126.250719
1126.250719
1126.250719
1126.210387
1126.210387
1126.210387
1126.210387
1126.210387
1126.210387
1126.210387
1126.210387
1126.210387
1126.210387
1126.210387
1126.210387
1126.210387
1126.210387
1126.210387
1126.210387
1126.210387
1126.210387
1126.210387
1126.210387
1126.210387
1126.210387
1126.210387
1126.210387
1126.210387
1126.210387
1126.210387
1126.210387
1126.210387
1126.210387
1126.210387
1126.210387
1126.210387
1126.210387
1126.210387
1126.210387
1126.210387
1126.210387
1126.210387
1126.210387
1126.210387
1126.160209
1126.160209
1126.160209
1126.124353
1126.124353
1126.124353
1126.124353
1126.124353
1126.124353
1126.124353
1126.124353
1126.124353
1126.124353
1126.124353
1126.124353
1126.124353
1126.124353
1126.124353
1126.124353
1126.124353
1126.124353
1126.124353
1126.124353
1126.124353
1126.124353
1126.124353
1126.124353
1126.079122
1126.079122
1126.079122
1126.079122
1126.079122
1126.079122
1126.079122
1126.079122
1126.079122
1126.079122
1126.079122
1126.079122
1126.079122
1126.079122
1126.079122
1126.079122
1126.079122
1126.079122
1126.079122
1126.079122
1126.079122
1126.079122
1126.079122
1126.079122
1126.079122
1126.079122
1126.079122
1126.079122
1126.079122
1126.079122
1126.079122
1126.079122
1126.079122
1126.079122
1126.079122
1126.079122
1126.079122
1126.079122
1126.079122
1126.079122
1126.079122
1126.079122
1125.872072
1125.872072
1125.872072
1125.872072
1125.872072
1125.872072
1125.872072
1125.872072
1125.872072
1125.872072
1125.872072
1125.872072
1125.872072
1125.872072
1125.872072
1125.872072
1125.872072
1125.872072
1125.872072
1125.872072
1125.872072
1125.872072
1125.872072
1125.872072
1125.872072
1125.872072
1125.872072
1125.872072
1125.872072
1125.872072
1125.872072
1125.872072
1125.872072
1125.872072
1125.872072
1125.872072
1125.872072
1125.872072
1125.872072
1125.872072
1125.872072
1125.872072
1125.872072
1125.872072
1125.872072
1125.872072
1125.872072
1125.872072
1125.872072
1125.872072
1125.872072
1125.872072
1125.872072
1125.872072
1125.872072
1125.872072
1125.872072
1125.872072
1125.872072
1125.872072
1125.872072
1125.872072
1125.786183
1125.786183
1125.786183
1125.786183
1125.786183
1125.786183
1125.786183
1125.786183
1125.786183
1125.786183
1125.786183
1125.786183
1125.786183
1125.786183
1125.786183
1125.786183
1125.786183
1125.786183
1125.786183
1125.786183
1125.786183
1125.786183
1125.786183
1125.786183
1125.786183
1125.786183
1125.786183
1125.786183
1125.786183
1125.786183
1125.786183
1125.786183
1125.786183
1125.786183
1125.709838
1125.709838
1125.709838
1125.709838
1125.709838
1125.709838
1125.709838
1125.709838
1125.709838
1125.709838
1125.709838
1125.709838
1125.709838
1125.709838
1125.709838
1125.709838
1125.709838
1125.709838
1125.709838
1125.709838
1125.709838
1125.709838
1125.709838
1125.709838
1125.709838
1125.709838
1125.709838
1125.709838
1125.709838
1125.709838
1125.709838
1125.709838
1125.709838
1125.709838
1125.709838
1125.606969
1125.606969
1125.606969
1125.606969
1125.606969
1125.606969
1125.606969
1125.606969
1125.606969
1125.606969
1125.606969
1125.606969
1125.606969
1125.606969
1125.606969
1125.606969
1125.606969
1125.606969
1125.606969
1125.606969
1125.606969
1125.465484
1125.465484
1125.465484
1125.465484
1125.465484
1125.465484
1125.465484
1125.465484
1125.465484
1125.465484
1125.465484
1125.465484
1125.465484
1125.465484
1125.465484
1125.465484
1125.465484
1125.465484
1125.465484
1125.465484
1125.465484
1125.465484
1125.465484
1125.465484
1125.465484
1125.461098
1125.461098
1125.461098
1125.461098
1125.461098
1125.461098
1125.461098
1125.461098
1125.461098
1125.461098
1125.461098
1125.461098
1125.461098
1125.461098
1125.461098
1125.461098
1125.461098
1125.461098
1125.461098
1125.461098
1125.461098
1125.461098
1125.461098
1125.461098
1125.461098
1125.461098
1125.461098
1125.461098
1125.461098
1125.461098
1125.461098
1125.461098
1125.461098
1125.461098
1125.461098
1125.461098
1125.461098
1125.461098
1125.461098
1125.461098
1125.461098
1125.461098
1125.461098
1125.461098
1125.461098
1125.461098
1125.461098
1125.461098
1125.461098
1125.461098
1125.461098
1125.461098
1125.461098
1125.461098
1125.461098
1125.461098
1125.461098
1125.461098
1125.461098
1125.415656
1125.415656
1125.415656
1125.415656
1125.415656
1125.340174
1125.340174
1125.340174
1125.340174
1125.340174
1125.340174
1125.340174
1125.340174
1125.340174
1125.340174
1125.340174
1125.340174
1125.340174
1125.340174
1125.340174
1125.340174
1125.340174
1125.340174
1125.340174
1125.340174
1125.340174
1125.340174
1125.340174
1125.340174
1125.340174
1125.340174
1125.340174
1125.340174
1125.340174
1125.340174
1125.340174
1125.340174
1125.340174
1125.340174
1125.340174
1125.340174
1125.340174
1125.340174
1125.340174
1125.340174
1125.340174
1125.340174
1125.340174
1125.340174
1125.340174
1125.340174
1125.340174
1125.340174
1125.340174
1125.340174
1125.340174
1125.340174
1125.340174
1125.340174
1125.340174
1125.208381
1125.208381
1125.208381
1125.208381
1125.208381
1125.208381
1125.208381
1125.208381
1125.208381
1125.208381
1125.208381
1125.208381
1125.208381
1125.208381
1125.208381
1125.208381
1125.208381
1125.208381
1125.208381
1125.208381
1125.208381
1125.208381
1125.208381
1125.208381
1125.208381
1125.208381
1125.208381
1125.208381
1125.208381
1125.208381
1125.208381
1125.208381
1125.208381
1125.208381
1125.208381
1125.208381
1125.208381
1125.208381
1125.208381
1125.208381
1125.208381
1125.208381
1125.208381
1125.208381
1125.208381
1125.208381
1125.208381
1125.208381
1125.208381
1125.208381
1124.892630
1124.892630
1124.892630
1124.892630
1124.892630
1124.892630
1124.892630
1124.892630
1124.892630
1124.892630
1124.892630
1124.892630
1124.892630
1124.892630
1124.892630
1124.892630
1124.892630
1124.892630
1124.892630
1124.892630
1124.892630
1124.892630
1124.892630
1124.892630
1124.892630
1124.892630
1124.892630
1124.892630
1124.892630
1124.892630
1124.892630
1124.892630
1124.892630
1124.892630
1124.892630
1124.892630
1124.892630
1124.892630
1124.892630
1124.892630
1124.892630
1124.892630
1124.892630
1124.892630
1124.892630
1124.892630
1124.892630
1124.886308
1124.886308
1124.886308
1124.886308
1124.886308
1124.886308
1124.886308
1124.886308
1124.886308
1124.886308
1124.886308
1124.886308
1124.886308
1124.886308
1124.886308
1124.886308
1124.886308
1124.886308
1124.886308
1124.886308
1124.886308
1124.886308
1124.886308
1124.886308
1124.886308
1124.886308
1124.886308
1124.886308
1124.886308
1124.886308
1124.886308
1124.847386
1124.847386
1124.847386
1124.847386
1124.847386
1124.847386
1124.847386
1124.799733
1124.799733
1124.799733
1124.799733
1124.799733
1124.799733
1124.799733
1124.799733
1124.799733
1124.799733
1124.799733
1124.799733
1124.799733
1124.799733
1124.799733
1124.799733
1124.799733
1124.799733
1124.799733
1124.799733
1124.799733
1124.799733
1124.799733
1124.799733
1124.799733
1124.799733
1124.799733
1124.799733
1124.799733
1124.799733
1124.799733
1124.799733
1124.799733
1124.799733
1124.799733
1124.799733
1124.799733
1124.799733
1124.799733
1124.799733
1124.799733
1124.799733
1124.799733
1124.799733
1124.799733
1124.799733
1124.799733
1124.799733
1124.799733
1124.799733
1124.467386
1124.467386
1124.467386
1124.467386
1124.467386
1124.467386
1124.467386
1124.467386
1124.467386
1124.467386
1124.467386
1124.467386
1124.467386
1124.467386
1124.467386
1124.467386
1124.467386
1124.467386
1124.467386
1124.467386
1124.467386
1124.467386
1124.467386
1124.467386
1124.467386
1124.467386
1124.467386
1124.467386
1124.467386
1124.467386
1124.467386
1124.467386
1124.336302
1124.336302
1124.336302
1124.336302
1124.336302
1124.336302
1124.336302
1124.336302
1124.336302
1124.336302
1124.336302
1124.336302
1124.336302
1124.336302
1124.336302
1124.336302
1124.336302
1124.336302
1124.336302
1124.336302
1124.336302
1124.336302
1124.336302
1124.336302
1124.336302
1124.336302
1124.336302
1124.336302
1124.336302
1124.336302
1124.129672
1124.129672
1124.129672
1124.129672
1124.129672
1124.129672
1124.129672
1124.129672
1124.129672
1124.129672
1124.129672
1124.129672
1124.129672
1124.129672
1124.129672
1124.129672
1124.129672
1124.129672
1124.129672
1124.129672
1124.129672
1124.129672
1124.129672
1124.129672
1124.129672
1124.129672
1124.129672
1124.129672
1124.129672
1124.129672
1124.129672
1124.129672
1124.129672
1124.129672
1124.129672
1124.129672
1124.129672
1124.129672
1124.129672
1124.060346
1124.060346
1124.060346
1124.060346
1124.060346
1124.060346
1124.060346
1124.060346
1124.060346
1124.060346
1124.060346
1124.060346
1124.060346
1124.060346
1124.060346
1124.060346
1124.060346
1124.060346
1124.060346
1124.060346
1124.060346
1124.060346
1123.796715
1123.796715
1123.796715
1123.796715
1123.796715
1123.796715
1123.796715
1123.796715
1123.796715
1123.796715
1123.796715
1123.796715
1123.796715
1123.796715
1123.796715
1123.787340
1123.787340
1123.787340
1123.787340
1123.787340
1123.787340
1123.787340
1123.787340
1123.787340
1123.787340
1123.787340
1123.787340
1123.787340
1123.787340
1123.787340
1123.787340
1123.787340
1123.787340
1123.787340
1123.787340
1123.787340
1123.787340
1123.787340
1123.787340
1123.787340
1123.787340
1123.787340
1123.787340
1123.787340
1123.787340
1123.787340
1123.787340
1123.787340
1123.787340
1123.787340
1123.787340
1123.787340
1123.787340
1123.787340
1123.787340
1123.787340
1123.787340
1123.787340
1123.787340
1123.787340
1123.787340
1123.787340
1123.787340
1123.787340
1123.787340
1123.787340
1123.787340
1123.787340
1123.787340
1123.787340
1123.703008
1123.703008
1123.703008
1123.703008
1123.703008
1123.703008
1123.703008
1123.703008
1123.703008
1123.672763
1123.672763
1123.672763
1123.672763
1123.672763
1123.672763
1123.593309
1123.593309
1123.593309
1123.593309
1123.593309
1123.593309
1123.593309
1123.593309
1123.593309
1123.593309
1123.593309
1123.593309
1123.593309
1123.593309
1123.593309
1123.593309
1123.593309
1123.593309
1123.593309
1123.593309
1123.593309
1123.593309
1123.593309
1123.593309
1123.593309
1123.593309
1123.593309
1123.593309
1123.593309
1123.593309
1123.593309
1123.593309
1123.558475
1123.558475
1123.558475
1123.558475
1123.558475
1123.558475
1123.558475
1123.558475
1123.558475
1123.558475
1123.558475
1123.558475
1123.558475
1123.558475
1123.558475
1123.558475
1123.558475
1123.558475
1123.558475
1123.558475
1123.558475
1123.558475
1123.558475
1123.558475
1123.558475
1123.558475
1123.558475
1123.558475
1123.558475
1123.454714
1123.266195
1123.266195
1123.266195
1123.266195
1123.266195
1123.266195
1123.266195
1123.266195
1123.266195
1123.266195
1123.266195
1123.266195
1123.266195
1123.266195
1123.266195
1123.266195
1123.266195
1123.266195
1123.266195
1123.266195
1123.266195
1123.266195
1123.266195
1123.266195
1123.266195
1123.266195
1123.266195
1123.018458
1123.018458
1123.018458
1123.018458
1123.018458
1123.018458
1123.018458
1123.018458
1123.018458
1123.018458
1123.018458
1123.018458
1123.018458
1123.018458
1123.018458
1123.018458
1123.018458
1123.018458
1123.018458
1123.018458
1123.018458
1123.018458
1123.018458
1123.018458
1123.018458
1123.018458
1123.018458
1123.018458
1123.018458
1123.018458
1123.018458
1123.018458
1123.018458
1123.018458
1123.018458
1123.018458
1123.018458
1123.018458
1123.018458
1123.018458
1123.018458
1123.018458
1123.018458
1123.018458
1123.018458
1123.018458
1123.018458
1123.018458
1123.018458
1123.018458
1123.018458
1123.018458
1123.018458
1123.018458
1123.018458
1123.018458
1123.018458
1123.018458
1123.018458
1123.018458
1123.018458
1123.018458
1123.018458
1123.018458
1123.018458
1123.018458
1123.018458
1123.018458
1123.018458
1123.018458
1123.018458
1123.018458
1123.018458
1123.018458
1123.018458
1123.018458
1123.018458
1123.018458
1123.018458
1123.018458
1123.018458
1123.018458
1123.018458
1123.018458
1123.018458
1123.018458
1123.018458
1123.018458
1123.018458
1123.018458
1123.018458
1123.018458
1123.018458
1123.018458
1123.018458
1123.018458
1123.018458
1122.977790
1122.977790
1122.977790
1122.977790
1122.977790
1122.977790
1122.977790
1122.977790
1122.977790
1122.977790
1122.977790
1122.977790
1122.977790
1122.977790
1122.977790
1122.977790
1122.977790
1122.977790
1122.977790
1122.977790
1122.977790
1122.977790
1122.977790
1122.977790
1122.977790
1122.977790
1122.977790
1122.977790
1122.977790
1122.977790
1122.977790
1122.977790
1122.977790
1122.763700
1122.763700
1122.763700
1122.763700
1122.763700
1122.763700
1122.763700
1122.763700
1122.763700
1122.763700
1122.763700
1122.763700
1122.763700
1122.763700
1122.763700
1122.763700
1122.763700
1122.763700
1122.763700
1122.763700
1122.763700
1122.763700
1122.763700
1122.763700
1122.763700
1122.763700
1122.763700
1122.763700
1122.763700
1122.763700
1122.763700
1122.763700
1122.763700
1122.763700
1122.763700
1122.763700
1122.763700
1122.763700
1122.763700
1122.763700
1122.763700
1122.763700
1122.763700
1122.763700
1122.763700
1122.763700
1122.763700
1122.763700
1122.763700
1122.763700
1122.763700
1122.763700
1122.583026
1122.583026
1122.583026
1122.583026
1122.583026
1122.583026
1122.583026
1122.583026
1122.583026
1122.583026
1122.583026
1122.583026
1122.583026
1122.583026
1122.583026
1122.583026
1122.583026
1122.583026
1122.583026
1122.583026
1122.583026
1122.583026
1122.583026
1122.583026
1122.583026
1122.583026
1122.583026
1122.583026
1122.583026
1122.583026
1122.583026
1122.583026
1122.583026
1122.583026
1122.583026
1122.583026
1122.583026
1122.583026
1122.583026
1122.583026
1122.583026
1122.583026
1122.583026
1122.583026
1122.583026
1122.583026
1122.583026
1122.583026
1122.583026
1122.583026
1122.583026
1122.583026
1122.583026
1122.583026
1122.583026
1122.583026
1122.583026
1122.583026
1122.583026
1122.583026
1122.583026
1122.583026
1122.583026
1122.583026
1122.583026
1122.335891
1122.335891
1122.335891
1122.335891
1122.335891
1122.335891
1122.335891
1122.335891
1122.335891
1122.335891
1122.335891
1122.335891
1122.335891
1122.335891
1122.335891
1122.335891
1122.335891
1122.335891
1122.335891
1122.335891
1122.335891
1122.335891
1122.335891
1122.335891
1122.335891
1122.335891
1122.335891
1122.335891
1122.335891
1122.335891
1122.335891
1122.335891
1122.335891
1122.335891
1122.335891
1122.335891
1122.335891
1122.335891
1122.335891
1122.335891
1122.335891
1122.335891
1122.335891
1122.335891
1122.335891
1122.335891
1122.335891
1122.335891
1122.335891
1122.335891
1122.335891
1122.335891
1122.335891
1122.335891
1122.335891
1122.335891
1122.335891
1122.335891
1122.335891
1122.335891
1122.335891
1122.054435
1122.054435
1122.054435
1122.054435
1122.054435
1122.054435
1122.054435
1122.054435
1122.054435
1122.054435
1122.054435
1122.054435
1122.054435
1122.054435
1122.054435
1122.054435
1122.054435
1122.054435
1122.054435
1122.054435
1122.054435
1122.054435
1122.054435
1122.054435
1122.054435
1122.054435
1122.054435
1122.054435
1122.054435
1122.054435
1122.054435
1122.054435
1122.054435
1122.054435
1122.054435
1122.054435
1122.054435
1122.054435
1122.054435
1122.054435
1122.054435
1122.054435
1122.054435
1122.054435
1122.054435
1122.054435
1122.054435
1122.054435
1122.054435
1122.054435
1122.054435
1122.054435
1122.054435
1122.054435
1122.054435
1122.054435
1122.054435
1122.054435
1122.054435
1122.054435
1122.054435
1122.054435
1122.054435
1121.991603
1121.991603
1121.991603
1121.991603
1121.991603
1121.991603
1121.991603
1121.991603
1121.991603
1121.991603
1121.991603
1121.991603
1121.991603
1121.991603
1121.991603
1121.991603
1121.991603
1121.991603
1121.991603
1121.991603
1121.991603
1121.991603
1121.991603
1121.991603
1121.991603
1121.991603
1121.991603
1121.991603
1121.991603
1121.991603
1121.991603
1121.991603
1121.991603
1121.991603
1121.991603
1121.991603
1121.991603
1121.991603
1121.991603
1121.991603
1121.991603
1121.991603
1121.991603
1121.991603
1121.991603
1121.991603
1121.991603
1121.991603
1121.991603
1121.991603
1121.991603
1121.991603
1121.991603
1121.991603
1121.991603
1121.991603
1121.991603
1121.991603
1121.991603
1121.991603
1121.991603
1121.991603
1121.991603
1121.991603
1121.991603
1121.991603
1121.991603
1121.991603
1121.991603
1121.991603
1121.991603
1121.991603
1121.991603
1121.991603
1121.991603
1121.991603
1121.991603
1121.991603
1121.991603
1121.991603
1121.991603
1121.991603
1121.991603
1121.991603
1121.991603
1121.991603
1121.991603
1121.991603
1121.991603
1121.991603
1121.991603
1121.991603
1121.991603
1121.839487
1121.839487
1121.839487
1121.839487
1121.839487
1121.839487
1121.839487
1121.839487
1121.839487
1121.839487
1121.839487
1121.839487
1121.839487
1121.839487
1121.839487
1121.839487
1121.839487
1121.839487
1121.839487
1121.839487
1121.839487
1121.839487
1121.839487
1121.839487
1121.839487
1121.839487
1121.839487
1121.839487
1121.839487
1121.839487
1121.839487
1121.839487
1121.839487
1121.839487
1121.644691
1121.644691
1121.644691
1121.644691
1121.644691
1121.644691
1121.644691
1121.644691
1121.644691
1121.644691
1121.644691
1121.644691
1121.644691
1121.644691
1121.644691
1121.644691
1121.644691
1121.644691
1121.644691
1121.644691
1121.644691
1121.644691
1121.644691
1121.644691
1121.644691
1121.644691
1121.644691
1121.644691
1121.644691
1121.644691
1121.644691
1121.644691
1121.644691
1121.644691
1121.644691
1121.644691
1121.644691
1121.644691
1121.644691
1121.644691
1121.644691
1121.644691
1121.644691
1121.644691
1121.644691
1121.644691
1121.644691
1121.644691
1121.644691
1121.644691
1121.644691
1121.644691
1121.644691
1121.644691
1121.644691
1121.644691
1121.644691
1121.644691
1121.644691
1121.644691
1121.644691
1121.644691
1121.644691
1121.644691
1121.644691
1121.644691
1121.644691
1121.644691
1121.644691
1121.644691
1121.644691
1121.644691
1121.644691
1121.450760
1121.450760
1121.450760
1121.450760
1121.450760
1121.450760
1121.201769
1121.201769
1121.201769
1121.201769
1121.201769
1121.201769
1121.201769
1121.201769
1121.201769
1121.201769
1121.201769
1121.201769
1121.201769
1121.201769
1121.201769
1121.201769
1121.201769
1121.201769
1121.201769
1121.201769
1121.201769
1121.201769
1121.201769
1121.201769
1121.201769
1121.201769
1121.201769
1121.201769
1121.201769
1121.201769
1121.201769
1121.201769
1121.201769
1121.201769
1121.201769
1121.201769
1121.201769
1121.201769
1121.201769
1121.201769
1121.201769
1121.201769
1121.201769
1121.201769
1121.201769
1121.201769
1121.201769
1121.201769
1121.201769
1121.201769
1121.201769
1121.201769
1121.201769
1121.201769
1121.201769
1121.201769
1121.201769
1121.201769
1121.201769
1121.201769
1121.201769
1121.201769
1121.201769
1121.201769
1121.201769
1121.201769
1121.201769
1121.201769
1121.201769
1121.201769
1121.201769
1121.201769
1121.201769
1121.201769
1121.201769
1121.201769
1121.201769
1121.201769
1121.201769
1121.201769
1121.201769
1121.201769
1121.201769
1121.201769
1121.201769
1121.201769
1121.201769
1121.201769
1121.201769
1121.201769
1121.201769
1121.201769
1121.201769
1121.201769
1121.201769
1121.201769
1121.201769
1121.201769
1121.201769
1121.201769
1121.087945
1121.087945
1121.087945
1121.087945
1121.087945
1121.087945
1121.087945
1121.087945
1121.087945
1121.087945
1121.087945
1121.087945
1121.087945
1121.087945
1121.087945
1121.087945
1121.087945
1121.087945
1121.087945
1121.087945
1121.087945
1121.087945
1121.087945
1121.087945
1121.087945
1121.087945
1121.087945
1121.087945
1121.087945
1121.087945
1121.087945
1121.087945
1121.087945
1121.087945
1121.087945
1121.087945
1121.087945
1121.087945
1121.087945
1121.087945
1121.087945
1121.087945
1121.087945
1121.087945
1121.087945
1121.087945
1121.087945
1121.087945
1121.087945
1121.087945
1121.087945
1121.087945
1121.087945
1121.087945
1121.087945
1121.087945
1121.087945
1121.087945
1121.087945
1121.087945
1121.087945
1121.051731
1121.051731
1121.051731
1121.051731
1121.051731
1121.051731
1121.051731
1121.051731
1121.051731
1121.051731
1121.051731
1121.051731
1121.051731
1121.051731
1121.051731
1121.051731
1121.051731
1121.051731
1121.051731
1120.821323
1120.821323
1120.821323
1120.821323
1120.821323
1120.821323
1120.821323
1120.821323
1120.821323
1120.821323
1120.821323
1120.821323
1120.821323
1120.821323
1120.821323
1120.821323
1120.821323
1120.821323
1120.821323
1120.821323
1120.821323
1120.821323
1120.821323
1120.821323
1120.821323
1120.821323
1120.821323
1120.821323
1120.821323
1120.821323
1120.821323
1120.821323
1120.821323
1120.821323
1120.821323
1120.821323
1120.821323
1120.821323
1120.821323
1120.821323
1120.821323
1120.821323
1120.821323
1120.821323
1120.821323
1120.821323
1120.821323
1120.821323
1120.821323
1120.821323
1120.821323
1120.821323
1120.821323
1120.821323
1120.821323
1120.821323
1120.821323
1120.821323
1120.821323
1120.821323
1120.821323
1120.821323
1120.821323
1120.821323
1120.821323
1120.821323
1120.821323
1120.821323
1120.821323
1120.821323
1120.821323
1120.821323
1120.821323
1120.821323
1120.821323
1120.821323
1120.821323
1120.821323
1120.821323
1120.821323
1120.821323
1120.821323
1120.821323
1120.821323
1120.821323
1120.821323
1120.821323
1120.821323
1120.821323
1119.893594
1119.893594
1119.893594
1119.893594
1119.893594
1119.893594
1119.893594
1119.893594
1119.893594
1119.893594
1119.893594
1119.893594
1119.893594
1119.893594
1119.893594
1119.893594
1119.893594
1119.893594
1119.893594
1119.893594
1119.893594
1119.893594
1119.893594
1119.893594
1119.893594
1119.893594
1119.893594
1119.893594
1119.893594
1119.893594
1119.893594
1119.893594
1119.893594
1119.893594
1119.893594
1119.893594
1119.893594
1119.893594
1119.893594
1119.893594
1119.893594
1119.893594
1119.893594
1119.893594
1119.893594
1119.893594
1119.893594
1119.893594
1119.893594
1119.893594
1119.893594
1119.640261
1119.640261
1119.640261
1119.640261
1119.640261
1119.640261
1119.640261
1119.640261
1119.640261
1119.640261
1119.640261
1119.640261
1119.640261
1119.640261
1119.640261
1119.640261
1119.640261
1119.640261
1119.640261
1119.640261
1119.640261
1119.640261
1119.640261
1119.640261
1119.640261
1119.640261
1119.640261
1119.640261
1119.640261
1119.640261
1119.640261
1119.640261
1119.640261
1119.640261
1119.640261
1119.640261
1119.640261
1119.640261
1119.640261
1119.640261
1119.640261
1119.640261
1119.640261
1119.640261
1119.640261
1119.640261
1119.640261
1119.640261
1119.640261
1119.640261
1119.640261
1119.640261
1119.640261
1119.640261
1119.640261
1119.640261
1119.640261
1119.640261
1119.640261
1119.640261
1119.640261
1119.640261
1119.640261
1119.640261
1119.640261
1119.640261
1119.640261
1119.640261
1119.640261
1119.640261
1119.640261
1119.640261
1119.640261
1119.640261
1119.640261
1119.640261
1119.640261
1119.640261
1119.640261
1119.640261
1119.640261
1119.640261
1119.640261
1119.640261
1119.640261
1119.640261
1119.640261
1119.640261
1119.640261
1119.640261
1119.539670
1119.539670
1119.539670
1119.539670
1119.119307
1119.119307
1119.119307
1119.119307
1119.119307
1119.119307
1119.119307
1119.119307
1119.119307
1119.119307
1119.119307
1119.119307
1119.119307
1119.119307
1119.119307
1119.119307
1119.119307
1119.119307
1119.119307
1119.119307
1119.119307
1119.119307
1119.119307
1119.119307
1119.119307
1119.119307
1119.119307
1119.119307
1119.119307
1119.119307
1119.119307
1119.119307
1119.119307
1119.119307
1119.119307
1119.119307
1119.119307
1119.119307
1119.119307
1119.119307
1119.119307
1119.119307
1119.119307
1119.119307
1119.119307
1119.119307
1119.119307
1119.119307
1119.119307
1119.119307
1119.119307
1119.119307
1119.119307
1119.119307
1119.119307
1119.119307
1119.119307
1119.119307
1119.119307
1119.119307
1119.119307
1119.119307
1119.119307
1119.119307
1119.119307
1119.119307
1119.119307
1119.119307
1119.119307
1119.119307
1119.119307
1119.119307
1119.119307
1119.119307
1119.119307
1119.119307
1119.119307
1119.119307
1119.119307
1119.119307
1119.119307
1119.119307
1119.119307
1119.119307
1119.119307
1119.119307
1119.119307
1119.119307
1119.119307
1119.119307
1119.119307
1119.119307
1119.119307
1119.119307
1119.119307
1119.119307
1119.119307
1119.119307
1119.119307
1119.119307
1119.119307
1119.119307
1119.058866
1119.058866
1118.688925
1118.688925
1118.688925
1118.688925
1118.688925
1118.688925
1118.688925
1118.688925
1118.688925
1118.688925
1118.688925
1118.688925
1118.688925
1118.688925
1118.688925
1118.688925
1118.688925
1118.688925
1118.688925
1118.688925
1118.688925
1118.688925
1118.688925
1118.688925
1118.688925
1118.688925
1118.688925
1118.688925
1118.688925
1118.688925
1118.688925
1118.631043
1118.631043
1118.631043
1118.631043
1118.631043
1118.631043
1118.631043
1118.631043
1118.631043
1118.631043
1118.631043
1118.631043
1118.631043
1118.631043
1118.631043
1118.631043
1118.631043
1118.631043
1118.631043
1118.631043
1118.631043
1118.631043
1118.631043
1118.631043
1118.344829
1118.344829
1118.344829
1118.344829
1118.344829
1118.344829
1118.344829
1118.344829
1118.344829
1118.344829
1118.344829
1118.344829
1118.344829
1118.344829
1118.344829
1118.344829
1118.344829
1118.344829
1118.344829
1118.344829
1118.344829
1118.344829
1118.344829
1118.344829
1118.344829
1118.344829
1118.344829
1118.344829
1118.344829
1118.344829
1118.344829
1118.344829
1118.344829
1118.344829
1118.344829
1118.344829
1118.344829
1118.344829
1118.344829
1118.344829
1118.344829
1118.344829
1118.344829
1118.344829
1118.344829
1118.344829
1118.344829
1118.344829
1118.344829
1118.344829
1118.344829
1118.344829
1118.344829
1118.344829
1118.344829
1118.344829
1118.344829
1118.344829
1118.344829
1118.344829
1118.344829
1118.344829
1118.344829
1118.344829
1118.344829
1118.344829
1118.344829
1118.344829
1118.344829
1118.344829
1118.344829
1118.304767
1118.304767
1118.304767
1118.304767
1118.304767
1118.304767
1118.304767
1118.304767
1118.304767
1118.304767
1118.304767
1118.062078
1118.062078
1118.062078
1118.062078
1118.062078
1118.062078
1118.062078
1118.062078
1118.062078
1118.062078
1118.062078
1118.062078
1118.062078
1118.062078
1118.062078
1118.062078
1118.062078
1118.062078
1118.062078
1117.801088
1117.801088
1117.801088
1117.801088
1117.801088
1117.801088
1117.801088
1117.801088
1117.801088
1117.801088
1117.801088
1117.801088
1117.801088
1117.801088
1117.801088
1117.801088
1117.801088
1117.801088
1117.801088
1117.801088
1117.801088
1117.801088
1117.801088
1117.801088
1117.801088
1117.801088
1117.801088
1117.801088
1117.801088
1117.801088
1117.801088
1117.801088
1117.801088
1117.801088
1117.801088
1117.801088
1117.801088
1117.801088
1117.801088
1117.801088
1117.801088
1117.801088
1117.801088
1117.801088
1117.801088
1117.801088
1117.801088
1117.801088
1117.658478
1117.658478
1117.658478
1117.658478
1117.658478
1117.658478
1117.658478
1117.658478
1117.658478
1117.658478
1117.658478
1117.658478
1117.658478
1117.658478
1117.658478
1117.658478
1117.658478
1117.658478
1117.658478
1117.658478
1117.658478
1117.658478
1117.658478
1117.658478
1117.658478
1117.658478
1117.658478
1117.658478
1117.658478
1117.658478
1117.658478
1117.658478
1117.658478
1117.658478
1117.658478
1117.658478
1117.658478
1117.658478
1117.658478
1117.658478
1117.658478
1117.658478
1117.658478
1117.658478
1117.658478
1117.658478
1117.658478
1117.658478
1117.658478
1117.658478
1117.658478
1117.658478
1117.658478
1117.658478
1117.658478
1117.658478
1117.658478
1117.658478
1117.658478
1117.658478
1117.658478
1117.658478
1117.425040
1117.425040
1117.425040
1117.425040
1117.425040
1117.425040
1117.425040
1117.425040
1117.425040
1117.425040
1117.425040
1117.425040
1117.425040
1117.425040
1117.425040
1117.425040
1117.425040
1117.425040
1117.425040
1117.425040
1117.425040
1117.425040
1117.425040
1117.425040
1117.425040
1117.425040
1117.425040
1117.425040
1117.425040
1117.425040
1117.425040
1117.425040
1117.425040
1117.425040
1117.425040
1117.425040
1117.425040
1117.425040
1117.425040
1117.425040
1117.425040
1117.425040
1117.425040
1117.425040
1117.425040
1117.425040
1117.425040
1117.425040
1117.425040
1117.425040
1117.425040
1117.425040
1117.425040
1117.425040
1117.425040
1117.425040
1117.425040
1117.425040
1117.425040
1117.425040
1117.425040
1117.425040
1117.385780
1117.385780
1117.385780
1117.385780
1117.385780
1117.385780
1117.385780
1117.385780
1117.385780
1117.385780
1117.385780
1117.385780
1117.385780
1117.385780
1117.385780
1117.385780
1117.385780
1117.385780
1117.385780
1117.385780
1117.385780
1117.385780
1117.385780
1117.385780
1117.385780
1117.385780
1117.385780
1117.385780
1117.385780
1117.385780
1117.385780
1117.385780
1117.385780
1117.385780
1117.385780
1117.385780
1117.385780
1117.385780
1117.385780
1117.385780
1117.385780
1117.385780
1117.385780
1117.385780
1117.385780
1117.384033
1117.384033
1117.384033
1117.384033
1117.384033
1117.384033
1117.384033
1117.384033
1117.384033
1117.384033
1117.384033
1117.384033
1117.384033
1117.384033
1117.384033
1117.384033
1117.384033
1117.384033
1117.384033
1117.384033
1117.384033
1117.384033
1117.384033
1117.384033
1117.384033
1117.384033
1117.384033
1117.384033
1117.384033
1117.384033
1117.384033
1117.384033
1117.384033
1117.384033
1117.284183
1117.284183
1117.284183
1117.284183
1117.284183
1117.284183
1117.284183
1117.284183
1117.284183
1117.284183
1117.284183
1117.284183
1117.284183
1117.284183
1117.284183
1117.284183
1117.284183
1117.284183
1117.284183
1117.284183
1117.284183
1117.284183
1117.284183
1117.284183
1117.284183
1117.002535
1117.002535
1117.002535
1117.002535
1117.002535
1117.002535
1117.002535
1117.002535
1117.002535
1117.002535
1117.002535
1117.002535
1117.002535
1117.002535
1117.002535
1117.002535
1117.002535
1117.002535
1117.002535
1117.002535
1117.002535
1117.002535
1117.002535
1117.002535
1117.002535
1117.002535
1117.002535
1117.002535
1117.002535
1117.002535
1117.002535
1117.002535
1117.002535
1117.002535
1117.002535
1117.002535
1117.002535
1117.002535
1117.002535
1117.002535
1116.822012
1116.822012
1116.822012
1116.822012
1116.822012
1116.822012
1116.822012
1116.822012
1116.822012
1116.822012
1116.822012
1116.822012
1116.822012
1116.822012
1116.822012
1116.822012
1116.822012
1116.822012
1116.822012
1116.822012
1116.822012
1116.822012
1116.822012
1116.822012
1116.822012
1116.822012
1116.822012
1116.822012
1116.822012
1116.822012
1116.822012
1116.822012
1116.822012
1116.822012
1116.822012
1116.822012
1116.822012
1116.822012
1116.822012
1116.822012
1116.822012
1116.822012
1116.822012
1116.822012
1116.822012
1116.822012
1116.822012
1116.822012
1116.822012
1116.822012
1116.822012
1116.822012
1116.822012
1116.822012
1116.822012
1116.822012
1116.822012
1116.822012
1116.822012
1116.822012
1116.822012
1116.822012
1116.822012
1116.822012
1116.822012
1116.822012
1116.822012
1116.822012
1116.822012
1116.822012
1116.822012
1116.822012
1116.822012
1116.822012
1116.785407
1116.785407
1116.785407
1116.785407
1116.785407
1116.785407
1116.785407
1116.785407
1116.785407
1116.785407
1116.785407
1116.785407
1116.785407
1116.785407
1116.785407
1116.785407
1116.785407
1116.785407
1116.785407
1116.785407
1116.785407
1116.785407
1116.785407
1116.785407
1116.785407
1116.785407
1116.785407
1116.785407
1116.785407
1116.785407
1116.785407
1116.785407
1116.785407
1116.785407
1116.785407
1116.785407
1116.745835
1116.745835
1116.745835
1116.745835
1116.745835
1116.745835
1116.745835
1116.745835
1116.745835
1116.745835
1116.745835
1116.745835
1116.745835
1116.745835
1116.745835
1116.745835
1116.745835
1116.745835
1116.745835
1116.745835
1116.745835
1116.745835
1116.745835
1116.745835
1116.745835
1116.745835
1116.745835
1116.745835
1116.745835
1116.745835
1116.745835
1116.745835
1116.745835
1116.745835
1116.745835
1116.745835
1116.745835
1116.745835
1116.745835
1116.745835
1116.745835
1116.745835
1116.745835
1116.745835
1116.745835
1116.745835
1116.745835
1116.745835
1116.745835
1116.745835
1116.745835
1116.745835
1116.745835
1116.745835
1116.745835
1116.745835
1116.745835
1116.745835
1116.745835
1116.745835
1116.745835
1116.745835
1116.745835
1116.745835
1116.745835
1116.745835
1116.745835
1116.745835
1116.745835
1116.745835
1116.745835
1116.745835
1116.745835
1116.745835
1116.745835
1116.745835
1116.745835
1116.745835
1116.745835
1116.745835
1116.745835
1116.392517
1116.392517
1116.392517
1116.392517
1116.392517
1116.392517
1116.392517
1116.392517
1116.392517
1116.392517
1116.392517
1116.392517
1116.392517
1116.392517
1116.392517
1116.392517
1116.392517
1116.392517
1116.392517
1116.392517
1116.392517
1116.392517
1116.392517
1116.392517
1116.392517
1116.392517
1116.392517
1116.392517
1116.392517
1116.392517
1116.392517
1116.392517
1116.392517
1116.392517
1116.392517
1116.392517
1116.392517
1116.392517
1116.392517
1116.392517
1116.392517
1116.392517
1116.392517
1116.392517
1116.392517
1116.392517
1116.392517
1116.392517
1116.392517
1116.392517
1116.392517
1116.392517
1116.392517
1116.392517
1116.392517
1116.392517
1116.392517
1116.392517
1116.392517
1116.392517
1116.392517
1116.392517
1116.392517
1116.392517
1116.392517
1116.392517
1116.392517
1116.392517
1116.392517
1116.392517
1116.392517
1116.392517
1116.392517
1116.392517
1116.392517
1116.392517
1116.392517
1116.392517
1116.392517
1116.392517
1116.392517
1116.392517
1116.392517
1116.392517
1116.392517
1116.392517
1116.392517
1116.392517
1116.392517
1116.392517
1116.392517
1116.392517
1116.392517
1116.392517
1116.392517
1116.392517
1116.392517
1116.392517
1116.382056
1116.382056
1116.382056
1116.382056
1116.322479
1116.322479
1116.322479
1116.322479
1116.322479
1116.322479
1116.322479
1116.322479
1116.322479
1116.322479
1116.322479
1116.322479
1116.322479
1116.322479
1116.322479
1116.322479
1116.322479
1116.322479
1116.322479
1116.322479
1116.322479
1116.322479
1116.322479
1116.322479
1116.322479
1116.258420
1116.258420
1116.258420
1116.258420
1116.258420
1116.258420
1116.258420
1116.258420
1116.258420
1116.258420
1116.258420
1116.258420
1116.258420
1116.258420
1116.258420
1116.258420
1116.258420
1116.258420
1116.258420
1116.258420
1116.258420
1116.258420
1116.258420
1116.258420
1116.258420
1116.258420
1116.258420
1116.258420
1116.258420
1116.258420
1116.258420
1116.258420
1116.258420
1116.258420
1116.258420
1116.258420
1116.258420
1116.258420
1116.258420
1116.258420
1116.258420
1116.258420
1116.258420
1116.258420
1116.258420
1116.258420
1116.258420
1116.258420
1116.258420
1116.258420
1116.251454
1116.251454
1116.251454
1116.251454
1116.251454
1116.251454
1116.251454
1116.251454
1116.251454
1116.251454
1116.251454
1116.251454
1116.251454
1116.151566
1116.151566
1116.151566
1116.151566
1116.151566
1116.151566
1116.151566
1116.151566
1116.151566
1116.151566
1116.151566
1116.151566
1116.151566
1116.151566
1116.151566
1116.151566
1116.151566
1116.151566
1116.151566
1116.151566
1116.151566
1116.151566
1116.151566
1116.151566
1116.151566
1116.151566
1116.151566
1116.151566
1116.151566
1116.151566
1116.151566
1116.151566
1116.151566
1116.151566
1116.151566
1116.151566
1116.151566
1116.151566
1116.151566
1116.151566
1116.151566
1116.151566
1116.151566
1116.151566
1116.151566
1116.151566
1116.151566
1116.151566
1116.151566
1116.151566
1116.151566
1116.151566
1116.151566
1116.151566
1116.151566
1116.151566
1116.151566
1116.151566
1116.151566
1116.151566
1116.151566
1116.151566
1116.151566
1116.151566
1116.151566
1116.151566
1116.151566
1116.151566
1116.151566
1116.151566
1116.151566
1116.151566
1116.151566
1116.151566
1116.151566
1116.151566
1116.151566
1116.151566
1116.151566
1115.934290
1115.934290
1115.934290
1115.934290
1115.934290
1115.934290
1115.934290
1115.934290
1115.934290
1115.934290
1115.878915
1115.878915
1115.878915
1115.878915
1115.878915
1115.878915
1115.878915
1115.878915
1115.878915
1115.878915
1115.878915
1115.878915
1115.878915
1115.878915
1115.878915
1115.878915
1115.878915
1115.878915
1115.878915
1115.878915
1115.878915
1115.878915
1115.878915
1115.878915
1115.878915
1115.878915
1115.878915
1115.878915
1115.878915
1115.878915
1115.878915
1115.878915
1115.878915
1115.878915
1115.878915
1115.878915
1115.878915
1115.878915
1115.878915
1115.878915
1115.878915
1115.878915
1115.878915
1115.878915
1115.878915
1115.878915
1115.878915
1115.878915
1115.878915
1115.878915
1115.878915
1115.878915
1115.878915
1115.878915
1115.878915
1115.878915
1115.878915
1115.878915
1115.878915
1115.878915
1115.878915
1115.878915
1115.878915
1115.878915
1115.878915
1115.878915
1115.878915
1115.878915
1115.878915
1115.878915
1115.878915
1115.878915
1115.878915
1115.878915
1115.878915
1115.878915
1115.878915
1115.878915
1115.878915
1115.878915
1115.878915
1115.878915
1115.878915
1115.878915
1115.878915
1115.878915
1115.878915
1115.878915
1115.878915
1115.878915
1115.878915
1115.878915
1115.878915
1115.878915
1115.878915
1115.878915
1115.878915
1115.878915
1115.878915
1115.878915
1115.878915
1115.878915
1115.878915
1115.878915
1115.878915
1115.878915
1115.878915
1115.878915
1115.676592
1115.676592
1115.676592
1115.676592
1115.676592
1115.676592
1115.676592
1115.676592
1115.676592
1115.676592
1115.676592
1115.676592
1115.676592
1115.676592
1115.656672
1115.656672
1115.656672
1115.656672
1115.656672
1115.656672
1115.656672
1115.656672
1115.656672
1115.656672
1115.656672
1115.656672
1115.656672
1115.656672
1115.656672
1115.656672
1115.656672
1115.656672
1115.656672
1115.656672
1115.656672
1115.656672
1115.656672
1115.656672
1115.656672
1115.656672
1115.656672
1115.656672
1115.656672
1115.656672
1115.656672
1115.437270
1115.437270
1115.437270
1115.437270
1115.437270
1115.437270
1115.437270
1115.437270
1115.437270
1115.437270
1115.437270
1115.437270
1115.437270
1115.437270
1115.437270
1115.437270
1115.437270
1115.437270
1115.437270
1115.437270
1115.437270
1115.437270
1115.437270
1115.437270
1115.437270
1115.432436
1115.432436
1115.432436
1115.432436
1115.432436
1115.432436
1115.432436
1115.432436
1115.432436
1115.432436
1115.432436
1115.432436
1115.432436
1115.432436
1115.432436
1115.432436
1115.432436
1115.432436
1115.432436
1115.432436
1115.432436
1115.432436
1115.432436
1115.432436
1115.432436
1115.432436
1115.432436
1115.432436
1115.432436
1115.432436
1115.432436
1115.432436
1115.432436
1115.432436
1115.432436
1115.432436
1115.432436
1115.432436
1115.432436
1115.432436
1115.432436
1115.249544
1115.249544
1115.249544
1115.249544
1115.249544
1115.249544
1115.249544
1115.249544
1115.249544
1115.249544
1115.249544
1115.249544
1115.249544
1115.249544
1115.249544
1115.249544
1115.249544
1115.249544
1115.249544
1115.249544
1115.249544
1115.249544
1115.249544
1115.249544
1115.249544
1115.249544
1115.249544
1115.249544
1115.249544
1115.249544
1115.249544
1115.249544
1115.249544
1115.249544
1115.249544
1115.249544
1115.249544
1115.249544
1115.249544
1115.249544
1115.249544
1115.249544
1115.249544
1115.249544
1115.231065
1115.231065
1115.231065
1115.231065
1115.231065
1115.231065
1115.231065
1115.231065
1115.231065
1115.231065
1115.231065
1115.231065
1115.231065
1115.231065
1115.231065
1115.231065
1115.231065
1115.231065
1115.231065
1115.231065
1115.231065
1115.231065
1115.231065
1115.231065
1115.231065
1115.231065
1115.231065
1115.090330
1115.090330
1115.090330
1115.090330
1115.090330
1115.090330
1115.090330
1115.090330
1115.090330
1115.090330
1115.090330
1115.090330
1115.090330
1115.090330
1115.090330
1115.090330
1115.090330
1115.090330
1115.090330
1115.090330
1115.090330
1114.755363
1114.755363
1114.755363
1114.755363
1114.755363
1114.755363
1114.755363
1114.755363
1114.755363
1114.755363
1114.755363
1114.755363
1114.755363
1114.755363
1114.755363
1114.755363
1114.755363
1114.755363
1114.755363
1114.755363
1114.755363
1114.755363
1114.755363
1114.755363
1114.755363
1114.755363
1114.755363
1114.755363
1114.755363
1114.755363
1114.755363
1114.755363
1114.755363
1114.755363
1114.755363
1114.755363
1114.755363
1114.755363
1114.755363
1114.755363
1114.755363
1114.755363
1114.755363
1114.755363
1114.755363
1114.755363
1114.755363
1114.755363
1114.755363
1114.755363
1114.755363
1114.755363
1114.755363
1114.755363
1114.755363
1114.755363
1114.755363
1114.755363
1114.755363
1114.755363
1114.755363
1114.755363
1114.755363
1114.755363
1114.755363
1114.552346
1114.552346
1114.552346
1114.552346
1114.552346
1114.552346
1114.552346
1114.552346
1114.552346
1114.552346
1114.552346
1114.552346
1114.552346
1114.552346
1114.552346
1114.552346
1114.552346
1114.552346
1114.552346
1114.552346
1114.552346
1114.552346
1114.552346
1114.552346
1114.552346
1114.552346
1114.552346
1114.552346
1114.552346
1114.552346
1114.552346
1114.552346
1114.552346
1114.552346
1114.552346
1114.552346
1114.552346
1114.552346
1114.552346
1114.552346
1114.552346
1114.552346
1114.552346
1114.552346
1114.552346
1114.552346
1114.552346
1114.552346
1114.552346
1114.552346
1114.552346
1114.552346
1114.552346
1114.552346
1114.552346
1114.552346
1114.552346
1114.552346
1114.552346
1114.552346
1114.552346
1114.552346
1114.552346
1114.552346
1114.552346
1114.552346
1114.552346
1114.552346
1114.552346
1114.552346
1114.552346
1114.552346
1114.552346
1114.552346
1114.552346
1114.552346
1114.552346
1114.552346
1114.552346
1114.552346
1114.552346
1114.552346
1114.552346
1114.552346
1114.552346
1114.552346
1114.552346
1114.552346
1114.552346
1114.552346
1114.552346
1114.552346
1114.552346
1114.552346
1114.552346
1114.552346
1114.552346
1114.552346
1114.552346
1114.552346
1114.552346
1114.552346
1114.552346
1114.552346
1114.552346
1114.552346
1114.552346
1114.552346
1114.552346
1114.552346
1114.552346
1114.552346
1114.552346
1114.552346
1114.552346
1114.552346
1114.552346
1114.552346
1114.552346
1114.552346
1114.552346
1114.552346
1114.552346
1114.552346
1114.552346
1114.552346
1114.552346
1114.552346
1114.552346
1114.552346
1114.552346
1114.552346
1114.552346
1114.552346
1114.552346
1114.552346
1114.552346
1114.552346
1114.552346
1114.552346
1114.552346
1114.552346
1114.552346
1114.552346
1114.552346
1114.552346
1114.552346
1114.552346
1114.552346
1114.552346
1114.552346
1114.552346
1114.552346
1114.552346
1114.552346
1114.552346
1114.552346
1114.552346
1114.552346
1114.552346
1114.552346
1114.552346
1114.552346
1114.552346
1114.552346
1114.552346
1114.552346
1114.552346
1114.552346
1114.552346
1114.552346
1114.552346
1114.552346
1114.552346
1114.552346
1114.552346
1114.552346
1114.552346
1114.552346
1114.552346
1114.552346
1114.552346
1114.552346
1114.552346
1114.552346
1114.552346
1114.552346
1114.552346
1114.552346
1114.552346
1114.552346
1114.552346
1114.552346
1114.552346
1114.552346
1114.552346
1114.552346
1114.552346
1114.552346
1114.552346
1114.552346
1114.552346
1114.552346
1114.552346
1114.552346
1114.552346
1114.552346
1114.552346
1114.552346
1114.552346
1114.552346
1114.552346
1114.552346
1114.552346
1114.552346
1114.552346
1114.552346
1114.552346
1114.552346
1114.552346
1114.552346
1114.552346
1114.552346
1114.552346
1114.552346
1114.552346
1114.552346
1114.552346
1114.552346
1114.552346
1114.552346
1114.552346
1114.552346
1114.552346
1114.552346
1114.552346
1114.552346
1114.552346
1114.552346
1114.552346
1114.552346
1114.552346
1114.552346
1114.443895
1114.443895
1114.443895
1114.443895
1114.443895
1114.443895
1114.443895
1114.443895
1114.443895
1114.443895
1114.443895
1114.443895
1114.443895
1114.443895
1114.443895
1114.443895
1114.443895
1114.443895
1114.443895
1114.443895
1114.443895
1114.443895
1114.443895
1114.443895
1114.443895
1114.443895
1114.443895
1114.443895
1114.443895
1114.443895
1114.443895
1114.443895
1114.443895
1114.443895
1114.443895
1114.443895
1114.443895
1114.443895
1114.443895
1114.443895
1114.443895
1114.443895
1114.443895
1114.443895
1114.443895
1114.443895
1114.443895
1114.443895
1114.443895
1114.443895
1114.443895
1114.443895
1114.443895
1114.443895
1114.443895
1114.443895
1114.443895
1114.443895
1114.443895
1114.443895
1114.443895
1114.443895
1114.443895
1114.443895
1114.169077
1114.169077
1114.169077
1114.169077
1114.169077
1114.169077
1114.169077
1114.169077
1114.169077
1114.169077
1114.169077
1114.169077
1114.169077
1114.169077
1114.169077
1114.169077
1114.169077
1114.169077
1114.169077
1114.169077
1114.169077
1114.169077
1114.169077
1114.169077
1114.169077
1114.169077
1114.169077
1114.169077
1114.169077
1114.169077
1114.169077
1114.169077
1114.169077
1114.169077
1114.169077
1114.169077
1114.169077
1114.169077
1114.169077
1114.169077
1114.169077
1114.169077
1114.169077
1114.169077
1114.169077
1114.169077
1114.169077
1114.169077
1114.169077
1114.169077
1114.169077
1114.169077
1114.169077
1114.169077
1114.169077
1114.169077
1114.169077
1114.169077
1114.169077
1114.169077
1114.169077
1114.169077
1114.169077
1114.169077
1114.169077
1114.169077
1114.169077
1114.169077
1114.169077
1114.169077
1114.169077
1114.169077
1114.169077
1114.169077
1114.169077
1114.169077
1114.169077
1114.169077
1114.169077
1114.169077
1114.169077
1114.169077
1114.169077
1114.169077
1114.169077
1114.169077
1114.169077
1114.169077
1114.169077
1114.169077
1114.169077
1114.169077
1114.169077
1114.169077
1114.169077
1114.165563
1114.165563
1114.165563
1114.165563
1114.165563
1114.165563
1114.165563
1114.165563
1114.165563
1114.165563
1114.165563
1114.165563
1114.165563
1114.165563
1114.165563
1114.165563
1114.165563
1114.165563
1114.165563
1114.165563
1114.165563
1114.165563
1114.165563
1114.165563
1114.165563
1114.165563
1114.165563
1114.165563
1114.165563
1114.165563
1114.165563
1114.165563
1114.165563
1114.165563
1114.165563
1114.165563
1114.165563
1114.165563
1114.165563
1114.165563
1114.165563
1114.165563
1114.165563
1114.165563
1114.165563
1114.165563
1113.878489
1113.878489
1113.878489
1113.878489
1113.878489
1113.878489
1113.878489
1113.878489
1113.878489
1113.878489
1113.878489
1113.878489
1113.878489
1113.878489
1113.878489
1113.878489
1113.878489
1113.878489
1113.878489
1113.878489
1113.878489
1113.878489
1113.878489
1113.878489
1113.878489
1113.878489
1113.878489
1113.878489
1113.878489
1113.878489
1113.878489
1113.878489
1113.878489
1113.878489
1113.878489
1113.878489
1113.878489
1113.878489
1113.878489
1113.878489
1113.878489
1113.878489
1113.878489
1113.878489
1113.878489
1113.878489
1113.878489
1113.878489
1113.878489
1113.878489
1113.878489
1113.878489
1113.878489
1113.878489
1113.878489
1113.878489
1113.878489
1113.878489
1113.878489
1113.878489
1113.878489
1113.878489
1113.878489
1113.878489
1113.878489
1113.878489
1113.878489
1113.878489
1113.802472
1113.802472
1113.802472
1113.802472
1113.802472
1113.802472
1113.802472
1113.802472
1113.802472
1113.802472
1113.802472
1113.802472
1113.802472
1113.802472
1113.802472
1113.802472
1113.802472
1113.802472
1113.802472
1113.802472
1113.802472
1113.802472
1113.802472
1113.802472
1113.802472
1113.802472
1113.802472
1113.802472
1113.802472
1113.802472
1113.802472
1113.802472
1113.802472
1113.802472
1113.802472
1113.802472
1113.802472
1113.802472
1113.802472
1113.802472
1113.802472
1113.802472
1113.802472
1113.802472
1113.802472
1113.802472
1113.802472
1113.802472
1113.802472
1113.802472
1113.802472
1113.802472
1113.802472
1113.802472
1113.802472
1113.802472
1113.802472
1113.802472
1113.802472
1113.802472
1113.802472
1113.802472
1113.802472
1113.802472
1113.802472
1113.802472
1113.802472
1113.802472
1113.802472
1113.802472
1113.802472
1113.802472
1113.802472
1113.802472
1113.802472
1113.802472
1113.802472
1113.802472
1113.802472
1113.802472
1113.802472
1113.802472
1113.802472
1113.802472
1113.802472
1113.802472
1113.770129
1113.770129
1113.770129
1113.770129
1113.770129
1113.770129
1113.770129
1113.770129
1113.770129
1113.770129
1113.770129
1113.770129
1113.770129
1113.770129
1113.770129
1113.770129
1113.770129
1113.770129
1113.770129
1113.770129
1113.613242
1113.613242
1113.613242
1113.613242
1113.613242
1113.613242
1113.613242
1113.613242
1113.613242
1113.613242
1113.613242
1113.613242
1113.613242
1113.613242
1113.613242
1113.613242
1113.613242
1113.613242
1113.613242
1113.613242
1113.613242
1113.613242
1113.613242
1113.613242
1113.613242
1113.613242
1113.613242
1113.613242
1113.613242
1113.613242
1113.613242
1113.613242
1113.613242
1113.613242
1113.613242
1113.613242
1113.613242
1113.574942
1113.574942
1113.574942
1113.574942
1113.574942
1113.574942
1113.574942
1113.574942
1113.574942
1113.574942
1113.494294
1113.494294
1113.494294
1113.494294
1113.494294
1113.494294
1113.494294
1113.494294
1113.494294
1113.494294
1113.494294
1113.494294
1113.494294
1113.494294
1113.494294
1113.494294
1113.494294
1113.494294
1113.494294
1113.494294
1113.494294
1113.494294
1113.494294
1113.494294
1113.494294
1113.494294
1113.494294
1113.494294
1113.494294
1113.494294
1113.494294
1113.494294
1113.494294
1113.494294
1113.494294
1113.494294
1113.494294
1113.494294
1113.494294
1113.494294
1113.494294
1113.494294
1113.494294
1113.494294
1113.494294
1113.494294
1113.494294
1113.494294
1113.494294
1113.494294
1113.494294
1113.494294
1113.494294
1113.494294
1113.494294
1113.494294
1113.494294
1113.494294
1113.494294
1113.494294
1113.494294
1113.494294
1113.494294
1113.494294
1113.494294
1113.494294
1113.494294
1113.494294
1113.494294
1113.313915
1113.313915
1113.313915
1113.313915
1113.313915
1113.313915
1113.313915
1113.313915
1113.313915
1113.313915
1113.313915
1113.313915
1113.313915
1113.313915
1113.313915
1113.313915
1113.313915
1113.313915
1113.313915
1113.313915
1113.313915
1113.313915
1113.313915
1113.313915
1113.313915
1113.313915
1113.313915
1113.313915
1113.313915
1113.313915
1113.313915
1113.313915
1113.313915
1113.313915
1113.313915
1113.313915
1113.313915
1113.313915
1113.313915
1113.313915
1113.313915
1113.313915
1113.313915
1113.313915
1113.313915
1113.313915
1113.313915
1113.313915
1113.313915
1113.313915
1113.313915
1113.265611
1113.265611
1113.265611
1113.265611
1113.265611
1113.265611
1113.265611
1113.265611
1113.265611
1113.265611
1113.265611
1113.265611
1113.265611
1113.265611
1113.265611
1113.265611
1113.265611
1113.265611
1113.265611
1113.265611
1113.265611
1113.265611
1113.265611
1113.265611
1113.265611
1113.265611
1113.265611
1113.265611
1113.265611
1113.265611
1113.265611
1113.265611
1113.265611
1113.265611
1113.265611
1113.265611
1113.265611
1113.265611
1113.265611
1113.265611
1113.265611
1113.265611
1113.265611
1113.257614
1113.257614
1113.257614
1113.257614
1113.219760
1113.219760
1113.219760
1113.219760
1113.219760
1113.219760
1113.219760
1113.219760
1113.219760
1113.219760
1113.219760
1113.219760
1113.219760
1113.219760
1113.219760
1113.219760
1113.219760
1113.219760
1113.219760
1113.219760
1113.219760
1113.219760
1113.219760
1113.219760
1113.219760
1113.219760
1113.219760
1113.219760
1113.219760
1113.219760
1113.219760
1113.219760
1113.219760
1113.219760
1113.219760
1113.219760
1113.219760
1113.219760
1113.219760
1113.219760
1113.219760
1113.219760
1113.219760
1113.219760
1113.219760
1113.219760
1113.219760
1113.219760
1113.219760
1113.219760
1113.219760
1113.219760
1113.219760
1113.174181
1113.174181
1113.174181
1113.174181
1113.174181
1113.174181
1113.174181
1113.174181
1113.174181
1113.174181
1113.174181
1113.174181
1113.174181
1113.174181
1113.115450
1113.115450
1113.115450
1113.115450
1113.115450
1113.115450
1113.115450
1113.115450
1113.115450
1113.115450
1113.115450
1113.115450
1113.115450
1113.115450
1113.115450
1113.115450
1113.115450
1113.115450
1113.115450
1113.115450
1113.115450
1113.115450
1113.115450
1113.115450
1113.115450
1113.115450
1113.115450
1113.115450
1113.115450
1113.115450
1113.115450
1113.115450
1113.115450
1113.115450
1113.115450
1113.115450
1113.115450
1113.115450
1113.115450
1113.115450
1113.115450
1113.115450
1113.115450
1113.115450
1113.115450
1113.115450
1113.115450
1113.115450
1113.115450
1113.115450
1113.115450
1113.115450
1113.115450
1113.115450
1113.115450
1113.115450
1113.115450
1113.115450
1113.115450
1113.115450
1113.115450
1113.115450
1113.115450
1113.115450
1113.115450
1113.115450
1113.115450
1113.115450
1113.115450
1113.115450
1113.115450
1113.115450
1113.115450
1113.115450
1113.115450
1113.115450
1113.115450
1113.115450
1113.115450
1113.115450
1113.115450
1113.115450
1113.115450
1112.793848
1112.793848
1112.793848
1112.793848
1112.793848
1112.793848
1112.793848
1112.793848
1112.793848
1112.793848
1112.793848
1112.793848
1112.793848
1112.793848
1112.793848
1112.793848
1112.793848
1112.793848
1112.793848
1112.793848
1112.793848
1112.793848
1112.793848
1112.793848
1112.793848
1112.793848
1112.793848
1112.793848
1112.793848
1112.793848
1112.793848
1112.793848
1112.793848
1112.793848
1112.793848
1112.793848
1112.793848
1112.793848
1112.793848
1112.793848
1112.793848
1112.793848
1112.793848
1112.793848
1112.793848
1112.793848
1112.793848
1112.793848
1112.793848
1112.793848
1112.793848
1112.793848
1112.793848
1112.793848
1112.793848
1112.793848
1112.793848
1112.793848
1112.793848
1112.793848
1112.793848
1112.793848
1112.793848
1112.793848
1112.793848
1112.793848
1112.793848
1112.793848
1112.793848
1112.793848
1112.793848
1112.793848
1112.793848
1112.793848
1112.793848
1112.793848
1112.793848
1112.793848
1112.793848
1112.793848
1112.793848
1112.793848
1112.793848
1112.793848
1112.793848
1112.793848
1112.793848
1112.793848
1112.793848
1112.793848
1112.793848
1112.793848
1112.793848
1112.793848
1112.793848
1112.793848
1112.793848
1112.793848
1112.793848
1112.793848
1112.793848
1112.793848
1112.793848
1112.793848
1112.793848
1112.793848
1112.793848
1112.793848
1112.793848
1112.793848
1112.793848
1112.793848
1112.793848
1112.793848
1112.793848
1112.793848
1112.793848
1112.793848
1112.793848
1112.793848
1112.793848
1112.793848
1112.793848
1112.793848
1112.793848
1112.793848
1112.793848
1112.793848
1112.793848
1112.793848
1112.793848
1112.793848
1112.793848
1112.793848
1112.793848
1112.793848
1112.793848
1112.793848
1112.793848
1112.793848
1112.793848
1112.793848
1112.793848
1112.793848
1112.793848
1112.793848
1112.793848
1112.793848
1112.793848
1112.793848
1112.737354
1112.737354
1112.737354
1112.737354
1112.737354
1112.737354
1112.737354
1112.737354
1112.737354
1112.737354
1112.737354
1112.737354
1112.737354
1112.737354
1112.737354
1112.737354
1112.737354
1112.737354
1112.737354
1112.737354
1112.737354
1112.737354
1112.737354
1112.737354
1112.737354
1112.737354
1112.737354
1112.737354
1112.737354
1112.737354
1112.737354
1112.737354
1112.737354
1112.737354
1112.737354
1112.737354
1112.737354
1112.737354
1112.737354
1112.737354
1112.737354
1112.737354
1112.737354
1112.737354
1112.737354
1112.737354
1112.737354
1112.737354
1112.737354
1112.737354
1112.737354
1112.737354
1112.737354
1112.737354
1112.737354
1112.737354
1112.737354
1112.737354
1112.737354
1112.737354
1112.737354
1112.737354
1112.737354
1112.737354
1112.737354
1112.737354
1112.737354
1112.737354
1112.737354
1112.737354
1112.737354
1112.737354
1112.737354
1112.737354
1112.737354
1112.737354
1112.737354
1112.737354
1112.737354
1112.737354
1112.737354
1112.737354
1112.737354
1112.737354
1112.737354
1112.737354
1112.737354
1112.737354
1112.737354
1112.737354
1112.737354
1112.737354
1112.737354
1112.737354
1112.737354
1112.737354
1112.737354
1112.737354
1112.737354
1112.737354
1112.737354
1112.737354
1112.737354
1112.737354
1112.737354
1112.737354
1112.737354
1112.737354
1112.737354
1112.737354
1112.737354
1112.737354
1112.737354
1112.737354
1112.737354
1112.737354
1112.737354
1112.737354
1112.737354
1112.737354
1112.737354
1112.737354
1112.737354
1112.737354
1112.737354
1112.737354
1112.737354
1112.737354
1112.737354
1112.737354
1112.737354
1112.737354
1112.737354
1112.737354
1112.737354
1112.737354
1112.737354
1112.737354
1112.737354
1112.737354
1112.737354
1112.737354
1112.737354
1112.737354
1112.737354
1112.737354
1112.737354
1112.737354
1112.737354
1112.737354
1112.737354
1112.737354
1112.737354
1112.737354
1112.684995
1112.684995
1112.684995
1112.684995
1112.683818
1112.683818
1112.683818
1112.683818
1112.683818
1112.683818
1112.683818
1112.683818
1112.683818
1112.683818
1112.683818
1112.481342
1112.481342
1112.481342
1112.481342
1112.481342
1112.481342
1112.481342
1112.481342
1112.481342
1112.481342
1112.481342
1112.481342
1112.481342
1112.481342
1112.481342
1112.481342
1112.481342
1112.481342
1112.481342
1112.481342
1112.481342
1112.481342
1112.481342
1112.481342
1112.481342
1112.481342
1112.481342
1112.481342
1112.481342
1112.481342
1112.481342
1112.481342
1112.481342
1112.481342
1112.481342
1112.481342
1112.481342
1112.481342
1112.481342
1112.481342
1112.481342
1112.481342
1112.481342
1112.481342
1112.481342
1112.481342
1112.481342
1112.481342
1112.481342
1112.481342
1112.481342
1112.481342
1112.481342
1112.481342
1112.481342
1112.481342
1112.481342
1112.481342
1112.481342
1112.481342
1112.481342
1112.481342
1112.481342
1112.481342
1112.481342
1112.481342
1112.481342
1112.481342
1112.481342
1112.481342
1112.481342
1112.481342
1112.481342
1112.481342
1112.481342
1112.481342
1112.454243
1112.454243
1112.454243
1112.454243
1112.454243
1112.454243
1112.454243
1112.454243
1112.454243
1112.454243
1112.454243
1112.454243
1112.454243
1112.454243
1112.454243
1112.454243
1112.454243
1112.454243
1112.454243
1112.454243
1112.454243
1112.454243
1112.454243
1112.454243
1112.454243
1112.454243
1112.454243
1112.454243
1112.454243
1112.454243
1112.454243
1112.454243
1112.454243
1112.454243
1112.454243
1112.454243
1112.454243
1112.454243
1112.454243
1112.454243
1112.454243
1112.454243
1112.454243
1112.454243
1112.454243
1112.454243
1112.454243
1112.454243
1112.454243
1112.454243
1112.264035
1112.264035
1112.264035
1112.264035
1112.264035
1112.264035
1112.264035
1112.264035
1112.264035
1112.264035
1112.264035
1112.264035
1112.264035
1112.264035
1112.264035
1112.264035
1112.264035
1112.264035
1112.264035
1112.264035
1112.264035
1112.264035
1112.264035
1112.264035
1112.264035
1112.264035
1112.264035
1112.264035
1112.264035
1112.264035
1112.264035
1112.264035
1112.264035
1112.264035
1112.264035
1112.264035
1112.264035
1112.264035
1112.264035
1112.264035
1112.264035
1112.264035
1112.264035
1112.264035
1112.264035
1112.264035
1112.264035
1112.264035
1112.264035
1112.264035
1112.264035
1112.264035
1112.264035
1112.264035
1112.264035
1112.264035
1112.244225
1112.244225
1112.244225
1112.244225
1112.244225
1112.244225
1112.244225
1112.244225
1112.244225
1112.244225
1112.244225
1112.244225
1112.244225
1112.244225
1112.244225
1112.244225
1112.244225
1112.244225
1112.244225
1112.244225
1112.244225
1112.244225
1112.244225
1112.244225
1112.244225
1112.244225
1112.244225
1112.244225
1112.244225
1112.244225
1112.244225
1112.244225
1112.244225
1112.244225
1112.244225
1112.244225
1112.244225
1112.244225
1112.244225
1112.244225
1112.244225
1112.244225
1112.244225
1112.244225
1112.244225
1112.244225
1112.244225
1112.244225
1112.244225
1112.244225
1112.244225
1112.244225
1112.244225
1112.244225
1112.244225
1112.244225
1112.244225
1112.244225
1112.244225
1112.244225
1112.244225
1112.244225
1112.244225
1112.244225
1112.244225
1112.244225
1112.244225
1112.244225
1112.244225
1112.244225
1112.244225
1112.244225
1112.244225
1112.244225
1112.244225
1112.244225
1112.244225
1112.244225
1112.244225
1112.244225
1112.244225
1112.244225
1112.244225
1112.244225
1112.244225
1112.244225
1112.244225
1112.244225
1112.210522
1112.210522
1112.210522
1112.210522
1112.210522
1112.210522
1112.210522
1112.210522
1112.210522
1112.210522
1112.210522
1112.210522
1112.210522
1112.210522
1112.210522
1112.210522
1112.210522
1112.210522
1112.210522
1112.210522
1112.210522
1112.210522
1112.210522
1112.210522
1112.210522
1112.210522
1112.210522
1112.210522
1112.210522
1112.210522
1112.210522
1112.210522
1112.210522
1112.210522
1112.210522
1112.210522
1112.210522
1112.159012
1112.159012
1112.159012
1112.159012
1112.159012
1112.159012
1112.159012
1112.159012
1112.159012
1112.159012
1112.159012
1112.159012
1112.159012
1112.159012
1112.159012
1112.100122
1112.100122
1112.100122
1112.100122
1112.100122
1112.100122
1112.100122
1112.100122
1112.100122
1112.100122
1112.100122
1112.100122
1112.100122
1112.100122
1112.100122
1112.100122
1112.100122
1112.100122
1112.100122
1112.100122
1112.100122
1112.100122
1112.100122
1112.100122
1112.100122
1112.100122
1112.100122
1112.100122
1112.100122
1112.100122
1112.100122
1112.100122
1112.100122
1112.100122
1112.100122
1112.100122
1112.100122
1112.100122
1112.100122
1112.100122
1112.100122
1112.100122
1112.100122
1112.100122
1112.100122
1112.100122
1112.100122
1112.100122
1112.100122
1112.100122
1112.100122
1112.100122
1112.100122
1112.100122
1112.100122
1112.100122
1112.100122
1112.100122
1112.100122
1112.100122
1112.100122
1112.100122
1112.100122
1112.100122
1112.100122
1112.100122
1112.100122
1112.100122
1112.100122
1112.100122
1112.100122
1112.100122
1112.100122
1112.100122
1112.100122
1112.100122
1112.100122
1112.100122
1112.100122
1112.100122
1112.100122
1112.100122
1112.100122
1112.100122
1112.100122
1112.100122
1112.100122
1112.100122
1112.100122
1112.100122
1112.100122
1112.100122
1112.100122
1112.100122
1112.100122
1112.100122
1112.100122
1112.100122
1112.075803
1112.075803
1112.075803
1112.075803
1112.075803
1112.075803
1112.075803
1112.075803
1112.075803
1112.075803
1112.075803
1112.075803
1112.075803
1112.075803
1112.075803
1112.075803
1112.075803
1112.075803
1112.075803
1112.075803
1112.075803
1112.075803
1112.075803
1112.075803
1112.075803
1112.075803
1112.075803
1112.075803
1112.075803
1112.075803
1112.075803
1112.075803
1112.075803
1112.075803
1112.075803
1112.075803
1112.075803
1112.075803
1112.075803
1112.075803
1112.075803
1112.075803
1112.075803
1112.075803
1112.075803
1112.075803
1112.075803
1112.075803
1112.075803
1112.075803
1112.075803
1112.075803
1112.075803
1112.075803
1112.075803
1112.075803
1112.075803
1112.075803
1112.075803
1112.075803
1112.075803
1112.075803
1112.075803
1112.075803
1112.075803
1112.075803
1112.075803
1112.075803
1112.075803
1112.075803
1112.075803
1112.075803
1112.075803
1112.075803
1112.075803
1112.075803
1112.075803
1112.075803
1112.054384
1112.054384
1112.054384
1112.054384
1112.054384
1112.054384
1112.054384
1112.054384
1112.054384
1112.054384
1112.054384
1112.054384
1112.054384
1112.054384
1112.054384
1112.054384
1112.054384
1112.054384
1112.054384
1112.054384
1112.054384
1112.054384
1112.054384
1112.054384
1112.054384
1112.054384
1112.054384
1112.054384
1112.054384
1112.054384
1112.054384
1112.054384
1112.054384
1111.964044
1111.964044
1111.964044
1111.964044
1111.964044
1111.964044
1111.964044
1111.964044
1111.964044
1111.964044
1111.964044
1111.964044
1111.964044
1111.964044
1111.964044
1111.964044
1111.964044
1111.964044
1111.964044
1111.964044
1111.964044
1111.964044
1111.964044
1111.964044
1111.964044
1111.964044
1111.964044
1111.964044
1111.964044
1111.964044
1111.964044
1111.964044
1111.964044
1111.964044
1111.964044
1111.964044
1111.964044
1111.964044
1111.964044
1111.964044
1111.964044
1111.964044
1111.964044
1111.964044
1111.964044
1111.964044
1111.964044
1111.964044
1111.945229
1111.945229
1111.945229
1111.945229
1111.945229
1111.945229
1111.945229
1111.945229
1111.945229
1111.945229
1111.945229
1111.945229
1111.945229
1111.945229
1111.945229
1111.945229
1111.945229
1111.945229
1111.945229
1111.945229
1111.945229
1111.945229
1111.945229
1111.945229
1111.945229
1111.945229
1111.945229
1111.945229
1111.945229
1111.945229
1111.945229
1111.945229
1111.945229
1111.945229
1111.945229
1111.945229
1111.945229
1111.945229
1111.945229
1111.945229
1111.945229
1111.945229
1111.945229
1111.945229
1111.945229
1111.945229
1111.945229
1111.945229
1111.945229
1111.945229
1111.945229
1111.945229
1111.812535
1111.812535
1111.812535
1111.812535
1111.812535
1111.812535
1111.812535
1111.812535
1111.812535
1111.812535
1111.812535
1111.812535
1111.812535
1111.812535
1111.812535
1111.812535
1111.812535
1111.812535
1111.812535
1111.812535
1111.812535
1111.812535
1111.812535
1111.812535
1111.812535
1111.812535
1111.812535
1111.812535
1111.812535
1111.812535
1111.812535
1111.812535
1111.812535
1111.812535
1111.812535
1111.812535
1111.812535
1111.812535
1111.812535
1111.812535
1111.812535
1111.812535
1111.812535
1111.812535
1111.812535
1111.812535
1111.812535
1111.812535
1111.812535
1111.812535
1111.812535
1111.812535
1111.812535
1111.812535
1111.812535
1111.812535
1111.812535
1111.812535
1111.812535
1111.812535
1111.812535
1111.812535
1111.812535
1111.812535
1111.812535
1111.812535
1111.812535
1111.812535
1111.812535
1111.812535
1111.812535
1111.812535
1111.812535
1111.812535
1111.812535
1111.812535
1111.812535
1111.812535
1111.812535
1111.812535
1111.812535
1111.812535
1111.812535
1111.804946
1111.804946
1111.804946
1111.804946
1111.804946
1111.804946
1111.804946
1111.804946
1111.804946
1111.804946
1111.804946
1111.804946
1111.804946
1111.804946
1111.804946
1111.804946
1111.804946
1111.804946
1111.804946
1111.804946
1111.804946
1111.804946
1111.804946
1111.804946
1111.804946
1111.804946
1111.804946
1111.787735
1111.787735
1111.787735
1111.787735
1111.787735
1111.787735
1111.787735
1111.787735
1111.787735
1111.787735
1111.787735
1111.787735
1111.787735
1111.787735
1111.787735
1111.787735
1111.787735
1111.787735
1111.787735
1111.787735
1111.787735
1111.787735
1111.787735
1111.787735
1111.787735
1111.787735
1111.787735
1111.787735
1111.787735
1111.787735
1111.787735
1111.787735
1111.787735
1111.787735
1111.787735
1111.787735
1111.787735
1111.787735
1111.787735
1111.787735
1111.787735
1111.787735
1111.787735
1111.787735
1111.787735
1111.787735
1111.787735
1111.787735
1111.787735
1111.787735
1111.787735
1111.787735
1111.787735
1111.787735
1111.787735
1111.787735
1111.787735
1111.787735
1111.787735
1111.787735
1111.787735
1111.787735
1111.787735
1111.787735
1111.787735
1111.787735
1111.787735
1111.787735
1111.787735
1111.750007
1111.750007
1111.750007
1111.750007
1111.750007
1111.750007
1111.750007
1111.750007
1111.750007
1111.750007
1111.750007
1111.750007
1111.750007
1111.750007
1111.750007
1111.750007
1111.750007
1111.750007
1111.750007
1111.750007
1111.750007
1111.750007
1111.750007
1111.750007
1111.750007
1111.750007
1111.750007
1111.750007
1111.750007
1111.750007
1111.750007
1111.750007
1111.750007
1111.750007
1111.750007
1111.750007
1111.750007
1111.750007
1111.750007
1111.750007
1111.750007
1111.750007
1111.750007
1111.750007
1111.750007
1111.750007
1111.750007
1111.750007
1111.750007
1111.750007
1111.750007
1111.750007
1111.750007
1111.750007
1111.750007
1111.750007
1111.750007
1111.750007
1111.750007
1111.750007
1111.750007
1111.750007
1111.750007
1111.750007
1111.750007
1111.750007
1111.750007
1111.750007
1111.750007
1111.750007
1111.750007
1111.750007
1111.750007
1111.750007
1111.750007
1111.750007
1111.750007
1111.750007
1111.708734
1111.708734
1111.708734
1111.708734
1111.708734
1111.708734
1111.708734
1111.708734
1111.708734
1111.708734
1111.708734
1111.708734
1111.708734
1111.708734
1111.708734
1111.708734
1111.708734
1111.708734
1111.708734
1111.708734
1111.708734
1111.708734
1111.708734
1111.708734
1111.708734
1111.708734
1111.708734
1111.708734
1111.708734
1111.708734
1111.708734
1111.708734
1111.708734
1111.708734
1111.708734
1111.708734
1111.708734
1111.708734
1111.708734
1111.708734
1111.708734
1111.708734
1111.708734
1111.708734
1111.708734
1111.708734
1111.708734
1111.708734
1111.708734
1111.708734
1111.708734
1111.708734
1111.708734
1111.708734
1111.708734
1111.708734
1111.708734
1111.708734
1111.708734
1111.708734
1111.708734
1111.708734
1111.708734
1111.676079
1111.676079
1111.676079
1111.676079
1111.676079
1111.676079
1111.676079
1111.676079
1111.676079
1111.676079
1111.676079
1111.676079
1111.676079
1111.676079
1111.676079
1111.676079
1111.676079
1111.676079
1111.607309
1111.607309
1111.607309
1111.607309
1111.607309
1111.607309
1111.607309
1111.607309
1111.607309
1111.607309
1111.607309
1111.607309
1111.607309
1111.607309
1111.607309
1111.607309
1111.607309
1111.607309
1111.607309
1111.607309
1111.607309
1111.607309
1111.607309
1111.607309
1111.607309
1111.607309
1111.607309
1111.607309
1111.607309
1111.607309
1111.607309
1111.607309
1111.607309
1111.607309
1111.607309
1111.607309
1111.607309
1111.607309
1111.607309
1111.597131
1111.597131
1111.597131
1111.597131
1111.597131
1111.597131
1111.597131
1111.597131
1111.597131
1111.597131
1111.597131
1111.597131
1111.597131
1111.597131
1111.597131
1111.597131
1111.597131
1111.597131
1111.597131
1111.597131
1111.597131
1111.597131
1111.597131
1111.597131
1111.597131
1111.597131
1111.597131
1111.597131
1111.597131
1111.597131
1111.597131
1111.597131
1111.567713
1111.567713
1111.567713
1111.567713
1111.567713
1111.567713
1111.567713
1111.448012
1111.448012
1111.448012
1111.448012
1111.448012
1111.448012
1111.448012
1111.448012
1111.448012
1111.448012
1111.448012
1111.448012
1111.448012
1111.448012
1111.448012
1111.448012
1111.448012
1111.448012
1111.448012
1111.448012
1111.448012
1111.448012
1111.448012
1111.448012
1111.448012
1111.448012
1111.448012
1111.448012
1111.448012
1111.448012
1111.448012
1111.448012
1111.448012
1111.448012
1111.448012
1111.448012
1111.448012
1111.448012
1111.448012
1111.448012
1111.448012
1111.448012
1111.448012
1111.448012
1111.448012
1111.448012
1111.448012
1111.448012
1111.448012
1111.448012
1111.448012
1111.448012
1111.448012
1111.448012
1111.448012
1111.424959
1111.424959
1111.424959
1111.424959
1111.424959
1111.424959
1111.424959
1111.424959
1111.424959
1111.424959
1111.424959
1111.424959
1111.424959
1111.424959
1111.424959
1111.424959
1111.424959
1111.424959
1111.424959
1111.424959
1111.424959
1111.424959
1111.424959
1111.424959
1111.424959
1111.424959
1111.424959
1111.424959
1111.424959
1111.424959
1111.424959
1111.424959
1111.424959
1111.424959
1111.424959
1111.424959
1111.424959
1111.424959
1111.424959
1111.424959
1111.424959
1111.424959
1111.424959
1111.424959
1111.424959
1111.424959
1111.424959
1111.424959
1111.424959
1111.424959
1111.424959
1111.424959
1111.424959
1111.424959
1111.424959
1111.424959
1111.424959
1111.424959
1111.424959
1111.424959
1111.424959
1111.424959
1111.424959
1111.424959
1111.424959
1111.424959
1111.424959
1111.424959
1111.358425
1111.358425
1111.358425
1111.358425
1111.358425
1111.358425
1111.358425
1111.358425
1111.358425
1111.358425
1111.358425
1111.358425
1111.358425
1111.358425
1111.358425
1111.358425
1111.358425
1111.358425
1111.358425
1111.358425
1111.358425
1111.358425
1111.358425
1111.358425
1111.358425
1111.358425
1111.358425
1111.358425
1111.358425
1111.358425
1111.358425
1111.358425
1111.358425
1111.358425
1111.358425
1111.358425
1111.358425
1111.358425
1111.358425
1111.358425
1111.358425
1111.358425
1111.358425
1111.358425
1111.358425
1111.358425
1111.358425
1111.358425
1111.358425
1111.358425
1111.358425
1111.358425
1111.358425
1111.358425
1111.358425
1111.358425
1111.358425
1111.358425
1111.358425
1111.358425
1111.358425
1111.358425
1111.358425
1111.358425
1111.358425
1111.358425
1111.358425
1111.358425
1111.358425
1111.358425
1111.302915
1111.302915
1111.302915
1111.302915
1111.302915
1111.302915
1111.302915
1111.302915
1111.302915
1111.302915
1111.302915
1111.302915
1111.302915
1111.302915
1111.302915
1111.302915
1111.302915
1111.255641
1111.255641
1111.255641
1111.255641
1111.255641
1111.255641
1111.255641
1111.255641
1111.255641
1111.255641
1111.255641
1111.255641
1111.255641
1111.255641
1111.255641
1111.255641
1111.255641
1111.255641
1111.255641
1111.255641
1111.255641
1111.255641
1111.255641
1111.255641
1111.255641
1111.255641
1111.255641
1111.255641
1111.255641
1111.255641
1111.255641
1111.255641
1111.255641
1111.255641
1111.255641
1111.255641
1111.255641
1111.255641
1111.255641
1111.255641
1111.146911
1111.146911
1111.146911
1111.146911
1111.146911
1111.146911
1111.146911
1111.146911
1111.146911
1111.146911
1111.146911
1111.146911
1111.146911
1111.146911
1111.146911
1111.146911
1111.146911
1111.146911
1111.146911
1111.146911
1111.146911
1111.146911
1111.146911
1111.146911
1111.146911
1111.146911
1111.146911
1111.146911
1111.146911
1111.146911
1111.146911
1111.146911
1111.146911
1111.146911
1111.146911
1111.146911
1111.146911
1111.146911
1111.146911
1111.146911
1111.146911
1111.146911
1111.146911
1111.146911
1111.146911
1111.146911
1111.146911
1111.146911
1111.146911
1111.146911
1111.146911
1111.146911
1111.146911
1111.146911
1111.146911
1111.146911
1111.146911
1111.146911
1111.146911
1111.146911
1111.146911
1111.146911
1111.146911
1111.125195
1111.125195
1111.125195
1111.125195
1111.125195
1111.125195
1111.125195
1111.125195
1111.125195
1111.125195
1111.125195
1111.125195
1111.125195
1111.125195
1111.125195
1111.125195
1111.125195
1111.125195
1111.125195
1111.125195
1111.125195
1111.125195
1111.125195
1111.125195
1111.125195
1111.125195
1111.125195
1111.125195
1111.125195
1111.125195
1111.125195
1111.125195
1111.125195
1111.125195
1111.125195
1111.125195
1111.125195
1111.125195
1111.106964
1111.106964
1111.106964
1111.106964
1111.106964
1111.106964
1111.106964
1111.106964
1111.106964
1111.106964
1111.106964
1111.106964
1111.106964
1111.106964
1111.106964
1111.106964
1111.106964
1111.106964
1111.106964
1111.106964
1111.106964
1111.106964
1111.106964
1111.106964
1111.106964
1111.106964
1111.106964
1111.106964
1111.106964
1111.106964
1111.106964
1111.106964
1111.106964
1111.106964
1111.106964
1111.106964
1111.106964
1111.106964
1111.106964
1111.106964
1111.106964
1111.106964
1111.106964
1111.106964
1111.106964
1111.106964
1111.106964
1111.106964
1111.106964
1111.106964
1111.106964
1111.106964
1111.106964
1111.106964
1111.106964
1111.106964
1111.106964
1111.106964
1111.072916
1111.072916
1111.072916
1111.072916
1111.072916
1111.072916
1111.072916
1111.072916
1111.072916
1111.072916
1111.072916
1111.072916
1111.072916
1111.072916
1111.072916
1111.072916
1111.072916
1111.072916
1111.072916
1111.072916
1111.072916
1111.072916
1111.072916
1111.072916
1111.072916
1111.072916
1111.072916
1111.072916
1111.072916
1111.072916
1111.072916
1111.072916
1111.072916
1111.072916
1111.072916
1111.072916
1111.072916
1111.072916
1111.072916
1111.072916
1111.072916
1111.072916
1110.997017
1110.997017
1110.997017
1110.997017
1110.997017
1110.997017
1110.997017
1110.997017
1110.997017
1110.997017
1110.997017
1110.997017
1110.997017
1110.997017
1110.997017
1110.997017
1110.997017
1110.997017
1110.997017
1110.997017
1110.997017
1110.997017
1110.997017
1110.997017
1110.997017
1110.997017
1110.997017
1110.997017
1110.997017
1110.997017
1110.997017
1110.997017
1110.997017
1110.997017
1110.997017
1110.997017
1110.997017
1110.997017
1110.997017
1110.997017
1110.997017
1110.997017
1110.997017
1110.997017
1110.997017
1110.997017
1110.997017
1110.997017
1110.997017
1110.997017
1110.997017
1110.997017
1110.997017
1110.921290
1110.921290
1110.921290
1110.921290
1110.921290
1110.921290
1110.921290
1110.921290
1110.921290
1110.921290
1110.921290
1110.921290
1110.921290
1110.921290
1110.921290
1110.921290
1110.921290
1110.921290
1110.921290
1110.921290
1110.921290
1110.921290
1110.921290
1110.921290
1110.921290
1110.921290
1110.921290
1110.921290
1110.921290
1110.921290
1110.921290
1110.921290
1110.921290
1110.921290
1110.921290
1110.921290
1110.921290
1110.921290
1110.921290
1110.921290
1110.921290
1110.921290
1110.921290
1110.921290
1110.921290
1110.921290
1110.921290
1110.868045
1110.868045
1110.868045
1110.868045
1110.868045
1110.868045
1110.868045
1110.868045
1110.868045
1110.868045
1110.868045
1110.868045
1110.868045
1110.868045
1110.868045
1110.868045
1110.868045
1110.868045
1110.868045
1110.868045
1110.868045
1110.868045
1110.868045
1110.868045
1110.868045
1110.868045
1110.868045
1110.868045
1110.868045
1110.868045
1110.868045
1110.868045
1110.868045
1110.868045
1110.868045
1110.868045
1110.868045
1110.868045
1110.868045
1110.868045
1110.868045
1110.868045
1110.868045
1110.866789
1110.866789
1110.866789
1110.866789
1110.695435
1110.695435
1110.695435
1110.695435
1110.695435
1110.695435
1110.695435
1110.695435
1110.695435
1110.695435
1110.695435
1110.695435
1110.695435
1110.695435
1110.695435
1110.695435
1110.695435
1110.695435
1110.695435
1110.695435
1110.695435
1110.695435
1110.695435
1110.695435
1110.695435
1110.695435
1110.695435
1110.695435
1110.695435
1110.695435
1110.695435
1110.695435
1110.695435
1110.695435
1110.695435
1110.695435
1110.695435
1110.695435
1110.695435
1110.695435
1110.695435
1110.695435
1110.695435
1110.695435
1110.695435
1110.695435
1110.695435
1110.695435
1110.695435
1110.695435
1110.695435
1110.695435
1110.695435
1110.695435
1110.695435
1110.695435
1110.695435
1110.695435
1110.695435
1110.695435
1110.695435
1110.695435
1110.695435
1110.695435
1110.695435
1110.695435
1110.695435
1110.695435
1110.695435
1110.695435
1110.695435
1110.695435
1110.695435
1110.695435
1110.695435
1110.695435
1110.695435
1110.695435
1110.695435
1110.695435
1110.695435
1110.695435
1110.695435
1110.695435
1110.695435
1110.695435
1110.695435
1110.695435
1110.695435
1110.695435
1110.695435
1110.695435
1110.695435
1110.695435
1110.695435
1110.695435
1110.695435
1110.695435
1110.695435
1110.695435
1110.695435
1110.695435
1110.695435
1110.695435
1110.695435
1110.695435
1110.695435
1110.695435
1110.695435
1110.695435
1110.695435
1110.695435
1110.695435
1110.695435
1110.695435
1110.695435
1110.695435
1110.695435
1110.695435
1110.695435
1110.695435
1110.695435
1110.695435
1110.695435
1110.695435
1110.695435
1110.695435
1110.695435
1110.695435
1110.695435
1110.695435
1110.695435
1110.695435
1110.695435
1110.695435
1110.695435
1110.695435
1110.695435
1110.695435
1110.695435
1110.695435
1110.695435
1110.695435
1110.695435
1110.695435
1110.695435
1110.613543
1110.613543
1110.613543
1110.613543
1110.613543
1110.613543
1110.613543
1110.613543
1110.613543
1110.613543
1110.613543
1110.613543
1110.613543
1110.613543
1110.613543
1110.613543
1110.613543
1110.613543
1110.613543
1110.613543
1110.613543
1110.613543
1110.613543
1110.613543
1110.613543
1110.613543
1110.613543
1110.613543
1110.613543
1110.613543
1110.613543
1110.613543
1110.613543
1110.613543
1110.613543
1110.613543
1110.613543
1110.613543
1110.613543
1110.613543
1110.613543
1110.613543
1110.613543
1110.552861
1110.552861
1110.552861
1110.552861
1110.552861
1110.552861
1110.552861
1110.552861
1110.552861
1110.497745
1110.497745
1110.497745
1110.497745
1110.497745
1110.497745
1110.497745
1110.497745
1110.497745
1110.497745
1110.497745
1110.497745
1110.497745
1110.497745
1110.497745
1110.497745
1110.497745
1110.497745
1110.497745
1110.497745
1110.497745
1110.497745
1110.497745
1110.497745
1110.497745
1110.497745
1110.497745
1110.497745
1110.497745
1110.497745
1110.497745
1110.497745
1110.497745
1110.497745
1110.497745
1110.497745
1110.497745
1110.497745
1110.497745
1110.497745
1110.497745
1110.497745
1110.497745
1110.497745
1110.497745
1110.497745
1110.497745
1110.497745
1110.497745
1110.497745
1110.497745
1110.497745
1110.497745
1110.497745
1110.497745
1110.497745
1110.497745
1110.497216
1110.497216
1110.497216
1110.497216
1110.424401
1110.424401
1110.424401
1110.424401
1110.424401
1110.424401
1110.424401
1110.424401
1110.424401
1110.424401
1110.424401
1110.424401
1110.424401
1110.424401
1110.424401
1110.424401
1110.424401
1110.424401
1110.424401
1110.424401
1110.424401
1110.424401
1110.424401
1110.424401
1110.424401
1110.424401
1110.424401
1110.424401
1110.424401
1110.424401
1110.424401
1110.424401
1110.424401
1110.424401
1110.424401
1110.424401
1110.376010
1110.376010
1110.376010
1110.376010
1110.376010
1110.376010
1110.376010
1110.376010
1110.376010
1110.376010
1110.376010
1110.376010
1110.376010
1110.376010
1110.376010
1110.376010
1110.376010
1110.376010
1110.376010
1110.376010
1110.376010
1110.376010
1110.376010
1110.376010
1110.376010
1110.376010
1110.376010
1110.376010
1110.376010
1110.376010
1110.376010
1110.376010
1110.376010
1110.376010
1110.376010
1110.376010
1110.376010
1110.376010
1110.376010
1110.376010
1110.376010
1110.376010
1110.376010
1110.376010
1110.376010
1110.376010
1110.376010
1110.376010
1110.250491
1110.250491
1110.250491
1110.250491
1110.250491
1110.250491
1110.250491
1110.250491
1110.250491
1110.250491
1110.250491
1110.250491
1110.250491
1110.250491
1110.250491
1110.250491
1110.250491
1110.250491
1110.250491
1110.250491
1110.250491
1110.250491
1110.250491
1110.250491
1110.250491
1110.250491
1110.250491
1110.250491
1110.250491
1110.250491
1110.250491
1110.250491
1110.250491
1110.250491
1110.250491
1110.250491
1110.250491
1110.250491
1110.250491
1110.250491
1110.250491
1110.250491
1110.250491
1110.173208
1110.173208
1110.173208
1110.173208
1110.173208
1110.173208
1110.173208
1110.173208
1110.173208
1110.173208
1110.173208
1110.173208
1110.173208
1110.173208
1110.173208
1110.173208
1110.173208
1110.173208
1110.173208
1110.173208
1110.173208
1110.173208
1110.173208
1110.173208
1110.173208
1110.173208
1110.173208
1110.173208
1110.173208
1110.173208
1110.173208
1110.173208
1110.173208
1110.173208
1110.173208
1110.173208
1110.173208
1110.173208
1110.173208
1110.173208
1110.173208
1110.173208
1110.173208
1110.173208
1110.173208
1110.173208
1110.173208
1110.173208
1110.173208
1110.126404
1110.069016
1110.069016
1110.069016
1110.069016
1110.069016
1110.069016
1110.069016
1110.069016
1110.069016
1110.069016
1110.069016
1110.069016
1110.069016
1110.069016
1110.069016
1110.069016
1110.069016
1110.069016
1110.069016
1110.069016
1110.069016
1110.069016
1110.069016
1110.069016
1110.069016
1110.069016
1110.069016
1110.069016
1110.069016
1110.069016
1110.069016
1110.069016
1110.069016
1110.069016
1110.069016
1110.069016
1110.069016
1110.069016
1110.069016
1110.069016
1110.069016
1110.069016
1110.034997
1110.034997
1110.034997
1110.034997
1110.034997
1110.034997
1110.034997
1110.034997
1110.034997
1110.034997
1110.034997
1110.034997
1110.034997
1110.034997
1109.930899
1109.930899
1109.930899
1109.930899
1109.930899
1109.930899
1109.930899
1109.930899
1109.930899
1109.930899
1109.930899
1109.930899
1109.930899
1109.930899
1109.930899
1109.930899
1109.930899
1109.930899
1109.930899
1109.930899
1109.930899
1109.930899
1109.930899
1109.930899
1109.867880
1109.867880
1109.867880
1109.867880
1109.867880
1109.867880
1109.867880
1109.867880
1109.867880
1109.867880
1109.867880
1109.867880
1109.867880
1109.867880
1109.867880
1109.867880
1109.867880
1109.867880
1109.867880
1109.867880
1109.867880
1109.867880
1109.867880
1109.836821
1109.836821
1109.836821
1109.836821
1109.836821
1109.836821
1109.836821
1109.836821
1109.836821
1109.836821
1109.836821
1109.836821
1109.836821
1109.836821
1109.836821
1109.836821
1109.836821
1109.836821
1109.836821
1109.836821
1109.836821
1109.836821
1109.836821
1109.836821
1109.836821
1109.836821
1109.790807
1109.790807
1109.790807
1109.790807
1109.790807
1109.790807
1109.790807
1109.790807
1109.790807
1109.790807
1109.790807
1109.790807
1109.790807
1109.790807
1109.790807
1109.790807
1109.790807
1109.790807
1109.622119
1109.622119
1109.622119
1109.622119
1109.622119
1109.622119
1109.622119
1109.622119
1109.622119
1109.622119
1109.622119
1109.622119
1109.622119
1109.622119
1109.622119
1109.622119
1109.622119
1109.622119
1109.622119
1109.622119
1109.622119
1109.622119
1109.622119
1109.622119
1109.622119
1109.622119
1109.622119
1109.622119
1109.622119
1109.622119
1109.622119
1109.622119
1109.622119
1109.622119
1109.622119
1109.622119
1109.622119
1109.622119
1109.622119
1109.622119
1109.622119
1109.622119
1109.622119
1109.622119
1109.622119
1109.622119
1109.622119
1109.622119
1109.622119
1109.622119
1109.622119
1109.622119
1109.622119
1109.622119
1109.622119
1109.622119
1109.622119
1109.622119
1109.622119
1109.622119
1109.622119
1109.622119
1109.622119
1109.622119
1109.622119
1109.622119
1109.622119
1109.622119
1109.622119
1109.622119
1109.622119
1109.622119
1109.622119
1109.622119
1109.622119
1109.622119
1109.622119
1109.622119
1109.622119
1109.622119
1109.622119
1109.622119
1109.622119
1109.622119
1109.622119
1109.622119
1109.622119
1109.622119
1109.622119
1109.622119
1109.622119
1109.622119
1109.622119
1109.622119
1109.622119
1109.622119
1109.622119
1109.622119
1109.622119
1109.622119
1109.622119
1109.622119
1109.622119
1109.622119
1109.622119
1109.622119
1109.622119
1109.622119
1109.622119
1109.622119
1109.622119
1109.622119
1109.622119
1109.622119
1109.622119
1109.622119
1109.622119
1109.622119
1109.622119
1109.622119
1109.622119
1109.622119
1109.622119
1109.622119
1109.622119
1109.622119
1109.622119
1109.622119
1109.622119
1109.622119
1109.622119
1109.622119
1109.622119
1109.622119
1109.622119
1109.622119
1109.622119
1109.622119
1109.622119
1109.622119
1109.622119
1109.622119
1109.622119
1109.622119
1109.622119
1109.622119
1109.622119
1109.622119
1109.622119
1109.622119
1109.622119
1109.613162
1109.613162
1109.613162
1109.613162
1109.613162
1109.613162
1109.613162
1109.607987
1109.607987
1109.607987
1109.607987
1109.607987
1109.607987
1109.607987
1109.607987
1109.607987
1109.607987
1109.607987
1109.607987
1109.606275
1109.606275
1109.606275
1109.606275
1109.606275
1109.586665
1109.586665
1109.586665
1109.586665
1109.586665
1109.586665
1109.586665
1109.586665
1109.586665
1109.586665
1109.586665
1109.586665
1109.586665
1109.586665
1109.586665
1109.586665
1109.586665
1109.586665
1109.586665
1109.586665
1109.586665
1109.586665
1109.586665
1109.586665
1109.586665
1109.343892
1109.343892
1109.343892
1109.343892
1109.343892
1109.343892
1109.343892
1109.343892
1109.343892
1109.343892
1109.343892
1109.343892
1109.343892
1109.343892
1109.343892
1109.343892
1109.343892
1109.343892
1109.343892
1109.343892
1109.343892
1109.343892
1109.343892
1109.343892
1109.343892
1109.343892
1109.343892
1109.343892
1109.343892
1109.343892
1109.343892
1109.343892
1109.343892
1109.343892
1109.343892
1109.343892
1109.343892
1109.343892
1109.343892
1109.343892
1109.343892
1109.343892
1109.343892
1109.343892
1109.343892
1109.343892
1109.343892
1109.343892
1109.343892
1109.343892
1109.343892
1109.343892
1109.343892
1109.343892
1109.343892
1109.343892
1109.343892
1109.343892
1109.343892
1109.303613
1109.303613
1109.303613
1109.303613
1109.303613
1109.303613
1109.303613
1109.303613
1109.303613
1109.303613
1109.303613
1109.303613
1109.303613
1109.303613
1109.303613
1109.303613
1109.303613
1109.303613
1109.303613
1109.303613
1109.303613
1109.303613
1109.303613
1109.303613
1109.303613
1109.303613
1109.303613
1109.303613
1109.303613
1109.303613
1109.303613
1109.303613
1109.303613
1109.303613
1109.303613
1109.303613
1109.303613
1109.303613
1109.225489
1109.225489
1109.225489
1109.225489
1109.225489
1109.225489
1109.225489
1109.225489
1109.225489
1109.225489
1109.225489
1109.225489
1109.225489
1109.225489
1109.225489
1109.225489
1109.225489
1109.225489
1109.225489
1109.225489
1109.225489
1109.225489
1109.225489
1109.225489
1109.225489
1109.225489
1109.225489
1109.225489
1109.225489
1109.225489
1109.225489
1109.225489
1109.225489
1109.225489
1109.225489
1109.225489
1109.225489
1109.225489
1109.225489
1109.225489
1109.225489
1109.225489
1109.225489
1109.225489
1109.225489
1109.225489
1109.225489
1109.225489
1109.225489
1109.225489
1109.225489
1109.225489
1109.225489
1109.225489
1109.225489
1109.225489
1109.225489
1109.225489
1109.225489
1109.225489
1109.225489
1109.225489
1109.225489
1109.225489
1109.225489
1109.225489
1109.225489
1109.225489
1109.225489
1109.225489
1109.225489
1109.225489
1109.225489
1109.225489
1109.225489
1109.225489
1109.225489
1109.225489
1109.225489
1109.225489
1109.225489
1109.225489
1109.225489
1109.225489
1109.225489
1109.225489
1109.225489
1109.225489
1109.225489
1109.225489
1109.225489
1109.225489
1109.225489
1109.225489
1109.225489
1109.225489
1109.225489
1109.225489
1109.225489
1109.225489
1109.225489
1109.225489
1109.225489
1109.225489
1109.225489
1109.225489
1109.225489
1109.225489
1109.225489
1109.225489
1109.225489
1109.225489
1109.225489
1109.225489
1109.225489
1109.225489
1109.225489
1109.225489
1109.225489
1109.225489
1109.225489
1109.225489
1109.225489
1109.225489
1109.225489
1109.225489
1109.225489
1109.225489
1109.225489
1109.225489
1109.225489
1109.225489
1109.225489
1109.225489
1109.225489
1109.225489
1109.225489
1109.225489
1109.225489
1109.225489
1109.225489
1109.225489
1109.225489
1109.225489
1109.225489
1109.225489
1109.225489
1109.225489
1109.225489
1109.225489
1109.225489
1109.225489
1109.193600
1109.193600
1109.193600
1109.193600
1109.175864
1109.175864
1109.175864
1109.175864
1109.175864
1109.175864
1109.175864
1109.175864
1109.175864
1109.175864
1109.175864
1109.175864
1109.175864
1109.175864
1109.043266
1109.043266
1109.043266
1109.043266
1109.043266
1109.043266
1109.043266
1109.043266
1109.043266
1109.043266
1109.043266
1109.043266
1109.043266
1109.043266
1109.043266
1109.043266
1109.043266
1109.043266
1109.043266
1109.043266
1109.043266
1109.043266
1109.043266
1109.043266
1109.043266
1109.043266
1109.043266
1109.043266
1109.043266
1109.043266
1109.043266
1109.043266
1109.043266
1109.043266
1109.043266
1109.043266
1109.043266
1109.043266
1109.043266
1109.043266
1109.043266
1109.043266
1109.043266
1109.043266
1109.043266
1109.043266
1109.043266
1109.043266
1109.043266
1109.043266
1109.043266
1109.043266
1109.043266
1109.043266
1109.043266
1109.043266
1109.043266
1109.043266
1109.043266
1109.043266
1109.043266
1109.043266
1109.043266
1109.043266
1109.043266
1109.043266
1109.043266
1109.043266
1109.043266
1109.043266
1109.043266
1109.043266
1109.043266
1109.043266
1109.043266
1109.043266
1109.043266
1109.043266
1109.043266
1109.043266
1109.043266
1109.043266
1109.043266
1109.043266
1109.043266
1109.043266
1109.043266
1108.971072
1108.971072
1108.971072
1108.971072
1108.971072
1108.971072
1108.971072
1108.971072
1108.971072
1108.971072
1108.971072
1108.971072
1108.971072
1108.825434
1108.825434
1108.825434
1108.825434
1108.825434
1108.825434
1108.825434
1108.825434
1108.825434
1108.825434
1108.825434
1108.825434
1108.825434
1108.825434
1108.825434
1108.825434
1108.825434
1108.825434
1108.825434
1108.825434
1108.825434
1108.825434
1108.825434
1108.825434
1108.825434
1108.825434
1108.825434
1108.825434
1108.825434
1108.825434
1108.825434
1108.825434
1108.825434
1108.825434
1108.825434
1108.825434
1108.825434
1108.825434
1108.825434
1108.825434
1108.825434
1108.825434
1108.825434
1108.825434
1108.825434
1108.825434
1108.825434
1108.825434
1108.825434
1108.825434
1108.825434
1108.825434
1108.825434
1108.825434
1108.825434
1108.825434
1108.825434
1108.825434
1108.825434
1108.825434
1108.825434
1108.825434
1108.825434
1108.825434
1108.825434
1108.825434
1108.825434
1108.825434
1108.825434
1108.825434
1108.825434
1108.825434
1108.825434
1108.825434
1108.825434
1108.825434
1108.825434
1108.825434
1108.825434
1108.825434
1108.825434
1108.825434
1108.825434
1108.825434
1108.825434
1108.825434
1108.825434
1108.825434
1108.825434
1108.825434
1108.825434
1108.825434
1108.825434
1108.825434
1108.825434
1108.825434
1108.825434
1108.825434
1108.825434
1108.825434
1108.825434
1108.825434
1108.825434
1108.825434
1108.825434
1108.825434
1108.825434
1108.825434
1108.825434
1108.825434
1108.825434
1108.825434
1108.825434
1108.825434
1108.825434
1108.825434
1108.825434
1108.825434
1108.825434
1108.825434
1108.825434
1108.825434
1108.825434
1108.787319
1108.787319
1108.787319
1108.787319
1108.787319
1108.787319
1108.787319
1108.787319
1108.787319
1108.787319
1108.787319
1108.787319
1108.787319
1108.787319
1108.787319
1108.787319
1108.787319
1108.787319
1108.787319
1108.751452
1108.751452
1108.751452
1108.751452
1108.751452
1108.751452
1108.751452
1108.751452
1108.751452
1108.751452
1108.751452
1108.751452
1108.751452
1108.751452
1108.751452
1108.751452
1108.751452
1108.751452
1108.751452
1108.751452
1108.751452
1108.751452
1108.751452
1108.751452
1108.751452
1108.751452
1108.751452
1108.751452
1108.751452
1108.751452
1108.751452
1108.751452
1108.751452
1108.751452
1108.751452
1108.751452
1108.751452
1108.751452
1108.751452
1108.751452
1108.751452
1108.751452
1108.751452
1108.751452
1108.751452
1108.751452
1108.751452
1108.751452
1108.751452
1108.751452
1108.751452
1108.751452
1108.751452
1108.751452
1108.751452
1108.735308
1108.735308
1108.735308
1108.735308
1108.735308
1108.735308
1108.735308
1108.735308
1108.735308
1108.735308
1108.735308
1108.735308
1108.735308
1108.735308
1108.735308
1108.735308
1108.735308
1108.735308
1108.735308
1108.735308
1108.735308
1108.735308
1108.735308
1108.735308
1108.735308
1108.735308
1108.735308
1108.676639
1108.676639
1108.566760
1108.566760
1108.566760
1108.566760
1108.566760
1108.566760
1108.566760
1108.566760
1108.566760
1108.566760
1108.566760
1108.566760
1108.566760
1108.566760
1108.566760
1108.566760
1108.566760
1108.566760
1108.566760
1108.566760
1108.566760
1108.566760
1108.566760
1108.566760
1108.566760
1108.566760
1108.566760
1108.566760
1108.566760
1108.566760
1108.566760
1108.566760
1108.566760
1108.566760
1108.566760
1108.566760
1108.566760
1108.566760
1108.566760
1108.566760
1108.566760
1108.566760
1108.566760
1108.566760
1108.566760
1108.566760
1108.566760
1108.566760
1108.566760
1108.566760
1108.566760
1108.566760
1108.566760
1108.566760
1108.566760
1108.566760
1108.566760
1108.566760
1108.566760
1108.566760
1108.566760
1108.566760
1108.566760
1108.566760
1108.566760
1108.566760
1108.566760
1108.566760
1108.566760
1108.566760
1108.566760
1108.566760
1108.566760
1108.566760
1108.566760
1108.566760
1108.566760
1108.566760
1108.566760
1108.566760
1108.566760
1108.566760
1108.566760
1108.566760
1108.566760
1108.566760
1108.566760
1108.566760
1108.566760
1108.566760
1108.566760
1108.566760
1108.566760
1108.566760
1108.566760
1108.566760
1108.566760
1108.566760
1108.494633
1108.494633
1108.494633
1108.494633
1108.494633
1108.494633
1108.494633
1108.494633
1108.494633
1108.494633
1108.494633
1108.494633
1108.494633
1108.494633
1108.494633
1108.494633
1108.494633
1108.494633
1108.494633
1108.494633
1108.494633
1108.494633
1108.494633
1108.494633
1108.494633
1108.494633
1108.494633
1108.494633
1108.494633
1108.494633
1108.494633
1108.494633
1108.494633
1108.494633
1108.494633
1108.494633
1108.494633
1108.494633
1108.494633
1108.494633
1108.494633
1108.494633
1108.494633
1108.494633
1108.494633
1108.494633
1108.494633
1108.494633
1108.494633
1108.494633
1108.494633
1108.494633
1108.494633
1108.494633
1108.494633
1108.494633
1108.494633
1108.494633
1108.494633
1108.494633
1108.494633
1108.494633
1108.494633
1108.494633
1108.494633
1108.494633
1108.494633
1108.494633
1108.494633
1108.494633
1108.494633
1108.494633
1108.494633
1108.494633
1108.494633
1108.494633
1108.494633
1108.494633
1108.494633
1108.494633
1108.494633
1108.494633
1108.494633
1108.494633
1108.494633
1108.494633
1108.494633
1108.494633
1108.494633
1108.494633
1108.494633
1108.494633
1108.494633
1108.494633
1108.366336
1108.366336
1108.366336
1108.366336
1108.366336
1108.366336
1108.366336
1108.366336
1108.366336
1108.366336
1108.366336
1108.366336
1108.366336
1108.366336
1108.366336
1108.366336
1108.366336
1108.366336
1108.366336
1108.366336
1108.366336
1108.366336
1108.366336
1108.366336
1108.366336
1108.366336
1108.366336
1108.366336
1108.366336
1108.366336
1108.366336
1108.366336
1108.366336
1108.366336
1108.366336
1108.366336
1108.366336
1108.366336
1108.366336
1108.366336
1108.366336
1108.366336
1108.366336
1108.366336
1108.366336
1108.366336
1108.366336
1108.366336
1108.366336
1108.366336
1108.366336
1108.366336
1108.366336
1108.366336
1108.366336
1108.366336
1108.339492
1108.339492
1108.339492
1108.339492
1108.339492
1108.339492
1108.339492
1108.339492
1108.339492
1108.339492
1108.339492
1108.339492
1108.339492
1108.339492
1108.339492
1108.339492
1108.339492
1108.339492
1108.339492
1108.339492
1108.339492
1108.339492
1108.339492
1108.339492
1108.339492
1108.339492
1108.339492
1108.339492
1108.339492
1108.339492
1108.339492
1108.339492
1108.339492
1108.339492
1108.339492
1108.339492
1108.339492
1108.339492
1108.339492
1108.339492
1108.339492
1108.339492
1108.339492
1108.339492
1108.339492
1108.339492
1108.339492
1108.339492
1108.339492
1108.319350
1108.319350
1108.319350
1108.319350
1108.319350
1108.319350
1108.319350
1108.319350
1108.319350
1108.319350
1108.319350
1108.319350
1108.319350
1108.319350
1108.319350
1108.163149
1108.163149
1108.163149
1108.163149
1108.163149
1108.163149
1108.163149
1108.163149
1108.163149
1108.163149
1108.163149
1108.163149
1108.163149
1108.163149
1108.163149
1108.163149
1108.163149
1108.163149
1108.163149
1108.163149
1108.163149
1108.163149
1108.163149
1108.163149
1108.163149
1108.163149
1108.163149
1108.163149
1108.163149
1108.163149
1108.163149
1108.163149
1108.163149
1108.163149
1108.163149
1108.163149
1108.163149
1108.163149
1108.163149
1108.163149
1108.163149
1108.163149
1108.163149
1108.163149
1108.163149
1108.163149
1108.163149
1108.163149
1108.163149
1108.163149
1108.163149
1108.163149
1108.149893
1108.149893
1108.149893
1108.149893
1108.149893
1108.149893
1108.149893
1108.149893
1108.149893
1108.149893
1108.149893
1108.149893
1108.149893
1108.149893
1108.149893
1108.149893
1108.149893
1108.149893
1108.149893
1108.149893
1108.149893
1108.149893
1108.149893
1108.149893
1108.149893
1108.149893
1108.149893
1108.149893
1108.149893
1108.149893
1108.149893
1108.149893
1108.149893
1108.149893
1108.149893
1108.149893
1108.149893
1108.149893
1108.149893
1108.149893
1108.149893
1108.149893
1108.149893
1108.149893
1108.149893
1108.149893
1108.149893
1108.149893
1108.149893
1108.149893
1108.149893
1108.149893
1108.149893
1108.149893
1108.149893
1108.149893
1108.149893
1108.149893
1108.149893
1108.149893
1108.149893
1108.149893
1108.149893
1108.121727
1108.121727
1108.121727
1108.121727
1108.121727
1108.121727
1108.121727
1108.121727
1108.121727
1108.121727
1108.121727
1108.099231
1108.099231
1108.099231
1108.099231
1108.099231
1108.099231
1108.099231
1108.099231
1108.099231
1108.099231
1108.099231
1108.099231
1108.099231
1108.099231
1108.099231
1108.099231
1108.099231
1108.099231
1108.099231
1108.099231
1108.099231
1107.926243
1107.926243
1107.926243
1107.926243
1107.926243
1107.926243
1107.926243
1107.926243
1107.926243
1107.926243
1107.926243
1107.926243
1107.926243
1107.926243
1107.926243
1107.926243
1107.926243
1107.926243
1107.926243
1107.926243
1107.926243
1107.926243
1107.926243
1107.926243
1107.926243
1107.926243
1107.926243
1107.926243
1107.926243
1107.926243
1107.926243
1107.926243
1107.926243
1107.926243
1107.926243
1107.926243
1107.926243
1107.926243
1107.926243
1107.926243
1107.926243
1107.926243
1107.926243
1107.926243
1107.926243
1107.926243
1107.926243
1107.926243
1107.926243
1107.926243
1107.926243
1107.926243
1107.926243
1107.926243
1107.926243
1107.926243
1107.926243
1107.926243
1107.926243
1107.926243
1107.926243
1107.926243
1107.926243
1107.926243
1107.926243
1107.926243
1107.926243
1107.926243
1107.926243
1107.792341
1107.792341
1107.792341
1107.792341
1107.792341
1107.792341
1107.792341
1107.792341
1107.792341
1107.792341
1107.792341
1107.792341
1107.792341
1107.792341
1107.792341
1107.792341
1107.792341
1107.792341
1107.792341
1107.792341
1107.792341
1107.792341
1107.792341
1107.792341
1107.792341
1107.792341
1107.792341
1107.792341
1107.792341
1107.792341
1107.792341
1107.792341
1107.792341
1107.792341
1107.792341
1107.792341
1107.792341
1107.792341
1107.792341
1107.792341
1107.792341
1107.792341
1107.792341
1107.792341
1107.792341
1107.792341
1107.792341
1107.792341
1107.792341
1107.792341
1107.792341
1107.792341
1107.792341
1107.792341
1107.792341
1107.792341
1107.792341
1107.792341
1107.792341
1107.792341
1107.792341
1107.792341
1107.792341
1107.792341
1107.792341
1107.792341
1107.792341
1107.792341
1107.792341
1107.792341
1107.792341
1107.792341
1107.792341
1107.792341
1107.792341
1107.792341
1107.792341
1107.792341
1107.792341
1107.792341
1107.792341
1107.792341
1107.792341
1107.792341
1107.792341
1107.792341
1107.792341
1107.792341
1107.792341
1107.792341
1107.792341
1107.792341
1107.792341
1107.792341
1107.792341
1107.792341
1107.792341
1107.792341
1107.792341
1107.792341
1107.792341
1107.792341
1107.792341
1107.792341
1107.792341
1107.792341
1107.792341
1107.792341
1107.792341
1107.792341
1107.792341
1107.750766
1107.750766
1107.750766
1107.750766
1107.750766
1107.750766
1107.750766
1107.750766
1107.750766
1107.750766
1107.750766
1107.750766
1107.750766
1107.750766
1107.750766
1107.750766
1107.750766
1107.750766
1107.750766
1107.750766
1107.750766
1107.750766
1107.750766
1107.750766
1107.750766
1107.750766
1107.750766
1107.750766
1107.750766
1107.750766
1107.750766
1107.750766
1107.661722
1107.661722
1107.661722
1107.661722
1107.661722
1107.661722
1107.661722
1107.661722
1107.661722
1107.661722
1107.661722
1107.661722
1107.661722
1107.661722
1107.661722
1107.661722
1107.661722
1107.661722
1107.661722
1107.661722
1107.661722
1107.661722
1107.661722
1107.661722
1107.661722
1107.661722
1107.661722
1107.661722
1107.661722
1107.661722
1107.661722
1107.661722
1107.661722
1107.661722
1107.661722
1107.661722
1107.661722
1107.661722
1107.661722
1107.661722
1107.661722
1107.661722
1107.661722
1107.661722
1107.661722
1107.661722
1107.661722
1107.661722
1107.661722
1107.661722
1107.661722
1107.661722
1107.661722
1107.661722
1107.661722
1107.661722
1107.661722
1107.661722
1107.661018
1107.661018
1107.661018
1107.661018
1107.661018
1107.661018
1107.661018
1107.661018
1107.661018
1107.661018
1107.661018
1107.661018
1107.661018
1107.661018
1107.661018
1107.661018
1107.661018
1107.661018
1107.661018
1107.661018
1107.661018
1107.661018
1107.661018
1107.661018
1107.661018
1107.661018
1107.661018
1107.661018
1107.661018
1107.661018
1107.661018
1107.661018
1107.586866
1107.586866
1107.586866
1107.586866
1107.586866
1107.586866
1107.586866
1107.586866
1107.586866
1107.586866
1107.586866
1107.586866
1107.586866
1107.586866
1107.586866
1107.586866
1107.586866
1107.586866
1107.586866
1107.586866
1107.586866
1107.586866
1107.586866
1107.586866
1107.586866
1107.586866
1107.586866
1107.586866
1107.586866
1107.586866
1107.586866
1107.510677
1107.510677
1107.510677
1107.510677
1107.510677
1107.510677
1107.510677
1107.510677
1107.510677
1107.510677
1107.510677
1107.510677
1107.510677
1107.510677
1107.510677
1107.510677
1107.510677
1107.510677
1107.510677
1107.510677
1107.510677
1107.510677
1107.510677
1107.510677
1107.510677
1107.510677
1107.474811
1107.474811
1107.474811
1107.474811
1107.474811
1107.474811
1107.474811
1107.474811
1107.474811
1107.474811
1107.474811
1107.474811
1107.474811
1107.474811
1107.474811
1107.474811
1107.474811
1107.474811
1107.474811
1107.474811
1107.474811
1107.474811
1107.474811
1107.474811
1107.474811
1107.474811
1107.474811
1107.474811
1107.474811
1107.474811
1107.474811
1107.474811
1107.474811
1107.474811
1107.474811
1107.474811
1107.474811
1107.474811
1107.474811
1107.474811
1107.474811
1107.474811
1107.474811
1107.474811
1107.474811
1107.474811
1107.474811
1107.474811
1107.474811
1107.474811
1107.474811
1107.422298
1107.422298
1107.422298
1107.422298
1107.422298
1107.422298
1107.422298
1107.422298
1107.422298
1107.422298
1107.422298
1107.422298
1107.422298
1107.422298
1107.422298
1107.422298
1107.422298
1107.422298
1107.422298
1107.422298
1107.422298
1107.422298
1107.422298
1107.422298
1107.422298
1107.422298
1107.422298
1107.422298
1107.422298
1107.422298
1107.422298
1107.422298
1107.422298
1107.422298
1107.422298
1107.422298
1107.422298
1107.422298
1107.422298
1107.422298
1107.422298
1107.422298
1107.422298
1107.422298
1107.422298
1107.422298
1107.422298
1107.422298
1107.422298
1107.422298
1107.422298
1107.422298
1107.422298
1107.422298
1107.250036
1107.250036
1107.250036
1107.250036
1107.250036
1107.250036
1107.250036
1107.250036
1107.250036
1107.250036
1107.250036
1107.250036
1107.250036
1107.250036
1107.250036
1107.250036
1107.250036
1107.250036
1107.250036
1107.250036
1107.250036
1107.250036
1107.250036
1107.250036
1107.250036
1107.250036
1107.250036
1107.250036
1107.250036
1107.250036
1107.250036
1107.250036
1107.250036
1107.250036
1107.250036
1107.250036
1107.250036
1107.250036
1107.250036
1107.250036
1107.250036
1106.854535
1106.854535
1106.854535
1106.854535
1106.854535
1106.854535
1106.854535
1106.854535
1106.854535
1106.854535
1106.854535
1106.854535
1106.854535
1106.854535
1106.854535
1106.854535
1106.854535
1106.854535
1106.854535
1106.854535
1106.854535
1106.854535
1106.854535
1106.854535
1106.854535
1106.854535
1106.854535
1106.854535
1106.854535
1106.854535
1106.854535
1106.854535
1106.854535
1106.854535
1106.854535
1106.854535
1106.854535
1106.854535
1106.854535
1106.854535
1106.854535
1106.854535
1106.854535
1106.854535
1106.854535
1106.854535
1106.854535
1106.854535
1106.854535
1106.854535
1106.854535
1106.854535
1106.854535
1106.854535
1106.854535
1106.854535
1106.854535
1106.854535
1106.854535
1106.854535
1106.854535
1106.854535
1106.854535
1106.854535
1106.854535
1106.854535
1106.854535
1106.854535
1106.854535
1106.854535
1106.854535
1106.854535
1106.854535
1106.854535
1106.854535
1106.854535
1106.854535
1106.854535
1106.854535
1106.854535
1106.854535
1106.854535
1106.854535
1106.854535
1106.854535
1106.854535
1106.854535
1106.854535
1106.854535
1106.854535
1106.854535
1106.854535
1106.854535
1106.854535
1106.854535
1106.854535
1106.854535
1106.854535
1106.854535
1106.799764
1106.799764
1106.799764
1106.799764
1106.799764
1106.799764
1106.799764
1106.799764
1106.799764
1106.799764
1106.799764
1106.799764
1106.799764
1106.799764
1106.799764
1106.799764
1106.799764
1106.799764
1106.799764
1106.799764
1106.799764
1106.799764
1106.799764
1106.799764
1106.799764
1106.799764
1106.799764
1106.799764
1106.799764
1106.799764
1106.799764
1106.799764
1106.799764
1106.799764
1106.799764
1106.799764
1106.799764
1106.799764
1106.799764
1106.799764
1106.799764
1106.799764
1106.799764
1106.799764
1106.799764
1106.799764
1106.799764
1106.799764
1106.799764
1106.799764
1106.799764
1106.799764
1106.799764
1106.799764
1106.799764
1106.799764
1106.799764
1106.799764
1106.799764
1106.799764
1106.799764
1106.799764
1106.799764
1106.799764
1106.799764
1106.799764
1106.799764
1106.799764
1106.799764
1106.799764
1106.799764
1106.799764
1106.799764
1106.799764
1106.799764
1106.799764
1106.799764
1106.799764
1106.799764
1106.799764
1106.799764
1106.799764
1106.799764
1106.799764
1106.799764
1106.799764
1106.799764
1106.799764
1106.799764
1106.799764
1106.799764
1106.799764
1106.799764
1106.799764
1106.799764
1106.722592
1106.722592
1106.722592
1106.722592
1106.722592
1106.722592
1106.722592
1106.722592
1106.722592
1106.722592
1106.722592
1106.722592
1106.722592
1106.722592
1106.722592
1106.722592
1106.722592
1106.722592
1106.722592
1106.722592
1106.722592
1106.722592
1106.722592
1106.722592
1106.722592
1106.722592
1106.722592
1106.722592
1106.722592
1106.722592
1106.722592
1106.722592
1106.722592
1106.722592
1106.722592
1106.722592
1106.722592
1106.722592
1106.722592
1106.722592
1106.722592
1106.722592
1106.722592
1106.722592
1106.722592
1106.722592
1106.722592
1106.722592
1106.722592
1106.722592
1106.722592
1106.722592
1106.722592
1106.722592
1106.722592
1106.722592
1106.722592
1106.722592
1106.722592
1106.722592
1106.722592
1106.722592
1106.722592
1106.722592
1106.722592
1106.722592
1106.722592
1106.722592
1106.722592
1106.722592
1106.722592
1106.722592
1106.722592
1106.722592
1106.722592
1106.722592
1106.722592
1106.722592
1106.722592
1106.722592
1106.722592
1106.722592
1106.671644
1106.671644
1106.671644
1106.671644
1106.671644
1106.671644
1106.671644
1106.671644
1106.671644
1106.671644
1106.671644
1106.671644
1106.671644
1106.671644
1106.671644
1106.671644
1106.671644
1106.671644
1106.671644
1106.671644
1106.671644
1106.671644
1106.671644
1106.671644
1106.671644
1106.671644
1106.671644
1106.671644
1106.671644
1106.645122
1106.645122
1106.645122
1106.645122
1106.645122
1106.645122
1106.645122
1106.559600
1106.559600
1106.559600
1106.559600
1106.559600
1106.559600
1106.559600
1106.559600
1106.559600
1106.559600
1106.559600
1106.559600
1106.559600
1106.559600
1106.559600
1106.559600
1106.559600
1106.559600
1106.559600
1106.559600
1106.559600
1106.559600
1106.559600
1106.559600
1106.559600
1106.559600
1106.559600
1106.559600
1106.559600
1106.559600
1106.559600
1106.559600
1106.559600
1106.559600
1106.559600
1106.559600
1106.559600
1106.559600
1106.559600
1106.559600
1106.559600
1106.559600
1106.559600
1106.559600
1106.559600
1106.559600
1106.559600
1106.559600
1106.559600
1106.559600
1106.559600
1106.559600
1106.559600
1106.559600
1106.559600
1106.559600
1106.559600
1106.559600
1106.559600
1106.559600
1106.559600
1106.559600
1106.559600
1106.559600
1106.559600
1106.559600
1106.559600
1106.559600
1106.559600
1106.559600
1106.559600
1106.559600
1106.433846
1106.433846
1106.433846
1106.433846
1106.433846
1106.433846
1106.433846
1106.433846
1106.433846
1106.433846
1106.433846
1106.433846
1106.433846
1106.433846
1106.433846
1106.433846
1106.433846
1106.433846
1106.433846
1106.433846
1106.407375
1106.407375
1106.407375
1106.407375
1106.407375
1106.407375
1106.407375
1106.407375
1106.407375
1106.407375
1106.407375
1106.407375
1106.407375
1106.407375
1106.407375
1106.407375
1106.407375
1106.407375
1106.407375
1106.407375
1106.407375
1106.407375
1106.407375
1106.407375
1106.407375
1106.407375
1106.407375
1106.407375
1106.407375
1106.407375
1106.407375
1106.407375
1106.407375
1106.407375
1106.407375
1106.407375
1106.407375
1106.407375
1106.407375
1106.407375
1106.407375
1106.407375
1106.407375
1106.407375
1106.407375
1106.407375
1106.407375
1106.407375
1106.407375
1106.407375
1106.407375
1106.407375
1106.407375
1106.407375
1106.407375
1106.407375
1106.407375
1106.407375
1106.407375
1106.407375
1106.407375
1106.407375
1106.407375
1106.407375
1106.407375
1106.407375
1106.407375
1106.407375
1106.407375
1106.407375
1106.407375
1106.407375
1106.407375
1106.407375
1106.407375
1106.407375
1106.407375
1106.407375
1106.407375
1106.407375
1106.407375
1106.213776
1106.213776
1106.213776
1106.213776
1106.213776
1106.213776
1106.213776
1106.213776
1106.213776
1106.213776
1106.213776
1106.213776
1106.213776
1106.213776
1106.213776
1106.213776
1106.213776
1106.213776
1106.213776
1106.213776
1106.213776
1106.213776
1106.213776
1106.213776
1106.213776
1106.213776
1106.213776
1106.213776
1106.213776
1106.213776
1106.213776
1106.213776
1106.213776
1106.213776
1106.213776
1106.213776
1106.213776
1106.213776
1106.213776
1106.213776
1106.213776
1106.213776
1106.213776
1106.213776
1106.213776
1106.213776
1106.213776
1106.213776
1106.213776
1106.213776
1106.213776
1106.213776
1106.213776
1106.213776
1106.213776
1106.213776
1106.213776
1106.213776
1106.213776
1106.213776
1106.213776
1106.213776
1106.213776
1106.213776
1106.213776
1106.213776
1106.213776
1106.213776
1106.213776
1106.213776
1106.213776
1106.213776
1106.213776
1106.213776
1106.213776
1106.213776
1106.213776
1106.213776
1106.213776
1106.213776
1106.213776
1106.213776
1106.213776
1106.213776
1106.213776
1106.213776
1106.213776
1106.213776
1106.213776
1106.213776
1106.213776
1106.213776
1106.213776
1106.213776
1106.213776
1106.213776
1106.213776
1106.213776
1106.213776
1106.213776
1106.213776
1106.213776
1106.213776
1106.213776
1106.213776
1106.213776
1106.213776
1106.213776
1106.213776
1106.213776
1106.213776
1106.213776
1106.213776
1106.213776
1106.213776
1106.213776
1106.213776
1106.213776
1106.213776
1106.213776
1106.213776
1106.213776
1106.213776
1106.213776
1106.213776
1106.213776
1106.213776
1106.213776
1106.213776
1106.213776
1106.213776
1106.213776
1106.213776
1106.213776
1106.193188
1106.193188
1106.193188
1106.045180
1106.045180
1106.045180
1106.045180
1106.045180
1106.045180
1106.045180
1106.045180
1106.045180
1106.045180
1106.045180
1106.045180
1106.045180
1106.045180
1106.045180
1106.045180
1106.045180
1106.045180
1106.045180
1106.045180
1106.045180
1105.918616
1105.918616
1105.918616
1105.918616
1105.918616
1105.918616
1105.918616
1105.918616
1105.918616
1105.918616
1105.918616
1105.918616
1105.918616
1105.918616
1105.918616
1105.918616
1105.918616
1105.918616
1105.918616
1105.918616
1105.918616
1105.918616
1105.918616
1105.918616
1105.918616
1105.918616
1105.918616
1105.918616
1105.918616
1105.918616
1105.918616
1105.918616
1105.918616
1105.918616
1105.918616
1105.918616
1105.918616
1105.918616
1105.918616
1105.918616
1105.918616
1105.918616
1105.918616
1105.918616
1105.918616
1105.918616
1105.918616
1105.918616
1105.918616
1105.918616
1105.918616
1105.918616
1105.918616
1105.918616
1105.918616
1105.918616
1105.918616
1105.918616
1105.918616
1105.918616
1105.918616
1105.918616
1105.918616
1105.918616
1105.918616
1105.918616
1105.918616
1105.918616
1105.918616
1105.918616
1105.918616
1105.918616
1105.918616
1105.918616
1105.918616
1105.918616
1105.918616
1105.918616
1105.918616
1105.918616
1105.918616
1105.918616
1105.918616
1105.918616
1105.918616
1105.918616
1105.918616
1105.918616
1105.918616
1105.918616
1105.918616
1105.918616
1105.888238
1105.888238
1105.888238
1105.888238
1105.888238
1105.888238
1105.888238
1105.888238
1105.888238
1105.888238
1105.888238
1105.888238
1105.478665
1105.478665
1105.478665
1105.478665
1105.478665
1105.478665
1105.478665
1105.478665
1105.478665
1105.478665
1105.478665
1105.478665
1105.478665
1105.478665
1105.478665
1105.478665
1105.478665
1105.478665
1105.478665
1105.478665
1105.478665
1105.478665
1105.478665
1105.478665
1105.478665
1105.478665
1105.478665
1105.478665
1105.478665
1105.478665
1105.478665
1105.478665
1105.478665
1105.478665
1105.478665
1105.478665
1105.478665
1105.478665
1105.478665
1105.478665
1105.478665
1105.478665
1105.478665
1105.478665
1105.478665
1105.478665
1105.478665
1105.478665
1105.478665
1105.478665
1105.478665
1105.478665
1105.478665
1105.478665
1105.478665
1105.478665
1105.478665
1105.478665
1105.478665
1105.478665
1105.478665
1105.478665
1105.478665
1105.478665
1105.478665
1105.478665
1105.478665
1105.478665
1105.478665
1105.478665
1105.478665
1105.478665
1105.478665
1105.478665
1105.478665
1105.478665
1105.478665
1105.478665
1105.478665
1105.478665
1105.478665
1105.478665
1105.478665
1105.478665
1105.478665
1105.478665
1105.478665
1105.478665
1105.478665
1105.478665
1105.478665
1105.478665
1105.478665
1105.478665
1105.478665
1105.478665
1105.478665
1105.478665
1105.478665
1105.478665
1105.478665
1105.478665
1105.478665
1105.478665
1105.478665
1105.478665
1105.478665
1105.478665
1105.478665
1105.478665
1105.478665
1105.430111
1105.430111
1105.430111
1105.430111
1105.430111
1105.430111
1105.430111
1105.430111
1105.430111
1105.430111
1105.430111
1105.430111
1105.430111
1105.430111
1105.430111
1105.430111
1105.430111
1105.430111
1105.430111
1105.430111
1105.430111
1105.430111
1105.394917
1105.394917
1105.394917
1105.394917
1105.394917
1105.394917
1105.394917
1105.394917
1105.394917
1105.394917
1105.394917
1105.394917
1105.394917
1105.394917
1105.394917
1105.394917
1105.394917
1105.394917
1105.394917
1105.394917
1105.394917
1105.394917
1105.394917
1105.394917
1105.394917
1105.394917
1105.394917
1105.394917
1105.394917
1105.394917
1105.394917
1105.394917
1105.394917
1105.394917
1105.394917
1105.394917
1105.394917
1105.394917
1105.394917
1105.394917
1105.394917
1105.394917
1105.394917
1105.394917
1105.394917
1105.394917
1105.394917
1105.394917
1105.287236
1105.287236
1105.287236
1105.287236
1105.287236
1105.287236
1105.287236
1105.287236
1105.287236
1105.287236
1105.287236
1105.287236
1105.287236
1105.287236
1105.287236
1105.287236
1105.263626
1105.263626
1105.263626
1105.263626
1105.263626
1105.263626
1105.263626
1105.263626
1105.263626
1105.263626
1105.263626
1105.263626
1105.263626
1105.263626
1105.263626
1105.263626
1105.263626
1105.263626
1105.263626
1105.263626
1105.263626
1105.263626
1105.263626
1105.211240
1104.959629
1104.959629
1104.959629
1104.959629
1104.959629
1104.959629
1104.959629
1104.959629
1104.959629
1104.959629
1104.959629
1104.959629
1104.959629
1104.959629
1104.959629
1104.959629
1104.959629
1104.959629
1104.959629
1104.959629
1104.959629
1104.959629
1104.959629
1104.959629
1104.959629
1104.959629
1104.959629
1104.959629
1104.959629
1104.959629
1104.959629
1104.959629
1104.959629
1104.959629
1104.959629
1104.959629
1104.959629
1104.959629
1104.959629
1104.959629
1104.959629
1104.959629
1104.959629
1104.959629
1104.959629
1104.959629
1104.959629
1104.959629
1104.959629
1104.959629
1104.959629
1104.959629
1104.590495
1104.590495
1104.590495
1104.590495
1104.590495
1104.590495
1104.590495
1104.590495
1104.590495
1104.590495
1104.590495
1104.590495
1104.590495
1104.590495
1104.590495
1104.590495
1104.590495
1104.590495
1104.590495
1104.590495
1104.590495
1104.590495
1104.590495
1104.590495
1104.590495
1104.590495
1104.590495
1104.590495
1104.590495
1104.590495
1104.590495
1104.590495
1104.590495
1104.590495
1104.590495
1104.590495
1104.590495
1104.590495
1104.590495
1104.590495
1104.590495
1104.590495
1104.590495
1104.590495
1104.590495
1104.590495
1104.590495
1104.590495
1104.590495
1104.590495
1104.590495
1104.590495
1104.590495
1104.590495
1104.590495
1104.590495
1104.590495
1104.590495
1104.590495
1104.590495
1104.590495
1104.590495
1104.590495
1104.590495
1104.590495
1104.590495
1104.590495
1104.590495
1104.590495
1104.590495
1104.590495
1104.590495
1104.590495
1104.590495
1104.590495
1104.590495
1104.590495
1104.590495
1104.590495
1104.590495
1104.590495
1104.590495
1104.590495
1104.590495
1104.590495
1104.590495
1104.590495
1104.590495
1104.590495
1104.590495
1104.590495
1104.590495
1104.590495
1104.590495
1104.590495
1104.590495
1104.590495
1104.590495
1104.590495
1104.590495
1104.590495
1104.590495
1104.590495
1104.590495
1104.580534
1104.580534
1104.580534
1104.580534
1104.580534
1104.580534
1104.580534
1104.580534
1104.580534
1104.580534
1104.580534
1104.580534
1104.580534
1104.580534
1104.580534
1104.580534
1104.580534
1104.580534
1104.580534
1104.580534
1104.580534
1104.580534
1104.580534
1104.580534
1104.580534
1104.580534
1104.580534
1104.580534
1104.580534
1104.580534
1104.580534
1104.580534
1104.580534
1104.580534
1104.580534
1104.580534
1104.580534
1104.580534
1104.410229
1104.410229
1104.410229
1104.410229
1104.410229
1104.410229
1104.410229
1104.410229
1104.410229
1104.410229
1104.410229
1104.410229
1104.410229
1104.410229
1104.410229
1104.410229
1104.410229
1104.410229
1104.410229
1104.410229
1104.410229
1104.410229
1104.410229
1104.410229
1104.410229
1104.410229
1104.410229
1104.187069
1104.187069
1104.187069
1104.187069
1103.985230
1103.985230
1103.985230
1103.985230
1103.985230
1103.985230
1103.985230
1103.985230
1103.985230
1103.985230
1103.985230
1103.985230
1103.985230
1103.985230
1103.985230
1103.985230
1103.985230
1103.985230
1103.985230
1103.985230
1103.985230
1103.985230
1103.985230
1103.985230
1103.985230
1103.985230
1103.985230
1103.985230
1103.985230
1103.985230
1103.985230
1103.985230
1103.985230
1103.985230
1103.985230
1103.985230
1103.985230
1103.985230
1103.985230
1103.985230
1103.985230
1103.947748
1103.947748
1103.947748
1103.947748
1103.947748
1103.947748
1103.947748
1103.947748
1103.947748
1103.947748
1103.947748
1103.947748
1103.947748
1103.947748
1103.947748
1103.947748
1103.947748
1103.947748
1103.947748
1103.947748
1103.947748
1103.947748
1103.947748
1103.947748
1103.718642
1103.718642
1103.718642
1103.718642
1103.718642
1103.718642
1103.718642
1103.718642
1103.718642
1103.718642
1103.718642
1103.718642
1103.718642
1103.718642
1103.718642
1103.718642
1103.718642
1103.718642
1103.718642
1103.718642
1103.718642
1103.718642
1103.718642
1103.718642
1103.718642
1103.718642
1103.718642
1103.718642
1103.718642
1103.718642
1103.718642
1103.718642
1103.718642
1103.718642
1103.718642
1103.718642
1103.718642
1103.718642
1103.718642
1103.718642
1103.718642
1103.718642
1103.718642
1103.718642
1103.718642
1103.718642
1103.718642
1103.718642
1103.718642
1103.718642
1103.718642
1103.718642
1103.718642
1103.718642
1103.718642
1103.718642
1103.718642
1103.718642
1103.718642
1103.718642
1103.718642
1103.718642
1103.718642
1103.718642
1103.718642
1103.718642
1103.718642
1103.718642
1103.718642
1103.718642
1103.718642
1103.718642
1103.718642
1103.718642
1103.718642
1103.718642
1103.718642
1103.718642
1103.718642
1103.718642
1103.718642
1103.718642
1103.718642
1103.718642
1103.718642
1103.718642
1103.718642
1103.718642
1103.718642
1103.718642
1103.718642
1103.718642
1103.718642
1103.718642
1103.718642
1103.718642
1103.718642
1103.718642
1103.718642
1103.718642
1103.718642
1103.718642
1103.718642
1103.718642
1103.718642
1103.718642
1103.718642
1103.718642
1103.718642
1103.718642
1103.718642
1103.718642
1103.718642
1103.718642
1103.718642
1103.718642
1103.718642
1103.718642
1103.718642
1103.718642
1103.718642
1103.718642
1103.495796
1103.495796
1103.495796
1103.495796
1103.495796
1103.495796
1103.495796
1103.495796
1103.495796
1103.495796
1103.495796
1103.495796
1103.495796
1103.495796
1103.495796
1103.495796
1103.495796
1103.495796
1103.495796
1103.495796
1103.495796
1103.495796
1103.495796
1103.495796
1103.495796
1103.144593
1103.144593
1103.144593
1103.144593
1103.144593
1103.144593
1103.144593
1103.144593
1103.144593
1103.144593
1103.144593
1103.144593
1103.144593
1103.144593
1103.144593
1103.144593
1103.144593
1103.144593
1103.144593
1103.144593
1103.144593
1103.144593
1103.144593
1103.144593
1103.144593
1103.144593
1103.144593
1103.144593
1103.144593
1103.144593
1103.144593
1103.144593
1103.144593
1103.144593
1103.144593
1103.144593
1103.144593
1103.144593
1103.144593
1103.144593
1103.144593
1103.144593
1103.144593
1103.144593
1103.103983
1103.103983
1103.103983
1103.103983
1103.103983
1103.103983
1103.103983
1103.103983
1103.103983
1103.103983
1103.103983
1103.103983
1103.103983
1103.103983
1103.103983
1103.103983
1103.103983
1103.103983
1103.103983
1103.103983
1103.103983
1103.103983
1103.103983
1103.103983
1103.103983
1103.103983
1103.103983
1103.103983
1103.103983
1103.103983
1103.103983
1103.103983
1103.103983
1103.103983
1103.103983
1103.103983
1103.103983
1103.103983
1103.103983
1103.103983
1103.103983
1103.103983
1103.103983
1103.103983
1103.103983
1103.103983
1103.103983
1103.103983
1103.103983
1103.103983
1103.103983
1103.103983
1103.103983
1103.103983
1103.103983
1103.103983
1103.103983
1103.103983
1103.103983
1103.103983
1103.103983
1103.103983
1103.103983
1103.103983
1103.103983
1103.103983
1103.103983
1103.103983
1103.103983
1103.103983
1103.103983
1103.103983
1103.103983
1103.103983
1103.103983
1103.103983
1103.103983
1103.103983
1103.103983
1103.103983
1103.103983
1103.103983
1103.103983
1103.103983
1103.103983
1102.661355
1102.661355
1102.661355
1102.661355
1102.661355
1102.661355
1102.661355
1102.661355
1102.661355
1102.661355
1102.661355
1102.661355
1102.661355
1102.661355
1102.661355
1102.661355
1102.661355
1102.661355
1102.661355
1102.661355
1102.661355
1102.661355
1102.661355
1102.661355
1102.661355
1102.661355
1102.661355
1102.661355
1102.661355
1102.661355
1102.661355
1102.661355
1102.661355
1102.661355
1102.661355
1102.661355
1102.661355
1102.661355
1102.661355
1102.661355
1102.661355
1102.661355
1102.661355
1102.661355
1102.661355
1102.661355
1102.661355
1102.661355
1102.661355
1102.661355
1102.661355
1102.661355
1102.661355
1102.661355
1102.661355
1102.661355
1102.661355
1102.661355
1102.661355
1102.661355
1102.661355
1102.661355
1102.661355
1102.661355
1102.661355
1102.661355
1102.661355
1102.647611
1102.647611
1102.647611
1102.647611
1102.647611
1102.647611
1102.647611
1102.647611
1102.647611
1102.647611
1102.647611
1102.647611
1102.647611
1102.647611
1102.647611
1102.647611
1102.647611
1102.647611
1102.647611
1102.647611
1102.647611
1102.647611
1102.647611
1102.410683
1102.410683
1102.410683
1102.410683
1102.410683
1102.410683
1102.410683
1102.410683
1102.410683
1102.410683
1102.410683
1102.410683
1102.410683
1102.410683
1102.410683
1102.410683
1102.410683
1102.410683
1102.410683
1102.410683
1102.410683
1102.410683
1102.410683
1102.410683
1102.410683
1102.410683
1102.410683
1102.410683
1102.410683
1102.410683
1102.410683
1102.410683
1102.410683
1102.410683
1102.410683
1102.410683
1102.410683
1102.410683
1102.410683
1102.410683
1102.410683
1102.410683
1102.410683
1102.410683
1102.410683
1102.410683
1102.410683
1102.410683
1102.410683
1102.410683
1102.410683
1102.410683
1102.410683
1102.410683
1102.410683
1102.410683
1102.410683
1102.410683
1102.410683
1102.410683
1102.410683
1102.410683
1102.410683
1102.410683
1102.410683
1102.410683
1102.410683
1102.410683
1102.410683
1102.410683
1102.410683
1102.410683
1102.410683
1102.410683
1102.410683
1102.410683
1102.410683
1102.410683
1102.410683
1102.410683
1102.410683
1102.410683
1102.410683
1102.410683
1102.410683
1102.410683
1102.410683
1102.410683
1102.410683
1102.410683
1102.410683
1102.410683
1102.410683
1102.410683
1102.410683
1102.410683
1102.410683
1102.410683
1102.410683
1102.410683
1102.410683
1102.410683
1102.410683
1102.410683
1102.410683
1102.410683
1102.410683
1102.410683
1102.410683
1102.410683
1102.410683
1102.410683
1102.410683
1102.410683
1102.410683
1102.410683
1102.410683
1102.192456
1102.192456
1102.192456
1102.192456
1102.192456
1102.192456
1102.192456
1102.192456
1102.192456
1102.192456
1102.140316
1102.140316
1102.140316
1102.140316
1102.140316
1102.140316
1102.140316
1102.140316
1102.140316
1102.140316
1102.140316
1102.140316
1102.140316
1102.140316
1102.140316
1102.140316
1102.140316
1102.140316
1102.140316
1102.140316
1102.140316
1102.140316
1102.140316
1102.140316
1102.140316
1102.140316
1102.140316
1102.140316
1102.140316
1102.140316
1102.140316
1102.140316
1102.140316
1102.140316
1102.140316
1102.140316
1102.140316
1102.140316
1102.140316
1102.140316
1102.140316
1102.140316
1102.140316
1102.140316
1102.140316
1102.140316
1102.140316
1102.140316
1102.140316
1102.140316
1102.140316
1102.140316
1102.140316
1102.140316
1102.140316
1102.140316
1102.140316
1102.140316
1102.140316
1102.140316
1102.140316
1102.140316
1102.019264
1102.019264
1102.019264
1102.019264
1102.019264
1102.019264
1101.989854
1101.989854
1101.989854
1101.989854
1101.989854
1101.989854
1101.989854
1101.989854
1101.989854
1101.989854
1101.989854
1101.989854
1101.989854
1101.989854
1101.989854
1101.989854
1101.989854
1101.989854
1101.989854
1101.989854
1101.989854
1101.989854
1101.989854
1101.989854
1101.989854
1101.989854
1101.989854
1101.989854
1101.989854
1101.989854
1101.989854
1101.989854
1101.989854
1101.989854
1101.989854
1101.989854
1101.989854
1101.989854
1101.989854
1101.989854
1101.989854
1101.989854
1101.989854
1101.989854
1101.989854
1101.989854
1101.989854
1101.989854
1101.989854
1101.989854
1101.989854
1101.989854
1101.989854
1101.989854
1101.989854
1101.989854
1101.989854
1101.989854
1101.989854
1101.989854
1101.989854
1101.989854
1101.989854
1101.989854
1101.989854
1101.989854
1101.989854
1101.989854
1101.989854
1101.989854
1101.989854
1101.989854
1101.989854
1101.989854
1101.989854
1101.989854
1101.989854
1101.989854
1101.989854
1101.989854
1101.989854
1101.989854
1101.989854
1101.989854
1101.989854
1101.989854
1101.989854
1101.989854
1101.989854
1101.989854
1101.989854
1101.989854
1101.989854
1101.989854
1101.989854
1101.989854
1101.989854
1101.989854
1101.989854
1101.869222
1101.869222
1101.869222
1101.869222
1101.869222
1101.827986
1101.827986
1101.827986
1101.827986
1101.827986
1101.827986
1101.827986
1101.827986
1101.827986
1101.827986
1101.827986
1101.827986
1101.827986
1101.827986
1101.827986
1101.827986
1101.827986
1101.827986
1101.827986
1101.827986
1101.827986
1101.827986
1101.827986
1101.827986
1101.827986
1101.827986
1101.827986
1101.827986
1101.771527
1101.771527
1101.771527
1101.771527
1101.771527
1101.771527
1101.771527
1101.771527
1101.771527
1101.480566
1101.480566
1101.480566
1101.480566
1101.480566
1101.480566
1101.480566
1101.480566
1101.480566
1101.480566
1101.480566
1101.480566
1101.480566
1101.480566
1101.480566
1101.480566
1101.480566
1101.480566
1101.480566
1101.480566
1101.480566
1101.480566
1101.480566
1101.480566
1101.480566
1101.480566
1101.480566
1101.480566
1101.480566
1101.480566
1101.480566
1101.480566
1101.480566
1101.480566
1101.480566
1101.480566
1101.480566
1101.480566
1101.480566
1101.480566
1101.480566
1101.480566
1101.480566
1101.480566
1101.480566
1101.480566
1101.480566
1101.480566
1101.480566
1101.480566
1101.480566
1101.480566
1101.480566
1101.480566
1101.480566
1101.480566
1101.480566
1101.480566
1101.480566
1101.480566
1101.480566
1101.480566
1101.480566
1101.480566
1101.480566
1101.480566
1101.480566
1101.480566
1101.480566
1101.480566
1101.480566
1101.480566
1101.480566
1101.480566
1101.480566
1101.480566
1101.480566
1101.480566
1101.480566
1101.480566
1101.480566
1101.480566
1101.480566
1101.480566
1101.480566
1101.480566
1101.480566
1101.480566
1101.480566
1101.480566
1101.480566
1101.400650
1101.400650
1101.400650
1101.400650
1101.400650
1101.400650
1101.400650
1101.400650
1101.400650
1101.400650
1101.400650
1101.400650
1101.400650
1101.400650
1101.400650
1101.400650
1101.400650
1101.400650
1101.400650
1101.400650
1101.400650
1101.400650
1101.400650
1101.400650
1101.400650
1101.400650
1101.400650
1101.400650
1101.400650
1101.400650
1101.400650
1101.400650
1101.400650
1101.400650
1101.400650
1101.400650
1101.400650
1101.400650
1101.400650
1101.400650
1101.400650
1101.400650
1101.400650
1101.400650
1101.400650
1101.218807
1101.218807
1101.218807
1101.218807
1101.218807
1101.218807
1101.218807
1101.218807
1101.218807
1101.218807
1101.218807
1101.218807
1101.218807
1101.218807
1101.218807
1101.218807
1101.218807
1101.218807
1101.218807
1101.218807
1101.218807
1101.218807
1101.218807
1101.218807
1100.765496
1100.765496
1100.765496
1100.765496
1100.765496
1100.765496
1100.765496
1100.765496
1100.765496
1100.765496
1100.765496
1100.765496
1100.765496
1100.765496
1100.765496
1100.765496
1100.765496
1100.765496
1100.765496
1100.765496
1100.765496
1100.765496
1100.765496
1100.765496
1100.765496
1100.765496
1100.765496
1100.765496
1100.765496
1100.765496
1100.765496
1100.765496
1100.765496
1100.765496
1100.765496
1100.765496
1100.765496
1100.765496
1100.765496
1100.765496
1100.765496
1100.765496
1100.765496
1100.765496
1100.765496
1100.765496
1100.765496
1100.765496
1100.765496
1100.765496
1100.765496
1100.765496
1100.765496
1100.765496
1100.765496
1100.765496
1100.765496
1100.765496
1100.765496
1100.765496
1100.765496
1100.765496
1100.765496
1100.765496
1100.765496
1100.765496
1100.765496
1100.765496
1100.765496
1100.765496
1100.765496
1100.765496
1100.765496
1100.765496
1100.765496
1100.765496
1100.765496
1100.765496
1100.765496
1100.765496
1100.765496
1100.765496
1100.765496
1100.765496
1100.765496
1100.603544
1100.603544
1100.603544
1100.603544
1100.603544
1100.603544
1100.603544
1100.603544
1100.603544
1100.603544
1100.603544
1100.603544
1100.603544
1100.603544
1100.603544
1100.603544
1100.603544
1100.603544
1100.603544
1100.603544
1100.603544
1100.603544
1100.603544
1100.603544
1100.603544
1100.603544
1100.603544
1100.603544
1100.603544
1100.603544
1100.603544
1100.603544
1100.603544
1100.603544
1100.603544
1100.603544
1100.603544
1100.603544
1100.603544
1100.603544
1100.603544
1100.603544
1100.603544
1100.603544
1100.603544
1100.603544
1100.603544
1100.603544
1100.603544
1100.603544
1100.603544
1100.469414
1100.469414
1100.469414
1100.469414
1100.469414
1100.469414
1100.469414
1100.469414
1100.469414
1100.469414
1100.469414
1100.469414
1100.469414
1100.469414
1100.469414
1100.469414
1100.469414
1100.469414
1100.469414
1100.469414
1100.469414
1100.469414
1100.469414
1100.469414
1100.469414
1100.469414
1100.469414
1100.469414
1100.469414
1100.469414
1100.469414
1100.469414
1100.469414
1100.469414
1100.469414
1100.469414
1100.469414
1100.469414
1100.469414
1100.469414
1100.469414
1100.469414
1100.469414
1100.469414
1100.469414
1100.469414
1100.469414
1100.469414
1100.469414
1100.469414
1100.469414
1100.469414
1100.469414
1100.469414
1100.469414
1100.469414
1100.469414
1100.469414
1100.469414
1100.469414
1100.469414
1100.469414
1100.469414
1100.469414
1100.469414
1100.469414
1100.469414
1100.469414
1100.469414
1100.469414
1100.469414
1100.469414
1100.469414
1100.469414
1100.469414
1100.469414
1100.469414
1100.469414
1100.469414
1100.469414
1100.469414
1100.469414
1100.469414
1100.469414
1100.469414
1100.469414
1100.469414
1100.469414
1100.469414
1100.469414
1100.469414
1100.469414
1100.259660
1100.259660
1100.259660
1100.259660
1100.259660
1100.259660
1100.259660
1100.259660
1100.259660
1100.259660
1100.259660
1100.259660
1100.259660
1100.259660
1100.259660
1100.259660
1100.259660
1100.259660
1100.259660
1100.259660
1100.259660
1100.259660
1100.259660
1100.259660
1100.259660
1100.259660
1100.259660
1100.259660
1100.259660
1100.259660
1100.259660
1100.259660
1100.259660
1100.259660
1100.259660
1100.259660
1100.259660
1100.259660
1100.259660
1100.259660
1100.259660
1100.259660
1100.259660
1100.259660
1100.259660
1100.259660
1100.259660
1100.259660
1100.259660
1100.259660
1100.259660
1100.259660
1100.259660
1100.259660
1100.259660
1100.259660
1100.259660
1100.259660
1100.259660
1100.259660
1100.259660
1100.259660
1100.259660
1100.259660
1100.259660
1100.259660
1100.259660
1100.259660
1100.259660
1100.259660
1100.259660
1100.259660
1100.259660
1100.259660
1100.259660
1100.259660
1100.259660
1100.259660
1100.259660
1100.259660
1100.259660
1100.259660
1100.259660
1100.259660
1100.259660
1100.259660
1100.259660
1100.259660
1100.259660
1100.259660
1100.259660
1100.259660
1100.259660
1100.259660
1100.259660
1100.259660
1100.259660
1100.259660
1100.259660
1100.259660
1100.259660
1100.259660
1100.259660
1100.259660
1100.259660
1100.259660
1100.259660
1100.259660
1100.259660
1100.259660
1100.259660
1100.259660
1100.259660
1100.259660
1100.259660
1100.259660
1100.259660
1100.259660
1100.259660
1100.259660
1100.259660
1100.259660
1100.259660
1100.259660
1100.259660
1100.259660
1100.259660
1100.259660
1100.259660
1100.238827
1100.238827
1100.238827
1100.238827
1100.238827
1100.238827
1100.222399
1100.222399
1100.222399
1100.222399
1099.993143
1099.993143
1099.993143
1099.993143
1099.993143
1099.993143
1099.993143
1099.993143
1099.993143
1099.993143
1099.993143
1099.993143
1099.993143
1099.993143
1099.993143
1099.993143
1099.993143
1099.993143
1099.993143
1099.993143
1099.993143
1099.993143
1099.993143
1099.993143
1099.993143
1099.993143
1099.993143
1099.993143
1099.993143
1099.993143
1099.993143
1099.993143
1099.993143
1099.993143
1099.993143
1099.993143
1099.993143
1099.993143
1099.993143
1099.993143
1099.993143
1099.993143
1099.993143
1099.993143
1099.993143
1099.993143
1099.993143
1099.993143
1099.993143
1099.993143
1099.993143
1099.993143
1099.993143
1099.993143
1099.993143
1099.993143
1099.993143
1099.993143
1099.993143
1099.993143
1099.993143
1099.993143
1099.993143
1099.993143
1099.993143
1099.993143
1099.993143
1099.867950
1099.867950
1099.867950
1099.867950
1099.867950
1099.867950
1099.867950
1099.867950
1099.867950
1099.867950
1099.867950
1099.867950
1099.867950
1099.867950
1099.867950
1099.867950
1099.867950
1099.867950
1099.867950
1099.867950
1099.867950
1099.867950
1099.867950
1099.867950
1099.867950
1099.867950
1099.867950
1099.867950
1099.867950
1099.867950
1099.867950
1099.867950
1099.867950
1099.867950
1099.867950
1099.867950
1099.817538
1099.817538
1099.817538
1099.817538
1099.817538
1099.817538
1099.817538
1099.817538
1099.817538
1099.817538
1099.817538
1099.817538
1099.817538
1099.817538
1099.817538
1099.817538
1099.817538
1099.817538
1099.817538
1099.817538
1099.817538
1099.817538
1099.817538
1099.817538
1099.817538
1099.817538
1099.817538
1099.817538
1099.817538
1099.817538
1099.817538
1099.817538
1099.817538
1099.817538
1099.817538
1099.817538
1099.817538
1099.817538
1099.817538
1099.817538
1099.817538
1099.817538
1099.817538
1099.817538
1099.817538
1099.817538
1099.817538
1099.817538
1099.817538
1099.817538
1099.817538
1099.817538
1099.817538
1099.817538
1099.817538
1099.817538
1099.817538
1099.817538
1099.817538
1099.817538
1099.817538
1099.817538
1099.817538
1099.817538
1099.817538
1099.817538
1099.817538
1099.817538
1099.817538
1099.817538
1099.817538
1099.817538
1099.817538
1099.817538
1099.720838
1099.720838
1099.720838
1099.720838
1099.720838
1099.720838
1099.720838
1099.720838
1099.720838
1099.720838
1099.720838
1099.720838
1099.720838
1099.720838
1099.720838
1099.720838
1099.720838
1099.720838
1099.720838
1099.720838
1099.720838
1099.720838
1099.720838
1099.720838
1099.720838
1099.720838
1099.720838
1099.720838
1099.720838
1099.720838
1099.720838
1099.720838
1099.720838
1099.720838
1099.720838
1099.720838
1099.720838
1099.720838
1099.720838
1099.720838
1099.720838
1099.720838
1099.720838
1099.720838
1099.720838
1099.720838
1099.720838
1099.720838
1099.720838
1099.720838
1099.720838
1099.720838
1099.720838
1099.720838
1099.720838
1099.720838
1099.720838
1099.720838
1099.720838
1099.720838
1099.720838
1099.720838
1099.720838
1099.720838
1099.720838
1099.720838
1099.720838
1099.720838
1099.720838
1099.720838
1099.720838
1099.720838
1099.720838
1099.720838
1099.720838
1099.720838
1099.720838
1099.720838
1099.720838
1099.720838
1099.720838
1099.720838
1099.576143
1099.576143
1099.576143
1099.576143
1099.570334
1099.570334
1099.570334
1099.570334
1099.570334
1099.557148
1099.557148
1099.557148
1099.557148
1099.557148
1099.557148
1099.557148
1099.557148
1099.557148
1099.557148
1099.557148
1099.557148
1099.557148
1099.557148
1099.557148
1099.557148
1099.557148
1099.557148
1099.557148
1099.557148
1099.557148
1099.557148
1099.557148
1099.541501
1099.541501
1099.541501
1099.541501
1099.541501
1099.541501
1099.541501
1099.541501
1099.541501
1099.541501
1099.541501
1099.541501
1099.541501
1099.541501
1099.541501
1099.541501
1099.541501
1099.541501
1099.541501
1099.541501
1099.541501
1099.541501
1099.541501
1099.541501
1099.541501
1099.541501
1099.541501
1099.541501
1099.541501
1099.541501
1099.541501
1099.541501
1099.541501
1099.541501
1099.541501
1099.541501
1099.541501
1099.541501
1099.541501
1099.541501
1099.541501
1099.541501
1099.541501
1099.541501
1099.538322
1099.538322
1099.538322
1099.538322
1099.538322
1099.538322
1099.538322
1099.538322
1099.538322
1099.538322
1099.538322
1099.538322
1099.538322
1099.538322
1099.538322
1099.538322
1099.538322
1099.538322
1099.538322
1099.538322
1099.538322
1099.538322
1099.538322
1099.538322
1099.538322
1099.538322
1099.538322
1099.538322
1099.538322
1099.538322
1099.538322
1099.538322
1099.538322
1099.538322
1099.538322
1099.538322
1099.538322
1099.538322
1099.538322
1099.538322
1099.538322
1099.538322
1099.538322
1099.538322
1099.538322
1099.538322
1099.538322
1099.538322
1099.538322
1099.538322
1099.538322
1099.538322
1099.538322
1099.538322
1099.538322
1099.538322
1099.538322
1099.478315
1099.478315
1099.351433
1099.351433
1099.351433
1099.351433
1099.351433
1099.351433
1099.351433
1099.351433
1099.351433
1099.351433
1099.351433
1099.351433
1099.351433
1099.351433
1099.351433
1099.351433
1099.351433
1099.351433
1099.351433
1099.351433
1099.351433
1099.351433
1099.351433
1099.351433
1099.351433
1099.351433
1099.351433
1099.351433
1099.351433
1099.351433
1099.351433
1099.351433
1099.351433
1099.351433
1099.351433
1099.351433
1099.307544
1099.307544
1099.307544
1099.307544
1099.307544
1099.307544
1099.307544
1099.307544
1099.307544
1099.307544
1099.307544
1099.307544
1099.307544
1099.307544
1099.307544
1099.307544
1099.307544
1099.307544
1099.307544
1099.307544
1099.307544
1099.307544
1099.307544
1099.307544
1099.222087
1099.222087
1099.222087
1099.222087
1099.222087
1099.222087
1099.222087
1099.222087
1099.222087
1099.222087
1099.222087
1099.222087
1099.222087
1099.222087
1099.114875
1099.114875
1099.114875
1099.114875
1099.114875
1099.114875
1099.114875
1099.114875
1099.114875
1099.114875
1099.114875
1099.114875
1099.114875
1099.114875
1099.114875
1099.114875
1099.114875
1099.114875
1099.114875
1099.114875
1099.114875
1099.114875
1099.114875
1099.114875
1099.114875
1099.114875
1099.114875
1099.114875
1099.114875
1099.114875
1098.862975
1098.862975
1098.862975
1098.862975
1098.862975
1098.862975
1098.862975
1098.862975
1098.862975
1098.862975
1098.862975
1098.862975
1098.862975
1098.862975
1098.862975
1098.862975
1098.862975
1098.862975
1098.862975
1098.862975
1098.862975
1098.862975
1098.862975
1098.862975
1098.862975
1098.862975
1098.862975
1098.862975
1098.862975
1098.862975
1098.862975
1098.862975
1098.862975
1098.862975
1098.862975
1098.862975
1098.862975
1098.862975
1098.862975
1098.862975
1098.862975
1098.862975
1098.862975
1098.862975
1098.862975
1098.862975
1098.862975
1098.862975
1098.862975
1098.862975
1098.862975
1098.862975
1098.862975
1098.862975
1098.862975
1098.862975
1098.862975
1098.862975
1098.862975
1098.862975
1098.862975
1098.862975
1098.862975
1098.862975
1098.862975
1098.862975
1098.862975
1098.862975
1098.862975
1098.862975
1098.862975
1098.862975
1098.862975
1098.862975
1098.862975
1098.862975
1098.862975
1098.862975
1098.862975
1098.862975
1098.862975
1098.862975
1098.862975
1098.862975
1098.862975
1098.862975
1098.862975
1098.862975
1098.862975
1098.862975
1098.862975
1098.862975
1098.862975
1098.862975
1098.862975
1098.862975
1098.862975
1098.862975
1098.862975
1098.862975
1098.862975
1098.862975
1098.862975
1098.862975
1098.862975
1098.862975
1098.862975
1098.862975
1098.862975
1098.862975
1098.862975
1098.862975
1098.862975
1098.862975
1098.862975
1098.862975
1098.862975
1098.862975
1098.862975
1098.862975
1098.862975
1098.862975
1098.862975
1098.862975
1098.862975
1098.862975
1098.862975
1098.862975
1098.862975
1098.862975
1098.862975
1098.862975
1098.862975
1098.862975
1098.862975
1098.862975
1098.862975
1098.862975
1098.862975
1098.862975
1098.862975
1098.862975
1098.862975
1098.862975
1098.862975
1098.862975
1098.862975
1098.862975
1098.862975
1098.862975
1098.862975
1098.862975
1098.862975
1098.862975
1098.862975
1098.862975
1098.862975
1098.862975
1098.862975
1098.862975
1098.862975
1098.862975
1098.862975
1098.862975
1098.862975
1098.862975
1098.862975
1098.862975
1098.862975
1098.862975
1098.693593
1098.693593
1098.693593
1098.693593
1098.693593
1098.693593
1098.693593
1098.693593
1098.693593
1098.693593
1098.693593
1098.693593
1098.693593
1098.693593
1098.693593
1098.693593
1098.693593
1098.693593
1098.693593
1098.693593
1098.693593
1098.693593
1098.693593
1098.693593
1098.693593
1098.693593
1098.693593
1098.693593
1098.693593
1098.693593
1098.693593
1098.693593
1098.693593
1098.693593
1098.693593
1098.693593
1098.693593
1098.693593
1098.693593
1098.693593
1098.693593
1098.693593
1098.693593
1098.693593
1098.693593
1098.693593
1098.693593
1098.693593
1098.693593
1098.693593
1098.693593
1098.693593
1098.693593
1098.693593
1098.693593
1098.693593
1098.693593
1098.693593
1098.693593
1098.693593
1098.693593
1098.693593
1098.693593
1098.693593
1098.436849
1098.436849
1098.436849
1098.436849
1098.436849
1098.436849
1098.436849
1098.436849
1098.436849
1098.436849
1098.436849
1098.436849
1098.436849
1098.436849
1098.436849
1098.436849
1098.436849
1098.436849
1098.436849
1098.436849
1098.436849
1098.436849
1098.436849
1098.436849
1098.436849
1098.436849
1098.391902
1098.391902
1098.391902
1098.391902
1098.391902
1098.391902
1098.391902
1098.391902
1098.391902
1098.391902
1098.391902
1098.391902
1098.391902
1098.391902
1098.391902
1098.391902
1098.391902
1098.391902
1098.391902
1098.391902
1098.391902
1098.391902
1098.391902
1098.391902
1098.391902
1098.391902
1098.391902
1098.391902
1098.391902
1098.391902
1098.391902
1098.391902
1098.391902
1098.391902
1098.391902
1098.391902
1098.391902
1098.391902
1098.391902
1098.391902
1098.391902
1098.391902
1098.391902
1098.391902
1098.391902
1098.391902
1098.391902
1098.391902
1098.391902
1098.391902
1098.391902
1098.391902
1098.391902
1098.391902
1098.391902
1098.391902
1098.391902
1098.391902
1098.391902
1098.391902
1098.161047
1098.161047
1098.161047
1098.161047
1098.161047
1098.161047
1098.161047
1098.161047
1098.161047
1098.161047
1098.161047
1098.161047
1098.161047
1098.161047
1098.161047
1098.161047
1098.161047
1098.161047
1098.161047
1098.161047
1098.161047
1098.161047
1098.161047
1098.161047
1098.161047
1098.161047
1098.161047
1098.161047
1098.161047
1098.161047
1098.161047
1098.161047
1098.161047
1098.161047
1098.161047
1098.161047
1098.161047
1098.161047
1098.161047
1098.121091
1098.121091
1098.121091
1098.121091
1098.121091
1098.121091
1098.121091
1098.121091
1098.121091
1098.121091
1098.121091
1098.121091
1098.121091
1098.121091
1098.121091
1098.121091
1098.121091
1098.121091
1098.121091
1098.121091
1098.121091
1098.121091
1098.121091
1098.121091
1098.121091
1098.121091
1098.121091
1098.121091
1098.121091
1098.121091
1098.121091
1098.121091
1098.121091
1097.940810
1097.940810
1097.940810
1097.940810
1097.940810
1097.940810
1097.940810
1097.940810
1097.940810
1097.940810
1097.940810
1097.940810
1097.940810
1097.940810
1097.940810
1097.940810
1097.940810
1097.940810
1097.940810
1097.940810
1097.940810
1097.940810
1097.940810
1097.940810
1097.940810
1097.940810
1097.940810
1097.940810
1097.940810
1097.940810
1097.940810
1097.940810
1097.940810
1097.940810
1097.940810
1097.940810
1097.940810
1097.940810
1097.940810
1097.940810
1097.940810
1097.940810
1097.940810
1097.940810
1097.940810
1097.940810
1097.940810
1097.940810
1097.940810
1097.940810
1097.940810
1097.940810
1097.940810
1097.940810
1097.940810
1097.940810
1097.940810
1097.940810
1097.940810
1097.940810
1097.940810
1097.940810
1097.940810
1097.940810
1097.940810
1097.940810
1097.940810
1097.927672
1097.927672
1097.927672
1097.927672
1097.927672
1097.927672
1097.927672
1097.927672
1097.927672
1097.927672
1097.927672
1097.927672
1097.927672
1097.927672
1097.927672
1097.927672
1097.927672
1097.927672
1097.927672
1097.927672
1097.927672
1097.927672
1097.927672
1097.927672
1097.927672
1097.927672
1097.927672
1097.927672
1097.927672
1097.927672
1097.927672
1097.927672
1097.927672
1097.927672
1097.927672
1097.927672
1097.927672
1097.927672
1097.927672
1097.927672
1097.927672
1097.927672
1097.927672
1097.927672
1097.927672
1097.927672
1097.927672
1097.927672
1097.927672
1097.927672
1097.927672
1097.927672
1097.927672
1097.927672
1097.927672
1097.927672
1097.927672
1097.927672
1097.927672
1097.927672
1097.927672
1097.927672
1097.927672
1097.927672
1097.927672
1097.927672
1097.927672
1097.927672
1097.927672
1097.927672
1097.927672
1097.927672
1097.927672
1097.927672
1097.927672
1097.927672
1097.927672
1097.876260
1097.876260
1097.876260
1097.876260
1097.876260
1097.876260
1097.876260
1097.876260
1097.876260
1097.876260
1097.876260
1097.876260
1097.876260
1097.876260
1097.876260
1097.876260
1097.876260
1097.876260
1097.876260
1097.876260
1097.876260
1097.876260
1097.876260
1097.876260
1097.876260
1097.876260
1097.876260
1097.876260
1097.876260
1097.876260
1097.876260
1097.876260
1097.876260
1097.876260
1097.876260
1097.876260
1097.876260
1097.876260
1097.876260
1097.804090
1097.804090
1097.804090
1097.804090
1097.543003
1097.543003
1097.543003
1097.543003
1097.543003
1097.543003
1097.543003
1097.543003
1097.543003
1097.543003
1097.543003
1097.543003
1097.543003
1097.543003
1097.543003
1097.543003
1097.543003
1097.543003
1097.543003
1097.543003
1097.543003
1097.543003
1097.543003
1097.543003
1097.543003
1097.543003
1097.543003
1097.543003
1097.543003
1097.543003
1097.543003
1097.543003
1097.543003
1097.543003
1097.543003
1097.543003
1097.543003
1097.543003
1097.543003
1097.543003
1097.543003
1097.543003
1097.543003
1097.543003
1097.543003
1097.543003
1097.543003
1097.543003
1097.543003
1097.543003
1097.543003
1097.543003
1097.543003
1097.543003
1097.543003
1097.543003
1097.543003
1097.543003
1097.543003
1097.543003
1097.543003
1097.410879
1097.410879
1097.410879
1097.410879
1097.410879
1097.410879
1097.410879
1097.410879
1097.410879
1097.410879
1097.410879
1097.410879
1097.410879
1097.410879
1097.410879
1097.410879
1097.410879
1097.410879
1097.410879
1097.410879
1097.410879
1097.410879
1097.410879
1097.410879
1097.410879
1097.410879
1097.410879
1097.410879
1097.410879
1097.410879
1097.410879
1097.410879
1097.410879
1097.410879
1097.410879
1097.410879
1097.410879
1097.410879
1097.410879
1097.410879
1097.410879
1097.410879
1097.410879
1097.410879
1097.410879
1097.410879
1097.410879
1097.410879
1097.410879
1097.410879
1097.410879
1097.410879
1097.410879
1097.410879
1097.410879
1097.410879
1097.410879
1097.410879
1097.410879
1097.410879
1097.410879
1097.410879
1097.410879
1097.410879
1097.410879
1097.410879
1097.410879
1097.410879
1097.410879
1097.410879
1097.410879
1097.219861
1097.219861
1097.219861
1097.219861
1097.219861
1097.219861
1097.219861
1097.219861
1097.219861
1097.219861
1097.219861
1097.219861
1097.219861
1097.219861
1097.219861
1097.219861
1097.219861
1097.219861
1097.219861
1097.219861
1097.219861
1097.219861
1097.219861
1097.219861
1097.219861
1097.219861
1097.219861
1097.219861
1097.219861
1097.219861
1097.219861
1097.219861
1097.219861
1097.219861
1097.219861
1097.219861
1097.219861
1097.219861
1097.219861
1097.219861
1097.219861
1097.219861
1097.219861
1097.219861
1097.219861
1097.219861
1097.219861
1097.219861
1097.219861
1097.219861
1097.219861
1097.219861
1097.219861
1097.219861
1097.219861
1097.219861
1097.219861
1097.219861
1097.219861
1097.219861
1097.219861
1097.219861
1097.219861
1097.219861
1097.219861
1097.219861
1097.219861
1097.219861
1097.219861
1097.219861
1097.219861
1097.219861
1097.219861
1097.219861
1097.219861
1097.219861
1097.219861
1097.219861
1097.219861
1097.219861
1097.219861
1097.219861
1097.219861
1097.219861
1097.219861
1097.219861
1097.219861
1097.219861
1097.219861
1097.219861
1097.219861
1097.219861
1097.219861
1097.219861
1097.219861
1097.219861
1097.219861
1097.219861
1097.219861
1097.219861
1097.219861
1097.219861
1097.219861
1097.219861
1097.219861
1097.219861
1097.219861
1097.219861
1097.219861
1097.219861
1097.219861
1097.219861
1097.219861
1097.105070
1097.105070
1097.105070
1097.105070
1097.105070
1097.105070
1097.105070
1097.105070
1097.105070
1097.105070
1097.105070
1097.105070
1097.105070
1097.105070
1097.105070
1097.105070
1097.105070
1097.105070
1097.105070
1097.105070
1097.105070
1097.105070
1097.105070
1097.105070
1097.105070
1097.105070
1097.105070
1097.105070
1097.105070
1097.105070
1097.105070
1097.105070
1097.105070
1097.105070
1097.105070
1097.105070
1097.105070
1097.105070
1097.105070
1097.105070
1097.040809
1097.040809
1097.040809
1097.040809
1097.040809
1097.040809
1097.040809
1097.040809
1097.040809
1097.040809
1097.040809
1097.040809
1097.040809
1097.040809
1097.040809
1097.040809
1097.040809
1097.040809
1097.040809
1097.040809
1097.040809
1097.040809
1097.040809
1096.796708
1096.796708
1096.796708
1096.796708
1096.796708
1096.796708
1096.796708
1096.796708
1096.796708
1096.796708
1096.796708
1096.796708
1096.796708
1096.796708
1096.796708
1096.796708
1096.796708
1096.796708
1096.796708
1096.796708
1096.796708
1096.796708
1096.796708
1096.796708
1096.796708
1096.796708
1096.796708
1096.796708
1096.796708
1096.796708
1096.796708
1096.796708
1096.796708
1096.796708
1096.796708
1096.796708
1096.796708
1096.796708
1096.796708
1096.796708
1096.740473
1096.740473
1096.740473
1096.740473
1096.740473
1096.740473
1096.740473
1096.740473
1096.740473
1096.740473
1096.740473
1096.740473
1096.740473
1096.740473
1096.740473
1096.740473
1096.740473
1096.740473
1096.740473
1096.740473
1096.740473
1096.740473
1096.740473
1096.740473
1096.740473
1096.740473
1096.740473
1096.740473
1096.740473
1096.740473
1096.740473
1096.740473
1096.740473
1096.740473
1096.740473
1096.740473
1096.740473
1096.740473
1096.740473
1096.679875
1096.679875
1096.679875
1096.679875
1096.679875
1096.679875
1096.679875
1096.679875
1096.679875
1096.679875
1096.679875
1096.679875
1096.679875
1096.679875
1096.679875
1096.679875
1096.679875
1096.679875
1096.679875
1096.679875
1096.679875
1096.679875
1096.679875
1096.679875
1096.679875
1096.679875
1096.679875
1096.679875
1096.679875
1096.679875
1096.679875
1096.679875
1096.679875
1096.679875
1096.679875
1096.679875
1096.679875
1096.679875
1096.679875
1096.679875
1096.679875
1096.679875
1096.679875
1096.679875
1096.679875
1096.679875
1096.679875
1096.679875
1096.518996
1096.518996
1096.518996
1096.518996
1096.518996
1096.518996
1096.518996
1096.518996
1096.518996
1096.518996
1096.518996
1096.518996
1096.518996
1096.518996
1096.518996
1096.518996
1096.518996
1096.518996
1096.518996
1096.518996
1096.518996
1096.518996
1096.518996
1096.518996
1096.518996
1096.518996
1096.518996
1096.518996
1096.518996
1096.518996
1096.518996
1096.518996
1096.518996
1096.518996
1096.518996
1096.518996
1096.518996
1096.518996
1096.518996
1096.518996
1096.518996
1096.518996
1096.518996
1096.518996
1096.518996
1096.518996
1096.518996
1096.518996
1096.518996
1096.518996
1096.518996
1096.518996
1096.518996
1096.518996
1096.518996
1096.518996
1096.518996
1096.476049
1096.476049
1096.476049
1096.476049
1096.476049
1096.476049
1096.476049
1096.476049
1096.476049
1096.476049
1096.476049
1096.476049
1096.476049
1096.476049
1096.476049
1096.285972
1096.285972
1096.285972
1096.285972
1096.285972
1096.285972
1096.285972
1096.285972
1096.285972
1096.285972
1096.285972
1096.285972
1096.285972
1096.285972
1096.285972
1096.285972
1096.285972
1096.285972
1096.285972
1096.285972
1096.285972
1096.285972
1096.285972
1096.285972
1096.285972
1096.285972
1096.285972
1096.285972
1096.285972
1096.285972
1096.285972
1096.285972
1096.285972
1096.285972
1096.285972
1096.285972
1096.285972
1096.285972
1096.285972
1096.285972
1096.285972
1096.285972
1096.285972
1096.285972
1096.285972
1096.285972
1096.285972
1096.285972
1096.227987
1096.227987
1096.227987
1096.227987
1096.227987
1096.227987
1096.227987
1096.227987
1096.227987
1096.227987
1096.227987
1096.227987
1096.227987
1096.227987
1096.227987
1096.227987
1096.227987
1096.227987
1096.227987
1096.227987
1096.227987
1096.227987
1096.227987
1096.227987
1095.938761
1095.938761
1095.938761
1095.938761
1095.938761
1095.938761
1095.751361
1095.751361
1095.751361
1095.751361
1095.751361
1095.751361
1095.751361
1095.751361
1095.751361
1095.751361
1095.751361
1095.751361
1095.751361
1095.751361
1095.751361
1095.751361
1095.751361
1095.751361
1095.751361
1095.751361
1095.751361
1095.751361
1095.751361
1095.751361
1095.751361
1095.751361
1095.751361
1095.751361
1095.751361
1095.751361
1095.751361
1095.751361
1095.751361
1095.751361
1095.751361
1095.751361
1095.751361
1095.751361
1095.751361
1095.751361
1095.751361
1095.751361
1095.751361
1095.751361
1095.751361
1095.751361
1095.751361
1095.622988
1095.622988
1095.622988
1095.511984
1095.511984
1095.511984
1095.511984
1095.511984
1095.511984
1095.511984
1095.511984
1095.511984
1095.511984
1095.511984
1095.511984
1095.511984
1095.511984
1095.511984
1095.511984
1095.511984
1095.511984
1095.511984
1095.511984
1095.511984
1095.511984
1095.511984
1095.511984
1095.511984
1095.511984
1095.511984
1095.511984
1095.511984
1095.511984
1095.511984
1095.511984
1095.511984
1095.511984
1095.511984
1095.511984
1095.511984
1095.511984
1095.511984
1095.511984
1095.511984
1095.356602
1095.356602
1095.356602
1095.356602
1095.356602
1095.356602
1095.356602
1095.356602
1095.356602
1095.356602
1095.356602
1095.356602
1095.356602
1095.356602
1095.356602
1095.356602
1095.356602
1095.356602
1095.356602
1095.356602
1095.356602
1095.356602
1095.356602
1095.356602
1095.356602
1095.105845
1095.105845
1095.105845
1095.105845
1095.105845
1095.105845
1095.105845
1095.105845
1095.105845
1095.105845
1095.105845
1095.105845
1095.105845
1095.105845
1095.105845
1095.105845
1095.105845
1095.105845
1095.105845
1095.105845
1095.105845
1095.105845
1095.105845
1095.105845
1095.105845
1095.105845
1095.105845
1095.105845
1095.105845
1095.105845
1095.105845
1095.105845
1095.105845
1095.105845
1095.105845
1095.105845
1095.105845
1095.105845
1095.105845
1095.105845
1095.105845
1095.105845
1095.105845
1095.105845
1095.105845
1095.105845
1095.105845
1095.105845
1095.105845
1095.105845
1095.105845
1095.105845
1095.105845
1095.105845
1095.105845
1095.105845
1095.105845
1095.105845
1095.105845
1095.105845
1095.105845
1095.105845
1095.105845
1095.105845
1095.105845
1095.105845
1095.105845
1095.105845
1095.105845
1095.105845
1095.105845
1095.105845
1095.105845
1095.105845
1095.105845
1095.105845
1095.105845
1095.105845
1095.105845
1095.105845
1094.885904
1094.885904
1094.885904
1094.885904
1094.885904
1094.885904
1094.885904
1094.885904
1094.885904
1094.885904
1094.885904
1094.885904
1094.885904
1094.885904
1094.885904
1094.885904
1094.885904
1094.885904
1094.885904
1094.555796
1094.555796
1094.555796
1094.555796
1094.555796
1094.555796
1094.555796
1094.555796
1094.555796
1094.555796
1094.555796
1094.555796
1094.555796
1094.555796
1094.555796
1094.555796
1094.555796
1094.555796
1094.442365
1094.442365
1094.442365
1094.442365
1094.442365
1094.442365
1094.442365
1094.442365
1094.442365
1094.442365
1094.442365
1094.442365
1094.442365
1094.442365
1093.937625
1093.937625
1093.937625
1093.937625
1093.937625
1093.937625
1093.937625
1093.937625
1093.937625
1093.937625
1093.937625
1093.937625
1093.937625
1093.937625
1093.937625
1093.937625
1093.937625
1093.937625
1093.937625
1093.937625
1093.937625
1093.937625
1093.937625
1093.937625
1093.937625
1093.937625
1093.937625
1093.937625
1093.937625
1093.937625
1093.937625
1093.937625
1093.937625
1093.937625
1093.937625
1093.937625
1093.937625
1093.937625
1093.937625
1093.937625
1093.937625
1093.937625
1093.937625
1093.937625
1093.937625
1093.937625
1093.937625
1093.937625
1093.937625
1093.912222
1093.912222
1093.912222
1093.912222
1093.912222
1093.912222
1093.912222
1093.912222
1093.912222
1093.912222
1093.912222
1093.912222
1093.912222
1093.912222
1093.912222
1093.912222
1093.912222
1093.912222
1093.912222
1093.912222
1093.912222
1093.912222
1093.912222
1093.912222
1093.912222
1093.912222
1093.912222
1093.912222
1093.912222
1093.912222
1093.912222
1093.912222
1093.912222
1093.912222
1093.912222
1093.912222
1093.912222
1093.912222
1093.912222
1093.912222
1093.912222
1093.912222
1093.912222
1093.912222
1093.912222
1093.592772
1093.592772
1093.592772
1093.592772
1093.592772
1093.592772
1093.592772
1093.592772
1093.592772
1093.592772
1093.592772
1093.592772
1093.592772
1093.592772
1093.592772
1093.592772
1093.592772
1093.592772
1093.592772
1093.592772
1093.592772
1093.592772
1093.592772
1093.592772
1093.592772
1093.592772
1093.592772
1093.592772
1093.592772
1093.592772
1093.592772
1093.592772
1093.592772
1093.592772
1093.592772
1093.592772
1093.592772
1093.592772
1093.592772
1093.592772
1093.592772
1093.592772
1093.592772
1093.592772
1093.592772
1093.592772
1093.592772
1093.592772
1093.592772
1093.592772
1093.592772
1093.592772
1093.592772
1093.592772
1093.592772
1093.592772
1093.592772
1093.592772
1093.592772
1093.592772
1093.592772
1093.592772
1093.592772
1093.592772
1093.592772
1093.592772
1093.592772
1093.592772
1093.585343
1093.585343
1093.585343
1093.585343
1093.585343
1093.585343
1093.585343
1093.585343
1093.585343
1093.585343
1093.585343
1093.585343
1093.585343
1093.585343
1093.585343
1093.585343
1093.585343
1093.585343
1093.585343
1093.585343
1093.585343
1093.585343
1093.585343
1093.585343
1093.585343
1093.585343
1093.585343
1093.585343
1093.585343
1093.585343
1093.585343
1093.585343
1093.585343
1093.585343
1093.585343
1093.561094
1093.561094
1093.561094
1093.561094
1093.561094
1093.561094
1093.181055
1093.181055
1093.181055
1093.181055
1093.181055
1093.181055
1093.181055
1093.181055
1093.181055
1093.181055
1093.181055
1093.181055
1093.181055
1093.181055
1093.181055
1093.181055
1093.181055
1093.181055
1093.181055
1093.181055
1093.181055
1093.181055
1093.181055
1093.181055
1093.181055
1093.181055
1093.181055
1093.181055
1093.181055
1093.181055
1093.181055
1093.181055
1093.181055
1093.181055
1093.181055
1093.181055
1093.181055
1093.181055
1093.181055
1093.181055
1093.181055
1093.181055
1093.181055
1093.181055
1093.181055
1093.181055
1093.181055
1093.181055
1093.181055
1093.181055
1093.181055
1093.181055
1093.181055
1093.181055
1093.181055
1093.181055
1093.181055
1093.181055
1093.181055
1093.181055
1093.181055
1093.181055
1093.181055
1093.181055
1093.181055
1093.181055
1093.181055
1093.181055
1093.181055
1093.181055
1093.181055
1093.181055
1093.181055
1093.181055
1093.181055
1093.181055
1093.181055
1093.181055
1093.181055
1093.181055
1093.181055
1093.181055
1093.181055
1093.181055
1093.181055
1093.181055
1093.181055
1093.181055
1093.181055
1093.181055
1093.181055
1093.181055
1093.181055
1093.181055
1093.181055
1093.181055
1093.181055
1093.181055
1093.181055
1093.181055
1093.181055
1093.181055
1093.181055
1093.181055
1093.181055
1092.907774
1092.907774
1092.907774
1092.907774
1092.907774
1092.907774
1092.907774
1092.907774
1092.907774
1092.907774
1092.907774
1092.907774
1092.907774
1092.907774
1092.907774
1092.907774
1092.726218
1092.726218
1092.726218
1092.726218
1092.726218
1092.726218
1092.726218
1092.726218
1092.726218
1092.726218
1092.726218
1092.726218
1092.726218
1092.726218
1092.726218
1092.726218
1092.726218
1092.726218
1092.726218
1092.726218
1092.726218
1092.726218
1092.726218
1092.726218
1092.726218
1092.726218
1092.726218
1092.726218
1092.726218
1092.726218
1092.726218
1092.726218
1092.726218
1092.726218
1092.726218
1092.726218
1092.726218
1092.726218
1092.726218
1092.726218
1092.726218
1092.726218
1092.726218
1092.726218
1092.726218
1092.726218
1092.726218
1092.726218
1092.726218
1092.726218
1092.726218
1092.726218
1092.726218
1092.726218
1092.726218
1092.726218
1092.726218
1092.726218
1092.726218
1092.726218
1092.726218
1092.726218
1092.726218
1092.726218
1092.726218
1092.726218
1092.726218
1092.726218
1092.726218
1092.726218
1092.726218
1092.726218
1092.726218
1092.726218
1092.720456
1092.720456
1092.720456
1092.720456
1092.720456
1092.720456
1092.720456
1092.720456
1092.720456
1092.720456
1092.720456
1092.720456
1092.720456
1092.720456
1092.604391
1092.604391
1092.604391
1092.604391
1092.604391
1092.604391
1092.604391
1092.604391
1092.604391
1092.604391
1092.604391
1092.604391
1092.604391
1092.604391
1092.604391
1092.604391
1092.604391
1092.604391
1092.604391
1092.604391
1092.604391
1092.604391
1092.604391
1092.604391
1092.604391
1092.604391
1092.604391
1092.604391
1092.604391
1092.604391
1092.604391
1092.604391
1092.604391
1092.604391
1092.604391
1092.604391
1092.604391
1092.604391
1092.604391
1092.604391
1092.604391
1092.604391
1092.604391
1092.604391
1092.604391
1092.604391
1092.604391
1092.604391
1092.604391
1092.604391
1092.604391
1092.604391
1092.604391
1092.604391
1092.604391
1092.604391
1092.604391
1092.484443
1092.405204
1092.405204
1092.405204
1092.405204
1092.405204
1092.405204
1092.405204
1092.405204
1092.405204
1092.405204
1092.405204
1092.405204
1092.405204
1092.405204
1092.405204
1092.245677
1092.245677
1092.245677
1092.245677
1092.245677
1092.245677
1092.245677
1092.245677
1092.245677
1092.245677
1092.245677
1092.245677
1092.245677
1092.245677
1092.245677
1092.245677
1092.245677
1092.245677
1092.245677
1092.245677
1092.245677
1092.245677
1092.245677
1092.245677
1092.245677
1092.245677
1092.245677
1092.245677
1092.245677
1092.245677
1092.245677
1092.245677
1092.245677
1092.245677
1092.245677
1092.245677
1092.245677
1092.245677
1092.245677
1092.245677
1092.245677
1092.245677
1092.245677
1092.245677
1092.245677
1092.245677
1092.245677
1092.245677
1092.245677
1092.245677
1092.245677
1092.156254
1092.156254
1092.156254
1092.156254
1092.156254
1092.156254
1091.977368
1091.977368
1091.977368
1091.977368
1091.977368
1091.977368
1091.977368
1091.977368
1091.977368
1091.977368
1091.977368
1091.977368
1091.977368
1091.977368
1091.977368
1091.977368
1091.977368
1091.977368
1091.977368
1091.801663
1091.801663
1091.801663
1091.801663
1091.801663
1091.801663
1091.801663
1091.801663
1091.801663
1091.801663
1091.801663
1091.801663
1091.801663
1091.801663
1091.801663
1091.801663
1091.801663
1091.801663
1091.801663
1091.801663
1091.801663
1091.801663
1091.801663
1091.801663
1091.801663
1091.801663
1091.801663
1091.801663
1091.801663
1091.801663
1091.801663
1091.801663
1091.801663
1091.801663
1091.801663
1091.801663
1091.801663
1091.801663
1091.610822
1091.610822
1091.610822
1091.610822
1091.610822
1091.610822
1091.610822
1091.610822
1091.610822
1091.610822
1091.610822
1091.610822
1091.610822
1091.610822
1091.610822
1091.610822
1091.610822
1091.610822
1091.610822
1091.610822
1091.610822
1091.610822
1091.610822
1091.610822
1091.610822
1091.610822
1091.610822
1091.610822
1091.610822
1091.610822
1091.610822
1091.610822
1091.610822
1091.610822
1091.610822
1091.610822
1091.610822
1091.610822
1091.610822
1091.610822
1091.610822
1091.610822
1091.610822
1091.610822
1091.610822
1091.610822
1091.610822
1091.610822
1091.610822
1091.610822
1091.610822
1091.610822
1091.610822
1091.610822
1091.610822
1091.610822
1091.610822
1091.610822
1091.610822
1091.610822
1091.610822
1091.610822
1091.610822
1091.610822
1091.610822
1091.610822
1091.610822
1091.610822
1091.610822
1091.610822
1091.610822
1091.610822
1091.610822
1091.610822
1091.610822
1091.610822
1091.610822
1091.610822
1091.610822
1091.610822
1091.610822
1091.610822
1091.610822
1091.463147
1091.463147
1091.463147
1091.463147
1091.463147
1091.463147
1091.463147
1091.463147
1091.463147
1091.463147
1091.463147
1091.463147
1091.463147
1091.463147
1091.463147
1091.463147
1091.463147
1091.463147
1091.463147
1091.463147
1091.463147
1091.228944
1091.228944
1091.228944
1091.228944
1091.228944
1091.228944
1091.228944
1091.228944
1091.228944
1091.228944
1091.228944
1091.228944
1091.228944
1091.228944
1091.228944
1091.228944
1091.228944
1091.228944
1091.228944
1091.228944
1091.228944
1091.228944
1091.228944
1091.228944
1091.228944
1091.228944
1091.228944
1091.228944
1091.228944
1091.228944
1091.228944
1091.228944
1091.228944
1091.228944
1091.228944
1091.228944
1091.228944
1091.228944
1091.228944
1091.228944
1091.228944
1091.228944
1091.228944
1091.228944
1091.228944
1091.228944
1091.228944
1091.228944
1091.228944
1091.228944
1091.228944
1091.228944
1091.228944
1091.228944
1091.228944
1091.228944
1091.228944
1091.228944
1091.228944
1091.228944
1091.228944
1091.228944
1091.228944
1091.228944
1091.228944
1091.228944
1091.228944
1091.228944
1091.228944
1091.228944
1091.228944
1091.228944
1091.228944
1091.228944
1091.228944
1091.228944
1091.228944
1091.228944
1091.228944
1091.228944
1091.228944
1091.228944
1091.228944
1091.228944
1091.228944
1091.228944
1091.228944
1091.228944
1091.228944
1091.228944
1091.228944
1091.228944
1091.228944
1091.228944
1091.228944
1091.228944
1090.930539
1090.930539
1090.930539
1090.930539
1090.930539
1090.930539
1090.930539
1090.930539
1090.930539
1090.930539
1090.930539
1090.930539
1090.910788
1090.910788
1090.910788
1090.910788
1090.910788
1090.910788
1090.910788
1090.910788
1090.910788
1090.910788
1090.910788
1090.910788
1090.910788
1090.910788
1090.910788
1090.910788
1090.910788
1090.910788
1090.910788
1090.910788
1090.910788
1090.910788
1090.910788
1090.910788
1090.910788
1090.910788
1090.910788
1090.910788
1090.910788
1090.910788
1090.910788
1090.910788
1090.910788
1090.910788
1090.910788
1090.910788
1090.910788
1090.910788
1090.910788
1090.910788
1090.910788
1090.910788
1090.910788
1090.910788
1090.910788
1090.910788
1090.910788
1090.910788
1090.910788
1090.910788
1090.226685
1090.226685
1090.226685
1090.226685
1090.226685
1090.226685
1090.226685
1090.226685
1090.226685
1090.226685
1090.226685
1090.226685
1090.226685
1090.226685
1090.226685
1090.226685
1090.226685
1090.226685
1090.226685
1090.226685
1090.226685
1090.226685
1090.226685
1090.226685
1090.226685
1090.226685
1090.226685
1090.226685
1090.226685
1090.226685
1090.226685
1090.226685
1090.226685
1090.226685
1090.226685
1090.226685
1090.226685
1090.226685
1090.226685
1090.226685
1090.226685
1090.226685
1090.226685
1090.226685
1090.226685
1090.226685
1090.226685
1090.226685
1090.226685
1090.226685
1090.226685
1090.226685
1090.226685
1090.226685
1090.226685
1090.226685
1090.226685
1090.226685
1090.226685
1090.226685
1090.226685
1090.226685
1090.226685
1090.226685
1090.226685
1090.226685
1090.226685
1090.226685
1090.226685
1090.226685
1090.226685
1090.226685
1090.226685
1090.226685
1090.226685
1090.226685
1090.226685
1090.226685
1090.226685
1090.226685
1090.226685
1090.226685
1090.226685
1090.184815
1090.184815
1090.184815
1090.184815
1090.184815
1090.184815
1090.184815
1090.184815
1090.184815
1090.184815
1090.184815
1090.184815
1090.184815
1090.184815
1090.184815
1090.184815
1090.178270
1090.178270
1090.178270
1090.178270
1090.178270
1090.178270
1090.178270
1090.178270
1089.677954
1089.677954
1089.677954
1089.347864
1089.347864
1089.347864
1089.347864
1089.347864
1089.347864
1089.347864
1089.347864
1089.347864
1089.347864
1089.347864
1089.347864
1089.347864
1089.347864
1089.347864
1089.347864
1089.347864
1089.347864
1089.347864
1089.347864
1089.347864
1089.347864
1089.347864
1089.347864
1089.347864
1089.347864
1089.347864
1089.347864
1089.347864
1089.347864
1089.347864
1089.347864
1089.347864
1089.347864
1089.347864
1089.347864
1089.347864
1089.347864
1089.347864
1089.347864
1089.347864
1089.347864
1089.347864
1089.347864
1089.347864
1089.347864
1089.347864
1089.347864
1089.347864
1089.347864
1089.347864
1089.347864
1089.347864
1089.347864
1089.347864
1089.347864
1089.347864
1089.347864
1089.347864
1089.347864
1089.347864
1089.347864
1089.347864
1089.347864
1089.347864
1089.347864
1089.347864
1089.347864
1089.347864
1089.347864
1089.347864
1089.347864
1089.347864
1089.347864
1089.347864
1089.347864
1089.347864
1089.347864
1089.347864
1089.347864
1089.347864
1089.347864
1089.347864
1089.347864
1089.347864
1089.347864
1089.347864
1089.347864
1089.347864
1089.347864
1089.347864
1089.347864
1089.347864
1089.347864
1089.347864
1089.347864
1089.347864
1089.347864
1089.347864
1089.347864
1089.347864
1088.758111
1088.758111
1088.758111
1088.758111
1088.758111
1088.758111
1088.758111
1088.758111
1088.758111
1088.758111
1088.758111
1088.758111
1088.758111
1088.758111
1088.758111
1088.758111
1088.758111
1088.758111
1088.758111
1088.758111
1088.758111
1088.758111
1088.758111
1088.758111
1088.758111
1088.758111
1088.758111
1088.758111
1088.758111
1088.758111
1088.758111
1088.758111
1088.758111
1088.758111
1088.758111
1088.758111
1088.758111
1088.758111
1088.758111
1088.758111
1088.758111
1088.758111
1088.758111
1088.758111
1088.758111
1088.758111
1088.758111
1088.758111
1088.758111
1088.758111
1088.758111
1088.758111
1088.758111
1088.758111
1088.758111
1088.758111
1088.758111
1088.758111
1088.758111
1088.758111
1088.758111
1088.758111
1088.758111
1088.758111
1088.758111
1088.758111
1088.758111
1088.758111
1088.758111
1088.758111
1088.758111
1088.758111
1088.758111
1088.758111
1088.758111
1088.758111
1088.758111
1088.758111
1088.758111
1088.758111
1088.758111
1088.758111
1088.758111
1088.758111
1088.758111
1088.758111
1088.758111
1088.758111
1088.758111
1088.758111
1088.758111
1088.758111
1088.758111
1088.758111
1088.758111
1088.758111
1088.758111
1088.758111
1088.758111
1088.758111
1088.758111
1088.758111
1088.758111
1088.758111
1088.758111
1088.758111
1088.758111
1088.758111
1088.758111
1088.758111
1088.758111
1088.446277
1088.446277
1088.446277
1088.446277
1088.446277
1088.446277
1088.446277
1088.446277
1088.446277
1088.446277
1088.446277
1088.446277
1088.446277
1088.446277
1088.446277
1088.446277
1088.446277
1088.446277
1088.446277
1088.446277
1088.446277
1088.446277
1088.446277
1088.446277
1088.446277
1088.446277
1088.446277
1088.446277
1088.446277
1088.446277
1088.446277
1088.446277
1088.446277
1088.446277
1088.446277
1088.446277
1088.446277
1088.446277
1088.272080
1088.272080
1088.272080
1088.272080
1088.272080
1088.272080
1088.272080
1088.272080
1088.272080
1088.272080
1088.272080
1088.272080
1088.272080
1088.272080
1088.272080
1088.272080
1088.272080
1088.272080
1088.272080
1088.272080
1088.272080
1088.272080
1088.272080
1088.272080
1088.272080
1088.272080
1088.272080
1088.272080
1088.272080
1088.247540
1088.247540
1088.247540
1088.247540
1088.247540
1088.247540
1088.223757
1088.223757
1088.223757
1088.223757
1088.223757
1088.223757
1088.223757
1088.223757
1088.223757
1088.223757
1088.223757
1088.223757
1088.223757
1088.223757
1088.223757
1088.223757
1088.223757
1088.223757
1088.223757
1088.223757
1088.223757
1088.223757
1088.223757
1088.223757
1088.223757
1088.223757
1088.223757
1088.223757
1088.223757
1088.223757
1088.223757
1088.223757
1088.223757
1088.223757
1088.223757
1088.223757
1088.223757
1088.223757
1088.223757
1088.223757
1088.223757
1088.223757
1088.223757
1088.223757
1088.223757
1088.223757
1088.223757
1088.223757
1088.223757
1088.223757
1088.223757
1088.223757
1088.223757
1088.223757
1088.223757
1088.223757
1088.223757
1088.223757
1088.223757
1088.223757
1088.223757
1088.223757
1088.223757
1088.223757
1088.223757
1088.223757
1088.223757
1088.223757
1088.223757
1088.223757
1088.223757
1088.223757
1088.223757
1088.223757
1088.223757
1088.223757
1088.223757
1088.021542
1088.021542
1088.021542
1088.021542
1088.021542
1088.021542
1088.021542
1088.021542
1088.021542
1088.021542
1088.021542
1088.021542
1088.021542
1088.021542
1088.021542
1088.021542
1088.021542
1088.021542
1087.640601
1087.640601
1087.640601
1087.640601
1087.640601
1087.640601
1087.640601
1087.640601
1087.640601
1087.640601
1087.640601
1087.640601
1087.640601
1087.640601
1087.640601
1087.640601
1087.640601
1087.640601
1087.640601
1087.640601
1087.640601
1087.640601
1087.640601
1087.640601
1087.640601
1087.640601
1087.640601
1087.640601
1087.640601
1087.640601
1087.640601
1087.640601
1087.640601
1087.640601
1087.640601
1087.640601
1087.640601
1087.640601
1087.640601
1087.640601
1087.640601
1087.640601
1087.640601
1087.640601
1087.640601
1087.640601
1087.640601
1087.640601
1087.640601
1087.640601
1087.640601
1087.640601
1087.640601
1087.640601
1087.640601
1087.640601
1087.640601
1087.640601
1087.640601
1087.640601
1087.640601
1087.640601
1087.640601
1087.640601
1087.640601
1087.640601
1087.640601
1087.640601
1087.640601
1087.640601
1087.640601
1087.640601
1087.640601
1087.640601
1087.640601
1087.640601
1087.640601
1087.640601
1087.640601
1087.640601
1087.640601
1087.640601
1087.640601
1087.640601
1087.640601
1087.640601
1087.640601
1087.640601
1087.640601
1087.640601
1087.640601
1087.640601
1087.640601
1087.640601
1087.640601
1087.640601
1087.640601
1087.640601
1087.640601
1087.640601
1087.640601
1087.640601
1087.640601
1087.640601
1087.640601
1087.640601
1087.640601
1087.640601
1087.640601
1087.640601
1087.640601
1087.640601
1087.640601
1087.640601
1087.640601
1087.640601
1087.640601
1087.640601
1087.640601
1087.628565
1087.628565
1087.628565
1087.628565
1087.628565
1087.628565
1087.628565
1087.628565
1087.628565
1087.628565
1087.628565
1087.628565
1087.628565
1087.628565
1087.628565
1087.628565
1087.628565
1087.628565
1087.628565
1087.628565
1087.628565
1087.628565
1087.628565
1087.628565
1087.628565
1087.628565
1087.628565
1087.628565
1087.628565
1087.628565
1087.628565
1087.628565
1087.628565
1087.628565
1087.628565
1087.628565
1087.628565
1087.628565
1087.628565
1087.628565
1087.628565
1087.628565
1087.395166
1087.395166
1087.395166
1087.395166
1087.395166
1087.395166
1087.395166
1087.395166
1087.395166
1087.395166
1087.395166
1087.395166
1087.395166
1087.395166
1087.395166
1087.395166
1087.395166
1087.395166
1087.395166
1087.395166
1087.395166
1087.395166
1087.395166
1087.395166
1087.395166
1087.395166
1087.395166
1087.395166
1087.395166
1087.395166
1087.395166
1087.395166
1087.395166
1087.395166
1087.395166
1087.395166
1087.395166
1087.395166
1087.395166
1087.395166
1087.395166
1087.395166
1087.395166
1087.395166
1087.395166
1087.395166
1087.395166
1087.395166
1087.395166
1087.395166
1087.395166
1087.395166
1087.395166
1087.395166
1087.395166
1087.395166
1087.395166
1087.395166
1087.395166
1087.395166
1087.395166
1087.395166
1087.395166
1087.395166
1087.395166
1087.395166
1087.323849
1087.323849
1087.323849
1087.323849
1087.323849
1087.323849
1087.323849
1087.323849
1087.323849
1087.323849
1087.323849
1087.323849
1087.323849
1087.323849
1087.323849
1087.323849
1087.145465
1087.145465
1087.145465
1087.145465
1087.145465
1087.145465
1087.145465
1087.145465
1087.145465
1087.145465
1087.145465
1087.145465
1087.145465
1087.145465
1087.145465
1087.145465
1087.145465
1087.145465
1087.145465
1087.145465
1087.145465
1087.145465
1087.145465
1087.145465
1087.145465
1087.145465
1087.145465
1087.145465
1087.145465
1087.145465
1087.145465
1087.145465
1087.145465
1087.145465
1087.145465
1087.145465
1087.145465
1087.145465
1087.145465
1087.145465
1087.145465
1087.145465
1087.145465
1087.145465
1087.145465
1087.145465
1087.145465
1087.145465
1087.145465
1087.145465
1086.941582
1086.941582
1086.941582
1086.941582
1086.941582
1086.941582
1086.941582
1086.941582
1086.941582
1086.941582
1086.941582
1086.941582
1086.941582
1086.941582
1086.941582
1086.941582
1086.941582
1086.941582
1086.941582
1086.941582
1086.941582
1086.941582
1086.941582
1086.941582
1086.941582
1086.941582
1086.941582
1086.941582
1086.941582
1086.941582
1086.941582
1086.941582
1086.941582
1086.941582
1086.941582
1086.941582
1086.941582
1086.941582
1086.941582
1086.941582
1086.941582
1086.941582
1086.941582
1086.941582
1086.941582
1086.941582
1086.941582
1086.941582
1086.941582
1086.941582
1086.941582
1086.941582
1086.941582
1086.941582
1086.941582
1086.941582
1086.941582
1086.941582
1086.941582
1086.941582
1086.941582
1086.941582
1086.941582
1086.941582
1086.941582
1086.941582
1086.941582
1086.941582
1086.941582
1086.941582
1086.941582
1086.941582
1086.941582
1086.941582
1086.941582
1086.941582
1086.941582
1086.941582
1086.941582
1086.941582
1086.941582
1086.941582
1086.941582
1086.941582
1086.941582
1086.941582
1086.941582
1086.941582
1086.941582
1086.941582
1086.941582
1086.941582
1086.941582
1086.941582
1086.862300
1086.862300
1086.862300
1086.862300
1086.862300
1086.862300
1086.862300
1086.862300
1086.862300
1086.862300
1086.862300
1086.862300
1086.862300
1086.862300
1086.862300
1086.862300
1086.862300
1086.862300
1086.862300
1086.862300
1086.862300
1086.862300
1086.862300
1086.862300
1086.862300
1086.862300
1086.862300
1086.862300
1086.809389
1086.809389
1086.809389
1086.809389
1086.809389
1086.809389
1086.809389
1086.809389
1086.809389
1086.809389
1086.809389
1086.809389
1086.809389
1086.809389
1086.809389
1086.809389
1086.809389
1086.809389
1086.809389
1086.809389
1086.809389
1086.809389
1086.809389
1086.809389
1086.809389
1086.809389
1086.809389
1086.809389
1086.809389
1086.809389
1086.809389
1086.809389
1086.809389
1086.809389
1086.809389
1086.809389
1086.809389
1086.809389
1086.809389
1086.809389
1086.809389
1086.809389
1086.809389
1086.809389
1086.809389
1086.809389
1086.809389
1086.809389
1086.809389
1086.809389
1086.809389
1086.809389
1086.441503
1086.441503
1086.441503
1086.441503
1086.441503
1086.441503
1086.441503
1086.441503
1086.441503
1086.441503
1086.441503
1086.441503
1086.441503
1086.441503
1086.441503
1086.441503
1086.441503
1086.441503
1086.441503
1086.441503
1086.441503
1086.441503
1086.441503
1086.441503
1086.441503
1086.441503
1086.441503
1086.441503
1086.441503
1086.441503
1086.441503
1086.441503
1086.441503
1086.441503
1086.441503
1086.441503
1086.441503
1086.441503
1086.441503
1086.441503
1086.441503
1086.441503
1086.441503
1086.441503
1086.441503
1086.441503
1086.441503
1086.441503
1086.441503
1086.441503
1086.441503
1086.441503
1086.441503
1086.441503
1086.441503
1086.441503
1086.441503
1086.441503
1086.441503
1086.441503
1086.441503
1086.441503
1086.441503
1086.441503
1086.441503
1086.441503
1086.441503
1086.441503
1086.441503
1086.441503
1086.441503
1086.441503
1086.441503
1086.441503
1086.441503
1086.441503
1086.441503
1086.441503
1086.441503
1086.441503
1086.441503
1086.441503
1086.441503
1086.441503
1086.441503
1086.441503
1086.441503
1086.441503
1086.441503
1086.441503
1086.441503
1086.441503
1086.441503
1086.441503
1086.441503
1086.441503
1086.441503
1086.441503
1086.441503
1086.441503
1086.441503
1086.441503
1086.441503
1086.441503
1086.441503
1086.441503
1086.441503
1086.359125
1086.359125
1086.359125
1086.359125
1086.359125
1086.359125
1086.359125
1086.359125
1086.359125
1086.359125
1086.359125
1086.359125
1086.359125
1086.359125
1086.359125
1086.359125
1086.359125
1086.359125
1086.359125
1086.359125
1086.359125
1086.359125
1086.359125
1086.359125
1086.359125
1086.359125
1086.359125
1086.359125
1086.359125
1086.359125
1086.359125
1086.359125
1086.359125
1086.359125
1086.359125
1086.335765
1086.335765
1086.335765
1086.335765
1086.335765
1086.335765
1086.335765
1086.335765
1086.335765
1086.335765
1086.335765
1086.335765
1086.335765
1086.335765
1086.335765
1086.335765
1086.335765
1086.335765
1086.335765
1086.335765
1086.335765
1086.335765
1086.335765
1086.335765
1086.335765
1086.335765
1086.335765
1086.335765
1086.335765
1086.335765
1086.335765
1086.309436
1086.309436
1086.309436
1086.309436
1086.309436
1086.309436
1086.309436
1086.309436
1086.309436
1086.309436
1086.309436
1086.309436
1086.309436
1086.309436
1086.309436
1086.309436
1086.309436
1086.309436
1086.309436
1086.309436
1086.309436
1086.309436
1086.309436
1086.309436
1086.309436
1086.309436
1086.309436
1086.309436
1086.309436
1086.309436
1086.309436
1086.309436
1086.309436
1086.309436
1086.309436
1086.309436
1086.309436
1086.309436
1086.309436
1086.309436
1086.309436
1086.309436
1086.309436
1086.309436
1086.309436
1086.309436
1086.309436
1086.309436
1086.309436
1086.309436
1086.309436
1086.309436
1086.309436
1086.309436
1086.309436
1086.309436
1086.309436
1086.309436
1086.309436
1086.309436
1086.309436
1086.309436
1086.309436
1086.309436
1086.309436
1086.309436
1086.309436
1086.309436
1086.309436
1086.309436
1086.309436
1086.309436
1086.309436
1086.243117
1086.243117
1086.243117
1086.243117
1086.219429
1086.219429
1086.219429
1086.219429
1086.219429
1086.219429
1086.219429
1086.219429
1086.219429
1086.219429
1086.219429
1086.219429
1086.219429
1086.137029
1086.137029
1086.137029
1086.137029
1086.137029
1086.137029
1086.137029
1086.137029
1086.137029
1086.137029
1086.137029
1086.137029
1086.137029
1086.137029
1086.137029
1086.137029
1086.137029
1086.137029
1086.137029
1086.137029
1086.137029
1086.137029
1086.137029
1086.137029
1086.137029
1086.137029
1086.137029
1086.137029
1086.137029
1086.137029
1086.137029
1086.137029
1086.137029
1086.137029
1086.137029
1086.064428
1086.064428
1086.064428
1086.064428
1086.064428
1086.064428
1086.064428
1086.064428
1086.064428
1086.064428
1086.064428
1086.064428
1086.064428
1086.064428
1086.064428
1086.064428
1086.064428
1086.064428
1086.064428
1086.064428
1086.064428
1086.064428
1086.064428
1086.064428
1086.064428
1085.886464
1085.886464
1085.886464
1085.886464
1085.886464
1085.886464
1085.886464
1085.886464
1085.886464
1085.886464
1085.886464
1085.886464
1085.886464
1085.886464
1085.886464
1085.886464
1085.886464
1085.886464
1085.886464
1085.886464
1085.886464
1085.886464
1085.886464
1085.886464
1085.886464
1085.886464
1085.886464
1085.886464
1085.886464
1085.886464
1085.886464
1085.886464
1085.886464
1085.886464
1085.886464
1085.886464
1085.886464
1085.886464
1085.886464
1085.886464
1085.886464
1085.886464
1085.886464
1085.667380
1085.667380
1085.667380
1085.667380
1085.667380
1085.667380
1085.667380
1085.667380
1085.667380
1085.667380
1085.667380
1085.667380
1085.667380
1085.667380
1085.667380
1085.667380
1085.667380
1085.667380
1085.667380
1085.667380
1085.667380
1085.667380
1085.667380
1085.667380
1085.667380
1085.667380
1085.667380
1085.667380
1085.667380
1085.667380
1085.667380
1085.667380
1085.667380
1085.667380
1085.667380
1085.667380
1085.667380
1085.667380
1085.667380
1085.667380
1085.667380
1085.667380
1085.667380
1085.667380
1085.667380
1085.667380
1085.667380
1085.667380
1085.667380
1085.667380
1085.667380
1085.667380
1085.667380
1085.667380
1085.667380
1085.667380
1085.667380
1085.667380
1085.667380
1085.667380
1085.667380
1085.667380
1085.667380
1085.667380
1085.667380
1085.667380
1085.667380
1085.667380
1085.667380
1085.667380
1085.667380
1085.667380
1085.667380
1085.667380
1085.667380
1085.667380
1085.667380
1085.667380
1085.667380
1085.667380
1085.667380
1085.667380
1085.667380
1085.667380
1085.667380
1085.667380
1085.667380
1085.667380
1085.667380
1085.667380
1085.667380
1085.667380
1085.667380
1085.667380
1085.667380
1085.667380
1085.667380
1085.667380
1085.667380
1085.667380
1085.667380
1085.667380
1085.667380
1085.667380
1085.667380
1085.667380
1085.667380
1085.667380
1085.667380
1085.667380
1085.667380
1085.667380
1085.667380
1085.667380
1085.667380
1085.667380
1085.667380
1085.667380
1085.667380
1085.667380
1085.667380
1085.627976
1085.627976
1085.627976
1085.627976
1085.627976
1085.627976
1085.627976
1085.627976
1085.627976
1085.627976
1085.627976
1085.627976
1085.545306
1085.545306
1085.545306
1085.545306
1085.545306
1085.545306
1085.545306
1085.545306
1085.545306
1085.545306
1085.545306
1085.545306
1085.545306
1085.545306
1085.545306
1085.545306
1085.545306
1085.545306
1085.545306
1085.545306
1085.545306
1085.545306
1085.545306
1085.545306
1085.545306
1085.545306
1085.545306
1085.545306
1085.545306
1085.545306
1085.545306
1085.545306
1085.545306
1085.413920
1085.413920
1085.413920
1085.413920
1085.413920
1085.413920
1085.413920
1085.413920
1085.413920
1085.413920
1085.413920
1085.413920
1085.413920
1085.413920
1085.413920
1085.413920
1085.413920
1085.413920
1085.413920
1085.413920
1085.413920
1085.413920
1085.413920
1085.413920
1085.413920
1085.413920
1085.413920
1085.413920
1085.413920
1085.413920
1085.413920
1085.413920
1085.413920
1085.413920
1085.413920
1085.413920
1085.413920
1085.413920
1085.413920
1085.413920
1085.413920
1085.413920
1085.413920
1085.413920
1085.413920
1085.413920
1085.413920
1085.413920
1085.413920
1085.413920
1085.413920
1085.413920
1085.413920
1085.413920
1085.413920
1085.413920
1085.413920
1085.413920
1085.413920
1085.413920
1085.413920
1085.413920
1085.413920
1085.413920
1085.413920
1085.413920
1085.413920
1085.413920
1085.342139
1085.342139
1085.342139
1085.342139
1085.342139
1085.342139
1085.342139
1085.342139
1085.342139
1085.342139
1085.342139
1085.342139
1085.342139
1085.342139
1085.342139
1085.342139
1085.342139
1085.342139
1085.342139
1085.342139
1085.342139
1085.342139
1085.342139
1085.342139
1085.342139
1085.342139
1085.342139
1085.342139
1085.342139
1085.342139
1085.342139
1085.342139
1085.342139
1085.342139
1085.342139
1085.342139
1085.342139
1085.342139
1085.342139
1085.342139
1085.342139
1085.342139
1085.342139
1085.342139
1085.342139
1085.342139
1085.342139
1085.342139
1085.342139
1085.342139
1085.342139
1085.342139
1085.342139
1085.342139
1085.342139
1085.342139
1085.342139
1085.342139
1085.321394
1085.321394
1085.321394
1085.321394
1085.321394
1085.321394
1085.321394
1085.321394
1085.321394
1085.321394
1085.321394
1085.321394
1085.321394
1085.321394
1085.321394
1085.321394
1085.321394
1085.321394
1085.321394
1085.321394
1085.321394
1085.321394
1085.321394
1085.321394
1085.321394
1085.321394
1085.321394
1085.321394
1085.321394
1085.321394
1085.321394
1085.321394
1085.321394
1085.321394
1085.321394
1085.321394
1085.321394
1085.321394
1085.321394
1085.321394
1085.321394
1085.321394
1085.321394
1085.321394
1085.321394
1085.321394
1085.321394
1085.321394
1085.321394
1085.321394
1085.321394
1085.321394
1085.321394
1085.321394
1085.321394
1085.321394
1085.321394
1085.321394
1085.321394
1085.321394
1085.321394
1085.321394
1085.321394
1085.321394
1085.321394
1085.321394
1085.321394
1085.321394
1085.321394
1085.321394
1085.321394
1085.321394
1085.321394
1085.321394
1085.321394
1085.321394
1085.321394
1085.321394
1085.321394
1085.321394
1085.321394
1085.321394
1085.321394
1085.321394
1085.321394
1085.321394
1085.321394
1085.321394
1085.321394
1085.321394
1085.321394
1085.321394
1085.294282
1085.294282
1085.294282
1085.294282
1085.294282
1085.294282
1085.294282
1085.294282
1085.294282
1085.294282
1085.294282
1085.294282
1085.294282
1085.294282
1085.294282
1085.294282
1085.294282
1085.294282
1085.294282
1085.294282
1085.294282
1085.294282
1085.294282
1085.294282
1085.294282
1085.294282
1085.294282
1085.294282
1085.294282
1085.294282
1085.294282
1085.294282
1085.294282
1085.294282
1085.294282
1085.294282
1085.294282
1085.201625
1085.201625
1085.201625
1085.201625
1085.201625
1085.201625
1085.201625
1085.201625
1085.201625
1085.201625
1085.201625
1085.201625
1085.201625
1085.201625
1085.201625
1085.201625
1085.201625
1085.201625
1085.201625
1085.201625
1085.201625
1085.201625
1085.201625
1085.201625
1085.197200
1085.197200
1085.197200
1085.197200
1085.197200
1085.197200
1085.197200
1085.197200
1085.197200
1085.197200
1085.197200
1085.188564
1085.188564
1085.188564
1085.188564
1085.188564
1085.188564
1085.188564
1085.188564
1085.188564
1085.188564
1085.188564
1085.188564
1085.188564
1085.188564
1085.188564
1085.188564
1085.188564
1085.188564
1085.188564
1085.188564
1085.188564
1085.188564
1085.188564
1085.188564
1085.168558
1085.168558
1085.168558
1085.168558
1085.168558
1085.168558
1085.168558
1085.168558
1085.168558
1085.168558
1085.168558
1085.168558
1085.168558
1085.168558
1085.168558
1085.168558
1085.168558
1085.168558
1085.168558
1085.168558
1085.168558
1085.168558
1085.168558
1085.168558
1085.168558
1085.168558
1085.168558
1085.168558
1085.168558
1085.168558
1085.168558
1085.168558
1085.168558
1085.168558
1085.168558
1085.168558
1085.168558
1085.082032
1085.082032
1085.082032
1085.082032
1085.082032
1085.082032
1085.082032
1085.082032
1085.082032
1085.082032
1085.082032
1085.082032
1085.082032
1085.082032
1085.082032
1085.082032
1085.082032
1085.082032
1085.082032
1085.082032
1085.082032
1085.082032
1085.082032
1085.082032
1085.082032
1085.082032
1085.082032
1085.082032
1085.082032
1085.082032
1085.082032
1084.972649
1084.949532
1084.949532
1084.949532
1084.949532
1084.949532
1084.949532
1084.949532
1084.949532
1084.949532
1084.949532
1084.949532
1084.949532
1084.949532
1084.949532
1084.949532
1084.949532
1084.949532
1084.949532
1084.949532
1084.949532
1084.949532
1084.949532
1084.949532
1084.949532
1084.949532
1084.949532
1084.949532
1084.949532
1084.949532
1084.949532
1084.949532
1084.949532
1084.949532
1084.949532
1084.949532
1084.924140
1084.924140
1084.924140
1084.924140
1084.924140
1084.924140
1084.924140
1084.924140
1084.924140
1084.924140
1084.924140
1084.924140
1084.924140
1084.924140
1084.924140
1084.924140
1084.924140
1084.924140
1084.924140
1084.924140
1084.924140
1084.924140
1084.924140
1084.924140
1084.924140
1084.924140
1084.924140
1084.924140
1084.924140
1084.924140
1084.924140
1084.924140
1084.924140
1084.924140
1084.924140
1084.924140
1084.924140
1084.924140
1084.924140
1084.924140
1084.924140
1084.924140
1084.924140
1084.924140
1084.924140
1084.924140
1084.924140
1084.924140
1084.924140
1084.924140
1084.924140
1084.924140
1084.924140
1084.924140
1084.924140
1084.924140
1084.924140
1084.924140
1084.924140
1084.924140
1084.924140
1084.924140
1084.924140
1084.924140
1084.924140
1084.924140
1084.924140
1084.924140
1084.924140
1084.877476
1084.877476
1084.877476
1084.877476
1084.877476
1084.877476
1084.877476
1084.877476
1084.877476
1084.877476
1084.877476
1084.877476
1084.877476
1084.877476
1084.829398
1084.829398
1084.829398
1084.829398
1084.829398
1084.829398
1084.829398
1084.829398
1084.778948
1084.778948
1084.778948
1084.778948
1084.778948
1084.778948
1084.778948
1084.778948
1084.778948
1084.778948
1084.778948
1084.778948
1084.778948
1084.778948
1084.778948
1084.778948
1084.778948
1084.778948
1084.778948
1084.778948
1084.778948
1084.778948
1084.778948
1084.778948
1084.778948
1084.778948
1084.778948
1084.778948
1084.778948
1084.778948
1084.778948
1084.778948
1084.778948
1084.778948
1084.778948
1084.778948
1084.778948
1084.778948
1084.778948
1084.778948
1084.778948
1084.778948
1084.778948
1084.778948
1084.778948
1084.778948
1084.778948
1084.778948
1084.778948
1084.778948
1084.778948
1084.778948
1084.778948
1084.778948
1084.778948
1084.778948
1084.778948
1084.778948
1084.712305
1084.712305
1084.712305
1084.712305
1084.712305
1084.712305
1084.712305
1084.712305
1084.712305
1084.712305
1084.712305
1084.712305
1084.712305
1084.712305
1084.712305
1084.712305
1084.712305
1084.712305
1084.712305
1084.712305
1084.712305
1084.712305
1084.712305
1084.712305
1084.712305
1084.712305
1084.712305
1084.712305
1084.712305
1084.712305
1084.712305
1084.712305
1084.712305
1084.712305
1084.712305
1084.712305
1084.712305
1084.712305
1084.712305
1084.712305
1084.712305
1084.712305
1084.712305
1084.712305
1084.712305
1084.712305
1084.712305
1084.712305
1084.712305
1084.712305
1084.712305
1084.712305
1084.712305
1084.712305
1084.712305
1084.712305
1084.712305
1084.712305
1084.712305
1084.712305
1084.712305
1084.712305
1084.712305
1084.712305
1084.712305
1084.712305
1084.712305
1084.712305
1084.712305
1084.712305
1084.712305
1084.712305
1084.712305
1084.712305
1084.712305
1084.712305
1084.712305
1084.712305
1084.712305
1084.712305
1084.712305
1084.712305
1084.712305
1084.712305
1084.712305
1084.712305
1084.712305
1084.712305
1084.712305
1084.712305
1084.712305
1084.712305
1084.712305
1084.712305
1084.712305
1084.712305
1084.712305
1084.712305
1084.712305
1084.712305
1084.712305
1084.712305
1084.712305
1084.712305
1084.700926
1084.700926
1084.700926
1084.700926
1084.632298
1084.632298
1084.594179
1084.594179
1084.594179
1084.594179
1084.594179
1084.594179
1084.594179
1084.594179
1084.594179
1084.594179
1084.594179
1084.594179
1084.594179
1084.594179
1084.594179
1084.594179
1084.594179
1084.594179
1084.594179
1084.594179
1084.594179
1084.594179
1084.594179
1084.594179
1084.594179
1084.577546
1084.577546
1084.577546
1084.577546
1084.577546
1084.577546
1084.577546
1084.577546
1084.577546
1084.577546
1084.577546
1084.577546
1084.577546
1084.577546
1084.577546
1084.577546
1084.577546
1084.577546
1084.577546
1084.516206
1084.516206
1084.516206
1084.516206
1084.516206
1084.516206
1084.516206
1084.516206
1084.516206
1084.516206
1084.516206
1084.516206
1084.516206
1084.516206
1084.516206
1084.516206
1084.516206
1084.516206
1084.516206
1084.516206
1084.516206
1084.516206
1084.516206
1084.516206
1084.516206
1084.516206
1084.516206
1084.516206
1084.516206
1084.516206
1084.516206
1084.516206
1084.516206
1084.516206
1084.516206
1084.516206
1084.516206
1084.516206
1084.516206
1084.516206
1084.516206
1084.516206
1084.516206
1084.516206
1084.516206
1084.516206
1084.516206
1084.516206
1084.516206
1084.516206
1084.516206
1084.516206
1084.516206
1084.516206
1084.516206
1084.516206
1084.516206
1084.516206
1084.516206
1084.516206
1084.492434
1084.492434
1084.492434
1084.492434
1084.492434
1084.492434
1084.492434
1084.492434
1084.492434
1084.492434
1084.492434
1084.492434
1084.492434
1084.492434
1084.492434
1084.492434
1084.492434
1084.492434
1084.492434
1084.492434
1084.492434
1084.492434
1084.492434
1084.492434
1084.492434
1084.492434
1084.492434
1084.492434
1084.492434
1084.409237
1084.409237
1084.409237
1084.409237
1084.409237
1084.409237
1084.409237
1084.409237
1084.409237
1084.409237
1084.409237
1084.409237
1084.409237
1084.409237
1084.409237
1084.409237
1084.409237
1084.409237
1084.409237
1084.409237
1084.409237
1084.409237
1084.409237
1084.409237
1084.409237
1084.409237
1084.409237
1084.409237
1084.409237
1084.409237
1084.409237
1084.409237
1084.409237
1084.409237
1084.409237
1084.409237
1084.409237
1084.409237
1084.409237
1084.409237
1084.409237
1084.409237
1084.409237
1084.409237
1084.409237
1084.409237
1084.409237
1084.409237
1084.409237
1084.402279
1084.402279
1084.402279
1084.402279
1084.359320
1084.359320
1084.359320
1084.297883
1084.297883
1084.297883
1084.297883
1084.297883
1084.297883
1084.297883
1084.297883
1084.297883
1084.297883
1084.297883
1084.297883
1084.297883
1084.297883
1084.297883
1084.297883
1084.297883
1084.297883
1084.297883
1084.297883
1084.297883
1084.297883
1084.297883
1084.297883
1084.297883
1084.297883
1084.297883
1084.297883
1084.297883
1084.297883
1084.297883
1084.297883
1084.297883
1084.297883
1084.297883
1084.297883
1084.297883
1084.297883
1084.297883
1084.297883
1084.297883
1084.297883
1084.297883
1084.297883
1084.297883
1084.297883
1084.297883
1084.297883
1084.297883
1084.196735
1084.196735
1084.196735
1084.196735
1084.196735
1084.196735
1084.196735
1084.196735
1084.196735
1084.196735
1084.196735
1084.196735
1084.196735
1084.196735
1084.196735
1084.196735
1084.196735
1084.090639
1084.090639
1084.090639
1084.090639
1084.090639
1084.090639
1084.090639
1084.090639
1084.090639
1084.090639
1084.090639
1084.090639
1084.090639
1084.090639
1084.090639
1084.090639
1084.090639
1084.090639
1084.090639
1084.090639
1084.090639
1084.090639
1084.090639
1084.090639
1084.090639
1084.090639
1084.090639
1084.090639
1084.090639
1084.090639
1083.928050
1083.928050
1083.928050
1083.928050
1083.928050
1083.928050
1083.928050
1083.928050
1083.928050
1083.928050
1083.928050
1083.928050
1083.928050
1083.928050
1083.928050
1083.928050
1083.928050
1083.928050
1083.928050
1083.928050
1083.928050
1083.928050
1083.928050
1083.928050
1083.928050
1083.928050
1083.928050
1083.928050
1083.928050
1083.928050
1083.928050
1083.928050
1083.928050
1083.928050
1083.928050
1083.928050
1083.928050
1083.928050
1083.928050
1083.928050
1083.928050
1083.928050
1083.928050
1083.928050
1083.928050
1083.928050
1083.928050
1083.928050
1083.928050
1083.928050
1083.900650
1083.900650
1083.900650
1083.900650
1083.900650
1083.900650
1083.900650
1083.900650
1083.900650
1083.900650
1083.900650
1083.900650
1083.900650
1083.900650
1083.900650
1083.900650
1083.900650
1083.900650
1083.900650
1083.900650
1083.900650
1083.900650
1083.900650
1083.900650
1083.900650
1083.900650
1083.900650
1083.900650
1083.900650
1083.900650
1083.900650
1083.900650
1083.900650
1083.900650
1083.900650
1083.900650
1083.900650
1083.900650
1083.900650
1083.900650
1083.900650
1083.900650
1083.900650
1083.900650
1083.900650
1083.900650
1083.900650
1083.900650
1083.900650
1083.900650
1083.900650
1083.900650
1083.900650
1083.900650
1083.900650
1083.900650
1083.900650
1083.900650
1083.900650
1083.900650
1083.900650
1083.900650
1083.900650
1083.900650
1083.900650
1083.900650
1083.900650
1083.900650
1083.900650
1083.900650
1083.900650
1083.900650
1083.900650
1083.900650
1083.900650
1083.900650
1083.900650
1083.900650
1083.900650
1083.900650
1083.900650
1083.900650
1083.900650
1083.900650
1083.900650
1083.900650
1083.900650
1083.900650
1083.900650
1083.900650
1083.900650
1083.900650
1083.900650
1083.900650
1083.900650
1083.900650
1083.900650
1083.900650
1083.900650
1083.900650
1083.900650
1083.900650
1083.900650
1083.900650
1083.900650
1083.900650
1083.900650
1083.900650
1083.900650
1083.900650
1083.900650
1083.900650
1083.896108
1083.896108
1083.896108
1083.896108
1083.896108
1083.896108
1083.896108
1083.896108
1083.896108
1083.896108
1083.896108
1083.896108
1083.896108
1083.896108
1083.896108
1083.896108
1083.896108
1083.896108
1083.896108
1083.896108
1083.896108
1083.896108
1083.896108
1083.892010
1083.892010
1083.892010
1083.892010
1083.892010
1083.892010
1083.892010
1083.892010
1083.892010
1083.892010
1083.892010
1083.892010
1083.892010
1083.892010
1083.892010
1083.892010
1083.892010
1083.892010
1083.892010
1083.892010
1083.892010
1083.892010
1083.892010
1083.892010
1083.892010
1083.892010
1083.892010
1083.892010
1083.892010
1083.892010
1083.892010
1083.892010
1083.892010
1083.892010
1083.892010
1083.892010
1083.866576
1083.866576
1083.866576
1083.866576
1083.866576
1083.866576
1083.866576
1083.866576
1083.866576
1083.866576
1083.866576
1083.866576
1083.866576
1083.866576
1083.866576
1083.866576
1083.866576
1083.866576
1083.866576
1083.866576
1083.866576
1083.866576
1083.866576
1083.866576
1083.866576
1083.866576
1083.866576
1083.854460
1083.854460
1083.854460
1083.854460
1083.854460
1083.854460
1083.854460
1083.854460
1083.847214
1083.847214
1083.847214
1083.847214
1083.847214
1083.847214
1083.847214
1083.847214
1083.847214
1083.847214
1083.847214
1083.847214
1083.847214
1083.847214
1083.847214
1083.847214
1083.847214
1083.847214
1083.847214
1083.847214
1083.847214
1083.847214
1083.847214
1083.847214
1083.847214
1083.847214
1083.847214
1083.847214
1083.847214
1083.847214
1083.847214
1083.847214
1083.847214
1083.847214
1083.847214
1083.847214
1083.847214
1083.847214
1083.847214
1083.847214
1083.847214
1083.847214
1083.847214
1083.847214
1083.847214
1083.847214
1083.847214
1083.847214
1083.847214
1083.847214
1083.847214
1083.847214
1083.847214
1083.847214
1083.817775
1083.817775
1083.817775
1083.817775
1083.817775
1083.817775
1083.817775
1083.817775
1083.817775
1083.817775
1083.817775
1083.817775
1083.817775
1083.817775
1083.817775
1083.817775
1083.817775
1083.817775
1083.817775
1083.817775
1083.748203
1083.748203
1083.748203
1083.748203
1083.748203
1083.748203
1083.748203
1083.748203
1083.748203
1083.748203
1083.748203
1083.721630
1083.721630
1083.721630
1083.721630
1083.721630
1083.721630
1083.721630
1083.721630
1083.721630
1083.721630
1083.721630
1083.721630
1083.721630
1083.721630
1083.721630
1083.721630
1083.721630
1083.721630
1083.721630
1083.721630
1083.721630
1083.721630
1083.721630
1083.721630
1083.673793
1083.673793
1083.673793
1083.673793
1083.673793
1083.673793
1083.673793
1083.673793
1083.673793
1083.673793
1083.673793
1083.673793
1083.673793
1083.673793
1083.673793
1083.673793
1083.673793
1083.673793
1083.673793
1083.673793
1083.673793
1083.673793
1083.673793
1083.673793
1083.673793
1083.673793
1083.673793
1083.673793
1083.673793
1083.673793
1083.673793
1083.673793
1083.673793
1083.673793
1083.673793
1083.673793
1083.673793
1083.673793
1083.673793
1083.673793
1083.673793
1083.673793
1083.673793
1083.673793
1083.673793
1083.673793
1083.673793
1083.673793
1083.673793
1083.673793
1083.673793
1083.673793
1083.673793
1083.673793
1083.673793
1083.673793
1083.673793
1083.673793
1083.673793
1083.673793
1083.673793
1083.673793
1083.673793
1083.673793
1083.673793
1083.625646
1083.625646
1083.625646
1083.625646
1083.625646
1083.625646
1083.625646
1083.625646
1083.625646
1083.625646
1083.625646
1083.625646
1083.625646
1083.625646
1083.625646
1083.625646
1083.625646
1083.625646
1083.625646
1083.625646
1083.625646
1083.625646
1083.625646
1083.625646
1083.625646
1083.625646
1083.625646
1083.625646
1083.625646
1083.625646
1083.625646
1083.625646
1083.625646
1083.625646
1083.605970
1083.605970
1083.605970
1083.605970
1083.605970
1083.605970
1083.605970
1083.605970
1083.605970
1083.605970
1083.605970
1083.605970
1083.605970
1083.605970
1083.605970
1083.605970
1083.605970
1083.605970
1083.605970
1083.605970
1083.605970
1083.605970
1083.605970
1083.605970
1083.605970
1083.605970
1083.605970
1083.605970
1083.605970
1083.605970
1083.605970
1083.571816
1083.571816
1083.571816
1083.571816
1083.571816
1083.571816
1083.571816
1083.571816
1083.571816
1083.571816
1083.571816
1083.571816
1083.571816
1083.571816
1083.571816
1083.571816
1083.571816
1083.571816
1083.571816
1083.571816
1083.571816
1083.571816
1083.571816
1083.571816
1083.571816
1083.571816
1083.571816
1083.571816
1083.571816
1083.571816
1083.571816
1083.571816
1083.571816
1083.571816
1083.571816
1083.571816
1083.571816
1083.571816
1083.571816
1083.571816
1083.571816
1083.571816
1083.571816
1083.571816
1083.571816
1083.571816
1083.571816
1083.571816
1083.571816
1083.571816
1083.571816
1083.571816
1083.571816
1083.571816
1083.571816
1083.571816
1083.571816
1083.571816
1083.571816
1083.571816
1083.571816
1083.571816
1083.571816
1083.571816
1083.571816
1083.571816
1083.571816
1083.571816
1083.571816
1083.571816
1083.571816
1083.571816
1083.571816
1083.571816
1083.571816
1083.571816
1083.571816
1083.571816
1083.571816
1083.571816
1083.571816
1083.571816
1083.571816
1083.571816
1083.571816
1083.571816
1083.571816
1083.571816
1083.571816
1083.567214
1083.567214
1083.567214
1083.567214
1083.567214
1083.567214
1083.567214
1083.567214
1083.567214
1083.567214
1083.567214
1083.567214
1083.567214
1083.567214
1083.567214
1083.567214
1083.567214
1083.567214
1083.567214
1083.567214
1083.567214
1083.567214
1083.567214
1083.567214
1083.567214
1083.567214
1083.567214
1083.567214
1083.567214
1083.567214
1083.567214
1083.567214
1083.567214
1083.567214
1083.515506
1083.515506
1083.515506
1083.515506
1083.515506
1083.515506
1083.515506
1083.515506
1083.515506
1083.515506
1083.515506
1083.515506
1083.515506
1083.515506
1083.515506
1083.515506
1083.515506
1083.515506
1083.481735
1083.481735
1083.481735
1083.481735
1083.481735
1083.481735
1083.481735
1083.307386
1083.307386
1083.307386
1083.307386
1083.307386
1083.307386
1083.307386
1083.307386
1083.307386
1083.307386
1083.307386
1083.307386
1083.307386
1083.307386
1083.307386
1083.307386
1083.307386
1083.307386
1083.307386
1083.307386
1083.307386
1083.307386
1083.307386
1083.307386
1083.307386
1083.307386
1083.307386
1083.307386
1083.307386
1083.307386
1083.307386
1083.307386
1083.307386
1083.307386
1083.307386
1083.307386
1083.307386
1083.307386
1083.307386
1083.307386
1083.307386
1083.307386
1083.307386
1083.307386
1083.307386
1083.307386
1083.307386
1083.307386
1083.307386
1083.307386
1083.189985
1083.189985
1083.189985
1083.189985
1083.189985
1083.189985
1083.189985
1083.189985
1083.189985
1083.189985
1083.189985
1083.189985
1083.189985
1083.189985
1083.189985
1083.189985
1083.189985
1083.189985
1083.189985
1083.189985
1083.189985
1083.189985
1083.189985
1083.189985
1083.189985
1083.189985
1083.189985
1083.189985
1083.189985
1083.189985
1083.189985
1083.189985
1083.189985
1083.189985
1083.189985
1083.189985
1083.189985
1083.189985
1083.189985
1083.189985
1083.189985
1083.189985
1083.189985
1083.189985
1083.189985
1083.189985
1083.189985
1083.189985
1083.189985
1083.189985
1083.189985
1083.189985
1083.189985
1083.189985
1083.189985
1083.189985
1083.189985
1083.189985
1083.189985
1083.189985
1083.189985
1083.189985
1083.189985
1083.189985
1083.189985
1083.189985
1083.189985
1083.189985
1083.189985
1083.189985
1083.189985
1083.189985
1083.189985
1083.189985
1083.189985
1083.189985
1083.189985
1083.189985
1083.189985
1083.189985
1083.189985
1083.189985
1083.189985
1083.189985
1083.189985
1083.189985
1083.189985
1083.189985
1083.189985
1083.189985
1083.189985
1083.189985
1083.189985
1083.189985
1083.189985
1083.189985
1083.189985
1083.189985
1083.189985
1083.189985
1083.189985
1083.189985
1083.189985
1083.178373
1083.178373
1083.178373
1083.178373
1083.178373
1083.178373
1083.178373
1083.178373
1083.178373
1083.178373
1083.178373
1083.178373
1083.178373
1083.178373
1083.178373
1083.178373
1083.178373
1083.178373
1083.178373
1083.178373
1083.178373
1083.178373
1083.178373
1083.178373
1083.178373
1083.178373
1083.178373
1083.178373
1083.178373
1083.178373
1083.178373
1083.178373
1083.178373
1083.178373
1083.178373
1083.178373
1083.178373
1083.178373
1083.178373
1083.178373
1083.178373
1083.178373
1083.178373
1083.178373
1083.178373
1083.178373
1083.178373
1083.178373
1083.178373
1083.178373
1083.178373
1083.178373
1083.178373
1083.178373
1083.178373
1083.178373
1083.178373
1083.178373
1083.178373
1083.178373
1083.178373
1083.178373
1083.178373
1083.178373
1083.178373
1083.178373
1083.178373
1083.178373
1083.178373
1083.178373
1083.178373
1083.178373
1083.178373
1083.178373
1083.178373
1083.178373
1083.178373
1083.178373
1083.178373
1083.178373
1083.178373
1083.178373
1083.178373
1083.178373
1083.178373
1083.178373
1083.178373
1083.178373
1083.178373
1083.178373
1083.178373
1083.178373
1083.178373
1083.178373
1083.178373
1083.178373
1083.178373
1083.178373
1083.178373
1083.178373
1083.178373
1083.178373
1083.178373
1083.178373
1083.178373
1083.178373
1083.178373
1083.178373
1083.178373
1083.178373
1083.178373
1083.178373
1083.178373
1083.178373
1083.178373
1083.178373
1083.178373
1083.178373
1083.178373
1083.178373
1083.178373
1083.178373
1083.178373
1083.178373
1083.178373
1083.178373
1083.178373
1083.178373
1083.178373
1083.168890
1083.168890
1083.168890
1083.168890
1083.168890
1083.168890
1083.168890
1083.168890
1083.168890
1083.168890
1083.168890
1083.168890
1083.168890
1083.168890
1083.168890
1083.168890
1083.168890
1083.168890
1083.168890
1083.168890
1083.168890
1083.168890
1083.168890
1083.168890
1083.168890
1083.168890
1083.168890
1083.168890
1083.168890
1083.168890
1083.168890
1083.168890
1083.168890
1083.168890
1083.168890
1083.168890
1083.168890
1083.168890
1083.168890
1083.168890
1083.168890
1083.168890
1083.168890
1083.168890
1083.168890
1083.168890
1083.168890
1083.168890
1083.168890
1083.168890
1083.168890
1083.168890
1083.168890
1083.168890
1083.168890
1083.168890
1083.168890
1083.165531
1083.165531
1083.165531
1083.165531
1083.165531
1083.128058
1083.128058
1083.128058
1083.128058
1083.128058
1083.128058
1083.128058
1083.128058
1083.128058
1083.128058
1083.128058
1083.128058
1083.128058
1083.128058
1083.128058
1083.128058
1083.128058
1083.128058
1083.128058
1083.128058
1083.128058
1083.128058
1083.128058
1083.128058
1083.128058
1083.128058
1083.128058
1083.128058
1083.128058
1083.128058
1083.128058
1083.128058
1083.128058
1083.128058
1083.128058
1083.128058
1083.128058
1083.128058
1083.128058
1083.128058
1083.128058
1083.128058
1083.128058
1083.128058
1083.128058
1083.128058
1083.128058
1083.128058
1083.128058
1083.128058
1083.128058
1083.128058
1083.128058
1083.128058
1083.128058
1083.128058
1083.128058
1083.128058
1083.128058
1083.128058
1083.128058
1083.128058
1083.128058
1083.128058
1083.128058
1083.128058
1083.128058
1083.128058
1083.128058
1083.128058
1083.128058
1083.128058
1083.125943
1083.125943
1083.125943
1083.125943
1083.125943
1083.125943
1083.125943
1083.125943
1083.125943
1083.125943
1083.125943
1083.125943
1083.125943
1083.125943
1083.125943
1083.078982
1083.078982
1083.078982
1083.078982
1083.078982
1083.078982
1083.078982
1083.078982
1083.078982
1083.078982
1083.078982
1083.078982
1083.078982
1083.078982
1083.078982
1083.078982
1083.078982
1083.078982
1083.078982
1083.078982
1083.078982
1083.078982
1083.078982
1083.078982
1083.078982
1083.078982
1083.078982
1083.078982
1083.078982
1083.078982
1083.078982
1083.078982
1083.078982
1083.078982
1083.078982
1083.078982
1083.078982
1083.078982
1083.078982
1083.078982
1083.078982
1083.078982
1083.078982
1083.078982
1083.078982
1083.078982
1083.078982
1083.078982
1083.078982
1083.078982
1083.078982
1083.078982
1083.078982
1083.078982
1083.078982
1083.078982
1083.078982
1083.078982
1083.078982
1083.078982
1083.078982
1083.078982
1083.078982
1083.078982
1083.078982
1083.078982
1083.078982
1083.078982
1083.078982
1083.078982
1083.078982
1083.078982
1083.078982
1083.078982
1083.078982
1083.078982
1083.078982
1083.078982
1083.078982
1083.078982
1083.078982
1083.078982
1083.078982
1083.078982
1083.078982
1083.078982
1083.078982
1083.078982
1083.078982
1083.078982
1083.078982
1083.078982
1083.078982
1083.078982
1083.078982
1083.078982
1083.078982
1083.078982
1083.078982
1083.078982
1083.078982
1083.078982
1083.078982
1083.078982
1083.078982
1083.078982
1083.078982
1083.078982
1083.078982
1083.078982
1083.078982
1083.078982
1083.078982
1083.066216
1083.066216
1083.066216
1083.066216
1083.066216
1083.066216
1083.066216
1083.066216
1083.066216
1083.066216
1083.066216
1083.066216
1083.066216
1083.066216
1083.066216
1083.066216
1083.066216
1083.066216
1083.066216
1083.066216
1083.066216
1083.066216
1083.066216
1083.066216
1083.066216
1083.066216
1083.066216
1083.066216
1083.066216
1083.066216
1083.066216
1083.066216
1083.066216
1083.066216
1083.066216
1083.066216
1083.066216
1083.066216
1083.066216
1083.066216
1083.066216
1083.066216
1083.066216
1083.066216
1083.066216
1083.066216
1083.066216
1083.066216
1083.066216
1083.066216
1083.066216
1083.066216
1083.066216
1083.066216
1083.066216
1083.066216
1083.066216
1083.066216
1083.066216
1083.066216
1083.066216
1083.066216
1083.066216
1083.066216
1083.066216
1083.066216
1083.066216
1083.066216
1083.066216
1083.066216
1083.066216
1083.066216
1083.066216
1083.066216
1083.066216
1083.066216
1083.066216
1083.066216
1083.066216
1083.066216
1083.066216
1083.066216
1083.066216
1083.066216
1083.066216
1083.066216
1083.059503
1083.059503
1083.059503
1083.059503
1083.059503
1083.059503
1083.059503
1083.059503
1083.059503
1083.059503
1083.059503
1083.059503
1083.059503
1083.059503
1083.059503
1083.059503
1083.059503
1083.059503
1083.059503
1083.059503
1083.059503
1083.059503
1083.059503
1083.059503
1083.059503
1083.059503
1083.059503
1083.059503
1083.059503
1083.059503
1083.059503
1083.059503
1083.059503
1083.059503
1083.059503
1083.059503
1083.059503
1083.059503
1083.059503
1083.057695
1083.057695
1083.057695
1083.057695
1083.057695
1083.057695
1083.057695
1083.057695
1083.057695
1083.057695
1083.057695
1083.057695
1083.057695
1083.057695
1083.057695
1083.044629
1083.044629
1083.044629
1083.044629
1083.044629
1083.044629
1083.044629
1083.044629
1083.044629
1083.044629
1083.036645
1082.988941
1082.988941
1082.988941
1082.988941
1082.988941
1082.988941
1082.988941
1082.988941
1082.988941
1082.988941
1082.988941
1082.988941
1082.988941
1082.988941
1082.988941
1082.988941
1082.988941
1082.988941
1082.988941
1082.988941
1082.988941
1082.988941
1082.988941
1082.988941
1082.988941
1082.988941
1082.988941
1082.988941
1082.988941
1082.988941
1082.988941
1082.988941
1082.988941
1082.988941
1082.988941
1082.988941
1082.988941
1082.988941
1082.988941
1082.988941
1082.988941
1082.988941
1082.988941
1082.988941
1082.988941
1082.988941
1082.988941
1082.988941
1082.988941
1082.988941
1082.988941
1082.988941
1082.988941
1082.988941
1082.988941
1082.988941
1082.988941
1082.988941
1082.988941
1082.988941
1082.988941
1082.988941
1082.988941
1082.988941
1082.988941
1082.988941
1082.988941
1082.988941
1082.988941
1082.988941
1082.988941
1082.988941
1082.988941
1082.988941
1082.988941
1082.988941
1082.988941
1082.988941
1082.988941
1082.988941
1082.988941
1082.988941
1082.988941
1082.988941
1082.988941
1082.988941
1082.988941
1082.988941
1082.988941
1082.988941
1082.988941
1082.988941
1082.988941
1082.988941
1082.988941
1082.988941
1082.988941
1082.988941
1082.988941
1082.988941
1082.988941
1082.988941
1082.988941
1082.988941
1082.988941
1082.988941
1082.988941
1082.988941
1082.988941
1082.988941
1082.988941
1082.988941
1082.988941
1082.988941
1082.988941
1082.988941
1082.988941
1082.988941
1082.988941
1082.988941
1082.988941
1082.988941
1082.988941
1082.988941
1082.988941
1082.988941
1082.988941
1082.988941
1082.988941
1082.988941
1082.988941
1082.988941
1082.988941
1082.988941
1082.988941
1082.988941
1082.988941
1082.988941
1082.988941
1082.988941
1082.956775
1082.956775
1082.956775
1082.956775
1082.956775
1082.956775
1082.956775
1082.956775
1082.956775
1082.956775
1082.956775
1082.956775
1082.956775
1082.956775
1082.956775
1082.956775
1082.956775
1082.956775
1082.956775
1082.956775
1082.931549
1082.931549
1082.931549
1082.931549
1082.931549
1082.931549
1082.931549
1082.931549
1082.931549
1082.931549
1082.931549
1082.931549
1082.931549
1082.931549
1082.931549
1082.931549
1082.931549
1082.931549
1082.931549
1082.931549
1082.931549
1082.931549
1082.931549
1082.931549
1082.931549
1082.931549
1082.931549
1082.931549
1082.931549
1082.931549
1082.931549
1082.931549
1082.931549
1082.931549
1082.931549
1082.931549
1082.929491
1082.929491
1082.929491
1082.903366
1082.903366
1082.903366
1082.903366
1082.903366
1082.903366
1082.903366
1082.903366
1082.903366
1082.903366
1082.903366
1082.903366
1082.903366
1082.903366
1082.903366
1082.903366
1082.903366
1082.903366
1082.903366
1082.903366
1082.903366
1082.903366
1082.903366
1082.903366
1082.903366
1082.903366
1082.903366
1082.903366
1082.903366
1082.903366
1082.903366
1082.903366
1082.903366
1082.903366
1082.903366
1082.903366
1082.903366
1082.903366
1082.903366
1082.903366
1082.903366
1082.903366
1082.903366
1082.903366
1082.903366
1082.903366
1082.903366
1082.903366
1082.903366
1082.903366
1082.903366
1082.903366
1082.903366
1082.903366
1082.903366
1082.903366
1082.903366
1082.903366
1082.903366
1082.903366
1082.889991
1082.889991
1082.889991
1082.889991
1082.817195
1082.817195
1082.817195
1082.817195
1082.817195
1082.817195
1082.817195
1082.817195
1082.817195
1082.817195
1082.817195
1082.817195
1082.817195
1082.817195
1082.817195
1082.817195
1082.817195
1082.817195
1082.817195
1082.817195
1082.817195
1082.817195
1082.817195
1082.817195
1082.817195
1082.817195
1082.817195
1082.817195
1082.817195
1082.817195
1082.817195
1082.817195
1082.817195
1082.817195
1082.817195
1082.817195
1082.817195
1082.817195
1082.817195
1082.817195
1082.817195
1082.817195
1082.817195
1082.817195
1082.817195
1082.817195
1082.817195
1082.817195
1082.817195
1082.817195
1082.817195
1082.817195
1082.817195
1082.817195
1082.817195
1082.817195
1082.817195
1082.817195
1082.817195
1082.817195
1082.817195
1082.817195
1082.817195
1082.817195
1082.817195
1082.817195
1082.817195
1082.817195
1082.817195
1082.817195
1082.817195
1082.817195
1082.817195
1082.817195
1082.817195
1082.817195
1082.817195
1082.817195
1082.817195
1082.817195
1082.817195
1082.817195
1082.817195
1082.817195
1082.817195
1082.817195
1082.817195
1082.817195
1082.817195
1082.817195
1082.817195
1082.817195
1082.817195
1082.817195
1082.817195
1082.817195
1082.817195
1082.817195
1082.817195
1082.817195
1082.817195
1082.817195
1082.817195
1082.817195
1082.817195
1082.799709
1082.799709
1082.799709
1082.799709
1082.799709
1082.799709
1082.799709
1082.799709
1082.799709
1082.799709
1082.799709
1082.799709
1082.799709
1082.799709
1082.799709
1082.799709
1082.799709
1082.799709
1082.799709
1082.799709
1082.799709
1082.799709
1082.799709
1082.799709
1082.799709
1082.799709
1082.799709
1082.799709
1082.799709
1082.799709
1082.799709
1082.799709
1082.799709
1082.799709
1082.799709
1082.799709
1082.799709
1082.799709
1082.799709
1082.799709
1082.799709
1082.799709
1082.799709
1082.799709
1082.799709
1082.799709
1082.799709
1082.799709
1082.799709
1082.799709
1082.799709
1082.799709
1082.799709
1082.799709
1082.799709
1082.799709
1082.799709
1082.799709
1082.799709
1082.799709
1082.799709
1082.799709
1082.799709
1082.799709
1082.799709
1082.799709
1082.799709
1082.799709
1082.799709
1082.799709
1082.799709
1082.799709
1082.799709
1082.799709
1082.799709
1082.780084
1082.780084
1082.780084
1082.780084
1082.780084
1082.780084
1082.780084
1082.780084
1082.780084
1082.780084
1082.780084
1082.780084
1082.780084
1082.780084
1082.780084
1082.780084
1082.780084
1082.780084
1082.780084
1082.780084
1082.780084
1082.780084
1082.780084
1082.780084
1082.780084
1082.780084
1082.780084
1082.780084
1082.780084
1082.780084
1082.780084
1082.780084
1082.780084
1082.780084
1082.780084
1082.780084
1082.780084
1082.751218
1082.751218
1082.751218
1082.751218
1082.751218
1082.751218
1082.751218
1082.751218
1082.751218
1082.751218
1082.751218
1082.751218
1082.751218
1082.751218
1082.751218
1082.751218
1082.751218
1082.751218
1082.751218
1082.751218
1082.751218
1082.751218
1082.751218
1082.751218
1082.751218
1082.751218
1082.751218
1082.751218
1082.751218
1082.751218
1082.751218
1082.751218
1082.751218
1082.751218
1082.751218
1082.751218
1082.751218
1082.751218
1082.751218
1082.751218
1082.751218
1082.751218
1082.751218
1082.751218
1082.751218
1082.751218
1082.751218
1082.751218
1082.751218
1082.751218
1082.751218
1082.751218
1082.751218
1082.751218
1082.751218
1082.751218
1082.751218
1082.751218
1082.751218
1082.751218
1082.751218
1082.751218
1082.751218
1082.751218
1082.751218
1082.751218
1082.751218
1082.751218
1082.751218
1082.751218
1082.751218
1082.751218
1082.751218
1082.751218
1082.751218
1082.751218
1082.751218
1082.751218
1082.751218
1082.751218
1082.688486
1082.688486
1082.688486
1082.688486
1082.688486
1082.688486
1082.688486
1082.688486
1082.688486
1082.688486
1082.688486
1082.688486
1082.688486
1082.688486
1082.688486
1082.688486
1082.688486
1082.688486
1082.688486
1082.688486
1082.688486
1082.688486
1082.688486
1082.688486
1082.688486
1082.688486
1082.688486
1082.688486
1082.688486
1082.688486
1082.688486
1082.688486
1082.688486
1082.688486
1082.688486
1082.688486
1082.688486
1082.688486
1082.688486
1082.688486
1082.688486
1082.688486
1082.688486
1082.688486
1082.688486
1082.688486
1082.688486
1082.688486
1082.688486
1082.677733
1082.677733
1082.677733
1082.677733
1082.677733
1082.677733
1082.677733
1082.677733
1082.677733
1082.677733
1082.677733
1082.677733
1082.677733
1082.677733
1082.677733
1082.677733
1082.677733
1082.677733
1082.677733
1082.677733
1082.677733
1082.677733
1082.677733
1082.677733
1082.677733
1082.677733
1082.677733
1082.677733
1082.677733
1082.677733
1082.677733
1082.677733
1082.677733
1082.677733
1082.677733
1082.677733
1082.677733
1082.677733
1082.677733
1082.677733
1082.677733
1082.677733
1082.677733
1082.677733
1082.677733
1082.677733
1082.677733
1082.677733
1082.677733
1082.677733
1082.677733
1082.677733
1082.677733
1082.677733
1082.677733
1082.677733
1082.677733
1082.677733
1082.677733
1082.677733
1082.677733
1082.677733
1082.677733
1082.677733
1082.677733
1082.677733
1082.677733
1082.677733
1082.677733
1082.677733
1082.677733
1082.677733
1082.677733
1082.677733
1082.677733
1082.677733
1082.677733
1082.677733
1082.677733
1082.677733
1082.677733
1082.677733
1082.677733
1082.677733
1082.677733
1082.677733
1082.677733
1082.655791
1082.655791
1082.655791
1082.655791
1082.655791
1082.655791
1082.655791
1082.655791
1082.655791
1082.655791
1082.655791
1082.655791
1082.655791
1082.655791
1082.655791
1082.655791
1082.655791
1082.655791
1082.655791
1082.655791
1082.655791
1082.655791
1082.655791
1082.655791
1082.655791
1082.655791
1082.655791
1082.655791
1082.655791
1082.649286
1082.649286
1082.649286
1082.646502
1082.646502
1082.646502
1082.646502
1082.646502
1082.646502
1082.646502
1082.646502
1082.646502
1082.646502
1082.646502
1082.646502
1082.646502
1082.646502
1082.646502
1082.646502
1082.646502
1082.646502
1082.625810
1082.625810
1082.625810
1082.625810
1082.625810
1082.625810
1082.625810
1082.625810
1082.625810
1082.625810
1082.625810
1082.625810
1082.625810
1082.625810
1082.625810
1082.625810
1082.625810
1082.625810
1082.625810
1082.625810
1082.625810
1082.625810
1082.625810
1082.625810
1082.625810
1082.625810
1082.625810
1082.625810
1082.625810
1082.625810
1082.625810
1082.625810
1082.602002
1082.602002
1082.602002
1082.602002
1082.602002
1082.602002
1082.602002
1082.602002
1082.602002
1082.602002
1082.602002
1082.602002
1082.602002
1082.602002
1082.602002
1082.602002
1082.602002
1082.602002
1082.602002
1082.602002
1082.602002
1082.602002
1082.602002
1082.602002
1082.602002
1082.602002
1082.602002
1082.602002
1082.602002
1082.602002
1082.602002
1082.602002
1082.594928
1082.594928
1082.594928
1082.594928
1082.594928
1082.594928
1082.594928
1082.594928
1082.594928
1082.594928
1082.594928
1082.594928
1082.594928
1082.594928
1082.594928
1082.594928
1082.594928
1082.594928
1082.594928
1082.594928
1082.594928
1082.594928
1082.594928
1082.594928
1082.594928
1082.594928
1082.594928
1082.594928
1082.594928
1082.594928
1082.594928
1082.594928
1082.594928
1082.594928
1082.594928
1082.594928
1082.594928
1082.594928
1082.594928
1082.594928
1082.594928
1082.594928
1082.594928
1082.594928
1082.594928
1082.594928
1082.594928
1082.594928
1082.594928
1082.594928
1082.594928
1082.594928
1082.552155
1082.552155
1082.552155
1082.552155
1082.552155
1082.552155
1082.552155
1082.552155
1082.552155
1082.552155
1082.552155
1082.552155
1082.552155
1082.552155
1082.552155
1082.552155
1082.552155
1082.552155
1082.552155
1082.552155
1082.552155
1082.552155
1082.552155
1082.552155
1082.552155
1082.552155
1082.552155
1082.552155
1082.552155
1082.552155
1082.552155
1082.552155
1082.552155
1082.552155
1082.552155
1082.552155
1082.552155
1082.552155
1082.552155
1082.552155
1082.552155
1082.552155
1082.552155
1082.552155
1082.552155
1082.552155
1082.552155
1082.552155
1082.552155
1082.552155
1082.511975
1082.511975
1082.511975
1082.511975
1082.511975
1082.511975
1082.511975
1082.511975
1082.511975
1082.511975
1082.511975
1082.511975
1082.511975
1082.511975
1082.511975
1082.511975
1082.511975
1082.511975
1082.511975
1082.511975
1082.511975
1082.511975
1082.511975
1082.511975
1082.511975
1082.511975
1082.511975
1082.511975
1082.511975
1082.511975
1082.511975
1082.511975
1082.511975
1082.511975
1082.511975
1082.511975
1082.511975
1082.511975
1082.511975
1082.511975
1082.511975
1082.511975
1082.511975
1082.511975
1082.511975
1082.511975
1082.511975
1082.511975
1082.511975
1082.511975
1082.511975
1082.511975
1082.511975
1082.511975
1082.511975
1082.511975
1082.511975
1082.511975
1082.511975
1082.511975
1082.511975
1082.511975
1082.511975
1082.511975
1082.511975
1082.511975
1082.511975
1082.511975
1082.511975
1082.511975
1082.511975
1082.511975
1082.511975
1082.511975
1082.511975
1082.511975
1082.511975
1082.511975
1082.511975
1082.511975
1082.511975
1082.511975
1082.511975
1082.511975
1082.511975
1082.511975
1082.511975
1082.511975
1082.511975
1082.511975
1082.511975
1082.469320
1082.469320
1082.469320
1082.469320
1082.469320
1082.469320
1082.469320
1082.469320
1082.469320
1082.469320
1082.469320
1082.469320
1082.469320
1082.469320
1082.469320
1082.469320
1082.469320
1082.469320
1082.469320
1082.469320
1082.469320
1082.469320
1082.469320
1082.469320
1082.469320
1082.469320
1082.469320
1082.469320
1082.469320
1082.469320
1082.469320
1082.469320
1082.469320
1082.469320
1082.469320
1082.469320
1082.469320
1082.469320
1082.469320
1082.469320
1082.422808
1082.422808
1082.422808
1082.422808
1082.422808
1082.422808
1082.422808
1082.422808
1082.422808
1082.422808
1082.422808
1082.422808
1082.422808
1082.422808
1082.422808
1082.422808
1082.418313
1082.418313
1082.418313
1082.418313
1082.418313
1082.418313
1082.418313
1082.418313
1082.418313
1082.418313
1082.418313
1082.418313
1082.418313
1082.418313
1082.418313
1082.418313
1082.418313
1082.418313
1082.418313
1082.418313
1082.418313
1082.418313
1082.418313
1082.418313
1082.418313
1082.418313
1082.418313
1082.418313
1082.418313
1082.418313
1082.418313
1082.418313
1082.418313
1082.418313
1082.418313
1082.418313
1082.418313
1082.418313
1082.418313
1082.418313
1082.404461
1082.404461
1082.404461
1082.404461
1082.404461
1082.404461
1082.404461
1082.404461
1082.404461
1082.404461
1082.395635
1082.395635
1082.395635
1082.395635
1082.395635
1082.395635
1082.395635
1082.395635
1082.395635
1082.395635
1082.395635
1082.395635
1082.395635
1082.395635
1082.395635
1082.395635
1082.395635
1082.395635
1082.395635
1082.395635
1082.395635
1082.395635
1082.395635
1082.395635
1082.395635
1082.395635
1082.395635
1082.395635
1082.395635
1082.395635
1082.395635
1082.395635
1082.395635
1082.395635
1082.395635
1082.395635
1082.395635
1082.395635
1082.395635
1082.395635
1082.395635
1082.395635
1082.395635
1082.395635
1082.395635
1082.376226
1082.376226
1082.376226
1082.376226
1082.376226
1082.376226
1082.376226
1082.376226
1082.376226
1082.376226
1082.376226
1082.376226
1082.376226
1082.376226
1082.376226
1082.376226
1082.376226
1082.376226
1082.376226
1082.376226
1082.376226
1082.376226
1082.376226
1082.376226
1082.376226
1082.376226
1082.376226
1082.376226
1082.376226
1082.376226
1082.376226
1082.376226
1082.376226
1082.376226
1082.376226
1082.376226
1082.376226
1082.376226
1082.376226
1082.376226
1082.376226
1082.376226
1082.376226
1082.376226
1082.376226
1082.376226
1082.376226
1082.376226
1082.376226
1082.376226
1082.376226
1082.376226
1082.376226
1082.376226
1082.376226
1082.376226
1082.376226
1082.376226
1082.376226
1082.376226
1082.376226
1082.376226
1082.376226
1082.376226
1082.376226
1082.376226
1082.376226
1082.376226
1082.376226
1082.376226
1082.376226
1082.376226
1082.376226
1082.376226
1082.376226
1082.376226
1082.376226
1082.376226
1082.376226
1082.376226
1082.376226
1082.376226
1082.376226
1082.376226
1082.376226
1082.376226
1082.376226
1082.376226
1082.376226
1082.376226
1082.376226
1082.376226
1082.376226
1082.376226
1082.376226
1082.376226
1082.376226
1082.376226
1082.376226
1082.376226
1082.376226
1082.376226
1082.376226
1082.376226
1082.376226
1082.376226
1082.376226
1082.376226
1082.376226
1082.376226
1082.376226
1082.376226
1082.376226
1082.348701
1082.348701
1082.348701
1082.348701
1082.348701
1082.348701
1082.348701
1082.348701
1082.348701
1082.348701
1082.348701
1082.348701
1082.348701
1082.348701
1082.348701
1082.348701
1082.348701
1082.348701
1082.348701
1082.348701
1082.348701
1082.348701
1082.348701
1082.348701
1082.348701
1082.348701
1082.348701
1082.348701
1082.348701
1082.348701
1082.348701
1082.348701
1082.348701
1082.348701
1082.348701
1082.348701
1082.348701
1082.348701
1082.348701
1082.348701
1082.348701
1082.348701
1082.348701
1082.348701
1082.348701
1082.348701
1082.348701
1082.348701
1082.348701
1082.348701
1082.348701
1082.315961
1082.315961
1082.315961
1082.315961
1082.315961
1082.315961
1082.315961
1082.315961
1082.315961
1082.315961
1082.315961
1082.315961
1082.315961
1082.315961
1082.315961
1082.315961
1082.315961
1082.315961
1082.315961
1082.315961
1082.315961
1082.315961
1082.315961
1082.315961
1082.315961
1082.315961
1082.315961
1082.315961
1082.315961
1082.315961
1082.315961
1082.315961
1082.315961
1082.315961
1082.315961
1082.315961
1082.315961
1082.315961
1082.315961
1082.315961
1082.283573
1082.283573
1082.283573
1082.283573
1082.283573
1082.283573
1082.283573
1082.283573
1082.283573
1082.283573
1082.283573
1082.283573
1082.283573
1082.283573
1082.283573
1082.283573
1082.283573
1082.283573
1082.283573
1082.283573
1082.283573
1082.283573
1082.283573
1082.283573
1082.283573
1082.283573
1082.283573
1082.283573
1082.283573
1082.283573
1082.283573
1082.283573
1082.283573
1082.283573
1082.283573
1082.283573
1082.283573
1082.283573
1082.283573
1082.283573
1082.283573
1082.283573
1082.283573
1082.283573
1082.283573
1082.283573
1082.283573
1082.283573
1082.283573
1082.283573
1082.283573
1082.283573
1082.283573
1082.283573
1082.283573
1082.283573
1082.283573
1082.283573
1082.283573
1082.283573
1082.283573
1082.283573
1082.283573
1082.283573
1082.283573
1082.283573
1082.283573
1082.283573
1082.283573
1082.283573
1082.283573
1082.283573
1082.283573
1082.283573
1082.283573
1082.283573
1082.283573
1082.283573
1082.283573
1082.283573
1082.283573
1082.283573
1082.283573
1082.283573
1082.283573
1082.283573
1082.283573
1082.283573
1082.283573
1082.274624
1082.274624
1082.274624
1082.274624
1082.274624
1082.274624
1082.274624
1082.274624
1082.274624
1082.274624
1082.274624
1082.274624
1082.274624
1082.274624
1082.274624
1082.274624
1082.274624
1082.274624
1082.274624
1082.274624
1082.274624
1082.274624
1082.274624
1082.274624
1082.274624
1082.274624
1082.274624
1082.274624
1082.274624
1082.274624
1082.274624
1082.274624
1082.274624
1082.274624
1082.274624
1082.274624
1082.274624
1082.274624
1082.274624
1082.274624
1082.274624
1082.274624
1082.274624
1082.274624
1082.274624
1082.274624
1082.274624
1082.274624
1082.274624
1082.274624
1082.274624
1082.274624
1082.274624
1082.274624
1082.274624
1082.274624
1082.268742
1082.268742
1082.268742
1082.268742
1082.268742
1082.268742
1082.259981
1082.259981
1082.259981
1082.259981
1082.259981
1082.259981
1082.259981
1082.259981
1082.259981
1082.259981
1082.259981
1082.259981
1082.259981
1082.259981
1082.259981
1082.259981
1082.259981
1082.259981
1082.259981
1082.259981
1082.259981
1082.259981
1082.259981
1082.259981
1082.259981
1082.259981
1082.259981
1082.259981
1082.259981
1082.259981
1082.259981
1082.259981
1082.255488
1082.255488
1082.255488
1082.255488
1082.255488
1082.223917
1082.223917
1082.223917
1082.223917
1082.223917
1082.223917
1082.223917
1082.223917
1082.223917
1082.223917
1082.223917
1082.223917
1082.223917
1082.223917
1082.223917
1082.223917
1082.223917
1082.223917
1082.223917
1082.223917
1082.223917
1082.223917
1082.223917
1082.223917
1082.223917
1082.223917
1082.223917
1082.223917
1082.223917
1082.223917
1082.223917
1082.223917
1082.223917
1082.223917
1082.223917
1082.223917
1082.223917
1082.223917
1082.223917
1082.223917
1082.222930
1082.222930
1082.222930
1082.222930
1082.222930
1082.222930
1082.222930
1082.222930
1082.222930
1082.222930
1082.222930
1082.222930
1082.222930
1082.222930
1082.222930
1082.222930
1082.222930
1082.222930
1082.222930
1082.222930
1082.221388
1082.221388
1082.221388
1082.221388
1082.221388
1082.221388
1082.221388
1082.221388
1082.221388
1082.221388
1082.221388
1082.221388
1082.221388
1082.221388
1082.221388
1082.221388
1082.221388
1082.221388
1082.221388
1082.221388
1082.221388
1082.221388
1082.221388
1082.221388
1082.221388
1082.221388
1082.221388
1082.212318
1082.212318
1082.212318
1082.212318
1082.212318
1082.212318
1082.212318
1082.212318
1082.212318
1082.212318
1082.212318
1082.212318
1082.212318
1082.212318
1082.212318
1082.212318
1082.212318
1082.212318
1082.212318
1082.212318
1082.212318
1082.212318
1082.212318
1082.212318
1082.212318
1082.212318
1082.212318
1082.212318
1082.212318
1082.212318
1082.212318
1082.212318
1082.212318
1082.212318
1082.212318
1082.212318
1082.212318
1082.212318
1082.212318
1082.212318
1082.212318
1082.212318
1082.212318
1082.212318
1082.212318
1082.212318
1082.212318
1082.212318
1082.212318
1082.212318
1082.212318
1082.212318
1082.212318
1082.212318
1082.212318
1082.212318
1082.212318
1082.212318
1082.212318
1082.212318
1082.212318
1082.212318
1082.212318
1082.212318
1082.212318
1082.154904
1082.154904
1082.154904
1082.154904
1082.154904
1082.154904
1082.154904
1082.154904
1082.154904
1082.154904
1082.154904
1082.154904
1082.154904
1082.154904
1082.154904
1082.154904
1082.154904
1082.154904
1082.154904
1082.154904
1082.154904
1082.154904
1082.154904
1082.154904
1082.154904
1082.154904
1082.154904
1082.154904
1082.154904
1082.154904
1082.154904
1082.154904
1082.154904
1082.154904
1082.154904
1082.154904
1082.154904
1082.154904
1082.154904
1082.150977
1082.150977
1082.150977
1082.150977
1082.150977
1082.150977
1082.150977
1082.150977
1082.150977
1082.150977
1082.150977
1082.150977
1082.150977
1082.150977
1082.150977
1082.150977
1082.150977
1082.150977
1082.150977
1082.150977
1082.150977
1082.150977
1082.150977
1082.150977
1082.150977
1082.150977
1082.150977
1082.150977
1082.150977
1082.150977
1082.150977
1082.150977
1082.150977
1082.150977
1082.150977
1082.150977
1082.150977
1082.150977
1082.150977
1082.150977
1082.150977
1082.150977
1082.150977
1082.150977
1082.150977
1082.150977
1082.150977
1082.150977
1082.150977
1082.150646
1082.150646
1082.150646
1082.150646
1082.150646
1082.150646
1082.150646
1082.150646
1082.150646
1082.150646
1082.150646
1082.150646
1082.150646
1082.150646
1082.150646
1082.150646
1082.150646
1082.150646
1082.150646
1082.150646
1082.150646
1082.150646
1082.150646
1082.150646
1082.150646
1082.139882
1082.139882
1082.132016
1082.132016
1082.132016
1082.132016
1082.132016
1082.132016
1082.132016
1082.132016
1082.132016
1082.132016
1082.132016
1082.132016
1082.132016
1082.132016
1082.132016
1082.132016
1082.132016
1082.132016
1082.132016
1082.132016
1082.132016
1082.126673
1082.126673
1082.126673
1082.126673
1082.126673
1082.126673
1082.126673
1082.126673
1082.126673
1082.126673
1082.126673
1082.126673
1082.126673
1082.126673
1082.126673
1082.126673
1082.126673
1082.126673
1082.126673
1082.126673
1082.126673
1082.126673
1082.126673
1082.126673
1082.126673
1082.126673
1082.126673
1082.126673
1082.126673
1082.126673
1082.126673
1082.126673
1082.126673
1082.126673
1082.126673
1082.126673
1082.126673
1082.126673
1082.126673
1082.126673
1082.126673
1082.126673
1082.126673
1082.126673
1082.126673
1082.126673
1082.126673
1082.126673
1082.126673
1082.126673
1082.126673
1082.126673
1082.126673
1082.126673
1082.126673
1082.126673
1082.126673
1082.126673
1082.126673
1082.126673
1082.126673
1082.126673
1082.126673
1082.126673
1082.126673
1082.126673
1082.126673
1082.126673
1082.120288
1082.120288
1082.120288
1082.120288
1082.120288
1082.120288
1082.120288
1082.120288
1082.120288
1082.120288
1082.120288
1082.120288
1082.120288
1082.120288
1082.120288
1082.120288
1082.120288
1082.120288
1082.120288
1082.120288
1082.120288
1082.120288
1082.120288
1082.120288
1082.120288
1082.120288
1082.120288
1082.120288
1082.120288
1082.120288
1082.120288
1082.120288
1082.120288
1082.120288
1082.091992
1082.091992
1082.091992
1082.091992
1082.091992
1082.091992
1082.091992
1082.091992
1082.091992
1082.091992
1082.091992
1082.091992
1082.091992
1082.091992
1082.091992
1082.091992
1082.091992
1082.091992
1082.091992
1082.091992
1082.091992
1082.091992
1082.091992
1082.091992
1082.091992
1082.091992
1082.091992
1082.091992
1082.091992
1082.091992
1082.091992
1082.091992
1082.091992
1082.091992
1082.091992
1082.091992
1082.091992
1082.091992
1082.091992
1082.091992
1082.091992
1082.091992
1082.091992
1082.091992
1082.091992
1082.091992
1082.091992
1082.091992
1082.091992
1082.091992
1082.091992
1082.091992
1082.091992
1082.091992
1082.091992
1082.091992
1082.091992
1082.091992
1082.091992
1082.091992
1082.091992
1082.091992
1082.091992
1082.091992
1082.091992
1082.091992
1082.091992
1082.091992
1082.091992
1082.091992
1082.091992
1082.091992
1082.048396
1082.048396
1082.048396
1082.048396
1082.048396
1082.048396
1082.048396
1082.048396
1082.048396
1082.048396
1082.048396
1082.048396
1082.048396
1082.048396
1082.048396
1082.048396
1082.048396
1082.048396
1082.048396
1082.048396
1082.048396
1082.048396
1082.048396
1082.048396
1082.048396
1082.048396
1082.048396
1082.048396
1082.048396
1082.048396
1082.048396
1082.048396
1082.048396
1082.048396
1082.048396
1082.048396
1082.048396
1082.048396
1082.048396
1082.048396
1082.048396
1082.048396
1082.048396
1082.048396
1082.048396
1082.048396
1082.048396
1082.048396
1082.048396
1082.048396
1082.048396
1082.048396
1082.048396
1082.048396
1082.048396
1082.048396
1082.048396
1082.048396
1082.048396
1082.048396
1082.048396
1082.048396
1082.048396
1082.048396
1082.048396
1082.048396
1082.048396
1082.048396
1082.048396
1082.048396
1082.048396
1082.048396
1082.048396
1082.048396
1082.048396
1082.048396
1082.048396
1082.048396
1082.048396
1082.048396
1082.048396
1082.048396
1082.048396
1082.048396
1082.048396
1082.048396
1082.048396
1082.048396
1082.048396
1082.048396
1082.048396
1082.048396
1082.048396
1082.048396
1082.048396
1082.048396
1082.048396
1082.048396
1082.048396
1082.048396
1082.048396
1082.048396
1082.027743
1082.027743
1082.027743
1082.027743
1082.027743
1082.027743
1082.027743
1082.027743
1082.027743
1082.027743
1082.027743
1082.027743
1082.027743
1082.027743
1082.027743
1082.027743
1082.027743
1082.027743
1082.027743
1082.027743
1082.027743
1082.027743
1082.027743
1082.027743
1082.027743
1082.027743
1082.027743
1082.027743
1082.027743
1082.027743
1082.027743
1082.027743
1082.027743
1082.027743
1082.027743
1082.027204
1082.027204
1082.027204
1082.027204
1082.027204
1082.027204
1082.027204
1082.027204
1082.027204
1082.027204
1082.027204
1082.027204
1082.027204
1082.027204
1082.027204
1082.027204
1082.027204
1082.027204
1082.027204
1082.027204
1081.998013
1081.998013
1081.998013
1081.998013
1081.998013
1081.998013
1081.998013
1081.998013
1081.998013
1081.998013
1081.998013
1081.998013
1081.998013
1081.998013
1081.998013
1081.998013
1081.998013
1081.998013
1081.998013
1081.998013
1081.998013
1081.998013
1081.998013
1081.998013
1081.998013
1081.998013
1081.998013
1081.998013
1081.998013
1081.998013
1081.998013
1081.998013
1081.998013
1081.998013
1081.998013
1081.998013
1081.998013
1081.998013
1081.998013
1081.998013
1081.998013
1081.998013
1081.998013
1081.990089
1081.990089
1081.990089
1081.990089
1081.990089
1081.990089
1081.990089
1081.990089
1081.990089
1081.990089
1081.990089
1081.990089
1081.990089
1081.990089
1081.990089
1081.990089
1081.990089
1081.990089
1081.990089
1081.990089
1081.990089
1081.990089
1081.990089
1081.990089
1081.990089
1081.990089
1081.990089
1081.990089
1081.990089
1081.990089
1081.990089
1081.990089
1081.990089
1081.990089
1081.990089
1081.990089
1081.990089
1081.990089
1081.990089
1081.990089
1081.990089
1081.990089
1081.990089
1081.990089
1081.990089
1081.990089
1081.990089
1081.990089
1081.990089
1081.990089
1081.990089
1081.990089
1081.990089
1081.990089
1081.990089
1081.990089
1081.990089
1081.990089
1081.990089
1081.990089
1081.990089
1081.990089
1081.990089
1081.990089
1081.990089
1081.990089
1081.990089
1081.990089
1081.990089
1081.990089
1081.990089
1081.990089
1081.990089
1081.990089
1081.990089
1081.987452
1081.987452
1081.987452
1081.987452
1081.987452
1081.987452
1081.987452
1081.987452
1081.987452
1081.987452
1081.987452
1081.987452
1081.987452
1081.987452
1081.987452
1081.987452
1081.987452
1081.987452
1081.987452
1081.987452
1081.987452
1081.987452
1081.987452
1081.987452
1081.987452
1081.987452
1081.987452
1081.987452
1081.987452
1081.987452
1081.987452
1081.987452
1081.987452
1081.987452
1081.987452
1081.987452
1081.987452
1081.987452
1081.987452
1081.987452
1081.987452
1081.987452
1081.987452
1081.987452
1081.987452
1081.987452
1081.987452
1081.987452
1081.987452
1081.987452
1081.987452
1081.987452
1081.987452
1081.987452
1081.987452
1081.987452
1081.987452
1081.987452
1081.987452
1081.987452
1081.987452
1081.987452
1081.987452
1081.987452
1081.987452
1081.987452
1081.987452
1081.987452
1081.987452
1081.987452
1081.987452
1081.987452
1081.987346
1081.987346
1081.987346
1081.987346
1081.987346
1081.987346
1081.987346
1081.987346
1081.987346
1081.987346
1081.987346
1081.987346
1081.987346
1081.987346
1081.987346
1081.987346
1081.987346
1081.942434
1081.942434
1081.942434
1081.942434
1081.942434
1081.942434
1081.942434
1081.942434
1081.942434
1081.942434
1081.942434
1081.942434
1081.942434
1081.942434
1081.942434
1081.942434
1081.942434
1081.942434
1081.942434
1081.942434
1081.942434
1081.942434
1081.942434
1081.942434
1081.942434
1081.942434
1081.942434
1081.942434
1081.942434
1081.942434
1081.942434
1081.942434
1081.942434
1081.942434
1081.942434
1081.942434
1081.942434
1081.942434
1081.942434
1081.942434
1081.942434
1081.942434
1081.942434
1081.942434
1081.942434
1081.942434
1081.942434
1081.942434
1081.942434
1081.942434
1081.942434
1081.942434
1081.942434
1081.942434
1081.942434
1081.942434
1081.942434
1081.942434
1081.942434
1081.942434
1081.878672
1081.878672
1081.878672
1081.878672
1081.878672
1081.878672
1081.878672
1081.878672
1081.878672
1081.878672
1081.878672
1081.878672
1081.878672
1081.878672
1081.878672
1081.878672
1081.878672
1081.878672
1081.878672
1081.878672
1081.878672
1081.878672
1081.878672
1081.878672
1081.878672
1081.878672
1081.878672
1081.878672
1081.878672
1081.878672
1081.878672
1081.878672
1081.878672
1081.878672
1081.878672
1081.878672
1081.878672
1081.878672
1081.878672
1081.878672
1081.878672
1081.878672
1081.878672
1081.878672
1081.878672
1081.878672
1081.878672
1081.878672
1081.878672
1081.878672
1081.878672
1081.878672
1081.878672
1081.878672
1081.878672
1081.878672
1081.878672
1081.878672
1081.878672
1081.878672
1081.878672
1081.878672
1081.878672
1081.878672
1081.878672
1081.878672
1081.878672
1081.878672
1081.878672
1081.878672
1081.878672
1081.878672
1081.878672
1081.878672
1081.878672
1081.878672
1081.878672
1081.878672
1081.878672
1081.854786
1081.854786
1081.854786
1081.854786
1081.854786
1081.854786
1081.854786
1081.854786
1081.854786
1081.854786
1081.854786
1081.854786
1081.854786
1081.854786
1081.854786
1081.854786
1081.854786
1081.854786
1081.854786
1081.854786
1081.854786
1081.854786
1081.854786
1081.854786
1081.854786
1081.842313
1081.842313
1081.842313
1081.842313
1081.842313
1081.842313
1081.842313
1081.842313
1081.842313
1081.842313
1081.842313
1081.842313
1081.842313
1081.842313
1081.842313
1081.842313
1081.842313
1081.842313
1081.842313
1081.842313
1081.842313
1081.842313
1081.842313
1081.842313
1081.842313
1081.842313
1081.842313
1081.842313
1081.842313
1081.842313
1081.842313
1081.842313
1081.842313
1081.842313
1081.842313
1081.842313
1081.842313
1081.842313
1081.842313
1081.842313
1081.842313
1081.842313
1081.842313
1081.842313
1081.842313
1081.842313
1081.842313
1081.842313
1081.842313
1081.842313
1081.842313
1081.842313
1081.842313
1081.842313
1081.842313
1081.842313
1081.842313
1081.842313
1081.842313
1081.842313
1081.842313
1081.842313
1081.842313
1081.842313
1081.842313
1081.842313
1081.842313
1081.842313
1081.842313
1081.842313
1081.842313
1081.837899
1081.837899
1081.837899
1081.837899
1081.837899
1081.837899
1081.837899
1081.837899
1081.837899
1081.837899
1081.837899
1081.808378
1081.808378
1081.808378
1081.808378
1081.808378
1081.808378
1081.808378
1081.808378
1081.808378
1081.808378
1081.808378
1081.808378
1081.808378
1081.808378
1081.808378
1081.808378
1081.808378
1081.808378
1081.808378
1081.808378
1081.808378
1081.808378
1081.808378
1081.808378
1081.808378
1081.808378
1081.808378
1081.808378
1081.808378
1081.808378
1081.808378
1081.808378
1081.808378
1081.808378
1081.808378
1081.808378
1081.808378
1081.808378
1081.803055
1081.803055
1081.803055
1081.803055
1081.803055
1081.803055
1081.803055
1081.803055
1081.803055
1081.803055
1081.803055
1081.803055
1081.801998
1081.801998
1081.801998
1081.801998
1081.801998
1081.801998
1081.801998
1081.801998
1081.801998
1081.801998
1081.801998
1081.801998
1081.801998
1081.801998
1081.801998
1081.801998
1081.801998
1081.801998
1081.801998
1081.801998
1081.798824
1081.798824
1081.798824
1081.798824
1081.798824
1081.798824
1081.798824
1081.798824
1081.798824
1081.798824
1081.798824
1081.798824
1081.798824
1081.798824
1081.798824
1081.798824
1081.765655
1081.765655
1081.765655
1081.765655
1081.765655
1081.765655
1081.765655
1081.765655
1081.765655
1081.765655
1081.765655
1081.765655
1081.765655
1081.765655
1081.765655
1081.765655
1081.765655
1081.765655
1081.765655
1081.765655
1081.765655
1081.765655
1081.765655
1081.765655
1081.765655
1081.765655
1081.765655
1081.765655
1081.765655
1081.765655
1081.765655
1081.765655
1081.765655
1081.765655
1081.765655
1081.765655
1081.765655
1081.765655
1081.765655
1081.765655
1081.765655
1081.765655
1081.765655
1081.765655
1081.765655
1081.765655
1081.765655
1081.765655
1081.753195
1081.753195
1081.753195
1081.753195
1081.748541
1081.748541
1081.748541
1081.748541
1081.748541
1081.748541
1081.748541
1081.748541
1081.748541
1081.741770
1081.741770
1081.735771
1081.724939
1081.724939
1081.724939
1081.724939
1081.724939
1081.724939
1081.724939
1081.724939
1081.724939
1081.724939
1081.724939
1081.724939
1081.724939
1081.724939
1081.724939
1081.724939
1081.724939
1081.724939
1081.724939
1081.724939
1081.724939
1081.724939
1081.724939
1081.724939
1081.724939
1081.724939
1081.724939
1081.724939
1081.724939
1081.724939
1081.724939
1081.724939
1081.724939
1081.724939
1081.724939
1081.724939
1081.724939
1081.724939
1081.724939
1081.724939
1081.724939
1081.724939
1081.724939
1081.724939
1081.724939
1081.724939
1081.724939
1081.724939
1081.724939
1081.724939
1081.724939
1081.724939
1081.686663
1081.686663
1081.686663
1081.686663
1081.686663
1081.686663
1081.686663
1081.686663
1081.686663
1081.686663
1081.686663
1081.686663
1081.686663
1081.686663
1081.686663
1081.686663
1081.686663
1081.686663
1081.686663
1081.686663
1081.686663
1081.686663
1081.686663
1081.686663
1081.686663
1081.686663
1081.578523
1081.578523
1081.578523
1081.578523
1081.578523
1081.578523
1081.578523
1081.578523
1081.578523
1081.578523
1081.578523
1081.578523
1081.578523
1081.578523
1081.578523
1081.578523
1081.578523
1081.578523
1081.578523
1081.578523
1081.578523
1081.578523
1081.578523
1081.578523
1081.578523
1081.578523
1081.578523
1081.578523
1081.578523
1081.578523
1081.578523
1081.578523
1081.578523
1081.578523
1081.578523
1081.578523
1081.578523
1081.578523
1081.578523
1081.578523
1081.578523
1081.578523
1081.578523
1081.578523
1081.578523
1081.578523
1081.578523
1081.578523
1081.578523
1081.578523
1081.578523
1081.578523
1081.578523
1081.578523
1081.578523
1081.578523
1081.578523
1081.578523
1081.578523
1081.578523
1081.578523
1081.578523
1081.578523
1081.578523
1081.578523
1081.578523
1081.578523
1081.578523
1081.578523
1081.578523
1081.578523
1081.578523
1081.578523
1081.578523
1081.578523
1081.578523
1081.578523
1081.578523
1081.578523
1081.578523
1081.578523
1081.578523
1081.578523
1081.578523
1081.578523
1081.578523
1081.578523
1081.578523
1081.578523
1081.578523
1081.578523
1081.557854
1081.557854
1081.557854
1081.557854
1081.557854
1081.557854
1081.557854
1081.557854
1081.557854
1081.557854
1081.557854
1081.557854
1081.557854
1081.557854
1081.557854
1081.557854
1081.557854
1081.557854
1081.557854
1081.557854
1081.557854
1081.557854
1081.557854
1081.557854
1081.557854
1081.557854
1081.557854
1081.557854
1081.557854
1081.557854
1081.557854
1081.557854
1081.557854
1081.557854
1081.557854
1081.557854
1081.557854
1081.557854
1081.557854
1081.557854
1081.557854
1081.557854
1081.557854
1081.557854
1081.557854
1081.557854
1081.557854
1081.557854
1081.557854
1081.557854
1081.557854
1081.557854
1081.557854
1081.557854
1081.557854
1081.557854
1081.557854
1081.557854
1081.557854
1081.557854
1081.557854
1081.557854
1081.557854
1081.525423
1081.525423
1081.525423
1081.525423
1081.525423
1081.525423
1081.525423
1081.525423
1081.525423
1081.525423
1081.525423
1081.525423
1081.525423
1081.525423
1081.525423
1081.525423
1081.525423
1081.525423
1081.525423
1081.525423
1081.525423
1081.525423
1081.525423
1081.525423
1081.525423
1081.525423
1081.525423
1081.525423
1081.525423
1081.525423
1081.525423
1081.525423
1081.525423
1081.525423
1081.525423
1081.525423
1081.525423
1081.525423
1081.525423
1081.525423
1081.525423
1081.525423
1081.525423
1081.525423
1081.525423
1081.525423
1081.525423
1081.525423
1081.525423
1081.525423
1081.525423
1081.525423
1081.525423
1081.525423
1081.525423
1081.525423
1081.525423
1081.525423
1081.525423
1081.525423
1081.525423
1081.525423
1081.525423
1081.525423
1081.525423
1081.525423
1081.525423
1081.525423
1081.525423
1081.525423
1081.525423
1081.525423
1081.525423
1081.525423
1081.525423
1081.525423
1081.525423
1081.525423
1081.525423
1081.525423
1081.525423
1081.525423
1081.525423
1081.525423
1081.525423
1081.525423
1081.525423
1081.525423
1081.525423
1081.525423
1081.525423
1081.525423
1081.525423
1081.525423
1081.525423
1081.525423
1081.525423
1081.525423
1081.525423
1081.525423
1081.525423
1081.525423
1081.525423
1081.525423
1081.525423
1081.525423
1081.525423
1081.525423
1081.525423
1081.525423
1081.525423
1081.525423
1081.525423
1081.525423
1081.525423
1081.525423
1081.525423
1081.525423
1081.525423
1081.525423
1081.525423
1081.525423
1081.525423
1081.525423
1081.525423
1081.525423
1081.525423
1081.525423
1081.525423
1081.525423
1081.525423
1081.489002
1081.489002
1081.489002
1081.489002
1081.489002
1081.489002
1081.489002
1081.489002
1081.489002
1081.489002
1081.489002
1081.489002
1081.489002
1081.489002
1081.489002
1081.489002
1081.489002
1081.489002
1081.489002
1081.489002
1081.489002
1081.489002
1081.489002
1081.475169
1081.475169
1081.475169
1081.475169
1081.475169
1081.475169
1081.475169
1081.475169
1081.475169
1081.475169
1081.475169
1081.475169
1081.475169
1081.475169
1081.475169
1081.475169
1081.475169
1081.475169
1081.475169
1081.475169
1081.475169
1081.475169
1081.475169
1081.475169
1081.475169
1081.475169
1081.475169
1081.475169
1081.475169
1081.475169
1081.475169
1081.475169
1081.475169
1081.475169
1081.475169
1081.475169
1081.475169
1081.475169
1081.475169
1081.475169
1081.475169
1081.475169
1081.475169
1081.475169
1081.475169
1081.475169
1081.475169
1081.475169
1081.475169
1081.475169
1081.475169
1081.475169
1081.475169
1081.475169
1081.475169
1081.475169
1081.475169
1081.475169
1081.475169
1081.475169
1081.475169
1081.475169
1081.475169
1081.475169
1081.475169
1081.475169
1081.475169
1081.475169
1081.475169
1081.475169
1081.475169
1081.475169
1081.475169
1081.475169
1081.475169
1081.475169
1081.475169
1081.475169
1081.475169
1081.475169
1081.475169
1081.475169
1081.475169
1081.475169
1081.475169
1081.475169
1081.475169
1081.475169
1081.475169
1081.475169
1081.475169
1081.475169
1081.475169
1081.475169
1081.475169
1081.475169
1081.475169
1081.475169
1081.475169
1081.475169
1081.475169
1081.475169
1081.475169
1081.475169
1081.475169
1081.475169
1081.471607
1081.471607
1081.471607
1081.471607
1081.471607
1081.471607
1081.471607
1081.471607
1081.471607
1081.471607
1081.471607
1081.471607
1081.471607
1081.471607
1081.471607
1081.471607
1081.471607
1081.471607
1081.471607
1081.471607
1081.471607
1081.471607
1081.471607
1081.471607
1081.471607
1081.471607
1081.471607
1081.471607
1081.471607
1081.471607
1081.471607
1081.471607
1081.471607
1081.471607
1081.471607
1081.471607
1081.471607
1081.471607
1081.471607
1081.468735
1081.468735
1081.468735
1081.468735
1081.468735
1081.468735
1081.468735
1081.468735
1081.468735
1081.468735
1081.468735
1081.468735
1081.468735
1081.468735
1081.468735
1081.468735
1081.468735
1081.468735
1081.445942
1081.445942
1081.445942
1081.445942
1081.445942
1081.445942
1081.445942
1081.445942
1081.445942
1081.445942
1081.445942
1081.445942
1081.445942
1081.445942
1081.445942
1081.445942
1081.445942
1081.445942
1081.445942
1081.445942
1081.445942
1081.445942
1081.445942
1081.445942
1081.445942
1081.445942
1081.445942
1081.445942
1081.445942
1081.445942
1081.445942
1081.445942
1081.445942
1081.445942
1081.445942
1081.445942
1081.445942
1081.445942
1081.445942
1081.445942
1081.445942
1081.445942
1081.445942
1081.445942
1081.445942
1081.445942
1081.445942
1081.445942
1081.445942
1081.445942
1081.445942
1081.445942
1081.445942
1081.445942
1081.445942
1081.445942
1081.445942
1081.445942
1081.439339
1081.439339
1081.405353
1081.405353
1081.405353
1081.405353
1081.405353
1081.405353
1081.405353
1081.405353
1081.405353
1081.405353
1081.405353
1081.405353
1081.405353
1081.405353
1081.405353
1081.405353
1081.405353
1081.405353
1081.405353
1081.405353
1081.405353
1081.405353
1081.405353
1081.405353
1081.405353
1081.405353
1081.405353
1081.405353
1081.405353
1081.405353
1081.405353
1081.405353
1081.405353
1081.405353
1081.405353
1081.405353
1081.405353
1081.405353
1081.405353
1081.405353
1081.405353
1081.405353
1081.405353
1081.405353
1081.405353
1081.405353
1081.405353
1081.405353
1081.405353
1081.405353
1081.405353
1081.405353
1081.405353
1081.405353
1081.405353
1081.405353
1081.405353
1081.405353
1081.405353
1081.405353
1081.405353
1081.405353
1081.405353
1081.405353
1081.405353
1081.405353
1081.405353
1081.405353
1081.405353
1081.405353
1081.405353
1081.405353
1081.405353
1081.405353
1081.405353
1081.405353
1081.405353
1081.405353
1081.405353
1081.405353
1081.405353
1081.405353
1081.405353
1081.405353
1081.405353
1081.405353
1081.405353
1081.405353
1081.405353
1081.405353
1081.405353
1081.405353
1081.405353
1081.405353
1081.405353
1081.405353
1081.405353
1081.405353
1081.405353
1081.405353
1081.405353
1081.405353
1081.405353
1081.405353
1081.405353
1081.405353
1081.405353
1081.405353
1081.405353
1081.405353
1081.405353
1081.405353
1081.405353
1081.405353
1081.405353
1081.405353
1081.405353
1081.405353
1081.405353
1081.405353
1081.405353
1081.405353
1081.370758
1081.370758
1081.370758
1081.370758
1081.370758
1081.370758
1081.370758
1081.342213
1081.342213
1081.342213
1081.342213
1081.342213
1081.342213
1081.342213
1081.342213
1081.342213
1081.342213
1081.342213
1081.342213
1081.342213
1081.342213
1081.342213
1081.342213
1081.342213
1081.342213
1081.342213
1081.342213
1081.342213
1081.342213
1081.342213
1081.342213
1081.342213
1081.342213
1081.342213
1081.342213
1081.342213
1081.342213
1081.342213
1081.342213
1081.342213
1081.342213
1081.342213
1081.342213
1081.342213
1081.342213
1081.342213
1081.342213
1081.342213
1081.342213
1081.342213
1081.342213
1081.342213
1081.342213
1081.342213
1081.342213
1081.342213
1081.342213
1081.342213
1081.342213
1081.342213
1081.342213
1081.342213
1081.342213
1081.342213
1081.342213
1081.342213
1081.342213
1081.342213
1081.342213
1081.342213
1081.342213
1081.342213
1081.342213
1081.342213
1081.342213
1081.342213
1081.342213
1081.342213
1081.342213
1081.342213
1081.342213
1081.342213
1081.342213
1081.342213
1081.342213
1081.342213
1081.342213
1081.342213
1081.342213
1081.342213
1081.342213
1081.342213
1081.342213
1081.342213
1081.342213
1081.342213
1081.342213
1081.342213
1081.342213
1081.342213
1081.342213
1081.342213
1081.342213
1081.342213
1081.342213
1081.342213
1081.342213
1081.342213
1081.342213
1081.342213
1081.342213
1081.342213
1081.342213
1081.342213
1081.342213
1081.342213
1081.259967
1081.259967
1081.259967
1081.259967
1081.259967
1081.259967
1081.259967
1081.259967
1081.259967
1081.259967
1081.259967
1081.259967
1081.259967
1081.259967
1081.259967
1081.259967
1081.259967
1081.259967
1081.259967
1081.259967
1081.259967
1081.259967
1081.259967
1081.259967
1081.259967
1081.259967
1081.259967
1081.259967
1081.259967
1081.259967
1081.259967
1081.259967
1081.259967
1081.259967
1081.259967
1081.259967
1081.259967
1081.259967
1081.259967
1081.259967
1081.259967
1081.259967
1081.259967
1081.259967
1081.259967
1081.259967
1081.259967
1081.259967
1081.259967
1081.259967
1081.259967
1081.259967
1081.259967
1081.259967
1081.259967
1081.259967
1081.259967
1081.259967
1081.259967
1081.259967
1081.259967
1081.259967
1081.259967
1081.259967
1081.259967
1081.259967
1081.259967
1081.259967
1081.259967
1081.259967
1081.259967
1081.259967
1081.259967
1081.259967
1081.259967
1081.259967
1081.259967
1081.259967
1081.259967
1081.259967
1081.259967
1081.259967
1081.259967
1081.259967
1081.259967
1081.259967
1081.259967
1081.259967
1081.259967
1081.259967
1081.259967
1081.259967
1081.259967
1081.259967
1081.259967
1081.244809
1081.244809
1081.244809
1081.244809
1081.244809
1081.244809
1081.244809
1081.244809
1081.244809
1081.244809
1081.244809
1081.244809
1081.244809
1081.244809
1081.244809
1081.244809
1081.244809
1081.244809
1081.244809
1081.244809
1081.244809
1081.244809
1081.244809
1081.244809
1081.244809
1081.244809
1081.244809
1081.244809
1081.244809
1081.244809
1081.244809
1081.244809
1081.244809
1081.244809
1081.244809
1081.244809
1081.244809
1081.244809
1081.244809
1081.244809
1081.244809
1081.244809
1081.244809
1081.244809
1081.244809
1081.244809
1081.244809
1081.244809
1081.244809
1081.244809
1081.244809
1081.244809
1081.244809
1081.244809
1081.244809
1081.244809
1081.244809
1081.244809
1081.244809
1081.244809
1081.244809
1081.244809
1081.244809
1081.244809
1081.244809
1081.244809
1081.244809
1081.223689
1081.223689
1081.223689
1081.223689
1081.223689
1081.223689
1081.223689
1081.223689
1081.223689
1081.223689
1081.223689
1081.223689
1081.223689
1081.223689
1081.223689
1081.223689
1081.223689
1081.223689
1081.223689
1081.223689
1081.223689
1081.223689
1081.223689
1081.223689
1081.223689
1081.223689
1081.223689
1081.223689
1081.223689
1081.223689
1081.223689
1081.223689
1081.223689
1081.223689
1081.223689
1081.223689
1081.223689
1081.223689
1081.223689
1081.223689
1081.223689
1081.223689
1081.223689
1081.223689
1081.223689
1081.223689
1081.223689
1081.223689
1081.223689
1081.223689
1081.223689
1081.223689
1081.223689
1081.223689
1081.223689
1081.223689
1081.223689
1081.223689
1081.223689
1081.223689
1081.223689
1081.223689
1081.223689
1081.223689
1081.223689
1081.223689
1081.223689
1081.223689
1081.223689
1081.211200
1081.063946
1081.063946
1081.063946
1081.063946
1081.063946
1081.063946
1081.063946
1081.063946
1081.063946
1081.063946
1081.063946
1081.063946
1081.063946
1081.063946
1081.063946
1081.063946
1081.063946
1081.063946
1081.063946
1081.063946
1081.063946
1081.063946
1081.063946
1081.063946
1081.063946
1081.063946
1081.063946
1081.063946
1081.063946
1081.063946
1081.063946
1081.063946
1081.063946
1081.063946
1081.063946
1081.063946
1081.063946
1081.063946
1081.063946
1081.063946
1081.063946
1081.063946
1081.063946
1081.063946
1081.063946
1081.063946
1081.063946
1081.063946
1081.063946
1081.063946
1081.063380
1081.063380
1081.063380
1081.063380
1081.063380
1081.063380
1081.063380
1081.063380
1081.063380
1081.063380
1081.063380
1081.063380
1081.063380
1081.063380
1081.063380
1081.063380
1081.063380
1081.063380
1081.063380
1081.063380
1081.063380
1081.063380
1081.063380
1081.063380
1081.063380
1081.063380
1081.063380
1081.063380
1081.063380
1081.063380
1081.063380
1081.063380
1081.063380
1081.063380
1081.063380
1081.063380
1081.063380
1081.063380
1081.063380
1081.063380
1081.063380
1081.063380
1081.063380
1081.063380
1081.063380
1081.063380
1081.063380
1081.063380
1081.063380
1081.063380
1081.063380
1081.063380
1081.063380
1081.036033
1081.036033
1081.036033
1081.036033
1081.036033
1081.036033
1081.036033
1081.036033
1081.036033
1081.036033
1081.036033
1081.036033
1081.036033
1081.036033
1081.036033
1081.036033
1081.036033
1081.036033
1081.036033
1081.036033
1081.036033
1081.036033
1081.036033
1081.036033
1081.036033
1081.036033
1081.036033
1081.036033
1081.036033
1081.036033
1081.036033
1081.036033
1081.036033
1081.036033
1081.036033
1081.036033
1081.036033
1081.036033
1081.036033
1081.036033
1081.036033
1081.036033
1081.036033
1081.036033
1080.996856
1080.996856
1080.996856
1080.996856
1080.996856
1080.996856
1080.996856
1080.996856
1080.996856
1080.996856
1080.985891
1080.985891
1080.985891
1080.985891
1080.985891
1080.985891
1080.985891
1080.985891
1080.985891
1080.985891
1080.985891
1080.985891
1080.985891
1080.985891
1080.985891
1080.985891
1080.985891
1080.985891
1080.985891
1080.985891
1080.985891
1080.985891
1080.985891
1080.985891
1080.985891
1080.985891
1080.985891
1080.985891
1080.985891
1080.985891
1080.985891
1080.985891
1080.985891
1080.985891
1080.985891
1080.985891
1080.985891
1080.985891
1080.985891
1080.985891
1080.985891
1080.985891
1080.985891
1080.985891
1080.985891
1080.985891
1080.985891
1080.985891
1080.985891
1080.985891
1080.985891
1080.985891
1080.985891
1080.985891
1080.985891
1080.985891
1080.985891
1080.985891
1080.985891
1080.985891
1080.985891
1080.985891
1080.985891
1080.985891
1080.985891
1080.985891
1080.985891
1080.985891
1080.985891
1080.985891
1080.985891
1080.985891
1080.985891
1080.985891
1080.985891
1080.985891
1080.985891
1080.985891
1080.985891
1080.985891
1080.985891
1080.985891
1080.985891
1080.985891
1080.985891
1080.985891
1080.985891
1080.985891
1080.985891
1080.985891
1080.985891
1080.985891
1080.985891
1080.985891
1080.985891
1080.985891
1080.985891
1080.985891
1080.985891
1080.985891
1080.985891
1080.985891
1080.985891
1080.985891
1080.985891
1080.985891
1080.985891
1080.985891
1080.985891
1080.985891
1080.985891
1080.985891
1080.985891
1080.985891
1080.985891
1080.985891
1080.985891
1080.985891
1080.985891
1080.985891
1080.985891
1080.985891
1080.985891
1080.985891
1080.985891
1080.985891
1080.985891
1080.985891
1080.985891
1080.985891
1080.985891
1080.985891
1080.985891
1080.985891
1080.985891
1080.985891
1080.985891
1080.985891
1080.985891
1080.985891
1080.985891
1080.985891
1080.985891
1080.985891
1080.985891
1080.978284
1080.978284
1080.978284
1080.978284
1080.978284
1080.978284
1080.978284
1080.978284
1080.978284
1080.978284
1080.978284
1080.978284
1080.978284
1080.978284
1080.978284
1080.978284
1080.978284
1080.978284
1080.978284
1080.972529
1080.972529
1080.972529
1080.972529
1080.972529
1080.972529
1080.972529
1080.972529
1080.972529
1080.972529
1080.972529
1080.972529
1080.972529
1080.972529
1080.972529
1080.972529
1080.972529
1080.972529
1080.972529
1080.972529
1080.960772
1080.960772
1080.960772
1080.960772
1080.960772
1080.960772
1080.960772
1080.960772
1080.960772
1080.960772
1080.960772
1080.960772
1080.960772
1080.960772
1080.960772
1080.960772
1080.960772
1080.960772
1080.960772
1080.960772
1080.960772
1080.960772
1080.960772
1080.960772
1080.960772
1080.960772
1080.960772
1080.960772
1080.960772
1080.960772
1080.957664
1080.957664
1080.957664
1080.957664
1080.957664
1080.957664
1080.957664
1080.957664
1080.957664
1080.957664
1080.957664
1080.957664
1080.957664
1080.957664
1080.957664
1080.957664
1080.957664
1080.957664
1080.957664
1080.957664
1080.957664
1080.957664
1080.957664
1080.957664
1080.957664
1080.957664
1080.890744
1080.890744
1080.890744
1080.890744
1080.890744
1080.890744
1080.890744
1080.890744
1080.890744
1080.890744
1080.890744
1080.890744
1080.890744
1080.890744
1080.890744
1080.890744
1080.890744
1080.890744
1080.890744
1080.890744
1080.890744
1080.890744
1080.890744
1080.890744
1080.890744
1080.890744
1080.890744
1080.890744
1080.890744
1080.890744
1080.890744
1080.890744
1080.890744
1080.890744
1080.890744
1080.890744
1080.890744
1080.890744
1080.876211
1080.876211
1080.876211
1080.876211
1080.876211
1080.876211
1080.876211
1080.876211
1080.876211
1080.876211
1080.876211
1080.876211
1080.876211
1080.876211
1080.876211
1080.876211
1080.876211
1080.876211
1080.876211
1080.876211
1080.876211
1080.876211
1080.876211
1080.876211
1080.876211
1080.876211
1080.876211
1080.876211
1080.876211
1080.876211
1080.876211
1080.876211
1080.876211
1080.876211
1080.876211
1080.876211
1080.876211
1080.876211
1080.876211
1080.876211
1080.876211
1080.876211
1080.876211
1080.876211
1080.876211
1080.876211
1080.876211
1080.876211
1080.703695
1080.703695
1080.703695
1080.703695
1080.703695
1080.703695
1080.703695
1080.703695
1080.703695
1080.703695
1080.703695
1080.703695
1080.703695
1080.703695
1080.703695
1080.703695
1080.703695
1080.703695
1080.703695
1080.703695
1080.703695
1080.703695
1080.703695
1080.703695
1080.703695
1080.703695
1080.703695
1080.703695
1080.703695
1080.703695
1080.703695
1080.703695
1080.703695
1080.703695
1080.703695
1080.703695
1080.703695
1080.703695
1080.703695
1080.703695
1080.703695
1080.703695
1080.703695
1080.703695
1080.703695
1080.703695
1080.703695
1080.703695
1080.703695
1080.703695
1080.703695
1080.703695
1080.703695
1080.703695
1080.703695
1080.703695
1080.703695
1080.703695
1080.703695
1080.703695
1080.703695
1080.703695
1080.703695
1080.703695
1080.703695
1080.703695
1080.703695
1080.703695
1080.703695
1080.703695
1080.703695
1080.703695
1080.703695
1080.703695
1080.703695
1080.703695
1080.703695
1080.703695
1080.703695
1080.703695
1080.703695
1080.703695
1080.703695
1080.703695
1080.703695
1080.703695
1080.703695
1080.703695
1080.703695
1080.703695
1080.703695
1080.703695
1080.703695
1080.703695
1080.703695
1080.703695
1080.703695
1080.703695
1080.703695
1080.703695
1080.703695
1080.676655
1080.676655
1080.676655
1080.676655
1080.676655
1080.676655
1080.676655
1080.676655
1080.676655
1080.676655
1080.676655
1080.676655
1080.676655
1080.676655
1080.676655
1080.676655
1080.676655
1080.676655
1080.676655
1080.676655
1080.676655
1080.676655
1080.676655
1080.676655
1080.676655
1080.676655
1080.676655
1080.676655
1080.676655
1080.676655
1080.676655
1080.676655
1080.676655
1080.649130
1080.649130
1080.649130
1080.649130
1080.649130
1080.649130
1080.649130
1080.649130
1080.649130
1080.649130
1080.649130
1080.649130
1080.649130
1080.649130
1080.649130
1080.649130
1080.649130
1080.649130
1080.649130
1080.649130
1080.649130
1080.649130
1080.649130
1080.649130
1080.649130
1080.587754
1080.587754
1080.587754
1080.587754
1080.587754
1080.587754
1080.587754
1080.587754
1080.583420
1080.583420
1080.583420
1080.583420
1080.583420
1080.583420
1080.583420
1080.531483
1080.531483
1080.531483
1080.531483
1080.531483
1080.531483
1080.531483
1080.531483
1080.531483
1080.531483
1080.531483
1080.531483
1080.531483
1080.531483
1080.531483
1080.531483
1080.531483
1080.531483
1080.531483
1080.531483
1080.531483
1080.531483
1080.531483
1080.531483
1080.531483
1080.531483
1080.531483
1080.531483
1080.531483
1080.531483
1080.531483
1080.531483
1080.531483
1080.531483
1080.531483
1080.531483
1080.531483
1080.531483
1080.531483
1080.531483
1080.531483
1080.531483
1080.531483
1080.454802
1080.399857
1080.399857
1080.399857
1080.399857
1080.399857
1080.399857
1080.399857
1080.399857
1080.399857
1080.399857
1080.399857
1080.399857
1080.399857
1080.399857
1080.399857
1080.399857
1080.399857
1080.399857
1080.399857
1080.399857
1080.399857
1080.399857
1080.399857
1080.399857
1080.399857
1080.399857
1080.399857
1080.399857
1080.399857
1080.399857
1080.399857
1080.399857
1080.399857
1080.399857
1080.399857
1080.399857
1080.399857
1080.399857
1080.291176
1080.291176
1080.291176
1080.291176
1080.291176
1080.291176
1080.291176
1080.291176
1080.291176
1080.291176
1080.291176
1080.291176
1080.291176
1080.239060
1080.239060
1080.239060
1080.239060
1080.239060
1080.239060
1080.239060
1080.239060
1080.239060
1080.239060
1080.239060
1080.239060
1080.239060
1080.239060
1080.239060
1080.239060
1080.239060
1080.239060
1080.239060
1080.239060
1080.239060
1080.239060
1080.239060
1080.239060
1080.239060
1080.239060
1080.239060
1080.239060
1080.239060
1080.239060
1080.239060
1080.239060
1080.239060
1080.239060
1080.239060
1080.239060
1080.239060
1080.239060
1080.239060
1080.239060
1080.239060
1080.239060
1080.239060
1080.239060
1080.239060
1080.239060
1080.239060
1080.239060
1080.239060
1080.239060
1080.239060
1080.239060
1080.239060
1080.239060
1080.239060
1080.239060
1080.239060
1080.239060
1080.239060
1080.239060
1080.239060
1080.239060
1080.239060
1080.239060
1080.239060
1080.136472
1080.136472
1080.136472
1080.136472
1080.136472
1080.136472
1080.136472
1080.136472
1080.136472
1080.136472
1080.136472
1080.136472
1080.136472
1080.136472
1080.136472
1080.136472
1080.136472
1080.136472
1080.136472
1080.136472
1080.136472
1080.136472
1080.136472
1080.136472
1080.136472
1080.136472
1080.136472
1080.136472
1080.136472
1080.136472
1080.136472
1080.136472
1080.136472
1080.136472
1080.136472
1080.136472
1080.136472
1080.136472
1080.136472
1080.136472
1080.136472
1080.136472
1080.136472
1080.136472
1080.136472
1080.136472
1080.136472
1080.136472
1080.136472
1080.136472
1080.136472
1080.136472
1080.136472
1080.136472
1080.136472
1080.136472
1080.136472
1080.136472
1080.136472
1080.136472
1080.136472
1080.136472
1080.136472
1080.136472
1080.136472
1080.136472
1080.136472
1080.136472
1080.136472
1080.136472
1080.136472
1080.136472
1080.136472
1080.136472
1080.136472
1080.136472
1080.136472
1080.136472
1080.136472
1080.136472
1080.136472
1080.136472
1080.136472
1080.136472
1080.136472
1080.136472
1080.136472
1080.136472
1080.136472
1080.136472
1080.136472
1080.136472
1080.136472
1080.136472
1080.120919
1080.120919
1080.120919
1080.120919
1080.120919
1080.120919
1080.120919
1080.120919
1080.120919
1080.120919
1080.120919
1080.120919
1080.120919
1080.120919
1080.120919
1080.120919
1080.120919
1080.120919
1080.120919
1080.120919
1080.120919
1080.120919
1080.120919
1080.120919
1080.120919
1080.120919
1080.120919
1080.120919
1080.120919
1080.120919
1080.120919
1080.120919
1080.120919
1080.120919
1080.120919
1080.120919
1080.120919
1080.120919
1080.120919
1080.120919
1080.120919
1080.120919
1080.120919
1080.120919
1080.120919
1080.120919
1079.869186
1079.869186
1079.869186
1079.869186
1079.869186
1079.869186
1079.869186
1079.869186
1079.869186
1079.869186
1079.869186
1079.869186
1079.869186
1079.869186
1079.869186
1079.869186
1079.869186
1079.869186
1079.869186
1079.869186
1079.869186
1079.869186
1079.869186
1079.869186
1079.869186
1079.869186
1079.869186
1079.869186
1079.869186
1079.869186
1079.869186
1079.869186
1079.869186
1079.869186
1079.869186
1079.869186
1079.869186
1079.869186
1079.869186
1079.869186
1079.869186
1079.869186
1079.869186
1079.869186
1079.869186
1079.869186
1079.869186
1079.869186
1079.869186
1079.869186
1079.869186
1079.869186
1079.869186
1079.869186
1079.869186
1079.869186
1079.869186
1079.869186
1079.869186
1079.869186
1079.869186
1079.869186
1079.869186
1079.869186
1079.869186
1079.869186
1079.869186
1079.869186
1079.869186
1079.869186
1079.869186
1079.869186
1079.869186
1079.615418
1079.615418
1079.615418
1079.615418
1079.615418
1079.615418
1079.615418
1079.615418
1079.615418
1079.615418
1079.615418
1079.615418
1079.615418
1079.615418
1079.615418
1079.615418
1079.615418
1079.615418
1079.615418
1079.615418
1079.615418
1079.615418
1079.615418
1079.556284
1079.556284
1079.556284
1079.556284
1079.556284
1079.556284
1079.556284
1079.556284
1079.556284
1079.556284
1079.556284
1079.556284
1079.556284
1079.556284
1079.556284
1079.556284
1079.556284
1079.556284
1079.556284
1079.556284
1079.556284
1079.556284
1079.556284
1079.556284
1079.556284
1079.556284
1079.556284
1079.556284
1079.556284
1079.556284
1079.556284
1079.556284
1079.556284
1079.556284
1079.556284
1079.556284
1079.556284
1079.556284
1079.556284
1079.556284
1079.556284
1079.556284
1079.556284
1079.556284
1079.556284
1079.556284
1079.556284
1079.556284
1079.501686
1079.501686
1079.501686
1079.501686
1079.501686
1079.501686
1079.501686
1079.501686
1079.501686
1079.501686
1079.501686
1079.501686
1079.501686
1079.501686
1079.501686
1079.501686
1079.501686
1079.501686
1079.501686
1079.501686
1079.501686
1079.501686
1079.501686
1079.501686
1079.501686
1079.501686
1079.501686
1079.501686
1079.501686
1079.501686
1079.501686
1079.501686
1079.501686
1079.501686
1079.501686
1079.501686
1079.501686
1079.501686
1079.501686
1079.501686
1079.501686
1079.501686
1079.501686
1079.501686
1079.501686
1079.501686
1079.501686
1079.501686
1079.501686
1079.501686
1079.501686
1079.413527
1079.413527
1079.413527
1079.413527
1079.413527
1079.413527
1079.413527
1079.413527
1079.413527
1079.413527
1079.413527
1079.413527
1079.413527
1079.413527
1079.413527
1079.413527
1079.413527
1079.413527
1079.413527
1079.413527
1079.413527
1079.413527
1079.413527
1079.413527
1079.413527
1079.413527
1079.413527
1079.413527
1079.413527
1079.413527
1079.413527
1079.413527
1079.413527
1079.413527
1079.413527
1079.413527
1079.413527
1079.274333
1079.274333
1079.274333
1079.274333
1079.274333
1079.274333
1079.274333
1079.274333
1079.274333
1079.274333
1079.274333
1079.274333
1079.274333
1079.274333
1079.274333
1079.274333
1079.274333
1079.274333
1079.274333
1079.274333
1079.274333
1079.274333
1079.274333
1079.274333
1079.274333
1079.274333
1079.274333
1079.274333
1079.274333
1079.274333
1079.274333
1079.274333
1079.274333
1079.138935
1079.138935
1079.138935
1079.138935
1079.138935
1079.138935
1079.138935
1079.138935
1079.138935
1079.138935
1079.138935
1079.138935
1079.138935
1079.138935
1079.138935
1079.138935
1079.138935
1079.138935
1079.138935
1079.138935
1079.138935
1079.138935
1079.138935
1079.138935
1079.138935
1079.138935
1079.138935
1079.138935
1079.138935
1079.138935
1079.138935
1079.138935
1079.138935
1079.138935
1079.138935
1079.138935
1079.138935
1079.138935
1079.138935
1079.138935
1079.138935
1079.138935
1079.138935
1079.138935
1079.138935
1079.138935
1079.138935
1079.138935
1079.138935
1079.138935
1079.138935
1079.138935
1079.138935
1079.138935
1079.138935
1079.138935
1079.138935
1079.138935
1079.138935
1079.138935
1079.138935
1079.138935
1079.138935
1079.138935
1079.138935
1079.138935
1079.138935
1079.097056
1079.097056
1079.097056
1079.097056
1079.097056
1079.097056
1079.097056
1079.097056
1079.097056
1079.097056
1079.097056
1079.097056
1079.097056
1079.097056
1079.097056
1079.097056
1079.097056
1079.097056
1079.097056
1079.097056
1079.097056
1079.097056
1079.097056
1079.097056
1079.097056
1079.097056
1079.097056
1079.097056
1079.097056
1079.097056
1079.097056
1079.097056
1079.097056
1079.097056
1079.097056
1079.097056
1079.097056
1079.097056
1079.097056
1079.097056
1079.097056
1079.097056
1079.097056
1079.097056
1079.016918
1079.016918
1079.016918
1079.016918
1079.016918
1079.016918
1079.016918
1079.016918
1079.016918
1079.016918
1079.016918
1079.016918
1079.016918
1079.009156
1079.009156
1079.009156
1079.009156
1079.009156
1079.009156
1079.009156
1079.009156
1079.009156
1078.983121
1078.983121
1078.983121
1078.983121
1078.983121
1078.983121
1078.983121
1078.983121
1078.983121
1078.983121
1078.983121
1078.983121
1078.983121
1078.983121
1078.983121
1078.983121
1078.983121
1078.983121
1078.953827
1078.953827
1078.953827
1078.953827
1078.953827
1078.953827
1078.953827
1078.953827
1078.953827
1078.953827
1078.953827
1078.953827
1078.953827
1078.926810
1078.926810
1078.926810
1078.926810
1078.926810
1078.898848
1078.898848
1078.898848
1078.898848
1078.898848
1078.898848
1078.898848
1078.898848
1078.898848
1078.898848
1078.898848
1078.898848
1078.898848
1078.898848
1078.898848
1078.898848
1078.898848
1078.898848
1078.898848
1078.898848
1078.898848
1078.898848
1078.898848
1078.898848
1078.898848
1078.898848
1078.898848
1078.898848
1078.898848
1078.898848
1078.898848
1078.898848
1078.895497
1078.895497
1078.895497
1078.895497
1078.895497
1078.895497
1078.895497
1078.895497
1078.895497
1078.895497
1078.895497
1078.895497
1078.895497
1078.895497
1078.895497
1078.895497
1078.895497
1078.754227
1078.659764
1078.659764
1078.659764
1078.659764
1078.659764
1078.659764
1078.659764
1078.659764
1078.659764
1078.659764
1078.659764
1078.659764
1078.659764
1078.659764
1078.659764
1078.659764
1078.659764
1078.659764
1078.659764
1078.659764
1078.659764
1078.659764
1078.659764
1078.659764
1078.659764
1078.659764
1078.659764
1078.659764
1078.659764
1078.659764
1078.659764
1078.659764
1078.659764
1078.659764
1078.659764
1078.659764
1078.659764
1078.659764
1078.659764
1078.659764
1078.659764
1078.659764
1078.659764
1078.659764
1078.659764
1078.659764
1078.659764
1078.659764
1078.659764
1078.659764
1078.659764
1078.659764
1078.659764
1078.519128
1078.519128
1078.519128
1078.519128
1078.519128
1078.519128
1078.519128
1078.519128
1078.519128
1078.519128
1078.519128
1078.519128
1078.519128
1078.519128
1078.324354
1078.324354
1078.324354
1078.324354
1078.324354
1078.324354
1078.324354
1078.324354
1078.324354
1078.324354
1078.324354
1078.324354
1078.324354
1078.324354
1078.324354
1078.324354
1078.324354
1078.324354
1078.324354
1078.324354
1078.324354
1078.324354
1078.324354
1078.324354
1078.324354
1078.324354
1078.324354
1078.324354
1078.324354
1078.324354
1078.324354
1078.324354
1078.324354
1078.324354
1078.324354
1078.324354
1078.324354
1078.324354
1078.324354
1078.324354
1078.324354
1078.324354
1078.324354
1078.324354
1078.324354
1078.324354
1078.324354
1078.324354
1078.280915
1078.280915
1078.280915
1078.280915
1078.280915
1078.280915
1078.280915
1078.280915
1078.280915
1078.280915
1078.280915
1078.280915
1078.280915
1078.280915
1078.280915
1078.280915
1078.280915
1078.280915
1078.280915
1078.280915
1078.280915
1078.280915
1078.280915
1078.280915
1078.280915
1078.280915
1078.280915
1078.280915
1078.280915
1078.280915
1078.280915
1078.280915
1078.280915
1078.280915
1078.280915
1078.280915
1078.280915
1078.280915
1078.280915
1078.280915
1078.280915
1078.280915
1078.280915
1078.280915
1078.280915
1078.280915
1078.280915
1078.280915
1078.280915
1078.280915
1078.280915
1078.280915
1078.280915
1078.280915
1078.280915
1078.280915
1078.280915
1078.280915
1078.280915
1078.280915
1078.280915
1078.280915
1078.280915
1078.280915
1078.280915
1078.280915
1078.280915
1078.280915
1078.280915
1078.280915
1078.280915
1078.280915
1078.280915
1078.280915
1078.280915
1078.280915
1078.280915
1078.280915
1078.280915
1078.280915
1078.280915
1078.280915
1078.280915
1078.280915
1078.280915
1078.280915
1078.280915
1078.280915
1078.280915
1078.280915
1078.280915
1078.280915
1078.280915
1078.280915
1078.280915
1078.280915
1078.280915
1078.280915
1078.280915
1078.280915
1078.280915
1078.280915
1078.280915
1078.280915
1078.280915
1078.280915
1078.280915
1078.280915
1078.280915
1078.280915
1078.280915
1078.280915
1078.280915
1078.280915
1078.280915
1078.280915
1078.280915
1078.280915
1078.280915
1078.280915
1078.280915
1078.280915
1078.280915
1078.280915
1078.280915
1078.280915
1078.280915
1078.280915
1078.280915
1078.280915
1078.280915
1078.280915
1078.280915
1078.280915
1078.280915
1078.280915
1078.280915
1078.280915
1078.280915
1078.280915
1078.280915
1078.280915
1078.280915
1078.280915
1078.280915
1078.280915
1078.280915
1078.280915
1078.280915
1078.275399
1078.275399
1078.275399
1078.275399
1078.275399
1078.275399
1078.275399
1078.275399
1078.275399
1078.275399
1078.275399
1078.275399
1078.275399
1078.275399
1078.227930
1078.227930
1078.227930
1078.227930
1078.227930
1078.227930
1078.227930
1078.082180
1078.082180
1078.082180
1078.082180
1078.082180
1078.082180
1078.082180
1078.082180
1078.082180
1078.082180
1078.082180
1078.082180
1078.082180
1078.082180
1078.082180
1078.082180
1078.082180
1078.082180
1078.082180
1078.082180
1078.082180
1078.082180
1078.082180
1078.082180
1078.082180
1078.082180
1078.082180
1078.082180
1078.082180
1078.082180
1078.082180
1078.082180
1078.082180
1078.082180
1078.082180
1078.082180
1078.023000
1078.023000
1078.023000
1078.023000
1078.023000
1078.023000
1078.023000
1078.023000
1078.023000
1078.023000
1078.023000
1078.023000
1078.023000
1078.023000
1078.023000
1078.023000
1078.023000
1078.023000
1078.023000
1078.023000
1078.023000
1078.023000
1078.023000
1078.023000
1078.023000
1078.023000
1078.023000
1078.023000
1078.023000
1078.023000
1078.023000
1078.023000
1078.023000
1078.023000
1078.023000
1078.023000
1078.023000
1078.023000
1078.023000
1078.023000
1078.023000
1078.023000
1078.023000
1078.023000
1078.023000
1078.023000
1078.023000
1078.023000
1078.023000
1078.023000
1078.023000
1077.954696
1077.954696
1077.954696
1077.954696
1077.954696
1077.954696
1077.954696
1077.954696
1077.954696
1077.954696
1077.954696
1077.954696
1077.954696
1077.954696
1077.954696
1077.954696
1077.954696
1077.954696
1077.954696
1077.954696
1077.954696
1077.954696
1077.954696
1077.954696
1077.954696
1077.954696
1077.954696
1077.954696
1077.954696
1077.954696
1077.954696
1077.954696
1077.954696
1077.954696
1077.609170
1077.609170
1077.609170
1077.609170
1077.609170
1077.609170
1077.609170
1077.609170
1077.609170
1077.609170
1077.609170
1077.609170
1077.537522
1077.537522
1077.537522
1077.537522
1077.537522
1077.537522
1077.537522
1077.537522
1077.537522
1077.537522
1077.537522
1077.494295
1077.494295
1077.494295
1077.494295
1077.494295
1077.494295
1077.494295
1077.494295
1077.494295
1077.494295
1077.494295
1077.494295
1077.494295
1077.494295
1077.494295
1077.494295
1077.494295
1077.494295
1077.494295
1077.494295
1077.494295
1077.494295
1077.494295
1077.494295
1077.494295
1077.494295
1077.494295
1077.494295
1077.494295
1077.494295
1077.494295
1077.494295
1077.494295
1077.494295
1077.494295
1077.494295
1077.494295
1077.494295
1077.494295
1077.494295
1077.494295
1077.494295
1077.494295
1077.494295
1077.494295
1077.494295
1077.494295
1077.494295
1077.494295
1077.494295
1077.494295
1077.494295
1077.494295
1077.494295
1077.494295
1077.494295
1077.494295
1077.494295
1077.494295
1077.494295
1077.494295
1077.494295
1077.494295
1077.494295
1077.494295
1077.494295
1077.494295
1077.494295
1077.494295
1077.494295
1077.494295
1077.430518
1077.430518
1077.430518
1077.430518
1077.430518
1077.430518
1077.430518
1077.430518
1077.430518
1077.430518
1077.430518
1077.430518
1077.430518
1077.430518
1077.430518
1077.430518
1077.430518
1077.430518
1077.430518
1077.430518
1077.430518
1077.430518
1077.430518
1077.430518
1077.430518
1077.430518
1077.430518
1077.430518
1077.430518
1077.430518
1077.430518
1077.430518
1077.430518
1077.430518
1077.430518
1077.430518
1077.430518
1077.430518
1077.430518
1077.430518
1077.430518
1077.430518
1077.430518
1077.430518
1077.430518
1077.430518
1077.430518
1077.430518
1077.430518
1077.430518
1077.430518
1077.430518
1077.430518
1077.430518
1077.430518
1077.430518
1077.430518
1077.430518
1077.430518
1077.391155
1077.391155
1077.391155
1077.391155
1077.391155
1077.391155
1077.391155
1077.391155
1077.391155
1077.391155
1077.391155
1076.957828
1076.957828
1076.957828
1076.957828
1076.957828
1076.957828
1076.957828
1076.957828
1076.957828
1076.957828
1076.957828
1076.957828
1076.957828
1076.957828
1076.957828
1076.957828
1076.957828
1076.957828
1076.957828
1076.957828
1076.957828
1076.957828
1076.957828
1076.957828
1076.957828
1076.957828
1076.957828
1076.957828
1076.957828
1076.957828
1076.957828
1076.957828
1076.957828
1076.957828
1076.957828
1076.957828
1076.957828
1076.957828
1076.957828
1076.957828
1076.957828
1076.957828
1076.957828
1076.957828
1076.957828
1076.957828
1076.957828
1076.957828
1076.957828
1076.957828
1076.957828
1076.957828
1076.957828
1076.957828
1076.957828
1076.957828
1076.957828
1076.957828
1076.957828
1076.957828
1076.957828
1076.957828
1076.957828
1076.957828
1076.957828
1076.957828
1076.957828
1076.957828
1076.957828
1076.957828
1076.957828
1076.957828
1076.957828
1076.957828
1076.957828
1076.957828
1076.957828
1076.957828
1076.957828
1076.957828
1076.957828
1076.957828
1076.957828
1076.957828
1076.957828
1076.957828
1076.957828
1076.957828
1076.957828
1076.957828
1076.957828
1076.957828
1076.914432
1076.914432
1076.914432
1076.914432
1076.914432
1076.914432
1076.914432
1076.914432
1076.914432
1076.914432
1076.914432
1076.846183
1076.846183
1076.846183
1076.846183
1076.846183
1076.846183
1076.846183
1076.846183
1076.846183
1076.846183
1076.846183
1076.846183
1076.846183
1076.846183
1076.846183
1076.846183
1076.846183
1076.846183
1076.846183
1076.846183
1076.816445
1076.816445
1076.816445
1076.816445
1076.816445
1076.816445
1076.816445
1076.816445
1076.816445
1076.816445
1076.816445
1076.816445
1076.816445
1076.816445
1076.816445
1076.816445
1076.816445
1076.816445
1076.816445
1076.495421
1076.495421
1076.495421
1076.495421
1076.495421
1076.495421
1076.495421
1076.495421
1076.495421
1076.495421
1076.495421
1076.495421
1076.495421
1076.495421
1076.495421
1076.495421
1076.495421
1076.495421
1076.495421
1076.495421
1076.495421
1076.495421
1076.495421
1076.495421
1076.495421
1076.495421
1076.495421
1076.495421
1076.495421
1076.495421
1076.495421
1076.495421
1076.495421
1076.495421
1076.495421
1076.495421
1076.495421
1076.495421
1076.495421
1076.495421
1076.495421
1076.495421
1076.495421
1076.495421
1076.495421
1076.495421
1076.495421
1076.495421
1076.495421
1076.495421
1076.495421
1076.495421
1076.495421
1076.495421
1076.495421
1076.495421
1076.495421
1076.495421
1076.495421
1076.495421
1076.495421
1076.495421
1076.495421
1076.495421
1076.495421
1076.495421
1076.495421
1076.495421
1076.495421
1076.495421
1076.429326
1076.429326
1076.429326
1076.429326
1076.429326
1076.429326
1076.429326
1076.429326
1076.429326
1076.429326
1076.429326
1076.260026
1076.260026
1076.260026
1076.260026
1076.260026
1076.260026
1076.260026
1076.260026
1076.260026
1076.260026
1076.260026
1076.260026
1076.260026
1076.260026
1076.260026
1076.260026
1076.260026
1076.260026
1076.260026
1076.260026
1076.260026
1076.260026
1076.260026
1076.260026
1076.260026
1076.260026
1076.260026
1076.260026
1076.260026
1076.260026
1076.260026
1076.260026
1076.260026
1076.260026
1076.260026
1076.260026
1076.260026
1076.260026
1076.260026
1076.046583
1076.046583
1076.046583
1076.046583
1076.046583
1076.046583
1076.046583
1076.046583
1076.046583
1076.046583
1076.046583
1076.046583
1076.046583
1076.046583
1076.046583
1076.046583
1076.046583
1076.046583
1076.046583
1076.046583
1076.046583
1075.950440
1075.950440
1075.950440
1075.950440
1075.950440
1075.950440
1075.950440
1075.950440
1075.649297
1075.649297
1075.649297
1075.649297
1075.649297
1075.649297
1075.649297
1075.649297
1075.649297
1075.649297
1075.649297
1075.649297
1075.649297
1075.649297
1075.649297
1075.649297
1075.649297
1075.649297
1075.649297
1075.649297
1075.649297
1075.649297
1075.649297
1075.649297
1075.649297
1075.649297
1075.649297
1075.649297
1075.649297
1075.649297
1075.649297
1075.649297
1075.649297
1075.649297
1075.649297
1075.649297
1075.649297
1075.649297
1075.649297
1075.649297
1075.649297
1075.649297
1075.649297
1075.649297
1075.649297
1075.649297
1075.649297
1075.649297
1075.649297
1075.649297
1075.649297
1075.649297
1075.649297
1075.649297
1075.649297
1075.649297
1075.649297
1075.649297
1075.649297
1075.649297
1075.649297
1075.649297
1075.649297
1075.649297
1075.649297
1075.649297
1075.649297
1075.649297
1075.649297
1075.649297
1075.649297
1075.649297
1075.171522
1075.171522
1075.171522
1075.171522
1075.171522
1075.171522
1075.171522
1075.171522
1075.171522
1075.171522
1075.171522
1075.171522
1075.171522
1075.171522
1075.171522
1075.171522
1075.171522
1075.171522
1075.171522
1075.171522
1075.171522
1074.980931
1074.980931
1074.980931
1074.980931
1074.980931
1074.980931
1074.980931
1074.980931
1074.980931
1074.980931
1074.980931
1074.980931
1074.980931
1074.980931
1074.980931
1074.980931
1074.980931
1074.980931
1074.980931
1074.980931
1074.980931
1074.980931
1074.980931
1074.980931
1074.980931
1074.980931
1074.980931
1074.980931
1074.980931
1074.980931
1074.980931
1074.980931
1074.980931
1074.980931
1074.980931
1074.980931
1074.980931
1074.302126
1074.302126
1074.302126
1074.302126
1074.302126
1074.302126
1074.302126
1074.302126
1074.302126
1074.302126
1074.302126
1074.302126
1074.302126
1074.302126
1074.302126
1074.302126
1074.302126
1074.302126
1074.302126
1074.302126
1074.302126
1074.302126
1074.302126
1074.302126
1074.302126
1074.302126
1074.302126
1074.302126
1074.302126
1074.302126
1074.302126
1074.302126
1074.302126
1074.302126
1074.302126
1074.302126
1074.302126
1074.302126
1074.302126
1074.302126
1074.302126
1074.302126
1074.302126
1074.302126
1074.302126
1074.302126
1074.302126
1074.302126
1074.302126
1074.302126
1074.302126
1074.302126
1074.302126
1074.302126
1074.302126
1074.302126
1074.302126
1074.302126
1074.302126
1074.302126
1074.302126
1074.302126
1074.302126
1074.302126
1074.302126
1074.302126
1074.302126
1074.302126
1074.302126
1074.302126
1074.302126
1074.302126
1074.302126
1074.302126
1074.302126
1074.302126
1074.302126
1074.302126
1074.302126
1074.302126
1074.302126
1074.302126
1074.302126
1074.302126
1074.302126
1074.302126
1074.302126
1074.302126
1074.302126
1074.302126
1074.302126
1074.302126
1074.302126
1074.302126
1074.302126
1074.302126
1074.302126
1074.302126
1074.302126
1074.302126
1074.302126
1074.302126
1074.302126
1074.302126
1074.302126
1074.302126
1074.302126
1074.302126
1074.302126
1074.302126
1074.302126
1074.302126
1074.302126
1074.302126
1074.302126
1073.835412
1073.835412
1073.835412
1073.835412
1073.835412
1073.835412
1073.835412
1073.835412
1073.835412
1073.835412
1073.835412
1073.835412
1073.835412
1073.835412
1073.835412
1073.835412
1073.835412
1073.835412
1073.835412
1073.835412
1073.835412
1073.835412
1073.835412
1073.835412
1073.835412
1073.835412
1073.835412
1073.835412
1073.835412
1073.835412
1073.835412
1073.835412
1073.835412
1073.835412
1073.835412
1073.835412
1073.835412
1073.835412
1073.835412
1073.835412
1073.835412
1073.835412
1073.835412
1073.835412
1073.835412
1073.835412
1073.835412
1073.835412
1073.835412
1073.835412
1073.835412
1073.835412
1073.835412
1073.835412
1073.835412
1073.835412
1073.835412
1073.835412
1073.835412
1073.835412
1073.835412
1073.835412
1073.835412
1073.835412
1073.835412
1073.835412
1073.835412
1073.835412
1073.835412
1073.835412
1073.835412
1073.835412
1073.835412
1073.835412
1073.835412
1073.835412
1073.835412
1073.835412
1073.835412
1073.835412
1073.835412
1073.835412
1073.835412
1073.835412
1073.835412
1073.835412
1073.835412
1073.835412
1073.835412
1073.515288
1073.515288
1073.515288
1073.515288
1073.515288
1073.515288
1073.515288
1073.515288
1073.515288
1073.515288
1073.515288
1073.515288
1073.515288
1073.515288
1073.515288
1073.515288
1073.515288
1073.515288
1073.515288
1073.515288
1073.515288
1073.515288
1073.515288
1073.515288
1073.515288
1073.515288
1073.515288
1073.515288
1073.515288
1073.339330
1073.339330
1073.339330
1073.339330
1073.081953
1073.081953
1073.081953
1073.081953
1073.081953
1073.081953
1073.081953
1073.081953
1073.081953
1073.081953
1073.081953
1073.081953
1073.081953
1073.081953
1073.081953
1073.081953
1073.081953
1073.081953
1073.081953
1073.081953
1073.081953
1073.081953
1073.081953
1073.081953
1073.081953
1073.081953
1073.081953
1073.081953
1073.081953
1073.081953
1073.081953
1073.081953
1073.081953
1073.081953
1073.081953
1073.081953
1072.707135
1072.707135
1072.707135
1072.707135
1072.707135
1072.707135
1072.707135
1072.707135
1072.707135
1072.707135
1072.707135
1072.707135
1072.707135
1072.707135
1072.707135
1072.707135
1072.707135
1072.707135
1072.707135
1072.707135
1072.707135
1072.707135
1072.707135
1072.707135
1072.707135
1072.707135
1072.707135
1072.707135
1072.707135
1072.707135
1072.707135
1072.707135
1072.707135
1072.707135
1072.707135
1072.707135
1072.707135
1072.707135
1072.707135
1072.707135
1072.707135
1072.707135
1072.707135
1072.707135
1072.707135
1072.707135
1072.707135
1072.707135
1072.707135
1072.707135
1072.707135
1072.707135
1072.707135
1072.707135
1072.707135
1072.707135
1072.707135
1072.707135
1072.707135
1072.707135
1072.707135
1072.707135
1072.707135
1072.707135
1072.707135
1072.707135
1072.707135
1072.707135
1072.707135
1072.707135
1072.707135
1072.707135
1072.707135
1072.707135
1072.193567
1072.193567
1072.193567
1072.193567
1072.193567
1072.193567
1072.193567
1072.193567
1072.193567
1072.193567
1072.193567
1072.193567
1072.193567
1072.193567
1072.193567
1072.193567
1072.193567
1072.193567
1072.193567
1072.193567
1072.193567
1072.193567
1072.193567
1072.193567
1072.193567
1072.193567
1072.193567
1072.193567
1072.193567
1072.193567
1072.193567
1072.193567
1072.193567
1072.193567
1072.193567
1072.193567
1072.193567
1072.193567
1072.193567
1072.193567
1072.193567
1072.193567
1072.193567
1072.193567
1072.193567
1072.193567
1072.193567
1072.193567
1072.193567
1072.193567
1072.193567
1072.193567
1072.193567
1072.193567
1072.193567
1072.193567
1072.193567
1072.193567
1072.193567
1072.193567
1072.193567
1072.193567
1072.193567
1072.193567
1072.193567
1072.193567
1072.193567
1072.193567
1072.193567
1072.193567
1072.193567
1072.193567
1072.193567
1072.193567
1072.193567
1072.193567
1072.193567
1072.193567
1072.193567
1072.193567
1072.193567
1072.193567
1072.193567
1072.193567
1072.193567
1072.193567
1072.193567
1072.193567
1072.193567
1072.193567
1072.193567
1072.193567
1072.193567
1072.193567
1072.193567
1072.193567
1072.193567
1072.193567
1072.193567
1072.193567
1072.044851
1072.044851
1072.044851
1072.044851
1072.044851
1072.044851
1072.044851
1072.044851
1072.044851
1072.044851
1072.044851
1072.044851
1072.044851
1072.044851
1072.044851
1072.044851
1072.044851
1072.044851
1072.044851
1072.044851
1072.044851
1072.044851
1072.044851
1072.044851
1072.044851
1072.044851
1072.044851
1072.044851
1072.044851
1072.044851
1072.044851
1072.044851
1072.044851
1072.044851
1071.960754
1071.960754
1071.960754
1071.960754
1071.960754
1071.960754
1071.960754
1071.745769
1071.472152
1071.472152
1071.472152
1071.472152
1071.472152
1071.472152
1071.472152
1071.472152
1071.472152
1071.472152
1071.472152
1071.472152
1071.472152
1071.472152
1071.472152
1071.472152
1071.472152
1071.472152
1071.472152
1071.472152
1071.472152
1071.472152
1071.472152
1071.068276
1071.068276
1071.068276
1071.068276
1071.068276
1071.068276
1071.068276
1071.068276
1071.068276
1071.068276
1071.068276
1071.068276
1071.068276
1071.068276
1071.068276
1071.068276
1071.068276
1071.068276
1071.068276
1071.068276
1071.068276
1071.068276
1071.068276
1071.068276
1071.068276
1071.068276
1071.068276
1071.068276
1071.068276
1071.068276
1071.068276
1071.068276
1071.068276
1071.068276
1071.068276
1071.068276
1071.068276
1071.068276
1071.068276
1071.068276
1071.068276
1071.068276
1071.068276
1071.068276
1071.068276
1071.068276
1071.068276
1071.068276
1071.068276
1071.068276
1071.068276
1071.068276
1071.068276
1071.068276
1071.068276
1071.068276
1071.068276
1071.068276
1071.068276
1071.068276
1071.068276
1071.068276
1071.068276
1071.068276
1071.068276
1071.068276
1071.068276
1071.068276
1071.068276
1071.068276
1071.068276
1071.068276
1071.068276
1071.068276
1071.068276
1071.068276
1071.068276
1070.948575
1070.948575
1070.948575
1070.948575
1070.948575
1070.948575
1070.948575
1070.948575
1070.948575
1070.948575
1070.948575
1070.948575
1070.948575
1070.948575
1070.948575
1070.948575
1070.948575
1070.948575
1070.948575
1070.843391
1070.843391
1070.843391
1070.843391
1070.843391
1070.843391
1070.732971
1070.732971
1070.732971
1070.732971
1070.678449
1070.678449
1070.678449
1070.678449
1070.678449
1070.678449
1070.678449
1070.678449
1070.678449
1070.678449
1070.678449
1070.678449
1070.678449
1070.678449
1070.678449
1070.678449
1070.678449
1070.678449
1070.678449
1070.678449
1070.678449
1070.678449
1070.678449
1070.678449
1070.678449
1070.475414
1070.475414
1070.475414
1070.475414
1070.475414
1070.475414
1070.475414
1070.475414
1070.475414
1070.475414
1070.475414
1070.475414
1070.475414
1070.475414
1070.475414
1070.475414
1070.475414
1070.475414
1070.475414
1070.475414
1070.475414
1070.475414
1070.475414
1070.475414
1070.475414
1070.475414
1070.475414
1070.475414
1070.475414
1070.475414
1070.475414
1070.475414
1070.475414
1070.475414
1070.475414
1070.475414
1070.475414
1070.475414
1070.475414
1070.475414
1070.475414
1070.475414
1070.475414
1070.475414
1070.475414
1070.475414
1070.475414
1070.475414
1070.475414
1070.475414
1070.475414
1070.475414
1070.475414
1070.475414
1070.475414
1070.475414
1070.475414
1070.475414
1070.475414
1070.475414
1070.475414
1070.475414
1070.475414
1070.475414
1070.475414
1070.475414
1070.475414
1070.475414
1070.450862
1070.224077
1070.224077
1070.224077
1070.224077
1070.224077
1070.224077
1070.224077
1070.224077
1070.224077
1070.224077
1070.224077
1070.224077
1070.224077
1070.224077
1070.224077
1070.224077
1070.224077
1070.224077
1070.224077
1070.224077
1070.224077
1070.129695
1070.129695
1070.129695
1070.129695
1070.129695
1070.129695
1070.129695
1070.129695
1070.129695
1070.129695
1070.129695
1070.129695
1070.129695
1070.129695
1070.129695
1070.129695
1070.129695
1070.129695
1070.129695
1070.129695
1070.129695
1070.129695
1070.129695
1070.129695
1070.129695
1070.129695
1070.129695
1070.129695
1070.129695
1070.129695
1070.129695
1070.129695
1070.129695
1070.129695
1070.129695
1069.679455
1069.679455
1069.679455
1069.679455
1069.679455
1069.679455
1069.679455
1069.679455
1069.679455
1069.679455
1069.679455
1069.679455
1069.679455
1069.679455
1069.679455
1069.679455
1069.679455
1069.679455
1069.679455
1069.679455
1069.679455
1069.679455
1069.679455
1069.679455
1069.679455
1069.679455
1069.679455
1069.679455
1069.679455
1069.679455
1069.679455
1069.679455
1069.451013
1069.451013
1069.451013
1069.451013
1069.451013
1069.451013
1069.451013
1069.451013
1069.451013
1069.451013
1069.451013
1069.451013
1069.451013
1069.451013
1069.451013
1069.451013
1069.451013
1069.451013
1069.451013
1069.451013
1069.451013
1069.451013
1069.451013
1069.451013
1069.451013
1069.451013
1069.226042
1069.226042
1069.226042
1069.226042
1069.226042
1069.226042
1069.226042
1069.226042
1069.226042
1069.226042
1069.226042
1069.226042
1069.226042
1069.226042
1069.226042
1069.226042
1069.226042
1069.226042
1069.226042
1069.226042
1069.226042
1069.226042
1069.226042
1069.226042
1069.226042
1069.226042
1069.226042
1069.226042
1069.226042
1069.226042
1069.226042
1069.226042
1069.226042
1069.226042
1069.226042
1069.226042
1069.226042
1069.226042
1069.226042
1069.226042
1069.226042
1069.226042
1069.226042
1069.226042
1069.226042
1069.226042
1069.226042
1069.226042
1069.226042
1069.226042
1069.226042
1069.226042
1069.226042
1069.226042
1069.226042
1069.226042
1069.226042
1069.226042
1069.226042
1069.226042
1069.226042
1069.226042
1069.226042
1069.226042
1069.226042
1069.226042
1069.226042
1069.226042
1069.226042
1069.226042
1069.226042
1069.226042
1069.226042
1069.226042
1069.226042
1069.226042
1069.226042
1069.226042
1069.226042
1069.226042
1069.226042
1069.226042
1069.226042
1069.226042
1069.226042
1069.226042
1069.226042
1069.226042
1069.226042
1069.226042
1069.226042
1069.226042
1069.226042
1069.226042
1069.226042
1069.226042
1069.226042
1069.226042
1069.226042
1069.226042
1069.226042
1069.226042
1069.226042
1069.226042
1069.226042
1069.226042
1069.226042
1069.226042
1069.226042
1069.226042
1069.226042
1068.829461
1068.829461
1068.829461
1068.829461
1068.829461
1068.829461
1068.829461
1068.829461
1068.829461
1068.829461
1068.829461
1068.829461
1068.829461
1068.829461
1068.829461
1068.829461
1068.829461
1068.829461
1068.829461
1068.829461
1068.829461
1068.829461
1068.829461
1068.829461
1068.829461
1068.829461
1068.829461
1068.829461
1068.829461
1068.829461
1068.829461
1068.829461
1068.829461
1068.829461
1068.829461
1068.688124
1068.688124
1068.688124
1068.688124
1068.688124
1068.688124
1068.688124
1068.688124
1068.688124
1068.688124
1068.688124
1068.688124
1068.688124
1068.688124
1068.688124
1068.549154
1068.549154
1068.549154
1068.549154
1068.549154
1068.549154
1068.549154
1068.549154
1068.549154
1068.549154
1068.549154
1068.549154
1068.549154
1068.549154
1068.549154
1068.549154
1068.549154
1068.549154
1068.549154
1068.549154
1068.549154
1068.549154
1068.549154
1068.549154
1068.549154
1068.549154
1068.549154
1068.549154
1068.549154
1068.549154
1068.549154
1068.549154
1068.549154
1068.549154
1068.549154
1068.549154
1068.549154
1068.549154
1068.549154
1068.549154
1068.549154
1068.549154
1068.549154
1068.549154
1068.549154
1068.549154
1068.549154
1068.549154
1068.549154
1068.549154
1068.549154
1068.549154
1068.549154
1068.549154
1068.549154
1068.549154
1068.549154
1068.549154
1068.112620
1068.112620
1068.112620
1068.112620
1068.112620
1068.112620
1068.112620
1068.112620
1068.112620
1068.112620
1068.112620
1068.112620
1068.112620
1068.112620
1068.112620
1068.112620
1068.112620
1068.112620
1068.112620
1068.112620
1068.112620
1068.112620
1068.112620
1068.112620
1067.580692
1067.580692
1067.580692
1067.580692
1067.580692
1067.580692
1067.580692
1067.580692
1067.580692
1067.580692
1067.580692
1067.580692
1067.580692
1067.580692
1067.580692
1067.580692
1067.580692
1067.580692
1067.580692
1067.580692
1067.580692
1067.580692
1067.580692
1067.580692
1067.580692
1067.580692
1067.580692
1067.580692
1067.580692
1067.580692
1067.580692
1067.580692
1067.580692
1067.580692
1067.580692
1067.580692
1067.580692
1067.580692
1067.580692
1067.580692
1067.580692
1067.580692
1067.580692
1067.580692
1067.580692
1067.580692
1067.580692
1067.580692
1067.580692
1067.580692
1067.580692
1067.580692
1067.580692
1067.580692
1067.580692
1067.580692
1067.580692
1067.580692
1067.580692
1067.580692
1067.580692
1067.580692
1067.580692
1067.580692
1067.580692
1067.580692
1067.580692
1067.580692
1067.580692
1067.580692
1067.580692
1067.580692
1067.580692
1067.580692
1067.580692
1067.580692
1067.580692
1067.580692
1067.580692
1067.580692
1067.580692
1067.580692
1067.580692
1067.580692
1067.580692
1067.580692
1067.580692
1067.580692
1067.580692
1067.580692
1067.580692
1067.580692
1067.580692
1067.580692
1067.580692
1067.580692
1067.580692
1067.580692
1067.580692
1067.580692
1067.580692
1067.580692
1067.580692
1067.580692
1067.580692
1067.580692
1067.580692
1067.580692
1067.580692
1067.580692
1067.580692
1067.580692
1067.580692
1067.580692
1067.463995
1067.463995
1067.463995
1067.463995
1067.463995
1067.463995
1067.463995
1067.203930
1067.203930
1067.203930
1067.203930
1067.203930
1067.203930
1067.203930
1067.203930
1067.203930
1067.203930
1067.203930
1067.203930
1067.203930
1067.203930
1067.203930
1067.203930
1067.203930
1067.203930
1067.203930
1067.203930
1067.203930
1067.203930
1067.203930
1067.203930
1067.203930
1067.203930
1067.203930
1067.203930
1067.203930
1067.203930
1067.203930
1067.203930
1067.203930
1067.203930
1067.203930
1067.203930
1067.203930
1067.203930
1067.203930
1067.203930
1067.203930
1067.203930
1067.203930
1067.203930
1067.203930
1067.203930
1067.203930
1067.203930
1067.203930
1067.203930
1067.191770
1067.191770
1067.191770
1067.191770
1067.191770
1067.191770
1067.191770
1067.191770
1067.191770
1067.191770
1067.191770
1067.191770
1067.191770
1067.191770
1067.191770
1067.079822
1067.079822
1067.079822
1067.013359
1067.013359
1067.013359
1067.013359
1067.013359
1067.013359
1067.013359
1067.013359
1067.013359
1067.013359
1067.013359
1067.013359
1067.013359
1067.013359
1067.013359
1067.013359
1067.013359
1067.013359
1067.013359
1067.013359
1067.013359
1067.013359
1067.013359
1067.013359
1066.874645
1066.874645
1066.874645
1066.874645
1066.874645
1066.874645
1066.874645
1066.874645
1066.874645
1066.874645
1066.874645
1066.874645
1066.874645
1066.874645
1066.874645
1066.874645
1066.874645
1066.874645
1066.874645
1066.874645
1066.874645
1066.874645
1066.874645
1066.874645
1066.874645
1066.874645
1066.874645
1066.874645
1066.874645
1066.874645
1066.874645
1066.874645
1066.874645
1066.874645
1066.874645
1066.748582
1066.748582
1066.354542
1066.354542
1066.354542
1066.354542
1066.354542
1066.354542
1066.354542
1066.354542
1066.354542
1066.354542
1066.354542
1066.354542
1066.354542
1066.354542
1066.354542
1066.354542
1066.354542
1066.354542
1066.354542
1066.354542
1066.354542
1066.354542
1066.354542
1066.354542
1066.354542
1066.354542
1066.354542
1066.354542
1066.354542
1066.354542
1066.354542
1066.354542
1066.354542
1066.354542
1066.354542
1066.354542
1066.354542
1066.354542
1066.354542
1066.354542
1066.354542
1066.354542
1066.354542
1066.354542
1066.354542
1066.354542
1066.354542
1066.354542
1066.354542
1066.354542
1066.354542
1066.354542
1066.354542
1066.354542
1066.354542
1066.354542
1066.354542
1066.354542
1066.354542
1066.354542
1066.354542
1066.354542
1066.354542
1066.354542
1066.354542
1066.354542
1066.354542
1066.354542
1066.354542
1066.354542
1066.354542
1066.354542
1066.354542
1066.354542
1066.354542
1066.354542
1066.354542
1066.354542
1066.354542
1066.354542
1066.354542
1066.354542
1066.354542
1066.354542
1066.354542
1066.354542
1066.354542
1066.354542
1066.354542
1066.354542
1066.354542
1066.354542
1066.354542
1066.354542
1066.354542
1066.354542
1066.354542
1066.354542
1066.354542
1066.354542
1066.354542
1066.354542
1066.354542
1066.354542
1066.354542
1066.354542
1066.354542
1066.354542
1066.354542
1066.354542
1066.354542
1066.354542
1066.354542
1066.354542
1066.354542
1066.354542
1066.354542
1066.354542
1066.354542
1066.354542
1066.354542
1066.354542
1066.354542
1066.354542
1066.354542
1066.354542
1066.354542
1066.354542
1066.354542
1066.354542
1066.354542
1066.354542
1066.354542
1066.354542
1066.354542
1066.354542
1066.354542
1066.354542
1066.354542
1066.354542
1066.354542
1066.354542
1066.354542
1066.354542
1066.354542
1066.354542
1066.163004
1066.163004
1066.163004
1066.163004
1066.163004
1066.163004
1066.163004
1066.163004
1066.163004
1066.163004
1066.163004
1066.163004
1066.163004
1066.163004
1066.163004
1066.163004
1066.163004
1066.163004
1066.163004
1066.163004
1066.163004
1066.163004
1066.163004
1066.163004
1066.163004
1066.163004
1066.163004
1066.163004
1066.163004
1066.163004
1066.163004
1066.163004
1066.163004
1066.163004
1066.163004
1066.163004
1066.163004
1066.163004
1066.163004
1066.163004
1066.163004
1066.163004
1066.163004
1066.163004
1066.163004
1066.163004
1066.135961
1066.135961
1066.135961
1066.135961
1065.621074
1065.621074
1065.621074
1065.621074
1065.621074
1065.621074
1065.621074
1065.621074
1065.621074
1065.621074
1065.621074
1065.621074
1065.621074
1065.621074
1065.621074
1065.621074
1065.621074
1065.621074
1065.621074
1065.621074
1065.621074
1065.621074
1065.621074
1065.621074
1065.621074
1065.621074
1065.621074
1065.621074
1065.621074
1065.621074
1065.621074
1065.621074
1065.621074
1065.621074
1065.621074
1065.621074
1065.621074
1065.621074
1065.621074
1065.621074
1065.621074
1065.621074
1065.621074
1065.621074
1065.621074
1065.621074
1065.621074
1065.621074
1065.449175
1065.449175
1065.449175
1065.449175
1065.449175
1065.449175
1065.449175
1065.449175
1065.449175
1065.449175
1065.449175
1065.449175
1065.449175
1065.449175
1065.449175
1065.449175
1065.449175
1065.449175
1065.449175
1065.449175
1065.449175
1065.449175
1065.449175
1065.449175
1065.449175
1065.449175
1065.255998
1065.255998
1065.255998
1065.255998
1065.255998
1065.255998
1065.255998
1065.255998
1065.255998
1065.255998
1065.255998
1065.255998
1065.255998
1065.255998
1065.255998
1065.255998
1065.255998
1065.255998
1065.255998
1065.255998
1065.255998
1065.255998
1065.255998
1065.255998
1065.255998
1065.255998
1065.255998
1065.255998
1065.255998
1065.255998
1065.255998
1065.255998
1065.255998
1065.255998
1065.255998
1065.255998
1065.255998
1065.255998
1065.255998
1065.255998
1065.255998
1065.255998
1065.255998
1065.255998
1065.255998
1065.255998
1065.255998
1065.255998
1065.255998
1065.255998
1065.255998
1065.255998
1065.255998
1065.255998
1065.255998
1065.255998
1065.255998
1065.255998
1065.255998
1065.255998
1065.255998
1065.255998
1065.255998
1065.255998
1065.255998
1065.255998
1065.255998
1065.255998
1065.255998
1065.255998
1065.255998
1065.255998
1065.255998
1065.255998
1065.255998
1065.255998
1065.255998
1065.255998
1065.255998
1065.255998
1065.255998
1065.255998
1065.255998
1065.255998
1065.255998
1065.255998
1065.255998
1065.255998
1065.255998
1065.255998
1065.255998
1065.255998
1065.165678
1065.165678
1065.165678
1065.165678
1065.165678
1065.165678
1065.012552
1065.012552
1065.012552
1065.012552
1065.012552
1065.012552
1065.012552
1065.012552
1065.012552
1065.012552
1065.012552
1065.012552
1065.012552
1065.012552
1065.012552
1065.012552
1065.012552
1065.012552
1065.012552
1065.012552
1065.012552
1065.012552
1065.012552
1065.012552
1065.012552
1065.012552
1065.012552
1065.012552
1065.012552
1065.012552
1065.012552
1065.012552
1065.012552
1065.012552
1065.012552
1065.012552
1065.012552
1065.012552
1065.012552
1065.012552
1065.012552
1065.012552
1065.012552
1065.012552
1065.012552
1065.012552
1065.012552
1065.012552
1065.012552
1065.012552
1064.945947
1064.945947
1064.945947
1064.945947
1064.945947
1064.945947
1064.945947
1064.945947
1064.945947
1064.945947
1064.945947
1064.945947
1064.945947
1064.768969
1064.768969
1064.768969
1064.768969
1064.768969
1064.768969
1064.768969
1064.768969
1064.768969
1064.768969
1064.768969
1064.768969
1064.768969
1064.768969
1064.768969
1064.768969
1064.768969
1064.768969
1064.768969
1064.768969
1064.768969
1064.768969
1064.768969
1064.768969
1064.768969
1064.768969
1064.768969
1064.768969
1064.768969
1064.768969
1064.768969
1064.768969
1064.768969
1064.768969
1064.768969
1064.768969
1064.768969
1064.768969
1064.768969
1064.768969
1064.768969
1064.768969
1064.768969
1064.768969
1064.768969
1064.768969
1064.768969
1064.768969
1064.768969
1064.768969
1064.768969
1064.768969
1064.768969
1064.768969
1064.768969
1064.768969
1064.768969
1064.766766
1064.766766
1064.766766
1064.766766
1064.766766
1064.766766
1064.766766
1064.766766
1064.766766
1064.766766
1064.766766
1064.766766
1064.766766
1064.766766
1064.766766
1064.766766
1064.766766
1064.671034
1064.671034
1064.671034
1064.671034
1064.671034
1064.671034
1064.671034
1064.671034
1064.671034
1064.671034
1064.671034
1064.671034
1064.671034
1064.671034
1064.671034
1064.671034
1064.570898
1064.570898
1064.570898
1064.570898
1064.570898
1064.570898
1064.570898
1064.570898
1064.570898
1064.570898
1064.570898
1064.570898
1064.570898
1064.570898
1064.570898
1064.570898
1064.570898
1064.570898
1064.570898
1064.570898
1064.570898
1064.570898
1064.570898
1064.570898
1064.570898
1064.570898
1064.570898
1064.570898
1064.570898
1064.570898
1064.570898
1064.570898
1064.570898
1064.570898
1064.570898
1064.570898
1064.570898
1064.570898
1064.570898
1064.570898
1064.570898
1064.082345
1064.082345
1064.082345
1064.082345
1064.082345
1064.082345
1064.082345
1064.082345
1064.082345
1064.082345
1064.082345
1064.082345
1064.082345
1064.082345
1064.082345
1064.082345
1064.082345
1064.082345
1064.082345
1064.082345
1064.082345
1064.082345
1064.082345
1064.082345
1064.082345
1064.082345
1064.082345
1064.082345
1064.082345
1064.082345
1064.082345
1064.082345
1064.082345
1064.082345
1064.082345
1064.082345
1064.082345
1064.082345
1064.082345
1064.082345
1064.082345
1064.082345
1064.082345
1064.082345
1063.961861
1063.961861
1063.961861
1063.961861
1063.961861
1063.961861
1063.961861
1063.961861
1063.961861
1063.961861
1063.961861
1063.961861
1063.961861
1063.961861
1063.961861
1063.961861
1063.961861
1063.961861
1063.961861
1063.961861
1063.961861
1063.961861
1063.961861
1063.961861
1063.961861
1063.961861
1063.961861
1063.961861
1063.961861
1063.961861
1063.961861
1063.961861
1063.961861
1063.961861
1063.961861
1063.961861
1063.961861
1063.961861
1063.961861
1063.961861
1063.961861
1063.961861
1063.961861
1063.961861
1063.961861
1063.961861
1063.961861
1063.961861
1063.961861
1063.961861
1063.961861
1063.961861
1063.961861
1063.961861
1063.961861
1063.961861
1063.626931
1063.626931
1063.626931
1063.626931
1063.626931
1063.626931
1063.626931
1063.626931
1063.626931
1063.626931
1063.626931
1063.626931
1063.626931
1063.626931
1063.626931
1063.626931
1063.626931
1063.626931
1063.626931
1063.626931
1063.626931
1063.626931
1063.626931
1063.626931
1063.626931
1063.626931
1063.626931
1063.626931
1063.626931
1063.626931
1063.626931
1063.626931
1063.626931
1063.626931
1063.626931
1063.626931
1063.626931
1063.626931
1063.626931
1063.626931
1063.626931
1063.626931
1063.626931
1063.626931
1063.626931
1063.626931
1063.626931
1063.626931
1063.626931
1063.626931
1063.626931
1063.626931
1063.626931
1063.626931
1063.626931
1063.626931
1063.626931
1063.626931
1063.626931
1063.626931
1063.626931
1063.626931
1063.626931
1063.626931
1063.626931
1063.626931
1063.626931
1063.626931
1063.626931
1063.626931
1063.626931
1063.626931
1063.626931
1063.626931
1063.626931
1063.626931
1063.626931
1063.626931
1063.626931
1063.626931
1063.626931
1063.626931
1063.626931
1063.626931
1063.626931
1063.626931
1063.626931
1063.442144
1063.442144
1063.442144
1063.442144
1063.442144
1063.442144
1063.442144
1063.442144
1063.442144
1063.442144
1063.442144
1063.442144
1063.442144
1063.442144
1063.442144
1063.442144
1063.442144
1063.442144
1063.442144
1063.442144
1063.442144
1063.442144
1063.442144
1063.442144
1063.442144
1063.442144
1063.442144
1063.442144
1063.442144
1063.442144
1063.442144
1063.442144
1063.442144
1063.442144
1063.442144
1063.442144
1063.442144
1063.442144
1063.442144
1063.442144
1063.442144
1063.442144
1063.442144
1063.442144
1063.442144
1063.442144
1063.442144
1063.442144
1063.442144
1063.442144
1063.442144
1063.442144
1063.442144
1063.442144
1063.300351
1063.300351
1063.300351
1063.300351
1063.300351
1063.300351
1063.300351
1063.300351
1063.300351
1063.300351
1063.300351
1063.300351
1063.300351
1063.300351
1063.300351
1063.300351
1063.300351
1063.300351
1063.300351
1063.300351
1063.300351
1063.300351
1063.300351
1063.300351
1063.300351
1063.300351
1063.300351
1063.300351
1063.300351
1063.300351
1063.300351
1063.300351
1063.300351
1063.300351
1063.300351
1063.300351
1063.300351
1063.300351
1063.300351
1063.300351
1063.300351
1063.300351
1063.300351
1063.300351
1063.300351
1063.300351
1063.300351
1063.300351
1063.300351
1063.300351
1063.300351
1063.300351
1063.300351
1063.300351
1063.300351
1063.300351
1063.300351
1063.300351
1063.300351
1063.300351
1063.300351
1063.300351
1063.300351
1063.300351
1063.300351
1063.300351
1063.300351
1063.300351
1063.300351
1063.300351
1063.300351
1063.300351
1063.300351
1063.300351
1063.300351
1063.300351
1063.300351
1063.300351
1063.300351
1063.300351
1063.300351
1063.300351
1063.300351
1063.300351
1063.300351
1063.300351
1063.300351
1063.300351
1063.300351
1063.300351
1063.300351
1063.300351
1063.300351
1063.300351
1063.300351
1063.300351
1063.300351
1063.176844
1063.176844
1063.176844
1063.176844
1063.176844
1063.176844
1063.176844
1063.176844
1063.176844
1063.176844
1063.176844
1063.176844
1063.176844
1063.176844
1063.176844
1063.176844
1063.176844
1063.176844
1063.176844
1063.176844
1063.176844
1063.176844
1063.176844
1063.176844
1063.176844
1063.176844
1063.176844
1063.176844
1063.176844
1063.176844
1063.176844
1063.176844
1063.176844
1063.176844
1063.176844
1063.176844
1063.176844
1063.176844
1063.176844
1063.176844
1063.176844
1063.176844
1063.176844
1062.924917
1062.924917
1062.924917
1062.924917
1062.924917
1062.924917
1062.924917
1062.924917
1062.924917
1062.924917
1062.924917
1062.924917
1062.924917
1062.924917
1062.924917
1062.924917
1062.924917
1062.924917
1062.924917
1062.924917
1062.924917
1062.924917
1062.924917
1062.924917
1062.924917
1062.924917
1062.924917
1062.924917
1062.924917
1062.924917
1062.924917
1062.924917
1062.924917
1062.924917
1062.924917
1062.924917
1062.924917
1062.924917
1062.924917
1062.924917
1062.924917
1062.924917
1062.924917
1062.924917
1062.924917
1062.924917
1062.924917
1062.924917
1062.924917
1062.924917
1062.924917
1062.924917
1062.924917
1062.924917
1062.924917
1062.924917
1062.924917
1062.924917
1062.924917
1062.924917
1062.924917
1062.924917
1062.924917
1062.924917
1062.924917
1062.924917
1062.924917
1062.924917
1062.924917
1062.924917
1062.924917
1062.924917
1062.924917
1062.924917
1062.924917
1062.924917
1062.924917
1062.924917
1062.924917
1062.924917
1062.924917
1062.924917
1062.924917
1062.924917
1062.924917
1062.924917
1062.924917
1062.924917
1062.924917
1062.924917
1062.924917
1062.924917
1062.924917
1062.924917
1062.924917
1062.924917
1062.924917
1062.924917
1062.924917
1062.924917
1062.924917
1062.758301
1062.758301
1062.758301
1062.758301
1062.758301
1062.758301
1062.758301
1062.758301
1062.758301
1062.758301
1062.758301
1062.758301
1062.758301
1062.758301
1062.758301
1062.758301
1062.758301
1062.758301
1062.758301
1062.758301
1062.758301
1062.758301
1062.758301
1062.758301
1062.758301
1062.758301
1062.758301
1062.758301
1062.758301
1062.758301
1062.758301
1062.758301
1062.758301
1062.758301
1062.758301
1062.758301
1062.758301
1062.758301
1062.758301
1062.758301
1062.758301
1062.758301
1062.758301
1062.758301
1062.758301
1062.758301
1062.758301
1062.758301
1062.758301
1062.758301
1062.758301
1062.758301
1062.758301
1062.758301
1062.758301
1062.727557
1062.727557
1062.727557
1062.727557
1062.727557
1062.727557
1062.727557
1062.727557
1062.727557
1062.727557
1062.727557
1062.727557
1062.727557
1062.727557
1062.727557
1062.727557
1062.727557
1062.727557
1062.727557
1062.727557
1062.727557
1062.727557
1062.727557
1062.727557
1062.727557
1062.727557
1062.727557
1062.727557
1062.727557
1062.727557
1062.727557
1062.727557
1062.727557
1062.727557
1062.727557
1062.727557
1062.727557
1062.727557
1062.727557
1062.727557
1062.727557
1062.727557
1062.727557
1062.727557
1062.727557
1062.727557
1062.727557
1062.727557
1062.727557
1062.727557
1062.460697
1062.460697
1062.460697
1062.460697
1062.460697
1062.460697
1062.460697
1062.460697
1062.306111
1062.306111
1062.306111
1062.306111
1062.306111
1062.306111
1062.306111
1062.306111
1062.306111
1062.306111
1062.306111
1062.306111
1062.306111
1062.306111
1062.306111
1062.306111
1062.306111
1062.306111
1062.306111
1062.306111
1062.306111
1062.306111
1062.306111
1062.306111
1062.306111
1062.306111
1062.306111
1062.306111
1062.306111
1062.306111
1062.306111
1062.306111
1062.306111
1062.306111
1062.306111
1062.306111
1062.306111
1062.306111
1062.306111
1062.306111
1062.306111
1062.306111
1062.306111
1062.306111
1062.306111
1062.306111
1062.306111
1062.306111
1062.306111
1062.306111
1062.306111
1062.306111
1062.306111
1062.306111
1062.306111
1062.306111
1062.306111
1062.306111
1062.306111
1062.306111
1062.306111
1062.306111
1062.306111
1062.306111
1062.306111
1062.306111
1062.306111
1062.306111
1062.306111
1062.306111
1062.306111
1062.306111
1062.306111
1062.306111
1062.306111
1062.306111
1062.306111
1062.306111
1062.306111
1062.306111
1062.306111
1062.306111
1062.306111
1062.306111
1062.306111
1062.306111
1062.306111
1062.306111
1062.306111
1062.306111
1062.306111
1062.306111
1062.306111
1062.306111
1062.306111
1062.306111
1062.306111
1062.306111
1062.306111
1062.306111
1062.306111
1062.306111
1062.306111
1062.306111
1062.306111
1062.306111
1062.306111
1062.306111
1062.306111
1062.281372
1062.281372
1062.281372
1062.281372
1062.281372
1062.281372
1062.281372
1062.281372
1062.281372
1062.281372
1062.281372
1062.281372
1062.281372
1062.281372
1062.281372
1062.281372
1062.281372
1062.281372
1062.281372
1062.281372
1062.281372
1062.281372
1062.281372
1062.281372
1062.281372
1062.281372
1062.281372
1062.281372
1062.281372
1062.281372
1062.053303
1062.053303
1062.053303
1062.053303
1062.053303
1062.053303
1062.053303
1062.053303
1062.053303
1062.053303
1062.053303
1062.053303
1062.053303
1062.053303
1062.053303
1062.053303
1062.053303
1062.053303
1062.007925
1062.007925
1062.007925
1062.007925
1062.007925
1062.007925
1062.007925
1062.007925
1062.007925
1062.007925
1062.007925
1062.007925
1062.007925
1062.007925
1062.007925
1062.007925
1062.007925
1062.007925
1062.007925
1062.007925
1062.007925
1062.007925
1062.007925
1062.007925
1062.007925
1062.007925
1062.007925
1062.007925
1062.007925
1062.007925
1062.007925
1062.007925
1062.007925
1062.007925
1062.007925
1062.007925
1062.007925
1062.007925
1062.007925
1061.854691
1061.854691
1061.854691
1061.854691
1061.854691
1061.854691
1061.854691
1061.854691
1061.854691
1061.854691
1061.854691
1061.854691
1061.854691
1061.854691
1061.854691
1061.801729
1061.801729
1061.801729
1061.801729
1061.801729
1061.801729
1061.801729
1061.801729
1061.801729
1061.801729
1061.801729
1061.801729
1061.801729
1061.801729
1061.801729
1061.801729
1061.801729
1061.801729
1061.801729
1061.801729
1061.801729
1061.801729
1061.801729
1061.801729
1061.801729
1061.801729
1061.801729
1061.801729
1061.801729
1061.801729
1061.801729
1061.801729
1061.801729
1061.801729
1061.801729
1061.801729
1061.801729
1061.801729
1061.801729
1061.801729
1061.665901
1061.665901
1061.665901
1061.665901
1061.665901
1061.665901
1061.665901
1061.665901
1061.665901
1061.665901
1061.665901
1061.665901
1061.665901
1061.665901
1061.533234
1061.533234
1061.533234
1061.533234
1061.533234
1061.533234
1061.533234
1061.533234
1061.533234
1061.533234
1061.533234
1061.533234
1061.533234
1061.533234
1061.533234
1061.533234
1061.533234
1061.533234
1061.533234
1061.533234
1061.533234
1061.533234
1061.533234
1061.533234
1061.533234
1061.533234
1061.533234
1061.533234
1061.533234
1061.533234
1061.533234
1061.533234
1061.533234
1061.533234
1061.533234
1061.533234
1061.533234
1061.533234
1061.533234
1061.533234
1061.533234
1061.533234
1061.533234
1061.533234
1061.533234
1061.533234
1061.533234
1061.533234
1061.533234
1061.533234
1061.533234
1061.533234
1061.533234
1061.533234
1061.533234
1061.533234
1061.533234
1061.533234
1061.533234
1061.533234
1061.533234
1061.533234
1061.533234
1061.533234
1061.533234
1061.380101
1061.380101
1061.380101
1061.380101
1061.380101
1061.380101
1061.380101
1061.380101
1061.380101
1061.380101
1061.380101
1061.380101
1061.380101
1061.380101
1061.380101
1061.380101
1061.380101
1061.380101
1061.380101
1061.380101
1061.380101
1061.380101
1061.380101
1061.380101
1061.380101
1061.380101
1061.380101
1061.380101
1060.670546
1060.670546
1060.670546
1060.670546
1060.670546
1060.670546
1060.670546
1060.670546
1060.670546
1060.670546
1060.670546
1060.670546
1060.670546
1060.670546
1060.670546
1060.670546
1060.670546
1060.670546
1060.670546
1060.670546
1060.670546
1060.670546
1060.670546
1060.670546
1060.670546
1060.670546
1060.670546
1060.670546
1060.670546
1060.670546
1060.670546
1060.670546
1060.670546
1060.670546
1060.670546
1060.670546
1060.670546
1060.670546
1060.670546
1060.670546
1060.670546
1060.670546
1060.670546
1060.670546
1060.670546
1060.670546
1060.670546
1060.670546
1060.670546
1060.670546
1060.670546
1060.670546
1060.670546
1060.670546
1060.670546
1060.670546
1060.670546
1060.670546
1060.670546
1060.670546
1060.670546
1060.670546
1060.670546
1060.670546
1060.670546
1060.670546
1060.670546
1060.670546
1060.495132
1060.495132
1060.495132
1060.495132
1060.495132
1060.495132
1060.495132
1060.495132
1060.495132
1060.495132
1060.495132
1060.495132
1060.495132
1060.495132
1060.495132
1060.495132
1060.495132
1060.495132
1060.495132
1060.495132
1060.495132
1060.495132
1060.495132
1060.495132
1060.495132
1060.495132
1060.495132
1060.495132
1060.495132
1060.495132
1060.495132
1060.495132
1060.495132
1060.495132
1060.495132
1060.495132
1060.495132
1060.495132
1060.495132
1060.495132
1060.495132
1060.495132
1060.495132
1060.495132
1060.495132
1060.495132
1060.495132
1060.495132
1060.495132
1060.495132
1060.495132
1060.495132
1060.495132
1060.495132
1060.495132
1060.495132
1060.495132
1060.495132
1060.495132
1060.495132
1060.495132
1060.495132
1060.495132
1060.495132
1060.495132
1060.495132
1060.495132
1060.495132
1060.495132
1060.495132
1060.495132
1060.495132
1060.495132
1060.495132
1060.495132
1060.495132
1060.495132
1060.495132
1060.495132
1060.495132
1060.495132
1060.495132
1060.495132
1060.495132
1060.495132
1060.495132
1060.495132
1060.495132
1060.495132
1060.495132
1060.495132
1060.495132
1060.495132
1060.495132
1060.495132
1060.495132
1060.495132
1060.495132
1060.495132
1060.495132
1060.495132
1060.495132
1060.495132
1060.495132
1060.495132
1060.495132
1060.495132
1060.495132
1060.495132
1060.495132
1060.495132
1060.495132
1060.495132
1060.495132
1060.495132
1060.495132
1060.495132
1060.495132
1060.495132
1060.495132
1060.495132
1060.495132
1060.495132
1060.495132
1060.495132
1060.495132
1060.495132
1060.495132
1060.495132
1060.495132
1060.495132
1060.495132
1060.495132
1060.495132
1060.495132
1060.495132
1060.351792
1060.351792
1060.351792
1060.351792
1060.351792
1060.351792
1060.351792
1060.351792
1060.351792
1060.351792
1060.351792
1060.351792
1060.351792
1060.351792
1059.912414
1059.912414
1059.912414
1059.912414
1059.912414
1059.912414
1059.912414
1059.912414
1059.912414
1059.912414
1059.912414
1059.912414
1059.912414
1059.912414
1059.912414
1059.912414
1059.912414
1059.912414
1059.912414
1059.912414
1059.912414
1059.912414
1059.912414
1059.912414
1059.912414
1059.912414
1059.912414
1059.912414
1059.912414
1059.912414
1059.912414
1059.912414
1059.912414
1059.912414
1059.912414
1059.912414
1059.912414
1059.912414
1059.912414
1059.912414
1059.912414
1059.912414
1059.912414
1059.912414
1059.912414
1059.912414
1059.912414
1059.912414
1059.912414
1059.912414
1059.912414
1059.912414
1059.912414
1059.912414
1059.912414
1059.912414
1059.912414
1059.912414
1059.912414
1059.912414
1059.912414
1059.912414
1059.912414
1059.912414
1059.912414
1059.912414
1059.912414
1059.912414
1059.912414
1059.912414
1059.912414
1059.912414
1059.912414
1059.912414
1059.912414
1059.912414
1059.912414
1059.912414
1059.912414
1059.912414
1059.912414
1059.625312
1059.625312
1059.625312
1059.625312
1059.625312
1059.625312
1059.625312
1059.625312
1059.625312
1059.625312
1059.625312
1059.625312
1059.625312
1059.625312
1059.625312
1059.625312
1059.625312
1059.625312
1059.625312
1059.625312
1059.625312
1059.625312
1059.625312
1059.625312
1059.625312
1059.625312
1059.625312
1059.625312
1059.625312
1059.625312
1059.625312
1059.625312
1059.625312
1059.625312
1059.625312
1059.625312
1059.625312
1059.625312
1059.625312
1059.625312
1059.625312
1059.625312
1059.625312
1059.625312
1059.625312
1059.625312
1059.625312
1059.625312
1059.625312
1059.625312
1059.625312
1059.625312
1059.625312
1059.625312
1059.625312
1059.625312
1059.625312
1059.625312
1059.625312
1059.625312
1059.625312
1059.625312
1059.625312
1059.625312
1059.625312
1059.625312
1059.625312
1059.625312
1059.625312
1059.625312
1059.625312
1059.625312
1059.625312
1059.625312
1059.625312
1059.408978
1059.408978
1059.408978
1059.408978
1059.408978
1059.408978
1059.408978
1059.408978
1059.408978
1059.408978
1059.408978
1059.408978
1059.408978
1059.408978
1059.408978
1059.408978
1059.408978
1059.408978
1059.408978
1059.408978
1059.408978
1059.408978
1059.408978
1059.408978
1059.408978
1059.408978
1059.408978
1059.408978
1059.408978
1059.408978
1059.408978
1059.408978
1059.408978
1059.408978
1059.408978
1059.408978
1059.408978
1059.174565
1059.174565
1059.174565
1059.174565
1059.174565
1059.174565
1059.174565
1059.174565
1059.174565
1059.174565
1059.174565
1059.174565
1059.174565
1059.174565
1059.174565
1059.174565
1059.174565
1059.174565
1059.174565
1059.174565
1059.174565
1059.174565
1059.174565
1059.174565
1059.174565
1059.174565
1059.174565
1059.174565
1059.174565
1059.174565
1059.174565
1059.174565
1059.174565
1059.174565
1059.174565
1059.174565
1059.174565
1059.174565
1059.174565
1059.174565
1059.174565
1059.174565
1059.174565
1059.174565
1059.174565
1059.174565
1059.174565
1059.174565
1059.174565
1059.174565
1059.174565
1059.174565
1059.174565
1058.783406
1058.783406
1058.783406
1058.783406
1058.783406
1058.783406
1058.783406
1058.783406
1058.783406
1058.783406
1058.783406
1058.783406
1058.783406
1058.783406
1058.783406
1058.783406
1058.783406
1058.783406
1058.783406
1058.783406
1058.783406
1058.783406
1058.783406
1058.783406
1058.783406
1058.783406
1058.783406
1058.783406
1058.783406
1058.783406
1058.783406
1058.783406
1058.783406
1058.783406
1058.783406
1058.783406
1058.783406
1058.783406
1058.783406
1058.783406
1058.783406
1058.783406
1058.783406
1058.783406
1058.783406
1058.783406
1058.783406
1058.783406
1058.783406
1058.783406
1058.783406
1058.783406
1058.783406
1058.783406
1058.783406
1058.783406
1058.783406
1058.783406
1058.783406
1058.783406
1058.783406
1058.783406
1058.783406
1058.783406
1058.783406
1058.783406
1058.783406
1058.783406
1058.783406
1058.783406
1058.783406
1058.783406
1058.783406
1058.783406
1058.783406
1058.783406
1058.783406
1058.783406
1058.783406
1058.783406
1058.783406
1058.783406
1058.783406
1058.783406
1058.783406
1058.783406
1058.783406
1058.783406
1058.783406
1058.783406
1058.783406
1058.783406
1058.783406
1058.783406
1058.783406
1058.783406
1058.783406
1058.783406
1058.783406
1058.783406
1058.783406
1058.783406
1058.783406
1058.783406
1058.783406
1058.783406
1058.783406
1058.783406
1058.783406
1058.783406
1058.783406
1058.783406
1058.783406
1058.783406
1058.783406
1058.783406
1058.783406
1058.783406
1058.783406
1058.783406
1058.783406
1058.783406
1058.783406
1058.783406
1058.783406
1058.038811
1058.038811
1058.038811
1058.038811
1058.038811
1058.038811
1058.038811
1058.038811
1058.038811
1058.038811
1058.038811
1058.038811
1058.038811
1058.038811
1058.038811
1058.038811
1058.038811
1058.038811
1058.038811
1058.038811
1058.038811
1058.038811
1058.038811
1058.038811
1058.038811
1058.038811
1058.038811
1058.038811
1058.038811
1058.038811
1058.038811
1058.038811
1058.038811
1058.038811
1058.038811
1058.038811
1058.038811
1058.038811
1058.038811
1058.038811
1058.038811
1058.038811
1058.038811
1058.038811
1058.038811
1058.038811
1058.038811
1058.038811
1058.038811
1058.038811
1058.038811
1058.038811
1058.038811
1058.038811
1058.038811
1058.038811
1058.038811
1058.038811
1058.038811
1058.038811
1058.038811
1058.038811
1058.038811
1058.038811
1058.038811
1058.038811
1058.038811
1058.038811
1058.038811
1058.038811
1058.038811
1058.038811
1058.038811
1058.038811
1058.038811
1058.038811
1058.038811
1058.038811
1058.038811
1058.038811
1058.038811
1058.038811
1058.038811
1058.038811
1058.038811
1058.038811
1058.038811
1058.038811
1058.038811
1058.038811
1058.038811
1058.038811
1058.038811
1058.038811
1058.038811
1058.038811
1058.038811
1058.038811
1058.038811
1058.038811
1058.038811
1058.038811
1058.038811
1058.038811
1058.038811
1058.038811
1058.038811
1058.038811
1058.038811
1058.038811
1058.038811
1058.038811
1058.038811
1058.038811
1058.038811
1058.038811
1058.038811
1058.038811
1058.038811
1058.038811
1058.038811
1058.038811
1058.038811
1058.038811
1058.038811
1058.038811
1058.038811
1058.038811
1058.038811
1058.038811
1058.038811
1058.038811
1058.038811
1058.038811
1058.038811
1058.038811
1058.038811
1058.038811
1058.038811
1058.038811
1058.038811
1058.038811
1058.038811
1058.038811
1058.038811
1058.038811
1058.038811
1058.038811
1058.038811
1058.038811
1058.038811
1058.038811
1058.038811
1058.038811
1058.038811
1058.038811
1058.038811
1058.038811
1058.038811
1058.038811
1058.038811
1058.038811
1058.038811
1058.038811
1058.038811
1058.038811
1057.967357
1057.967357
1057.967357
1057.967357
1057.967357
1057.967357
1057.967357
1057.967357
1057.967357
1057.967357
1057.967357
1057.967357
1057.967357
1057.967357
1057.967357
1057.967357
1057.967357
1057.967357
1057.967357
1057.967357
1057.967357
1057.967357
1057.967357
1057.967357
1057.967357
1057.967357
1057.967357
1057.967357
1057.967357
1057.967357
1057.967357
1057.967357
1057.967357
1057.967357
1057.967357
1057.967357
1057.967357
1057.967357
1057.967357
1057.967357
1057.967357
1057.967357
1057.967357
1057.967357
1057.967357
1057.751833
1057.751833
1057.751833
1057.751833
1057.751833
1057.751833
1057.751833
1057.751833
1057.751833
1057.751833
1057.549278
1057.549278
1057.549278
1057.549278
1057.549278
1057.549278
1057.549278
1057.549278
1057.549278
1057.549278
1057.549278
1057.549278
1057.549278
1057.549278
1057.549278
1057.549278
1057.549278
1057.549278
1057.549278
1057.549278
1057.549278
1057.549278
1057.237925
1057.237925
1057.237925
1057.237925
1057.237925
1057.237925
1057.237925
1057.237925
1057.237925
1057.237925
1057.237925
1057.237925
1057.237925
1057.237925
1057.237925
1057.237925
1057.237925
1057.237925
1057.237925
1057.237925
1057.237925
1057.237925
1057.237925
1057.237925
1057.237925
1057.237925
1057.237925
1057.237925
1057.237925
1057.237925
1057.237925
1057.237925
1057.237925
1057.237925
1057.237925
1057.237925
1057.237925
1057.237925
1057.237925
1057.237925
1057.237925
1057.237925
1057.237925
1057.237925
1057.237925
1057.083540
1057.083540
1057.083540
1057.083540
1057.083540
1057.083540
1057.083540
1057.083540
1057.083540
1057.083540
1057.083540
1057.083540
1057.083540
1057.083540
1057.083540
1057.083540
1057.083540
1057.083540
1057.083540
1057.083540
1057.083540
1057.083540
1057.083540
1057.083540
1057.083540
1057.083540
1057.083540
1057.083540
1057.083540
1057.083540
1057.083540
1057.083540
1057.083540
1057.062666
1057.062666
1057.062666
1057.062666
1057.062666
1057.062666
1057.062666
1057.062666
1057.062666
1057.062666
1057.062666
1056.865990
1056.865990
1056.865990
1056.865990
1056.865990
1056.865990
1056.865990
1056.865990
1056.865990
1056.865990
1056.865990
1056.865990
1056.865990
1056.865990
1056.865990
1056.865990
1056.865990
1056.865990
1056.865990
1056.865990
1056.865990
1056.865990
1056.865990
1056.865990
1056.865990
1056.865990
1056.865990
1056.865990
1056.865990
1056.865990
1056.865990
1056.865990
1056.865990
1056.865990
1056.865990
1056.865990
1056.865990
1056.865990
1056.865990
1056.865990
1056.865990
1056.865990
1056.865990
1056.865990
1056.865990
1056.865990
1056.865990
1056.865990
1056.865990
1056.865990
1056.865990
1056.865990
1056.865990
1056.865990
1056.865990
1056.865990
1056.865990
1056.865990
1056.865990
1056.865990
1056.865990
1056.865990
1056.865990
1056.865990
1056.865990
1056.865990
1056.865990
1056.865990
1056.865990
1056.865990
1056.865990
1056.865990
1056.865990
1056.865990
1056.742735
1056.742735
1056.742735
1056.425135
1056.425135
1056.200370
1056.200370
1056.200370
1056.200370
1056.200370
1056.200370
1056.200370
1056.200370
1056.200370
1056.200370
1056.200370
1056.200370
1056.200370
1056.200370
1056.200370
1056.200370
1056.200370
1056.200370
1056.200370
1056.200370
1056.200370
1056.200370
1056.200370
1056.200370
1056.200370
1056.200370
1056.200370
1056.200370
1056.200370
1056.200370
1056.200370
1056.200370
1056.200370
1056.200370
1056.200370
1056.200370
1056.200370
1056.200370
1056.200370
1056.200370
1056.200370
1056.200370
1056.200370
1056.200370
1056.200370
1056.200370
1056.200370
1056.200370
1056.200370
1055.785464
1055.785464
1055.785464
1055.785464
1055.785464
1055.785464
1055.785464
1055.785464
1055.785464
1055.785464
1055.785464
1055.785464
1055.785464
1055.785464
1055.785464
1055.785464
1055.785464
1055.785464
1055.785464
1055.785464
1055.785464
1055.785464
1055.785464
1055.785464
1055.785464
1055.785464
1055.785464
1055.785464
1055.785464
1055.785464
1055.785464
1055.785464
1055.785464
1055.785464
1055.785464
1055.785464
1055.785464
1055.785464
1055.785464
1055.785464
1055.785464
1055.785464
1055.785464
1055.785464
1055.785464
1055.785464
1055.785464
1055.785464
1055.785464
1055.785464
1055.785464
1055.785464
1055.785464
1055.785464
1055.785464
1055.785464
1055.785464
1055.785464
1055.785464
1055.785464
1055.785464
1055.785464
1055.785464
1055.785464
1055.785464
1055.785464
1055.785464
1055.785464
1055.785464
1055.785464
1055.785464
1055.785464
1055.785464
1055.785464
1055.785464
1055.785464
1055.785464
1055.785464
1055.785464
1055.785464
1055.785464
1055.785464
1055.785464
1055.785464
1055.785464
1055.785464
1055.785464
1055.785464
1055.785464
1055.785464
1055.785464
1055.785464
1055.785464
1055.785464
1055.785464
1055.785464
1055.785464
1055.785464
1055.785464
1055.785464
1055.785464
1055.785464
1055.785464
1055.785464
1055.785464
1055.460675
1055.460675
1055.460675
1055.460675
1055.460675
1055.460675
1055.460675
1055.460675
1055.460675
1055.460675
1055.460675
1055.460675
1055.460675
1055.460675
1055.460675
1055.460675
1055.460675
1055.460675
1055.460675
1055.460675
1055.460675
1055.460675
1055.460675
1055.460675
1055.460675
1055.460675
1055.460675
1055.460675
1055.460675
1055.460675
1055.460675
1055.460675
1055.460675
1055.408045
1055.408045
1055.408045
1055.408045
1055.408045
1055.408045
1055.408045
1055.408045
1055.408045
1055.408045
1055.408045
1055.408045
1055.408045
1055.408045
1055.408045
1055.408045
1055.408045
1055.408045
1055.408045
1055.408045
1055.408045
1055.408045
1055.408045
1055.408045
1055.380327
1055.380327
1055.380327
1055.380327
1055.380327
1055.380327
1055.380327
1055.380327
1055.380327
1055.380327
1055.380327
1055.380327
1055.380327
1055.380327
1055.380327
1055.380327
1055.380327
1055.380327
1055.380327
1055.380327
1055.380327
1055.380327
1055.380327
1055.380327
1055.380327
1055.380327
1055.380327
1055.380327
1054.577239
1054.577239
1054.577239
1054.577239
1054.577239
1054.577239
1054.577239
1054.577239
1054.577239
1054.577239
1054.577239
1054.577239
1054.577239
1054.577239
1054.577239
1054.577239
1054.577239
1054.577239
1054.577239
1054.577239
1054.577239
1054.577239
1054.577239
1054.577239
1054.577239
1054.577239
1054.577239
1054.577239
1054.577239
1054.577239
1054.577239
1054.577239
1054.577239
1054.577239
1054.577239
1054.577239
1054.577239
1054.577239
1054.577239
1054.577239
1054.577239
1054.577239
1054.577239
1054.577239
1054.577239
1054.577239
1054.577239
1054.577239
1054.577239
1054.577239
1054.577239
1054.577239
1054.577239
1054.577239
1054.577239
1054.577239
1054.577239
1054.577239
1054.577239
1054.577239
1054.577239
1054.577239
1054.577239
1054.577239
1054.577239
1054.572970
1054.572970
1054.572970
1054.572970
1054.572970
1054.572970
1054.572970
1054.572970
1054.572970
1054.572970
1054.572970
1054.572970
1054.572970
1054.572970
1054.572970
1054.572970
1054.572970
1054.572970
1054.572970
1054.572970
1054.572970
1054.572970
1054.572970
1054.572970
1054.572970
1054.572970
1054.572970
1054.572970
1054.572970
1054.572970
1054.572970
1054.572970
1054.572970
1054.572970
1054.572970
1054.547467
1054.547467
1054.547467
1054.547467
1054.547467
1054.547467
1054.547467
1054.547467
1054.547467
1054.547467
1054.547467
1054.547467
1054.547467
1054.547467
1054.547467
1054.547467
1054.547467
1054.547467
1054.547467
1054.547467
1054.547467
1054.547467
1054.547467
1054.547467
1054.547467
1054.547467
1054.281236
1054.281236
1054.281236
1054.281236
1054.281236
1054.281236
1054.281236
1054.281236
1053.687227
1053.687227
1053.687227
1053.687227
1053.687227
1053.687227
1053.687227
1053.687227
1053.687227
1053.687227
1053.687227
1053.687227
1053.687227
1053.687227
1053.687227
1053.687227
1053.687227
1053.687227
1053.687227
1053.687227
1053.687227
1053.687227
1053.687227
1053.687227
1053.687227
1053.687227
1053.687227
1053.687227
1053.687227
1053.687227
1053.687227
1053.687227
1053.687227
1053.687227
1053.687227
1053.687227
1053.687227
1053.687227
1053.687227
1053.687227
1053.687227
1053.687227
1053.687227
1053.687227
1053.687227
1053.687227
1053.687227
1053.687227
1053.637022
1053.637022
1053.637022
1053.637022
1053.637022
1053.637022
1053.637022
1053.637022
1053.637022
1053.637022
1053.637022
1053.637022
1053.637022
1053.637022
1053.637022
1053.637022
1053.637022
1053.637022
1053.637022
1053.637022
1053.637022
1053.637022
1053.637022
1053.637022
1053.637022
1053.637022
1053.637022
1053.637022
1053.637022
1053.637022
1053.637022
1053.637022
1053.637022
1053.637022
1053.637022
1053.637022
1053.637022
1053.637022
1053.637022
1053.637022
1053.637022
1053.637022
1053.637022
1053.637022
1053.637022
1053.637022
1053.637022
1053.637022
1053.637022
1053.637022
1053.637022
1053.637022
1053.637022
1053.637022
1053.637022
1053.637022
1053.637022
1053.637022
1053.637022
1053.637022
1053.637022
1053.637022
1053.637022
1053.637022
1053.637022
1053.637022
1053.637022
1053.637022
1053.637022
1053.637022
1053.637022
1053.637022
1053.637022
1053.637022
1053.637022
1053.637022
1053.637022
1053.637022
1053.637022
1053.637022
1053.637022
1053.637022
1053.637022
1053.637022
1053.637022
1053.637022
1053.637022
1053.637022
1053.292288
1053.292288
1053.292288
1053.292288
1053.292288
1053.292288
1053.292288
1053.292288
1053.292288
1053.292288
1053.292288
1053.292288
1053.292288
1053.292288
1053.292288
1053.292288
1053.292288
1053.292288
1053.292288
1053.292288
1053.292288
1053.292288
1053.292288
1053.292288
1053.292288
1053.292288
1053.292288
1053.292288
1053.292288
1053.292288
1053.292288
1053.292288
1053.292288
1053.292288
1053.292288
1053.292288
1053.292288
1053.292288
1053.292288
1053.292288
1053.292288
1053.292288
1053.292288
1053.292288
1053.292288
1053.292288
1053.292288
1053.292288
1053.292288
1053.292288
1053.292288
1053.292288
1053.292288
1053.292288
1053.292288
1053.292288
1053.292288
1053.292288
1053.292288
1053.292288
1053.292288
1053.292288
1053.292288
1053.292288
1053.292288
1053.292288
1053.292288
1053.292288
1053.292288
1053.292288
1053.292288
1053.292288
1053.292288
1053.292288
1053.139342
1053.139342
1053.139342
1053.139342
1053.139342
1053.139342
1053.139342
1053.139342
1053.139342
1053.139342
1053.139342
1053.139342
1053.139342
1053.139342
1053.139342
1053.139342
1053.139342
1053.139342
1053.139342
1053.139342
1053.139342
1053.139342
1053.139342
1053.139342
1053.139342
1053.139342
1053.139342
1053.139342
1053.139342
1053.139342
1053.139342
1053.139342
1053.139342
1053.139342
1053.139342
1053.139342
1053.139342
1053.139342
1053.139342
1053.139342
1053.139342
1053.139342
1053.139342
1053.139342
1053.139342
1053.139342
1053.139342
1053.139342
1053.139342
1053.139342
1053.139342
1053.139342
1052.979403
1052.979403
1052.979403
1052.979403
1052.979403
1052.979403
1052.979403
1052.979403
1052.979403
1052.979403
1052.979403
1052.979403
1052.979403
1052.979403
1052.979403
1052.979403
1052.979403
1052.979403
1052.979403
1052.979403
1052.979403
1052.979403
1052.979403
1052.979403
1052.979403
1052.979403
1052.979403
1052.950947
1052.950947
1052.950947
1052.950947
1052.950947
1052.950947
1052.950947
1052.950947
1052.950947
1052.950947
1052.950947
1052.950947
1052.950947
1052.950947
1052.950947
1052.950947
1052.950947
1052.950947
1052.950947
1052.950947
1052.950947
1052.950947
1052.950947
1052.950947
1052.555229
1052.555229
1052.555229
1052.555229
1052.482674
1052.482674
1052.482674
1052.482674
1052.482674
1052.482674
1052.482674
1052.482674
1052.482674
1052.482674
1052.482674
1052.482674
1052.482674
1052.482674
1052.482674
1052.482674
1052.482674
1052.482674
1052.482674
1052.482674
1052.482674
1052.482674
1052.482674
1052.482674
1052.482674
1052.482674
1052.482674
1052.482674
1052.482674
1052.482674
1052.482674
1052.482674
1052.482674
1052.482674
1052.482674
1052.482674
1052.482674
1052.482674
1052.482674
1052.482674
1052.482674
1052.482674
1052.482674
1052.482674
1052.482674
1052.482674
1052.482674
1052.482674
1052.482674
1052.482674
1052.482674
1052.482674
1052.482674
1052.482674
1052.482674
1052.482674
1052.482674
1052.482674
1052.482674
1052.482674
1052.482674
1052.482674
1052.482674
1052.482674
1052.482674
1052.482674
1052.482674
1052.482674
1052.482674
1052.482674
1052.482674
1052.482674
1052.482674
1052.482674
1052.482674
1052.482674
1052.482674
1052.482674
1052.482674
1052.482674
1052.482674
1052.482674
1052.482674
1052.482674
1052.482674
1052.482674
1052.482674
1052.482674
1052.482674
1052.482674
1052.482674
1052.482674
1052.482674
1052.482674
1052.482674
1052.482674
1052.482674
1052.482674
1052.482674
1052.482674
1052.482674
1052.482674
1052.482674
1052.482674
1052.482674
1052.482674
1052.482674
1052.482674
1052.482674
1052.482674
1052.482674
1052.482674
1052.482674
1052.482674
1052.482674
1052.482674
1052.482674
1052.482674
1052.482674
1052.482674
1052.482674
1052.482674
1052.482674
1052.482674
1052.482674
1052.482674
1052.482674
1052.482674
1052.482674
1052.482674
1052.482674
1052.482674
1052.482674
1052.482674
1052.482674
1052.482674
1052.482674
1052.482674
1052.482674
1052.482674
1052.482674
1052.482674
1052.482674
1052.308135
1052.308135
1052.308135
1051.855189
1051.855189
1051.855189
1051.855189
1051.855189
1051.855189
1051.855189
1051.855189
1051.855189
1051.855189
1051.855189
1051.855189
1051.855189
1051.855189
1051.855189
1051.855189
1051.855189
1051.855189
1051.855189
1051.855189
1051.855189
1051.855189
1051.855189
1051.855189
1051.855189
1051.855189
1051.855189
1051.855189
1051.855189
1051.855189
1051.855189
1051.855189
1051.855189
1051.855189
1051.855189
1051.855189
1051.855189
1051.855189
1051.855189
1051.855189
1051.855189
1051.855189
1051.855189
1051.855189
1051.855189
1051.855189
1051.855189
1051.855189
1051.855189
1051.855189
1051.855189
1051.855189
1051.855189
1051.855189
1051.855189
1051.855189
1051.855189
1051.392377
1051.392377
1051.392377
1051.392377
1051.392377
1051.392377
1051.392377
1051.392377
1051.392377
1051.392377
1051.392377
1051.392377
1051.392377
1051.392377
1051.392377
1051.392377
1051.392377
1051.392377
1051.392377
1051.392377
1051.392377
1051.392377
1051.392377
1051.392377
1051.392377
1051.392377
1051.392377
1051.392377
1051.392377
1051.392377
1051.392377
1051.392377
1051.392377
1051.392377
1051.392377
1051.392377
1051.392377
1051.392377
1051.392377
1051.392377
1051.392377
1051.392377
1051.392377
1051.392377
1051.392377
1051.392377
1051.392377
1051.392377
1051.392377
1051.392377
1051.392377
1051.392377
1051.392377
1051.392377
1051.392377
1051.392377
1051.392377
1051.392377
1051.392377
1051.392377
1051.392377
1051.392377
1051.392377
1051.392377
1051.392377
1051.392377
1051.392377
1051.392377
1051.392377
1051.392377
1051.392377
1051.392377
1051.392377
1051.392377
1051.392377
1051.392377
1051.392377
1051.392377
1051.392377
1051.392377
1051.267673
1051.267673
1051.267673
1051.267673
1051.267673
1051.267673
1051.267673
1051.267673
1051.267673
1051.267673
1051.267673
1051.267673
1051.267673
1051.267673
1051.267673
1051.267673
1051.267673
1051.267673
1051.267673
1051.267673
1051.267673
1051.267673
1051.267673
1051.267673
1051.165017
1051.165017
1051.165017
1051.165017
1051.165017
1051.165017
1051.165017
1051.165017
1051.165017
1051.165017
1051.165017
1051.165017
1051.165017
1051.165017
1051.165017
1051.165017
1051.165017
1051.165017
1051.165017
1051.165017
1051.165017
1051.165017
1051.165017
1051.165017
1051.165017
1051.165017
1051.165017
1051.165017
1051.165017
1051.165017
1051.165017
1051.165017
1051.165017
1051.165017
1051.165017
1051.165017
1051.165017
1051.134149
1051.134149
1051.134149
1051.134149
1051.134149
1051.134149
1051.134149
1051.134149
1051.134149
1050.879947
1050.879947
1050.879947
1050.879947
1050.879947
1050.879947
1050.879947
1050.879947
1050.879947
1050.879947
1050.879947
1050.879947
1050.879947
1050.879947
1050.879947
1050.879947
1050.879947
1050.879947
1050.879947
1050.879947
1050.879947
1050.879947
1050.879947
1050.879947
1050.879947
1050.879947
1050.879947
1050.879947
1050.879947
1050.879947
1050.879947
1050.879947
1050.879947
1050.879947
1050.879947
1050.879947
1050.879947
1050.879947
1050.879947
1050.879947
1050.879947
1050.879947
1050.879947
1050.879947
1050.879947
1050.879947
1050.879947
1050.879947
1050.879947
1050.879947
1050.879947
1050.879947
1050.879947
1050.879947
1050.879947
1050.879947
1050.879947
1050.879947
1050.879947
1050.879947
1050.879947
1050.879947
1050.879947
1050.879947
1050.879947
1050.879947
1050.879947
1050.879947
1050.879947
1050.879947
1050.879947
1050.879947
1050.879947
1050.879947
1050.879947
1050.879947
1050.879947
1050.879947
1050.879947
1050.879947
1050.879947
1050.879947
1050.879947
1050.879947
1050.879947
1050.879947
1050.879947
1050.879947
1050.879947
1050.879947
1050.879947
1050.879947
1050.879947
1050.879947
1050.879947
1050.879947
1050.879947
1050.879947
1050.879947
1050.879947
1050.879947
1050.879947
1050.879947
1050.879947
1050.879947
1050.879947
1050.879947
1050.879947
1050.879947
1050.879947
1050.879947
1050.879947
1050.879947
1050.879947
1050.879947
1050.879947
1050.879947
1050.879947
1050.879947
1050.879947
1050.879947
1050.879947
1050.879947
1050.872919
1050.872919
1050.872919
1050.872919
1050.872919
1050.872919
1050.872919
1050.872919
1050.872919
1050.872919
1050.872919
1050.872919
1050.872919
1050.872919
1050.872919
1050.872919
1050.872919
1050.872919
1050.872919
1050.872919
1050.872919
1050.872919
1050.872919
1050.872919
1050.872919
1050.872919
1050.848472
1050.385823
1050.385823
1050.385823
1050.385823
1050.385823
1050.385823
1050.385823
1050.385823
1050.385823
1050.385823
1050.385823
1050.385823
1050.385823
1050.385823
1050.385823
1050.385823
1050.385823
1050.385823
1050.385823
1050.385823
1050.385823
1050.385823
1050.385823
1050.385823
1050.385823
1050.385823
1050.385823
1050.385823
1050.385823
1050.385823
1050.385823
1050.385823
1050.385823
1050.385823
1050.385823
1050.385823
1050.385823
1050.385823
1050.385823
1050.385823
1050.385823
1050.385823
1050.309314
1050.309314
1050.309314
1050.309314
1050.309314
1050.309314
1050.309314
1050.309314
1050.309314
1050.309314
1050.309314
1050.309314
1050.309314
1050.309314
1050.309314
1050.309314
1050.309314
1050.309314
1050.309314
1050.309314
1050.309314
1050.309314
1050.309314
1050.309314
1050.309314
1050.309314
1050.309314
1050.309314
1050.309314
1050.309314
1050.309314
1050.309314
1050.309314
1050.309314
1050.309314
1050.309314
1050.309314
1050.309314
1050.309314
1050.309314
1050.309314
1050.309314
1050.309314
1050.265631
1050.265631
1050.265631
1050.265631
1050.265631
1050.265631
1050.139684
1050.139684
1050.139684
1050.139684
1050.139684
1050.139684
1050.139684
1050.139684
1050.139684
1050.139684
1050.139684
1050.139684
1050.139684
1050.139684
1050.139684
1050.139684
1050.139684
1050.139684
1050.139684
1050.094188
1050.094188
1050.094188
1050.094188
1050.094188
1050.094188
1050.094188
1050.094188
1050.094188
1050.094188
1050.094188
1050.094188
1050.094188
1050.092528
1050.092528
1050.092528
1050.092528
1050.092528
1050.092528
1050.092528
1050.092528
1050.092528
1050.092528
1050.092528
1050.092528
1050.092528
1049.915663
1049.915663
1049.915663
1049.915663
1049.915663
1049.915663
1049.915663
1049.915663
1049.915663
1049.915663
1049.915663
1049.915663
1049.915663
1049.915663
1049.915663
1049.915663
1049.915663
1049.915663
1049.915663
1049.915663
1049.915663
1049.915663
1049.915663
1049.915663
1049.915663
1049.915663
1049.915663
1049.915663
1049.915663
1049.915663
1049.915663
1049.915663
1049.915663
1049.915663
1049.915663
1049.915663
1049.915663
1049.915663
1049.915663
1049.915663
1049.915663
1049.915663
1049.915663
1049.679230
1049.679230
1049.679230
1049.679230
1049.679230
1049.679230
1049.679230
1049.547460
1049.547460
1049.547460
1049.547460
1049.547460
1049.547460
1049.547460
1049.547460
1049.547460
1049.547460
1049.547460
1049.547460
1049.547460
1049.547460
1049.547460
1049.547460
1049.547460
1049.547460
1049.547460
1049.547460
1049.547460
1049.547460
1049.547460
1049.547460
1049.547460
1049.547460
1049.547460
1049.547460
1049.547460
1049.547460
1049.547460
1049.547460
1049.547460
1049.547460
1049.547460
1049.547460
1049.547460
1049.547460
1049.547460
1049.547460
1049.547460
1049.547460
1048.881486
1048.881486
1048.881486
1048.881486
1048.881486
1048.881486
1048.881486
1048.881486
1048.881486
1048.881486
1048.881486
1048.881486
1048.881486
1048.881486
1048.881486
1048.881486
1048.881486
1048.881486
1048.732682
1048.732682
1048.732682
1048.732682
1048.732682
1048.732682
1048.732682
1048.360573
1048.360573
1048.360573
1048.360573
1048.360573
1048.360573
1048.360573
1048.360573
1048.360573
1048.360573
1048.360573
1048.360573
1048.360573
1048.360573
1048.360573
1048.360573
1048.360573
1048.360573
1048.360573
1048.360573
1048.360573
1048.360573
1048.360573
1048.360573
1048.360573
1048.360573
1048.360573
1048.360573
1048.360573
1048.360573
1048.360573
1048.360573
1048.360573
1048.360573
1048.360573
1048.360573
1048.360573
1048.360573
1048.360573
1048.360573
1048.360573
1048.360573
1048.360573
1048.360573
1048.360573
1048.360573
1048.360573
1048.360573
1048.360573
1048.360573
1048.360573
1048.360573
1048.360573
1048.360573
1048.360573
1048.360573
1048.360573
1048.360573
1048.360573
1048.360573
1048.360573
1048.360573
1048.360573
1048.360573
1048.360573
1048.360573
1048.360573
1048.360573
1048.360573
1048.360573
1048.360573
1048.360573
1048.360573
1048.360573
1048.360573
1048.360573
1048.360573
1048.360573
1048.360573
1048.360573
1048.360573
1048.360573
1048.360573
1048.360573
1048.360573
1048.360573
1048.360573
1048.360573
1048.360573
1048.360573
1048.360573
1048.360573
1048.360573
1048.360573
1048.360573
1048.360573
1048.360573
1048.360573
1048.360573
1048.360573
1048.360573
1048.360573
1048.360573
1048.360573
1048.360573
1048.360573
1048.360573
1048.360573
1048.360573
1048.360573
1048.360573
1048.360573
1048.360573
1048.360573
1048.360573
1048.360573
1048.360573
1048.360573
1048.360573
1048.360573
1048.360573
1048.360573
1048.360573
1048.360573
1048.360573
1048.360573
1048.360573
1048.360573
1048.360573
1048.360573
1048.360573
1048.360573
1048.360573
1048.360573
1048.360573
1048.360573
1048.360573
1048.360573
1048.360573
1048.360573
1048.360573
1048.360573
1048.360573
1048.360573
1048.360573
1048.360573
1048.360573
1048.360573
1048.360573
1048.360573
1048.360573
1048.360573
1048.360573
1048.360573
1048.360573
1048.360573
1048.360573
1048.360573
1048.360573
1048.360573
1048.360573
1048.360573
1048.360573
1048.360573
1048.360573
1048.360573
1048.360573
1048.360573
1048.360573
1048.360573
1048.360573
1048.360573
1048.360573
1048.360573
1048.360573
1048.360573
1048.360573
1048.360573
1048.011067
1048.011067
1048.011067
1048.011067
1048.011067
1048.011067
1048.011067
1048.011067
1048.011067
1048.011067
1048.011067
1048.011067
1048.011067
1048.011067
1048.011067
1048.011067
1048.011067
1048.011067
1048.011067
1048.011067
1048.011067
1048.011067
1048.011067
1048.011067
1048.011067
1048.011067
1048.011067
1048.011067
1048.011067
1048.011067
1048.011067
1048.011067
1048.011067
1048.011067
1048.011067
1048.011067
1048.011067
1048.011067
1048.011067
1048.011067
1048.011067
1048.011067
1048.011067
1048.011067
1048.011067
1048.011067
1048.011067
1048.011067
1048.011067
1048.011067
1048.011067
1047.908822
1047.908822
1047.908822
1047.908822
1047.908822
1047.908822
1047.908822
1047.908822
1047.908822
1047.908822
1047.908822
1047.908822
1047.908822
1047.908822
1047.908822
1047.908822
1047.908822
1047.908822
1047.908822
1047.908822
1047.908822
1047.908822
1047.908822
1047.908822
1047.908822
1047.908822
1047.908822
1047.908822
1047.908822
1047.908822
1047.908822
1047.908822
1047.908822
1047.908822
1047.908822
1047.908822
1047.908822
1047.908822
1047.908822
1047.908822
1047.908822
1047.908822
1047.908822
1047.908822
1047.908822
1047.908822
1047.908822
1047.908822
1047.908822
1047.583856
1047.583856
1047.583856
1047.583856
1047.583856
1047.583856
1047.583856
1047.583856
1047.583856
1047.583856
1047.583856
1047.583856
1047.583856
1047.583856
1047.583856
1047.583856
1047.583856
1047.583856
1047.583856
1047.583856
1047.583856
1047.583856
1047.583856
1047.583856
1047.583856
1047.583856
1047.583856
1047.583856
1047.583856
1047.583856
1047.583856
1047.583856
1047.583856
1047.583856
1047.583856
1047.583856
1047.583856
1047.583856
1047.583856
1047.583856
1047.583856
1047.583856
1047.583856
1047.583856
1047.583856
1047.583856
1047.583856
1047.583856
1047.583856
1047.583856
1047.583856
1047.583856
1047.583856
1047.583856
1047.583856
1047.583856
1047.583856
1047.583856
1047.583856
1047.583856
1047.583856
1047.583856
1047.583856
1047.583856
1047.583856
1047.583856
1047.583856
1047.583856
1047.583856
1047.583856
1047.583856
1047.583856
1047.583856
1047.583856
1047.583856
1047.583856
1047.583856
1047.583856
1047.583856
1047.583856
1047.583856
1047.583856
1047.583856
1047.583856
1047.583856
1047.583856
1047.583856
1047.583856
1047.583856
1047.583856
1047.583856
1047.583856
1047.583856
1047.583856
1047.583856
1047.583856
1047.583856
1047.583856
1047.583856
1047.583856
1047.583856
1047.583856
1047.583856
1047.583856
1047.583856
1047.518803
1047.518803
1047.518803
1047.518803
1047.518803
1047.518803
1047.518803
1047.518803
1047.518803
1047.518803
1047.518803
1047.518803
1047.518803
1047.518803
1047.518803
1047.518803
1047.518803
1047.494115
1047.494115
1047.494115
1047.494115
1047.494115
1047.494115
1047.494115
1047.494115
1047.494115
1047.494115
1047.494115
1047.494115
1047.494115
1047.494115
1047.494115
1047.494115
1047.494115
1047.494115
1047.494115
1047.494115
1047.494115
1047.494115
1047.494115
1047.494115
1047.494115
1047.494115
1047.494115
1047.494115
1047.494115
1047.494115
1047.494115
1047.494115
1047.494115
1047.494115
1047.494115
1047.494115
1047.494115
1047.494115
1047.494115
1047.494115
1047.494115
1047.494115
1047.494115
1047.112323
1047.112323
1047.112323
1047.112323
1047.112323
1047.112323
1047.112323
1047.112323
1047.112323
1047.112323
1047.112323
1047.112323
1047.112323
1047.112323
1047.112323
1047.112323
1047.112323
1047.112323
1047.112323
1047.112323
1047.112323
1047.112323
1047.112323
1047.112323
1047.112323
1047.112323
1047.112323
1047.112323
1047.112323
1047.112323
1047.112323
1047.112323
1047.112323
1047.112323
1047.112323
1047.112323
1047.112323
1047.112323
1047.112323
1047.112323
1047.112323
1047.112323
1047.112323
1047.112323
1047.112323
1047.112323
1047.112323
1047.112323
1047.112323
1047.112323
1047.112323
1047.112323
1047.112323
1047.112323
1047.112323
1047.112323
1047.112323
1047.024128
1047.024128
1047.024128
1047.024128
1047.024128
1046.900415
1046.900415
1046.900415
1046.900415
1046.900415
1046.751645
1046.751645
1046.751645
1046.751645
1046.751645
1046.751645
1046.751645
1046.751645
1046.751645
1046.751645
1046.751645
1046.751645
1046.751645
1046.751645
1046.751645
1046.751645
1046.751645
1046.751645
1046.751645
1046.751645
1046.751645
1046.751645
1046.751645
1046.751645
1046.751645
1046.751645
1046.751645
1046.751645
1046.751645
1046.751645
1046.751645
1046.751645
1046.357947
1046.357947
1046.357947
1046.357947
1046.357947
1046.357947
1046.357947
1046.357947
1046.357947
1046.357947
1046.357947
1046.357947
1046.357947
1046.357947
1046.357947
1046.357947
1046.357947
1046.357947
1046.357947
1046.357947
1046.357947
1046.357947
1046.357947
1046.357947
1046.357947
1046.357947
1046.357947
1046.357947
1046.357947
1046.357947
1046.357947
1046.357947
1046.357947
1046.357947
1046.357947
1046.357947
1046.357947
1046.357947
1046.357947
1046.357947
1046.357947
1046.357947
1046.357947
1046.357947
1046.357947
1046.357947
1046.357947
1046.357947
1046.357947
1046.357947
1046.357947
1046.357947
1046.357947
1046.357947
1046.357947
1046.357947
1046.357947
1046.357947
1046.159373
1046.159373
1046.159373
1046.159373
1046.159373
1046.159373
1046.159373
1046.159373
1046.159373
1046.159373
1046.159373
1046.159373
1046.159373
1046.159373
1046.159373
1046.159373
1046.159373
1046.159373
1046.159373
1046.159373
1046.159373
1046.159373
1046.159373
1046.159373
1046.159373
1046.159373
1046.159373
1046.159373
1046.159373
1046.159373
1046.159373
1046.159373
1046.159373
1046.003570
1046.003570
1046.003570
1046.003570
1046.003570
1046.003570
1046.003570
1046.003570
1046.003570
1045.836315
1045.836315
1045.836315
1045.836315
1045.836315
1045.836315
1045.836315
1045.836315
1045.836315
1045.836315
1045.836315
1045.836315
1045.836315
1045.836315
1045.836315
1045.836315
1045.836315
1045.836315
1045.836315
1045.836315
1045.836315
1045.836315
1045.836315
1045.836315
1045.836315
1045.836315
1045.836315
1045.836315
1045.836315
1045.836315
1045.836315
1045.836315
1045.067202
1045.067202
1045.067202
1045.067202
1045.067202
1045.067202
1045.067202
1045.067202
1045.067202
1045.067202
1045.067202
1045.067202
1045.067202
1045.067202
1045.067202
1045.067202
1045.067202
1045.067202
1045.067202
1045.067202
1045.067202
1045.067202
1045.067202
1044.897645
1044.897645
1044.897645
1044.897645
1044.897645
1044.897645
1044.897645
1044.897645
1044.897645
1044.897645
1044.897645
1044.897645
1044.897645
1044.897645
1044.897645
1044.897645
1044.897645
1044.897645
1044.897645
1044.897645
1044.897645
1044.897645
1044.897645
1044.897645
1044.897645
1044.897645
1044.897645
1044.897645
1044.897645
1044.897645
1044.897645
1044.897645
1044.897645
1044.897645
1044.897645
1044.897645
1044.897645
1044.897645
1044.897645
1044.897645
1044.897645
1044.897645
1044.897645
1044.897645
1044.897645
1044.897645
1044.897645
1044.897645
1044.897645
1044.897645
1044.897645
1044.897645
1044.897645
1044.897645
1044.897645
1044.897645
1044.897645
1044.897645
1044.897645
1044.897645
1044.756029
1044.756029
1044.756029
1044.756029
1044.756029
1044.756029
1044.756029
1044.756029
1044.756029
1044.756029
1044.756029
1044.756029
1044.756029
1044.756029
1044.756029
1044.519860
1044.519860
1044.519860
1044.519860
1044.519860
1044.519860
1044.519860
1044.519860
1044.519860
1044.215516
1044.215516
1044.215516
1044.215516
1044.215516
1044.215516
1044.215516
1044.215516
1044.215516
1044.215516
1044.215516
1044.215516
1044.215516
1044.215516
1044.215516
1044.215516
1044.215516
1044.215516
1044.215516
1044.215516
1044.215516
1044.215516
1044.215516
1044.215516
1044.215516
1044.215516
1044.215516
1044.215516
1044.215516
1044.215516
1044.215516
1044.215516
1044.215516
1044.215516
1044.215516
1044.215516
1044.215516
1044.215516
1044.215516
1044.215516
1044.215516
1044.215516
1044.215516
1044.215516
1044.215516
1044.215516
1044.215516
1044.215516
1044.215516
1044.215516
1044.215516
1044.215516
1044.215516
1044.215516
1044.215516
1044.215516
1044.215516
1044.215516
1044.215516
1044.215516
1044.215516
1044.215516
1044.215516
1044.215516
1044.215516
1044.215516
1044.215516
1044.215516
1044.215516
1044.215516
1044.215516
1044.215516
1044.215516
1044.215516
1044.215516
1044.215516
1044.215516
1044.215516
1044.215516
1044.215516
1044.215516
1044.215516
1044.135434
1044.135434
1044.135434
1044.135434
1044.135434
1044.135434
1044.135434
1043.987245
1043.987245
1043.987245
1043.987245
1043.987245
1043.987245
1043.987245
1043.987245
1043.987245
1043.987245
1043.987245
1043.987245
1043.987245
1043.987245
1043.987245
1043.987245
1043.987245
1043.987245
1043.987245
1043.987245
1043.987245
1043.987245
1043.987245
1043.987245
1043.987245
1043.987245
1043.987245
1043.987245
1043.004642
1043.004642
1043.004642
1043.004642
1043.004642
1043.004642
1043.004642
1043.004642
1043.004642
1043.004642
1043.004642
1043.004642
1043.004642
1043.004642
1043.004642
1043.004642
1043.004642
1043.004642
1043.004642
1043.004642
1043.004642
1043.004642
1043.004642
1043.004642
1043.004642
1043.004642
1043.004642
1043.004642
1043.004642
1043.004642
1043.004642
1043.004642
1043.004642
1043.004642
1043.004642
1043.004642
1043.004642
1043.004642
1043.004642
1043.004642
1043.004642
1043.004642
1043.004642
1043.004642
1043.004642
1043.004642
1043.004642
1043.004642
1043.004642
1043.004642
1043.004642
1043.004642
1043.004642
1043.004642
1043.004642
1043.004642
1043.004642
1043.004642
1043.004642
1043.004642
1043.004642
1043.004642
1043.004642
1043.004642
1043.004642
1043.004642
1043.004642
1043.004642
1043.004642
1043.004642
1043.004642
1043.004642
1043.004642
1043.004642
1043.004642
1043.004642
1043.004642
1043.004642
1043.004642
1043.004642
1043.004642
1043.004642
1043.004642
1043.004642
1043.004642
1043.004642
1043.004642
1043.004642
1043.004642
1043.004642
1043.004642
1043.004642
1043.004642
1043.004642
1043.004642
1043.004642
1042.523798
1042.523798
1042.523798
1042.523798
1042.523798
1042.523798
1042.523798
1042.523798
1042.523798
1042.523798
1042.523798
1042.523798
1042.523798
1042.523798
1042.523798
1042.523798
1042.523798
1042.523798
1042.523798
1042.523798
1042.523798
1042.523798
1042.523798
1042.523798
1042.523798
1042.523798
1042.523798
1042.523798
1042.523798
1042.523798
1042.523798
1042.523798
1042.523798
1042.523798
1042.523798
1042.523798
1042.523798
1042.523798
1042.523798
1042.523798
1042.523798
1042.523798
1042.523798
1042.523798
1042.523798
1042.523798
1042.523798
1042.523798
1042.523798
1042.523798
1042.523798
1042.523798
1042.513965
1042.513965
1042.513965
1042.513965
1042.513965
1042.513965
1042.513965
1042.513965
1042.513965
1042.513965
1042.513965
1042.513965
1042.513965
1042.513965
1042.513965
1042.513965
1042.513965
1042.513965
1042.513965
1042.513965
1042.513965
1042.513965
1042.513965
1042.513965
1042.513965
1042.513965
1042.513965
1042.513965
1042.513965
1042.513965
1042.513965
1042.513965
1042.513965
1042.513965
1041.470570
1041.470570
1041.470570
1041.470570
1041.470570
1041.470570
1041.470570
1041.470570
1041.470570
1041.470570
1041.470570
1041.470570
1041.470570
1041.470570
1041.435104
1041.435104
1041.435104
1041.435104
1041.435104
1041.435104
1041.435104
1041.435104
1041.435104
1041.435104
1041.435104
1041.435104
1041.435104
1041.435104
1041.435104
1041.435104
1041.435104
1041.435104
1041.435104
1041.435104
1041.435104
1041.435104
1041.435104
1041.435104
1041.435104
1041.435104
1041.435104
1041.435104
1041.435104
1041.435104
1041.435104
1041.435104
1041.435104
1041.435104
1041.435104
1041.435104
1041.435104
1041.435104
1041.435104
1041.435104
1041.435104
1041.435104
1041.435104
1041.435104
1041.435104
1041.435104
1041.435104
1041.322726
1041.322726
1041.322726
1041.322726
1041.322726
1041.322726
1041.322726
1041.322726
1041.322726
1041.322726
1041.322726
1041.322726
1041.322726
1041.322726
1041.322726
1041.322726
1041.322726
1041.322726
1041.322726
1041.322726
1041.322726
1041.322726
1041.322726
1041.322726
1041.322726
1041.322726
1041.322726
1041.322726
1041.322726
1041.322726
1041.322726
1041.322726
1041.322726
1041.322726
1041.301423
1041.301423
1041.301423
1041.301423
1040.869672
1040.869672
1040.869672
1040.869672
1040.869672
1040.869672
1040.869672
1040.869672
1040.869672
1040.869672
1040.869672
1040.869672
1040.869672
1040.869672
1040.869672
1040.869672
1040.869672
1040.869672
1040.869672
1040.869672
1040.869672
1040.869672
1040.869672
1040.869672
1040.869672
1040.869672
1040.869672
1040.869672
1040.869672
1040.869672
1040.869672
1040.869672
1040.869672
1040.869672
1040.869672
1040.869672
1040.869672
1040.869672
1040.869672
1040.869672
1040.869672
1040.758868
1040.758868
1040.758868
1040.758868
1040.758868
1040.758868
1040.758868
1040.758868
1040.758868
1040.758868
1040.758868
1040.758868
1040.758868
1040.758868
1040.758868
1040.758868
1040.758868
1040.758868
1040.758868
1040.758868
1040.758868
1040.758868
1040.758868
1040.758868
1040.758868
1040.758868
1040.758868
1040.758868
1040.758868
1040.758868
1040.758868
1040.758868
1040.758868
1040.758868
1040.758868
1040.758868
1040.758868
1040.758868
1040.758868
1040.758868
1040.758868
1040.758868
1040.758868
1040.758868
1040.758868
1040.758868
1040.694534
1040.694534
1040.694534
1040.694534
1040.694534
1040.694534
1040.694534
1040.694534
1040.694534
1040.518729
1040.518729
1040.518729
1040.518729
1040.518729
1040.518729
1040.518729
1040.518729
1040.518729
1040.518729
1040.518729
1040.518729
1040.518729
1040.518729
1040.518729
1040.518729
1040.518729
1040.518729
1040.518729
1040.518729
1040.518729
1040.518729
1040.518729
1040.518729
1040.518729
1040.518729
1040.518729
1040.518729
1040.518729
1040.518729
1040.518729
1040.518729
1040.518729
1040.518729
1040.514652
1040.514652
1040.514652
1040.514652
1040.514652
1040.514652
1040.514652
1040.514652
1040.514652
1040.514652
1040.514652
1040.514652
1040.514652
1040.514652
1040.514652
1040.514652
1040.514652
1040.514652
1040.514652
1040.514652
1040.447793
1040.447793
1040.447793
1040.447793
1040.447793
1040.357845
1040.357845
1040.357845
1040.357845
1040.357845
1040.357845
1040.357845
1040.357845
1040.191555
1040.191555
1040.191555
1039.836052
1039.836052
1039.836052
1039.836052
1039.836052
1039.836052
1039.836052
1039.836052
1039.836052
1039.836052
1039.836052
1039.836052
1039.836052
1039.836052
1039.836052
1039.836052
1039.836052
1039.836052
1039.836052
1039.836052
1039.836052
1039.836052
1039.836052
1039.836052
1039.836052
1039.836052
1039.836052
1039.836052
1039.836052
1039.836052
1039.836052
1039.836052
1039.836052
1039.836052
1039.836052
1039.836052
1039.836052
1039.836052
1039.836052
1039.572839
1039.572839
1039.572839
1039.572839
1039.572839
1039.572839
1039.572839
1039.572839
1039.572839
1039.572839
1039.572839
1039.572839
1039.572839
1039.572839
1039.572839
1039.572839
1039.572839
1039.572839
1039.572839
1039.572839
1039.572839
1039.572839
1039.572839
1039.572839
1039.572839
1039.572839
1039.572839
1039.572839
1039.572839
1039.572839
1039.572839
1039.572839
1039.572839
1039.572839
1039.572839
1039.572839
1039.572839
1039.572839
1039.572839
1039.572839
1039.572839
1039.572839
1039.572839
1039.572839
1039.572839
1039.572839
1039.572839
1039.572839
1039.572839
1039.572839
1039.572839
1039.572839
1039.572839
1039.572839
1039.572839
1039.572839
1039.572839
1039.572839
1039.572839
1039.572839
1039.572839
1039.572839
1039.572839
1039.572839
1039.572839
1039.572839
1039.572839
1039.572839
1039.572839
1039.572839
1039.572839
1039.572839
1039.572839
1039.572839
1039.572839
1039.572839
1039.572839
1039.572839
1039.572839
1039.572839
1039.572839
1039.572839
1039.572839
1039.334808
1039.334808
1039.334808
1039.334808
1039.334808
1039.334808
1039.334808
1039.334808
1039.334808
1039.334808
1039.334808
1039.334808
1039.334808
1039.334808
1039.334808
1039.334808
1039.334808
1039.334808
1039.334808
1039.334808
1039.334808
1039.334808
1039.334808
1039.334808
1039.334808
1039.334808
1039.334808
1039.334808
1039.334808
1039.334808
1039.334808
1039.334808
1039.334808
1039.334808
1039.334808
1039.334808
1039.334808
1039.334808
1039.334808
1039.334808
1039.334808
1038.486047
1038.486047
1038.486047
1038.486047
1038.486047
1038.486047
1038.486047
1038.486047
1038.486047
1038.486047
1038.486047
1038.486047
1038.486047
1038.486047
1038.486047
1038.486047
1038.486047
1038.486047
1038.486047
1038.486047
1038.486047
1038.486047
1038.486047
1038.486047
1038.486047
1038.486047
1038.486047
1038.486047
1038.486047
1038.486047
1038.486047
1038.486047
1038.486047
1038.486047
1038.486047
1038.486047
1038.486047
1038.486047
1038.486047
1038.486047
1038.486047
1038.486047
1038.486047
1038.486047
1038.486047
1038.486047
1038.486047
1038.486047
1038.486047
1038.486047
1038.486047
1038.486047
1038.486047
1038.486047
1038.486047
1038.486047
1038.298244
1038.298244
1038.298244
1038.298244
1038.298244
1038.298244
1038.298244
1038.298244
1038.298244
1038.247458
1038.247458
1038.247458
1038.247458
1038.247458
1038.247458
1038.247458
1038.247458
1038.247458
1038.247458
1038.247458
1038.247458
1038.247458
1038.247458
1038.247458
1038.247458
1038.247458
1038.247458
1038.247458
1038.247458
1038.247458
1038.247458
1038.247458
1038.247458
1038.247458
1038.247458
1038.247458
1038.247458
1038.247458
1038.247458
1038.247458
1038.247458
1038.247458
1038.247458
1038.247458
1038.247458
1038.247458
1038.247458
1038.247458
1038.247458
1038.247458
1038.247458
1038.247458
1038.247458
1038.247458
1038.247458
1038.247458
1038.247458
1038.247458
1038.247458
1038.247458
1038.247458
1038.247458
1038.247458
1038.247458
1038.247458
1038.247458
1038.247458
1038.247458
1038.247458
1038.247458
1038.247458
1038.247458
1038.247458
1038.233824
1038.233824
1038.233824
1038.233824
1038.233824
1038.233824
1038.233824
1038.233824
1038.233824
1038.233824
1038.233824
1038.053716
1038.053716
1038.053716
1038.053716
1038.053716
1038.053716
1038.053716
1038.053716
1038.053716
1038.053716
1038.053716
1038.053716
1038.053716
1038.053716
1038.053716
1038.053716
1038.053716
1038.053716
1038.053716
1038.053716
1038.053716
1038.053716
1038.053716
1038.053716
1038.053716
1038.053716
1038.053716
1038.053716
1038.053716
1038.053716
1038.053716
1038.053716
1038.053716
1038.053716
1038.053716
1038.053716
1038.053716
1038.053716
1038.053716
1038.053716
1038.053716
1038.053716
1038.053716
1038.053716
1038.053716
1038.053716
1038.053716
1038.053716
1037.960467
1037.960467
1037.960467
1037.960467
1037.960467
1037.960467
1037.960467
1037.960467
1037.960467
1037.960467
1037.960467
1037.960467
1037.960467
1037.960467
1037.960467
1037.960467
1037.960467
1037.960467
1037.960467
1037.960467
1037.960467
1037.960467
1037.960467
1037.960467
1037.960467
1037.960467
1037.960467
1037.960467
1037.960467
1037.960467
1037.960467
1037.960467
1037.960467
1037.960467
1037.960467
1037.960467
1037.960467
1037.960467
1037.960467
1037.960467
1037.960467
1037.960467
1037.960467
1037.960467
1037.960467
1037.960467
1037.960467
1037.960467
1037.960467
1037.553058
1037.553058
1037.553058
1037.553058
1037.553058
1037.553058
1037.553058
1037.553058
1037.553058
1037.553058
1037.553058
1037.553058
1037.553058
1037.553058
1037.553058
1037.553058
1037.553058
1037.553058
1037.553058
1037.553058
1037.553058
1037.553058
1037.553058
1037.553058
1037.553058
1037.553058
1037.553058
1037.553058
1037.553058
1037.553058
1037.553058
1037.553058
1037.553058
1037.553058
1037.553058
1037.553058
1037.553058
1037.553058
1037.553058
1037.553058
1037.553058
1037.553058
1037.553058
1037.553058
1037.509012
1037.509012
1037.509012
1037.509012
1037.509012
1037.509012
1037.509012
1037.509012
1037.509012
1037.509012
1037.509012
1037.509012
1037.509012
1037.509012
1037.509012
1037.509012
1037.509012
1037.509012
1037.509012
1037.509012
1037.509012
1037.509012
1037.509012
1037.509012
1037.509012
1037.509012
1037.509012
1037.509012
1037.509012
1037.509012
1037.509012
1037.509012
1037.509012
1037.509012
1037.509012
1037.509012
1037.509012
1037.509012
1037.509012
1037.509012
1037.509012
1037.509012
1037.509012
1037.509012
1037.509012
1037.509012
1037.509012
1037.509012
1037.509012
1037.509012
1037.509012
1037.509012
1037.509012
1037.509012
1037.509012
1037.509012
1037.509012
1037.509012
1037.509012
1037.509012
1037.509012
1037.509012
1037.509012
1037.509012
1037.509012
1037.509012
1037.509012
1037.509012
1037.509012
1037.509012
1037.509012
1037.509012
1037.509012
1037.509012
1037.509012
1037.509012
1037.509012
1037.509012
1037.509012
1037.509012
1037.509012
1037.509012
1037.509012
1037.509012
1037.509012
1037.509012
1037.509012
1037.509012
1037.509012
1037.509012
1037.509012
1037.509012
1037.509012
1037.509012
1037.204607
1037.204607
1037.204607
1037.204607
1037.204607
1037.204607
1037.204607
1037.204607
1037.204607
1037.204607
1037.204607
1037.204607
1037.204607
1037.204607
1037.204607
1037.204607
1037.204607
1037.204607
1037.204607
1037.204607
1037.204607
1037.204607
1037.204607
1037.204607
1037.204607
1037.204607
1037.204607
1037.204607
1037.204607
1037.204607
1037.204607
1037.204607
1037.204607
1037.204607
1037.204607
1037.204607
1037.204607
1037.204607
1037.204607
1037.204607
1037.204607
1037.204607
1037.204607
1037.204607
1037.204607
1037.204607
1037.204607
1037.204607
1037.204607
1037.204607
1037.101042
1037.101042
1037.101042
1037.101042
1037.101042
1037.101042
1037.101042
1037.101042
1037.101042
1037.101042
1037.101042
1037.101042
1037.101042
1037.101042
1037.101042
1037.101042
1036.717254
1036.717254
1036.717254
1036.717254
1036.717254
1036.717254
1036.717254
1036.717254
1036.717254
1036.717254
1036.717254
1036.717254
1036.717254
1036.717254
1036.717254
1036.717254
1036.717254
1036.717254
1036.717254
1036.717254
1036.717254
1036.717254
1036.717254
1036.717254
1036.717254
1036.717254
1036.717254
1036.717254
1036.717254
1036.717254
1036.717254
1036.717254
1036.717254
1036.717254
1036.717254
1036.717254
1036.717254
1036.717254
1036.717254
1036.717254
1036.717254
1036.717254
1036.717254
1036.717254
1036.717254
1036.717254
1036.717254
1036.717254
1036.717254
1036.717254
1036.717254
1036.717254
1036.717254
1036.717254
1036.717254
1036.717254
1036.717254
1036.717254
1036.717254
1036.717254
1036.547628
1036.547628
1036.547628
1036.547628
1036.547628
1036.547628
1036.547628
1036.547628
1036.547628
1036.204886
1036.204886
1036.204886
1036.204886
1036.204886
1036.204886
1036.204886
1036.204886
1036.204886
1036.204886
1036.204886
1036.204886
1036.204886
1036.204886
1036.204886
1036.204886
1036.204886
1036.204886
1036.204886
1036.204886
1036.204886
1036.204886
1036.204886
1036.204886
1036.204886
1036.204886
1036.204886
1036.204886
1036.204886
1036.204886
1036.204886
1036.094716
1036.094716
1036.094716
1036.094716
1036.094716
1036.094716
1036.094716
1036.094716
1036.094716
1036.094716
1036.094716
1036.094716
1036.094716
1036.094716
1036.094716
1036.094716
1036.094716
1036.094716
1036.094716
1036.094716
1036.094716
1036.094716
1036.094716
1036.094716
1036.094716
1036.094716
1036.094716
1036.094716
1036.094716
1036.094716
1036.094716
1036.094716
1036.094716
1036.094716
1036.094716
1036.094716
1036.094716
1036.094716
1036.094716
1036.094716
1036.094716
1036.094716
1036.094716
1036.094716
1036.094716
1036.094716
1036.094716
1036.094716
1036.094716
1036.094716
1036.094716
1036.094716
1036.094716
1036.094716
1036.094716
1036.094716
1036.094716
1036.094716
1036.094716
1036.094716
1036.094716
1036.094716
1036.094716
1036.094716
1036.094716
1036.094716
1036.094716
1036.094716
1036.094716
1036.094716
1036.094716
1036.094716
1036.094716
1036.094716
1036.094716
1036.094716
1036.094716
1036.094716
1036.094716
1036.094716
1036.094716
1036.094716
1036.094716
1036.094716
1036.094716
1036.094716
1036.094716
1036.094716
1036.094716
1036.094716
1036.094716
1036.094716
1036.094716
1036.094716
1036.094716
1036.094716
1036.094716
1036.094716
1036.094716
1036.094716
1036.094716
1036.094716
1036.094716
1036.094716
1036.094716
1036.094716
1036.094716
1035.842984
1035.842984
1035.842984
1035.842984
1035.842984
1035.842984
1035.842984
1035.842984
1035.842984
1035.842984
1035.842984
1035.842984
1035.842984
1035.804562
1035.804562
1035.804562
1035.804562
1035.804562
1035.804562
1035.804562
1035.804562
1035.804562
1035.804562
1035.804562
1035.804562
1035.804562
1035.804562
1035.804562
1035.804562
1035.804562
1035.461953
1035.461953
1035.461953
1035.461953
1035.461953
1035.461953
1035.461953
1035.461953
1035.461953
1035.461953
1035.318914
1035.318914
1035.318914
1035.318914
1035.318914
1035.318914
1035.318914
1035.318914
1035.318914
1035.318914
1035.318914
1035.318914
1035.318914
1035.318914
1035.318914
1035.318914
1035.318914
1035.318914
1035.318914
1035.318914
1035.318914
1035.318914
1035.318914
1035.318914
1035.318914
1035.318914
1035.318914
1035.318914
1035.318914
1035.318914
1035.318914
1035.318914
1035.318914
1035.318914
1035.318914
1035.318914
1035.318914
1035.318914
1035.318914
1035.318914
1035.318914
1035.318914
1035.318914
1035.318914
1035.318914
1035.318914
1035.318914
1035.318914
1035.318914
1035.318914
1035.318914
1035.318914
1035.318914
1035.318914
1035.318914
1035.318914
1035.318914
1035.318914
1035.318914
1035.318914
1035.318914
1035.318914
1035.318914
1035.318914
1035.318914
1035.318914
1035.318914
1035.318914
1035.318914
1035.318914
1035.318914
1035.318914
1035.318914
1035.318914
1035.318914
1035.318914
1035.318914
1035.318914
1035.318914
1035.318914
1035.318914
1035.318914
1035.318914
1035.318914
1035.297684
1035.297684
1035.297684
1035.297684
1035.297684
1035.297684
1035.297684
1035.297684
1035.297684
1035.297684
1035.297684
1035.297684
1035.297684
1035.297684
1035.297684
1035.297684
1035.297684
1035.297684
1035.297684
1035.297684
1035.297684
1035.297684
1035.297684
1035.297684
1035.297684
1035.297684
1035.297684
1035.297684
1035.297684
1035.297684
1035.297684
1035.297684
1035.297684
1035.297684
1034.965582
1034.965582
1034.965582
1034.965582
1034.965582
1034.965582
1034.965582
1034.965582
1034.965582
1034.965582
1034.965582
1034.965582
1034.965582
1034.965582
1034.965582
1034.965582
1034.965582
1034.965582
1034.965582
1034.965582
1034.965582
1034.965582
1034.965582
1034.965582
1034.965582
1034.282834
1034.282834
1034.282834
1034.282834
1034.282834
1034.282834
1034.282834
1034.282834
1034.282834
1034.282834
1034.282834
1034.282834
1034.282834
1034.282834
1034.282834
1034.282834
1034.282834
1034.282834
1034.282834
1034.282834
1034.282834
1034.282834
1034.282834
1034.282834
1034.282834
1034.282834
1034.282834
1034.282834
1034.282834
1034.282834
1034.282834
1034.282834
1034.282834
1034.282834
1034.282834
1034.282834
1034.282834
1034.282834
1034.282834
1034.282834
1034.282834
1034.282834
1034.282834
1034.282834
1034.282834
1034.282834
1034.282834
1034.282834
1034.282834
1034.282834
1034.282834
1034.282834
1034.282834
1034.282834
1034.282834
1034.282834
1034.282834
1034.282834
1034.282834
1034.282834
1034.282834
1034.282834
1034.282834
1034.282834
1034.282834
1034.282834
1034.282834
1034.282834
1034.282834
1034.282834
1034.282834
1034.282834
1034.282834
1034.282834
1034.282834
1034.282834
1034.282834
1034.282834
1034.282834
1034.282834
1034.282834
1034.282834
1034.282834
1034.282834
1034.282834
1034.282834
1034.282834
1034.282834
1034.282834
1034.282834
1034.282834
1034.282834
1034.282834
1034.282834
1034.282834
1034.282834
1034.282834
1034.282834
1034.282834
1034.282834
1034.282834
1034.282834
1034.282834
1034.282834
1034.282834
1034.282834
1034.282834
1034.282834
1034.282834
1034.282834
1034.282834
1034.282834
1034.282834
1034.282834
1034.282834
1034.282834
1034.282834
1034.282834
1034.282834
1034.282834
1034.282834
1034.282834
1034.282834
1034.282834
1034.282834
1034.282834
1034.282834
1034.282834
1034.282834
1034.282834
1034.282834
1034.282834
1034.282834
1034.184966
1034.184966
1034.184966
1034.184966
1034.184966
1034.184966
1034.184966
1034.184966
1034.184966
1034.184966
1034.184966
1034.184966
1034.184966
1034.184966
1034.184966
1034.184966
1034.184966
1034.184966
1034.184966
1034.184966
1034.184966
1034.184966
1034.184966
1034.184966
1034.184966
1034.184966
1034.184966
1034.184966
1034.184966
1034.184966
1034.184966
1034.184966
1034.184966
1034.184966
1034.184966
1034.184966
1034.184966
1034.184966
1034.184966
1034.184966
1034.184966
1034.184966
1034.184966
1034.184966
1034.184966
1034.184966
1034.184966
1034.184966
1034.184966
1034.184966
1034.184966
1034.184966
1034.184966
1034.184966
1034.184966
1034.184966
1034.184966
1034.184966
1034.184966
1034.184966
1034.184966
1034.184966
1034.184966
1034.184966
1034.184966
1034.184966
1034.184966
1034.184966
1034.184966
1034.184966
1034.184966
1034.184966
1034.184966
1034.184966
1034.184966
1034.184966
1034.184966
1034.184966
1034.184966
1034.184966
1034.184966
1034.184966
1034.184966
1033.819323
1033.819323
1033.819323
1033.819323
1033.819323
1033.819323
1033.819323
1033.819323
1033.819323
1033.819323
1033.819323
1033.819323
1033.819323
1033.819323
1033.819323
1033.819323
1033.819323
1033.819323
1033.819323
1033.819323
1033.819323
1033.819323
1033.819323
1033.819323
1033.819323
1033.819323
1033.819323
1033.819323
1033.819323
1033.819323
1033.819323
1033.819323
1033.819323
1033.819323
1033.819323
1033.819323
1033.819323
1033.819323
1033.721420
1033.721420
1033.721420
1033.721420
1033.721420
1033.721420
1033.721420
1033.721420
1033.721420
1033.721420
1033.721420
1033.721420
1033.721420
1033.721420
1033.721420
1033.721420
1033.721420
1033.721420
1033.645272
1033.645272
1033.645272
1033.645272
1033.645272
1033.645272
1033.645272
1033.645272
1033.645272
1033.645272
1033.645272
1033.645272
1033.645272
1033.645272
1033.645272
1033.645272
1033.645272
1033.645272
1033.645272
1033.645272
1033.645272
1033.645272
1033.645272
1033.645272
1033.645272
1033.645272
1033.645272
1033.645272
1033.645272
1033.645272
1033.645272
1033.645272
1033.645272
1033.645272
1033.645272
1033.587241
1033.587241
1033.587241
1033.587241
1033.587241
1033.587241
1033.587241
1033.587241
1033.587241
1033.587241
1033.587241
1033.587241
1033.587241
1033.508003
1033.508003
1033.508003
1033.508003
1033.508003
1033.508003
1033.508003
1033.508003
1033.508003
1033.508003
1033.508003
1033.508003
1033.508003
1033.508003
1033.508003
1033.508003
1033.508003
1033.508003
1033.508003
1033.508003
1033.508003
1033.508003
1033.508003
1033.508003
1033.508003
1033.508003
1033.508003
1033.508003
1033.508003
1033.508003
1033.508003
1033.308290
1033.308290
1033.308290
1033.308290
1033.308290
1033.308290
1033.308290
1033.308290
1033.308290
1033.308290
1033.308290
1033.308290
1033.308290
1033.308290
1033.308290
1033.308290
1033.308290
1033.308290
1033.308290
1033.308290
1033.308290
1033.308290
1033.308290
1033.308290
1033.308290
1033.308290
1033.308290
1033.308290
1033.308290
1033.308290
1033.308290
1033.308290
1033.308290
1033.308290
1033.308290
1033.308290
1033.308290
1033.308290
1033.308290
1033.308290
1033.308290
1033.308290
1033.308290
1033.308290
1033.308290
1033.308290
1033.308290
1033.308290
1033.308290
1033.308290
1033.308290
1033.308290
1033.308290
1033.308290
1033.308290
1033.308290
1033.308290
1033.308290
1033.308290
1033.308290
1033.308290
1033.308290
1033.308290
1033.308290
1033.308290
1033.308290
1033.308290
1033.308290
1033.308290
1033.308290
1033.308290
1033.308290
1033.308290
1033.308290
1033.308290
1033.308290
1033.308290
1033.308290
1033.308290
1033.308290
1033.308290
1033.308290
1033.308290
1033.308290
1033.308290
1033.308290
1033.308290
1033.308290
1033.308290
1033.308290
1033.308290
1033.308290
1033.308290
1033.308290
1033.308290
1033.308290
1033.308290
1033.308290
1033.308290
1033.308290
1033.308290
1033.014679
1033.014679
1033.014679
1033.014679
1033.014679
1033.014679
1033.014679
1033.014679
1033.014679
1033.014679
1033.014679
1033.014679
1033.014679
1033.014679
1033.014679
1033.014679
1033.014679
1033.014679
1033.014679
1033.014679
1033.014679
1033.014679
1033.014679
1033.014679
1033.014679
1033.014679
1033.014679
1033.014679
1033.014679
1033.014679
1033.014679
1033.014679
1033.014679
1033.014679
1033.014679
1033.014679
1033.014679
1033.014679
1033.014679
1033.014679
1033.014679
1033.014679
1033.014679
1033.014679
1033.014679
1033.014679
1033.014679
1033.014679
1033.014679
1033.014679
1033.014679
1033.014679
1033.014679
1033.014679
1033.014679
1033.014679
1033.014679
1033.014679
1033.014349
1033.014349
1032.820474
1032.820474
1032.820474
1032.820474
1032.820474
1032.820474
1032.820474
1032.820474
1032.820474
1032.820474
1032.820474
1032.820474
1032.820474
1032.820474
1032.820474
1032.820474
1032.820474
1032.820474
1032.820474
1032.820474
1032.820474
1032.820474
1032.820474
1032.820474
1032.820474
1032.820474
1032.820474
1032.820474
1032.820474
1032.820474
1032.820474
1032.820474
1032.820474
1032.820474
1032.820474
1032.820474
1032.820474
1032.820474
1032.820474
1032.820474
1032.820474
1032.820474
1032.820474
1032.820474
1032.820474
1032.820474
1032.820474
1032.820474
1032.439301
1032.439301
1032.439301
1032.439301
1032.439301
1032.439301
1032.439301
1032.439301
1032.439301
1032.439301
1032.439301
1032.439301
1032.439301
1032.439301
1032.439301
1032.439301
1032.439301
1032.439301
1032.439301
1032.439301
1032.439301
1032.439301
1032.439301
1032.439301
1032.439301
1032.439301
1032.439301
1032.439301
1032.439301
1032.439301
1032.439301
1032.439301
1032.439301
1032.439301
1032.439301
1032.439301
1032.439301
1032.439301
1032.439301
1032.439301
1032.439301
1032.439301
1032.439301
1032.439301
1032.439301
1032.439301
1032.439301
1032.439301
1032.439301
1032.439301
1032.439301
1032.439301
1032.439301
1032.439301
1032.439301
1032.439301
1032.439301
1032.439301
1032.439301
1032.439301
1032.439301
1032.439301
1032.439301
1032.439301
1032.439301
1032.439301
1032.439301
1032.439301
1032.439301
1032.439301
1032.439301
1032.439301
1032.439301
1032.439301
1032.439301
1032.439301
1032.439301
1032.439301
1032.439301
1032.439301
1032.439301
1032.439301
1032.439301
1032.439301
1032.439301
1032.439301
1032.439301
1032.439301
1032.439301
1032.439301
1032.439301
1032.439301
1032.439301
1032.439301
1032.439301
1032.439301
1032.439301
1032.439301
1032.439301
1032.439301
1032.439301
1032.439301
1032.439301
1032.439301
1032.439301
1032.439301
1032.439301
1032.439301
1032.439301
1032.439301
1032.439301
1032.008999
1032.008999
1032.008999
1032.008999
1032.008999
1032.008999
1032.008999
1032.008999
1032.008999
1032.008999
1032.008999
1032.008999
1032.008999
1032.008999
1032.008999
1032.008999
1032.008999
1032.008999
1032.008999
1032.008999
1032.008999
1032.008999
1032.008999
1032.008999
1032.008999
1032.008999
1032.008999
1032.008999
1032.008999
1032.008999
1032.008999
1032.008999
1032.008999
1032.008999
1031.590798
1031.590798
1031.590798
1031.590798
1031.590798
1031.590798
1031.590798
1031.590798
1031.590798
1031.590798
1031.590798
1031.590798
1031.590798
1031.590798
1031.590798
1031.590798
1031.590798
1031.590798
1031.590798
1031.590798
1031.590798
1031.590798
1031.590798
1031.590798
1031.590798
1031.590798
1031.590798
1031.590798
1031.590798
1031.590798
1031.590798
1031.590798
1031.590798
1031.590798
1031.590798
1031.590798
1031.590798
1031.590798
1031.590798
1031.590798
1031.590798
1031.590798
1031.590798
1031.590798
1031.590798
1031.590798
1031.590798
1031.590798
1031.590798
1031.590798
1031.590798
1031.590798
1031.590798
1031.590798
1031.590798
1031.590798
1031.590798
1031.590798
1031.590798
1031.590798
1031.590798
1031.590798
1031.590798
1031.590798
1031.590798
1031.560241
1031.560241
1031.560241
1031.560241
1031.560241
1031.560241
1031.560241
1031.560241
1031.560241
1031.560241
1031.560241
1031.560241
1031.560241
1031.560241
1031.560241
1031.560241
1031.560241
1031.560241
1031.560241
1031.560241
1031.560241
1031.560241
1031.560241
1031.560241
1031.560241
1031.560241
1031.560241
1031.560241
1031.560241
1031.560241
1031.560241
1031.560241
1031.560241
1031.560241
1031.560241
1031.560241
1031.560241
1031.560241
1031.560241
1031.560241
1031.560241
1031.560241
1031.560241
1031.560241
1031.560241
1031.560241
1031.560241
1031.560241
1031.560241
1031.560241
1031.560241
1031.560241
1031.560241
1031.560241
1031.560241
1031.560241
1031.560241
1031.560241
1031.560241
1031.560241
1031.560241
1031.560241
1031.560241
1031.560241
1031.560241
1031.560241
1031.560241
1031.560241
1031.560241
1031.560241
1031.560241
1031.560241
1031.560241
1031.560241
1031.560241
1031.560241
1031.560241
1031.560241
1031.560241
1031.560241
1031.560241
1031.560241
1031.560241
1031.344114
1031.344114
1031.344114
1031.344114
1031.344114
1031.344114
1031.344114
1031.344114
1031.344114
1031.344114
1031.344114
1031.344114
1031.344114
1031.344114
1031.344114
1031.344114
1031.344114
1031.344114
1031.344114
1031.344114
1031.344114
1031.344114
1031.344114
1031.344114
1031.344114
1031.344114
1031.344114
1031.344114
1031.344114
1031.344114
1031.344114
1031.344114
1031.344114
1031.344114
1031.344114
1031.344114
1031.344114
1031.344114
1031.344114
1031.344114
1031.344114
1031.344114
1031.344114
1031.344114
1031.344114
1031.344114
1031.344114
1031.344114
1031.344114
1031.344114
1031.344114
1031.344114
1031.344114
1031.344114
1031.344114
1031.344114
1031.344114
1031.344114
1031.344114
1031.344114
1031.344114
1031.344114
1031.344114
1031.344114
1031.344114
1031.344114
1031.344114
1031.344114
1031.344114
1031.344114
1031.344114
1031.344114
1031.344114
1031.344114
1031.344114
1031.344114
1031.344114
1031.344114
1031.344114
1031.344114
1031.344114
1031.344114
1031.344114
1031.344114
1031.344114
1031.344114
1031.344114
1031.344114
1031.344114
1031.344114
1031.344114
1031.280713
1031.280713
1031.280713
1031.280713
1031.280713
1031.280713
1031.280713
1031.280713
1031.280713
1031.280713
1031.280713
1031.280713
1031.280713
1031.280713
1031.280713
1031.280713
1031.280713
1031.280713
1031.280713
1031.280713
1031.280713
1031.280713
1031.280713
1031.280713
1031.280713
1031.280713
1031.280713
1031.280713
1031.280713
1031.280713
1031.280713
1031.280713
1031.280713
1031.280713
1031.280713
1031.280713
1031.280713
1031.280713
1031.280713
1031.280713
1031.280713
1031.280713
1031.280713
1031.280713
1031.280713
1031.280713
1031.280713
1031.280713
1031.280713
1031.280713
1031.217859
1031.217859
1031.217859
1031.217859
1031.217859
1031.217859
1031.217859
1031.217859
1031.217859
1031.217859
1031.217859
1031.217859
1031.217859
1031.217859
1031.217859
1031.217859
1031.217859
1031.217859
1031.217859
1031.217859
1031.217859
1031.217859
1031.217859
1031.217859
1031.217859
1031.217859
1031.217859
1031.217859
1031.217859
1031.217859
1031.217859
1031.217859
1031.217859
1031.217859
1031.217859
1031.217859
1031.217859
1031.217859
1031.217859
1031.217859
1031.217859
1031.217859
1031.217859
1031.217859
1031.217859
1031.217859
1031.217859
1031.217859
1031.217859
1031.217859
1031.217859
1031.217859
1031.217859
1031.217859
1031.217859
1031.217859
1031.217859
1031.217859
1031.217859
1031.217859
1031.217859
1031.217859
1031.217859
1031.217859
1031.204649
1031.204649
1031.204649
1031.204649
1031.204649
1031.204649
1031.204649
1031.204649
1031.204649
1031.204649
1031.204649
1031.204649
1031.204649
1031.204649
1031.204649
1031.204649
1031.204649
1031.204649
1031.204649
1031.204649
1031.204649
1031.204649
1031.204649
1031.204649
1031.204649
1031.204649
1031.204649
1031.204649
1031.204649
1031.204649
1031.204649
1031.204649
1031.204649
1031.204649
1031.204649
1031.204649
1031.204649
1031.204649
1031.204649
1031.204649
1031.204649
1031.204649
1031.204649
1031.204649
1031.204649
1031.204649
1031.204649
1030.926265
1030.926265
1030.926265
1030.926265
1030.926265
1030.926265
1030.926265
1030.926265
1030.926265
1030.926265
1030.926265
1030.926265
1030.926265
1030.926265
1030.926265
1030.926265
1030.926265
1030.926265
1030.926265
1030.926265
1030.926265
1030.926265
1030.926265
1030.926265
1030.926265
1030.926265
1030.926265
1030.926265
1030.926265
1030.926265
1030.926265
1030.926265
1030.926265
1030.926265
1030.926265
1030.926265
1030.926265
1030.926265
1030.926265
1030.926265
1030.926265
1030.926265
1030.926265
1030.926265
1030.926265
1030.926265
1030.926265
1030.926265
1030.926265
1030.926265
1030.926265
1030.926265
1030.926265
1030.926265
1030.926265
1030.926265
1030.926265
1030.926265
1030.926265
1030.926265
1030.926265
1030.926265
1030.926265
1030.926265
1030.926265
1030.926265
1030.926265
1030.926265
1030.926265
1030.926265
1030.926265
1030.926265
1030.926265
1030.926265
1030.926265
1030.926265
1030.926265
1030.926265
1030.926265
1030.926265
1030.926265
1030.926265
1030.926265
1030.926265
1030.926265
1030.926265
1030.926265
1030.926265
1030.926265
1030.926265
1030.926265
1030.926265
1030.926265
1030.926265
1030.926265
1030.926265
1030.926265
1030.926265
1030.926265
1030.926265
1030.926265
1030.926265
1030.926265
1030.926265
1030.926265
1030.926265
1030.926265
1030.926265
1030.926265
1030.926265
1030.926265
1030.926265
1030.926265
1030.926265
1030.926265
1030.926265
1030.926265
1030.926265
1030.926265
1030.926265
1030.905156
1030.905156
1030.905156
1030.905156
1030.905156
1030.905156
1030.905156
1030.905156
1030.905156
1030.905156
1030.905156
1030.905156
1030.905156
1030.905156
1030.905156
1030.905156
1030.905156
1030.905156
1030.905156
1030.905156
1030.905156
1030.905156
1030.905156
1030.905156
1030.905156
1030.905156
1030.905156
1030.905156
1030.905156
1030.905156
1030.905156
1030.905156
1030.905156
1030.802345
1030.802345
1030.802345
1030.802345
1030.802345
1030.802345
1030.802345
1030.802345
1030.802345
1030.802345
1030.802345
1030.802345
1030.802345
1030.802345
1030.802345
1030.802345
1030.802345
1030.802345
1030.802345
1030.802345
1030.443367
1030.443367
1030.443367
1030.443367
1030.443367
1030.443367
1030.443367
1030.443367
1030.443367
1030.443367
1030.443367
1030.443367
1030.443367
1030.443367
1030.443367
1030.443367
1030.443367
1030.443367
1030.443367
1030.443367
1030.443367
1030.443367
1030.443367
1030.443367
1030.443367
1030.443367
1030.443367
1030.443367
1030.443367
1030.443367
1030.443367
1030.443367
1030.443367
1030.443367
1030.443367
1030.443367
1030.443367
1030.443367
1030.443367
1030.443367
1030.443367
1030.443367
1030.443367
1030.443367
1030.443367
1030.443367
1030.443367
1030.443367
1030.443367
1030.443367
1030.443367
1030.443367
1030.443367
1030.443367
1030.443367
1030.443367
1030.443367
1030.443367
1030.443367
1030.443367
1030.443367
1030.443367
1030.443367
1030.443367
1030.443367
1030.443367
1030.443367
1030.443367
1030.443367
1030.443367
1030.443367
1030.443367
1030.443367
1030.443367
1030.443367
1030.443367
1030.443367
1030.443367
1030.443367
1030.443367
1030.443367
1030.443367
1030.443367
1030.443367
1030.443367
1030.443367
1030.443367
1030.443367
1030.443367
1030.443367
1030.443367
1030.443367
1030.443367
1030.443367
1030.443367
1030.443367
1030.443367
1030.443367
1030.443367
1030.443367
1030.443367
1030.443367
1030.443367
1030.443367
1030.443367
1030.443367
1030.443367
1030.443367
1030.443367
1030.443367
1030.443367
1030.443367
1030.443367
1030.443367
1030.443367
1030.443367
1030.443367
1030.443367
1030.443367
1030.443367
1030.443367
1030.443367
1030.443367
1030.443367
1030.443367
1030.443367
1030.443367
1030.443367
1030.443367
1030.443367
1030.443367
1030.443367
1030.443367
1030.443367
1030.443367
1030.443367
1030.443367
1030.443367
1030.443367
1030.443367
1030.443367
1030.443367
1030.443367
1030.443367
1030.443367
1030.443367
1030.443367
1030.443367
1030.443367
1030.443367
1030.443367
1030.443367
1030.443367
1030.443367
1030.443367
1030.443367
1030.443367
1030.443367
1030.443367
1030.443367
1030.443367
1030.443367
1030.443367
1030.443367
1030.443367
1030.443367
1030.443367
1030.443367
1030.443367
1030.443367
1030.443367
1030.443367
1030.443367
1030.443367
1030.443367
1030.443367
1030.443367
1030.443367
1030.443367
1030.443367
1030.443367
1030.348255
1030.348255
1030.348255
1030.348255
1030.348255
1030.348255
1030.348255
1030.348255
1030.348255
1030.348255
1030.348255
1030.348255
1030.348255
1030.348255
1030.348255
1030.348255
1030.348255
1030.348255
1030.348255
1030.348255
1030.348255
1030.348255
1030.348255
1030.348255
1030.348255
1030.348255
1030.348255
1030.348255
1030.348255
1030.348255
1030.348255
1030.348255
1030.348255
1030.348255
1030.348255
1030.348255
1030.348255
1030.348255
1030.348255
1030.348255
1030.348255
1030.348255
1030.348255
1030.348255
1030.348255
1030.348255
1030.348255
1030.348255
1030.348255
1030.348255
1030.348255
1030.348255
1030.348255
1030.348255
1030.348255
1030.348255
1030.348255
1030.348255
1030.348255
1030.348255
1030.348255
1030.348255
1030.348255
1030.348255
1030.348255
1030.348255
1030.348255
1030.348255
1030.348255
1030.348255
1030.348255
1030.262889
1030.262889
1030.262889
1030.262889
1030.262889
1030.262889
1030.262889
1030.262889
1030.262889
1030.262889
1030.262889
1030.262889
1030.262889
1030.262889
1030.262889
1030.262889
1030.262889
1030.262889
1030.262889
1030.262889
1030.262889
1030.262889
1030.262889
1030.262889
1030.262889
1030.262889
1030.262889
1030.262889
1030.262889
1030.262889
1030.262889
1030.262889
1030.262889
1030.262889
1030.262889
1030.262889
1030.262889
1030.262889
1030.262889
1030.262889
1030.262889
1030.262889
1030.262889
1030.262889
1030.262889
1030.262889
1030.262889
1030.262889
1030.262889
1030.262889
1030.262889
1030.262889
1030.262889
1030.262889
1030.262889
1030.262889
1030.262889
1030.262889
1030.262889
1030.262889
1030.262889
1030.262889
1030.262889
1030.262889
1030.262889
1030.262889
1030.262889
1030.262889
1030.262889
1030.262889
1030.262889
1030.262889
1030.262889
1030.262889
1030.262889
1030.262889
1030.262889
1030.262889
1030.262889
1030.262889
1030.262889
1030.004471
1030.004471
1030.004471
1030.004471
1030.004471
1030.004471
1030.004471
1030.004471
1030.004471
1030.004471
1030.004471
1030.004471
1030.004471
1030.004471
1030.004471
1030.004471
1030.004471
1030.004471
1030.004471
1030.004471
1030.004471
1030.004471
1030.004471
1030.004471
1030.004471
1030.004471
1030.004471
1030.004471
1030.004471
1030.004471
1030.004471
1030.004471
1030.004471
1030.004471
1030.004471
1030.004471
1030.004471
1030.004471
1030.004471
1030.004471
1030.004471
1030.004471
1030.004471
1030.004471
1030.004471
1030.004471
1030.004471
1030.004471
1030.004471
1030.004471
1030.004471
1030.004471
1030.004471
1030.004471
1030.004471
1030.004471
1030.004471
1030.004471
1030.004471
1030.004471
1030.004471
1030.004471
1030.004471
1030.004471
1030.004471
1030.004471
1030.004471
1030.004471
1030.004471
1030.004471
1030.004471
1030.004471
1030.004471
1030.004471
1030.004471
1030.004471
1030.004471
1030.004471
1030.004471
1030.004471
1030.004471
1030.004471
1030.004471
1030.004471
1030.004471
1030.004471
1030.004471
1030.004471
1030.004471
1030.004471
1030.004471
1030.004471
1030.004471
1030.004471
1030.004471
1030.004471
1030.004471
1030.004471
1030.004471
1030.004471
1030.004471
1030.004471
1030.004471
1030.004471
1030.004471
1030.004471
1030.004471
1030.004471
1030.004471
1030.004471
1030.004471
1030.004471
1030.004471
1030.004471
1030.004471
1030.004471
1030.004471
1030.004471
1030.004471
1030.004471
1030.004471
1030.004471
1030.004471
1030.004471
1030.004471
1030.004471
1030.004471
1030.004471
1030.004471
1030.004471
1030.004471
1030.004471
1029.948547
1029.948547
1029.948547
1029.948547
1029.948547
1029.948547
1029.948547
1029.948547
1029.948547
1029.857221
1029.857221
1029.857221
1029.857221
1029.857221
1029.857221
1029.857221
1029.857221
1029.857221
1029.857221
1029.857221
1029.857221
1029.857221
1029.857221
1029.857221
1029.857221
1029.857221
1029.857221
1029.857221
1029.857221
1029.857221
1029.857221
1029.857221
1029.857221
1029.857221
1029.857221
1029.857221
1029.857221
1029.857221
1029.857221
1029.857221
1029.857221
1029.857221
1029.857221
1029.857221
1029.857221
1029.857221
1029.857221
1029.857221
1029.857221
1029.857221
1029.857221
1029.857221
1029.857221
1029.857221
1029.857221
1029.696034
1029.696034
1029.696034
1029.696034
1029.665955
1029.665955
1029.665955
1029.665955
1029.665955
1029.665955
1029.665955
1029.665955
1029.665955
1029.665955
1029.665955
1029.665955
1029.665955
1029.665955
1029.665955
1029.665955
1029.665955
1029.665955
1029.665955
1029.665955
1029.665955
1029.665955
1029.665955
1029.665955
1029.665955
1029.665955
1029.665955
1029.665955
1029.665955
1029.665955
1029.665955
1029.665955
1029.665955
1029.665955
1029.665955
1029.665955
1029.665955
1029.665955
1029.665955
1029.665955
1029.665955
1029.665955
1029.665955
1029.665955
1029.665955
1029.665955
1029.665955
1029.665955
1029.665955
1029.665955
1029.665955
1029.665955
1029.665955
1029.665955
1029.665955
1029.665955
1029.665955
1029.665955
1029.665955
1029.665955
1029.651541
1029.651541
1029.651541
1029.651541
1029.651541
1029.651541
1029.651541
1029.651541
1029.651541
1029.651541
1029.651541
1029.651541
1029.651541
1029.651541
1029.651541
1029.651541
1029.651541
1029.651541
1029.651541
1029.651541
1029.651541
1029.651541
1029.651541
1029.651541
1029.651541
1029.651541
1029.651541
1029.651541
1029.651541
1029.651541
1029.651541
1029.651541
1029.607241
1029.607241
1029.607241
1029.607241
1029.607241
1029.607241
1029.513919
1029.513919
1029.513919
1029.513919
1029.513919
1029.513919
1029.513919
1029.513919
1029.513919
1029.513919
1029.513919
1029.513919
1029.513919
1029.513919
1029.513919
1029.513919
1029.513919
1029.513919
1029.513919
1029.513919
1029.513919
1029.513919
1029.513919
1029.513919
1029.513919
1029.513919
1029.513919
1029.513919
1029.513919
1029.513919
1029.513919
1029.513919
1029.513919
1029.513919
1029.513919
1029.513919
1029.513919
1029.513919
1029.513919
1029.513919
1029.513919
1029.513919
1029.513919
1029.513919
1029.513919
1029.513919
1029.513919
1029.513919
1029.513919
1029.513919
1029.513919
1029.513919
1029.513919
1029.513919
1029.513919
1029.513919
1029.513919
1029.513919
1029.513919
1029.513919
1029.513919
1029.513919
1029.513919
1029.513919
1029.513919
1029.513919
1029.513919
1029.513919
1029.513919
1029.513919
1029.513919
1029.513919
1029.513919
1029.403986
1029.403986
1029.403986
1029.403986
1029.403986
1029.403986
1029.403986
1029.403986
1029.403986
1029.403986
1029.403986
1029.403986
1029.403986
1029.403986
1029.403986
1029.403986
1029.403986
1029.403986
1029.403986
1029.403986
1029.403986
1029.403986
1029.403986
1029.403986
1029.403986
1029.403986
1029.403986
1029.403986
1029.403986
1029.403986
1029.403986
1029.403986
1029.403986
1029.403986
1029.403986
1029.403986
1029.403986
1029.403986
1029.403986
1029.403986
1029.403986
1029.403986
1029.326832
1029.326832
1029.326832
1029.326832
1029.326832
1029.326832
1029.326832
1029.326832
1029.326832
1029.326832
1029.326832
1029.326832
1029.326832
1029.326832
1029.326832
1029.326832
1029.326832
1029.326832
1029.326832
1029.326832
1029.326832
1029.326832
1029.326832
1029.326832
1029.326832
1029.326832
1029.326832
1029.326832
1029.326832
1029.326832
1029.326832
1029.326832
1029.326832
1029.326832
1029.326832
1029.326832
1029.326832
1029.326832
1029.326832
1029.326832
1029.326832
1029.326832
1029.326832
1029.326832
1029.326832
1029.326832
1029.326832
1029.326832
1029.326832
1029.311843
1029.311843
1029.311843
1029.311843
1029.311843
1029.311843
1029.311843
1029.311843
1029.311843
1029.311843
1029.311843
1029.311843
1029.311843
1029.311843
1029.311843
1029.311843
1029.311843
1029.311843
1029.311843
1029.311843
1029.311843
1029.311843
1029.311843
1029.311843
1029.311843
1029.311843
1029.311843
1029.311843
1029.311843
1029.311843
1029.311843
1029.311843
1029.311843
1029.311843
1029.311843
1029.311843
1029.311843
1029.311843
1029.311843
1029.311843
1029.311843
1029.311843
1029.311843
1029.311843
1029.311843
1029.311843
1029.311843
1029.311843
1029.311843
1029.311843
1029.311843
1029.311843
1029.311843
1029.311843
1029.311843
1029.311843
1029.311843
1029.311843
1029.311843
1029.311843
1029.311843
1029.311843
1029.311843
1029.311843
1029.311843
1029.311843
1029.311843
1029.311843
1029.311843
1029.311843
1029.311843
1029.311843
1029.311843
1029.311843
1029.311843
1029.311843
1029.311843
1029.311843
1029.311843
1029.311843
1029.311843
1029.311843
1029.311843
1029.311843
1029.311843
1029.311843
1029.311843
1029.311843
1029.311843
1029.311843
1029.311843
1029.311843
1029.311843
1029.311843
1029.311843
1029.311843
1029.311843
1029.311843
1029.311843
1029.311843
1029.311843
1029.311843
1029.311843
1029.311843
1029.311843
1029.311843
1029.311843
1029.311843
1029.311843
1029.311843
1029.311843
1029.311843
1029.311843
1029.311843
1029.311843
1029.311843
1029.311843
1029.311843
1029.311843
1029.311843
1029.311843
1029.311843
1029.311843
1029.311843
1029.311843
1029.311843
1029.311843
1029.311843
1029.311843
1029.311843
1029.311843
1029.311843
1029.311843
1029.311843
1029.311843
1029.311843
1029.311843
1029.311843
1029.311843
1029.311843
1029.311843
1029.311843
1029.311843
1029.311843
1029.311843
1029.311843
1029.311843
1029.311843
1029.311843
1029.311843
1029.311843
1029.311843
1029.311843
1029.311843
1029.311843
1029.311843
1029.311843
1029.311843
1029.233972
1029.233972
1029.233972
1029.233972
1029.233972
1029.233972
1029.233972
1029.233972
1029.233972
1029.233972
1029.233972
1029.233972
1029.233972
1029.233972
1029.233972
1028.972482
1028.972482
1028.972482
1028.972482
1028.972482
1028.972482
1028.972482
1028.972482
1028.972482
1028.972482
1028.972482
1028.972482
1028.972482
1028.972482
1028.972482
1028.972482
1028.972482
1028.972482
1028.972482
1028.972482
1028.972482
1028.972482
1028.972482
1028.972482
1028.972482
1028.972482
1028.972482
1028.972482
1028.972482
1028.972482
1028.972482
1028.972482
1028.972482
1028.972482
1028.972482
1028.972482
1028.972482
1028.972482
1028.972482
1028.972482
1028.972482
1028.972482
1028.972482
1028.972482
1028.972482
1028.972482
1028.972482
1028.972482
1028.972482
1028.972482
1028.972482
1028.972482
1028.972482
1028.972482
1028.972482
1028.972482
1028.972482
1028.972482
1028.972482
1028.972482
1028.972482
1028.972482
1028.972482
1028.866751
1028.792369
1028.792369
1028.792369
1028.792369
1028.792369
1028.792369
1028.792369
1028.792369
1028.792369
1028.792369
1028.792369
1028.792369
1028.792369
1028.792369
1028.792369
1028.792369
1028.792369
1028.792369
1028.792369
1028.792369
1028.792369
1028.792369
1028.792369
1028.792369
1028.792369
1028.792369
1028.792369
1028.792369
1028.792369
1028.792369
1028.792369
1028.792369
1028.792369
1028.792369
1028.792369
1028.792369
1028.792369
1028.792369
1028.792369
1028.792369
1028.792369
1028.792369
1028.792369
1028.792369
1028.792369
1028.792369
1028.792369
1028.792369
1028.792369
1028.792369
1028.792369
1028.792369
1028.792369
1028.792369
1028.792369
1028.792369
1028.792369
1028.792369
1028.792369
1028.792369
1028.792369
1028.792369
1028.792369
1028.792369
1028.792369
1028.792369
1028.792369
1028.792369
1028.792369
1028.792369
1028.792369
1028.792369
1028.792369
1028.792369
1028.792369
1028.792369
1028.792369
1028.792369
1028.792369
1028.792369
1028.792369
1028.792369
1028.792369
1028.792369
1028.792369
1028.792369
1028.792369
1028.792369
1028.792369
1028.735484
1028.735484
1028.735484
1028.735484
1028.735484
1028.735484
1028.735484
1028.735484
1028.735484
1028.735484
1028.735484
1028.735484
1028.735484
1028.735484
1028.735484
1028.735484
1028.735484
1028.735484
1028.735484
1028.735484
1028.735484
1028.735484
1028.735484
1028.735484
1028.735484
1028.735484
1028.735484
1028.735484
1028.735484
1028.735484
1028.735484
1028.735484
1028.735484
1028.735484
1028.735484
1028.735484
1028.735484
1028.735484
1028.735484
1028.735484
1028.735484
1028.735484
1028.735484
1028.735484
1028.735484
1028.735484
1028.735484
1028.735484
1028.735484
1028.735484
1028.735484
1028.735484
1028.735484
1028.735484
1028.735484
1028.735484
1028.735484
1028.735484
1028.735484
1028.735484
1028.735484
1028.735484
1028.735484
1028.735484
1028.735484
1028.735484
1028.735484
1028.735484
1028.735484
1028.735484
1028.673317
1028.673317
1028.673317
1028.673317
1028.673317
1028.673317
1028.673317
1028.673317
1028.673317
1028.673317
1028.673317
1028.673317
1028.673317
1028.673317
1028.673317
1028.673317
1028.673317
1028.673317
1028.673317
1028.673317
1028.673317
1028.673317
1028.673317
1028.673317
1028.673317
1028.646279
1028.646279
1028.646279
1028.646279
1028.646279
1028.646279
1028.646279
1028.646279
1028.646279
1028.646279
1028.646279
1028.646279
1028.646279
1028.646279
1028.646279
1028.646279
1028.646279
1028.646279
1028.646279
1028.646279
1028.646279
1028.646279
1028.646279
1028.646279
1028.646279
1028.646279
1028.646279
1028.646279
1028.646279
1028.646279
1028.646279
1028.646279
1028.646279
1028.646279
1028.646279
1028.646279
1028.646279
1028.646279
1028.646279
1028.646279
1028.646279
1028.646279
1028.646279
1028.646279
1028.646279
1028.646279
1028.646279
1028.646279
1028.646279
1028.646279
1028.646279
1028.646279
1028.646279
1028.646279
1028.646279
1028.646279
1028.631952
1028.631952
1028.631952
1028.631952
1028.631952
1028.631952
1028.631952
1028.631952
1028.631952
1028.631952
1028.631952
1028.631952
1028.631952
1028.631952
1028.631952
1028.631952
1028.631952
1028.631952
1028.631952
1028.597284
1028.597284
1028.597284
1028.597284
1028.597284
1028.597284
1028.597284
1028.597284
1028.597284
1028.597284
1028.597284
1028.597284
1028.597284
1028.597284
1028.597284
1028.597284
1028.597284
1028.597284
1028.597284
1028.597284
1028.597284
1028.597284
1028.597284
1028.597284
1028.597284
1028.597284
1028.597284
1028.597284
1028.597284
1028.597284
1028.597284
1028.597284
1028.597284
1028.597284
1028.597284
1028.597284
1028.597284
1028.597284
1028.597284
1028.597284
1028.597284
1028.597284
1028.597284
1028.597284
1028.597284
1028.597284
1028.535675
1028.535675
1028.535675
1028.535675
1028.535675
1028.535675
1028.535675
1028.535675
1028.535675
1028.535675
1028.535675
1028.535675
1028.535675
1028.535675
1028.535675
1028.535675
1028.535675
1028.535675
1028.535675
1028.535675
1028.535675
1028.535675
1028.535675
1028.535675
1028.535675
1028.535675
1028.535675
1028.535675
1028.535675
1028.535675
1028.535675
1028.535675
1028.535675
1028.535675
1028.535675
1028.535675
1028.535675
1028.535675
1028.535675
1028.535675
1028.535675
1028.535675
1028.535675
1028.535675
1028.535675
1028.511668
1028.511668
1028.511668
1028.511668
1028.511668
1028.511668
1028.511668
1028.511668
1028.511668
1028.511668
1028.511668
1028.511668
1028.511668
1028.511668
1028.511668
1028.486020
1028.486020
1028.486020
1028.486020
1028.486020
1028.486020
1028.486020
1028.486020
1028.486020
1028.486020
1028.486020
1028.486020
1028.486020
1028.486020
1028.486020
1028.486020
1028.486020
1028.486020
1028.486020
1028.486020
1028.486020
1028.486020
1028.486020
1028.486020
1028.486020
1028.486020
1028.486020
1028.486020
1028.486020
1028.486020
1028.486020
1028.486020
1028.486020
1028.486020
1028.486020
1028.486020
1028.486020
1028.486020
1028.486020
1028.486020
1028.486020
1028.486020
1028.486020
1028.486020
1028.486020
1028.486020
1028.486020
1028.486020
1028.486020
1028.486020
1028.486020
1028.486020
1028.486020
1028.486020
1028.486020
1028.486020
1028.486020
1028.486020
1028.486020
1028.486020
1028.486020
1028.486020
1028.486020
1028.486020
1028.486020
1028.486020
1028.486020
1028.486020
1028.486020
1028.486020
1028.486020
1028.486020
1028.486020
1028.486020
1028.486020
1028.486020
1028.486020
1028.486020
1028.486020
1028.486020
1028.486020
1028.486020
1028.486020
1028.486020
1028.486020
1028.486020
1028.486020
1028.486020
1028.486020
1028.486020
1028.486020
1028.486020
1028.486020
1028.486020
1028.486020
1028.486020
1028.486020
1028.486020
1028.486020
1028.486020
1028.461759
1028.461759
1028.461759
1028.461759
1028.432946
1028.432946
1028.432946
1028.432946
1028.432946
1028.432946
1028.432946
1028.432946
1028.432946
1028.432946
1028.432946
1028.432946
1028.432946
1028.432946
1028.432946
1028.432946
1028.432946
1028.432946
1028.432946
1028.432946
1028.432946
1028.432946
1028.432946
1028.432946
1028.432946
1028.432946
1028.432946
1028.432946
1028.432946
1028.432946
1028.432946
1028.432946
1028.432946
1028.432946
1028.432946
1028.432946
1028.432946
1028.432946
1028.432946
1028.432946
1028.432946
1028.432946
1028.432946
1028.432946
1028.432946
1028.432946
1028.432946
1028.432946
1028.432946
1028.432946
1028.432946
1028.432946
1028.432946
1028.432946
1028.432946
1028.432946
1028.432946
1028.432946
1028.432946
1028.432946
1028.432946
1028.432946
1028.378284
1028.378284
1028.378284
1028.378284
1028.378284
1028.378284
1028.378284
1028.378284
1028.378284
1028.378284
1028.378284
1028.378284
1028.378284
1028.378284
1028.378284
1028.378284
1028.378284
1028.298053
1028.298053
1028.298053
1028.298053
1028.298053
1028.298053
1028.298053
1028.298053
1028.298053
1028.298053
1028.298053
1028.298053
1028.298053
1028.298053
1028.298053
1028.298053
1028.298053
1028.298053
1028.298053
1028.298053
1028.298053
1028.298053
1028.298053
1028.298053
1028.298053
1028.298053
1028.298053
1028.298053
1028.298053
1028.298053
1028.298053
1028.298053
1028.298053
1028.298053
1028.298053
1028.298053
1028.298053
1028.298053
1028.298053
1028.298053
1028.298053
1028.298053
1028.298053
1028.298053
1028.298053
1028.298053
1028.298053
1028.298053
1028.298053
1028.298053
1028.298053
1028.298053
1028.298053
1028.298053
1028.298053
1028.298053
1028.298053
1028.298053
1028.298053
1028.298053
1028.298053
1028.298053
1028.298053
1028.298053
1028.298053
1028.298053
1028.298053
1028.298053
1028.298053
1028.298053
1028.298053
1028.298053
1028.298053
1028.298053
1028.298053
1028.298053
1028.298053
1028.298053
1028.298053
1028.298053
1028.298053
1028.298053
1028.298053
1028.298053
1028.298053
1028.298053
1028.298053
1028.298053
1028.298053
1028.298053
1028.292023
1028.292023
1028.292023
1028.292023
1028.292023
1028.292023
1028.292023
1028.292023
1028.292023
1028.292023
1028.292023
1028.292023
1028.292023
1028.292023
1028.292023
1028.292023
1028.292023
1028.292023
1028.292023
1028.292023
1028.292023
1028.292023
1028.211992
1028.211992
1028.211992
1028.211992
1028.211992
1028.211992
1028.211992
1028.211992
1028.211992
1028.211992
1028.211992
1028.211992
1028.211992
1028.211992
1028.211992
1028.211992
1028.211992
1028.211992
1028.211992
1028.211992
1028.211992
1028.211992
1028.211992
1028.211992
1028.211992
1028.211992
1028.211992
1028.211992
1028.211992
1028.211992
1028.211992
1028.211992
1028.211992
1028.211992
1028.211992
1028.211992
1028.211992
