12074805155.563625
9215957385.321955
7715661854.105662
6524952782.948123
4847351848.805877
3747508414.640200
2937811179.556193
2777279058.723293
2532119987.393739
2439048005.600643
1763420140.122812
1104382344.256615
1047348567.022689
870436332.451040
635439443.557248
649005508.565717
495146704.556497
448116441.045953
376995106.536488
348791593.106606
330731912.093302
293027528.779128
291934114.790783
243942162.685032
217758345.853958
171294286.206094
172698597.773842
162778516.682695
151876231.206042
155664206.102548
150939136.748271
141934884.473387
139762719.312873
140298118.793838
112648596.986949
115958552.693853
107148669.426734
98471775.520935
93970809.768797
84085044.195476
84406279.653539
87133822.638673
89566133.309605
91786060.649537
90930786.562462
90641813.534620
91326244.552265
91584816.866839
94117252.867018
90464383.034498
88965936.345576
84873695.604002
73518418.902093
69709048.920226
62913613.902174
63395347.878708
64328889.315477
65615571.286175
66102038.240855
62156095.046396
54757373.120641
51412126.298926
52614562.004428
50302844.295052
51266878.681588
47925835.102026
49304901.799648
49049838.285692
42631542.456368
41292794.775036
38954558.645443
38948818.994702
35550889.544060
34688662.324183
32610952.188371
30212782.696647
29635668.345777
28489462.635237
26890541.029874
25954870.611518
24870839.002527
21178336.980998
20631346.758428
19952588.658870
18994578.509288
18752727.721290
18775342.800913
19457887.087014
18639710.264300
17133814.613394
17429942.948513
16834302.146919
16966674.545501
16907621.428157
16683699.010509
16827477.281259
17663723.435404
14918436.144092
14567044.872280
14915139.569621
14749872.578442
14812765.225902
13879049.796942
13318510.471191
13160300.689444
11993015.318865
11717881.229337
11686541.663259
11713592.172476
12013622.318811
11077304.479351
10266060.304679
9860534.721455
10001234.800780
9779505.384350
9517348.142756
9317594.038070
9604799.064706
9092917.011483
7794038.197152
8187270.998072
8225167.614734
8246405.135215
7760591.864293
7826229.585364
6882395.228548
6726989.303147
6708784.935279
6806962.547881
6480987.207868
6212302.436640
6407294.419450
6219983.112932
6127416.729792
5987425.195131
5687427.195799
5605460.790861
5110159.306445
5235679.947108
5075436.989427
5002796.353429
4889057.167835
4626485.369891
4355945.233091
4303648.851831
4168431.093171
4106304.379837
3807005.755837
3610888.328633
3498517.594536
3722487.248698
3715150.822993
3726978.017267
3670535.976463
3544441.518103
3475821.279796
3059118.614761
2637838.022738
2901530.609190
2375362.198510
2384563.297705
2535596.668504
2549901.508666
2678138.389434
2811931.128393
2645593.023015
2444424.195415
2336376.715348
2235393.603794
2046666.859819
1898712.695152
1920560.196269
2064536.609365
1929266.780924
2009916.102953
1993723.513634
1801423.359342
1730133.649671
1732706.099010
1715887.947025
1659615.906124
1674816.052061
1709908.593171
1638458.705025
1624881.753362
1534874.694633
1542470.551103
1549338.037483
1426602.197792
1423891.938027
1421009.645580
1453825.633844
1409711.045234
1371762.126984
1348498.389195
1176745.732730
1180522.521039
1105320.887744
1136393.525817
1110014.832081
1106765.202778
1073932.429223
1021355.523072
964914.474017
950798.852958
955762.226952
950294.300736
923014.787890
933535.866078
937800.079900
917241.193034
869354.386100
878052.081032
881305.120293
746842.484987
742773.341054
612512.714124
607019.690453
619899.891687
468069.421642
449519.469968
444770.988118
417796.687529
377725.321029
342342.849873
326411.668173
349776.193612
348844.038560
368302.713370
369315.420636
344403.496589
337761.697009
336827.248997
303576.029473
301046.766306
310059.388788
330373.213490
333415.708302
347943.329873
327882.362383
365113.815102
332017.688968
345545.220068
340550.251453
311755.803445
293597.548740
305915.222948
303448.405909
303833.671898
269219.396894
282353.010367
273354.337466
293242.853970
285020.080907
300235.630316
300863.750342
311797.947604
314402.509696
315888.458269
306218.256975
270613.670093
291635.368936
321034.701290
296209.989446
293016.936856
287578.970714
278209.201634
239228.775478
235568.445705
228384.875475
219828.605493
220170.775546
222961.513290
237538.117920
244520.015285
254229.763955
225044.537855
233042.676073
231799.907673
226984.432964
222850.687247
235703.007139
223452.341423
212073.878270
189999.839149
177704.952133
156530.128029
150972.581110
140951.125534
139604.584611
135619.875010
138560.478327
117183.301696
100582.139854
108622.311646
106933.884709
107586.923783
103273.605283
87835.958992
95163.515660
82608.663233
78164.462848
82323.304488
83468.144623
88451.608440
96408.347659
98636.481600
86345.102266
83879.546174
83298.369212
80425.571729
84734.846868
77869.078686
75732.294326
61500.137682
63688.017227
60752.369464
59829.275159
58428.056818
56719.540616
61106.302484
58138.041265
50696.650189
52558.120955
48052.217466
48909.624997
48466.274325
50922.961377
51794.721078
52219.236625
47350.922394
45559.824757
39448.526150
39451.729723
42064.385020
30042.746828
24202.283367
20324.587725
21243.735947
21182.055131
21355.513789
19888.731849
19759.791388
17185.055222
16899.358041
17812.911636
18415.182373
18894.388317
19307.944609
20793.860270
20539.725644
21281.160272
23103.068527
21068.298355
22693.183264
20540.715271
23599.245129
21762.825704
21454.467302
18063.587196
19288.035452
20373.545307
21846.141462
23524.223715
20269.930114
24040.481493
25658.580296
23736.409602
21462.439852
22487.431892
21179.533945
21707.427212
22202.647575
23397.917832
23392.074554
22297.121720
23091.134245
21970.350404
22086.979312
16736.996676
16601.918660
15682.325440
16032.195238
16837.845057
17120.712635
17486.930905
16724.231897
17466.136635
17899.525963
20259.924225
19954.263322
21895.227997
21276.122598
19573.886282
20532.740663
18538.767001
20250.850558
22342.187343
18025.760568
15556.569647
15543.736588
16037.643520
15878.183011
16391.100354
19833.493852
21932.692437
25577.570136
27614.544260
30764.516427
32677.940129
35236.989013
36930.400931
39440.483570
46189.398799
48291.727389
52803.000456
51386.519125
55197.935746
45819.621874
39163.046226
25969.753390
26639.400114
25537.082235
23537.052227
23889.420924
19558.471184
20908.178701
20438.336735
17510.023763
18389.224911
18991.197033
15932.881807
13585.451882
14708.923131
13155.569626
12380.746711
10739.130014
9757.678654
9411.640760
8167.810727
8322.345861
9039.530794
9676.423104
9647.939309
8318.554731
7720.732129
7694.227288
7117.494995
6769.559986
5820.857653
6370.377270
6723.247870
6383.041473
6795.934293
6218.744363
5844.714124
5973.786021
5612.750042
5147.835058
4947.520253
4242.026674
4014.865434
3182.305752
3206.503172
3476.728882
3416.307897
3337.446609
3879.649735
3811.118330
3766.792083
3618.174352
3883.417904
3749.987066
3827.554534
3472.539583
3469.873595
3026.363025
2473.723064
2540.113441
2693.526231
2637.617939
2857.140053
2783.527742
2463.292507
2315.043370
2478.487392
2544.834241
2530.859124
2332.725587
1752.053860
1850.788095
1950.704090
1691.382594
1712.899760
1665.253056
1583.045567
1507.858563
1578.555655
1652.507181
1762.593539
1920.737928
1773.956212
1657.867067
1807.781514
1949.964262
2191.589363
2329.599581
2678.125975
2447.862633
2339.865427
2869.562202
2616.678080
2569.651729
2576.629138
2796.863080
3396.241118
3438.645916
3065.020003
3073.724602
2734.895316
3061.175741
3670.525000
3399.966623
3414.288998
3135.609225
2240.292615
2537.479839
2557.689714
2330.710184
2483.427057
2300.467851
2265.179783
2582.465285
2973.802884
3167.843736
3383.744691
3127.931687
2891.148302
2974.054735
3028.976308
2851.260494
2905.792919
2626.085696
2846.748994
2789.066811
2443.140764
2662.613214
3273.924458
3855.696003
3379.112781
3366.910875
2847.567791
2502.622853
2660.172563
2274.080678
2599.404146
2378.861930
2395.450126
2039.792114
2091.133769
1998.780925
2029.538170
1876.488598
1746.528133
1488.324803
1290.206426
1185.571564
1185.088972
1170.918455
947.150107
1038.871879
943.427071
1186.455464
1029.790833
1074.305781
1096.500894
1311.139031
1496.642504
1653.796892
1676.198331
1737.387142
1661.439715
2236.742581
2611.238920
2115.047947
2162.925848
2072.118070
2245.033001
2464.910127
2499.732954
2618.206832
2546.425967
2202.326051
1936.357543
1995.724775
2124.049910
2112.314778
2133.010226
2044.526253
2064.287907
2121.321546
1912.575206
1736.999665
1757.810431
1646.062331
1526.138033
1566.523670
1592.509254
1471.313610
1379.321485
1440.346397
1456.794711
1149.919071
1244.264796
1057.478625
954.524340
714.715511
827.845848
1040.484611
1137.143449
1049.882402
1272.925963
1152.491725
1380.716287
1557.757826
1595.241615
1836.840314
1705.383697
1532.951017
1824.914836
1499.327083
1591.667054
1755.719297
2290.651078
2128.732847
2393.689619
2619.771649
2823.546285
3116.744773
3182.056527
2363.526191
2366.132798
2188.746253
1669.395271
1783.258153
1768.337447
1565.425318
1537.948322
1344.051106
1187.792917
1176.600948
1117.004517
1414.582309
1490.469770
1708.293244
1588.754315
1848.716976
1749.587167
2380.017997
2193.125456
2394.586742
2699.172941
2668.111507
2425.104746
2328.637168
2267.316025
2212.427453
2396.514848
2190.307046
2565.310821
2544.902607
2471.829961
2176.019829
2170.977216
2248.247696
2107.609956
2339.568787
2140.769487
2009.507223
2248.168387
2199.775287
2275.517289
2351.024905
1942.497811
2138.814504
2020.514740
2461.636834
2481.856324
2412.377970
2804.674975
2629.204363
2660.995634
3447.309197
3867.977325
3880.751408
3820.930037
3863.536419
4099.210749
3940.557056
3946.463617
4193.561194
4005.386028
3806.637903
3913.156078
4097.055086
4188.704852
4208.775935
3619.447904
3326.124843
3797.725215
3951.065765
4582.730530
4648.841240
4269.328321
4555.968699
4468.971631
4408.822158
4662.669790
5348.907860
4933.792175
4932.076169
4400.649471
4707.708885
3861.964348
3388.316613
3861.936044
4160.202271
4272.677131
4208.859517
3440.883100
3392.773363
3538.570006
3399.069254
3802.053376
3598.584035
3315.246516
3622.199305
3599.029915
3607.044764
2771.663622
2905.297779
3912.294993
4263.819535
4880.291433
5754.902620
4290.494984
4871.600985
4380.823397
4938.019930
4500.020271
4217.610029
4290.607844
4107.340299
4024.414707
3651.864588
4365.315668
5126.859085
5303.829884
5377.291778
5293.511875
6428.293789
6633.223511
6050.318720
5227.089020
5099.032894
5380.058784
5264.532060
5488.380877
5642.446019
4918.855563
4855.570502
4094.282201
4028.554465
4321.985920
4453.744572
4561.408001
3377.755562
3647.186720
3650.377999
3721.012881
2946.341549
2966.190605
3112.659471
3094.261585
3264.932938
3124.897398
3268.438854
2754.082404
3220.938861
3480.735139
3642.055281
3847.806092
3973.183568
3510.152873
3673.039824
4011.238299
4182.030670
4208.388999
4359.879307
3572.935706
3309.030837
3275.380719
3019.019500
3228.241176
3151.449549
3263.712257
3564.306692
3078.360936
2718.398392
2724.758140
3062.754994
2907.034437
2567.793357
2707.520624
2476.366943
2225.221405
1845.145797
1777.295642
1775.892479
1599.293577
1519.865492
1600.211128
1443.631642
1290.045102
934.577537
860.393543
829.854214
997.106735
1091.674298
1184.068193
1072.121707
993.267717
896.542284
848.409886
683.783498
699.327322
728.457750
697.847671
724.738830
704.021707
828.649425
885.507925
939.651981
871.951393
964.054289
893.825255
893.184812
862.612118
1014.748139
1088.448441
1287.952582
1259.884870
1284.222180
1208.620017
1032.931618
1506.619037
1564.480108
1335.827787
1350.514656
1253.710843
1208.452505
1037.761550
1092.507176
1020.214122
1135.227051
1118.012141
1180.841075
1170.392215
1023.923988
878.396870
912.445505
1029.802562
959.500057
1014.528292
944.112085
932.931983
732.442692
749.718349
747.153445
910.829133
999.017747
1017.064333
989.956240
976.569987
920.486663
765.312548
767.017399
717.281877
747.421833
747.980117
673.198212
666.805890
677.552143
586.562090
471.983644
439.949745
381.167738
340.022969
254.807304
236.511086
248.538821
264.389033
263.819890
239.635045
253.445223
264.013675
228.995441
174.862538
155.021491
150.091219
138.144369
127.473618
122.004504
130.063069
149.026767
144.952763
165.772272
159.459655
174.808729
198.778166
225.975681
205.299284
195.186404
183.402513
183.627119
225.664461
287.552836
263.714429
251.746503
241.235858
194.020834
183.399454
155.067567
159.927151
136.865857
141.955568
140.961204
152.709426
147.569164
123.728830
132.095689
147.379421
142.405440
135.813670
132.867498
136.606755
155.831347
123.953814
128.948969
127.216957
154.114855
141.158586
161.276738
188.427661
176.510254
182.768490
192.706214
201.955548
171.558266
197.833911
224.815774
238.769695
213.825395
238.510461
251.239009
275.030400
252.711356
230.176284
253.234863
273.230260
254.605920
236.159849
234.524044
241.880592
199.644144
241.825454
231.247635
274.356334
304.907571
311.219096
320.496707
311.573120
293.294011
289.287376
272.508494
274.547943
230.750597
224.221136
232.656108
233.588511
253.225726
268.709881
330.313587
398.217619
491.136750
540.216710
535.396083
563.153364
509.105792
604.681495
498.202398
564.602314
606.392192
671.353793
564.465831
571.609803
466.364048
426.528600
592.433769
679.227370
775.691933
792.275440
820.242488
879.095110
837.599821
741.737029
710.252441
834.441807
669.120329
677.316180
669.213933
638.709016
528.312423
559.894837
658.362527
744.604631
782.287135
809.143135
732.695543
729.500776
710.969721
646.945111
731.603923
777.692183
843.474047
910.877617
1010.268593
1014.811045
1014.242998
1017.190961
1009.048984
827.425374
797.120171
791.275070
691.373260
895.914206
1001.896295
1054.315512
868.670691
888.414940
805.385760
737.869411
758.636770
664.114160
451.691859
490.978870
455.322567
442.351345
374.972598
366.944536
363.559455
325.888469
342.850263
377.747051
392.701846
408.477647
471.451017
456.200313
450.708280
435.520128
499.450114
478.540105
576.057511
543.627277
614.991127
748.392513
718.417175
714.119112
663.925083
523.686666
465.084495
464.839567
461.806112
500.247824
406.534561
428.615939
471.952650
490.991983
521.524445
544.998864
461.677718
385.128414
406.812919
398.437239
430.992156
404.938927
306.903798
338.981440
314.896434
367.540850
387.385384
436.604385
468.993737
547.962193
662.515035
598.062237
608.261821
501.587796
481.606263
528.187371
511.512100
490.310068
541.086456
535.131661
641.545135
729.815269
917.459508
1138.029880
1203.978293
1107.252836
1107.156169
1119.556215
971.026827
882.780411
778.247398
726.373031
706.614457
676.254901
785.737924
935.999934
849.790606
896.156940
944.674029
841.782689
950.113779
1000.831704
1008.183368
941.001745
945.434820
1124.793970
1073.882262
1196.644978
1292.498073
1092.812109
1113.974199
979.883383
800.914409
837.920791
801.050372
855.182282
802.944525
736.178915
645.679281
637.935588
630.390277
702.931086
701.119490
750.240634
692.946298
624.524088
629.561507
717.858626
641.169967
601.325829
573.275912
527.137642
572.556807
601.848936
588.105432
544.079731
558.862706
488.550889
446.852756
380.413585
379.524315
357.019744
334.300761
339.536291
273.305507
261.181224
276.913737
315.414518
281.661445
261.064536
255.373675
231.204364
232.948237
249.946216
276.671678
282.285869
280.885531
265.147340
273.243285
308.475068
340.522045
334.184063
352.391882
352.068211
331.445094
337.882967
315.340916
307.823033
279.811156
249.631460
277.783985
281.337443
271.410939
250.982481
236.429692
241.709325
271.666445
271.093107
236.446714
212.691929
195.140138
217.224763
210.768761
217.449362
254.975100
273.163852
292.906805
324.729973
354.742415
339.647184
340.075146
319.476765
306.739095
313.445697
267.108717
269.986080
231.803342
218.740662
201.771257
217.806899
213.624088
235.185429
197.900078
211.529696
219.684534
227.357702
213.651582
181.271967
176.181370
197.724554
164.924702
166.385679
186.090997
165.351757
161.113455
183.069707
188.250439
233.776790
243.233548
283.129584
225.640655
221.802796
232.423192
249.396315
239.610971
247.037806
221.771320
231.622155
227.470586
203.069584
192.050437
190.308779
182.996362
185.975179
177.973006
140.409828
155.636162
157.380563
147.159383
178.642587
179.781006
190.345962
164.867676
179.073076
146.119261
130.010930
114.993736
117.499694
121.121417
126.745511
106.896363
120.889706
148.000833
157.679402
193.254513
178.553134
185.274918
153.692168
154.480777
146.580951
147.351705
141.541770
157.176734
161.573000
185.584029
182.875830
184.572121
178.155566
155.987429
142.003159
145.957466
141.567799
130.763229
138.114941
118.695765
112.325359
128.322144
113.347554
100.990186
94.729162
96.102357
99.177645
111.989209
91.935759
88.363401
76.675770
71.101914
77.395622
89.173920
80.810640
71.762760
64.940522
71.769323
64.755601
57.529286
47.463921
49.862372
44.551563
47.722290
49.449658
45.686345
41.005081
43.948084
49.208638
51.643377
50.982811
53.978329
62.180002
64.696573
64.999979
53.108755
53.169432
46.236306
44.617520
33.795532
32.993971
39.374072
43.770469
45.463832
45.965446
43.681060
41.977077
47.801567
52.702272
48.193578
48.954146
47.442351
52.959106
60.497207
64.670699
70.338859
75.048093
71.984672
69.092250
61.581091
66.208409
68.581491
59.803672
67.544694
72.101276
78.668106
75.096667
66.853637
70.444717
82.646368
98.805060
103.973232
113.104727
127.730313
142.378787
147.727484
147.305795
147.491620
149.175612
153.117554
168.575271
171.571996
190.642427
176.758862
203.025539
215.024818
206.449908
243.407061
265.031413
222.347226
215.293633
236.255545
233.762320
225.423466
194.964081
200.971997
179.538285
164.406363
138.923794
117.579276
101.472174
93.718210
94.252747
79.747106
74.456516
78.727079
83.087763
88.026200
95.207048
106.835706
101.865756
96.915260
90.207443
110.112569
118.581549
120.066727
135.167914
138.392120
143.963457
167.917612
152.669062
161.806042
141.131361
171.270339
166.367244
149.903953
136.011488
112.589914
112.363103
115.303803
105.210909
118.491529
138.536451
146.145430
155.682936
145.451311
145.541765
131.837600
145.100999
155.733534
147.146746
135.258919
135.919216
134.608329
137.678673
146.721948
147.443763
145.995406
147.601772
143.889815
121.482414
120.089158
110.225393
91.798661
84.500959
80.235643
83.251992
76.011189
79.907931
78.719336
80.719597
84.402753
78.114919
83.930761
92.287892
83.852154
82.775139
72.141819
68.346559
59.383166
57.420890
52.468000
54.096857
58.493026
55.855861
50.596981
53.798715
60.421677
59.372506
62.666708
72.366515
71.187839
61.760998
61.640329
57.893610
54.511859
53.412114
54.767583
54.089973
53.319113
53.609499
54.152553
54.597013
56.588679
56.292321
67.084691
78.093427
99.726904
108.899227
114.926161
117.558141
101.107385
94.525140
95.662360
78.386578
81.511923
70.179744
72.452736
76.626465
76.736037
81.807937
80.303322
82.816663
75.549026
73.006436
72.903392
59.870763
68.106911
62.012632
63.479750
51.247288
44.464137
48.638068
43.961559
40.346723
44.582908
45.547171
45.418488
43.417821
38.839242
44.170200
37.211493
37.559836
41.447578
45.041613
58.010236
67.848964
68.493815
61.845925
60.624586
56.972362
63.293723
61.241650
59.478427
54.934692
56.493866
56.498465
47.537578
48.125089
51.325942
53.013103
54.269422
50.766632
44.569583
38.012643
31.206298
30.255370
26.675683
17.243877
18.313405
17.453153
19.034520
18.860773
19.038442
23.467962
25.845898
23.385203
28.095404
33.253564
38.843539
42.335360
42.939895
44.427556
42.937453
43.583325
42.068139
45.014263
48.224212
41.753731
35.630223
38.850525
46.786639
53.887091
55.374165
55.591059
51.703097
42.616777
41.580494
37.942070
41.200178
32.873948
33.520331
44.734822
58.788959
64.217116
68.491543
71.882199
72.528602
81.798402
80.162631
70.617559
78.727881
75.719435
84.204524
83.886015
86.896408
82.658564
71.926648
75.535939
76.036155
65.502055
60.786341
57.427452
58.090839
55.492073
50.094647
57.363635
44.973996
44.277066
38.454884
50.182667
45.750850
41.087570
37.526329
37.239420
29.661673
30.036187
30.189229
27.318710
23.251150
26.205820
23.811938
23.686899
23.526214
20.888476
20.658269
20.505084
21.228902
21.904158
21.291519
19.147072
19.489972
19.795428
17.317417
18.313155
24.271013
25.872623
33.192627
39.049515
49.484567
62.135226
62.007338
64.973357
63.480978
64.713417
63.052390
64.380132
61.794005
66.376720
57.531712
52.354383
45.553061
37.756217
39.048779
34.010376
33.146916
29.739314
32.449582
34.214891
33.689661
30.915641
35.356625
35.723916
38.576748
36.779305
40.369518
40.176561
39.182004
40.841094
40.739705
37.802246
38.269758
42.949504
48.754412
51.201110
50.925153
45.695972
41.865724
43.910890
49.011133
64.078688
58.560263
54.367856
52.958234
59.676831
52.381650
48.753526
41.267807
40.840434
39.909592
44.236671
49.959451
38.934608
42.111416
43.672258
44.439768
48.199313
40.622980
40.180697
41.836756
38.668019
39.425750
38.291414
36.205697
36.711390
34.837214
32.629791
27.127506
28.243717
30.888009
31.885017
30.583206
28.718319
29.548939
26.847596
22.554234
25.317775
28.630823
27.373885
28.063261
29.042365
27.556878
25.303946
22.363119
28.658770
29.828907
35.193915
37.715932
37.753037
36.897200
38.828761
44.032134
51.836859
47.158776
48.799703
41.362275
34.973709
33.385322
38.764967
33.544863
36.851276
38.726443
46.564839
55.762101
58.543047
56.755799
78.493074
89.356129
91.926769
101.624788
113.141490
89.617796
99.021790
90.563920
93.046236
84.332451
63.043339
52.266722
54.615756
52.581183
41.178757
38.132026
37.818826
42.892566
37.492272
33.518186
30.262125
31.468215
35.295732
39.856919
43.745497
44.969737
42.907185
44.747641
45.642981
49.031591
56.548521
61.366404
52.941570
58.439649
65.858131
71.883749
76.999328
85.168997
72.370022
65.496660
78.427811
82.416300
72.272268
70.718276
78.375075
85.418985
86.897865
82.062085
77.126141
66.764690
73.489114
63.062637
60.792575
46.694513
48.734845
45.068139
43.042897
38.452758
44.058178
48.805676
52.303151
50.855119
36.552581
34.090754
32.549684
33.321870
36.354270
37.179978
31.935565
32.241092
30.181884
29.696704
28.819594
22.099518
21.784095
20.125381
19.009145
21.166309
20.636059
20.998208
23.622444
19.567261
19.688225
22.374763
24.160203
25.697139
22.692920
22.496848
23.200665
22.339120
23.545635
25.072381
24.065973
21.572274
20.125990
21.001113
20.221077
20.514815
21.693070
22.280589
26.225495
26.185634
25.848103
24.877958
24.755375
24.993349
26.328603
21.213984
21.492891
19.772867
21.035586
21.109310
22.232294
27.948811
32.350696
39.770854
37.345314
36.273105
31.145661
29.834948
34.175666
38.110663
36.852716
43.721056
41.929691
37.871454
32.840388
31.565067
28.783872
28.623723
29.151177
28.329626
29.782769
32.666719
34.074202
33.420242
35.439780
30.654827
34.592756
35.689098
30.717983
30.896569
23.757556
25.510894
22.430770
18.382221
21.688802
23.746632
21.695924
24.904523
25.363641
25.399750
20.090527
20.883413
20.499510
16.974967
19.296014
16.871968
16.177712
15.665923
14.886133
17.178582
20.593066
22.668232
18.941634
20.779941
22.906986
23.628131
23.843414
25.223282
23.198382
22.752657
24.059471
25.109580
22.979666
24.990615
24.373449
23.728505
25.946230
26.291427
25.277624
23.825055
24.088194
23.169004
25.488105
26.331753
26.405934
24.918144
27.527962
32.851561
41.375163
48.220296
42.031999
42.947652
42.385723
38.923856
32.570654
33.807151
36.032233
32.979262
32.181915
33.137074
29.094325
30.723447
30.950672
28.364154
25.413657
26.902526
33.371264
33.625134
42.609010
40.833227
45.756841
37.928790
40.187059
39.013459
39.849700
40.381391
42.886718
36.990036
34.335395
33.768144
39.452194
42.817061
46.733265
56.596372
64.520213
49.296032
46.078220
49.077017
52.252144
56.909142
57.931828
55.421501
53.361830
49.907788
48.613315
46.810648
48.139791
41.153254
38.306804
31.415470
37.464324
37.394454
39.023325
35.924763
40.925986
38.824733
35.760900
40.785759
40.017540
42.866163
48.770951
46.593945
44.762104
51.138019
39.744797
42.916907
43.391768
43.449499
39.211029
41.154028
37.278677
35.803736
33.798432
32.671951
34.357075
33.527522
29.384323
28.756823
31.600965
33.778153
34.334049
36.352882
39.042013
37.902414
43.048894
38.500074
42.314250
43.440330
39.293051
41.485636
39.077121
33.472012
31.032750
28.810644
27.583516
28.208456
26.142035
25.362596
28.443115
29.356799
32.205281
34.174588
31.096177
27.349728
27.882205
25.802842
23.867313
21.365070
19.566398
22.142763
21.066476
22.599030
23.660458
23.990578
21.947311
24.916339
25.304368
20.882760
18.849910
21.551699
21.150609
19.850283
18.590594
19.258203
18.419609
18.466211
16.681917
16.042569
18.321734
18.701140
17.195398
20.826209
18.264878
15.703422
15.305895
16.888405
16.130330
17.311249
18.608364
21.252974
22.184551
20.051085
21.655481
20.806627
23.402691
26.279425
28.551607
33.407075
34.270754
28.483640
26.440998
25.113840
22.186548
18.300978
16.383141
24.773675
31.185717
31.738821
31.459917
27.146212
22.410357
20.124194
17.389473
18.177750
16.028076
15.704932
18.268460
17.127388
15.787978
15.899782
16.508239
15.189917
14.604254
13.556455
13.183609
12.290676
12.183173
12.643315
14.017486
13.945908
14.161324
12.271720
11.969059
11.549120
12.150596
10.222807
9.988286
9.955175
10.376969
10.018651
8.778646
8.655991
8.932175
8.863857
7.661087
6.746417
7.109108
6.072636
5.520498
5.178081
4.688030
6.317102
6.547488
6.987964
7.503022
7.549772
7.738235
7.222285
7.229126
6.509831
6.583347
6.002133
5.024639
3.980742
3.569217
3.304582
3.109928
3.055317
3.361886
3.665728
3.224784
3.868242
3.952400
4.605898
4.291084
4.297987
4.386281
3.802947
4.113494
3.771097
3.771786
4.281113
4.598742
4.426102
4.426478
4.799106
3.755861
3.928167
4.043047
3.019757
3.292972
3.325238
3.527168
3.612428
3.451322
3.451458
3.505172
3.325531
2.790986
3.194509
2.773593
3.187443
2.990236
3.359058
3.093849
3.269877
3.068700
3.489787
3.248197
3.590105
3.928619
3.848628
4.459154
4.711216
4.548426
4.355443
3.797568
4.160770
3.878804
3.326719
3.755621
3.193178
3.280230
3.612831
3.007199
3.149685
3.243457
2.485121
2.877125
2.599668
2.702927
2.834086
2.752833
2.982184
3.032535
3.354561
3.290951
3.955495
3.373189
3.785329
3.231883
3.437497
4.160741
3.970108
4.323131
4.119142
4.465429
4.279357
3.599557
4.006226
4.135964
3.509077
3.528974
4.237923
3.036536
3.721370
3.953094
3.899914
3.720621
3.929884
4.219503
4.347293
4.554692
4.582298
4.265699
4.202996
4.359792
4.852354
4.652394
4.444322
4.000220
3.159579
3.698090
3.867089
3.798891
3.998620
3.968859
3.942871
3.596496
3.811210
3.509939
3.754314
4.213516
4.237344
3.477802
4.014339
5.005572
5.819643
6.096811
5.607714
6.587818
6.792511
7.591495
8.351799
7.950030
7.349875
7.016761
7.509266
7.839231
8.522298
10.113611
9.230917
9.823788
10.359063
8.687831
8.908968
8.265854
8.492313
8.042753
7.413476
6.394582
6.294662
5.702001
5.500992
5.973866
6.641854
7.383435
7.616623
8.231334
9.372773
11.760274
12.259263
12.783428
13.295030
11.632156
12.206998
11.140987
10.271617
9.417127
9.264354
10.427141
10.758206
11.055019
10.649887
12.683098
15.060163
14.366590
14.682551
13.146161
16.436342
16.505543
16.623148
17.096470
20.262258
22.868884
20.654113
25.127604
25.082666
28.011952
30.442369
24.185550
29.429441
30.259791
29.771093
26.620206
28.006745
29.216093
28.174728
29.948942
33.859233
36.457527
35.442675
26.544806
25.840533
31.847766
35.602257
33.280767
36.000466
36.618334
36.861961
37.042021
45.224922
46.955426
49.343184
48.157163
47.987198
52.634122
64.084905
72.403763
79.107942
86.279770
81.753037
89.588753
99.566729
98.843900
76.885701
82.987842
71.708232
75.713907
79.139581
84.975372
97.796993
104.814492
104.026091
107.706266
108.694670
92.336140
89.878115
99.931845
94.162714
85.674257
84.466646
69.915725
73.328770
75.195166
81.849216
84.834690
95.397054
93.453896
107.405765
96.369950
106.461399
103.057916
91.263122
94.224755
81.470623
91.036927
105.963434
100.862457
122.006656
123.806273
108.143490
116.495003
122.398092
116.212270
117.391899
96.006500
82.946216
88.006500
101.786380
85.034228
87.571853
90.207173
86.591091
92.077495
94.244791
100.248983
104.435510
103.934068
96.522452
93.928975
90.283577
86.378948
78.960046
72.268193
69.897372
63.042700
55.567806
57.155131
54.455268
49.424480
53.670254
52.186815
51.576337
45.108616
47.824732
35.539807
43.118066
45.236810
49.739793
49.042228
63.526976
64.760881
58.038292
57.887057
52.340953
56.199904
60.104021
57.146843
56.120522
67.071692
79.285547
90.766851
103.181952
116.897959
97.760316
92.907635
97.409679
92.673767
97.980216
116.247836
122.427336
128.051701
119.229433
117.148108
94.612617
101.311061
98.254006
129.248918
127.024497
109.511497
104.337101
105.692721
102.088723
106.854188
102.141804
99.014628
73.668372
72.606205
61.728645
75.582795
88.388103
93.912721
84.765099
78.559409
82.312077
77.356079
67.339624
64.865456
56.648865
58.171689
55.017071
54.759093
45.958019
47.387056
51.530515
52.982103
54.383304
53.777659
63.161848
65.178048
70.895858
87.530674
89.660672
101.590734
98.630794
99.985542
93.433084
83.231610
77.705288
75.964171
77.932928
73.088543
73.375933
65.372291
69.191908
77.098885
78.083317
89.085364
71.292125
78.579208
70.351620
67.410933
66.039878
50.047358
45.190308
50.096721
51.621697
51.873424
53.127503
50.361307
51.697638
52.583017
60.618927
62.565265
62.851943
60.657181
51.272679
50.095736
48.201516
42.072663
44.433356
45.370478
46.067179
50.225595
53.733045
54.208102
48.775677
49.028975
50.474205
54.014809
61.235412
68.476827
56.328379
60.143729
67.626917
64.916914
56.223396
54.909055
55.992972
49.439475
45.308401
48.616503
51.709362
48.281269
42.001142
38.812613
39.370622
42.252077
35.922837
38.761118
48.590943
49.051664
52.309289
54.279377
56.676557
57.335844
67.830869
61.549484
53.627528
47.640950
57.702753
50.674179
55.458144
56.245436
59.526237
60.136263
58.183496
59.747490
60.044641
67.432648
60.982930
61.988952
59.050152
59.068490
54.241016
53.354658
54.848956
46.063681
50.089270
53.590579
51.745664
55.419095
59.536492
54.925054
57.394229
60.254020
60.696233
59.975049
48.558979
48.972193
41.207594
41.501619
41.457075
43.494894
41.904194
39.904881
38.965811
34.632238
35.049130
36.633607
40.134979
38.227228
36.622968
26.886524
24.970859
27.319528
27.383105
22.322706
19.970436
19.624606
18.367474
18.376513
19.972485
18.493449
19.731525
23.626942
33.561024
34.957184
34.211978
40.663393
51.960971
58.022847
62.319369
66.874512
66.918190
66.501608
70.704196
78.139761
67.204932
58.292693
47.965689
43.387023
40.990096
40.212776
41.483606
37.153203
35.547147
35.376581
32.415964
32.111319
34.559200
36.409326
28.691005
29.999308
31.339842
30.027038
27.862988
25.414658
24.620825
20.858765
20.633661
19.069579
19.607201
16.991518
15.527513
13.358382
10.944769
11.142345
11.184701
9.654822
10.292651
8.612164
9.096360
9.063331
8.430201
8.671389
7.807757
6.513134
6.591492
7.027441
6.998696
6.539764
6.557376
6.053804
5.800838
6.704979
7.574012
7.297593
7.534329
6.999136
7.426513
6.570898
6.432630
6.433523
7.523675
7.866120
7.768718
7.113695
7.314596
5.826245
4.854447
5.029492
5.051711
3.980148
3.655701
4.099228
3.704922
4.072768
5.241392
6.898442
7.420443
6.126798
6.115306
6.620325
7.382480
8.448238
8.339850
8.830991
7.912484
6.721684
7.201426
8.500388
8.996258
10.161418
11.781828
11.948780
9.984209
7.863112
6.707674
6.260811
6.737963
5.093884
5.110673
5.578986
6.926987
8.045299
8.677632
8.759939
8.324399
9.053836
11.152006
10.865168
12.434215
14.809058
15.649329
15.668046
16.961394
18.594625
16.801288
17.839908
24.373027
26.761834
35.694206
37.991574
35.929076
37.550715
33.955659
31.411716
27.034472
23.171702
27.574300
24.418653
20.591844
17.675427
20.884665
26.802369
30.239944
30.314007
28.626989
24.006751
29.734634
28.103970
31.017192
33.130972
34.509932
28.416329
27.431047
31.261784
30.147473
30.394911
30.576302
27.236686
25.785420
29.937282
32.382138
32.047447
35.490940
30.997069
28.649586
26.761907
28.199394
29.637631
26.594375
27.946243
30.024529
36.303318
34.738891
41.286143
51.597756
53.158900
53.099222
49.147887
46.189812
46.941859
44.866579
46.461795
49.018914
54.637350
62.186982
63.817337
50.683446
41.745467
48.398310
50.404940
45.968718
46.928570
50.574974
46.121566
43.610131
46.820104
34.840807
34.347173
34.985210
33.058857
36.131977
40.221151
38.246665
39.756586
42.264233
44.927037
35.426016
35.611031
35.910024
32.029484
27.651449
30.189302
36.212185
36.574352
42.036644
46.428231
51.994708
50.829042
51.851311
46.643315
36.929544
37.992514
33.450017
32.782553
31.128009
30.645288
31.325601
35.392947
37.741139
27.486291
31.897079
36.572824
39.554180
32.314261
35.959047
33.808168
30.642616
26.738658
26.274166
27.069966
31.911930
33.417149
31.101487
33.086031
34.891531
30.052605
29.038244
30.121041
30.042250
23.325762
25.356793
24.417272
25.735889
25.638848
24.624201
25.583755
29.472468
34.197648
38.086946
38.444217
36.506769
32.646072
34.834446
39.177716
40.532515
42.167185
31.078967
22.890623
23.398837
24.164665
25.409414
23.946949
23.623359
23.914011
22.308975
20.515114
20.796771
19.162036
19.365865
19.724470
19.910357
17.918777
15.822152
15.967870
16.475334
17.112055
18.572565
18.636795
16.820644
15.807180
16.054627
15.872868
15.153655
14.804673
12.731310
12.087525
13.175421
14.448952
13.237790
11.128493
10.218014
10.612586
12.061120
13.937594
14.886157
13.415126
13.076576
12.544326
12.369374
11.492037
9.681563
9.956674
8.761118
8.317577
9.813134
9.413879
11.083562
11.725638
11.990037
13.833512
16.883418
19.477114
19.777053
21.264663
18.022711
15.754404
16.191571
12.665979
13.833833
13.497449
17.102957
22.328325
24.131831
23.439490
22.561859
22.579368
21.817787
18.178438
15.172620
11.662603
12.452765
11.129543
10.983764
8.922295
8.955598
8.209415
8.154718
7.038754
5.940831
5.753190
6.807587
7.204429
8.532019
8.325167
9.435099
8.472879
8.606942
8.318983
6.556945
7.247737
9.012704
11.505450
13.212082
15.353894
14.153110
13.771179
11.719746
12.142962
11.561994
10.621682
11.097154
10.964456
12.447315
13.746378
14.074656
14.040621
15.142708
16.642127
15.598405
13.559367
13.877674
12.634564
13.415645
13.664889
11.161000
11.456951
11.214711
10.349409
9.525048
8.510762
8.178112
9.328007
8.549311
9.270291
10.120544
11.366779
10.530740
10.093024
9.527926
10.627963
11.225806
12.822701
12.041959
13.665661
12.959954
14.961590
19.311318
20.908673
21.258992
21.389252
26.524575
26.700505
28.729077
29.176118
22.887793
23.161174
26.701895
32.113209
32.922840
33.570904
32.653341
29.915275
25.087543
22.697509
20.692630
20.792098
20.556210
18.726588
19.479988
17.470198
15.513352
16.454267
18.121932
16.746689
17.912054
17.135531
18.329004
20.651384
23.966372
26.583529
29.935486
29.854650
30.421990
24.724955
25.673293
28.477675
31.778545
32.519307
26.147290
24.550243
18.868213
19.300263
15.851703
19.275558
18.965833
20.500895
24.944848
23.038104
24.226162
24.565512
21.145780
18.590199
16.004003
16.267570
15.026474
15.381865
15.049073
15.795446
12.249463
13.527942
12.270290
10.964492
12.031598
11.844499
12.775566
12.187801
13.238358
12.396298
12.615922
13.917776
13.334991
13.457897
10.857966
11.142111
12.220858
13.426583
14.098289
12.745452
11.903330
13.365633
16.323927
16.209870
17.929822
18.138437
18.348754
16.750833
16.319827
15.008644
12.923371
11.226184
11.803980
12.415990
12.316869
11.660795
9.627690
9.084972
11.017824
12.635102
16.118318
14.999867
13.174908
11.015742
10.583129
9.862267
9.264669
10.015604
11.291906
11.520462
10.633729
11.130579
11.289742
10.207544
9.332682
9.969366
10.315512
10.575962
10.942817
10.370316
8.853975
9.369437
8.303285
6.750601
6.438434
6.775101
6.910744
7.023349
6.629934
6.604652
6.146655
6.838123
6.224513
6.826387
7.248677
7.127664
8.022824
9.625801
8.617646
8.311147
7.843439
9.275330
9.517559
9.542129
9.695940
9.331627
9.975052
10.194841
8.064161
8.255250
7.970545
6.786748
4.870312
5.703420
6.169739
5.946103
5.800201
5.766103
4.713900
4.534569
4.100191
3.766164
4.016476
4.043104
3.652074
4.002929
3.493385
3.817495
3.794633
3.734847
4.170855
3.566527
3.267942
2.938676
2.469244
2.378949
2.748213
2.997975
3.294496
2.838631
3.116760
3.137289
3.793179
4.231470
4.366480
4.256347
4.357603
5.286669
5.572203
5.080752
4.913731
5.232111
5.856340
5.140947
5.165989
4.973254
5.322169
5.311142
5.651379
5.175742
5.121181
4.448039
5.072010
4.235502
4.497663
3.939223
3.917403
3.842831
3.609179
3.872021
3.860346
2.881585
3.258990
3.476081
3.813077
3.394934
3.706438
3.387632
3.133118
3.528040
3.932649
3.947247
4.606019
4.791695
5.384767
5.558177
7.066205
7.346386
7.990304
7.765932
7.619031
6.583271
5.732463
5.575443
6.034057
6.476263
6.289660
6.964562
6.929231
6.599733
6.041229
5.237354
4.638273
6.234115
6.485176
6.548005
7.255775
7.973799
9.144673
9.543365
9.261799
9.361836
8.709313
6.939578
7.551504
8.294487
7.309321
6.874668
6.573688
6.457330
7.326529
7.299213
7.430477
7.364700
6.967354
6.669872
6.687116
5.257323
5.159101
5.899832
5.322549
5.035481
5.160829
4.451453
4.601094
4.136723
4.265753
4.524856
5.075262
5.926085
5.951311
6.665203
6.725320
7.045579
8.474400
9.992198
10.493976
8.757483
8.581318
7.588654
7.891018
8.229943
8.293756
5.842209
5.175137
7.526181
8.011323
8.453686
8.850001
8.632017
8.247405
7.802616
7.798310
8.429653
8.841731
8.175667
7.959219
8.335728
9.083713
9.616988
9.029995
10.305352
8.968133
8.552381
9.252062
7.507365
8.355087
9.394787
10.278630
10.819843
11.588116
11.547773
11.059243
11.626039
12.857895
13.818885
14.318393
14.076201
14.554618
15.391889
14.198117
17.226214
17.646824
18.327616
19.311045
19.556785
19.012688
15.918408
12.416824
12.129506
10.165984
10.663242
12.014781
9.276296
7.796725
7.881308
6.932639
7.264902
6.669782
7.367640
7.605827
8.107635
9.394684
8.537525
8.979012
9.939077
10.267671
10.977649
11.454747
10.463161
11.059461
12.264106
12.636679
12.326864
12.783840
12.290862
11.910476
12.208507
11.926400
7.915866
9.308013
10.791725
10.763897
9.198470
9.218321
8.317522
9.047696
9.754620
10.374726
8.923676
8.655426
8.493247
8.094563
8.329372
8.515552
7.334669
7.935023
7.727041
7.118362
7.986695
8.798930
8.757586
9.934856
9.816055
10.106325
10.010805
10.680544
10.176655
8.595930
8.648117
8.722627
9.740191
9.894636
9.206809
10.438193
11.130725
11.182839
11.374802
12.606335
13.758719
14.546071
14.296338
15.490026
15.152929
14.245899
14.762396
17.123224
17.347236
17.772605
18.561017
20.143635
20.652534
20.207533
21.671651
20.747915
20.423548
19.298403
20.933741
21.676921
14.661388
14.508844
11.642249
11.709357
10.170204
12.402670
12.984877
14.819217
15.757168
14.832477
17.153627
20.270308
22.347716
21.080224
18.553812
19.069289
18.977252
18.771584
16.471373
15.335228
14.071961
12.818465
11.010921
11.590326
11.166202
11.249796
12.714460
11.234827
12.249044
12.652897
13.950342
14.100402
10.722087
12.084184
12.592809
12.938864
14.627186
11.901868
11.356947
13.044598
13.454424
16.074517
16.552461
17.241008
19.313791
19.999322
20.051077
18.092863
18.741662
19.439345
21.186129
18.731807
16.581213
17.742746
18.844747
17.611128
13.073477
11.603599
11.591469
11.055681
11.478225
11.446647
11.779605
13.448781
14.614289
14.829466
16.767073
16.785895
15.437210
14.244390
14.148552
12.530614
11.045035
7.812290
8.074738
9.057677
9.444685
10.162733
9.008088
7.077923
6.847813
6.807941
6.460890
6.828855
6.297253
7.143893
7.094723
5.994570
7.229626
9.319866
11.543085
10.756927
8.373144
7.722859
7.668261
8.292940
6.609524
6.841181
7.241542
8.306016
8.870012
8.359290
8.662664
8.578280
8.484735
8.818406
8.200494
7.252370
8.711581
8.666391
11.863156
13.674084
14.096659
15.283839
14.461563
13.754665
13.045902
14.133064
12.544296
12.503036
14.970449
13.562065
14.322106
15.208158
12.750417
10.755308
10.422091
9.447017
9.745059
8.698833
7.636297
7.241055
7.318972
6.669010
6.221756
6.746179
5.716445
5.660616
5.754246
4.994011
5.608052
6.933937
7.335675
7.805642
7.169187
6.582514
6.360520
6.451120
6.907773
7.009982
6.208657
6.099879
6.533063
6.485594
6.397543
6.467814
5.815370
5.980286
6.267855
5.928522
5.572061
5.959813
6.029987
6.685121
6.331300
5.551286
4.960075
5.223112
4.355013
4.249643
3.979523
3.372542
4.299945
5.047694
5.455045
7.231922
7.261299
8.020202
7.620956
7.075545
4.296541
3.993193
4.377021
4.967025
4.742658
4.922461
4.835946
4.667322
4.826337
4.132416
4.463145
4.391586
4.400329
4.090353
3.871795
3.926419
4.505175
4.682276
4.403004
4.150938
4.263480
5.039964
4.712847
5.054830
5.893318
5.795119
6.026298
5.958384
5.698878
5.325687
4.306750
3.750340
3.984880
3.967200
4.182889
3.578203
3.797675
4.394134
4.661664
4.140921
4.188414
4.246873
3.450546
2.917199
2.982792
2.433156
2.300993
2.311099
3.226783
4.657264
4.601136
5.555886
5.487993
5.249343
4.428133
4.356915
4.186951
4.092718
3.674753
3.663694
2.719734
3.427920
4.020399
4.428574
4.485962
4.766975
4.528784
4.449669
4.909451
4.583273
4.691952
4.058052
4.049184
4.552110
4.712083
3.974083
3.594340
4.239134
4.807141
4.556404
4.922967
4.078656
4.386220
4.221216
4.009567
4.725757
5.350338
5.717062
4.975210
5.192584
5.524398
5.971683
5.027724
4.487297
4.891034
4.044122
4.195261
4.273262
4.472699
4.584612
4.493202
4.044480
4.436326
3.993669
3.977356
3.970498
3.761406
4.353771
4.433397
5.772885
6.197757
5.858086
6.020654
5.713549
5.165314
4.821587
3.961580
3.298786
3.489582
3.153393
3.605487
3.261718
3.829247
4.120334
4.004827
3.488461
3.817797
3.842219
3.785599
3.511875
3.910036
3.985504
4.794186
6.715999
7.608110
7.392324
7.353713
7.979854
7.831855
8.215671
6.904908
6.361771
7.624367
8.326643
8.416995
9.671375
9.364712
7.381707
6.861985
5.755539
5.388514
4.559156
4.737620
5.379311
5.534428
5.165366
4.483519
4.991458
5.388128
4.481651
4.091357
4.060258
3.847026
3.456346
3.469066
3.244600
3.356118
3.504875
2.973716
3.293015
3.551665
3.761449
4.045021
4.997147
4.672739
4.074541
3.293467
3.608662
3.391467
3.174766
3.366855
3.029477
2.707939
2.405188
2.398209
2.959856
3.036347
3.498677
3.081981
3.065848
3.038408
3.303196
3.316534
3.115432
2.897473
2.479717
2.700546
2.575029
2.378260
2.473504
1.726208
1.687851
1.793847
1.719450
1.758296
1.720127
1.747640
1.825001
1.617675
1.646164
1.464205
1.853834
2.149402
2.297292
2.373001
2.511070
2.687966
2.771063
2.971059
2.901571
3.088160
3.484870
3.090663
3.249574
3.214715
3.449538
3.184995
3.545392
3.570612
3.167194
2.965128
2.433013
2.624430
2.732010
2.626105
2.510960
2.050953
2.060940
1.898991
1.625453
1.677788
1.600659
1.574013
1.567289
1.609464
1.638233
1.980519
1.775163
1.756220
1.858735
1.901376
1.808882
1.507223
1.640158
1.631063
1.555140
1.493469
1.581514
1.714976
1.824159
1.545246
1.490285
1.728034
1.705740
1.640856
1.720814
1.824032
1.857678
1.919160
1.685881
1.083631
1.154576
1.268850
0.912766
0.966105
1.028632
1.057194
1.182183
1.125393
1.159012
1.374007
1.489183
1.573092
1.861447
1.704763
1.859085
1.945913
1.675221
1.717607
1.424907
1.067305
1.218732
1.126912
1.181273
1.211015
1.397742
1.424095
1.302320
1.246955
1.343259
1.515700
1.750715
1.693498
1.483824
1.445648
1.740929
1.958381
2.190594
2.124405
2.108684
1.985860
1.872216
2.013516
2.230199
2.091072
2.339969
2.268528
1.974473
2.060494
2.342692
2.212582
2.121559
2.469259
2.212189
2.732510
2.985157
3.278744
3.391341
3.962026
4.272534
4.569900
4.235960
3.587213
3.976141
4.302801
3.799359
4.010829
4.313890
4.167352
4.082431
4.197042
4.134956
4.317279
3.650255
2.867744
2.947482
2.884681
2.663383
2.536207
2.370906
2.387889
2.171280
1.816981
1.731915
1.674797
1.471395
1.490107
1.296513
1.238943
1.409617
1.400823
1.298382
1.296849
1.221024
1.221827
1.219429
1.249688
1.270564
1.257837
1.063161
0.835655
1.003249
1.068969
1.014852
1.145784
1.645769
1.737129
1.775742
1.966296
1.972192
2.082560
2.225986
2.202784
1.840068
1.816710
1.328632
1.075608
0.967983
1.032476
1.018316
1.071474
1.045466
1.134704
1.101882
1.008062
1.277803
1.515816
1.555717
1.681801
1.419552
1.484944
1.441313
1.487713
1.380715
1.013330
0.862251
0.878197
0.802358
0.798723
0.934426
1.021058
1.308825
1.456640
1.406737
1.458349
1.391615
1.289838
1.307407
1.224096
1.522094
1.421803
1.724806
1.658466
1.512998
1.460791
1.468593
1.448419
1.511434
1.528164
1.434871
1.414700
1.480455
1.623664
1.466827
1.564412
1.544048
1.512311
1.084687
1.056390
1.118132
1.036723
1.026911
1.069736
0.870568
0.785949
0.709029
0.780819
0.748410
0.764621
0.753679
0.786886
0.675862
0.625759
0.650661
0.632006
0.609610
0.572120
0.491830
0.450967
0.418180
0.369475
0.368176
0.292477
0.285920
0.277092
0.282032
0.271924
0.297479
0.306597
0.305710
0.314141
0.395655
0.407984
0.470658
0.476450
0.490955
0.720016
0.782970
0.871612
0.915673
0.809542
0.655879
0.505510
0.489067
0.490993
0.428314
0.449748
0.482407
0.510494
0.436128
0.394679
0.383607
0.458084
0.498458
0.575461
0.517264
0.492446
0.486134
0.511389
0.493709
0.504723
0.482605
0.497460
0.466582
0.435797
0.428310
0.468034
0.555995
0.619847
0.635857
0.495306
0.535269
0.550548
0.532924
0.607206
0.564750
0.614264
0.607326
0.640770
0.617131
0.598631
0.605141
0.589572
0.707678
0.737506
0.815762
0.797837
0.708748
0.588524
0.619607
0.581237
0.452154
0.354145
0.400800
0.394851
0.340513
0.337938
0.298819
0.332967
0.333984
0.298377
0.302991
0.325961
0.350463
0.393272
0.475961
0.414918
0.482840
0.539343
0.602497
0.676161
0.687947
0.767726
0.729887
0.763733
0.722795
0.594103
0.523491
0.503315
0.555682
0.523746
0.561959
0.620009
0.527525
0.533122
0.515890
0.489736
0.548128
0.618658
0.742826
0.681782
0.600576
0.615226
0.656642
0.570642
0.623832
0.728638
0.732856
0.718026
0.609388
0.588554
0.555799
0.549150
0.601541
0.593718
0.490637
0.519536
0.569260
0.584988
0.480207
0.591021
0.620095
0.563445
0.615372
0.614548
0.647938
0.640505
0.586201
0.571310
0.529410
0.542894
0.535291
0.485913
0.447171
0.449596
0.463191
0.476651
0.497597
0.520302
0.661633
0.718940
0.735062
0.944228
1.014323
0.959537
0.864049
0.764524
0.901575
0.831159
0.818313
0.655126
0.679413
0.777681
0.783129
1.008677
1.009656
1.161601
1.238192
1.378642
1.368242
1.286126
1.353644
1.248152
1.275608
1.322285
1.363097
1.147264
1.094664
1.042742
0.979251
1.090655
0.974325
0.981295
1.081916
1.183895
1.338333
1.282797
1.393987
1.186534
1.230430
1.153741
1.459782
1.594960
1.799985
1.810280
1.919435
1.770999
1.520938
1.314907
1.498609
1.386186
1.222891
1.136887
1.101226
0.952753
1.082112
1.313767
1.438718
1.570676
1.722970
1.631392
1.855743
1.854850
2.188552
2.354420
2.666228
3.049841
3.504814
3.213151
3.020431
3.469862
3.126744
3.445583
3.387406
3.371426
3.826599
4.105193
4.316187
4.035016
4.438570
4.789683
4.325024
4.234159
3.398181
3.533166
3.642551
3.090978
2.749824
2.817308
2.609400
2.696267
2.261066
2.160847
2.053711
2.287771
2.336184
2.357872
2.195277
2.669963
2.522647
2.390124
2.408763
2.534632
2.534420
2.520301
2.387752
2.558055
2.310155
2.271183
1.937552
1.953620
1.939736
1.836860
2.003192
1.980194
2.021088
2.018750
1.818408
1.917238
1.814682
1.648526
1.321529
1.460850
1.519769
1.505129
1.539138
1.771521
1.895900
1.875509
1.777917
1.478415
1.272330
1.519333
1.671071
1.855693
1.830840
1.896705
1.807657
1.637796
1.697494
1.609757
1.563566
1.185422
0.964570
0.871490
1.031500
1.086121
1.184227
1.169455
1.131119
1.077157
1.081714
1.098083
0.954971
1.083099
1.086840
0.949120
0.950886
1.100771
1.050099
1.132121
1.013200
0.942928
1.016417
0.923743
0.925809
0.923391
0.998509
0.861695
0.950936
1.157612
1.313521
1.429752
1.495249
1.195714
1.262221
1.492194
1.491211
1.583027
1.496605
1.560916
1.595655
1.810642
1.971874
2.265558
2.527751
2.920532
3.347867
3.244695
3.614598
4.096870
3.992051
3.524861
3.440053
2.734269
2.451774
2.584352
2.961789
2.985711
3.404279
3.375911
3.367358
4.128161
4.446345
4.936489
6.165471
6.545915
8.029609
8.350157
9.924289
10.845809
10.453279
10.071844
7.840952
6.482436
6.732301
6.830263
7.111810
6.173750
5.358745
5.343007
5.662021
4.847964
4.125896
4.520958
4.426510
4.068865
4.194441
4.327241
4.626682
4.167520
4.698718
5.484511
4.986344
4.066457
4.090805
3.328661
3.060442
2.893759
2.805587
2.507063
2.446674
1.929532
1.784007
1.854893
1.571134
1.561200
1.502895
1.314560
1.546571
1.679824
1.810198
1.681465
1.666821
1.764360
1.843033
1.933674
1.957600
2.206030
2.809302
2.645548
2.563189
2.653120
2.779232
2.613245
2.124649
2.166314
2.613066
2.523437
2.265868
2.366791
2.456511
2.424564
2.411767
2.630920
2.643812
2.195222
1.965107
2.037155
2.287818
2.068860
1.938268
1.930486
2.018786
1.934276
2.130521
2.298399
2.586937
2.386802
2.518182
2.179377
2.160042
2.184744
2.043403
2.149558
2.355448
2.121828
2.116719
2.356515
2.413049
2.381048
2.153206
1.960452
1.835593
1.829701
1.607642
1.631597
1.575919
1.393555
1.379375
1.413253
1.418325
1.177483
1.159520
1.163892
1.182198
1.216942
1.329993
1.225138
1.067682
1.112653
1.068747
1.081581
0.994587
0.793773
0.780534
1.107276
1.301730
1.273999
1.370668
1.429852
1.461759
1.517295
1.349689
1.260242
1.321183
1.380607
1.212584
1.149910
1.133869
1.188344
1.184378
1.141926
1.327499
1.303941
1.285593
1.115063
0.943771
0.894196
0.883998
0.955693
0.908764
0.901131
0.722068
0.727291
0.861240
0.869837
0.847550
0.926328
0.992187
0.927944
0.945440
1.097870
1.308174
1.351375
1.589342
1.808733
1.895122
1.757804
1.758660
1.633546
1.361798
1.496486
1.300516
1.246799
1.633046
1.892450
2.129871
2.718188
2.513473
2.404572
2.462602
2.222288
1.827030
1.659561
1.569508
1.584607
2.096600
3.204352
3.292902
3.816702
3.528649
3.130237
3.140024
3.662073
3.294899
2.901367
2.174802
2.333611
2.322164
2.191172
2.193506
2.087370
2.157545
1.779758
1.942856
2.106055
2.169545
2.181477
2.131622
2.104730
2.107428
1.903626
1.919987
2.213281
1.976566
2.021504
2.192104
2.105235
1.962416
1.760791
1.632744
1.684393
1.807305
1.705985
1.677344
1.699415
1.705066
1.626560
1.568417
1.490284
1.476041
1.648572
1.741917
1.768395
1.818029
1.751279
1.476723
1.530041
1.596443
1.572715
1.611275
1.246573
1.259715
1.073514
1.049184
1.072322
1.143680
1.084103
1.037760
0.922117
0.937170
0.813122
0.829297
0.698012
0.667896
0.614581
0.671506
0.675880
0.684687
0.774539
0.751302
0.731835
0.783901
0.777391
0.742201
0.709887
0.586707
0.591436
0.551156
0.592072
0.657083
0.692034
0.843670
0.784067
0.709098
0.690977
0.674789
0.737591
0.680604
0.671203
0.600281
0.723276
0.829582
1.216589
1.234841
1.475721
1.367199
1.459364
1.458754
1.557890
1.630641
1.362959
1.210118
1.152164
1.275857
1.461931
1.675183
1.965938
2.154065
1.988010
1.998919
1.838744
1.748954
1.824748
1.704000
1.565844
1.434547
1.447831
1.378695
1.442311
1.347088
1.210818
1.294758
1.253917
1.044100
1.261520
1.234678
1.286984
1.478679
1.385074
1.699328
1.832274
2.018616
2.010301
1.825670
1.908921
1.778761
1.967178
1.768898
1.852195
1.746472
1.861051
1.882226
1.778855
1.434187
1.457075
1.607640
1.588307
1.810961
1.499210
1.868336
1.889031
2.091810
1.874215
1.714426
1.619524
1.712768
1.699605
1.721168
1.497744
1.294445
1.229336
1.079123
1.131121
1.194832
1.198176
1.039994
1.021219
1.089718
1.173918
0.877048
0.890368
0.761683
0.792941
0.815242
0.806538
0.760201
0.654115
0.648229
0.714656
0.717346
0.755067
0.792409
0.794672
0.749790
0.799508
0.889068
0.821375
0.817959
0.695117
0.744510
0.765972
0.917359
0.821702
0.959880
0.967185
1.182271
1.446606
1.434751
1.602704
1.354413
1.291266
1.356677
1.293968
1.306146
1.272148
1.271269
1.149295
0.967483
1.000177
1.054284
0.933385
0.940564
0.945927
0.964510
0.729319
0.695406
0.741870
0.722643
0.812780
0.883220
0.773101
0.644747
0.659359
0.832124
0.910456
1.042952
1.054511
1.013153
1.037494
1.098870
0.957426
0.876478
0.791339
0.759442
0.763100
0.737309
0.828763
0.766608
0.856314
0.755576
0.770707
0.693465
0.618638
0.677349
0.771381
0.745742
0.890499
1.020893
0.995197
0.905336
0.902692
0.963419
0.963345
0.927915
1.148687
1.315285
1.463462
1.692408
1.879679
1.936215
2.587133
2.840055
2.772981
2.857210
2.182046
1.945524
1.560627
1.492484
1.455299
1.552428
1.794447
1.598240
1.663499
1.975132
2.031351
2.101502
2.203765
2.562280
2.826431
2.581084
2.603364
2.420039
2.637096
2.445201
2.667232
3.068176
3.025083
3.257384
3.740975
4.564624
4.383958
4.477699
4.645065
3.925806
4.237258
3.511360
3.338032
3.162062
3.091769
3.204060
3.434034
3.826076
4.711697
4.324668
4.264257
3.987350
4.021220
3.569246
3.327541
2.950966
3.321542
4.185429
5.102561
5.621235
4.578022
4.889950
4.652053
4.284536
3.691908
3.948339
3.215271
3.216399
2.988522
2.963063
3.187224
2.893534
2.769322
2.803698
2.783738
2.907355
2.773060
2.797155
2.180683
1.898875
1.758342
1.573604
1.705201
1.589325
1.433309
1.445643
1.360015
1.263024
1.323423
1.262798
1.333057
1.247058
1.250467
1.264096
1.171468
1.046611
1.064088
1.029145
0.981743
0.937843
0.924174
0.825444
0.830558
0.816223
0.848107
0.962710
0.998757
0.963668
1.022049
1.118077
0.836454
0.711351
0.701032
0.679118
0.721957
0.628023
0.611235
0.562344
0.575816
0.610880
0.541445
0.595537
0.577378
0.616568
0.691195
0.675764
0.506768
0.517653
0.490406
0.560250
0.647183
0.635069
0.648896
0.657881
0.816533
0.752099
0.820935
0.720267
0.725585
0.804112
1.127551
1.362611
1.457445
1.540002
1.331824
1.219399
1.187958
1.075464
0.932890
0.997557
0.868977
0.872476
0.810410
0.890200
0.913910
0.844330
0.887112
0.778101
0.781913
0.716666
0.739056
0.641293
0.667632
0.714889
0.734639
0.835733
0.729860
0.753979
0.817094
0.899042
0.852026
0.796177
0.731082
0.897499
0.931419
0.982568
1.017627
0.733438
0.740507
0.808754
0.823527
0.996559
1.027718
1.157741
1.261246
1.458774
1.491301
1.411623
1.176098
1.237626
1.139395
1.251605
1.278418
1.393041
1.331913
1.283736
1.241210
1.351670
1.254386
1.206775
0.860177
0.953419
1.019017
1.290837
1.332617
1.210242
1.240797
1.435216
1.326079
1.181897
1.212987
0.962292
0.951357
1.038296
1.039117
0.973676
0.990462
1.011296
1.017834
1.145515
1.188832
1.242620
1.194188
1.320838
1.199192
1.151436
1.341011
1.695146
1.554328
1.843200
1.665460
1.483212
1.334345
1.463744
1.393416
1.327416
1.235519
1.275101
0.928282
0.845948
0.871353
0.742193
0.699212
0.763220
0.712881
0.825221
0.809937
0.978160
1.032589
0.956750
0.929648
0.889164
0.785880
0.747880
0.875105
0.962830
1.055526
1.063868
1.072019
0.887130
0.900464
0.830935
0.972175
1.035015
1.227412
1.162198
1.027828
0.919360
0.866405
0.810841
0.782436
0.736412
0.650820
0.608332
0.644141
0.686884
0.713087
0.698145
0.633284
0.524608
0.512578
0.518094
0.451021
0.386765
0.354939
0.359278
0.375396
0.417653
0.504002
0.589351
0.618643
0.677559
0.616710
0.649812
0.614953
0.682814
0.535283
0.580224
0.583142
0.565810
0.543215
0.472992
0.517135
0.630197
0.781737
0.755249
0.770546
0.703711
0.767205
0.698462
0.657649
0.690641
0.636734
0.603716
0.532798
0.918879
1.078939
1.246857
1.325179
1.782025
1.691101
1.747442
1.831652
1.867523
1.542131
1.428148
1.459316
1.664295
1.618625
1.517392
1.764636
1.648311
2.013294
1.965394
2.673338
2.932660
3.099849
2.722685
2.333283
1.893472
1.922481
1.802965
1.681919
1.438060
1.378047
1.647787
2.016883
2.427007
2.703526
2.807910
3.052665
3.219251
3.223774
3.333418
3.087482
3.276939
3.227799
3.609781
3.851310
4.175529
5.229826
5.351914
5.104959
3.976881
4.196213
3.728746
3.601203
3.784451
3.687156
3.481086
3.542135
3.506038
2.776403
2.717864
2.622789
2.495981
2.306127
2.294515
2.620144
2.660640
3.150434
3.604272
3.351086
2.821439
3.048160
3.264794
2.708172
2.693507
2.509067
2.451807
2.336383
2.104507
1.922231
1.895436
1.541100
1.585088
1.460457
1.335675
1.248349
1.184833
1.062406
1.100382
1.003402
0.945997
0.783456
0.708395
0.701541
0.742121
0.632956
0.721164
0.705578
0.590501
0.558842
0.514890
0.544736
0.500352
0.490542
0.519327
0.582899
0.648942
0.699574
0.704744
0.646381
0.607425
0.483596
0.555059
0.490937
0.540552
0.474600
0.421000
0.453061
0.459328
0.479654
0.485280
0.420647
0.399148
0.392348
0.362728
0.411566
0.439545
0.493591
0.483107
0.467489
0.457262
0.473535
0.473303
0.592091
0.694363
0.692126
0.660438
0.632000
0.698665
0.696355
0.734158
0.646080
0.700720
0.647596
0.663975
0.553507
0.433084
0.428188
0.488886
0.493305
0.519667
0.542871
0.572296
0.572160
0.593817
0.568007
0.588911
0.494145
0.397212
0.415468
0.438272
0.402509
0.379142
0.347068
0.390441
0.379398
0.361743
0.400017
0.400815
0.445657
0.440492
0.465507
0.392732
0.410303
0.470552
0.374297
0.319096
0.372881
0.431685
0.432048
0.479809
0.456638
0.532614
0.506050
0.530151
0.528207
0.442833
0.483418
0.410871
0.396474
0.437313
0.483446
0.581171
0.572060
0.498882
0.497364
0.474886
0.440673
0.444441
0.393950
0.390153
0.385832
0.393013
0.308473
0.278043
0.309353
0.323200
0.325760
0.411041
0.410898
0.452072
0.448866
0.468474
0.440003
0.454399
0.391684
0.379865
0.369496
0.306072
0.314420
0.333018
0.232468
0.196054
0.234873
0.244507
0.252161
0.255588
0.259134
0.275696
0.274951
0.269552
0.259439
0.272309
0.254860
0.236224
0.203381
0.189799
0.169321
0.185904
0.166064
0.185739
0.204222
0.202509
0.216738
0.244708
0.272920
0.290729
0.254549
0.211834
0.243570
0.215614
0.232642
0.270427
0.300570
0.306456
0.323146
0.319349
0.371318
0.397840
0.377491
0.483694
0.574184
0.582152
0.653810
0.736766
0.788290
0.740420
0.711827
0.726872
0.499146
0.522644
0.557634
0.492825
0.514416
0.478990
0.484393
0.481795
0.370364
0.429795
0.411694
0.477771
0.539708
0.659752
0.708242
0.725521
0.710432
0.810685
1.034655
1.140309
1.221704
1.072948
1.165171
1.203222
1.200869
1.223995
0.805335
0.869074
0.868834
0.838654
0.881124
0.876909
0.913987
0.958448
0.952871
1.123954
1.081303
1.151128
1.186034
1.013404
1.060795
1.067229
0.978472
1.044470
1.070929
1.004443
1.058950
0.938229
0.862253
0.910921
0.882641
0.770007
0.811477
0.953892
1.028195
1.050301
1.123948
1.184360
1.188578
1.222994
1.154119
1.168971
1.235411
1.262858
1.469040
1.489345
1.564108
1.633094
1.603725
1.511727
1.187777
1.155738
1.188960
1.305353
1.146857
0.970887
1.071779
1.194245
1.108117
0.957439
0.974627
0.898240
0.860120
0.997185
0.963204
0.822032
0.840483
0.807114
0.809354
0.820001
0.841411
0.791008
0.765951
0.739846
0.689053
0.676425
0.499972
0.441857
0.418390
0.383983
0.381419
0.408921
0.473031
0.474236
0.495404
0.496651
0.562519
0.486653
0.562770
0.607385
0.661659
0.639740
0.603035
0.434602
0.450394
0.497696
0.510683
0.571665
0.581171
0.579539
0.632306
0.645439
0.712150
0.659097
0.695263
0.613561
0.579457
0.511194
0.458714
0.497287
0.480127
0.490871
0.449542
0.446331
0.459158
0.418833
0.406059
0.413081
0.402898
0.393720
0.437043
0.431950
0.438695
0.454872
0.524639
0.484501
0.536718
0.497530
0.505241
0.469164
0.411708
0.356276
0.318302
0.315550
0.291599
0.255179
0.251398
0.270334
0.223295
0.227594
0.242932
0.218065
0.238976
0.271694
0.307536
0.330684
0.336119
0.322594
0.366808
0.341695
0.309811
0.283229
0.303306
0.280161
0.284447
0.309180
0.336482
0.375407
0.366872
0.373789
0.419606
0.378402
0.344832
0.298097
0.324454
0.350984
0.400343
0.447125
0.531862
0.594230
0.591562
0.556339
0.548374
0.529192
0.481095
0.473993
0.423815
0.356168
0.345436
0.338125
0.367185
0.349910
0.352150
0.356115
0.321248
0.281040
0.257279
0.221495
0.228677
0.217753
0.222854
0.214174
0.169751
0.184130
0.186054
0.169382
0.147603
0.138850
0.124438
0.127856
0.123136
0.150030
0.146296
0.152396
0.156083
0.162253
0.160697
0.165079
0.201389
0.214673
0.235992
0.254512
0.237084
0.206551
0.206271
0.197132
0.171065
0.146893
0.137909
0.150159
0.168862
0.129776
0.151112
0.147330
0.123345
0.137159
0.117392
0.115724
0.125879
0.134619
0.124505
0.119334
0.118665
0.108063
0.112332
0.128426
0.117135
0.130643
0.116972
0.117760
0.109741
0.109872
0.097219
0.112531
0.111228
0.117916
0.117348
0.122176
0.104666
0.088423
0.098424
0.095847
0.076336
0.065915
0.072977
0.062771
0.068797
0.071104
0.077332
0.080479
0.069844
0.075621
0.068257
0.066023
0.058897
0.057678
0.054910
0.056941
0.054204
0.047751
0.048438
0.049048
0.047983
0.051820
0.048345
0.044377
0.043692
0.045377
0.048088
0.043904
0.045232
0.038947
0.039373
0.043544
0.045975
0.044536
0.052018
0.058129
0.060040
0.055592
0.057236
0.056823
0.058836
0.066040
0.056338
0.059401
0.067365
0.067386
0.064805
0.064710
0.067027
0.075137
0.074543
0.096504
0.094041
0.098063
0.092851
0.099118
0.092636
0.093169
0.081195
0.081510
0.073758
0.072204
0.080235
0.077092
0.077482
0.076832
0.073052
0.076779
0.089689
0.072601
0.077975
0.081967
0.076047
0.067273
0.060727
0.050127
0.055292
0.061612
0.068818
0.072128
0.081701
0.088574
0.095384
0.086017
0.092168
0.085665
0.092329
0.098373
0.107938
0.099430
0.109614
0.121250
0.117472
0.125727
0.115978
0.117235
0.124066
0.119690
0.101368
0.125387
0.136558
0.134633
0.133517
0.110829
0.110970
0.121109
0.095032
0.076751
0.064565
0.068035
0.070317
0.060168
0.062734
0.045140
0.045182
0.047421
0.043977
0.043341
0.042275
0.046405
0.045912
0.045049
0.049501
0.052795
0.056645
0.053825
0.058703
0.061236
0.060131
0.070734
0.083940
0.084225
0.078483
0.076606
0.080476
0.093840
0.110503
0.121726
0.136263
0.164116
0.165194
0.209556
0.238294
0.251116
0.293853
0.320228
0.311465
0.303708
0.319681
0.375174
0.471049
0.513096
0.566252
0.629826
0.648714
0.661928
0.456850
0.476533
0.540316
0.588094
0.618882
0.630399
0.558359
0.534129
0.570782
0.500264
0.504150
0.487971
0.569951
0.539277
0.495004
0.518172
0.580580
0.600993
0.698871
0.733226
0.681661
0.665080
0.504501
0.459852
0.457317
0.439087
0.443907
0.449817
0.540797
0.461301
0.636407
0.617485
0.514301
0.546456
0.596932
0.577373
0.671365
0.741090
0.827337
0.866557
0.865413
0.900219
0.921954
0.885874
0.855903
0.660298
0.655846
0.694555
0.761164
0.764619
0.761284
0.781899
0.781145
0.791055
