10993189612.260056,10983189612.260056,3723038700.437704
8116367331.701834,8106367331.701834,3123029106.3738155
5784385147.968486,5774385147.968486,3793004715.3714724
3996751635.020431,3986751635.020431,2630541723.2018666
2915122983.393103,2905122983.393103,2507660128.3084683
2053440296.8164673,2043440296.8164673,1463365867.1284056
1413285746.2572725,1403285746.2572725,1311068526.5222757
1021440859.0791543,1011440859.0791543,1097953541.5568008
678398869.4490982,668398869.4490982,499280030.4751617
520658627.7412547,510658627.7412547,316717363.4550363
396985051.1291768,386985051.1291768,361895946.27838415
311689187.32798606,301689187.32798606,326887515.7398439
246105197.88098937,236105197.88098937,191776979.85681963
205181084.57723692,195181084.57723692,231464475.8284631
176736836.35408768,166736836.35408768,139929622.75033632
150295645.06018403,140295645.06018403,107765712.50601596
123268174.41564663,113268174.41564663,99631838.17697738
105952168.80859302,95952168.80859302,108335367.330233
94006908.59719232,84006908.59719232,57728861.09366369
81093596.7882914,71093596.7882914,44982404.3645156
73853653.8113579,63853653.8113579,51188204.4307321
67926288.93286097,57926288.93286097,33120226.29372403
62175549.19795122,52175549.19795122,34367058.23653179
58511130.344269246,48511130.344269246,39263423.47687775
52639399.90662053,42639399.90662053,30686446.819130465
48428720.86109198,38428720.86109198,24287797.960498028
45040666.25593251,35040666.25593251,13420124.294057488
42310431.59584312,32310431.59584312,15987002.48527588
40556549.16012724,30556549.160127237,14656109.02378776
38283323.05067949,28283323.05067949,16290888.263759509
36065267.85090273,26065267.85090273,15226169.087000273
34504045.838711746,24504045.838711746,15416131.033694252
32910533.431326788,22910533.431326788,14931116.272738215
31237328.480682522,21237328.480682522,14573093.110851482
29777672.191354234,19777672.191354234,16160922.940888766
28340277.49726857,18340277.49726857,12286224.679323431
27536013.91209713,17536013.91209713,13396418.32625487
26682028.84186194,16682028.84186194,14179205.596100062
25852368.358384117,15852368.358384117,12584240.607154883
24904358.044576593,14904358.044576593,13962627.106377408
24080346.864576977,14080346.864576977,14815603.90527102
23302226.784579962,13302226.784579962,15015198.477391034
22271029.3492329,12271029.3492329,8200948.008800101
21392889.72269232,11392889.722692318,9091920.479371682
20573748.377938982,10573748.377938982,9856168.882358018
19899281.571731027,9899281.571731027,9240976.059077974
19312032.564295407,9312032.564295407,10008791.010729592
18811243.94795212,8811243.947952121,10914516.07970788
18200093.675590154,8200093.675590154,11268299.887917846
17713278.515825905,7713278.515825905,11369616.865270097
17047371.52773584,7047371.5277358405,12133531.92682216
16769629.383837981,6769629.383837981,11625201.133319018
16313654.735894255,6313654.735894255,10226378.422510743
15881185.448929647,5881185.448929647,10541996.999164352
15585026.272891376,5585026.272891376,9000060.034217622
15239233.408034392,5410085.765147392,9044617.70459361
14971707.972055783,5550716.856536783,8399212.743856216
14773785.819148092,5309553.947666092,9020431.152158907
14557726.815267766,5373241.626051767,8829515.671606233
14379016.379058633,5247560.618513633,9008226.107815366
13838000.340001198,4967395.477274198,9549242.146872802
13558979.899262391,4847504.918482391,5968926.670703609
13233910.823448569,4684756.420411568,5708175.55516443
12905729.738922155,4356575.335885154,6036356.639690844
12697897.202248883,4210886.423161883,5934153.716238119
12547137.871898744,3560014.299283745,5659433.350689255
12240894.859213278,3314799.9766432773,5896691.576543722
12015445.989679161,3327418.2977361623,6184657.580823839
11831539.58208451,3625065.6427835105,6516941.128080491
11704068.012291411,4058466.300719411,6022018.239955587
11449523.790708963,3803922.079136963,5189840.907555036
11225814.86315818,4272555.557280179,4527332.312352821
11101652.494790016,4274180.990556016,4200391.938090984
10926823.497755783,4480896.558433782,4581034.245728217
10674692.175831292,4083433.8027892914,5192999.291032707
10393328.76147994,4097161.23483494,5380880.37797006
10135941.941345608,3882069.400266608,5007635.669871392
10055208.91056165,3925293.2183376495,4910588.994827351
9871024.167982334,3798798.2342203343,5094773.737406665
9792801.114616588,4339006.156526588,5038145.526794413
9697185.508958664,4224540.836424664,5433449.317090336
9616200.398328235,4113038.1260532355,5019576.109470764
9477263.841753237,4163568.659551237,5189564.255458763
9291669.355368214,3935463.1958872136,5556802.555657785
9105640.73543112,3940920.3538261196,5296536.94438188
9018888.335285217,3686599.232190217,5228475.752354784
8880625.893273117,3529276.262222117,5442600.508681882
8796885.741940353,3851126.096594353,5087224.327132648
8691048.56823898,3683608.7847249797,5266993.810211021
8606267.57483616,3598827.7913221596,4231319.967226841
8518608.514015412,3473139.9085624116,4359403.347153587
8399106.058658706,3444665.846551706,4016858.823398294
8342861.294283491,3845353.2070554905,4074908.011073509
8240161.469758746,3687654.635834746,4177607.8355982536
8158375.149393531,3506436.1325525306,4130920.2365924697
8099159.663545942,3447220.646704942,4198686.966101058
8055865.153212667,3345252.472984668,4151910.5907283323
7983633.307672765,3259443.520414765,4232073.911947235
7876863.604177604,3282108.918151604,4147770.765896396
7743506.9161568405,3185360.1136508407,4155738.11654316
7687441.109897546,3168996.221718546,4243400.521058454
7605115.6662252145,3086670.778046215,4414472.184274786
7488469.963424981,2970025.075245981,2984342.3910850193
7411663.548153314,2893218.6599743143,3061148.806356686
7359226.9287837865,2897208.0975677865,2468092.313367213
7312500.079214471,2850481.2479984714,2551624.5316815292
7191795.557663665,2751493.5010176655,2684521.6978573343
7176559.309747489,2716838.5235904893,2615306.8716905117
7086374.324529745,2630908.3420747444,2671150.604714256
7030972.636330668,2597304.9738976676,2727642.8654793315
6965136.248079315,2529310.3776413146,2815879.6348476857
6920038.454791157,2515591.426056157,2337467.0886748433
6841544.972585452,2535960.9810214518,2306211.9555845475
6781480.618298881,2475896.6267348807,2300672.342261119
6746769.498813825,2748676.1593748247,2427216.078640176
6722079.748703727,2723986.4092647266,2493018.085879273
6626593.7476850785,2625542.1403570785,2589034.161537921
6558461.717576352,2566902.280969352,2614564.5349896485
6505891.394791136,2514331.9581841356,2590498.977897864
6461567.981778764,2564928.717324764,2485316.1257742355
6381397.84970206,2490711.99148306,2659452.9236999396
6316695.53406047,2530196.5706994697,2752413.192261531
6243579.089441116,2565085.232723116,2825529.636880885
6172740.289725525,2433932.7494935254,2662507.2631334756
6123894.935571704,2385087.395339704,2714553.527561296
6080332.329734235,2422739.312642235,2760476.692746765
6054318.67206114,2396725.6549691395,2794774.150364861
6000502.875596669,2545606.1947506685,2836829.599361332
5936401.0220343135,2527304.6020553135,2604274.1645986866
5895725.1718748035,2482917.5778268036,2644950.0147581967
5839449.034518078,2467055.922177078,2698817.717952922
5808417.950911569,2429020.0942845694,2741483.1038564304
5743983.172575117,2364585.315948117,2762382.4939458827
5716048.593808998,2592243.3162329984,2790317.0727120014
5632353.223520078,2724242.366332078,2874012.443000922
5607022.143608138,2750682.691805138,2942958.178345863
5552629.745122413,2696290.293319413,2996232.102551586
5503876.261650431,2647536.809847431,2874258.888603569
5480514.238434805,2606745.9850848047,2897620.9118191954
5476138.140207686,2602369.8868576866,2989864.462463313
5469368.838168217,2573148.2641252168,3015965.983414782
5440214.103520942,2543993.529477942,3045120.718062057
5406707.359763312,2452646.835794312,3078627.461819687
5399458.265929962,2402062.1545929615,3085876.5556530375
5372542.458860746,2383977.848583746,2887342.988019254
5313154.86172204,2324590.25144504,2946730.5851579597
5288711.630005765,2323354.918698765,2871493.6054472355
5243566.174209156,2375330.069474156,2916812.374494844
5185405.4905280005,2565834.4098140006,2974973.0581759997
5119943.861547649,2501135.3077346487,3058053.178696351
5088628.3181334315,2453172.9163664314,3089368.7221105685
5032448.276557921,2396992.8747909213,3151298.4156170785
4944207.440721548,2308752.038954548,3239539.251453452
4922196.293951686,2213216.4144316856,3261579.566340314
4899166.878707587,2174107.634328587,3284608.981584413
4838453.033528429,2114478.0168484296,3345322.8267635703
4753779.558305999,2029804.5416259994,3398819.350152001
4713700.132008392,2045872.1878473922,3176148.8945266074
4675090.276539215,2078176.5251632151,3223925.072881785
4662603.19801549,2053022.2349424898,3344028.5764065105
4643449.051577726,2094028.9624317265,3223917.2019802732
4617402.441004822,2144590.6223278223,3249963.8125531776
4566766.000170156,2093954.1814931566,3166366.2324348437
4547886.223214941,2184563.0941429413,3188168.0012770593
4517114.026612295,2218264.813853295,3211815.9597627055
4473966.576924629,2264575.597558629,3254963.4094503717
4437582.277874705,2245009.624656705,3291347.708500295
4417689.240150746,2225116.5869327458,3311240.7462242544
4389613.454614549,2197102.851813549,3339316.5317604514
4358005.773355824,2165495.170554824,3388439.0408151764
4308288.970864041,2125091.4622510406,3290666.2709959596
4299900.854892785,2144577.8782677846,3299054.3869672157
4290159.604072276,2134836.6274472754,3308795.637787725
4281019.0881370595,2125696.1115120593,3317936.153722941
4266793.939337707,2108202.906249707,3328998.9504342927
4259253.25746049,2100662.22437249,3336539.63231151
4185922.491680492,2085776.300945492,3409870.3980915076
4159293.6996894325,2088807.7044344326,3288786.736906567
4135959.4399704724,2104337.1618864723,3312120.9966255273
4129420.9836432356,2097798.7055592355,3329770.127295764
4114873.8092963905,2091853.5233473906,3344961.01197061
4105935.6912784697,2138812.32269747,3353899.1299885307
4105366.089392941,2138242.7208119407,3354468.7318740594
4096284.1713129403,2129160.8027319405,3376983.8069720594
4058707.0690425686,2091583.7004615685,3414560.909242431
4019780.6020712145,2050077.4267872144,3458406.849114786
3980709.1708224504,2024704.4740664505,3417758.61360455
3961080.501865685,1998102.049419685,3425364.450845315
3942457.7944738828,2067844.7190808828,3443987.1582371173
3915328.5518815685,2040715.4764885686,3471116.4008294316
3914292.953433961,2091284.8522329612,3472151.999277039
3909659.8406436276,2086651.7394426276,3476785.1120673725
3856961.7417958034,2033953.6405948035,2110558.088193197
3802438.821915058,1965574.814681058,2227176.310753942
3765330.4799966672,1928466.4727626673,2306455.150989333
3750624.002835137,1913759.995601137,2343049.591463863
3726597.942909863,1899855.0187128629,2367075.651389137
3708069.4181248434,1989069.9870058433,2385604.1761741564
3711800.7109126663,1992801.2797936662,2374894.836998334
3686386.215206647,1967386.7840876468,2400309.3327043536
3680127.0945551763,1961127.6634361763,2406568.453355824
3668567.925282137,1949568.494163137,2418127.6226288634
3646797.6261481573,1927798.1950291572,2439897.921762843
3587965.7151329215,1840600.3664779214,2492719.830233079
3566938.858365765,1803749.9081387648,2513746.6870002355
3549216.760020373,1770952.4416433729,2563894.6077506267
3525033.2057827455,1746768.8874057455,2600417.2032142547
3497531.5116273127,1719267.1932503127,2627918.8973696874
3491998.8689637063,1713734.5505867063,2633451.540033294
3489857.0210070983,1711592.7026300982,2635593.387989902
3467350.1383846286,1689085.8200076285,2465651.5966453715
3446478.2776347646,1668213.9592577645,2321571.3089392358
3439791.8328809617,1657641.4948879618,2328257.7536930386
3420102.1851572753,1637951.8471642754,2349509.559490725
3418406.012223,1588060.4604920002,2366894.59022
3402489.1308106673,1551544.3185676674,2322925.6371843326
3395798.4732122943,1544853.6609692944,2329616.2947827056
3381300.8109386475,1530355.9986956476,2374922.015108352
3362475.2534998227,1619444.1955248227,2393747.572547177
3346681.770482254,1603650.7125072542,2419845.5776467454
3337020.9692737465,1606553.1536897465,2429506.378855253
3316243.0773990997,1585775.2618150997,2405257.8244659
3300104.951430314,1587858.2849403142,2361069.630875686
3281769.471912804,1569522.805422804,2382608.119559196
3257827.11986553,1545580.4533755302,2406550.4716064697
3241599.3859109404,1529352.7194209404,2413508.1099330597
3218426.545590196,1506179.8791001958,2436680.950253804
3195277.2157855295,1471300.1983915295,2446659.6084114704
3174073.36967849,1450096.35228449,2466450.1622305103
3157673.472990804,1433696.455596804,2482850.0589181962
3141906.6441696268,1451938.9812416267,2501906.250707373
3119293.5149887265,1429325.8520607264,2524942.416919274
3104914.4680782557,1478249.4630082557,2539321.4638297446
3076923.295423588,1450258.2903535878,2567312.6364844125
3063391.339174118,1444599.0400631179,2593105.4685008824
3051192.4779859213,1432400.1788749213,2581540.5175540783
3031073.369884686,1412281.070773686,2600817.2196343136
3021599.85352498,1430550.1486969802,2614842.1328400197
3015349.856635647,1447314.608571647,2621528.1969733527
2999983.133547254,1431947.885483254,2636894.9200617457
2989914.2701176866,1421879.0220536867,2646963.783491313
2957630.616351529,1389595.368287529,2679247.4372574706
2941433.6116120196,1368780.3932550196,2695444.44199698
2932397.9920684504,1359744.7737114504,2704480.061540549
2915034.125726667,1342380.9073696672,2750995.3198983325
2911676.8984640194,1339023.6801070194,2756535.662580981
2896670.3741610586,1324017.1558040585,2775714.9218039415
2873056.795654079,1300403.577297079,2797035.057449921
2839262.3384079025,1258536.5304159026,2830829.5146960975
2827864.2652095105,1247138.4572175106,2842227.5878944895
2798696.1280105095,1217970.3200185096,2871395.7250934904
2788577.4819702157,1207743.9530802157,2903793.9367987844
2779424.4457783536,1198590.9168883536,2846015.657653646
2762549.772599784,1181716.2437097842,2862890.3308322155
2755551.0805735886,1174717.5516835887,2869889.022858411
2742850.719171529,1162017.1902815292,2872816.857206471
2725154.9170246655,1144321.3881346656,2879453.672586335
2719091.322694019,1138257.793804019,2885517.2669169814
2701186.185278842,1120352.6563888423,2900624.320043158
2700789.484755823,1119955.955865823,2898718.656818177
2689968.4484604304,1109134.9195704304,2909539.6931135696
2666760.713940921,1085927.1850509208,2932747.4276330792
2660024.775287745,1079191.246397745,2939483.366286255
2648563.5248313723,1067729.9959413724,2950944.6167426277
2628824.4281199602,1047990.8992299603,2970683.71345404
2627077.687048235,1052447.472946235,2967829.081519765
2612441.022253392,1045842.7604563918,2982465.746314608
2605480.013011157,1039828.858920157,2989426.755556843
2607869.6111510587,1049672.8360620588,2988604.1444509416
2590704.7317537647,1032507.9566647648,3006912.579435235
2575533.974192588,1017337.1991035882,3022083.3369964114
2572018.478118941,1013821.7030299413,3025598.8330700584
2567942.797377471,1013860.8496884708,3023336.659585529
2553214.0151238823,999132.0674348823,3038065.4418391176
2531888.078292901,977806.1306039011,3059391.3786700987
2509348.3732683724,955266.4255793723,3081931.0836946275
2508721.115060863,954639.167371863,3094002.989884137
2502678.685187314,948596.7374983141,3105391.5237456863
2477396.5971152354,923314.6494262354,3128923.656325765
2466254.88046253,901920.5614555301,3141986.8739094697
2456859.477728216,892525.158721216,3151382.276643784
2456409.9498590985,892075.6308520986,3151831.804512901
2449787.7259593727,908005.4619313728,3158454.028412627
2444269.0873398823,902486.8233118823,3171724.853015118
2429699.3590900786,927360.5133870787,3210337.093386921
2414622.453839647,910426.9710846471,3228932.1945063532
2409716.7644222747,896858.9471032748,3233837.8839237257
2397407.307938804,902700.182706804,3247949.6892461963
2393919.903019902,920808.6831209019,3251437.0941650984
2386340.7438372746,958167.4823042746,3259016.2533477256
2382880.208724902,949801.2988269019,3262476.788460098
2365780.093577255,932701.183679255,3281670.618877745
2357021.0370326084,1010148.2380206084,3290429.6754223914
2349398.45039453,1023985.43175553,3310060.3933574697
2346683.6286390983,1251045.3120840983,3312775.2151129013
2337957.203659471,1242318.8871044712,3351192.197428529
2328181.7645427855,1232543.4479877856,3361776.0476132147
2306518.8061557845,1210880.4896007846,3383439.0060002157
2299961.9758228045,1257342.0105978046,3389995.8363331957
2298269.685351118,1261404.948422118,3400304.171590882
2284952.136355334,1248087.399426334,3413364.9491766663
2277509.719032647,1240644.9821036472,3420807.366499353
2254980.044384589,1218115.307455589,3437439.3164244113
2246790.5506634717,1209925.8137344718,3445628.8101455285
2246253.581821786,1209388.844892786,3419819.209908214
2237478.4665555297,1250043.3657305297,3444883.7635044702
2237978.630518276,1250543.5296932757,3436254.265946724
2232258.9518107064,1244823.8509857063,3441973.9446542934
2217289.2548143924,1294487.8403863925,3456943.6416506073
2211639.1413453342,1288837.7269173344,3462593.7551196655
2205006.8852281966,1282205.4708001968,3469226.011236803
2193817.109342863,1296807.4621148629,3496629.071986137
2194944.3191142557,1297934.6718862557,3495890.277945744
2183684.6975544514,1286675.0503264514,3507149.899505548
2180906.4468297847,1283896.7996017847,3509928.150230215
2179528.941641569,1282519.2944135692,3517470.9093924304
2180858.828052118,1283849.180824118,3516141.0229818816
2164245.344349668,1264320.2431486677,3533337.0538653317
2160726.17962004,1278807.43395604,3536856.2185949595
2155326.022794197,1273407.2771301968,3542256.3754208027
2153991.564850589,1272072.8191865887,3545098.7781144115
2149050.8159363917,1267132.0702723917,3552865.4007506086
2151529.5307979207,1275130.2468169206,3550386.6858890797
2144363.2225312153,1267963.9385502152,3557552.994155785
2129592.4383556857,1232979.2713736857,3572323.7783313147
2119345.7235443136,1236677.2981213136,3582570.493142687
2110821.7641911176,1221208.1949441177,3601274.566438882
2098597.183921686,1208324.5058626859,3613499.146708314
2096096.9780309214,1205824.2999719214,3615999.3525990783
2086794.3508158438,1196521.6727568437,3625301.979814156
2083402.3651014701,1193129.68704247,3637184.1914975294
2076314.6256046079,1186041.9475456078,3644271.9309943914
2071142.5889376274,1180869.9108786273,3649443.9676613724
2067761.049531334,1177488.371472334,3652825.5070676655
2060843.7612460004,1144219.7491800003,3659742.795352999
2044171.3579567056,1125157.0492427056,3688596.5059322948
2036333.9950580979,1117319.6863440978,3696433.8688309025
2036410.7070319802,1117396.39831798,3696357.15685702
2035421.2754102934,1116406.9666962933,3697346.588478707
2025440.859518921,1106426.550804921,3704363.0962370792
2020924.2573598623,1100518.9970188623,3708879.698396138
2020360.101927588,1099954.841586588,3564530.100871412
2012020.1319918046,1091614.8716508045,3572870.0708071953
2003782.5510591764,1083377.2907181764,3588361.6589128235
1982049.9893513916,1061644.7290103915,3610094.220620608
1977124.2488695097,1056718.9885285096,3615019.9611024903
1974550.025057294,1054144.764716294,3617594.184914706
1970433.0396908622,1050027.7793498621,3621711.1702811373
1966663.793431392,1046258.5330903919,3625480.416540608
1956854.4893614317,1036449.2290204316,3637519.1709045684
1951959.450832589,1031554.190491589,3642414.209433411
1946390.871543079,1033064.407659079,3647982.788722921
1940512.9788905103,1027186.5150065103,3653860.6813754896
1939657.4280394511,1032638.8318844511,3662038.386575549
1935792.944150588,1028774.347995588,3666034.997454412
1930978.7739614511,1023960.1778064511,3660442.2354565486
1926495.080208157,1019476.4840531569,3669972.8437838424
1925401.2484650784,1018382.6523100784,3671290.8848049217
1922581.4925462746,1065888.3016152745,3674110.640723726
1910603.207589568,1052302.0910185683,3681712.1052574315
1891508.541110529,1033207.4245395291,2914247.2979364707
1870485.3896067447,1012184.2730357448,2915877.465426255
1862588.298287372,1004287.1817163721,2923774.556745628
1856977.2555933136,998676.1390223136,2929385.599439686
1852278.9706449218,993977.8540739218,2934083.884388078
1841873.4904772742,974079.0494842741,2944489.364555726
1832382.7212071372,964588.2802141372,2953980.133825863
1821322.9231140784,953528.4821210783,2965327.519692922
1814508.5553350977,946714.1143420977,2965458.549634902
1806668.2472026073,938873.8062096073,2973298.8577673924
1796826.536940549,923834.2597795491,2992036.9510044507
1787679.8269388627,914687.5497778627,3006902.099406137
1778934.009129137,938130.891021137,3015647.9172158632
1776105.9490667249,935302.8309587248,3018475.9772782754
1775501.605609784,934698.4875017839,3016412.618938216
1770092.995277235,929289.877169235,3021821.2292707646
1764667.0500890394,923863.9319810393,3027247.1744589605
1754790.352959941,913987.2348519409,3037123.871588059
1749309.2270853526,908506.1089773526,3042604.997462647
1744068.3868770986,903265.2687690986,3047845.8376709013
1740421.6500513533,898911.9859343533,3051492.5744966464
1741590.7598244315,900081.0957074316,3050323.4647235684
1740896.1652805489,898179.5590715489,3053105.1914044507
1738346.6818825488,895630.0756735489,3055654.6748024505
1737291.8419140587,894575.2357050587,3065060.7365669413
1733282.453081255,890565.8468722551,3069070.125399745
1727640.9813611761,884924.3751521761,3074711.597119824
1723720.114957961,881003.508748961,3078632.4635230387
1724478.0701334313,876650.7280564314,3077874.5083475686
1723449.3535096275,875622.0114326276,3078903.2249713726
1722366.3854585094,874539.0433815095,3077235.51676949
1720528.7298497648,872701.3877727649,3079073.1723782346
1708011.722224294,860184.380147294,3084734.606083706
1693956.9401254703,846129.5980484703,3098789.38818253
1691617.1838585297,836523.4687865296,3101444.2375414707
1680496.2726834316,825402.5576114316,3112565.148716569
1678637.0076161372,812857.3665561371,3114424.413783863
1669099.5027252354,803319.8616652354,3123961.918674765
1662213.0083820592,823128.9783000592,3130848.413017941
1643958.0024971568,835342.4990501568,2528350.453556843
1636862.5399844707,828292.0341864707,2535445.9160695295
1631743.5928732352,823173.0870752352,2540564.863180765
1628869.1063594508,820298.6005614508,2527844.1270065494
1620558.7811776665,815457.8165516665,2526697.4746373333
1618180.5159461761,832015.8040751761,2529075.7398688234
1612636.65059049,834855.52465349,2540205.7057355097
1611234.4489662154,833453.3230292153,2541607.9073597845
1610561.6228134506,833465.9520804506,2542280.733512549
1567277.0005396274,790181.3298066274,1176033.1772443727
1565226.695479294,788131.024746294,1178083.482304706
1562071.716198059,807835.936076059,1181238.461585941
1559543.6857555883,804493.4914985884,1182215.6905944117
1555327.1337780785,800276.9395210785,1202434.7961889217
1550499.3581887058,795449.1639317058,1158837.9602312942
1536016.7919751762,777619.4312871762,1173320.5264448237
1535195.5197289211,775736.8117379211,1174141.7986910788
1528976.6459094707,763980.3951454707,1180360.6725105292
1515938.2005041768,760691.2983581768,1129118.5707298233
1516267.3940960788,761020.4919500789,1128789.3771379213
1513934.720118235,750981.6043872351,1124872.0609487647
1513439.8788637258,750486.7631327258,1125366.902203274
1514381.6155380982,751428.4998070982,1124425.1655289016
1507665.664043608,744712.5483126079,1131141.1170233919
1502901.1979266864,739948.0821956864,1061498.5109983135
1500603.3783296274,737650.2625986275,1063796.3305953725
1498788.0718424506,735834.9561114507,1047868.7292265492
1489474.7654133134,726521.6496823134,1040620.2376146864
1484960.8263180784,722007.7105870785,1045134.1767099213
1481473.6132722746,718520.4975412746,1056883.7289827254
1474664.7839238036,720539.4477368036,1063692.5583311964
1473970.832845725,719845.4966587248,1064386.5094092751
1464531.3233070981,710405.9871200981,838305.9547529018
1464016.771200706,703965.052934706,838820.5068592939
1459874.7595440196,699823.0412780195,828800.0152939805
1455556.3428520586,695314.1803870586,776499.3756539414
1452180.6068786466,691938.4444136467,779875.1116273534
1450242.2142528824,690000.0517878825,781253.2237491177
1445200.659733,684958.497268,786294.7782690001
1443576.2535666274,688941.1510096274,787919.1844353727
1440868.1464453721,686233.0438883721,790627.291556628
1433038.008668451,664436.193318451,798457.429333549
1433321.0179640981,664719.2026140981,798274.6131859017
1431572.376650098,667634.909586098,800023.2544999018
1426683.3561250393,662745.8890610393,805556.3211699605
1424654.3692777844,660003.3453097844,807585.3080172155
1425043.4085947645,706840.1811557645,807196.2687002353
1422344.3833679801,704141.1559289801,809895.2939270197
1422325.8234589216,704122.5960199216,809269.8076910782
1406734.18307151,688837.13537251,824861.4480784899
1405707.1109751768,704750.2664431768,766997.1522768231
1402426.6437177844,692436.3510207845,766499.8696142156
1400300.7569763337,690289.1643963336,782258.7507216663
1397063.7729564903,687052.1803764902,785495.7347415097
1389779.9067920393,679768.3142120392,792779.6009059607
1390320.713298667,680309.1207186669,792238.794399333
1386680.535139706,664850.3781337059,795878.972558294
1384539.5950797254,662709.4380737253,793560.8681532748
1383970.6857611767,662140.5287551767,813906.7822058231
1382059.2965165295,660229.1395105295,815818.1714504703
1372823.040962,650992.8839559999,825054.427005
1371729.0863882548,647274.8628942547,826148.3815787451
1365640.3926542152,647390.7580912152,809187.7546727846
1362879.6066719214,644629.9721089214,811948.5406550784
1358868.4002479606,640618.7656849605,795967.9910190396
1357996.281059784,639746.6464967841,796840.1102072161
1352997.9199497255,634748.2853867254,801838.4713172747
1348460.21839902,630210.5838360199,804247.8368429802
1342313.837205255,666141.4528792549,807746.2814217452
1338086.8671032942,661914.4827772942,822580.8440047058
1335965.3204707254,659792.9361447254,824702.3906372746
1334971.5692220395,658799.1848960395,825696.1418859605
1324664.273691314,648491.889365314,828022.4411676859
1324470.8365268041,648298.4522008041,828215.8783321958
1312720.04120902,636547.65688302,839966.67364998
1308815.7732091378,632643.3888831378,855601.694695862
1309352.2634556668,633179.8791296668,841864.8200343333
1308702.355082569,646304.0339215689,822526.527793431
1303080.6647337845,640682.3435727844,828148.2181422154
1300780.4069889411,638382.0858279411,820790.1434910591
1301015.3537664115,638617.0326054115,834949.7769525885
1297741.101136392,627067.645403392,838224.029582608
1293396.4106280783,622722.9548950783,830791.4187919216
1287512.5141600198,616839.0584270199,837387.5195259801
1286675.9012264903,616002.4454934903,838224.1324595097
1284746.0368563726,614072.5811233727,840153.9968296273
1282753.1948464315,611950.5414644314,842146.8388395684
1274665.9398705491,601567.4876885491,826939.0530734507
1271082.9426890004,594345.3887190004,830522.0502549994
1271073.8785921962,594336.3246221961,829911.0869548039
1267173.105252961,590542.011733961,837731.3371880392
1262584.6406051961,597985.0026221961,811660.6022668038
1262070.943866294,597471.3058832941,812807.2520157059
1260411.2786389415,595811.6406559414,814466.9172430586
1253501.1658538627,588901.5278708626,821377.0300281374
1251373.8753342745,586774.2373512745,823504.3205477255
1245551.452178745,655772.9845967451,829326.743703255
1238084.4694857257,646041.8489537258,810910.8216982742
1237884.5349135885,645841.9143815886,810894.7685944114
1236859.3314635295,643120.1388655294,811348.7147454706
1237089.1602497452,643349.9676517452,811118.8859592548
1229295.7178761372,635556.5252781372,826294.2416788628
1229228.9489466865,635489.7563486864,826361.0106083136
1228223.3687026468,620878.6770556468,827366.5908523533
1227485.5231982938,620140.8315512937,828104.4363567063
1228480.2878210389,625368.3858710389,827109.6717339612
1227305.5944785883,625499.8364625883,828284.3650764117
1227213.7514805493,619556.6060525493,828376.2080744507
1224886.176280785,611621.9175427849,816203.0021782152
1220976.2705251377,607712.0117871377,808376.2782898624
1222140.4983066868,608876.2395686868,807212.0505083133
1212318.2815492747,599054.0228112747,817643.0335507253
1208199.3641234513,599586.7445874513,823877.8088135486
1207446.9855013723,635435.0587293722,824630.1874356277
1201020.587168902,620759.9897329019,800710.081519098
1199629.7785482549,619369.1811122549,792899.1338867452
1198484.5631137255,618223.9656777255,794779.7633852744
1193438.4351320392,613177.8376960392,799825.8913669607
1182179.8507866277,601919.2533506277,809915.2148853722
1179888.5875972745,599627.9901612744,812206.4780747255
1175629.520114549,595368.922678549,817471.175705451
1174666.1502639803,594405.5528279803,818434.5455560198
1175312.863507176,595052.266071176,817787.832312824
1172313.2209309605,586218.7529489605,775768.6612420394
1170869.20962249,587588.38790049,777212.6725505099
1169583.1206734509,589649.5460374509,779320.549447549
1165144.6503349608,583828.9660139608,783759.0197860391
1158165.4590802742,576849.7747592742,790738.2110407257
1159562.503315647,591359.5202956469,789461.1604583531
1157838.270778706,591504.2391497061,791185.392995294
1155130.7053034508,587985.5420664508,800651.1464335492
1147934.1614082546,585041.2642432547,766694.9997147454
1148597.9312547643,585705.0340897643,766031.2298682358
1148693.1945510388,585800.2973860388,762410.3570659612
1148216.9942389019,585471.7250199019,774937.2756200982
1147992.0676311178,586375.1594131178,800968.0538178822
1144460.559550431,582843.6513324311,797334.7542925689
1142641.8728760974,581024.9646580975,799153.4409669025
1139622.084181941,578005.1759639411,831191.5662480588
1136207.181288451,576679.251325451,834902.3419955492
1132358.6079996862,572830.6780366861,843522.2631233139
1132687.8949148434,569773.8480538434,834445.6246521566
1129221.806805392,566307.759944392,837911.712761608
1127831.0996134703,564917.0527524702,839302.4199535297
1125545.6700705097,564089.1004125096,802062.8761664904
1124851.9683667452,563395.3987087451,802893.4949712548
1120530.9966951178,559074.4270371178,807214.4666428822
1119761.0054831177,558304.4358251176,807967.9643318823
1117447.7023810197,558412.0438800197,810281.2674339802
1116468.156242118,557432.497741118,811260.813572882
1113182.7795180196,614257.0903950196,794112.8513369805
1110127.570869824,611201.8817468239,804915.000125176
1103607.1809635689,615603.7046115688,811435.3900314311
1102918.5813982352,614915.1050462351,840886.9661877649
1101776.1805692746,613772.7042172746,842029.3670167255
1099840.0320185295,613069.8650495295,848623.9261564706
1098753.5794116668,611983.4124426668,849710.3787633332
1098594.8763984314,611824.7094294314,849564.3119265686
1098509.190262843,611739.0232938429,866062.3836501571
1097356.4734864708,610586.3065174707,867215.1004265293
1098380.8697631373,611610.7027941373,866190.7041498628
1096039.2037858628,612825.1156428629,864214.5741641372
1095009.4774909802,611700.1059339802,865244.3004590198
1093307.7311885883,609998.3596315883,873480.2901814117
1092482.1898569216,609172.8182999216,877025.9457790784
1087347.7486890194,604038.3771320194,888989.6180989807
1086268.5945686079,604188.1118486079,890068.7722193922
1084790.5996250394,607146.1029480393,891546.7671629607
1082583.2004593923,604938.7037823922,893754.1663286078
1077701.5445025887,600057.0478255886,898635.8222854114
1075154.3499839806,597509.8533069806,878693.2683820194
1074531.9092190396,596887.4125420395,879315.7091469604
1073623.0517732746,596151.3646712746,880339.5295667255
1072701.4035211962,594836.8881061962,874834.3988368039
1073343.4995299415,594424.5413009415,880051.7766820586
1072644.8385183136,593725.8802893136,882759.9312526863
1071442.204311157,594694.5807671571,883962.5654598428
1066172.266351706,589424.6428077061,889232.5034192938
1061972.5095752159,576809.4672112159,898885.251510784
1054811.0101970593,569647.9678330593,906046.7508889406
1055079.0031389613,569812.3163299613,905778.7579470386
1053583.6866891766,568316.9998801766,907274.0743968233
1053178.7375513138,567912.0507423138,894234.8022506861
1048965.6066895297,563698.9198805297,890822.3134264704
1045525.4608904318,560258.7740814318,903827.8477895682
1043814.5057050397,557233.5440990396,906481.6419139602
1037747.9274712944,551166.9658652944,912548.2201477055
1037041.0990640199,550460.1374580199,917043.3205109801
1036392.3574719806,549811.3958659805,926652.1278340195
1031574.0867885099,554070.1404635098,931470.3985174902
1028507.0525729804,549457.4080589805,948297.8458580197
1026875.8513638431,547052.899428843,949929.047067157
1027120.0830417842,547297.1311067842,949684.8153892158
1026606.794674137,546783.842739137,944328.5495838629
1024916.4729118237,547910.3764178236,946018.8713461763
1024327.4262729804,547321.3297789805,946607.9179850195
1023197.003427961,546190.906933961,943894.6524180389
1020070.437185157,543064.3406911569,947021.218660843
1017276.173887863,540270.0773938631,949815.4819581369
1015318.6036380393,539451.9001160393,951773.0522079606
1009183.2628485685,533316.5593265685,957908.3929974315
1002781.8024608626,526915.0989388626,964309.8533851374
1000445.6941773526,556568.8507253525,966645.9616686474
996472.8553770386,552596.0119250386,970618.8004689614
995353.4262423918,541964.8817203918,971738.2296036081
993858.986836333,541887.3318983329,973232.669009667
992547.9801606467,545677.8367466468,974543.6756853532
984149.9451411371,537279.8017271371,726483.6868278629
980784.3713526077,533914.2279386078,729849.2606163922
977604.8122150393,534524.3476590393,667998.5735999607
974465.2475977255,531384.7830417254,671138.1382172744
971948.8227914509,528868.3582354509,673233.8018195492
969874.3965028232,530426.1236748232,675308.2281081768
960906.9960536469,521458.7232256469,684275.6285573532
959649.8794920393,518751.26730603934,685532.7451189607
957109.977486804,518333.101497804,688072.647124196
944802.4481475491,505794.78502254904,686283.825983451
942073.1490173924,503383.3239473924,689013.1251136076
941564.7402394706,501975.6558234706,690753.0256105295
942095.1523061373,502002.9110381373,690222.6135438628
938680.1059015096,505727.67219950963,693637.6599484904
938371.2825539213,510271.83984792134,688244.8110860788
930741.624616137,502642.181910137,697344.1398388629
925428.4046808234,497328.96197482344,702657.3597741765
923145.0971531175,494925.12457411754,704940.6673018824
914400.0874138627,486180.1148348627,720726.6265621373
909050.4954426271,481625.66193062713,726076.2185333729
902804.5677207645,475379.73420876457,732322.1462552354
900932.1772442547,473507.34373225475,734194.5367317452
898870.0152147451,471445.1817027451,736256.6987612549
898623.7021821177,471198.86867011775,736503.0117938822
899511.3315019413,472086.49798994133,735615.3824740587
897297.1210941765,470234.91176517657,739172.0136888234
894128.7301128235,552929.9215408235,742592.1160891765
893926.4927712941,547248.889676294,764040.2186357059
893187.0026008824,546509.3995058824,764756.1613091175
892121.5842700589,545443.9811750589,765821.579639941
891066.0796009996,544388.4765059996,766877.0843090003
889530.3923075488,545750.0541735487,768412.7716024511
884579.7652543529,540799.4271203529,773363.398655647
884401.4727469409,540621.134612941,778737.4376140592
883860.6422339018,534463.3610059018,779278.2681270983
882475.9446603525,533078.6634323525,757390.8951046474
883029.1120884115,529415.7169584115,755314.7239715884
878700.6138426077,525087.2187126076,759643.2222173922
878936.0911259607,525322.6959959606,750526.1303450393
878941.4747810194,537886.6667720194,761011.4828449807
878737.1273016076,537682.3192926077,761215.8303243924
878900.7991826665,537845.9911736664,761052.1584433336
875891.9181439802,532867.9380949802,772659.1382460198
874936.2242986273,531912.2442496273,773614.8320913727
871486.2056796274,528068.3493176274,770926.7192443726
869429.7188609604,532087.8900699604,772502.8484830396
865418.7754112155,528076.9466202154,776513.7919327846
863989.9237574312,551258.6315144312,777942.6435865689
861760.9858351371,549029.6935921371,780171.581508863
861973.077059588,549241.784816588,779959.490284412
861145.093814294,549409.321887294,780787.4735297061
857080.0331019606,545344.2611749605,784852.5342420395
856632.0295747253,544896.2576477253,785300.5377692748
854712.4807323726,542976.7088053726,787220.0866116275
853644.9626511574,541909.1907241574,788287.6046928427
851235.7880552944,538838.4014972944,790696.7792887057
849589.634975118,540468.219883118,792342.9323688821
846083.3175307651,540568.6233647651,812209.1703802348
846581.4978574121,541066.8036914121,811710.9900535878
844996.1729478431,539481.4787818431,814688.7474871569
843302.2422010589,537787.5480350589,816382.6782339411
839302.8598724508,533788.1657064508,811316.0993005491
835782.3429741176,530267.6488081176,814836.6161988823
834340.4646410982,528825.7704750982,816278.4945319018
831960.7896171962,526446.0954511962,818658.1695558038
832219.3477027845,526781.0803467844,818399.6114702155
829673.0437628432,525816.4820288433,822165.6927931568
828198.6546176666,522419.8761496666,823640.0819383335
826404.5644878038,541029.6624808039,825434.1720681962
824962.4819932941,539587.579986294,826876.254562706
824509.5623352546,539134.6603282546,830302.7326917453
824195.4181036078,554039.7136306078,830616.8769233921
823917.2721925689,553761.5677195688,830895.022834431
824222.0746898237,554066.3702168236,830590.2203371762
818816.6579370394,548660.9534640394,835995.6370899605
816821.8077803336,549645.2597783336,837990.4872466663
816070.4747992553,548893.9267972552,837012.1979817447
810541.4962446277,543364.9482426278,847611.2024103722
807875.2345573726,540698.6865553726,850277.4640976273
806991.4583285886,543409.5106325886,851161.2403264113
805450.0365045491,541868.0888085491,852702.6621504509
802403.7575590786,538821.8098630786,855748.9410959213
801580.473574961,546327.3424089609,863246.9590960391
800285.9949126862,545032.8637466861,864541.4377583138
793635.8005440786,538382.6693780785,871191.6321269214
793063.4432988432,537810.3121328432,871763.9893721568
791190.279378255,547908.1049272551,864303.600361745
791187.2606090392,546170.3975080393,860066.9348579607
785603.4926849608,540586.6295839609,865650.7027820391
784173.909801902,539157.046700902,867080.2856650979
783686.4313589608,538669.5682579608,867567.7641080391
783480.6367905295,545098.1304175295,867773.5586764704
781892.055674843,543509.549301843,869362.1397921569
780186.7106620977,543639.6361690976,871067.4848049022
779787.0819679017,543240.0074749016,871467.1134990982
777974.4842299606,541427.4097369607,873279.7112370393
776779.7053354314,540709.0717804313,875761.2791325686
775330.8450921372,539260.2115371372,877210.1393758628
774818.1419873136,538747.5084323136,877722.8424806864
772088.847759451,536769.703312451,880452.136708549
772126.5830587257,536807.4386117257,880414.4014092743
771752.3929097452,536433.2484627452,880788.5915582548
770697.0828185296,535377.9383715296,881843.9016494704
770206.278950667,534887.134503667,882334.705517333
770308.6305053531,534989.4860583531,882655.435062647
769715.3086046864,534396.1641576864,883248.7569633137
769415.7802407258,536296.1156467259,883548.2853272742
762448.307728765,529328.643134765,890515.7578392351
761958.8691375687,528839.2045435688,891005.1964304313
761953.2428225492,528833.5782285492,894972.1737324508
760228.8899618627,527109.2253678627,892526.0663011372
758769.2995725096,525649.6349785096,879275.6408764905
758166.2531995882,525046.5886055882,879878.687249412
756383.0680912351,521927.0093932351,881661.872357765
755443.4222965488,509588.01430254884,882601.5181524513
753428.7910180393,507573.3830240393,884616.1494309608
751828.873726353,505973.46573235304,886216.066722647
750640.3528253529,504784.9448313529,887404.5876236472
750955.342048941,505099.93405494094,887089.5984000592
749194.256156451,501959.0070684509,888876.5728405489
748518.5685438629,501283.31945586286,889552.260453137
748236.0881374904,493554.78268649045,889834.7408595094
747629.4885253335,492884.6437913334,893429.8909516666
743702.8490468435,488170.2602698435,897356.5304301566
743763.9117302356,484892.6598242356,905527.3237557645
743286.7642913141,484415.5123853141,906004.471194686
742474.0363647452,486471.4877737452,908946.5044352548
741479.62926402,485477.08067302,909940.9115359801
738798.0677988238,482795.5192078238,896510.0044681763
737623.8377555099,483860.08631350985,897684.2345114902
734354.0428291766,481873.4862421766,900954.0294378235
734627.552102412,482146.99551541195,900680.5201645881
733287.8540457647,480807.29745876463,902769.0602942352
732490.3284673135,474474.96460431354,909309.1260956865
731480.643165745,473465.27930274495,910318.811397255
730075.3160798235,470996.43749482353,911724.1384831765
729287.5570639217,470208.6784789217,912511.8974990783
723414.4807637255,463614.1229727255,912366.5779852746
722451.0796823136,464665.46665831364,914745.1766696863
721432.3978668824,463646.7848428824,915763.8584851176
719404.578001196,461618.96497719607,915981.0739308039
717106.8172505882,459321.20422658825,918278.8346814117
715508.2659143725,457722.65289037256,904104.2466746274
714914.694141451,457129.0811174511,904697.8184475489
714294.7666294706,456509.15360547067,901825.0106625293
713029.9839137648,457398.58803376486,903089.7933782351
711875.996738863,456244.600858863,904243.780553137
711291.1259284707,450966.41939647077,909123.8287965293
708799.1019367453,448474.39540474536,911615.8527882547
708275.0739359808,450229.4827769808,912139.8807890193
704674.6595511964,446629.0683921964,915464.7086308036
703512.9178096475,445467.3266506475,916626.4503723525
701938.9544948041,443893.36333580414,918200.4136871959
700713.2745804705,444837.1929964705,919426.0936015295
697606.8823105296,442269.7093705296,922532.4858714704
696566.1030187649,441228.9300787649,923914.6056032351
696368.7584545296,440687.93988252955,924111.9501674704
696242.5196236864,440561.7010516864,909921.9976543136
692005.5808615884,436202.85604258836,914158.9364164117
691336.6417290197,435533.9169100197,915419.0518749802
690581.8792145492,434779.1543955492,916173.8143894507
689934.410582608,434131.68576360797,916821.283021392
688155.0668757255,432352.3420567255,918600.6267282744
687725.2812013921,430101.89374839206,919030.4124026078
687432.5338362549,429809.14638325485,919323.1597677451
687184.5210344315,429561.1335814315,919571.1725695684
687189.2802763138,429565.89282331377,919566.4133276861
686882.8774442547,429259.4899912547,919872.8161597452
684771.8841495685,427148.4966965685,925931.9201604315
684462.9034588039,426837.0978678039,926240.9008511961
683008.1484101175,425402.9175661175,922996.7135618825
682777.3727295881,425172.14188558806,923227.4892424119
682350.1632679605,424744.93242396053,915159.0067410395
680553.056210196,422947.825366196,914602.084017804
677031.255758706,419426.024914706,918123.884469294
676602.856727098,418997.625883098,918552.283500902
675445.9104748431,417840.6796308431,919709.2297531569
674087.4191445294,416482.1883005294,921067.7210834706
674234.383664294,416629.152820294,920920.756563706
672918.444780098,415648.034108098,922236.695447902
672730.8021883136,415448.9223153136,921514.0372636865
667566.2570303135,410284.3771573135,926678.5824216866
666918.9470687057,409637.0671957057,924607.4126552944
664880.3173228822,407598.4374498823,926646.0424011179
665368.0608063134,403256.1140533134,926158.2989176867
664282.4475864704,402170.5008334704,927243.9121375297
664000.4053823331,401888.45862933306,927525.954341667
661517.4868058432,411061.9598918432,933971.4927251567
660226.5331866668,409771.0062726668,935262.4463443331
658765.1470474708,408309.6201334708,936723.8324835291
658766.8299803531,405511.73782935314,936722.1495506468
658575.3376771571,405320.24552615714,937677.8798668428
658405.206074765,405150.11392376496,937848.011469235
657883.9690483924,404628.8768973924,924963.4276296076
657821.5489252158,404566.45677421585,925025.8477527841
654749.4199978432,401494.3278468432,928097.9766801568
653844.8984109804,405311.6717619804,929002.4982670196
640967.0904304705,393309.7871744705,504175.9883915294
638770.5228391178,391113.21958311775,506372.55598288216
637399.3738579218,389742.07060192176,507362.92389607814
637144.5542956669,389487.2510396668,507617.7434583331
637217.4700610198,389618.63948201976,507544.8276929802
637807.4999072158,390208.6693282158,506457.2328537842
637956.2709562354,390357.44037723535,506308.4618047647
637870.3674461568,390271.5368671568,506394.36531484325
635859.8298110391,388260.99923203915,506264.1665109608
635188.5009028629,387589.67032386287,506935.49541913706
635641.4090327256,388724.0207337256,502582.0696992745
633775.6545392551,386858.2662402551,504447.824192745
633997.3861063529,395167.3912053529,504226.0926256472
633757.6155759608,394927.62067496084,504465.86315603927
625199.540196706,386394.62484170595,511328.910139294
625487.1487651764,386682.2334101764,511041.30157082353
624917.4556626274,386112.54030762735,513787.2625173727
623945.7481601961,384436.3508771961,514758.97001980396
622640.4853397058,382684.1550867058,516064.23284029425
621443.5067430197,381442.3768900197,517261.2114369804
619835.7649862943,378904.5445032943,518868.95319370576
619410.7640071766,378479.5435241766,521655.7201448233
618931.8441998628,378000.62371686276,522318.95524813724
618933.1247363727,378001.9042533727,522317.6747116273
617414.5900665884,376483.3695835883,523836.20938141167
616046.4733383922,375115.2528553922,525204.3261096078
615296.441571157,374365.2210881569,525482.037447843
613382.9300269414,372451.7095439413,527395.5489920586
612964.0459545883,372032.8254715883,529603.6353974117
613075.3717151962,372144.15123219613,529492.3096368038
613054.2578915491,371658.91198854917,517501.2548864508
610156.8206121374,368761.47470913746,513164.0222098625
609372.9492172354,367977.60331423546,513947.8936047645
609062.3281376668,367666.9822346668,514258.5146843331
604621.953100549,363226.6071975491,518978.975451451
602333.2000892158,360937.8541862158,521267.7284627843
600312.5277185884,358917.1818155884,523288.4008334117
600115.4423265883,358720.09642358834,523485.48622541176
599311.2196318825,357915.8737288825,525069.4393901174
585217.0129542158,344099.3383922158,382080.21140478423
585902.0385072941,344784.3639452942,381395.18585170584
585682.8311670196,344565.1566050196,372005.6141999804
584264.9038808038,343147.2293188039,373423.5414861961
583657.6606293529,342539.98606735293,374030.78473764705
582385.0975281764,341267.4229661764,375303.34783882357
580460.6912611371,339209.1334071371,377227.7541058628
579985.9360479215,338734.3781939215,377702.5093190784
579965.7676704705,338714.2098164705,377722.6776965294
579009.346302098,337757.788448098,378679.09906490194
578232.3399665098,336980.7821125098,379456.1054004901
577475.487193706,336223.92933970597,380212.95817329397
576240.8673265884,332660.63720858836,381447.5780404116
576743.0424893925,333162.81237139244,380945.4028776075
576904.7608193335,345076.5760853335,380783.68454766646
576758.0557050197,344929.8709710197,380930.3896619802
573141.3290717452,341313.14433774515,384547.1162952548
573092.1241611765,341263.9394271765,384596.32120582345
573447.5702687256,341619.3855347256,384240.8750982743
571334.1356718236,339505.9509378236,386354.3096951763
570267.409146451,338439.22441245103,387421.0362205489
570339.5054248823,338484.3605688823,387348.93994211766
569836.7394654314,337981.59460943146,387851.7059015685
569562.6586313922,337976.62292439217,389780.83512060787
568034.2339877844,338190.8677037844,391309.2597642157
567753.834137,337910.46785300004,391589.659615
566541.410109804,336698.043825804,374804.19028819597
566589.0516592548,336745.68537525483,374756.54873874516
566724.2286311568,336880.86234715686,374621.37176684313
564797.9223331959,334954.55604919593,376547.67806480406
564712.914604039,334869.54832003906,379111.76545096096
565213.4571406664,335183.1877526664,378611.2229143336
563602.8396505684,333609.97749356844,380221.84040443157
563502.7189139607,337042.6530479607,380321.96114103927
561345.0356689215,334884.9698029215,382479.64438607846
560957.2564382157,334497.1905722157,382982.76317378425
560857.0839165491,334397.0180505491,383082.93569545087
558837.106095902,352344.9692829021,358736.12230109796
558396.2464853727,351904.1096723727,332967.5743686274
558230.2166797059,351738.0798667059,333133.60417429416
557912.5225222353,351420.3857092353,333451.29833176476
556283.5353356863,349791.39852268633,308319.55761031376
555763.8255350002,349271.6887220002,308634.1472919998
556034.6947469412,349542.55793394125,308363.27808005875
555976.3519918235,348193.2631308235,308421.62083517644
554102.0388193531,346318.94995835307,310295.93400764687
553791.5465790002,346740.5914840002,311835.2509689998
553116.8549052748,346065.89981027483,312509.9426427252
552524.4811487453,356527.8777127453,313102.3163992547
551767.322293412,355770.71885741205,313859.47525458795
550386.6713072746,354390.0678712746,315240.1262407254
549215.523775549,353218.920339549,316640.856474451
549014.8907190982,353018.28728309815,316841.4895309019
548910.9235845491,352914.3201485491,316945.45666545094
548821.059100804,352824.45566480403,317035.321149196
546454.612015706,350356.523003706,319401.768234294
546656.7406514314,350558.65163943137,319199.63959856867
545503.1142970786,349405.02528507856,322021.5039839214
544450.9521914708,348352.86317947076,325645.64212652924
543939.9414860198,347841.85247401975,326156.65283198026
543723.7539536275,347625.66494162753,319239.28608737246
542949.1346205687,346851.0456085687,320013.9054204313
542330.4239699412,348430.0268699412,320632.6160710588
542304.1720979216,350719.46127792157,322816.5383320784
542073.0775173922,350488.3666973922,323047.63291260775
541052.1683619609,349467.4575419609,324068.54206803907
540380.6032038825,348795.8923838824,314581.40343111753
539593.9659857843,348009.25516578427,315368.0406492157
539828.1088848235,348243.3980648235,315133.8977501765
536390.620655549,344805.90983554896,317997.23372945096
536012.2499110785,344427.53909107845,318375.60447392147
535968.9569984707,344384.24617847067,318418.89738652925
536063.8087260197,344479.09790601966,318324.04565898026
535090.4920955688,343505.78127556876,319297.36228943116
535051.4615199218,340392.0094229218,319336.3928650782
535295.3669932944,340635.9148962945,319092.4873917055
534838.0414936471,340557.9403476472,319549.8128913528
534402.2614207844,340122.16027478443,319985.59296421555
533117.0413282746,338836.9401822747,321270.8130567253
532571.4320424118,338291.3308964118,305256.9305495883
527816.6615845294,333536.5604385295,310011.7010074706
528368.7713222353,334088.6701762354,319184.6051577646
528210.5021147648,333930.4009687648,319342.8743652352
526570.2622534314,332290.1611074314,320983.1142265686
526660.8786216864,332380.7774756864,320892.4978583136
525531.0697431178,331250.9685971178,302598.2058308822
524530.0703349805,330249.9691889805,303599.2052390195
523671.5861889608,329391.48504296085,307890.7475020392
523938.6228382353,329763.8390512353,307623.7108527647
522751.79234235303,328577.00855535304,308810.541348647
522201.34057327453,328026.55678627454,309360.9931177255
521637.7925947844,327463.0088077844,309924.5410962156
521579.52829317655,327404.74450617656,309982.80539782345
520901.5482233139,322582.82682631386,310660.78546768613
519391.4253515492,321072.70395454916,312170.90833945083
518923.4803252354,320604.0912052354,312638.8533657646
518023.5647459803,319704.1756259803,313538.7689450197
517853.66319447046,318627.02454947046,313708.67049652955
517875.6692422745,318649.0305972745,313686.6644487255
516413.97341258824,317187.33476758824,315148.36027841177
513413.99521794124,313635.4448469413,318148.3384730588
513536.5998213922,313758.04945039225,318025.7338696078
512383.2821074707,312604.7317364707,319179.05158352933
511848.4964614707,312069.94609047077,307527.3324965293
511054.55551874515,311276.00514774513,304373.8778472548
510086.430997451,310307.880626451,305342.00236854894
509302.8990011763,309524.3486301763,306125.53436482366
508082.3952851765,309049.0355961765,299707.70427282347
507737.2947498039,308703.9350608039,300052.8048081961
507813.30383390206,308779.94414490205,299976.79572409793
506094.8098419805,307061.4501529805,301695.28971601947
506507.61563513736,307350.28324513737,305460.65607586264
503903.45669545094,304746.12430545094,308064.8150155491
503352.2559906666,325056.93200266664,308616.0157203334
502674.3066919216,324253.2243109216,305115.7928660784
501947.06447405886,323525.9820930589,304556.64439994114
501413.79631092167,322992.7139299217,305089.91256307834
500660.70023039216,322239.6178493922,305843.00864360784
499868.70973962743,321911.0561166274,306634.99913437257
500235.74413196056,322278.09050896054,306267.96474203945
498986.50847043126,321028.8548474313,307517.20040356874
497402.1005400783,319444.44691707834,309101.6083339217
497304.96724127437,319347.3136182744,309198.74163272564
495687.78365652944,317730.1300335295,310815.92521747056
495302.86534390197,317345.211720902,308127.01317309804
493527.1594663137,315569.50584331376,309902.7190506863
493795.5471907452,315871.9752177452,309634.3313262548
494042.29890125495,316118.72692825494,309387.57961574505
493516.19229425484,315592.6203212548,309913.68622274516
493209.0848916078,315285.5129186078,310220.7936253922
490686.64970386284,312763.07773086283,312743.22881313716
490838.6086943531,312915.03672135307,312226.1073466469
489814.7387449804,311891.1667719804,305168.10139401956
488811.7576961373,310888.1857231373,291110.97924286267
488101.16371117666,310177.59173817665,291821.5732278233
487380.50112633343,309456.9291533334,292542.23581266653
487335.8173319413,309412.24535894126,292586.9196070587
487432.1471385687,309508.5751655687,292490.5898004313
486661.7612154707,308738.18924247066,293260.9757235293
486552.6123553334,308629.0403823334,293370.12458366656
485578.41956137284,307654.8475883728,294850.4845066272
485067.65371445107,311500.0434624511,295361.25035354897
483920.7884664707,315632.33724647074,296508.1156015293
482621.4202148236,314332.96899482363,297807.4838531764
482285.18168741185,313996.73046741186,298143.7223805882
481577.1525640393,313288.7013440393,298851.75150396075
481296.5497387647,313008.0985187647,299132.3543292353
480048.8079997452,311760.3567797452,300380.09606825485
479703.19748268643,310435.0667666864,300725.7065853136
478784.7543753922,309516.62365939224,301644.1496926078
478675.2482947844,309407.11757878435,301753.65577321564
478636.364582353,309368.23386635294,301792.53948564705
476739.14906817646,307471.0183521764,303689.7549998236
476714.4727008824,307446.34198488237,308372.81331111764
476520.7106485882,307252.57993258815,309024.6041144118
476371.8283330196,307103.69761701964,309173.4864299804
475431.9593724509,308161.10613245086,310113.3553905491
474896.34233421565,307625.4890942157,310653.9116317844
474142.8210577059,306871.96781770594,311407.43290829414
472945.5158221176,312668.86797411763,312604.7381438824
472528.0891564118,312251.4413084118,313022.1648095882
471429.36129037273,311152.71344237274,314704.8121816273
471089.5418183531,310812.8939703531,315044.63165364694
470606.76816203934,310330.12031403935,315527.4053099607
469324.8952379805,304797.36454398057,315895.17303601943
468697.0951601765,303784.87187517656,315355.03325982345
467294.09145207854,302381.8681670786,316758.0369679214
467335.6770002355,302423.45371523546,316716.4514197645
467367.2412116669,302455.0179266669,316684.88720833306
466896.06259964727,301983.83931464725,317156.0658203527
466003.3107466667,301091.08746166667,317774.70666033326
465369.0960283138,300456.8727433138,316823.2563746862
464444.93854437245,299532.7152593725,317747.41385862755
463674.149091549,298761.925806549,318518.203311451
463593.2311458627,298681.00786086277,318599.1212571373
463400.0661927058,298487.8429077058,318792.2862102942
463298.4220519607,298386.19876696076,318893.9303510393
462760.85889321566,297848.6356082157,319308.8308657843
462253.02431452944,297340.8010295294,317712.8958654706
462191.87125956867,297279.64797456865,316501.1004314314
461366.7286840981,312109.0330360981,320834.5550129019
461189.58217921574,311931.88653121574,321011.70151778427
460410.3645575295,312009.36933952954,316475.5832944705
460267.27420815686,311866.27899015683,316618.67364384315
459817.6512748235,311416.65605682356,311284.7045461764
459714.94877888233,311313.95356088236,311387.4070421176
458015.5929193723,309598.7097543723,313086.76290162763
457585.60119145084,309168.71802645084,307898.62125554914
453899.5908355686,305482.7076705686,320109.1558454314
453832.8190323922,305415.93586739217,320175.9276486078
453700.3705792745,307267.9065082745,320308.3761017255
454143.18451360764,307710.72044260765,320169.89764439233
453683.77772421564,306520.35860921565,320629.30443378433
452964.88106196077,305562.9151639608,321348.2010960392
451954.7750166469,304552.8091186469,322358.3071413531
451303.6793877058,303901.7134897058,323009.40277029417
449472.8024842548,302070.8365862548,324840.27967374516
449289.9802521175,301888.0143541175,325023.1019058825
449083.72220082354,301681.75630282355,325229.35995717644
448897.49098774523,301495.52508974524,325415.59117025475
447972.44691707846,300570.48101907846,326340.6352409215
448000.63137839217,300598.66548039217,326312.4507796078
447192.09842880396,299814.972758804,327394.8078561961
447208.14981250983,299831.0241425098,327378.7564724902
446898.53373915685,299521.4080691568,327688.3725458432
445394.677944902,298017.552274902,328499.65324109804
445046.6957471959,297669.5700771959,331118.66519880405
444882.8929033528,297505.76723335276,331282.4680426472
444885.07408476446,297507.9484147645,331705.2754692355
444970.28588174493,297593.16021174495,329218.9047092551
444774.2490091372,297397.1233391372,329414.9415818628
444477.9186478627,297100.79297786264,329711.27194313734
443090.1053013727,295712.9796313727,330707.99048962735
441746.7286071372,294369.60293713724,331134.22755186283
441087.2261438432,293710.10047384317,331793.73001515685
441064.46379084315,293278.0240088431,331816.4923681569
440961.65616964694,293175.216387647,331919.2999893531
439565.10360068624,291778.66381868627,332644.3094433138
439368.0081083725,291581.56832637254,334783.16842662747
436572.42078166653,288785.9809996665,337578.75575333345
435931.59988039196,288145.16009839193,338219.576654608
435488.6913943921,287702.25161239214,338662.48514060787
435441.72074492153,287655.28096292156,338709.45579007844
435325.9335822353,287539.49380023533,338825.2429527647
434225.20825370576,286438.7684717057,339925.9682812942
434494.0514438038,286707.6116618038,340820.8675801961
433911.3832615293,286124.94347952935,341403.5357624706
433633.727256941,286176.23578994104,342241.20297605894
433658.09003733326,286200.5985703332,342216.8401956667
433249.94676364696,285792.4552966469,342624.983469353
432720.30450782354,285262.81304082356,343154.6257251764
432914.1322987648,285456.6408317648,342960.7979342352
432611.99133737263,284866.32029837265,343262.93889562733
432300.7674752354,284555.09643623536,343574.16275776457
431946.6016519019,284200.9306129019,343928.32858109806
431439.53418956866,283693.8631505687,344435.3960434313
431273.5637637646,283527.89272476465,341268.7660792354
431059.33583601954,283313.66479701956,341482.9940069805
430428.3734412744,282682.70240227436,342113.95640172565
430171.74143698014,282732.5885779802,342370.5884060199
429641.8729095097,282202.72005050967,342900.45693349035
428423.8721143332,280984.7192553332,344118.45772866684
427929.4597359607,280490.3068769607,344612.87010703934
426553.8401618431,279114.6873028431,345988.48968115693
423439.15471266664,276000.0018536666,323959.3164263334
423029.53947401943,277624.0452170194,324368.9316649806
423046.63020788215,277641.1359508821,324351.8409311179
422917.548515941,277512.054258941,324480.922623059
422886.3265160978,277480.83225909784,326082.3053509022
421165.84508784296,275975.0877988429,327802.78677915706
421002.9538817059,275812.1965927059,328275.5555142941
420687.0422702745,275496.2849812745,328591.46712572547
420723.36304049013,276025.32765549014,328555.1463555098
420774.644518745,276076.609133745,328503.86487725493
418746.5203264116,274048.4849414116,330531.98906958837
418691.68074205867,273993.6453570587,330586.8286539413
418760.94740741164,274062.91202241165,330517.5619885883
418786.33388717636,274088.29850217636,330492.1755088236
417753.7783471371,271899.3362981371,331524.73104886286
417806.05311578425,271951.61106678424,331472.4562802157
416201.50937872555,269301.83433772554,333077.0000172744
416387.164845255,269487.489804255,332625.137870745
415275.6142189413,268375.9391779413,333736.6884970587
414272.19845788245,267372.52341688244,334740.10425811756
414247.456571549,267347.781530549,334387.13296445104
414427.73066423537,267528.05562323536,334206.8588717647
414077.4572934706,267177.7822524706,334557.1322425294
414007.3029149413,267107.62787394127,334627.28662105877
414068.703166196,267169.028125196,334565.88636980404
414150.14873462747,266039.1385016275,334682.52676737256
413635.0527375491,265524.04250454914,335197.6227644509
413362.7443275687,265251.73409456864,337773.28323143127
413063.1651713922,264952.1549383922,336936.9327236078
412891.20969478437,264780.19946178433,337108.88820021565
412366.1778233725,264255.1675903725,337633.92007162754
412258.74720641173,264147.73697341175,337740.60594158823
412112.19781001966,264001.1875770197,337887.1553379803
411733.32361715694,263622.3133841569,338266.029530843
411631.1349936079,263520.12476060784,338368.2181543921
411466.6233235099,263355.6130905099,338532.7298244901
410940.9075271961,262829.89729419607,335904.7184358039
411038.7510902157,262781.21536321566,335806.8748727843
411061.28190047055,262803.7461734705,335784.34406252945
411090.10409480386,262832.5683678038,335755.52186819614
411255.40526115673,262997.86953415675,335590.22070184327
410194.2603695686,261937.6124045686,336651.3655934314
410342.3043479803,262085.6563829803,336503.3216150197
410486.4776890981,262229.8297240981,334884.36441790184
410486.4293619804,262879.7238019804,334884.41274501954
410782.626196353,263175.92063635297,334588.21591064695
410813.3194793138,263206.61391931376,340247.00435368624
410529.16122184315,262922.4556618432,341390.0358601568
410215.0737890392,262608.36822903925,341704.12329296075
409703.4112401373,262096.7056801373,342215.7858418627
409122.92047288246,261516.21491288245,336661.4009311176
408282.21061537263,260675.50505537263,338276.7915186273
407854.0770632942,260247.37150329418,338704.92507070577
406631.81032900006,259025.10476900006,339927.1918049999
406684.2879950001,259077.58243500008,339874.7141389999
406109.8053682942,258503.09980829418,340449.19676570577
406105.144857804,258498.439297804,340453.85727619595
405937.18148372555,258330.47592372555,340621.8206502744
406003.48262274504,258998.50676974503,340555.5195112549
405450.36059035285,258445.38473735284,341108.6415436471
405813.80154790194,257980.82071690194,340745.200586098
405442.0291765293,257609.04834552933,341116.9729574706
404932.844237451,259098.472610451,338470.53648154903
403941.4849186471,258107.1132916471,339461.8958003529
404068.3879196276,258234.0162926276,342939.9607513724
403063.10176209814,257228.73013509816,343945.24690890184
402660.76265694125,256826.39102994127,348126.0162180587
402874.8945936668,257040.5229666668,347911.8842813332
402130.2797667256,255254.1841517256,348656.49910827435
401997.8321572353,255121.7365422353,348788.94671776466
401966.30925380404,255090.21363880404,348820.4696211959
401990.7983087843,255114.70269378432,348795.98056621564
402164.5381797256,255288.44256472558,348622.2406952744
400934.1722435686,254058.07662856858,349124.33337043144
400615.2524503922,253739.15683539218,348315.59195960785
399387.93568286276,252511.84006786277,349542.90872713726
399284.7765849608,252408.6809699608,349646.0678250392
399279.9829052354,252403.88729023538,349650.86150476465
398964.2604471177,252088.16483211768,349966.58396288235
397922.10169260786,251046.00607760786,351008.74271739216
397906.46492421575,250006.14266221575,351024.3794857843
397398.7092194903,249702.52719149028,351532.1351905097
397457.2130387452,249761.0310107452,351473.6313712548
397196.16662641184,249499.98459841183,351734.6777835882
397226.3716973531,249530.18966935307,351704.47271264694
397214.20487174514,254773.76401574514,351716.6395382549
396869.4429775098,254429.0021215098,352730.82086949016
396222.9518968627,253782.5110408627,353377.31195013726
394863.563285549,252423.122429549,354736.70056145097
392701.7991985883,250261.3583425883,356898.46464841167
392301.8676780981,249861.4268220981,357298.3961689019
391917.16826613725,249476.72741013725,361179.1915548628
389703.0080263137,247607.03162131368,363393.35179468634
389452.2267686274,247356.25036362742,363644.1330523726
388744.3413883136,247232.62380431363,364352.0184326864
388506.26650260785,246994.54891860785,361453.3335583921
388403.56106525485,247299.03132225486,361556.0389957451
388261.67575135286,247157.14600835287,361697.9243096471
387267.0249857647,246162.4952427647,362692.5750752353
386775.5710358627,245671.04129286273,363429.4405611372
385362.64205905877,244258.11231605877,364842.3695379412
383470.31183137256,242365.78208837257,361934.88250262744
383142.16142249014,242037.63167949015,360389.88819050987
383065.0347492352,241960.5050062352,360467.0148637648
383139.9234665882,242035.3937235882,360677.27220741176
382412.6948245883,241308.16508158832,361404.50084941165
382260.0223306275,241155.4925876275,361557.1733433725
381912.0606048823,240807.53086188232,361905.13506911765
381863.12241368624,240758.59267068625,361954.0732603137
381840.54419133323,240736.01444833324,361976.6514826667
381268.1489610588,240163.61921805883,362549.04671294114
374548.55099172535,233444.02124872536,244330.6932372746
374533.8108594706,233700.72976547063,241014.08273852943
373448.1884009215,232615.10730692153,249443.4124920785
373002.35062939214,232169.26953539214,249889.2502636079
372323.1236595098,231490.04256550982,250568.4772334902
370237.12971866666,229404.04862466667,252654.47117433336
369859.237652255,229026.156558255,253032.36324074504
369663.0586830982,228829.97758909818,253228.54220990185
369685.23178921576,228852.15069521577,253074.54713978426
368088.04570152937,227254.96460752937,254851.63947647065
368136.795003549,227303.71390954903,254802.890174451
368216.3533620195,227315.2460150195,254723.3318159805
366678.10305733327,225776.99571033326,256261.58212066675
366610.6016512745,225709.49430427447,256329.08352672553
366522.2325530391,225621.12520603908,252813.62438396085
366321.8950059214,225420.7876589214,253013.96193107852
365306.84182009794,224405.73447309792,254029.015116902
364334.3909925294,223433.2836455294,257661.73347847065
364214.1087106274,223313.0013636274,258533.84260837256
363649.230201098,222748.122854098,259098.72111790197
363583.08764490194,222681.98029790193,259164.86367409804
362724.64898192155,221823.54163492154,260023.30233707844
362411.07509937254,221509.96775237253,264831.92885662743
362361.09207031364,221459.98472331362,264881.91188568634
362365.518526745,221464.41117974502,264877.48542925494
361731.2547580196,220830.14741101957,265511.7491979804
361930.25662570586,221029.14927870585,265312.7473302941
362051.64509898034,221150.53775198033,267895.89234401967
362084.5769798234,221286.2750618234,269667.97233617655
361982.27791798033,221183.97599998032,269770.2713980196
361854.97880392143,221056.67688592142,266437.22722307855
361280.07825568615,220481.77633768614,267012.1277713138
361118.3225959215,220320.0206779215,267173.88343107846
360918.9457109607,220120.6437929607,265465.6071190392
360771.14332150965,219972.84140350964,265613.4095084903
360142.50166082336,219344.19974282334,264924.9497591767
359893.8010352156,218625.7914792156,265173.65038478444
359933.43882845086,218665.42927245086,265134.0125915492
359969.45483701944,218701.44528101943,265097.9965829806
358810.54345939215,217542.53390339215,266256.9079606079
358848.09059672547,217580.08104072546,266219.3608232746
358923.34073031374,217655.33117431373,266144.1106896863
358266.6773902941,216998.6678342941,266800.77402970596
356949.9202605098,215681.91070450982,268117.53115949023
356836.0725793138,215568.06302331382,268231.37884068623
356489.89824937255,215221.88869337254,268577.5531706275
356447.1465213529,215179.13696535287,268620.3048986472
356192.38544847054,214924.37589247053,268875.0659715295
355822.5176140392,214554.50805803918,269244.93380596087
355747.5453678235,214479.5358118235,269319.90605217655
355230.4679012745,214902.8596422745,269836.98351872555
354790.8501847647,214463.2419257647,270276.60123523534
354595.2100764118,220961.25386141177,270472.2413435883
355365.98679498036,221732.03057998035,269701.4646250197
354953.1637640588,221319.20754905877,270114.28765594127
354625.5687005883,220991.6124855883,270441.88271941175
354659.8718185883,221657.1601625883,270407.57960141177
353646.2086991961,220643.4970431961,271421.24272080394
353753.551478451,220750.839822451,271313.89994154905
353742.63978254906,220739.92812654906,271324.811637451
353874.31812031375,220871.60646431375,271193.1332996863
353916.6821050785,220913.97044907848,271150.7693149216
353609.57084286277,220606.85918686277,271457.8805771373
353516.7293338824,220514.0176778824,271550.72208611766
353152.1646560981,220149.45300009812,271915.28676390194
352627.61520494113,219624.90354894113,272439.8362150589
351673.185362196,218670.473706196,273394.26605780405
350994.1673887059,217991.4557327059,274073.28403129417
350737.7690480784,217735.0573920784,274329.68237192166
350263.0300920784,217260.31843607838,274804.4213279217
349590.88668841176,216588.17503241176,275476.5647315883
349534.70766294113,216531.99600694113,275532.7437570589
349401.5504882745,216398.8388322745,277637.6260317255
349588.3859516078,216585.67429560778,279819.3983403922
349151.5320583138,216148.82040231378,280256.2522336862
348268.10606182343,215265.39440582343,281139.67823017656
347291.42039745103,214288.70874145103,282116.36389454897
346949.6779497255,213946.96629372548,282458.1063422745
347009.1179203921,208340.67861339208,282398.6663716079
346798.8881739607,209435.87203996067,282608.8961180393
346617.6781887842,208837.9217357842,282790.1061032158
346221.925475745,208442.169022745,283185.858816255
346283.951810098,208727.66611809802,283123.832481902
345064.5956137254,207508.30992172542,284343.1886782746
344300.54725201946,206744.26156001945,285107.23703998054
343495.73515166657,205157.43758366656,285912.04914033343
342521.4570835685,204183.1595155685,286886.3272084315
341996.8652959607,203658.56772796068,287410.9189960393
340408.1740335293,202069.8764655293,288999.6102584707
340312.8365325097,201064.89595650972,289094.9477594903
337706.14021286264,197845.72822386265,258884.15322013735
337520.3185580392,197659.90656903922,259069.97487496078
337452.25019449013,197591.83820549014,260886.90003350988
337076.50704333326,197216.09505433327,261262.64318466675
336658.0982819214,196797.68629292143,255927.66471707862
336672.80373188225,196812.39174288226,255912.95926711778
336324.33673319593,196463.92474419595,256261.4262658041
336359.8560911764,197745.1695391764,256225.90690782364
335324.2097584116,196709.52320641163,257261.5532405884
335070.9411162745,196456.2545642745,257514.82188272552
334349.7031344118,195981.35730041176,258236.05986458826
334253.3419837842,195884.99614978422,258332.4210152158
334012.74321850983,195644.39738450982,258573.0197804902
333128.29038235295,194759.94454835294,256827.967928647
332959.40104894113,194591.05521494112,256996.85726205882
332566.47427084314,194198.12843684314,257389.7840401568
332571.62822131364,194009.38590831365,257384.6300896863
332421.08735966665,193858.84504666665,257535.1709513333
332418.66474821564,193856.42243521565,257537.5935627843
332152.0103548235,193589.7680418235,257804.24795617646
330801.9682719412,192239.72595894118,259154.29003905877
330375.1735731177,191812.9312601177,260196.59673388232
329550.5799986666,190988.3376856666,262397.74789033335
329678.63587076473,191116.39355776474,262269.6920182352
328594.63628272543,190032.39396972544,263353.6916062745
328356.3636138823,189598.0291338823,263591.9642751177
328350.1534516862,189591.8189716862,265222.3853073138
328622.7795686666,189864.4450886666,264949.7591903334
328373.89069598034,190117.07458298033,265198.6480630197
327433.6998169608,189176.88370396078,266138.83894203923
327158.6368903334,188901.82077733337,266413.90186866664
326973.65388478443,188716.83777178443,266598.8848742156
326947.10193449026,188690.28582149025,266625.43682450976
327136.5384770981,188879.7223640981,266436.0002819019
327250.0764545687,188993.2603415687,266322.4623044313
326291.62116378435,188034.80505078434,267280.91759521567
326310.6755099608,188053.8593969608,267261.8632490392
326164.0221251765,187907.2060121765,267408.5166338235
326161.33849696076,191098.41764896075,267411.20026203926
326217.54640884313,191154.62556084312,267354.9923501569
326275.0317223137,191212.11087431372,267297.5070366863
326010.15634437243,193998.20324037244,267562.3824146276
325931.1559908039,193919.20288680392,267641.3827681961
326149.90879317647,194137.95568917648,272370.3646958236
325718.16187513724,193706.20877113726,272933.76128286275
325859.6642253529,193847.71112135294,272792.25893264706
325627.9179406078,193615.96483660783,273024.0052173922
325432.81136174506,193420.85825774507,273219.11179625493
325215.51093172544,193203.55782772545,273436.41222627455
323771.5198002352,191759.56669623524,274880.40335776476
323437.8730905686,190323.49847156857,275214.0500674314
323251.1083715686,190136.7337525686,275400.8147864314
323089.11521350977,189974.74059450976,275562.8079444902
321397.6607588823,188283.2861398823,277254.2623991177
321194.53252400004,188080.15790500003,276347.214823
321082.52892531373,187968.15430631372,276459.2184216863
321079.5724197059,187965.1978007059,276462.17492729414
321047.9776747256,187933.60305572557,276493.7696722745
320899.2574099217,187784.88279092166,276639.1071890783
321027.49921929423,187913.12460029422,276510.86537970573
321055.8641021962,187941.48948319617,276482.5004968038
321027.3060410393,187912.93142203928,276511.05855796067
320453.88411562756,194221.82493862754,277084.4804833724
320290.78398411773,194058.72480711772,277247.58061488223
320302.1820666079,194070.12288960785,277236.1825323921
320284.4513366863,194052.3921596863,277253.91326231364
319463.79653047054,193231.73735347053,277850.74944052944
318614.15200237255,192382.09282537253,278700.39396862744
318119.16358309804,191529.30856009806,279195.38238790195
318007.95258531376,191418.09756231378,279306.5933856862
318007.7857210197,191417.93069801974,279306.76024998026
317972.808509549,191382.95348654903,279341.737461451
317590.5056258431,191000.65060284315,279724.04034515686
317281.2362641961,190688.0644051961,280033.3097068039
317170.94906143134,190577.77720243135,280143.59690956865
317153.24866915686,190560.07681015687,280161.2973018431
317088.9183974314,190495.74653843138,280225.6275735686
317143.86641796073,190550.69455896073,280170.67955303926
314963.027212902,188369.85535390198,282351.518758098
314946.1410039805,188352.96914498048,282368.4049670195
314856.4847211765,188263.3128621765,282458.0612498235
314524.53869466664,187931.36683566665,280178.1921703334
314026.67810133327,187295.27474133327,280676.0527636668
314039.2092294705,187307.80586947053,282604.0255475295
313496.7827535294,186765.37939352938,283146.45202347066
313717.0752227254,186340.1778237254,282926.15955427464
313875.74541554897,186498.84801654896,283417.67158345104
313621.213173098,186215.915841098,283672.203825902
313562.70829450974,186157.41096250975,283730.7087044903
313357.43265507836,185884.25405707836,283935.98434392165
313299.8731329019,185035.2133399019,283993.5438660981
313366.00760047056,185101.34780747056,283927.40939852945
313153.54690282344,184942.84855082343,284139.8700961766
313055.06012147054,184844.36176947053,284238.35687752947
312741.4053583333,184530.7070063333,284552.0116406667
311992.2468214314,183781.54846943138,285301.1701775686
311660.23767011764,183449.53931811763,285633.17932888237
311576.0538364902,183365.3554844902,284600.39475550974
311585.9013637647,183375.2030117647,284590.5472282352
311363.2786747451,183152.5803227451,284813.1699172548
311398.71598394116,183188.01763194115,284777.7326080588
311388.94899668626,183178.25064468625,284787.4995953137
311406.33807121566,183195.63971921566,284770.1105207843
310976.1281711765,182765.42981917647,285200.32042082347
310535.1766556274,182324.47830362737,285641.27193637256
310596.5043398823,182385.80598788228,285579.94425211765
310463.2390128235,182252.5406608235,285713.20957917644
310348.10030547064,182101.53406647063,285828.3482865293
310391.69744123536,182145.13120223535,285784.7511507646
310172.35252,181925.786281,286004.0960719999
310279.7405608039,182281.5766868039,285896.70803119603
310222.5336988824,182224.36982488236,285953.91489311756
309893.45671100006,181895.29283700004,286282.9918809999
309762.1798349412,181764.0159609412,286414.2687570587
310038.3599731962,182040.19609919615,286138.08861880377
310137.93488545105,182139.77101145103,286038.5137065489
310222.33535762754,182224.17148362752,285954.1132343724
310241.50529001973,182243.3414160197,285934.9433019802
310022.1491794118,182313.1407684118,286154.2994125881
309669.970357353,181960.96194635297,286108.9212536471
309343.3821978628,181634.37378686276,286435.5094131373
309340.7494663922,183495.3468063922,285881.83803960774
308442.28887627454,182596.88621627452,286780.2986297254
307448.63909049024,181603.23643049021,287773.9484155097
307450.77661778434,181605.37395778432,287771.8108882156
307203.6806447059,180459.4639757059,288018.90686129406
307161.6812003725,180417.46453137253,288060.90630562743
306826.4804836667,180082.26381466672,288396.10702233325
306073.09594552947,179328.87927652948,289149.4915604705
305617.0273763333,178872.81070733332,289605.56012966664
305460.38131241174,178716.16464341176,289762.2061935882
305362.39789062744,178618.18122162746,289860.1896153725
304788.05422862736,178043.83755962737,290434.5332773726
304683.1392894313,177938.9226204313,290539.4482165687
304035.39289058826,177304.83255158825,292217.03244341176
303922.23849225487,177191.67815325485,292330.18684174516
303790.33546715684,177059.77512815682,293896.04893284314
303923.2092954706,177192.6489564706,293763.17510452936
304214.7304870785,177484.17014807847,293471.6539129215
304191.59219356865,177461.03185456863,293494.79220643133
304324.8358469216,177594.2755079216,293361.5485530784
304030.10840668634,177299.54806768632,293656.27599331364
303324.00604303926,178487.73740903928,294362.3783569607
303381.5514399804,178545.28280598042,294318.3831560196
303382.49114129413,179149.5003732941,294317.4434547059
303119.2674542549,178886.2766862549,294580.6671417451
302964.50153788243,178731.5107698824,294735.4330581176
302760.4098440196,178527.4190760196,294939.5247519804
302733.87882690196,178500.88805890194,294966.05576909805
302691.0398480196,178466.2155280196,295482.7782909804
302956.32034790196,178731.49602790194,295217.497791098
302492.08290331374,178272.55116231373,295681.73523568624
302113.40615482355,177893.87441382353,296060.41198417643
301179.7170378627,176960.18529686268,296994.1011011373
301348.3759911764,177128.8442501764,296825.4421478236
301246.3017553921,177026.7700143921,296927.5163836079
301216.8077798823,176997.27603888226,296957.0103591177
301302.42162905884,177082.88988805882,296871.39650994114
301413.950508098,177194.418767098,296759.867630902
301437.2143726862,177217.6826316862,296736.60376631375
301153.3784977842,176933.8467567842,297020.4396412158
301157.30174007843,176937.76999907842,297016.51639892155
300615.33398919593,189535.64792919593,297558.48414980405
300072.23725398025,188992.55119398024,298101.58088501974
299709.11389943125,188596.73254143127,280290.3767835687
299811.22339466657,188698.84203666658,280188.2672883334
299623.8894217451,188511.5080637451,280375.60126125487
299718.2378953333,188605.85653733334,280281.2527876666
299788.7312919216,188096.83694792158,280210.7593910784
299799.13826545095,188107.24392145095,280200.352417549
299811.34181062743,188131.56972562743,280188.1488723725
299808.5711678039,188128.7990828039,280190.91951519606
299870.6961553529,188200.23956635292,280128.794527647
299771.17761786276,188100.72102886275,280228.3130651372
299845.2959504313,188174.8393614313,280154.19473256863
299870.24211682356,188199.78552782355,275104.1957001764
298586.1621274901,186915.7055384901,276388.2756895099
298386.63769237255,186716.18110337254,276587.8001246274
298193.0706965294,186522.6141075294,276781.36712047056
297590.5064563725,185920.0498673725,277383.93136062747
297093.53950613725,185423.08291713725,277880.8983108627
296897.49378978426,185227.03720078425,278076.9440272157
296765.6113591961,185095.15477019607,278208.8264578039
296609.4962705686,184939.03968156857,278364.9415464314
296099.09954350983,184428.64295450982,278875.33827349014
295918.0783857255,184247.6217967255,279056.35943127447
295765.9117321372,184095.4551431372,279208.52608486277
295630.31752560777,183959.86093660776,279344.1202913922
295437.5104804705,183767.05389147048,279867.33303452947
295575.51725439215,183905.06066539214,279729.3262606078
295511.693216647,183841.236627647,279793.15029835294
295416.9120874314,183746.4554984314,279887.93142756855
295437.51685805887,183767.06026905886,280216.6656039412
295493.58933588245,183823.13274688245,280160.5931261176
294749.65371994127,183079.19713094126,280904.5287420588
293762.37265584327,182091.91606684326,281891.8098061568
293528.9920510981,181858.53546209808,282125.19041090197
293622.2445112157,181951.7879222157,282031.93795078434
293302.35005637264,186956.59030737262,282963.1011226273
293170.0423766079,186824.28262760787,283095.4088023921
293083.75196427456,186737.99221527454,283181.6992147254
292977.3840062354,186631.62425723538,283288.06717276457
292745.6131314314,186399.85338243138,283519.83804756857
292421.7523214705,185578.93899547053,283966.38449252944
292428.39395766676,185585.58063166676,283959.7428563332
292050.1140490197,185207.3007230197,284338.02276498027
291338.265106902,184495.451780902,285049.871707098
291286.61125992157,184443.79793392157,285101.5255540784
290637.59818494116,183794.78485894116,285750.5386290588
289738.24517964706,182895.43185364705,286649.8916343529
289374.94552052935,182532.13219452935,287013.1912934706
288710.01912925486,181867.20580325485,287678.1176847451
288629.855253,181787.04192699998,287758.281561
288517.3893069412,181674.57598094118,287870.7475070588
288498.26231145096,181655.44898545096,287889.874502549
288203.7488368431,181360.93551084312,288184.38797715685
287901.7354991176,181058.92217311758,288486.4013148824
287776.9412183921,180934.1278923921,288611.19559560786
287235.9966766863,180393.18335068627,289649.42887131375
287296.68727788236,180453.87395188236,289588.73827011767
287065.0027799215,180222.1894539215,289820.4227680785
286405.9800038627,179563.1666778627,290479.4455441373
286148.86111268634,180489.01270468632,290736.5644353137
285781.8491031177,180122.0006951177,291103.5764448823
285511.1506976863,179851.30228968628,291374.2748503137
285449.41081782355,179789.56240982353,291436.0147301765
285491.88845803926,179832.04005003924,291393.53708996077
284601.85878927447,178942.01038127445,292283.56675872556
283803.87359584315,178144.02518784313,293081.5519521569
283646.40467613726,177986.55626813724,293239.02087186277
283333.7896400784,177673.94123207836,293551.63590792165
283406.6914635098,177746.8430555098,294638.01249949017
282869.5687130587,177209.7203050587,294530.26204994123
283029.4236929411,177363.28781494108,294370.40707005886
283145.38124488224,177479.24536688224,294254.4495181177
283268.2707910391,177602.1349130391,294131.55997196084
283404.63749384304,177738.50161584304,293995.1932691569
283447.3629454117,177781.2270674117,293952.46781758824
283095.1105961176,177428.97471811762,294304.7201668823
282618.5500690196,176952.4141910196,295685.1386549804
282503.80298390193,176837.66710590193,295799.8857400981
281796.3865330196,176130.2506550196,296507.3021909804
281708.5942852353,176042.45840723527,292371.7875897647
281816.5372005294,176150.40132252942,292263.84467447054
281367.07749839214,175700.94162039214,292713.3043766078
280860.5401973137,175194.4043193137,293219.84167768626
280149.6433660784,174483.50748807838,293930.7385089216
280115.18987658824,174196.23029658824,293965.1919984117
280100.50848882354,174181.54890882355,293979.8733861764
279001.08907068626,173082.12949068626,295079.2928043137
277747.528320647,171828.56874064702,296332.85355435294
277526.71170403913,172220.34959703914,296553.67017096083
277405.81082390196,172099.44871690197,296674.571051098
277406.1641667255,172099.80205972548,296674.2177082745
277411.7072085686,172105.3451015686,296668.6746664314
276983.5232581177,171677.16115111773,297096.85861688224
276898.3333836471,171591.9712766471,297182.0484913529
276802.5094635294,171496.1473565294,297277.87241147057
275910.4128847059,170604.05077770588,298169.9689902941
275423.18542629405,170116.82331929405,298657.1964487059
275394.3904298235,170088.0283228235,298685.9914451765
274966.0521132745,169659.69000627453,299114.32976172544
274538.3321020588,169231.9699950588,299542.04977294116
274062.6988229216,168756.3367159216,299858.3955870784
274091.90573680395,168785.54362980396,299829.18867319607
273731.9436691373,168425.58156213732,300189.1507408627
272047.35979533335,166740.99768833336,275001.0025566666
272026.1411466471,166719.7790396471,275022.22120535286
272044.00252358825,166737.64041658826,275004.3598284117
269616.28166068636,164309.91955368637,277432.0806913136
269592.3294653137,164285.9673583137,277456.03288668627
269205.28316558833,163898.92105858834,277843.07918641163
269306.14256447065,163999.78045747065,277742.2197875293
269459.54719031375,164153.18508331376,277588.8151616862
269416.5790034903,165971.33710949027,277631.7833485097
269423.54856298043,165978.30666898043,277624.81378901954
269151.625651902,165706.383757902,277896.736700098
269187.12140005885,165741.87950605885,277861.2409519411
268910.30704192165,165465.06514792165,273800.4507770784
268882.1198270197,165436.87793301968,273828.63799198036
268567.065713353,165121.82381935298,274143.69210564706
267377.79622325493,163932.55432925493,275332.9615957451
266402.36018272553,162957.11828872553,276308.3976362745
266257.67041513725,162812.42852113725,276453.0874038628
265456.0548718235,162010.81297782352,277254.7029471765
264207.4894064117,160762.2475124117,278503.26841258834
263756.62389392155,160311.38199992155,278954.1339250785
263717.5062397059,160272.2643457059,279518.37988229416
263457.9631167843,160012.72122278428,279777.92300521577
263375.2778701176,159930.03597611762,279860.6082518824
263210.8221158235,159765.5802218235,280025.06400617654
263395.9243018628,159950.68240786277,279839.9618201373
263216.0278400589,159770.7859460589,280019.85828194115
263307.04516503925,159861.80327103924,279928.8409569608
262894.2265351373,157443.37677413726,280341.6595868628
262932.8459083726,157481.99614737259,280303.04021362745
262869.43093209807,157418.58117109805,280366.455189902
262481.3394064118,157030.48964541178,280754.54671558825
262490.2339786667,157039.3842176667,280745.65214333334
262481.34060527466,157030.49084427464,280754.5455167254
262167.46474027465,156716.61497927463,281068.4213817254
261504.247087059,155151.671361059,281731.6390349411
261550.62817994133,155198.05245394132,281685.2579420587
261489.10498539227,155136.5292593923,282289.7726716077
260668.2642357256,154315.68850972562,283110.61342127435
260487.9907552942,154135.4150292942,283290.88690170576
260403.05862576482,154050.48289976484,283375.8190312352
260381.05923894132,154028.48351294134,283397.8184180587
260329.334110608,154833.968042608,283449.543546392
260146.5270521178,154651.1609841178,283632.3506048822
259608.6042695491,154113.2382015491,284170.27338745084
258697.94217970598,155895.82923770597,285080.935477294
258762.68359054907,155960.57064854907,285016.19406645093
258227.90469582353,155425.79175382352,285550.9729611764
258174.66513756872,155372.5521955687,285604.21251943125
257921.66129290196,154012.27156190196,285857.216364098
257857.5971729216,153948.2074419216,285921.28048407834
257848.7398796863,153939.3501486863,285930.1377773137
257673.21745274507,153763.82772174507,286105.6602042549
257845.06322560785,153935.67349460785,285933.8144313921
258093.16435515686,154183.77462415685,285685.71330184315
258002.4869927843,154093.0972617843,285776.39066421567
257889.31842899998,153979.92869799997,285889.559228
257586.96563841176,153677.57590741175,286191.9120185882
257336.96792858822,153427.5781975882,286441.90972841176
256674.38827947053,152764.99854847052,287104.4893775295
256542.80208239213,154629.87365439214,287236.0755746078
256419.68632290186,154506.75789490185,287359.1913340981
256473.38453954898,154560.456111549,287305.49311745097
256077.3201257451,154164.39169774507,287701.5575312549
256001.2734137255,159275.11291172547,287777.6042432745
256082.67074121567,159356.51023921568,287696.2069157843
256098.55935896072,159372.3988569607,287680.31829803926
256167.12025150983,159440.9597495098,287611.75740549015
256105.7209107059,159379.5604087059,287673.1567462941
255976.18653774515,159250.02603574516,287802.6911192548
255794.6836709804,159068.52316898038,287984.1939860196
253496.39055188233,156770.23004988232,290282.48710511765
253150.2709035882,156424.1104015882,290628.60675341176
253175.56837025497,156449.407868255,290603.30928674503
252728.76308905883,156002.60258705885,291050.1145679412
252183.789758804,155457.629256804,291595.08789819595
252060.4654843137,155334.3049823137,291718.4121726863
251330.41603378422,163925.8218007842,292448.46162321576
251177.61643219605,163773.02219919604,292601.2612248039
251247.03160296066,163842.43736996065,292531.8460540393
250992.3689809215,164365.4526709215,292786.50867607846
250763.90708829404,164136.99077829404,293014.97056870593
250426.64392854893,163799.72761854893,293352.2337284511
250460.3859027254,163833.4695927254,293318.4917542746
250467.48424896065,163840.56793896065,293311.39340803935
250605.21614833325,163978.29983833325,293173.6615086667
250574.88112090187,163947.96481090187,293203.9965360981
250445.06633262738,163818.15002262738,287149.8864253726
249725.47519086263,163773.11877586262,287869.47756713734
249670.55281188234,163718.19639688235,287924.39994611766
249597.1283357451,163644.7719207451,287171.0545882549
249456.95522239216,163504.59880739218,285563.5869856078
249629.55697929414,163677.20056429412,289018.3833177058
249349.51948864706,163397.16307364707,289298.42080835294
249181.83163639213,163229.47522139212,289466.10866060783
249326.42286684312,163374.06645184313,289321.5174301569
248707.58972654902,162755.233311549,289940.350570451
248748.87289350983,162796.51647850982,289899.0674034902
248711.46757376476,162759.11115876475,288483.8517632353
248457.6912051961,162505.3347901961,289498.84179180395
248387.20771837258,162434.8513033726,289569.32527862745
248365.7999832745,162413.4435682745,289590.7330137255
248407.32673231373,162454.97031731374,289549.2062646863
248441.97522496083,162860.12794496084,289514.5577720392
248435.29520903926,162853.44792903925,289521.2377879608
248184.33577941175,163814.43133941176,289772.1972175883
247764.62581678433,163394.72137678432,284977.10910721566
247694.08348113726,163326.42446013726,285047.6514428627
247265.0609088039,162897.4018878039,285476.6740151961
246633.93409111764,163845.42312611765,286107.80083288235
246337.5505172157,163549.03955221572,286404.18440678425
245975.77805201965,163187.26708701966,286765.95687198034
246011.21589678436,162980.75794278434,286730.51902721566
246097.73761245096,163067.27965845098,286643.997311549
245996.03394523534,162965.57599123532,289687.0635517647
245748.46994568623,162718.01199168625,289934.6275513138
245691.2755391372,162660.8175851372,289991.8219578628
245366.8963584509,162336.4384044509,290316.20113854914
243928.46389535294,160898.00594135292,291754.6336016471
243900.98851878435,160870.53056478436,291782.10897821566
243832.84929584316,160452.89512184315,291850.24820115685
243681.00629674512,160301.05212274514,292002.09120025486
243552.1418715098,157574.79957950982,292130.95562549017
243615.1330742157,157637.7907822157,292067.9644227843
243629.72212678436,157652.37983478437,292053.3753702156
243533.97964076474,157556.63734876475,292149.11785623524
243197.7729915687,157057.9001765687,292485.32450543134
243238.19435541183,158037.20740841184,292444.9031415882
243169.33533733338,157968.34839033338,292513.7621596666
243181.7170284902,157980.7300814902,292501.3804685098
243135.65247101962,157300.30800201962,292547.44502598036
243155.05046196084,157319.70599296084,293296.58254903916
243205.10306160786,157369.75859260786,295134.0418563921
242584.3308164706,156748.9863474706,295754.81410152937
242038.49415166667,156203.14968266667,296256.1418163334
241885.86668070592,156050.52221170592,296408.7692872941
241655.31504925486,155819.97058025486,296639.3209187452
241574.56725633334,155739.22278733333,297153.2224986667
241487.5739370196,155652.2294680196,297240.21581798047
241140.8603966471,155305.5159276471,297586.9293583529
241104.908793902,155269.564324902,297622.880961098
240291.50879154901,154456.164322549,298436.280963451
240355.11157225491,154471.7918862549,298372.6781827451
239879.26167839218,155316.2806773922,290837.48903060786
239809.20851456872,155246.2275135687,290907.5421944313
239769.33141035304,155206.35040935304,290947.419298647
239676.72856170594,155113.74756070593,291040.02214729413
239382.80697888238,154819.82597788237,291333.94373011764
239221.81242080394,154658.83141980396,291494.9382881961
239002.83075780395,154439.84975680395,291713.91995119606
238932.08721321565,154369.10621221567,291784.6634957844
238254.82113431377,153691.8401333138,288815.94401968626
238311.46091417654,153748.47991317656,288759.3042398235
238361.2240581766,153798.2430571766,288709.5410958234
238279.00500341188,153716.02400241187,288791.7601505881
238249.90694276482,153686.92594176484,288820.8582112352
238255.83405645104,153692.85305545107,288814.931097549
238284.29689513732,153721.3158941373,288786.46825886273
238087.98727566676,153525.00627466675,288982.77787833323
238068.04890082357,153897.21802382357,289002.71625317645
237884.00918380398,153713.17830680398,289186.75597019604
237360.6537819608,156369.52825196082,289710.1113720392
237349.0827495099,156357.95721950987,289721.68240449013
237367.27174464712,156376.1462146471,289703.4934093529
237337.99981060796,156346.87428060797,289732.76534339203
237380.29991425498,155158.022343255,289690.46523974504
237073.4473993726,154851.1698283726,289997.31775462744
237012.1062766275,154789.82870562753,290058.6588773725
237073.17353566678,154850.8959646668,289997.59161833324
236953.48467623538,154731.20710523537,290117.28047776467
236702.87605139223,154480.59848039225,290367.8891026078
236385.9550150589,154163.67744405888,290684.81013894116
236225.90001152948,154003.62244052946,291600.22047747055
236180.33401725497,153958.05644625495,291911.54357274505
235950.63209680395,153728.35452580394,292141.24549319607
236004.28856964712,153400.31535464711,292087.5890203529
235384.35731023533,152780.38409523532,292707.5202797647
235396.28714049025,152792.31392549025,292695.5904495098
235181.2760785883,152577.3028635883,292910.6015114117
234970.77273762753,149269.67518762752,293121.10485237255
234939.48040554914,149238.38285554913,293152.3971844509
235011.2189305883,149310.1213805883,293080.6586594117
235013.00048837264,149311.90293837263,293078.8771016274
235057.6692800393,149356.5717300393,293034.2083099608
235076.17657262748,149713.66013162746,293015.70101737254
234796.78244647064,149434.26600547065,293295.0951435294
234755.61484947056,149393.09840847057,293336.2627405295
234566.44448915683,149133.68113015682,293525.4331008432
234511.8376179607,149079.0742589607,293580.03997203935
234491.24475572546,149058.48139672546,293600.63283427455
234421.85765892154,148989.09429992153,293670.01993107854
234390.41160250982,148957.64824350982,293701.46598749026
234314.88673568622,148882.1233766862,293776.99085431383
234294.745206196,148861.981847196,293797.13238380407
234292.73840933322,148859.97505033322,293799.1391806668
234363.86868813715,148931.10532913715,293728.0089018629
234232.47742384303,148799.71406484302,293859.40016615705
234041.1356092548,148608.3722502548,294050.7419807452
233446.62167064697,148013.85831164697,294695.04207035305
232976.8972994901,147544.1339404901,295164.7664415099
232929.99968676467,147497.23632776467,295211.6640542353
232374.31717527454,146941.55381627454,295767.34656572546
232250.1105506274,146817.3471916274,295891.5531903726
232444.8922231765,147012.12886417648,300294.73356082354
232361.3124702549,146928.5491112549,300378.31331374514
232095.37115913726,146662.60780013725,297996.61440486275
230978.4810564118,145545.7176974118,299113.50450758816
231126.80826519607,147167.81669919606,298965.17729880393
230815.1274815294,146856.1359155294,301733.62726347067
230695.15256433334,146736.16099833336,304162.52140466665
230870.49062015687,146911.49905415688,303987.18334884313
230796.55782605882,146837.56626005884,304061.1161429412
230390.2583802157,146431.2668142157,304467.41558878426
226058.04691549018,142099.0553494902,308799.6270535098
225869.34102354897,141910.349457549,308988.332945451
225784.90761511758,141825.91604911757,309072.7663538824
225829.27425047057,141870.28268447059,309028.3997185294
225835.7999510784,141876.8083850784,309021.8740179216
225777.26716272547,141818.27559672546,309080.40680627455
225505.72112882353,141546.72956282354,309351.95284017647
225398.8287180588,141439.83715205878,309458.84525094123
225410.01816213722,141451.0265961372,309447.65580686275
225424.17360841177,141465.18204241176,309433.5003605882
225571.27196786276,141119.37306086277,309286.40200113726
224276.23446864708,139824.33556164708,310581.43950035295
223849.91220966668,139398.0133026667,311007.7617593333
221964.3214857059,137512.4225787059,242239.14129129407
221429.49077794116,136977.59187094116,242773.97199905882
221508.103182,137056.204275,242695.359595
221550.15648349025,137098.25757649026,242602.57696750975
221618.96507921573,137167.06617221574,242533.76837178427
221477.33498250984,137025.43607550985,242675.39846849017
221263.755747706,136811.856840706,242888.97770329402
221074.27332656868,136622.3744195687,243078.46012443132
221027.6960242157,136575.7971172157,243125.0374267843
220784.0626472745,136332.1637402745,243368.67080372552
220551.55668031366,136099.65777331367,243601.17677068635
220317.91116109796,135866.01225409796,243834.82228990205
220248.55407374506,135796.65516674507,243904.17937725494
220175.28924009803,135723.39033309804,243977.44421090197
220099.67522896078,135647.7763219608,244053.05822203922
220161.24444431372,135709.34553731373,243991.4890066863
220234.55852696075,135782.65961996076,243918.17492403925
219901.17265307848,135449.27374607848,244251.56079792153
219732.6932731765,135280.7943661765,244420.0401778235
219421.77242274513,134969.87351574513,244730.96102825488
219604.14455245095,135152.24564545095,244548.58889854906
219577.23616045096,135125.33725345097,244575.49729054904
219420.26237001957,134968.36346301957,244732.47108098044
219098.9870088431,134647.0881018431,245053.7464421569
218913.83605950972,134461.93715250972,245238.8973914903
218236.4337437843,133784.5348367843,245916.29970721572
217866.15690315678,133414.25799615678,246286.57654784323
217546.1904412745,133094.2915342745,246606.54300972552
217557.11541272546,133003.17263272544,246595.61803827455
217552.39511843136,132998.45233843138,246600.33833256864
217581.4041382549,133027.4613582549,246571.3293127451
217591.2791200196,133037.3363400196,246561.4543309804
217561.05604586276,133007.11326586275,246591.67740513725
217509.1401345882,132955.1973545882,246643.5933164118
217461.16663060786,132907.22385060787,246691.56682039215
217337.06223221569,134089.06805721569,246901.4951217843
217127.13140184316,133879.13722684316,247111.42595215683
217148.6829278628,133900.6887528628,247089.8744261372
217056.83143594125,137151.70921494125,247181.72591805874
217104.28786329413,137199.16564229413,247134.26949070586
216863.21757386278,136958.0953528628,247375.3397801372
216980.8981974902,137075.7759764902,247257.6591565098
216851.7954817059,136946.6732607059,247386.7618722941
216830.39878794117,136925.27656694117,247408.15856605882
216576.70967143134,136671.58745043134,247661.84768256865
215951.143897098,136046.021676098,248287.413456902
215943.37533394113,136038.25311294114,248295.18202005886
215961.78015178425,136056.65793078425,248276.77720221574
214892.0807621764,134986.9585411764,249346.4765918236
214935.43760386267,135030.31538286267,249303.11975013732
215006.38278852933,135101.26056752933,249232.17456547066
214871.2931671764,134966.1709461764,249367.2641868236
214839.53239476465,134934.41017376466,251441.31002023537
214830.571704549,134925.449483549,251450.27071045103
214556.0398863137,134650.9176653137,251724.80252868633
214355.40367217644,134450.28145117644,251925.43874282358
214123.93299852943,134218.81077752943,252290.73515947055
214141.00608800005,134235.88386700006,252273.66206999993
213980.19609070598,134075.073869706,252434.472067294
213613.45803827458,134413.19657227458,252801.2101197254
213569.2416971961,134368.9802311961,252845.4264608039
213082.7196842549,134359.42920925491,253331.94847374508
212898.45497225487,134175.16449725488,253516.21318574512
213029.77308086268,134306.48260586266,253384.8950771373
212705.10626737255,133981.81579237257,253709.56189062743
212712.21891984306,133988.92844484304,253702.44923815693
212621.40939933332,133951.32134933333,253793.25875866666
212578.898194353,133908.81014435302,253835.76996364698
212388.96977774508,133718.88172774506,253122.5207792549
212331.7048667843,133661.6168167843,253179.78569021568
212254.35638401957,133584.26833401958,253257.1341729804
212270.8235933725,133600.73554337252,253240.66696362747
212165.40656649022,133495.31851649022,254004.08674450978
212159.39790707844,133489.30985707842,254010.09540392156
211763.94130176475,133093.85325176473,254399.49975723523
211452.0250498627,132781.93699986272,254711.41600913726
211334.81039470588,132664.7223447059,254828.6306642941
211333.10865037257,132663.02060037258,254830.3324086274
211067.25657996078,132397.1685299608,255096.1844790392
210882.84616643138,132212.75811643136,255280.5948925686
210531.6547428235,131861.5666928235,255631.78631617647
210282.2642729804,131612.17622298037,255881.17678601958
210300.25586821567,131630.16781821568,255863.1851907843
210284.79022209803,131614.70217209804,255878.65083690194
210253.50294274505,131583.41489274503,255909.93811625493
209739.56075199993,131069.47270199993,257352.4107000001
209327.63887215676,130657.55082215676,257764.33257984326
209351.42826809792,130681.34021809792,257740.5431839021
209336.03511917638,130665.94706917637,257755.93633282365
209506.707419647,130836.61936964699,257585.26403235304
209355.50590313724,130723.62292213723,257740.7665518628
209053.12297231363,130421.23999131363,258043.1494826864
207589.710409843,128957.82742884301,259506.562045157
207406.7079157646,132406.8249387646,259689.56453923543
207374.37387096067,132456.09112796065,259721.89858403936
207431.85844186269,132513.57569886267,259664.41401313734
207425.3488775882,132507.0661345882,259670.92357741183
207427.54151711758,132606.8908571176,259668.73093788244
207382.98176837253,132562.33110837254,259713.2906866275
207044.02440925493,132223.3737492549,260052.2480457451
206820.4128668824,131999.7622068824,260275.85958811763
206550.94319825494,131730.29253825493,260545.32925674508
206607.58739252947,131786.9367325295,260488.68506247055
206259.61700064706,131438.96634064708,260836.65545435296
206087.0281694706,131266.37750947062,261009.24428552942
206144.1606693726,131323.5100093726,260952.11178562744
205937.96589505882,131117.31523505884,261168.12041494116
205991.4674155294,131170.81675552938,261114.6188944706
205929.95235992156,131109.30169992155,261176.13395007842
205976.95915741174,131156.30849741172,261129.12715258825
205803.23901211767,130982.58835211767,261302.8472978823
205378.88285941177,130558.23219941177,261727.20345058822
205371.59301962747,130550.94235962747,261734.4932903725
205211.7854103137,130391.1347503137,261894.3008996863
205033.24310862744,130212.59244862745,262072.84320137254
204840.43401715686,130019.78335715686,262265.6522928431
204782.3830938039,130854.55393680389,262323.7032161961
203927.07879305884,131496.38722505886,263179.0075169412
203894.13286945096,131463.44130145095,263211.953440549
203915.4631893529,131484.77162135288,263190.6231206471
203811.0693725098,131380.37780450983,263295.0169374902
203636.5586480392,131205.86708003923,263469.5276619608
203310.29059013724,130879.59902213725,263795.79571986274
203284.63112507842,130357.20286607843,263821.45518492156
203346.35710968624,130418.92885068625,264335.22950131376
203294.4165684706,130366.9883094706,264387.1700425294
203124.79279170587,130197.36453270588,264573.18490529415
202967.3292182353,130039.90095923531,264730.6484787647
202809.51227515689,129882.08401615689,264888.4654218431
202766.1500416667,129838.7217826667,264931.8276553333
201108.32493823528,128180.89667923529,263674.1499097647
200598.87075272552,127671.44249372552,264183.60409527447
199743.25738237257,126815.82912337258,265039.2174656274
199771.8509662745,126844.42270727451,265059.2557867255
199517.5353885098,126590.10712950981,265313.5713644902
199092.23307717647,126164.80481817648,265738.87367582356
198938.40264760784,126010.97438860785,265892.70410539216
197947.72659729412,125020.29833829413,234953.4004237059
197965.70771350982,125299.55471550982,238294.27872949015
197967.21415984313,125301.06116184313,238292.77228315684
197791.61892656863,125125.46592856862,238468.36751643135
197539.31368831373,124873.16069031373,238720.67275468624
197562.83036609806,124863.92368209806,238697.1560769019
197590.8981189216,124891.99143492161,238669.08832407836
197557.36089837263,126210.45676137262,238702.62554462734
197215.54701558826,125868.64287858826,239044.4394274117
196863.8808020981,125516.9766650981,239396.10564090186
196842.41570425496,125495.51156725496,239417.570738745
196610.41889323536,125263.51475623535,239649.56754976462
196444.4753108628,125097.57117386279,239473.0392111372
196407.24508670592,125060.34094970592,239510.26943529406
196341.6811349216,124994.77699792158,239575.8333870784
196318.35144329417,124971.44730629417,239599.1630787058
196282.6727425883,124935.7686055883,239634.84177941168
196380.89690549026,125033.99276849025,239536.61761650973
196332.81390582354,124985.90976882353,239584.70061617644
196337.8779477843,124990.97381078429,239579.6365742157
196341.7818891569,124994.8777521569,239575.73263284308
196174.13167464707,131320.96777264707,239743.3828473529
196241.16952664705,131388.00562464705,239676.34499535293
196206.46344407837,131353.29954207837,239711.0510779216
196256.84180996075,131403.67790796075,239660.67271203923
196275.73662647058,131422.57272447058,239641.7778955294
196155.1585552745,129658.32052527451,239762.35596672547
196217.25870098034,129720.42067098034,241986.43778601964
196239.0250725686,129742.18704256859,241971.58020743143
196312.21750566663,129815.37947566663,241898.3877743334
196241.79695599998,129744.95892599998,241968.80832400004
196360.09578645095,129863.25775645096,241850.50949354906
196255.31834068624,129758.48031068624,241955.28693931378
196289.6104230588,129792.7723930588,241920.99485694122
196270.6292963529,129773.79126635291,241939.9759836471
196411.8944231568,129915.0563931568,241798.71085684322
196444.34383937245,129947.50580937245,241766.26144062757
196537.6335596666,130040.7955296666,241672.97172033341
196608.72398203914,130111.88595203914,241601.88129796088
196625.4944827843,130128.6564527843,241585.11079721572
196550.09346958823,130053.25543958823,237775.12926341177
196570.18178254896,130073.34375254896,237755.04095045105
196554.49090245093,130057.65287245093,237770.73183054908
196395.92542756855,129899.08739756855,237929.29730543145
196057.93131872543,129561.09328872543,238267.29141427457
195838.0708438627,129341.23281386269,238487.1518891373
195356.23464019605,126544.94220419605,238968.98809280395
195491.09664715684,126679.80421115684,238834.12608584316
195422.1230442941,126610.8306082941,235830.5488707059
195462.38667949018,126651.09424349018,235790.28523550983
195457.24791260783,126645.95547660782,235795.4240023922
195461.1786356666,125886.89331466661,235365.3200903334
195109.17624866663,125534.89092766662,236035.5154973334
195077.8675011176,125503.5821801176,236066.82424488242
195065.743311,125491.45799,236078.94843500003
195063.7195543137,125489.43423331369,236080.97219168633
194951.18488486274,125117.51079986274,237838.76138813724
194980.60986590196,125146.93578090196,237809.33640709802
195008.67516005883,125175.00107505883,237781.27111294115
194947.15696809802,125113.48288309801,237842.78930490196
194786.97666370586,124953.30257870586,238002.96960929412
194641.9854139608,124808.31132896079,238147.9608590392
194642.3236668235,124808.6495818235,239180.9127431765
191105.23761296077,121271.56352796077,240039.45413303925
191013.37978647058,121179.70570147058,240131.31195952944
190902.48178368623,121068.80769868623,240242.2099623138
190722.47995345097,120888.80586845096,240422.21179254906
190717.91044172554,120884.23635672554,240426.78130427448
190258.7278144314,120425.05372943138,240885.96393156864
190241.70814507845,120408.03406007844,240902.98360092158
190234.68290758826,120401.00882258825,240910.00883841177
190256.6574037647,120422.98331876469,240888.03434223533
189913.51387745098,120079.83979245098,241231.17786854904
189917.78188901956,120084.10780401956,241226.90985698046
189775.4821332941,119941.8080482941,241369.20961270592
189803.09658311764,119282.97131111764,241341.59516288238
189754.92452084314,119234.79924884313,241830.3800551569
189806.82731096077,119286.70203896076,241778.47726503926
189625.23349586275,119105.10822386274,241960.07108013728
189655.0189489608,118650.3538439608,241930.28562703924
189706.90670558822,118702.24160058823,241878.3978704118
189044.41953235297,118039.75442735298,242540.88504364705
189115.53011062744,118110.86500562745,242469.77446537258
189012.37537315686,118007.71026815686,242572.92920284317
188987.99374494117,117983.32863994117,242597.31083105886
188597.95733735294,117593.29223235295,242987.34723864708
187974.67575066665,116970.01064566665,243610.62882533338
187820.16486450977,116821.83355250978,243765.13971149025
187876.95649292157,116878.62518092158,243708.34808307845
187574.4133447255,116576.0820327255,244010.89123127452
187479.03132919606,116480.70001719607,244106.27324680396
187490.13739915684,116453.83022015684,244095.16717684318
187490.13739915684,116453.83022015684,244095.16717684318
187498.72959125484,116602.85234225485,244727.72971474513
187508.92062398032,116613.04337498032,244717.53868201966
187418.1164423529,116522.23919335291,244808.34286364706
187437.03376356862,116541.15651456862,244789.42554243136
186086.77587735292,115190.89862835292,246139.68342864705
186124.17211672544,115228.29486772545,246102.28718927453
186112.62316388232,115216.74591488233,246113.83614211765
186201.60769533328,115305.73044633328,246024.8516106667
185549.5956340588,114653.71838505879,247766.6077549412
183676.94061768625,112781.06336868626,249980.24459331372
183543.22712678424,112647.34987778425,250113.95808421573
183566.37241866667,112670.49516966667,250090.8127923333
183141.61122009798,112245.73397109799,250515.573990902
183192.9495256274,112472.7598376274,250464.23568537258
183207.70204313728,112487.51235513728,250449.4831678627
183177.67347947063,112457.48379147063,250479.51173152935
183225.6877095098,112505.4980215098,250431.49750149017
183115.18899213732,112394.99930413732,250541.99621886265
183180.844993902,112460.655305902,252330.44559309803
182742.3635075687,112022.17381956869,252768.92707943133
182832.80424729415,112478.34019129415,252678.48633970588
182558.7193079608,112204.2552519608,253577.6233650392
182503.2123976275,112567.6192896275,253633.1302753725
182509.02089180396,112573.42778380396,253627.32178119605
182482.02019172552,112546.42708372552,253654.3224812745
182288.50730805885,112352.91420005885,253847.83536494116
182314.57917558827,112378.98606758827,253821.76349741174
182063.7343205294,112128.14121252939,254978.9779694706
182093.1602988039,112157.56719080391,254949.5519911961
182133.5113210196,112197.91821301961,254909.20096898038
182129.1983706471,112193.60526264709,254913.5139193529
181995.23966031373,112059.64655231373,255047.47262968626
181865.29965931372,111289.42044931372,255177.41263068627
181885.7163610196,111309.83715101959,254080.2068869804
181916.42535468625,111340.54614468625,254049.49789331373
181619.42777550983,111043.54856550983,254346.49547249015
181325.0664549216,110749.18724492159,256598.8054490784
181212.53530754903,110636.65609754903,256711.33659645097
181206.6732549216,110630.7940449216,256717.1986490784
181184.82508986274,110608.94587986275,256739.04681413725
181279.69752276465,112454.67662276464,256356.32683723533
181286.47305568625,112461.45215568625,256349.55130431373
180799.2567685294,111974.23586852939,256836.7675914706
180573.87582752935,111748.85492752935,257062.14853247063
180638.61392386272,109699.59106586273,256997.41043613726
180553.47034437253,109614.44748637253,257082.55401562745
180528.77494527452,110902.83919727452,257107.24941472546
180594.90233778433,110968.96658978432,257041.12202221566
180593.49035984316,110967.55461184315,257042.53400015683
180104.9166141961,110478.98086619609,257531.1077458039
180111.58271837258,110485.64697037257,257524.4416416274
180129.39061488234,110503.45486688234,257506.63374511764
179983.86071713726,110819.67304913726,257652.16364286272
179513.43882970588,110349.25116170588,258122.5855302941
179528.0911744117,110363.9035064117,258107.93318558828
179704.2792682745,109632.10438327449,257931.7450917255
179533.25719623527,109461.08231123527,258102.7671637647
179256.523203098,109006.65846509801,258379.50115690197
178924.862662,121687.277783,258711.16169799998
178948.79353288235,120734.67671988235,258687.23082711763
178985.65913464705,120696.24803364705,258650.36522535293
178908.90848203923,120619.49738103923,258727.11587796075
178907.74467456862,120618.33357356861,258728.27968543136
178963.87821686277,120674.46711586276,258672.14614313722
178941.7492260196,120942.3184460196,258694.27513398038
178956.40742815685,120956.97664815685,258679.61693184313
179054.12651452937,121054.69573452938,258581.8978454706
179017.74779956855,121018.31701956855,258618.27656043143
178851.4852151176,120852.0544351176,258784.53914488238
178837.13290241174,120837.70212241175,258798.89145758824
178833.58456272545,121246.17508372545,258802.43979727454
178368.86673947054,120781.45726047055,259267.15762052944
178149.64046250976,120562.23098350977,259486.38389749022
178203.48140809798,120616.07192909799,259432.542951902
178143.7876094902,120815.32973649018,259492.2367505098
178098.39140727447,120769.93353427446,259537.63295272551
177710.92091388232,120382.46304088231,262183.9039771177
177759.3345499804,120430.8766769804,262135.49034101958
177649.7972287255,120321.3393557255,264953.1146882745
177657.34789490196,120328.89002190196,264945.5640220981
177581.7568516863,120253.2989786863,265021.1550653137
177526.62304552944,120198.16517252944,265076.2888714706
177193.4046564118,119864.94678341178,265409.50726058823
177191.79870982355,119863.34083682354,265411.11320717644
176796.5271670588,119468.0692940588,265806.3847499412
176785.47015131376,119457.01227831375,265817.44176568626
176763.08324037254,119434.62536737253,265839.8286766275
176698.7967302745,119197.09910927451,265904.1151867255
176668.47959311766,119166.78197211766,265934.43232388236
176707.60050478435,118713.85476578434,265895.3114122157
176685.37133680395,118691.62559780394,265917.5405801961
176683.75897082355,118690.01323182354,265919.1529461765
176733.66206064707,118739.91632164706,265869.2498563529
176648.6470367059,118654.90129770589,265954.2648802941
176633.54028392158,118639.79454492158,265969.37163307844
176689.61897507843,118695.87323607842,266972.63224392163
176050.8521253922,118057.1063863922,267611.3990936078
176057.72463598044,118063.97889698044,267604.5265830196
176047.65648545107,117612.35520245106,267614.59473354893
176074.36342303926,117639.06214003926,267587.88779596076
176053.60895978435,117618.30767678434,267608.6422592157
176122.95874754907,117687.65746454906,267539.292471451
175415.65520541175,116980.35392241174,268246.59601358825
175178.91933666667,116811.99243466667,268483.3318823334
174993.66040601957,116626.73350401956,268668.59081298043
175109.7645502353,116742.83764823529,268552.48666876473
175144.02337635294,116777.09647435293,268518.2278426471
175151.11674739217,116784.18984539216,268511.13447160786
175039.73517492157,116672.80827292157,268622.51604407845
174622.92517062745,116233.65892462745,269039.32604837255
174540.83735129412,116151.57110529412,269121.4138677059
174225.37700907845,115576.48230007845,269436.8742099216
174274.13593652943,115625.24122752943,269388.1152824706
173777.90311366666,115129.00840466666,269884.3481053334
173458.8878640196,114859.8788540196,270203.3633549804
173359.04372141176,114749.96820241175,270303.20749758824
173324.66008145094,114715.58456245094,270337.5911375491
173278.9367140392,114669.86119503921,270383.3145049608
173244.7623693333,114635.6868503333,270417.4888496667
173291.13516292154,114682.05964392153,270371.11605607846
173193.00923558825,114583.93371658825,270469.2419834118
173181.07752643136,114572.00200743135,270481.1736925687
173230.76918882356,114621.69366982355,270431.48203017644
173285.8349058039,114676.7593868039,270376.4163131961
173247.73781454904,114638.66229554903,270414.51340445096
173238.12992190197,114629.05440290197,271043.78968309803
173281.22714427454,114672.15162527454,271000.69246072543
172919.63599443145,114117.04032743144,271362.28361056856
172652.49109350986,115091.87436350985,271629.4285114901
172620.56131801964,115059.94458801963,271661.35828698036
172649.62910958828,115089.01237958827,271632.2904954117
172183.745034804,114822.075404804,272098.174570196
172156.512410353,114794.842780353,272125.407194647
172184.59621923533,114822.92658923534,272087.12757276464
172147.63258935296,114785.96295935297,272124.091202647
172068.7269077255,114707.05727772551,272202.9968842745
171967.65961200002,114605.98998200003,272304.06418
172048.03818650983,114686.36855650984,272223.6856054901
171160.75258084317,113799.08295084318,273110.9712111568
171181.62391525495,113819.95428525496,273090.099876745
171256.96939841183,113895.29976841185,275403.32930458814
170783.58875664714,113421.91912664715,271383.37055835285
170804.05587127458,113442.3862412746,271362.90344372543
169591.338544353,112229.66891435301,272575.62077064696
169413.52260196084,112051.85297196085,272753.4367130392
169540.53797919615,112178.86834919616,272626.4213358038
169603.8474253334,112242.17779533341,272563.1118896666
169557.1421601177,112195.47253011772,272609.81715488224
169570.42952147068,112208.75989147069,272596.5297935293
169608.3313943138,112246.66176431382,272558.62792068615
169651.65517478436,112289.98554478437,272515.3041402156
169649.05102180393,112287.38139180394,273022.7189781961
169136.22672021572,111774.55709021573,265283.91873878427
168710.2337332745,111348.56410327452,265709.9117257255
168587.1896090588,111225.51997905882,266087.94383594114
168618.8360789216,111257.1664489216,266056.29736607836
168200.1792709608,110838.50964096081,266474.9541740392
168077.47960254905,110715.80997254906,266597.65384245093
168036.38753386275,110674.71790386277,266638.7459111372
167357.9123169608,109996.24268696082,267317.2211280392
167434.6902291961,110073.02059919611,267240.4432158039
167378.97423029417,110017.30460029418,267296.1592147058
167395.05863517654,110033.38900517655,267280.0748098234
167420.77098658824,109753.48204658824,267254.3624584117
167353.5322677843,109996.4250217843,267321.6011772157
167322.4153987059,109965.3081527059,267352.71804629406
167318.91573560782,109961.80848960782,267356.2177093922
167344.5827126274,109987.4754666274,267330.55073237256
167349.9774421568,109992.87019615681,267325.15600284317
166970.5294419019,110734.60353090189,267704.6040030981
166378.2723317647,110142.34642076469,268296.8611132353
166332.35575480395,110096.42984380396,268342.77769019606
166166.24282423532,109930.31691323532,268508.8906207647
166274.06548058824,110785.17934558823,268401.06796441175
166288.88439100003,110799.99825600002,268386.24905399996
165535.67128521574,110046.78515021573,269139.4621597843
165563.8265374314,110074.94040243138,269111.3069075686
165418.32720735297,109929.44107235296,269256.806237647
165098.98192274512,109610.09578774511,269576.15152225486
165161.9979991765,109673.11186417649,269513.1354458235
164864.3306634902,109375.44452849019,269810.8027815098
164719.48506468625,109230.59892968624,269955.64838031377
163781.62796819606,108292.74183319605,270893.5054768039
163801.18400878427,108312.29787378426,270873.9494362157
163541.9448327843,108053.05869778429,271133.1886122157
163566.68080323527,108077.79466823526,271108.4526417647
163496.36575188237,108007.47961688237,271178.7676931176
163338.655385353,107849.76925035298,271336.478059647
163344.32779937255,107855.44166437254,271330.80564562744
163247.52162764707,107758.63549264707,271427.61181735294
163218.22217901965,107729.33604401964,271456.91126598034
163275.09038862746,107347.42681162746,271400.04305637255
163034.28840227454,107106.62482527454,271640.84504272544
162981.33493286275,109122.58915286275,271693.79851213726
162354.86051605883,108751.84041305883,272320.2729289412
162283.34451347057,108680.32441047057,272391.7889315294
162405.12182192158,108802.10171892158,272270.0116230784
162365.23973533337,108762.21963233336,272309.8937096666
162295.44341939213,108692.42331639213,272379.6900256078
162287.90582607844,108684.88572307843,271094.1575479216
161684.40904113726,108081.38893813726,271697.65433286276
161640.4642704706,108037.4441674706,271741.5991035294
161494.72296288234,107891.70285988234,272194.5888011176
161489.02563398037,107886.00553098037,272200.2861300196
161366.0224114706,106451.55821147059,272323.2893525294
161368.7135071373,105749.25532413728,272676.13863886276
161369.48741980392,105750.02923680391,272675.3647261961
161366.64232766666,105747.18414466665,272678.2098183334
160719.9882252549,105100.53004225489,273324.8639207451
160684.1037022353,105053.75891923529,273360.74844376475
160197.46652605885,104567.12174305884,273847.38561994117
159833.12732294117,107596.37414494118,274211.7248230588
159323.1684024314,107086.41522443139,274721.6837435686
159438.23088150984,107201.47770350984,274606.6212644902
159244.42241717645,107007.66923917645,274800.4297288236
159259.33493350982,107022.58175550982,274785.5172124902
159166.20311978436,106929.44994178436,274878.64902621566
158679.148557902,106442.395379902,275365.70358809805
158398.55159405887,106161.79841605887,275646.30055194115
158307.68947460788,106070.93629660788,275737.16267139214
158293.85750960786,106057.10433160786,275668.90533539216
158291.12399350983,106054.37081550983,275671.6388514902
158316.0181759412,106079.2649979412,275646.7446690588
158304.85670939213,106068.10353139213,275657.90613560786
158158.66778388238,105921.91460588238,275804.09506111767
158171.44884752945,105934.69566952945,275791.31399747054
158285.05243811765,106048.29926011765,276022.9581958824
158237.2197562745,106000.46657827451,276070.79087772546
158303.77695176474,106067.02377376474,276004.23368223524
158293.81738660787,104911.75102760788,276014.19324739213
158171.83404200003,104789.76768300004,276136.17659199995
158212.394603451,104830.328244451,274551.324498549
158260.7788663726,104935.3913953726,274502.9402356274
158031.24785517648,104705.86038417649,274732.47124682355
157974.1792254902,104648.7917544902,274789.5398765098
157913.7173915686,104588.32992056862,274981.46646043134
157850.2916554902,104354.3376034902,275044.89219650975
157686.41960137253,104190.46554937253,275208.7642506275
157654.48989803917,103686.34331603917,275240.6939539608
157789.2372012353,103821.09061923528,275105.9466507647
157683.01768339213,103714.87110139213,275212.1661686079
157609.11679670584,103640.97021470584,275286.0670552942
157573.75254672547,103605.60596472547,275321.4313052745
157564.26688386273,103596.12030186273,275330.91696813726
157140.8923274706,103172.74574547059,275754.2915245294
157128.0779858431,103159.93140384309,275767.10586615687
157076.16555786273,103108.01897586272,275225.7071901373
156994.49114705878,103026.34456505878,276709.5812509412
156980.5205662941,103012.37398429408,276723.5518317059
156951.15523970584,102983.00865770584,276752.9171582941
156959.29605266664,102899.55903266664,276744.7763453333
156796.1544607451,102736.4174407451,276907.9179372549
156806.06049786272,102746.32347786272,276898.0119001373
156683.62857596076,102601.34839196075,277020.44382203923
156528.03950515686,102822.71002515686,277176.0328928431
156494.01426986276,102788.68478986276,277210.05812813726
156452.2744158824,102527.37907388239,277251.7979821176
156530.73144123534,100253.48978623535,277173.34095676464
155315.66482582354,99038.42317082355,278388.4075721764
155210.95886131367,98933.71720631368,279347.2885956863
155049.63959968626,98772.39794468626,279508.60785731376
155097.87756478426,98820.63590978427,279460.36989221576
155164.21894664702,98672.46033864701,280494.13082435296
154998.33627027442,98506.57766227442,280660.01350072556
154799.27605311762,98307.51744511761,280859.0737178824
154840.60472239213,98348.84611439213,280817.7450486078
154872.48439364703,98380.72578564702,280785.8653773529
154876.13105268625,98384.37244468625,279807.94370731374
154651.39264766662,98159.63403966662,280032.68211233336
153143.0818230588,96651.3232150588,281540.9929369412
153273.86083531368,96782.10222731368,281410.2139246863
153269.18086933333,96644.73674333333,281414.89389066666
153279.04634792154,96654.60222192154,281405.02841207845
153235.9154707647,96794.11919976471,281448.15928923525
153258.27654839214,96816.48027739214,282437.51040360786
153241.57153837255,96799.77526737255,282454.21541362745
153243.25109572549,96801.45482472549,282452.53585627454
153194.9989555294,96753.20268452939,282500.7879964706
153231.55904586273,96789.76277486273,282464.22790613724
153317.9814544902,96876.18518349019,282377.8054975098
153243.62981196077,96801.83354096077,282452.15714003926
153154.13279209804,96712.33652109804,282541.65415990195
153078.63429990193,96636.83802890193,282617.1526520981
153080.7613588627,96638.96508786271,282615.02559313725
152549.66312101958,96107.86685001958,283146.1238309804
152556.74281147055,96114.94654047056,283139.04414052947
152246.1908253529,95804.39455435291,283449.5961266471
152129.96521915685,95688.16894815685,283565.8217328432
151869.7355505098,95427.9392795098,283826.05140149023
151943.30828088234,95501.51200988234,283752.4786711177
151841.772967,95399.976696,283854.01398499997
151737.9261690196,95296.1298980196,283957.8607829804
151831.424502451,95389.628231451,283864.362449549
151756.17392358824,95314.37765258824,283939.61302841175
151520.89123862743,95079.09496762743,284174.89571337256
151322.10885070587,94471.09545870588,284373.6781012941
151096.53970692158,94245.52631492159,284599.24724507844
151007.6415764902,94156.6281844902,284688.1453755098
150965.19529135295,94114.18189935296,284730.5916606471
150555.9265194314,93704.91312743141,285139.8604325686
150378.2919071765,93527.2785151765,285317.4950448235
150385.7895957843,93534.7762037843,285309.9973562157
150107.8972777647,93256.88388576472,285587.88967423525
150079.476508549,93160.60283154901,285616.310443451
150064.8103070392,93145.93663003921,285630.9766449608
150099.17021258824,93180.29653558825,285596.6167394117
150092.5783335882,93173.7046565882,285603.2086184118
150050.19021119605,93791.22571519605,285645.5967408039
150072.3471850588,93813.38268905881,285623.4397669412
149793.4147611177,93534.45026511769,286095.4803808823
149839.9687843922,93581.0042883922,286048.9263576078
149803.89381605884,93544.92932005884,286085.0013259412
149808.7834995294,93307.38820352941,286080.1116424706
149840.2195433137,93338.82424731369,286048.6755986863
149658.94277521563,93157.54747921563,286229.95236678433
149611.79382850978,93110.39853250977,286277.1013134902
148810.24260684312,92308.84731084312,287078.65253515687
148873.9658182549,92372.57052225489,287014.9293237451
148891.6011332745,92390.2058372745,286997.2940087255
148881.95428870586,92380.55899270586,287006.9408532941
148902.69693682351,92401.30164082351,286986.1982051765
148678.88770664702,92177.49241064701,287317.525734353
148694.79645550976,92193.40115950975,287301.6169854902
148660.200497098,92158.805201098,287336.212943902
148659.5488276078,92158.1535316078,287336.86461339216
148432.63510125485,91931.23980525485,287563.7783397451
148193.62853480384,91692.23323880383,287802.7849061962
148267.39992778422,91766.00463178422,287729.01351321576
148296.26272750972,91794.86743150972,287700.15071349026
148288.61853674502,91787.22324074502,287707.79490425496
148316.39493760778,91814.99964160778,287680.01850339223
148096.29166758817,91594.89637158817,287900.1217734118
147150.20631319602,90648.81101719601,288846.20712780394
147084.8292613921,92178.9909473921,288911.5841796079
147106.70284329407,92200.86452929408,288889.7105977059
146605.87104713722,91700.03273313722,289390.54239386274
146643.13694415687,91737.29863015687,289385.3676478431
146643.7364243137,91737.89811031372,289384.7681676863
146568.9265840196,91663.0882700196,283867.0692179804
146554.2725333725,91648.43421937252,283881.7232686275
146554.02784350977,91648.18952950978,283881.96795849025
146528.3971825686,91622.5588685686,283907.5986194314
146565.82792764704,91659.98961364705,283870.16787435295
146508.22206264702,91602.38374864703,283927.77373935294
146443.51749413722,91537.67918013723,283992.47830786277
146198.35224566667,91292.51393166668,284237.6435563333
146195.3339735098,91289.49565950982,284240.6618284902
146155.42163021566,91249.58331621566,284280.57417178433
146194.5249460392,91288.6866320392,284241.4708559608
143560.0577433137,88654.2194293137,286875.9380586863
143450.5222038627,88544.6838898627,286985.47359813727
143046.96161641172,88141.12330241172,287389.03418558824
142915.95370627445,88010.11539227446,287520.04209572554
142931.72346501955,88025.88515101955,287504.27233698044
142986.54521443133,88080.70690043134,287449.4505875687
142923.72420341175,88017.88588941176,287512.2715985882
142889.61404715682,87983.77573315683,287546.38175484317
142650.3313845294,87744.4930705294,276930.2785024706
142651.53527127448,87745.69695727449,276929.07461572555
142272.01200760782,87366.17369360782,277308.5978793922
142228.73050431366,87322.89219031367,277351.87938268634
142271.15476698038,87365.31645298039,277309.4551200196
141328.93005211765,86423.09173811766,278251.6798348824
141428.03303650982,86522.19472250983,278152.5768504902
141445.46213605886,86539.62382205887,278135.1477509411
141454.66583576475,86548.82752176476,278125.9440512352
141454.55545649023,86256.84205749023,278126.0544305098
141338.62891607848,86140.91551707848,278241.9809709215
141430.79048186276,86379.74638186276,278149.8194051372
141275.29743233335,86224.25333233335,278305.31245466665
141270.23810501964,86219.19400501964,278310.3717819804
141291.52930464706,86240.48520464706,278812.59831235296
141300.5187238824,86249.47462388239,278803.60889311763
141332.1463004314,86281.1022004314,278771.9813165686
141349.24151633334,86629.30119333333,278754.8861006667
141398.56344852946,86587.25320652945,278705.56416847056
141466.50557817653,86682.91568017652,280518.49544382346
141346.90809458826,86563.31819658825,280638.0929274117
141329.99269662748,86546.40279862747,280655.0083253725
141304.08571939217,86520.49582139216,280680.9153026078
141408.07782419608,86398.87385719607,280576.9231978039
140631.27146521566,85622.06749821565,281353.7295567843
137979.2745189216,82405.80972792159,284005.72650307836
137796.56713619607,82223.10234519606,284188.4338858039
137842.33848335297,82268.87369235297,284142.662538647
137866.2352899804,82292.77049898039,284118.76573201956
137766.5649457451,82193.1001547451,284218.4360762549
137685.1240116667,82111.65922066668,284299.8770103333
137392.0957692549,81818.63097825489,284592.9052527451
137386.2978299608,81812.83303896079,284598.70319203916
137227.11931049023,81653.65451949023,284757.8817115098
137286.23068111768,81712.76589011768,284698.7703408823
137274.56576921573,81701.10097821572,284710.4352527843
137221.97469454908,81648.50990354907,284763.0263274509
137297.50115876476,81724.03636776475,284687.4998632352
137353.0228229608,81779.5580319608,284631.9781990392
137241.25992831375,81667.79513731375,284743.7410936862
137220.81220901964,82041.71739001965,284764.1888129803
137162.68478778435,81983.58996878436,284822.3162342156
136933.9510954314,81754.85627643141,285904.8755495686
136908.59849349025,81729.50367449026,285930.2281515098
136823.50891256865,81644.41409356866,286015.31773243134
136192.08408521573,81012.98926621574,286646.7425597843
136198.60801556866,81019.51319656867,286640.2186294313
136103.13232968628,81836.43043168628,286735.6943153137
136017.29369678433,81303.06255778432,287083.0942262156
135861.91317605882,80854.53332805882,287238.4747469411
135874.5587879608,80867.1789399608,287225.8291350392
135904.55147935293,80897.17163135293,287195.83644364704
135924.06517498038,80305.26207398038,287176.3227480196
135928.55787590193,80309.75477490193,287171.83004709805
135782.59609488235,80163.79299388235,287317.7918281176
135791.81229299997,80173.00919199997,287308.57563
135605.1604039804,79986.35730298041,287495.22751901957
135576.7680802549,79957.9649792549,287523.6198427451
135579.65985892157,79960.85675792157,287709.1611180784
135390.36402788237,81910.54120488238,287898.4569491176
135001.12716601964,81521.30434301964,263985.95908198034
134925.01307980393,81445.19025680394,264062.073168196
134879.01971615688,81399.19689315688,264108.0665318431
134929.91449668628,81793.47923368629,264057.1717513137
134923.00035007845,81786.56508707846,264064.0858979215
134887.2517668431,81750.81650384312,264099.8344811569
134873.5319772157,81737.0967142157,264113.55427078425
134940.94666805884,81804.51140505885,264046.13957994117
134914.11667611767,81706.15805511767,264072.9695718823
134680.16749492157,81472.20887392157,264306.91875307844
134705.97022231374,80632.60925931374,264281.11602568626
134765.95032523532,80692.58936223532,264221.13592276466
134772.33993523533,80698.97897223533,264214.74631276465
134791.9454419412,80718.58447894121,264195.1408060588
134725.0600397255,80930.82758472551,264262.0262082745
134722.38850139215,80928.15604639216,264264.6977466078
134769.48616243136,80975.25370743137,264217.6000855686
133742.32878535293,79948.09633035294,265244.75746264705
133747.7938573137,79953.5614023137,265239.2923906863
133593.07482137255,79798.84236637256,265394.0114266274
133628.86687762744,79834.63442262745,265358.21937037254
133433.23840743137,79639.00595243138,265553.84784056863
133402.906268,79608.673813,265584.17998
133405.73782950983,79611.50537450984,265581.34841849015
132731.92332558823,78937.69087058824,266255.16292241175
132751.4389453334,78957.2064903334,266235.64730266656
132464.9126728432,78670.68021784321,266522.1735751568
132430.65135476476,78636.41889976477,266556.4348932352
132424.7375791765,78630.5051241765,266562.3486688235
132256.80405929414,78462.57160429415,266730.28218870587
132167.39160009802,78373.15914509803,266819.6946479019
132098.90017566667,78304.66772066668,266888.1860723333
132023.93604482355,78229.70358982356,266963.1502031764
131835.1318907255,78040.8994357255,267151.95435727446
131882.09422241178,78087.86176741178,267104.9920255882
131925.0027421961,78130.77028719612,267062.08350580384
131920.49861364707,78126.26615864708,268950.04703935294
131930.74603011765,78136.51357511766,268939.7996228824
132018.9625150196,78224.73006001962,268851.58313798043
131980.9405614706,78186.70810647061,268889.60509152943
131979.8874427647,78185.65498776472,268890.6582102353
131937.05712535296,78106.20948835296,266369.43696664704
131955.85619756862,78125.00856056862,266350.63789443136
131924.8803739804,78094.03273698041,266381.61371801957
131819.96821203924,77989.12057503924,266486.52587996074
131336.7579342549,77505.91029725492,266969.7361577451
131385.28860080393,77554.44096380394,266921.2054911961
131396.30453760785,77180.43233360785,266910.1895543921
131356.12070827454,77140.24850427454,266950.37338372547
131298.03571578432,77082.16351178433,267008.45837621565
131296.4756905098,77930.76870950981,267010.0184014902
131301.93123439213,77936.22425339214,267004.56285760785
131279.21989423526,79216.73829323525,267027.27419776475
131064.49270278428,79002.01110178427,267242.0013892157
131046.76514023528,78984.28353923527,267259.72895176476
131031.60331933331,78969.1217183333,267274.89077266667
131033.76554878429,78971.28394778428,267272.7285432157
131079.5484936666,79017.0668926666,267226.9455983334
131095.5133556862,78895.52197068621,267210.9807363138
131099.96024119607,78899.96885619606,267206.533850804
131053.06690011763,78853.07551511763,267253.4271918824
130994.97830219608,78794.98691719607,267311.51578980393
130979.93229707841,78779.94091207841,267326.5617949216
130801.74590956862,78601.75452456862,267504.7481824314
130799.85529598041,78599.8639109804,267506.6387960196
130812.65488917645,78612.66350417645,267493.8392028236
130763.464641,78563.473256,267543.02945100004
130711.33700513723,78511.34562013723,267595.1570868628
130759.7976442941,78559.8062592941,267546.6964477059
130522.326380549,78362.331743549,267784.167711451
130508.3234628039,78384.31325880392,267798.1706291961
130555.64367372548,78174.0213277255,267750.8504182745
130356.76711900001,77975.144773,267949.726973
130368.72812570586,78178.51109470587,270209.9032462941
130393.66582601957,78203.44879501956,270184.9655459804
130021.97499976467,77831.75796876466,270556.6563722353
130000.16396066663,77809.94692966662,270578.46741133335
129917.68678241175,77727.46975141176,270660.9445895882
129885.45164082352,77695.23460982353,270693.17973117647
129835.00323862745,77644.78620762745,270743.6281333725
129845.30682207842,77655.08979107841,270733.32454992156
129903.32767407845,77713.11064307846,270675.3036979215
129873.60657450982,77683.38954350981,270705.02479749016
129653.96261186276,77463.74558086277,270924.6687601372
128020.95379707843,75830.73676607842,272557.6775749215
128026.39527898045,75836.17824798045,272552.23609301954
128050.92769762747,75860.71066662748,272527.7036743725
128070.09447647064,75879.87744547063,272508.53689552937
128105.0874559216,75914.8704249216,272473.5439160784
128113.55643650984,75923.33940550985,272465.07493549015
128142.9778762157,75952.7608452157,272435.65349578427
127820.80384045099,75630.586809451,272757.827531549
127832.41651723528,75642.19948623527,272746.2148547647
127829.24730964706,76613.33110364707,272749.38406235294
127311.02160033333,76095.10539433334,273267.60977166664
127319.36615135297,76103.44994535297,273259.265220647
127153.44913931371,75937.53293331372,273425.18223268626
127124.76929968629,75908.85309368628,273453.86207231367
127132.0640042745,75916.1477982745,273446.5673677255
127196.11168233334,75980.19547633335,273382.51968966663
126864.43125164708,75648.51504564707,273714.2001203529
126858.95346556864,75643.03725956863,273719.6779064313
126765.23824501962,76994.52163801962,273813.39312698034
126591.14176998043,76820.42516298042,273987.48960201954
126602.44267876475,76831.72607176474,273976.1886932352
126365.72099049023,76595.00438349022,274212.91038150975
126434.82093678434,76664.10432978434,274143.81043521565
126501.74572672552,76731.02911972551,274076.8856452744
126440.89248823532,76670.17588123531,274137.73888376466
126440.50592535296,76669.78931835297,274138.125446647
126461.51011758826,76700.59417858826,274117.1212544117
126446.77570580396,76685.85976680396,274131.85566619603
126431.41096309808,76670.49502409808,274147.2204089019
126469.87324649024,76708.95730749024,274108.7581255097
126475.11900100004,76714.20306200004,274103.5123709999
126486.29022284316,76725.37428384316,274092.3411491568
126551.26428743139,76790.34834843139,274027.3670845686
126482.20086417648,80748.4428141765,274096.4305078235
126545.25646149021,80811.4984114902,274033.3749105098
126468.44458213726,81413.36012913726,274110.1867898627
126363.06962868627,81307.98517568626,274215.5617433137
126419.65400801958,81364.56955501958,274158.9773639804
126392.36928270587,81337.28482970587,274513.1473722941
126358.10790096075,81303.02344796075,274547.4087540392
125833.70078245096,80778.61632945096,275071.815872549
125735.65194784311,80680.56749484311,273575.63046415686
125708.26824962742,80653.18379662742,273603.01416237256
125433.01650799997,80377.93205499997,273878.265904
125047.64601531367,79992.56156231367,274263.6363966863
124852.77900335292,79797.69455035291,274458.5034086471
124857.58497027446,79802.50051727446,274453.6974417255
124924.56454833329,79869.48009533329,274386.7178636667
124542.62128915686,79487.53683615685,261407.03448484314
124485.60920345096,79430.52475045096,261464.04657054902
124412.75774801959,79357.67329501959,261536.8980259804
124395.81486611764,79340.73041311764,261553.84090788235
124356.25057927452,79687.31774527451,261593.40519472546
124233.41764050981,79564.4848065098,261716.23813349017
124240.69946209805,79571.76662809806,261708.95631190191
124271.47895203924,79732.03712703924,261678.17682196075
123947.00394696077,79407.56212196077,262002.6518270392
123672.13085650982,79132.68903150981,262277.5249174902
123539.38983794117,78999.94801294117,262410.26593605883
123612.33125164709,79072.88942664709,262337.3245223529
123637.01488474512,79097.57305974512,262312.64088925486
123641.27565884317,79101.83383384316,262308.3801151568
123604.55582150984,79667.20570450983,262345.0999524901
123566.15459196082,79628.80447496081,262383.50118203915
123536.77609847063,79599.42598147062,262412.8796755294
123536.1101213922,80032.4197463922,262413.5456526078
123429.53600300004,79925.84562800004,262520.11977099994
123437.34356609806,79933.65319109807,262512.3122079019
123412.25075045101,79908.56037545102,262537.405023549
123424.26823370591,79920.57785870592,262525.3875402941
123319.85471554905,79816.16434054906,262629.80105845095
123162.38625543143,79658.69588043142,262787.26951856853
123136.21950054905,79632.52912554904,262813.43627345096
122566.15697105885,79062.46659605886,263383.4988029411
122631.52618009807,79127.83580509806,263318.1295939019
122658.05217339219,79154.3617983922,263291.6036006078
122536.30527515689,79032.61490015688,263413.3504988431
122407.40188823533,78903.71151323532,263542.2538857646
121747.06754843141,78243.37717343142,264202.5882255686
121765.93567549023,78262.24530049023,264183.72009850974
121827.01822225493,78323.32784725493,264122.63755174505
121774.25263837259,78270.56226337259,264175.4031356274
121778.17532654907,78274.48495154906,264171.4804474509
121803.2814511373,78299.5910761373,264146.3743228627
121758.87807517652,78255.18770017652,264190.7776988235
121748.42366858828,78244.73329358827,264201.2321054117
121739.16325019613,78235.47287519614,264210.49252380384
121548.49364107847,78044.80326607847,264401.1621329215
121566.92318449024,78063.23280949023,264382.73258950975
121574.49946456867,78129.51779456867,264375.1563094313
121574.76777129414,78129.78610129413,264374.8880027059
121574.26032507843,78129.27865507844,263466.1866869216
121567.19771,78122.21604,263473.24930200004
121511.36131996081,78066.37964996081,263529.0856920392
121594.83926674514,78149.85759674513,263445.6077452549
121182.28305645102,77737.30138645103,263858.163955549
121183.93499511771,77738.9533251177,263856.5120168823
121135.49308739221,77031.9487073922,263904.95392460783
120927.04302562747,76823.49864562746,258213.8609503725
120932.47466509804,76828.93028509803,258208.42931090193
120872.70444721571,76769.16006721571,258268.19952878426
120834.67479723533,76674.98689323533,258306.22917876462
120837.36088382355,76444.30827482356,258303.54309217643
120849.17208576473,76456.11947676472,258291.73189023524
120536.50105092158,76143.44844192159,258604.4029250784
120408.02108203925,76014.96847303925,258732.88289396072
120407.19756709808,76014.14495809807,258849.32268490194
120344.3326957059,75951.2800867059,258912.1875562941
120333.66726515692,75940.61465615692,258922.8529868431
120363.2111966471,75970.1585876471,259929.1406693529
120059.27799511768,76674.72748311768,260233.0738708823
119975.15712441181,76590.60661241181,260317.19474158817
119981.84899615694,76597.29848415694,260310.50286984304
119964.0624470981,76579.5119350981,260328.2894189019
119871.30717760789,76486.75666560789,260421.04468839208
119881.81641694122,76497.26590494122,260410.53544905875
119906.65753107847,76522.10701907847,260385.6943349215
119924.32450241182,76539.77399041182,261319.32428758818
119823.42086668634,76438.87035468634,261420.22792331368
119669.86204845108,76285.31153645107,261573.78674154892
119654.48627470598,76269.93576270598,261589.16251529404
119586.53523537263,76201.98472337263,261657.11355462737
119594.49177872555,76209.94126672555,261649.15701127445
119488.87191078438,76104.32139878438,261754.7768792156
119433.90184474517,76049.35133274517,261809.74694525485
119373.1116590589,75988.56114705889,262241.53323494113
119220.89959586282,75836.34908386282,262393.7452981372
119211.5785520197,75827.0280400197,262403.06634198036
119218.00883770596,75835.21783070595,262396.6360562941
119240.4677189216,75857.67671192161,262374.1771750784
119272.95519723534,75890.16419023534,262341.6896967647
119297.70456033334,75914.91355333335,262316.9403336667
119367.97406005886,75985.18305305886,262246.6708339412
119346.3959704706,75963.6049634706,262268.2489235294
119103.76131458824,75720.97030758823,262510.8835794118
119134.9424024902,75752.15139549019,262479.70249150984
119074.51225419607,76121.30042919607,262540.1326398039
119038.47728280393,76085.26545780394,262576.1676111961
119045.08481582353,76091.87299082353,262569.5600781765
119103.64965631375,76150.43783131376,262510.99523768626
119052.8828702549,77212.22529825491,262561.7620237451
118988.12768996079,77147.4701179608,262626.51720403926
118945.2262075882,78159.9311535882,262736.22123441176
118925.33801145095,78140.04295745095,262756.109430549
118854.51423564705,78069.21918164704,262933.26035035297
118696.80775109805,77911.51269709805,263090.96683490195
118661.33930698039,77876.04425298038,263126.43527901964
118624.51302688234,77643.37018288234,263163.2615591177
118575.94976247058,77644.24965547059,263211.82482352946
118543.0522125294,77611.3521055294,263244.7223734706
118192.8503595686,77261.15025256861,263594.9242264314
117945.1057730588,77013.40566605881,263842.6688129412
117829.24195068628,76897.54184368628,263958.53263531375
117843.415364549,76911.715257549,263944.359221451
117705.17090298036,76773.47079598036,264519.7669910196
117499.10160445095,77064.38697545094,264725.836289549
117287.25065050978,76852.53602150979,265167.31125649024
117297.60854798037,77153.01578798037,265156.95335901965
117299.48596647057,77154.89320647057,265157.96501752944
117296.61350864703,77757.35306464703,265160.837475353
117265.02514609802,77725.76470209802,265192.425837902
117200.96927998037,77661.70883598037,260941.73925901964
116802.17440713722,77262.91396313722,261340.5341318628
116847.49021686275,77308.22977286275,261295.21832213725
116762.70318272547,77223.44273872547,261380.00535627455
116809.41330282352,77270.15285882352,261333.2952361765
116767.05457866666,77227.79413466666,261375.65396033335
116636.0095567647,76725.2559017647,261506.69898223534
116336.46748619605,76425.71383119604,261806.24105280396
116273.15635701959,76362.40270201958,261869.55218198043
116159.49724464705,76248.74358964706,261983.21129435295
116135.68428829411,76224.9306332941,262007.0242507059
116089.1481507255,76178.39449572549,262053.56038827452
116108.1158837059,76197.3622287059,262034.5926552941
116087.56149998041,76176.80784498042,262055.14703901962
116140.49710386277,76229.74344886278,262002.21143513726
116043.56178715688,76132.80813215688,262099.14675184313
115855.99949523533,75945.24584023532,262286.7090437647
115751.91549035297,75841.16183535298,262390.79304864706
115720.57330872554,75809.81965372554,262425.27659627446
115683.0220296863,75772.2683746863,262462.8278753137
115691.95549990199,75781.20184490198,262453.89440509805
115694.8854762157,75784.1318212157,262450.9644287843
115605.95753074512,75695.20387574512,262539.8923742549
115651.94114480396,75741.18748980397,262493.90876019606
115685.58218435297,75774.82852935296,262460.26772064704
115667.67458217649,75756.92092717648,262478.1753228235
115675.11492958825,75764.36127458824,262470.7349754118
115665.47637860785,75833.93996760785,262480.37352639216
115640.98800288235,75809.45159188236,262504.8619021177
115535.46519615687,75703.92878515687,262610.38470884314
115545.2204011961,75713.68399019609,262600.6295038039
114986.28986488235,75125.42049888235,263159.56004011765
114950.7058086863,75089.8364426863,263288.1522543137
114950.73959445099,75088.147154451,263288.11846854904
115070.19649219612,75207.60405219611,263168.6615708039
114780.05624727455,74917.46380727456,263458.80181572546
114713.27349366671,74850.68105366672,263525.5845693333
114714.71956337258,74852.12712337257,263524.1384996275
114774.39542482355,74911.80298482356,263464.46263817645
114636.91563884314,74774.32319884314,264613.39758015686
114642.93629335296,75114.05391035296,264607.376925647
114683.5711694902,75154.68878649021,264566.7420495098
114647.4671635294,75118.5847805294,264602.8460554706
114722.60137307845,75193.71899007846,264527.7118459216
114711.96423992158,75183.08185692158,264538.3489790784
114450.75927196078,74921.87688896077,264799.55394703924
114441.96875717648,74913.08637417649,264808.3444618235
114447.14176903921,74918.25938603922,264803.1714499608
114445.70416064704,74916.82177764704,264804.60905835294
114415.6576547647,74886.7752717647,264834.6555642353
114433.71778035293,74904.83539735293,264816.5954386471
114383.25643435291,75017.1986443529,264867.0567846471
114371.46947241174,75259.76828941175,264878.8437465883
114390.52680209803,75278.82561909803,264859.786416902
114390.97073458823,75279.26955158824,264859.3424844118
114404.03574337253,75292.33456037253,264846.2774756275
114437.30757837254,75325.60639537254,264813.00564062747
114441.34278868626,75329.64160568627,264808.9704303137
114431.2630952353,75319.56191223531,264819.05012376467
114324.3035381765,75212.6023551765,264926.00968082354
114343.26017380392,75231.55899080393,264907.0530451961
114328.81088790199,75217.10970490199,264921.502331098
114209.82343684314,75098.12225384315,265040.4897821569
114194.02262233336,75082.32143933336,265056.29059666663
114208.85915005887,75097.15796705887,265041.4540689411
114227.63910558827,75115.93792258827,265022.67411341175
114124.37930300002,75012.67812000003,265125.93391599995
114168.45878315688,75065.71677015687,265081.8544358431
114115.7762519804,75013.03423898038,264807.1716730196
114114.88682413725,75012.14481113726,264808.06110086275
114124.93758507844,75022.19557207843,264798.0103399216
114201.77373068628,75099.03171768627,264721.1741943137
114208.41138388235,75105.66937088236,264714.53654111765
114212.59169752941,75109.84968452941,264710.35622747056
114214.39630562745,75111.65429262744,264872.8154743726
113974.82986339212,74872.08785039213,265112.3819166079
113972.52240286271,74869.78038986272,265114.6893771373
114000.64998437252,74897.90797137251,265086.56179562747
113317.95462690195,74215.21261390194,229220.32636109804
113341.35665341176,74238.61464041175,229196.92433458823
113351.35593068627,74248.61391768628,229186.9250573137
113346.91267986274,74244.17066686274,229191.36830813723
113358.17080921568,74255.42879621568,229180.1101787843
113301.91427594116,74098.42738394116,229236.36671205884
113349.76775252943,74064.75755952942,229188.51323547057
113350.92067464707,74065.91048164706,229187.3603133529
113207.95546166669,73922.94526866669,229330.3255263333
113189.56842694119,73542.37352894119,229348.7125610588
113179.18511331374,73531.99021531374,229359.09587468626
113191.81643005883,73544.62153205882,229346.46455794116
113174.75936809804,73527.56447009803,229363.52161990193
113083.43796466668,73219.47343866667,229454.8430233333
113092.11669839216,73228.15217239215,229446.16428960784
112950.74708196078,73086.78255596079,229704.7021650392
112775.6750776863,72799.2007876863,228854.43197731365
112776.01950839219,72799.54521839219,228854.08754660777
112788.1515799804,72811.6772899804,228841.95547501958
112737.48089103925,73155.24486103925,228892.62616396073
112690.90454203924,73108.66851203924,228939.20251296074
112641.84839258828,74450.41581858828,228988.2586624117
112721.77020184316,74530.33762784317,228908.3368531568
112674.86477143138,74483.4321974314,228955.2422835686
112716.90610894117,74525.47353494118,228913.2009460588
112716.02091858823,74524.58834458824,228914.08613641176
112624.74580970587,74433.31323570586,229005.3612452941
112603.52488145098,74412.09230745098,229026.582173549
112616.4705729412,74425.0379989412,229013.6364820588
112601.41702164705,74409.98444764706,229028.69003335293
112573.70597433334,74382.27340033333,229056.40108066663
112582.65792419609,74391.2253501961,229047.44913080387
112586.63077815688,74395.19820415688,229043.4762768431
112400.76094445099,74209.328370451,229229.346110549
112420.85046321571,74229.41788921572,229209.25659178424
112420.59538166669,74229.1628076667,229209.5116733333
112465.35509692156,74273.92252292155,229164.7519580784
112411.54861225489,74220.1160382549,229218.55844274507
112329.27671596079,74137.84414196078,229300.83033903918
112054.84440427451,73863.4118302745,229575.26265072546
112025.85108645096,73834.41851245097,229604.255968549
112000.00942272549,73808.5768487255,229630.0976322745
112010.4434104902,73819.0108364902,229619.66364450977
112024.3157924706,73832.88321847061,229605.79126252938
111991.36531198041,73799.93273798042,229638.74174301955
112004.69437249021,73813.26179849022,229625.41268250975
111972.21247982353,73780.77990582353,229657.89457517644
112037.45767139214,73846.02509739215,229592.64938360784
112026.77137066667,73835.33879666668,229603.3356843333
111893.7806733137,73702.3480993137,229736.32638168626
111947.0511432549,73755.6185692549,229683.05591174506
111817.50653874509,73626.0739647451,229812.6005162549
111850.54161164704,73659.10903764705,229779.5654433529
111639.77400239214,73351.21456039214,229990.33305260784
111622.0220772353,73333.46263523531,230008.08497776467
111659.23350229414,73370.67406029414,229840.84847670587
111730.46644005884,73441.90699805884,229769.61553894117
111736.94614376471,73448.38670176471,229763.1358352353
111728.50324611766,73439.94380411766,229771.57873288234
111670.20623286275,73381.64679086275,229829.87574613726
111489.78739398038,73201.22795198039,230010.29458501964
111437.05662982352,73578.16656382353,230063.0253491765
111366.86876950979,73507.97870350978,230133.21320949023
111351.74459015687,73378.48142615687,230148.33738884312
111270.17796549022,73296.91480149022,230229.9040135098
111225.4058324706,73252.1426684706,230274.6761465294
110975.54778735295,73002.28462335294,230524.53419164708
110915.1562132157,72941.8930492157,230584.9257657843
110541.78585127449,72509.39307227448,230958.2961277255
110436.74816150978,72404.35538250978,231063.33381749023
110431.03119149017,72398.63841249017,231069.05078750983
110446.69104794115,72414.29826894114,231053.39093105885
110453.93697531371,72421.54419631371,231046.1450036863
110459.15802996076,72320.71794496075,231040.92394903925
110454.88949676469,72386.77273676469,231045.19248223532
110426.86993678431,72358.75317678432,231073.2120422157
110424.36181913725,72314.98615913725,231075.72015986277
110424.16387033334,72314.78821033335,231076.83265266666
110423.08740349022,72313.71174349022,231077.9091195098
110282.3432726471,72172.9676126471,231218.65325035292
110284.32186913726,72174.94620913727,231216.67465386275
110318.92193839217,72030.36249639218,231182.07458460785
110261.06247833336,71972.50303633336,231239.93404466665
110241.58683852945,73629.49781052944,231259.40968447056
109836.68278635298,73224.59375835297,231664.31373664702
109842.4268477059,73230.33781970589,231708.9236142941
109885.04727333333,73272.95824533333,231666.30318866667
109884.9260765098,73272.8370485098,231666.4243854902
109860.04027935295,73247.95125135295,231691.31018264705
109860.26720737256,73248.17817937255,231691.08325462745
109921.59015566668,73309.50112766668,231629.7603063333
109982.15754415689,73307.81650015689,231648.2777218431
109985.71110200002,73311.37005800001,231644.72416399996
109986.83529417649,73312.49425017649,231643.5999718235
109890.80979921571,73216.46875521571,231739.6254667843
109809.29351847064,73134.95247447064,231821.14174752933
109817.6340471569,73143.2930031569,231812.8012188431
109701.72372725487,73027.38268325487,226618.4116807451
109736.0778945686,73061.7368505686,226584.05751343135
109691.41956654901,73017.07852254901,226628.71584145096
109537.42945360784,72863.08840960784,226782.70595439215
109486.72552519609,74052.8887321961,226833.40988280388
109488.6987012353,73484.5678382353,226831.43670676468
109442.05052182352,73437.91965882352,225109.44125017646
109191.30763709804,72252.77830009804,225360.18413490194
109187.91993462745,72249.39059762745,225363.57183737252
108372.44896054901,71433.91962354901,226179.04281145096
108357.4699287451,71418.9405917451,225430.09122125493
108294.11143221564,71355.58209521564,225572.39748378439
108263.13145866661,71324.60212166661,225603.3774573334
108004.22712325487,71065.69778625487,225886.66057274514
107985.83054541175,71047.30120841175,225905.05715058825
108004.82861841175,71214.06772041175,225886.05907758826
107932.42579684312,71141.66489884313,225958.46189915686
107941.0954327647,71150.3345347647,225949.7922632353
107933.5675299608,71142.80663196079,225957.3201660392
107946.65801562747,71155.89711762746,227091.07999137254
107908.04846107845,71117.28756307845,227129.68954592157
107782.35147992158,71486.86680392158,227255.38652707843
107773.88161223532,71478.39693623531,227263.85639476468
107769.36327154904,71473.87859554903,227268.37473545095
107786.03395660785,71490.54928060784,227251.70405039215
107824.55623337254,71529.07155737255,227213.18177362747
107816.26571480391,71520.78103880392,227221.4722921961
107724.26895996078,71505.01974996077,227313.46904703922
107676.63236590197,71457.38315590197,227361.10564109805
107574.66710050982,71355.41789050982,227463.0709064902
107585.6730942353,70981.8410622353,227452.0649127647
107569.24314141179,70965.4111094118,227468.4948655882
107463.39979988238,70859.56776788237,227574.33820711763
107408.66716980394,70804.83513780395,227281.0592801961
107393.00159584315,70789.16956384314,227296.72485415687
105688.98906688235,69085.15703488234,141763.49722511764
105690.1931145098,69086.3610825098,141760.4001724902
105658.56394413725,69054.73191213724,141792.02934286275
105633.7018562549,69029.86982425491,141816.89143074508
105676.90306003923,69073.07102803924,141773.69022696075
105663.81219749019,69059.98016549018,141786.7810895098
105542.24155884315,68938.40952684314,141908.35172815685
105326.9331679216,68723.1011359216,142008.42847507843
105349.84103596081,68746.00900396082,141985.52060703922
105375.23677315687,68771.40474115688,141960.12486984313
105374.89417558824,68771.06214358823,141960.46746741177
105154.76641927447,68550.93438727446,142180.59522372554
105155.2837323137,68551.45170031372,142180.07791068632
105164.75181311763,68560.91978111764,142170.6098298824
105177.22507398036,68573.39304198037,142158.13656901964
105116.49687603916,68512.66484403916,142218.86476696085
105034.78432625484,68430.95229425485,142300.57731674518
104975.71113498036,69043.23569898037,142359.65050801967
104819.946730549,68887.471294549,142515.414912451
104826.78546196074,68894.31002596073,142508.57618103927
104810.70208678428,68878.22665078429,142524.65955621575
104649.65071758821,68717.17528158822,142685.71092541178
104004.45470690195,67985.96662790194,143330.90693609806
103961.50180274509,69235.84636274508,143373.85984025494
103904.7295917843,69179.0741517843,143430.6320512157
103722.95353258822,68997.29809258821,143612.40811041178
103739.34639366665,69013.69095366665,143596.01524933334
103664.59651552941,68938.94107552941,143670.7651274706
103658.83198509802,68933.17654509802,143676.529657902
103710.83657705881,68985.18113705881,143624.5250659412
103700.38367494117,68974.72823494117,143634.97796805884
103564.58209954902,68838.92665954902,143770.77954345098
103529.53433125492,68803.87889125492,143978.05329574508
103579.09591301961,68853.44047301961,143928.4917139804
103589.42793460787,68863.77249460787,143918.15969239213
103512.9413739412,68787.2859339412,143994.6462530588
103444.50537264705,68718.84993264705,144063.08225435295
103474.1425180588,68748.4870780588,144033.4451089412
103493.79545205881,68768.14001205881,144013.7921749412
103491.12595080392,68765.47051080392,144016.46167619608
103501.16229058823,68610.67390958822,144006.42533641178
103492.50680590197,68602.01842490197,144015.08082109803
103034.24150872546,68143.75312772546,144473.34611827455
102962.86201374506,68072.37363274506,144544.72561325494
102945.22788541172,68054.73950441171,144582.0970585883
102942.26432509802,68051.77594409802,144585.06061890197
102836.64635898038,67946.15797798037,144790.25843501964
102839.3208763725,67948.8324953725,144787.58391762752
102775.75956323529,68555.05361123529,144851.1452307647
102740.23761150979,68519.53165950978,144886.66718249023
102755.45047707843,68534.74452507842,144871.4543169216
102634.35572515686,68413.64977315685,144992.54906884313
102655.14573066666,68434.43977866665,144971.75906333333
102599.35925109804,68378.65329909805,145398.88958590195
102592.58949917644,68371.88354717643,145405.65933782357
102602.77471978431,68382.06876778431,145395.47411721566
102463.70893386273,70438.70914486272,145534.53990313725
102308.8025584314,70325.7556714314,145689.4462785686
102318.84527401964,70335.79838701963,145679.40356298035
102300.35664015688,70317.30975315688,145697.8921968431
102201.60756450983,70218.56067750983,145796.64127249015
102118.90891962749,70135.86203262748,145879.3399173725
102055.78181523531,70072.73492823531,145942.46702176466
102063.68897915688,70215.17286215688,145934.5598578431
102107.02226501961,70258.5061480196,145891.2265719804
101927.83530515688,70079.3191881569,146070.4135318431
101870.40208505883,70021.88596805884,146127.84675194116
101893.1094052549,70044.5932882549,146105.1394317451
101843.33878441178,69994.82266741179,146154.9100525882
101850.1336557059,70001.6175387059,146148.1151812941
101847.8500815098,69999.3339645098,146150.3987554902
101884.98905254905,70036.47293554904,146113.25978445093
101884.98905254905,70036.47293554904,146113.25978445093
101884.98905254905,70036.47293554904,146113.25978445093
101755.12559066669,69906.6094736667,146243.1232463333
101774.04339041175,69925.52727341175,146224.20544658822
101775.73023982353,69927.21412282353,146222.51859717647
101588.67914686275,69740.16302986274,146409.56969013723
101536.4351674706,69461.8378804706,147235.9705585294
101338.73679898039,68907.42234598039,147433.6689270196
101315.06532325488,68816.56803625487,147457.34040274512
101073.55869066666,68575.06140366665,134159.69152833335
101077.14412176468,68578.64683476469,134156.10609723534
101080.39306827448,68581.89578127448,134152.85715072553
101031.75428870584,68533.25700170585,134201.49593029416
101068.40585825486,68404.62943625487,134164.84436074516
100660.08741811762,67996.31099611762,134573.1628008824
100660.90225676469,67997.1258347647,134572.34796223533
100629.5228995294,67965.7464775294,134603.7273194706
100610.54289050978,67946.76646850978,134622.7073284902
100613.99201137252,67950.21558937253,134619.25820762748
100553.46111858818,67889.68469658819,134679.7891004118
100565.01315319604,67901.23673119604,134668.23706580396
100583.19207241174,67919.41565041174,134650.05814658827
100220.63506266662,67556.85864066663,135012.61515633337
100267.67918760782,67603.90276560783,134965.5710313922
100208.5829475294,67544.8065255294,135024.6672714706
100171.52500980391,67507.74858780392,135061.7252091961
100188.16594113724,67524.38951913724,135045.08427786277
100146.52558790195,67482.74916590196,135086.72463109804
100109.6921614706,67445.9157394706,135123.55805752942
100100.7056274118,67436.9292054118,135132.5445915882
100000.74863601963,67115.73542901964,135232.5015829804
100004.2952901961,67119.2820831961,135228.9549288039
99988.03741733334,67103.02421033333,135245.21280166667
100018.6093964902,67133.5961894902,135210.58628650982
99863.66880035294,66978.65559335295,135365.52688264707
99845.77818421568,66960.76497721567,135383.4174987843
99844.25577029414,66959.24256329413,135384.93991270586
99849.98755962747,66964.97435262747,135379.20812337252
99814.22042594118,66910.10454394118,135414.9752570588
99846.20983960787,66942.09395760787,135382.98584339215
99817.10584445098,66912.98996245099,135412.08983854903
99339.04480952941,66434.92892752941,135890.1508734706
99322.88990029412,67250.84555829412,135906.3057827059
99350.61884256863,67278.57450056862,135878.57684043137
99293.92938107844,67221.88503907845,135935.26630192157
99242.06778901961,67170.0234470196,135987.1278939804
99262.1737577451,67190.12941574509,136328.5150062549
99252.15318800003,67180.10884600002,136338.53557599997
99246.92468835297,67174.88034635296,136343.76407564702
99216.27422586277,67144.22988386278,136374.4145381372
99139.35391743139,67067.3095754314,136451.33484656858
99158.6976231765,67637.7539931765,136431.9911408235
99137.65805137256,67616.71442137257,136453.03071262743
99158.1513644706,67637.2077344706,136432.5373995294
99131.96617850983,67611.02254850982,136458.72258549015
98759.7431722353,67238.7995422353,136830.9455917647
98810.80999439217,67295.36722339217,136779.8787696078
98771.39625115685,67255.95348015685,136819.29251284315
98790.33902719605,67274.89625619605,136800.34973680394
98721.00855817646,67205.56578717646,136869.68020582353
98743.98345194118,67350.15617594119,136846.7053120588
98773.59085415685,67379.76357815685,136817.09790984314
98777.3418762549,67383.5146002549,136813.34688774508
98616.8012260196,67222.9739500196,136973.8875379804
98368.02342407842,66974.19614807842,137222.66533992157
98373.52077817649,66979.6935021765,137217.1679858235
98442.48910478433,67048.66182878433,137148.19965921566
98461.61149513726,67067.78421913726,137129.07726886275
98168.12701984314,66774.29974384315,137422.56174415685
98164.7374401765,66770.9101641765,137425.95132382348
98171.23259084314,66792.40051684313,137419.45617315685
98182.86984176472,66804.03776776472,137519.20851523528
98176.44171650983,66797.60964250982,137525.63664049015
98179.67231429413,66800.84024029413,137522.40604270587
98179.75822382355,66800.92614982354,137522.32013317646
98228.00525035294,66849.17317635294,137474.07310664706
98216.17702458825,66837.34495058825,137485.90133241174
98173.26429127452,66794.43221727452,137528.81406572548
98212.80896160785,66833.97688760785,137489.26939539216
98232.66192060783,66853.82984660783,137469.41643639217
98148.42664917644,66769.59457517644,137553.65170782356
98164.383024,66785.55094999999,137537.69533299998
98154.14509994119,66775.31302594118,137547.9332570588
98202.74171980393,66823.90964580393,137499.33663719607
98189.93007129412,66811.09799729411,137512.1482857059
98034.34828241178,66655.51620841178,137667.7300745882
98024.27296886276,66645.44089486275,137677.80538813723
98043.59250566669,66664.76043166668,137658.4858513333
98025.05532884314,66646.22325484313,137677.02302815684
97978.03250445098,67730.01422145098,137724.04585254902
97911.06047482353,67663.04219182354,137791.01788217644
97833.74934176475,67585.73105876475,137868.32901523524
97732.81418001962,67484.79589701962,138113.6699189804
97752.7637195098,67504.74543650981,138093.72037949017
97784.11397529414,67414.43938729414,139060.76218370587
97837.66253986275,67467.98795186274,139007.21361913724
97822.15913129412,67452.48454329412,139022.7170277059
97842.59202001961,67472.9174320196,139002.28413898038
97881.80122584313,67512.12663784312,139781.60173715686
97833.13241145096,67463.45782345097,139830.27055154904
97840.49810205885,67470.82351405884,139822.90486094117
97794.4367677059,67424.7621797059,139868.9661952941
96935.80643029412,66566.13184229413,140727.59653270588
96737.62483347057,66367.95024547057,140925.77812952944
96738.73874039215,66369.06415239215,140924.66422260785
96758.87063172547,66389.19604372547,140904.53233127453
96757.83313115686,66388.15854315687,140905.56983184314
96842.09921470587,66472.42462670588,140821.30374829413
96854.96601347058,66485.29142547058,140808.43694952942
96846.3866730392,66914.2584470392,140817.0162899608
96862.12934037254,66930.00111437254,140801.27362262746
96870.09529698038,66937.96707098038,140793.30766601962
96873.22447352942,66941.09624752942,140790.17848947056
96874.1057209804,66941.9774949804,140789.29724201962
96860.1440213922,66905.6895813922,140803.25894160778
96873.95937145101,66919.50493145101,140789.443591549
96756.92994609807,66802.47550609807,140906.47301690193
96776.72212666667,66822.26768666667,140886.6808363333
96823.35396186275,66868.89952186275,140840.04900113726
96866.07477417648,66911.62033417648,140797.32818882354
96846.01430823532,66891.55986823532,140817.38865476468
96861.86254511766,66907.40810511766,140801.54041788232
96875.06810080394,66670.55242380394,140788.33486219606
96841.51806860784,66637.00239160784,140821.88489439216
95428.5093627059,65223.99368570589,70143.0303112941
95425.39734974511,65220.881672745105,70155.8298512549
95426.32082717649,65221.805150176486,70077.68743682351
95400.30291476472,65195.787237764715,70103.70534923529
95328.00588388235,65123.49020688234,70176.00238011766
95298.48773752942,65093.97206052941,70231.34697347059
95360.02939635294,64814.18588535294,70169.80531464706
94936.45483060785,64390.61131960785,70593.37988039215
94654.08115717646,64108.237646176465,70875.75355382354
94660.27806709804,64114.434556098044,70869.55664390196
94548.6042200392,64002.7607090392,70981.2304909608
94244.69519554901,63698.85168454901,71285.139515451
94215.70610419606,63669.862593196056,71314.12860680395
94195.68630872548,63649.842797725476,71334.14840227453
94178.86511896076,63503.41351796076,71350.96959203924
94215.4493217843,63539.9977207843,71314.3853892157
94236.89177186272,63561.44017086272,71292.94293913728
94288.69880031371,63613.24719931371,71241.1359106863
94326.13122433332,63650.67962333332,71203.70348666668
94330.85400484312,63655.402403843116,71198.98070615689
94301.72849970586,63898.777538705865,71228.10621129414
94293.89144060783,63890.94047960783,71483.51083639216
94246.35972082352,63843.40875982352,71531.04255617647
94284.13951135291,63881.18855035292,71493.26276564707
94284.78604980391,63881.83508880391,71492.61622719608
94286.90426098039,63883.95329998039,71490.4980160196
94286.90426098039,63883.95329998039,71490.4980160196
94283.25795480392,63880.306993803926,71494.14432219607
94037.5771161961,63634.62615519611,71739.82516080388
93964.42094756864,63561.46998656864,71812.98132943135
93982.46207707842,63579.51111607843,71794.94019992156
93922.30692439213,63519.35596339214,71855.09535260785
93723.60202749018,63320.65106649019,72053.8002495098
93730.71262829413,63327.76166729414,72046.68964870585
93751.47134931371,63348.520388313715,72025.93092768628
93248.93218254902,62845.981221549024,72528.47009445097
93237.99855249021,62835.04759149022,72539.40372450977
93244.38719284313,62642.99087484313,72533.01508415685
93241.0986667843,62639.702348784296,72536.30361021569
93241.58725409802,62542.13279809802,72535.81502290197
93193.62496023526,62494.17050423526,72583.77731676472
93213.39814749017,62513.94369149017,72564.00412950982
93221.01196319606,62521.557507196056,72556.39031380393
93231.75515829411,62532.30070229411,72545.64711870588
93194.30104617645,62494.84659017645,72583.10123082354
93223.64290923526,62524.18845323526,72553.75936776472
93198.8769015294,62462.6393125294,72578.52537547059
93164.52304217647,62428.285453176475,72612.87923482351
92749.46572290196,62013.22813390197,73027.93655409802
92784.23504409804,62047.99745509804,72993.16723290195
92789.48213892156,62053.24454992157,72987.92013807842
92793.97500033333,61841.27994333333,72983.42727666665
92730.80245952941,61999.10690952941,73046.59981747057
92566.57999609804,61834.88444609803,73210.82228090195
92571.22016815685,61839.52461815685,73206.18210884313
92512.32654092158,61780.63099092158,73265.0757360784
92513.40656839218,61781.711018392176,73263.9957086078
92543.61758313727,61811.92203313726,73378.52768486273
92582.63309558824,61850.93754558824,73339.51217241175
92521.85516590196,61790.159615901954,73400.29010209804
92475.98450923529,61744.28895923529,73446.1607587647
92469.39748582353,61737.70193582353,73452.74778217646
92367.02211711764,61635.326567117634,73555.12315088235
92363.496295,61631.800745,73558.64897299999
92361.07434711764,61629.378797117635,73710.12467588235
92430.6952910392,61698.999741039195,73640.5037319608
92290.48702005883,61558.79147005883,73780.71200294116
92296.63517994118,61564.939629941175,73774.56384305882
92296.60660386273,61564.91105386273,73771.29235913728
92317.53179825489,61585.836248254884,73750.36716474513
92297.87015268624,61566.17460268624,73770.02881031377
92278.32518821568,61546.62963821567,73789.57377478434
92284.42253872547,61552.726988725466,73783.47642427454
92281.80004358823,61550.104493588224,74116.39604541178
92274.52560962742,61542.83005962742,74123.67047937258
92253.11017094116,61521.414620941156,73188.72444305883
92103.65680876469,61371.961258764684,72423.19878723532
92067.35423976468,61335.65868976468,72459.50135623533
92067.87420705883,61336.17865705883,72458.98138894117
92068.6092644706,61336.91371447059,72458.24633152942
91890.81482543137,61159.11927543137,72636.04077056864
91895.60453064706,61163.90898064706,72631.25106535295
91869.26263884314,61137.567088843134,72657.59295715687
91867.26254190198,61135.56699190197,72659.59305409803
91826.76783047059,61095.07228047059,72700.08776552942
91705.74703866667,60945.35753966667,72821.10855733334
91655.649193451,60895.259694451,72871.20640254901
91623.22860392157,60862.83910492157,72903.62699207844
91631.0098402353,60870.620341235306,72895.8457557647
91564.74038225491,60804.35088325491,72962.1152137451
91598.19065203921,60837.80115303921,72928.6649439608
91614.82337105884,60854.43387205884,72912.03222494117
90983.62514847063,60223.23564947063,73543.23044752938
90987.96920213728,60227.57970313728,73538.88639386273
90977.37127533334,60216.98177633334,73549.48432066667
90975.88945411764,60215.499955117644,73550.96614188237
90973.78601250978,60275.92573350978,73553.06958349023
90995.70870809801,60297.84842909801,73531.146887902
90997.4990390392,60299.638760039204,73529.3565569608
91007.86732701957,60310.00704801957,73518.98826898044
90911.91721647058,60594.37144947058,73614.93837952943
90921.80107276469,60604.25530576469,73605.05452323532
90839.47896707841,60521.933200078405,73687.3766289216
90818.7602157647,60501.2144487647,73708.0953802353
90847.88272178429,60046.996981784294,73678.97287421572
90849.27529384312,60048.389553843124,73677.58030215689
90804.74462431371,60003.85888431371,73722.1109716863
90803.50005784314,60020.822271843135,73723.35553815687
90515.33594529411,59732.65815929411,74011.5196507059
90442.1454059804,59659.467619980394,74084.71019001961
90390.74197039215,59608.06418439215,74136.11362560786
90401.05832023527,59618.38053423527,74125.79727576474
90411.6971737647,59629.019387764696,74115.15842223531
90431.85822219607,59649.18043619607,74094.99737380394
90453.7031040588,59671.025318058804,74073.1524919412
90461.96657713725,59679.28879113725,74064.88901886276
90454.96655782354,59672.28877182354,74071.88903817646
90464.14438941174,59681.46660341174,74062.71120658827
90455.81781545097,59673.140029450966,74071.03778054904
90475.85180786272,59693.174021862724,74051.00378813728
90394.53013113723,59611.85234513723,74132.32546486278
90433.16240439219,59650.48461839219,74093.69319160782
90424.77797113726,59642.10018513726,74102.07762486275
90475.4172776471,59692.739491647095,74051.43831835291
90451.63782262745,59668.96003662745,74075.21777337255
90457.3935532157,59674.715767215705,74069.4620427843
90457.28864796078,59674.610861960784,74069.56694803922
90448.37828768627,59665.70050168627,74078.47730831374
90462.88839033335,59680.21060433335,74602.09693866664
90501.4129941765,59718.7352081765,74563.57233482349
90545.20368160786,59762.52589560786,75242.43259639213
90515.98776715688,59733.30998115688,75271.64851084311
90525.31213823533,59742.63435223533,75262.32413976466
90456.75298284314,59674.07519684314,75330.88329515685
90448.59014656865,59665.91236056865,75339.04613143134
90470.18319615687,59687.50541015687,75317.45308184312
90512.17470745098,59729.49692145098,75275.46157054901
90314.62855905884,59531.95077305884,75473.00771894115
90192.81286484316,59410.13507884316,75594.82341315683
90219.56934478434,59436.89155878434,75568.06693321565
90252.66364203923,59469.98585603923,75534.97263596076
90248.757935,59466.080149,75538.87834299999
90274.59559280392,59491.91780680392,75513.04068519607
90310.08962935295,59527.41184335295,75477.54664864704
90186.21996564706,59403.54217964706,75601.41631235293
90132.4132361961,59349.735450196094,75655.2230418039
90131.235921451,59348.55813545101,75656.40035654898
90128.53451860785,59345.85673260785,75659.10175939214
90120.60667913727,59337.92889313727,75667.02959886272
90137.63860056864,59636.490943568635,75649.99767743135
90129.85339882356,59628.705741823556,75657.78287917643
90165.1559574706,60159.7283794706,76668.8045135294
90161.78141992158,60156.35384192158,76672.17905107842
90173.76063480393,60050.81824880393,77160.05924319608
90182.58749168627,59879.59193968627,77151.23238631374
90164.10385584315,59861.108303843146,77709.99901415686
90195.61677613725,59892.62122413725,77678.48609386275
90198.48197780391,59895.48642580391,77675.6208921961
90112.43805713723,59809.44250513723,77761.66481286277
90117.71659101959,59814.72103901959,77756.38627898041
89903.92647174509,59600.930919745086,77970.17639825492
89839.43993149018,59552.031092490186,78034.66293850982
89834.96636123527,59547.55752223528,78039.13650876473
89742.47409994117,59455.06526094118,78131.62877005883
89573.67862131372,59286.26978231373,78300.42424868628
89547.7291400392,59249.0357410392,78326.3737299608
89557.03514566665,59258.34174666666,78317.06772433335
89527.50339611764,59737.37579911764,78346.59947388236
89521.88108735294,59731.753490352945,78352.22178264706
89469.78536901959,59679.65777201959,78404.31750098041
89490.64586345098,59846.87309445097,78383.45700654903
89491.116516,59847.34374699999,78382.98635400001
89503.94853435294,59860.175765352935,78370.15433564706
89534.35324592155,59890.58047692155,78339.74962407845
89518.035533549,59874.262764549,78356.067336451
89516.69559860782,59872.92282960782,78357.40727139218
89532.44823105879,59888.67546205879,78341.65463894121
89534.65153207842,59890.87876307842,78339.45133792158
89381.38387462743,59737.611105627424,78492.71899537258
89311.74902860785,59667.97625960785,78562.35384139215
89286.08920941174,59642.31644041174,78588.01366058826
89275.07208492157,59631.29931592157,78599.03078507843
89222.35475368628,59578.58198468627,78651.74811631373
89222.89761739217,59579.124848392166,78651.20525260783
89091.5537214902,59447.7809524902,78782.5491485098
89109.07652743137,59465.30375843137,78765.02634256863
89107.98545296077,59464.212683960766,78766.11741703923
89118.01415917648,59474.24139017648,78756.08871082352
89111.65810501961,59467.88533601961,78762.44476498039
89106.05665417647,59462.28388517647,78768.04621582353
88920.57757160784,59276.80480260783,78953.52529839217
88949.76967311764,59097.72463611764,78924.33319688236
88972.57395837255,59120.52892137255,78901.52891162745
88892.60850460784,59040.56346760783,78981.49436539217
88872.12170699998,59020.07666999998,77943.731142
88883.6581619804,59031.6131249804,77932.19468701958
88905.64626019608,59053.60122319608,77910.2065888039
88922.95352101963,59070.90848401963,77892.89932798035
88905.71600986278,59053.670972862776,77910.13683913721
88710.66261070593,58858.617573705924,75029.52149929407
88630.04994329414,58778.00490629414,75110.13416670586
88489.96107680394,58637.91603980394,75250.22303319606
88498.9637016667,58646.91866466669,75241.2204083333
88491.61559882354,58639.57056182354,75248.56851117646
88329.713782451,58468.882791451004,75410.470327549
88071.06388554903,58210.23289454903,75669.12022445098
88090.71908221568,58229.88809121569,75696.2225787843
88014.65561364706,58153.824622647066,75772.28604735293
88009.01013935295,58148.17914835295,75777.93152164704
88060.6578314118,58199.8268404118,75726.2838295882
88031.07059933337,58170.23960833337,75755.87106166662
88044.24897200003,58183.417981000035,75742.69268899996
88036.60832276473,58175.77733176474,75750.33333823526
88052.50714433336,58191.67615333336,75734.43451666663
88054.36431729414,58193.53332629414,75732.57734370585
88038.24418790199,58177.413196901995,75748.697473098
88003.87320886277,58143.04221786278,75783.06845213722
87986.87012500002,58126.03913400002,75800.07153599997
87972.34926637258,58111.51827537258,74817.10754862743
87869.02084701965,58008.18985601966,74920.43596798036
87834.99602227456,57974.16503127456,74954.46079272545
87834.93107976473,57974.10008876474,74954.52573523528
86588.86840860789,56728.03741760789,76130.53680539211
86633.87890458826,56773.04791358826,76085.52630941174
86648.55007835297,56787.719087352976,76070.85513564703
86647.88253643141,56787.051545431415,76071.52267756859
86552.83829576474,56692.007304764746,76166.56691823526
86600.3040466863,56739.47305568631,76119.1011673137
86582.86794360785,56722.03695260786,76136.53727039215
86206.94107054903,56346.110079549035,76512.46414345097
86138.58707082353,56277.756079823535,76580.81814317647
86127.1766877059,56266.3456967059,76592.2285262941
85999.82071886276,56138.98972786276,76719.58449513724
85471.32650768629,55610.49551668629,77248.07870631371
85496.02925411768,55635.19826311768,77223.37595988232
85494.49342231374,55633.66243131374,77224.91179168626
85307.76384890199,55446.93285790199,77411.64136509801
85237.20822680392,55376.37723580393,77482.19698719608
85235.19322217649,55374.36223117649,77484.21199182351
85150.63035043138,55289.79935943139,77568.77486356861
85167.44748027451,55306.616489274515,77551.95773372549
85185.94367409806,55325.112683098065,77772.30407790194
85181.36517678431,55320.534185784316,77776.88257521568
85157.08544156865,55296.25445056865,77801.16231043135
85151.99502256865,55291.16403156865,77806.25272943135
85157.24864931375,55296.41765831376,77800.99910268624
85035.1882079412,54684.9863919412,77923.0595440588
85024.71723296079,54674.515416960785,77933.53051903921
84938.01918727452,54587.81737127452,78020.22856472548
84940.61150354904,54590.409687549036,78017.63624845096
84938.70048437256,53963.08908737256,78019.54726762744
84915.2578194902,53874.4921054902,78042.9899325098
84838.24215515687,53797.47644115687,78120.00559684313
84691.74244958823,53650.97673558823,78266.50530241177
84704.58039664706,53663.814682647055,78253.66735535294
84756.00235033335,53653.18693233335,78202.24540166665
84711.34564478432,53608.53022678432,79015.30036821567
84716.91914752942,53614.10372952942,79009.72686547057
84728.8927479412,53626.077329941196,78997.7532650588
84786.57102898041,53683.75561098041,78940.07498401958
84818.21757337256,53715.40215537256,78908.42843962743
84818.416658451,53715.601240451,79198.52964954902
84816.01963703922,53745.799777039225,79200.92667096079
84838.67387645098,53768.45401645098,79178.27243154903
84814.62536915686,53744.40550915686,79202.32093884316
84806.44748174511,53736.227621745114,79210.4988262549
84825.63627403924,53755.41641403924,79191.31003396078
84814.61027829413,53744.39041829413,79202.33602970588
84820.34658731375,53750.12672731375,79196.59972068627
84820.34658731375,53750.12672731375,79196.59972068627
84796.43696766667,53726.21710766667,79220.50934033334
84803.58199158822,53733.36213158822,79213.3643164118
84807.36960909802,53737.149749098025,79209.57669890199
84859.76828407841,53725.40920907841,78964.66218892157
84874.87441917646,53740.515344176456,78748.45061782355
84890.85255403921,53756.493479039214,78732.47248296079
84918.14156517645,53783.782490176454,78705.18347182355
84875.79699380389,53741.43791880389,78747.52804319611
84712.36169023527,53578.002615235266,78910.96334676474
84752.46334321568,53618.104268215684,78870.86169378432
84738.70174564706,53604.342670647064,78884.62329135294
84732.2826399804,53597.9235649804,78891.0423970196
84672.02299433333,53537.663919333325,78951.30204266668
84543.84488452942,53409.48580952942,79079.48015247058
84494.18608988235,53359.82701488235,79129.13894711765
84365.19269441176,53230.83361941176,79258.13234258824
84372.80619047058,53238.44711547058,79264.63317052941
84396.91836139216,53262.55928639216,79240.52099960783
84396.39806307844,53262.038988078435,79241.04129792156
84401.60594141178,53267.24686641178,79096.84524058821
84359.10525007844,53224.74617507844,79139.34593192155
84417.82940749021,53068.13966649021,79080.62177450978
84426.10160709803,53076.41186609803,79072.34957490196
84426.38339999999,53076.693659,79072.067782
84449.3103195098,53099.6205785098,79049.1408624902
84344.15068317644,52994.46094217645,79154.30049882355
84371.51363807842,53021.82389707843,79126.93754392157
84373.96212166664,53024.27238066665,79124.48906033335
84366.40689429411,53016.717153294114,79132.04428770588
84331.14321056863,52981.45346956863,79167.30797143136
84363.26798784315,53013.57824684316,79240.25090415684
84333.68012062745,54069.23375762746,79163.39413337255
84343.25610860783,53996.69521360783,79153.81814539217
84255.38379970587,53908.82290470587,79241.69045429413
84252.81135796077,54691.191257960774,79260.26666303922
84158.49938896079,54596.87928896079,79354.5786320392
84167.03263882353,54605.412538823526,79346.04538217647
84153.62131341176,54592.00121341176,79273.27288558825
84153.6178749804,54578.869898980396,79273.2763240196
84175.48216723528,54600.734191235286,79251.41203176472
84187.51198478432,54612.76400878432,79239.38221421569
84095.67878639216,54520.930810392165,79331.21541260784
84084.65454133332,54509.906565333324,79342.23965766668
84084.42466392154,54509.67668792154,79342.46953507846
84117.86218419607,54543.11420819607,80711.10967180392
84132.47136203921,54557.723386039215,80696.50049396078
83317.38020568628,54136.209144686276,81511.59165031371
83319.2168592745,54138.0457982745,81509.75499672549
83325.41680101962,54144.245740019614,81503.55505498037
83051.53371545098,53870.362654450975,81777.43814054901
83046.97755794115,53865.80649694115,81781.99429805884
83052.00419464706,53870.83313364706,81776.96766135293
83046.73082017647,53865.55975917647,81782.24103582352
82991.05286284313,53809.881801843134,81837.91899315685
83004.31872990195,53823.14766890195,81824.65312609804
82985.04225972547,53803.871198725465,81843.92959627452
83008.2831727843,53827.1121117843,81820.68868321569
83001.06254835291,53819.891487352914,81827.90930764707
82863.9888937843,54135.425768784306,81964.98296221568
82911.55235705881,54182.98923205881,81917.41949894118
82795.26395770587,54066.70083270587,82033.70789829412
82775.45416566666,54046.891040666655,82053.51769033333
82808.33348696078,54079.77036196078,82020.63836903921
82815.17636964706,54086.61324464706,82013.79548635293
82709.17685845096,53980.613733450955,82119.79499754903
82715.27855809801,53986.71543309801,82113.69329790198
82740.14458166665,54011.58145666665,82088.82727433334
82764.43069798038,54035.86757298038,82064.54115801961
82727.58277796078,55425.35710596078,82101.38907803921
82742.69771264706,55440.47204064706,82086.27414335293
82646.76561449017,55518.94678449017,82182.20624150982
82529.76295568628,55401.94412568628,82299.20890031371
82531.6514562549,55403.832626254894,82297.32039974509
82489.01873366669,56040.080456666685,82339.9531223333
82376.06066513727,55927.122388137264,82452.91119086272
82265.63235901963,55816.694082019625,82563.33949698036
82274.12627478433,55825.18799778433,82554.84558121566
82306.35923901961,55857.42096201961,82522.61261698038
82282.84641500002,55833.90813800002,82546.12544099997
82303.87282166668,55854.93454466668,82525.09903433331
82255.25058303923,55740.42020103923,82573.72127296076
82260.89508360787,55746.06470160787,82568.07677239212
82000.88869692158,55486.05831492158,82828.08315907841
81950.77890776472,55435.94852576472,83257.62981123528
82004.54157490196,55489.71119290196,83203.86714409804
81978.2926189608,55463.4622369608,83230.1161000392
81989.16388441177,55474.33350241177,83219.24483458823
82004.7121497647,55489.8817677647,83203.6965692353
82002.29299358824,55487.46261158824,83206.11572541176
81655.01781717647,55140.18743517647,83553.39090182353
81591.67249823529,55076.84211623529,83616.73622076471
81543.79252184313,55028.96213984313,83664.61619715687
81484.37985956864,54969.54947756864,82148.12221543136
81483.26205180393,54968.43166980393,82149.24002319606
81434.75075274511,54919.92037074511,82197.75132225489
81433.65196201962,54918.82158001962,82198.85011298038
81456.49512933333,54828.32607733333,82176.00694566667
81456.46785721568,54828.29880521569,82176.03421778431
81470.37717405883,54842.20812205883,82162.12490094117
81364.75933358824,54736.590281588244,82267.74274141176
81342.34581998039,54714.17676798039,82290.15625501961
81348.02925205883,54719.86020005883,82284.47282294117
81336.57716960784,54708.40811760785,82295.92490539215
81331.85106427451,54787.22659027451,82300.65101072549
81330.71148982353,54786.087015823534,82301.79058517647
81229.07485078431,54684.45037678431,82689.3124582157
81135.63410352942,54591.00962952942,82782.7532054706
81100.82927113728,54556.20479713728,82817.55803786273
81060.92687254903,54516.30239854903,82857.46043645099
81046.40949056865,54501.785016568654,82871.97781843136
81030.85475482354,54486.23028082354,82887.53255417648
80932.05313107844,54078.31140407844,82986.33417792157
80948.03940611766,54094.29767911766,82970.34790288235
80977.96470450981,54184.42073850981,82940.4226044902
80960.58566907841,54167.041703078416,82957.8016399216
80900.14230221568,54106.598336215684,83024.28134278432
80889.984507549,54096.440541549004,83034.439137451
80720.24069603921,53926.69673003921,83204.18294896079
80401.95027115685,53608.40630515685,83522.47337384315
80375.29394135292,53581.74997535293,83549.12970364708
80298.57439399998,53505.030427999984,83625.84925100002
80333.57387350977,53540.02990750977,83590.84977149023
80299.52858378431,53505.984617784314,83624.89506121569
80279.59523119607,53486.051265196074,83644.82841380393
80278.6539662745,53485.11000027451,83645.7696787255
80290.15861572546,53207.30018072546,83634.26502927454
80214.9487618431,53132.0903268431,83798.88921515689
80210.22529882351,53134.17305282351,83824.71926317648
80209.36677209802,53133.314526098016,83825.57778990197
80198.0174690588,53121.9652230588,83836.92709294119
80130.63525927451,53054.58301327451,83904.30930272548
80137.84845298038,53061.79620698038,83897.0961090196
80097.8065372549,53021.7542912549,83937.13802474509
80054.48232668627,52978.43008068627,83980.46223531372
79954.28259880391,52878.23035280391,84080.66196319608
79981.31235319607,52905.260107196074,84053.63220880392
79542.85486680391,52466.802620803915,84492.08969519607
79510.39785750979,52434.34561150979,84524.5467044902
79544.21974211762,52468.167496117625,84490.72481988237
79504.26924327448,52428.21699727448,84530.67531872551
79509.45008435292,52433.397838352925,84525.49447764707
79538.65434894116,52462.60210294116,84496.29021305883
79504.29244341174,52429.34936541175,84530.65211858824
79542.57658272548,52467.63350472548,84492.36797927451
79503.33351513724,52428.39043713725,84531.61104686274
79459.57337558822,52384.63029758823,84575.37118641176
79410.06446980393,52335.12139180393,84624.88009219606
79457.44713739216,52382.50405939216,84577.49742460783
79402.53755543138,52327.59447743138,84632.40700656861
79295.37769011766,52220.434612117664,84739.56687188233
79284.82749158825,52209.884413588254,84750.11707041174
79158.24354976474,52083.30047176474,84876.70101223525
79205.33904033336,52130.395962333365,84829.60552166663
79204.74697086278,52129.80389286278,84830.19759113721
79150.3604231765,52075.41734517651,84884.58413882348
79146.3278786667,52071.38480066671,84874.56191633329
79125.68069029415,52050.73761229415,84895.20910470585
79066.11869411767,51991.175616117675,84954.77110088232
79103.2915097059,52028.348431705905,84917.5982852941
79099.98972490199,52025.04664690199,84920.90007009801
79014.64099323531,51939.697915235316,85006.24880176468
78969.88605725492,51894.94297925492,85051.00373774508
78977.78613190197,51902.843053901976,85043.10366309802
78970.48771698041,51895.54463898041,85050.40207801959
78970.48771698041,51895.54463898041,85050.40207801959
78956.36252260786,51881.41944460786,85064.52727239214
78941.37916103924,51866.43608303924,85079.51063396076
78965.38648937257,51890.44341137257,85055.50330562743
78979.78151337257,51904.83843537257,85041.10828162743
78980.52555050982,51905.58247250982,85040.36424449018
78931.43383531374,51856.490757313746,85089.45595968625
78963.52051652942,51888.57743852942,85057.36927847058
78804.59643019609,51729.653352196096,85216.2933648039
78832.53081982354,51757.58774182355,85188.35897517645
78851.33671482354,51776.393636823545,85169.55308017645
78857.8639074706,51782.920829470604,85163.0258875294
78859.05150380393,51784.108425803934,85161.83829119607
78914.72567688236,51839.78259888236,85106.16411811764
78914.72567688236,51839.78259888236,85106.16411811764
78727.8512514706,51652.9081734706,85293.0385435294
78730.95589958824,51656.01282158824,85289.93389541176
78738.79868756863,51663.855609568636,85278.43655443136
78748.95563574511,51674.01255774511,85268.27960625489
78730.7452197255,51655.80214172551,85286.49002227449
78712.56524311767,51637.622165117675,85304.66999888232
78737.01639052942,51662.07331252942,85280.21885147058
78738.052082,51663.109004,85279.18316
78586.62080805883,51511.67773005883,85430.61443394117
78622.01671627452,51547.07363827452,85395.21852572548
78604.27538692155,52385.65242492155,85412.95985507844
78596.53052409804,52377.90756209804,85420.70471790196
78558.497702,54366.692589,85458.73754
78563.48422366666,54168.63193966666,85453.75101833334
78567.77040411763,54172.91812011763,85446.71384288235
78592.95074009804,54198.098456098036,85421.53350690195
78599.0702792549,54204.2179952549,85415.41396774509
78537.6717404902,54142.8194564902,85476.81250650978
78499.62972096079,54104.77743696079,85514.8545260392
78541.60608339218,54146.75379939218,85472.8781636078
78406.22302278431,54011.37073878431,85608.26122421568
78378.4393277647,53983.5870437647,85636.04491923528
78376.31743252941,53981.46514852941,85638.16681447058
78313.85351427451,53919.00123027451,85700.63073272548
78161.05673780393,53766.204453803926,85853.42750919606
78160.43286554902,53765.580581549024,85854.05138145096
78138.29987941177,53743.44759541177,85876.18436758821
78112.97885237256,53718.12656837256,85901.50539462743
78098.28504954903,53703.43276554903,85454.06244445096
77987.38332509804,53592.53104109804,85564.96416890195
77881.65330931374,53486.80102531374,85670.69418468625
77884.47757113726,53489.62528713726,85667.86992286272
77867.20373180392,53472.35144780392,85685.14376219606
77834.30170676472,53439.449422764716,85718.04578723527
77769.51701652941,53374.66473252941,85782.83047747058
77778.79091192156,53383.93862792156,85773.55658207842
77791.69048147059,53396.83819747059,85760.6570125294
77789.12139517648,53394.26911117648,85763.2260988235
77813.08464994119,53418.232365941185,86212.6393540588
77788.25031254902,53393.39802854902,86237.47369145097
77811.0314887647,53416.179204764696,86214.69251523529
77811.05082601961,53416.19854201961,86214.67317798038
77801.97003415687,53407.11775015687,86223.75396984312
77800.49170427451,53405.63942027451,86225.23229972548
77777.67820658823,53382.82592258823,86248.04579741176
77616.56738150978,53221.71509750978,86409.1566224902
77598.603532,53203.75124799999,86427.120472
77474.73531894117,53079.883034941166,86550.98868505882
77486.97776360784,53092.125479607836,86538.74624039215
77487.48247009804,53092.63018609804,86538.24153390195
77497.15155480393,53102.29927080393,86596.54865119608
77469.31743690197,53074.46515290197,86624.38276909804
77418.71710813727,53023.864824137265,86674.98309786274
77199.16085758824,52804.30857358824,86930.15303041176
77192.31991711765,52797.46763311765,86936.99397088235
77185.1423552353,52790.29007123529,86944.17153276471
77191.7230967647,52796.870812764704,86937.5907912353
77201.98461788235,52807.13233388235,86927.32927011765
77204.03639643136,52809.18411243136,86925.27749156865
76980.61193233333,52585.759648333325,87148.70195566668
76968.12649080392,52573.274206803915,87413.99752319609
76967.34093539215,52572.488651392145,87414.78307860786
76702.18415992157,52307.33187592157,87679.93985407843
76510.12729229411,52115.27500829411,87871.99672170589
76235.26204296078,51840.40975896078,88146.86197103922
76204.5614324706,51809.709148470596,88177.5625815294
76217.4146607059,51822.56237670589,88164.7093532941
76223.47633776472,51828.62405376472,88158.64767623528
76225.7678284902,51830.915544490206,88156.3561855098
76171.41273605885,51797.92333505885,88210.71127794115
75979.39388805882,51605.904487058826,88402.73012594118
75949.56849398039,51576.07909298039,88432.55552001961
75956.96189464707,51583.472493647074,88425.16211935293
75933.91636601962,51560.42696501962,88568.33363098039
75820.84568033335,51447.356279333355,88681.40431666665
75834.81693990198,51461.327538901984,88667.43305709802
75833.26024717648,51459.770846176485,88668.98974982352
75791.3820784902,51417.89267749021,88710.8679185098
75801.162706451,51427.673305451,88701.08729054901
75781.95314478433,51514.65697678433,88720.29685221567
75789.83012174512,51522.53395374512,88712.41987525488
75673.42139115688,51406.12522315688,88828.82860584313
75738.378332,51471.08216399999,88763.87166500001
75709.64704290195,51442.35087490195,88777.34659909803
75677.84092345097,51410.544755450974,88809.15271854901
75579.17628117646,51311.88011317646,88907.81736082352
75583.50864011764,51316.21247211764,88903.48500188235
75602.62901843137,51335.33285043137,88884.36462356862
75403.63471403922,51136.33854603922,89083.35892796077
75148.32613221569,50881.02996421569,89338.6675097843
75158.67999903923,50891.38383103923,89328.31364296075
75108.84378480393,50841.54761680393,89378.14985719605
75069.91645803922,50802.62029003922,89417.07718396076
74897.59277031373,50630.29660231373,89589.40087168626
74798.57789888237,50531.28173088237,89717.46363111761
74842.04154129411,50574.74537329411,89673.99998870588
74856.16422721569,50588.86805921569,89659.8773027843
74888.90835907844,50621.61219107844,89627.13317092154
74878.31232333335,50611.016155333346,89830.42245566664
74778.70871286276,50511.41254486276,89930.02606613723
74805.25081033335,50537.95464233335,89903.48396866664
74806.8428919216,50539.546723921594,89901.8918870784
74820.10512190197,50552.80895390197,89888.62965709802
74835.1831919804,50567.887023980395,89873.5515870196
74714.57332962746,50447.277161627455,83657.70499737255
74682.88668476472,50415.590516764714,83689.39164223529
74725.41992629411,50458.12375829411,83172.0687037059
74733.12967788235,50465.833509882345,83164.35895211766
74734.03395729412,49986.21032729412,83163.45467270589
74718.22290678431,50434.148654784316,83179.26572321569
74716.68189088235,50432.60763888235,83180.80673911766
74726.68943735294,50442.61518535294,83170.79919264707
74687.82330647059,50403.74905447059,83209.66532352942
74619.15850458822,50335.084252588225,83278.33012541178
74598.04064013725,50313.96638813725,83299.44798986276
74605.04775345097,50320.97350145097,83292.44087654904
74529.84395796077,50245.76970596077,83367.64467203924
74523.5828240392,50239.5085720392,83373.9058059608
74312.1224820196,50028.048230019594,83585.36614798041
74299.38635982352,50015.31210782352,83622.27000517648
74216.54504139215,49932.47078939215,83135.50318160784
74190.53897686272,49906.46472486272,83171.15281113728
74169.71021398038,49885.63596198038,83191.98157401962
74127.49251423529,49843.41826223529,83234.19927376471
73975.89802856863,49691.82377656863,83385.79375943137
73977.2171447451,49693.1428927451,83388.72744725492
73823.93229486275,49539.858042862754,83542.01229713726
73826.39126137256,49542.31700937256,83539.55333062746
73803.64212966665,49519.567877666654,83562.30246233336
73800.29723917646,49516.222987176465,83565.64735282355
73804.02002176469,49519.945769764694,83561.92457023532
73813.79081754903,49529.71656554903,83552.15377445098
73803.94830107843,49519.87404907843,83561.99629092158
73808.30282225489,49524.22857025489,83557.64176974513
73813.05695896078,49528.98270696078,83552.88763303924
73785.69093023527,49501.616678235274,83580.25366176474
73849.44361298037,49565.36936098037,83516.50097901965
73860.31960472548,49576.24535272548,83505.62498727454
73860.31960472548,49576.24535272548,83505.62498727454
73857.32371768626,49573.24946568626,83520.73797331375
73861.55004047057,49577.47578847057,83516.51165052944
73879.2601348235,49595.185882823505,83498.8015561765
73805.13465666666,49521.06040466666,83572.92703433335
73784.73590845098,49500.66165645098,83593.32578254903
73767.94472760786,49483.87047560786,83610.11696339215
73768.88538188237,49484.81112988237,83609.17630911764
73767.96485649022,49483.89060449022,83610.0968345098
73753.42619284314,49469.35194084314,83624.63549815687
73769.90124292157,49485.82699092157,83608.16044807844
73766.84155539214,49482.76730339214,83611.22013560787
73756.05624411763,49471.98199211763,83622.00544688238
73754.7250840588,49470.6508320588,83670.2211029412
73756.3378342353,49472.2635822353,83668.6083527647
73751.85119443138,49467.77694243138,83673.09499256861
73768.07560762744,49484.00135562744,83656.87057937255
73763.06414958822,49478.98989758822,83661.88203741178
73788.58442700001,49504.51017500001,83636.36175999999
73762.8293682549,50842.0543792549,83662.1168187451
73763.59668021569,50842.82169121569,83687.2796987843
73667.13600239216,50746.36101339216,83783.74037660784
73698.55106901961,50777.77608001961,83752.32530998038
73672.11678805882,50751.34179905882,83778.75959094118
73657.85546280393,50737.08047380393,83793.02091619607
73656.61979456864,50735.844805568646,83794.25658443135
73641.39550864708,50720.620519647084,83809.48087035291
73516.02317680394,50698.798184803934,83934.85320219606
73513.3878924706,50696.16290047059,83937.4884865294
73471.97598178432,50654.75098978431,83978.90039721568
73470.34181786276,50653.11682586276,84164.21075813723
73460.60678909805,50643.381797098045,84173.94578690194
73442.39931711766,50625.17432511765,84192.15325888233
73465.97590807844,50648.75091607844,84168.57666792154
73432.42617903922,50615.201187039216,84202.12639696077
73426.78123841177,50609.55624641177,84207.77133758822
73396.27071319609,50579.04572119609,84238.2818628039
73413.011413451,50595.78642145099,84221.541162549
73422.50156031374,50605.27656831374,84260.87618668625
73441.97843252943,50624.75344052943,84241.39931447056
73457.22364307845,50639.99865107845,84226.15410392154
73448.13068254903,50190.88356154903,84235.24706445096
73403.09505227453,50145.847931274526,84280.28269472547
73438.9336714902,50181.6865504902,84304.84307750981
73462.35015727453,49846.653424274526,84281.42659172548
72360.94897676472,48745.25224376471,76032.02523923528
72362.26207607843,48746.56534307843,76030.71213992157
72373.48582425491,48757.789091254905,76019.4883917451
72360.14951982354,48744.45278682353,76032.82469617647
72357.43078280392,48741.73404980391,76035.54343319609
72295.96819054903,48680.271457549024,73355.60668945097
72303.8197445098,48688.1230115098,73347.7551354902
72329.20751068628,48713.51077768627,73322.36736931372
72332.73032117647,48717.03358817646,73318.84455882353
72311.53876380392,48695.84203080392,73340.03611619608
72308.97137480392,48693.27464180392,73342.60350519608
72272.44568337256,48656.74895037255,73379.12919662744
72284.45726733335,48668.76053433334,73367.11761266665
72101.8984432157,48486.2017102157,73549.6764367843
72105.36242968628,48489.66569668628,74370.09162931373
72102.95587282356,48487.25913982355,74372.49818617645
72099.40102339219,48483.70429039218,74376.05303560782
72097.20457847061,48481.50784547061,74378.2494805294
72088.23851333336,48472.541780333355,74387.21554566665
72100.29537333336,48403.585263333356,74375.15868566665
72099.08219860785,48402.37208860785,74376.37186039216
72118.5839137255,48421.873803725495,74356.87014527452
72119.01141394119,48422.30130394119,74356.44264505882
72148.20986582355,48233.70694482355,74327.24419317646
72064.56031415689,48150.05739315689,74410.89374484312
72075.897106451,48161.394185451,74399.55695254901
72091.16289441177,48176.65997341177,74384.29116458824
72086.768907,48172.265986000006,74388.685152
72090.5608700196,48176.0579490196,74384.89318898041
72085.82498035295,48171.32205935295,74389.62907864706
72025.20032933334,48110.69740833334,74450.25372966667
72015.08041788237,48100.577496882375,74460.37364111764
72007.14654884316,48092.64362784316,74468.30751015685
71959.95551000003,48045.45258900003,74515.49854899998
71930.51867086277,48016.015749862774,74544.93538813724
71949.71980254905,48035.21688154905,74525.73425645096
71952.880184902,48038.377263901995,74522.57387409802
71940.03532564707,48025.53240464707,72639.20505235292
71925.6882581961,48011.1853371961,72653.55211980389
71916.9173969412,48002.414475941194,72662.3229810588
71922.93815747059,48008.43523647059,72656.3022205294
71913.05493335295,47998.55201235295,72666.18544464704
71906.95055915686,47992.44763815686,72672.28981884313
71907.06046921569,47992.55754821569,72672.1799087843
71714.89175690197,47800.38883590197,72864.34862109802
71729.38685219608,47814.883931196084,72849.8535258039
71713.93521713726,47799.43229613726,72865.30516086273
71714.9350037059,47800.432082705905,72864.30537429408
71709.81667572551,47795.31375472551,72869.42370227448
71704.02969566667,47831.901139666676,72875.21068233332
71387.8288402353,47515.70028423531,73191.41153776468
71267.12950868628,47395.000952686285,73312.1108693137
71270.96250529411,47217.66186329411,73308.27787270588
71278.77477180393,47225.47412980393,73300.46560619606
71269.09115845097,47209.98915145097,73310.14921954901
71272.00610111764,47064.24201811764,73307.23427688234
71278.95625721572,47071.192174215714,73300.28412078427
71286.26794849023,47078.50386549023,73292.97242950975
70794.60739056865,46586.84330756865,73784.63298743134
70808.28863433335,46600.52455133335,73770.95174366664
70761.85083127453,46554.08674827452,73817.38954672546
70641.05376029413,46433.28967729413,73938.18661770585
70607.53938480394,46482.00075780394,73971.70099319605
70588.42709047059,46462.88846347059,73990.8132875294
70591.0202572353,46465.4816302353,73988.22012076469
70621.73121701961,46496.19259001961,74028.7168489804
70512.46896507844,46386.93033807844,74137.97910092157
70517.77744978432,46392.23882278432,74132.67061621569
70530.7024922353,46405.1638652353,74119.74557376471
70490.80799839215,46365.26937139215,74159.64006760786
70491.06607829411,46365.52745129411,74159.3819877059
70490.36874782352,46364.83012082352,74160.07931817649
70510.70378154902,46385.16515454902,74139.744284451
70495.41788215686,46369.87925515686,74155.03018384315
70494.60637764705,46369.06775064705,74155.84168835296
70455.94992190198,46330.411294901976,74194.49814409803
70464.61594517648,46339.07731817648,74185.83212082353
70466.7609077451,46341.2222807451,74183.6871582549
70353.59768405884,46228.05905705884,68265.84862194116
70133.8876669608,46008.3490399608,68485.5586390392
69994.55572752943,45869.017100529425,63657.42866847059
69918.48645886277,45792.947831862766,63733.49793713725
69835.7328892353,45710.194262235294,63816.25150676472
69839.70009535295,45714.16146835295,63812.284300647065
69810.97502733335,45685.43640033335,63841.009368666666
69796.63139519608,45671.092768196075,63855.35300080394
69742.51386190197,45297.73184090197,63909.47053409804
69758.56211537255,45313.78009437255,63893.42228062746
69619.37405215685,45174.592031156855,64032.61034384316
69615.56409543139,45170.78207443139,64036.42030056863
69619.82884282354,45175.04682182354,63926.88781517645
69580.04599068628,45135.26396968628,63966.67066731371
69576.5082244706,45131.7262034706,63970.20843352939
69591.86188568629,45147.07986468629,63954.8547723137
69609.78493043137,45165.00290943137,63936.93172756862
69616.71343350981,45171.93141250981,63930.00322449018
69623.68530294117,45178.90328194117,63923.03135505882
69663.54119052943,45218.75916952943,63883.17546747056
69669.98289392158,45225.20087292158,63876.73376407841
69585.56503409804,44957.885719098034,63961.151623901955
69369.37048443139,44741.69116943139,64177.3461735686
69339.08277094118,44711.40345594118,64207.63388705881
69287.40335074511,44659.869125745114,64259.31330725488
68965.68111927451,44338.14689427451,64581.03553872548
68985.62192927451,44358.08770427451,64561.09472872548
68964.47875229412,44336.94452729412,64582.23790570587
68972.42804388236,44344.89381888237,64574.28861411763
68938.50482445098,44385.05102245098,64608.21183354901
68896.78110096078,44343.32729896078,64649.93555703921
68873.48761882352,44320.03381682352,64673.22903917647
68744.17884992158,44190.72504792157,64802.537808078414
68772.03778325491,44218.58398125491,64774.67887474508
68514.87094019607,43961.41713819606,65031.845717803924
68526.15450190195,43972.70069990195,65020.562156098036
68547.32576547058,43993.87196347058,64999.39089252941
68415.61513760785,43862.161335607845,65131.10152039214
68422.53282603921,43869.07902403921,65124.18383196078
68331.90611990196,43778.05128890196,65214.81053809803
68334.55823909804,43780.70340809804,65212.15841890195
68267.2452849608,43713.39045396079,65645.4278890392
68267.2452849608,43713.39045396079,65645.4278890392
68123.53172021569,43569.67688921568,65789.14145378431
68127.95501392157,43524.76773192157,65784.71816007842
68005.69004027452,43402.502758274524,67604.30450272548
67968.98356703922,43425.01582203922,66750.60504696079
67946.60571539217,43402.63797039217,66772.98289860784
67854.1528594902,43310.1851144902,66719.96382150981
67840.513022,43296.545277,66733.60365900001
67538.01723639214,42994.04949139214,67036.09944460787
67547.7964592745,42629.6749242745,67026.32022172552
67546.12101633332,42627.99948133332,67027.9956646667
67351.94950215684,42437.58332215685,67222.16717884317
67317.87999403922,42403.51381403922,67256.2366869608
67317.87999403922,42403.51381403922,67256.2366869608
67313.9498457451,42399.5836657451,67260.16683525492
67336.1501282353,42421.7839482353,67237.96655276472
67288.42230762745,42374.05612762745,67285.69437337256
67238.62927166668,42324.26309166668,67335.48740933333
67243.19445258824,42328.828272588245,67330.92222841177
67194.36410378432,42279.99792378432,67379.7525772157
67196.1265292549,42281.76034925491,67377.9901517451
67232.28619386276,42317.920013862764,67341.83048713725
67235.87185360785,42321.505673607855,67338.24482739216
67269.51214825491,42355.14596825492,67304.6045327451
67277.34770962744,42362.98152962745,67296.76897137257
67274.20038207844,42359.83420207845,67299.91629892157
67271.81224137255,42387.150710372545,67302.30443962746
67261.54223092156,42376.88069992156,67312.57445007845
67235.46576784314,42350.804236843134,67338.65091315687
67237.0070189804,42352.34548798039,67337.10966201962
67174.49177092158,42289.830239921575,67399.62491007843
67177.73110478432,42293.06957378432,67396.38557621569
67171.10225713726,42286.440726137254,67403.01442386275
67160.60126280393,42275.93973180393,67413.51541819608
67155.52455013727,42270.863019137265,67418.59213086274
66807.44055896079,41922.77902796079,67766.67612203922
66787.65047262746,41902.98894162745,67786.46620837256
66746.26997752942,41861.60844652941,67827.8467034706
66747.36941566668,41910.876960666676,67826.74726533334
66729.84139233334,41893.34893733334,67844.27528866667
66681.57544754902,41845.082992549025,67892.54123345099
66543.59432060785,41707.10186560785,67991.14347639216
66557.81690945098,41721.32445445098,67968.84909254903
66556.31606192158,41719.82360692158,67970.34994007843
66489.15655956864,41652.66410456864,68037.50944243137
66483.59774743137,41647.10529243137,68043.06825456864
66505.90074192158,41669.40828692158,68020.76526007843
66396.67855615685,41560.186101156854,68129.98744584316
66393.08119333335,41768.36344433334,68133.58480866667
66393.44829988235,41768.73055088235,68133.21770211766
66396.98661490195,41772.26886590195,68129.67938709806
66388.85514431374,41764.13739531374,68137.81085768627
66250.46098235295,41625.74323335294,68276.20501964707
66258.69556082353,41633.977811823526,68267.97044117648
66077.63950301961,41452.92175401961,69878.10660998039
66091.27370096078,41466.55595196078,69864.47241203922
66090.416157,41465.698408,69865.329956
66017.97542974511,41393.25768074511,69937.77068325489
66012.3475471961,41387.629798196096,69943.3985658039
66011.68595107844,41386.96820207844,69944.06016192156
65993.12877554903,41368.41102654903,69962.61733745097
65998.73469929413,41374.01695029413,69957.01141370587
65968.72563278434,41344.00788378433,69987.02048021567
65978.93409037257,41354.216341372565,69411.70109962743
65978.93409037257,41354.216341372565,69411.70109962743
65999.71217692159,41374.994427921585,69390.92301307841
66019.27756764708,41394.559818647074,69371.35762235292
66004.47857166668,41379.76082266668,69386.15661833332
66004.14934070589,42303.35702270589,69386.48584929411
66002.7883537059,42301.996035705895,69387.8468362941
66023.7071709804,42322.9148529804,69366.9280190196
66033.00359386276,42332.211275862755,69357.63159613725
65660.77280805883,41959.98049005883,69729.86238194117
65671.78149976471,41970.98918176471,69718.8536902353
65628.80600056863,41928.01368256863,69761.82918943137
65642.38915345099,41941.59683545099,69748.24603654901
65633.29776917648,41932.50545117648,69757.33742082352
65520.648607215706,41819.856289215706,70406.61962178431
65455.89083425492,41755.09851625492,70471.3773947451
65464.372962352965,41763.580644352965,70462.89526664704
65459.83578652943,41759.04346852943,70467.43244247057
65475.0610311765,41774.2687131765,70452.2071978235
65484.584665960814,41783.792347960814,70442.6835630392
65493.166142529444,41753.73326052944,70434.10208647056
65475.05266792159,42046.07424592159,70452.21556107842
65475.05266792159,42046.07424592159,70452.21556107842
64941.34816825491,41512.36974625491,70985.92006074509
64891.91019786275,41462.93177586275,71035.35803113726
64900.3392935098,41471.3608715098,71026.9289354902
64867.04010960785,41438.06168760785,71060.22811939215
64866.91639260784,41437.93797060784,71060.35183639216
64879.68503435294,41450.70661235294,71047.58319464707
64886.57615515686,41457.59773315686,71040.69207384315
64878.44495650979,41449.46653450979,71048.82327249022
64887.20136852939,41458.22294652939,71040.06686047062
64870.23280947057,41441.25438747057,71057.03541952943
64871.52833599999,41442.54991399999,71055.73989300002
64873.1911310196,41444.2127090196,71054.07709798041
64889.13441843137,41460.15599643137,71038.13381056863
64508.461020999996,41079.482598999995,71418.80720800001
64512.23798427451,41083.25956227451,71415.0302447255
64528.154164196065,41099.175742196065,71399.11406480394
64528.2090050196,41099.2305830196,71399.05922398041
64527.48168994117,41098.50326794117,71399.78653905884
64505.780256725484,41076.801834725484,71421.48797227452
64500.556553823524,41071.578131823524,71426.71167517648
64500.556553823524,41071.578131823524,71426.71167517648
64413.29370770588,40984.31528570588,71513.97452129412
64422.73347164705,40993.75504964705,71504.53475735296
64406.312202823516,40977.333780823516,71408.09352017648
64439.28466329411,41010.30624129411,71375.1210597059
64385.87721768627,40956.89879568627,71428.52850531373
63838.09456858823,40409.11614658823,71019.20395641176
63843.957498,40414.979076,71013.34102699999
63841.541161235305,40412.562739235305,71015.75736376469
63852.68073813726,40423.702316137256,71004.61778686274
63443.19642354903,40014.21800154903,71414.10210145096
63437.6927994706,40008.7143774706,71014.30133852942
63418.05025341178,39989.07183141178,71033.94388458823
63231.02555090197,39802.04712890197,71220.96858709803
63238.720934470606,39809.742512470606,71213.2732035294
63088.60661362746,39659.62819162746,71363.38752437255
63072.0329319804,39643.0545099804,71379.96120601961
63068.2644122353,39639.2859902353,71383.72972576472
63087.33544152942,39658.35701952942,71364.65869647058
63087.363800627456,39656.206690627456,71364.63033737255
63089.21884468627,39658.06173468627,71362.77529331374
63035.36771409804,39604.21060409804,71416.62642390197
63038.175808078435,39607.018698078435,71413.81832992157
63032.06797535295,39600.91086535295,71419.92616264705
62997.37905911765,39566.22194911765,71454.61507888236
63038.412001941186,39607.254891941186,71413.58213605883
63035.40140688236,39604.24429688236,71416.59273111765
62992.75064868628,39561.59353868628,71459.24348931373
63003.891199764716,39572.734089764715,71448.1029382353
63007.770684784315,39576.613574784315,71444.2234532157
63008.82673952941,39577.66962952941,71443.1673984706
62973.359008333326,39542.201898333326,71478.63512966668
62978.678104156854,39547.520994156854,70988.57603284315
62973.328354627454,39542.171244627454,70993.92578237256
62974.9079272353,39543.7508172353,70992.34620976471
62925.25439129412,39494.09728129412,71159.00550270587
62941.4766937255,39510.3195837255,71269.9111942745
62884.272126764714,39453.115016764714,71327.11576123528
62851.29295086274,39420.13584086274,71004.68536613726
62825.5692439804,39394.4121339804,71030.4090730196
62825.532713450986,39394.375603450986,71030.44560354901
62413.00499466667,38981.84788466667,71442.97332233333
62433.567942941176,39002.410832941176,71422.41037405882
62427.92884019608,38996.77173019608,71428.04947680392
62431.708813901954,38941.782941901954,71424.26950309804
62444.69873670588,38954.77286470588,71411.27958029413
62446.93639407843,38957.01052207843,71409.04192292158
62416.48560813725,38926.55973613725,71439.49270886276
62421.85063047059,38931.92475847059,71434.12768652942
62427.62954592156,38937.70367392156,71428.34877107844
62408.97875098039,38919.05287898039,71446.99956601961
62404.710201431364,38923.91924443137,71451.26811556864
62334.99281501959,38847.025128019595,71520.98550198041
62337.406633431354,38849.43894643136,71518.57168356865
62347.46195433332,38859.49426733331,71508.51636266668
62316.09543741175,38828.127750411746,71539.88287958826
62311.86055433333,38823.89286733333,71544.11776266666
62292.05702705882,38804.089340058825,71563.92128994118
62290.80282890196,38802.83514190196,71565.17548809804
62299.4064785098,38811.438791509805,71556.5718384902
62274.38724435294,38786.41955735294,71581.59107264706
62265.97988284314,38778.01219584314,71589.99843415686
62110.186647627444,38622.21896062745,71745.79166937256
62001.47741558824,38513.50972858824,71854.50090141175
62006.20687201962,38518.239185019615,71849.77144498038
62040.78021262746,38552.812525627465,71815.19810437254
62014.395143098045,38526.42745609804,71841.58317390195
61955.1742692157,38467.2065822157,71900.8040477843
61923.27294801963,38435.30526101963,71932.70536898037
61782.09006845098,38294.12238145099,72073.88824854902
61764.98377225491,38277.016085254916,72090.99454474509
61713.630584372564,38225.66289737256,72142.34773262744
61500.39666525492,38012.42897825492,72355.58165174507
61497.75420254903,38009.78651554903,72358.22411445098
61504.49593139218,38016.528244392175,72351.48238560781
61512.78766676472,37877.020373764724,72343.19065023528
61514.282173176485,37878.51488017649,72341.69614382352
61403.62492127452,37767.85762827452,72452.35339572548
61400.57454217647,37764.807249176476,72455.40377482353
61381.237822784315,37745.47052978432,72474.74049421569
61364.24220329412,37956.04516629412,72491.73611370588
61061.93540833334,37653.73837133334,72794.04290866666
61030.736745607835,37622.53970860783,72825.24157139217
60996.04475164706,37587.847714647054,72859.93356535294
60979.08515466667,37570.88811766666,72876.89316233333
60885.781693745106,37477.58465674511,72970.19662325489
60877.923259960786,37469.72622296079,72978.05505703922
60875.609521980405,37467.41248498041,72980.3687950196
60883.45220649021,37475.25516949021,72972.52611050979
60846.92101454903,37438.72397754903,73009.05730245096
60857.687967372556,37449.49093037256,72998.29034962744
60871.534687254905,37463.33765025491,72984.4436297451
60865.62023539217,37457.42319839216,72990.35808160783
60870.23020958825,37462.03317258824,72985.74810741175
60849.630306098035,37441.43326909804,73006.34801090197
60848.66177447059,37440.46473747058,73007.31654252941
60871.20016703922,37463.003130039215,72984.77814996078
60851.99989390195,37443.80285690195,73003.97842309804
60851.99989390195,37443.80285690195,73003.97842309804
60852.27837441176,37444.08133741176,73003.69994258824
60823.62159050981,37415.4245535098,73032.3567264902
60788.87750050981,37380.68046350981,73086.19931649018
60704.85040484313,37222.91379484313,73818.38653115687
60599.438901901965,37117.50229190197,73923.79803409803
60609.67315401961,37127.736544019615,73913.5637819804
60600.455301823524,37118.51869182353,73922.78163417647
60602.219738549014,37120.28312854901,73921.01719745099
60600.39744547058,37118.460835470585,73922.83949052941
60650.951848000004,37169.01523800001,73948.06500599999
59776.94344878432,36295.00683878432,72146.01495121568
59778.53371509805,36296.597105098044,72144.42468490195
59796.03933033333,36314.102720333336,72126.91906966668
59796.52528662746,36314.58867662746,72126.43311337254
59738.116269196085,36256.17965919609,72184.84213080391
59767.084058392174,36026.14345039218,72155.87434160782
59735.586181450984,35994.64557345098,72187.37221854902
59623.69340572549,35882.752797725494,72299.2649942745
59493.25999027451,35752.31938227451,72429.69840972549
59485.706361784316,35744.76575378432,72437.2520382157
59420.59046194119,35679.649853941184,72502.36793805881
59353.4436047451,35612.5029967451,72569.5147952549
59320.09187668629,35589.49019168629,72602.86652331371
59266.66458652942,35536.06290152942,72656.29381347058
59225.66872484315,35495.06703984315,72697.28967515685
59241.80983213727,35511.208147137266,72681.14856786274
59245.62773662746,35515.02605162746,72677.33066337254
59253.92283964706,35523.321154647056,72669.03556035295
59177.82521264706,35447.22352764706,72745.13318735294
59163.64678396077,35433.04509896077,72759.31161603922
59145.10953496078,35414.50784996078,72777.84886503922
59149.47527082352,35418.873585823516,72773.48312917649
59160.697608196075,35430.09592319607,72762.26079180393
59172.13119129412,35441.529506294115,72750.82720870589
59084.45163562746,35353.84995062746,72477.20972337254
59089.054681078436,35358.452996078435,72472.60667792155
59092.69934000001,35362.097655000005,72468.96201899998
59066.190951000004,35335.589266,72495.470408
59065.82328927452,35338.07654927453,72495.83806972546
59062.559793862754,35334.81305386276,72499.10156513724
59002.34392394118,35274.59718394118,72559.31743505881
58974.878689607845,35247.13194960785,72586.78266939215
58975.807078666665,35248.06033866666,72585.85428033333
58960.5371552549,35232.7904152549,72601.1242037451
58912.04183268626,35184.295092686254,72649.61952631373
58894.79854205881,35167.051802058806,72666.86281694118
58905.916024549006,35178.169284549,72655.74533445098
58905.916024549006,35178.169284549,72655.74533445098
58906.774392843115,35179.02765284311,72654.88696615688
58908.509050470566,35180.76231047057,71993.92686552944
58885.3351560588,35157.5884160588,72017.10075994121
58897.75177386273,35123.32600886273,72302.85422813726
58914.07192670587,35139.64616170587,72846.30306329415
58941.61501305881,35167.18924805881,73124.5812399412
58964.18424970586,35189.75848470586,73102.01200329413
58973.89215139214,35199.46638639214,73092.30410160786
58957.98379509802,35183.55803009802,73108.21245790197
58910.49064766665,35136.06488266665,73155.70560533335
58849.559198647046,35075.133433647046,73216.63705435296
58864.10922064705,35089.68345564705,73202.08703235295
58851.92820923529,35077.50244423529,73214.26804376472
58813.391112254896,35038.965347254896,73252.8051407451
58811.21651786273,35036.79075286273,73254.97973513727
58816.268084039206,35041.842319039206,73249.92816896079
58832.325580078425,35057.899815078425,73233.87067292158
58834.957212176465,35060.531447176465,73230.69113682353
58809.97136639215,35035.54560139215,73255.67698260784
58806.006040411754,35031.580275411754,73259.64230858824
58763.7844390196,34989.3586740196,73301.8639099804
58763.98847970586,34989.56271470586,73301.65986929413
58714.595230137245,34940.169465137245,70857.16315286275
58682.56305658822,34908.13729158822,70889.19532641178
58680.42414864704,34905.99838364704,70891.33423435295
58679.128702254886,34904.702937254886,70892.6296807451
58683.79451407841,34909.36874907841,70887.9638689216
58690.08923564704,34915.66347064704,70881.66914735295
58691.1959465294,34916.7701815294,70880.56243647059
58684.84769843135,34910.42193343135,70886.91068456863
58697.11816566666,34922.69240066666,71658.67437633334
58705.38710611765,34930.96134111765,71650.40543588235
58702.435942000004,34928.010177000004,71653.3566
58684.923500588244,34910.497735588244,71994.21886441176
58696.74896452942,34922.32319952942,71982.39340047058
58581.626549196095,34807.200784196095,72097.51581580391
58501.55383117648,34727.12806617648,72177.58853382352
58450.685735607854,34676.259970607854,72228.45662939215
58461.008806451006,34686.583041451006,72218.133558549
58475.778295019634,34701.352530019634,72203.36406998037
58490.078690392176,34715.652925392176,72189.06367460784
58472.19084211767,34697.76507711767,72206.95152288233
58470.52114668629,34696.09538168629,72208.62121831372
58420.29432994118,34645.86856494118,72258.84803505882
58382.53665858823,36631.87236758823,72296.60570641178
58375.766130254895,36625.101839254894,72303.37623474511
58321.81396198039,36571.14967098039,72357.32840301961
58318.88646978431,36568.22217878431,72360.2558952157
58323.41104098039,36572.74674998039,72355.73132401961
58288.21863270587,36537.55434170587,72390.92373229413
58308.40215413725,36557.73786313725,72370.74021086276
58167.21821964707,36416.55392864707,72511.92414535294
58166.53848707845,36415.87419607845,72512.60387792156
58041.51169941179,36072.211890411796,72637.63066558822
58056.43457401963,36087.134765019626,72622.70779098038
58062.48929515688,36093.18948615689,72616.65306984313
57974.15040635295,36004.85059735295,72704.99195864706
57989.3199952353,36020.0201862353,72689.8223697647
58017.49176352943,36048.19195452944,72661.65060147058
58022.34470360786,36053.044894607854,72656.79766139215
57970.935333411784,36001.63552441179,72708.20703158822
57896.78876584316,35927.48895684315,72782.35359915685
57904.25772764707,35934.957918647066,72774.88463735294
57888.93336954903,35919.63356054903,72790.20899545099
57866.05229096079,35896.75248196079,72657.9167110392
57819.77689978431,35850.477090784305,72704.19210221569
57710.5252524902,35741.2254434902,72813.4437495098
57697.2852811961,35727.9854721961,72826.6837208039
57731.811117117664,35762.51130811767,72792.15788488233
57653.487777647075,35684.18796864708,72870.48122435293
57652.36182647061,35683.06201747061,72871.60717552938
57181.48731750981,35212.187508509815,73342.4816844902
57145.80419458825,35176.504385588254,73378.16480741175
57142.366558470596,35475.583503470596,73381.60244352941
57097.83991531372,35431.05686031372,73426.12908668627
57121.979646313725,35455.196591313725,73401.98935568627
57116.14335509803,35449.36030009803,73407.82564690197
57134.45546258822,35467.67240758822,73389.51353941177
57117.76858833333,35450.98553333333,73406.20041366667
56964.04739488236,35297.26433988236,73559.92160711763
56971.45581011765,35304.67275511765,73552.51319188235
56979.72023476471,35312.93717976471,73544.24876723529
56918.35090047059,35251.56784547059,73605.6181015294
56812.918804666675,35146.135749666675,73711.05019733333
56748.76710333334,35081.98404833334,73775.20189866665
56716.377724000005,35049.594669000006,73807.59127799999
56707.62119898039,35040.83814398039,73816.3478030196
56710.92024515686,35044.137190156864,73813.04875684314
56682.906465686276,35016.123410686276,73841.06253631372
56659.68481317647,34992.90175817647,73864.28418882353
56632.50833574509,35108.1808227451,73891.4606662549
56615.43896549018,35091.11145249018,73908.53003650982
56615.99114592155,35091.663632921554,73907.97785607845
56608.593988627435,35084.26647562743,73915.37501337257
56579.93988766665,35055.612374666656,73944.02911433335
56577.65211941175,35053.324606411756,73946.31688258825
56566.25394966665,35041.92643666665,73957.71505233334
56575.33779141175,35051.01027841175,73948.63121058824
56557.275169647044,35032.94765664704,73952.12479835295
56569.66653629411,35045.33902329412,73939.73343170588
56595.723875196076,35071.39636219607,73913.67609280391
56593.58790309803,35069.26039009803,73915.81206490197
56598.95422568626,35074.626712686266,73910.44574231374
56578.957111921554,35054.62959892156,73930.44285607844
56574.58621052939,35050.258697529396,73934.8137574706
56508.1701530196,34983.842640019604,74001.2298149804
56479.68602319609,34955.35851019609,74029.71394480391
56491.62203739217,34967.29452439217,74017.77793060783
56483.17870047059,34958.85118747059,74026.22126752941
56483.17870047059,34958.85118747059,74026.22126752941
56483.42438839216,34959.09687539216,74025.97557960784
56505.161386862754,34980.83387386275,74004.23858113724
56505.161386862754,34980.83387386275,74004.23858113724
56509.11570382354,34984.78819082354,74000.28426417646
56509.11570382354,34984.78819082354,74000.28426417646
56329.71921284314,34805.39169984314,74179.68075515685
56343.30175137255,34818.97423837255,74166.09821662745
56355.264990549025,34830.93747754903,74154.13497745097
56328.812582215694,34804.48506921569,74180.58738578431
56308.49521484313,34784.16770184314,74200.90475315686
56038.31826690195,34513.99075390195,60047.07352309804
56029.32647974509,34504.99896674509,60056.065310254904
56004.77094154902,34480.44342854901,58812.23919345099
56011.64283329411,34487.3153202941,58805.3673017059
55969.89117011764,34445.563657117644,58847.118964882364
55946.8824610196,34966.8526720196,58870.1276739804
55952.289834098025,34972.260045098024,58864.72030090198
55955.71263431371,34975.68284531371,58861.29750068629
55918.378243960775,34938.348454960775,58898.63189103923
55893.21416905882,34913.18438005882,58923.795965941186
55901.277843784315,34921.248054784315,58915.73229121569
55857.20630917647,34877.17652017647,58959.80382582353
55864.02962558824,34883.99983658824,58952.98050941176
55877.35511345098,34897.32532445098,58939.65502154902
55888.09730227452,34908.06751327452,58928.91283272549
55878.514546235296,34898.484757235296,58938.49558876471
55836.557087156856,34856.527298156856,58980.45304784315
55840.55453654902,34860.52474754902,58976.455598450986
55793.76901954901,34813.73923054901,59023.241115451
55785.38808207844,34805.35829307844,59031.622052921564
55771.687612078436,34791.657823078436,59045.32252292157
55771.687612078436,34791.657823078436,59045.32252292157
55780.692690745105,34800.662901745105,59036.3174442549
55790.50740060784,34810.47761160784,59026.50273439216
55784.60395109804,34804.57416209804,59032.40618390196
55755.37532305882,34775.34553405882,59061.634811941185
55748.144829647055,34768.115040647055,59068.86530535295
55754.976494019604,34774.9467050196,59062.0336409804
55686.93413315685,34706.90434415685,59130.076001843154
55687.80476925489,34707.77498025489,59129.20536574511
55665.06435635293,34685.03456735293,59161.83358064707
55664.54884760784,34684.51905860784,59162.34908939216
55692.580263901946,34712.550474901946,59134.317673098056
55702.10608015685,34722.07629115685,59124.79185684315
55697.34545756862,34717.31566856862,59129.55247943138
55697.34545756862,34717.31566856862,59129.55247943138
55668.82645209804,34688.79666309804,59158.071484901964
55106.18441319608,34126.15462419608,59720.71352380392
55138.19500917647,34158.16522017647,59688.702927823535
55140.54497943138,34160.51519043138,59686.35295756862
55147.63394778433,34167.60415878433,59771.97658421568
55159.919793490204,34179.890004490204,59759.6907385098
55155.58900503922,34175.55921603922,59764.02152696079
55132.96075003922,34152.93096103922,59786.64978196078
54993.04603790197,34013.01624890197,59926.564494098035
54979.60481729412,33999.57502829412,59940.00571470588
54981.06947041177,34001.03968141177,59938.541061588236
54962.11356652941,33982.08377752941,59957.49696547059
54966.97142550981,33986.94163650981,59952.6391064902
54954.62572470589,33974.59593570589,59964.98480729412
54672.025234058834,33691.995445058834,60247.58529794117
54689.723779607855,33709.693990607855,60229.88675239215
54697.66255386275,33717.63276486275,60221.94797813726
54687.26265431372,33707.23286531372,60232.34787768628
54670.610813078434,33690.581024078434,60248.99971892157
54653.93029266667,33673.90050366667,60265.680239333335
54538.779515921575,33558.749726921575,60380.83101607843
54542.935604960796,33562.905815960796,60376.67492703921
54559.215941294126,33579.186152294125,60360.39459070588
54502.79935254904,33522.76956354904,60416.81117945097
54500.67148431373,33520.64169531373,60328.191585686276
54501.81217845099,33521.78238945099,60327.05089154901
54502.23241854903,33522.20262954903,60326.63065145098
54492.745521274526,33512.715732274526,60336.11754872548
54505.73174584316,33525.70195684316,60323.13132415685
54514.29255168628,33534.26276268628,60684.81250231372
54495.74855496079,33515.71876596079,60703.35649903921
54482.17989035294,33502.15010135294,60716.92516364706
54497.15678417647,33517.12699517647,60701.94826982353
54332.71402113726,33352.68423213726,60866.39103286274
54349.29444619608,33369.26465719608,60849.81060780392
54224.3859939804,33244.3562049804,60974.7190600196
54233.96760054903,33253.93781154903,60965.13745345097
54209.17832925491,33229.14854025491,60989.92672474509
54214.97911558824,33234.94932658824,60984.12593841176
54210.58809101962,33230.55830201962,60988.51696298038
54189.285798372555,33209.256009372555,61009.819255627444
54169.867362470606,33189.837573470606,61029.23769152939
54120.59000543139,33140.56021643139,61078.51504856861
54101.73673752943,33121.70694852943,61097.36831647057
54106.196845000006,33126.167056000006,61092.908208999994
54081.89671892158,33101.866929921576,61117.20833507842
54081.80130013727,33101.77151113727,61117.30375386273
54071.406702254906,33091.376913254906,61127.69835174509
54092.04109603922,33112.01130703922,61107.06395796078
54102.46912403921,33122.43933503921,61736.17395096079
54102.46912403921,33122.43933503921,61736.17395096079
54112.655133313725,33132.625344313725,62165.517427686274
54111.509376137255,33131.479587137255,62166.663184862744
53927.23044843137,32947.20065943137,62350.94211256863
53854.58004074509,32874.55025174509,62377.078453254915
53878.80745978431,32898.77767078431,62352.851034215695
53857.1654942157,32877.135705215696,62374.49299978431
53862.91404019609,32882.88425119609,62368.74445380391
53742.25720152942,32979.40503552942,62489.40129247058
53743.16562613726,32980.31346013726,62488.49286786274
53619.13896490197,32856.28679890197,62612.519529098034
53601.73531180394,32838.883145803935,62629.923182196064
53601.48310109804,32838.630935098045,62630.17539290196
53518.19040262745,32757.07206262745,62713.46809137255
53495.909934392155,32734.791594392154,62735.74855960785
53479.484056,32718.365716,62752.174438
53451.54003933333,32690.421699333332,62780.11845466667
53460.966917490194,32699.848577490193,62770.69157650981
53422.560173647056,32661.441833647055,62809.09832035295
53436.27921947058,32675.160879470583,62795.37927452942
53440.25603058822,32679.13769058822,62791.40246341178
53405.772316568604,32644.653976568603,62825.8861774314
53404.17933737253,32723.95987637253,62827.47915662747
53404.88253366665,32724.663072666648,62826.775960333354
53364.03697231372,32683.81751131372,62867.621521686284
53367.93081668627,32687.711355686268,62863.727677313735
53410.97786143136,32730.75840043136,62820.68063256864
53400.92954401961,33616.02225001961,62830.728949980396
53346.03379378431,33573.946768784306,62885.624700215696
53338.13098372548,33566.04395872548,62893.52751027452
53341.03554554902,33568.94852054902,62890.62294845098
53353.55396460784,33581.46693960784,62878.10452939216
53229.939000294115,33457.851975294114,61544.96815570589
53229.824132333335,33457.737107333334,61545.083023666666
53223.14284419608,33451.05581919608,61551.76431180392
53229.34408694118,33457.25706194118,61545.56306905882
53199.209681725486,33427.122656725485,61620.29352627451
53217.85768511763,33445.77066011763,61601.64552288236
53222.484465607835,33450.397440607834,61597.01874239216
53239.37014307842,33467.28311807842,61580.133064921574
53219.15657117646,33447.06954617646,61600.34663682353
53225.33240833333,33453.24538333333,61594.17079966667
52933.49912260784,33161.41209760784,61886.00408539215
52961.77124201961,33189.68421701961,61857.73196598038
52960.19674692157,33188.109721921566,61859.30646107843
52669.875082058825,32897.788057058824,62149.62812594117
52668.88032819607,32896.79330319607,62150.62287980392
52668.88032819607,32896.79330319607,62150.62287980392
52671.336139196086,32899.249114196085,62148.16706880391
52604.441909705885,32832.354884705885,58993.28481429411
52602.79367992157,32830.70665492157,58994.933044078425
52612.059563411756,32839.972538411756,58985.66716058824
52607.68240815685,32835.59538315685,58990.044315843144
52608.219472725475,32836.132447725475,58989.50725127452
52609.34450492156,32837.25747992156,58988.382219078434
52608.727811274504,32836.6407862745,58988.99891272549
52630.05122294116,32857.96419794116,58967.67550105883
52631.90665347058,32859.81962847058,58965.820070529415
52564.34112092156,32792.25409592156,59033.38560307843
52576.08840317647,32804.00137817647,59021.63832082352
52581.13896654901,32809.05194154901,59016.58775745098
52288.48040723529,32516.393382235292,59309.2463167647
52278.23217733334,32506.145152333338,59319.494546666654
52284.74712056863,32512.66009556863,59312.97960343136
52282.87116570588,32510.17144870588,59314.85555829411
52289.63339749021,32519.523469490206,59308.093326509785
52284.01575335295,32513.905825352947,59313.710970647044
52290.517102235295,32520.407174235293,59307.2096217647
52308.99332045098,32538.883392450978,59322.054172549026
52309.822587764706,32539.712659764704,59321.2249052353
52237.680107588225,32467.570179588223,59393.36738541178
52229.560627862746,32459.450699862744,59401.48686513726
52229.560627862746,32459.450699862744,59401.48686513726
52213.872076705884,32443.762148705882,59417.17541629412
52212.217016745104,32442.107088745102,59418.8304762549
52201.69701841177,32431.587090411766,59429.35047458824
52226.01920201961,32455.90927401961,58806.54689698039
52219.627770823536,32420.821326823534,58812.93832817647
52224.259372745095,32425.452928745093,58808.30672625491
52191.77802056863,32392.971576568627,58840.788078431375
52106.10706494118,32307.300620941176,58926.459034058826
52118.241031098034,32319.434587098032,58914.32506790197
52068.438351705874,32269.631907705872,58964.12774729413
52068.9875472549,32270.1811032549,58963.5785517451
51952.39805035295,32153.59160635295,59080.16804864705
51803.218668666676,32004.412224666674,59229.34743033333
51753.929898098046,31955.123454098044,59278.63620090196
51743.336426333335,31944.529982333333,59290.422534666664
51746.58180664706,32016.99858564706,59287.17715435294
51718.56948927451,31988.986268274508,59315.18947172549
51725.959412392156,31996.376191392155,59307.79954860784
51669.43343231372,31939.850211313722,59364.32552868628
51662.66636101961,31933.08314001961,59371.09259998039
51593.33189300001,31863.74867200001,59440.42706799999
51593.39196607844,31863.808745078437,59440.36699492156
51582.27295288236,31852.68973188236,59451.48600811764
51573.70067582354,31844.117454823536,59460.05828517646
51553.84730850981,31824.264087509808,59479.91165249019
51393.19878435295,31663.61556335295,59640.56017664705
51397.54434062746,31667.961119627456,59636.21462037254
51390.05392411766,31660.47070311766,59643.70503688234
51408.89844554902,31679.31522454902,59624.86051545098
51380.859827058826,31651.276606058826,59652.89913394117
51384.575973607854,31654.992752607854,59649.182987392145
51381.13845807844,31651.555237078443,59652.620502921556
51394.1762809608,31664.593059960796,59639.5826800392
51376.104115313734,31646.520894313733,59657.654845686266
51382.25548507845,31652.67226407845,59651.50347592155
51383.13825825491,31518.94019225491,59650.62070274509
51393.82076823531,31529.62270223531,59639.93819276469
51392.68452050981,31528.486454509806,59641.07444049019
51318.222588509816,31454.024522509815,59715.53637249018
51315.28357786276,31451.085511862762,59718.475383137236
51323.64931923531,31466.627825235308,59710.10964176469
51319.03999064708,31462.018496647077,59714.71897035292
51251.049789156874,31394.028295156873,59782.709171843126
51210.686850117665,31353.665356117664,59823.072110882335
51207.68228407845,31350.66079007845,59826.07667692155
51214.1584017255,31357.1369077255,59819.6005592745
51215.47791333334,31358.456419333343,59818.28104766666
51201.26262601962,31344.24113201962,59832.49633498038
51168.693734176486,31311.672240176486,59865.06522682351
51150.591799000016,32334.316920000016,59883.16716199998
51151.373115215705,32335.098236215705,59882.385845784294
51157.68473207844,32341.409853078443,59876.074228921556
51178.55598503923,32362.082671039232,59855.20297596077
51169.427187901965,32352.953873901966,59864.331773098034
51148.99769409804,32332.524380098042,59884.76126690196
51163.625117470605,32347.151803470606,59870.133843529395
51159.075208843155,32342.601894843156,59874.683752156845
51168.24336039217,32351.77004639217,59865.51560060783
50847.99043268628,32031.517118686283,60185.76852831372
50848.0059647451,32031.5326507451,60185.7529962549
50612.51116264707,31796.03784864707,60605.417252352934
50623.43395380393,31806.96063980393,60594.494461196075
50623.08158047059,31806.608266470594,60594.84683452941
50597.28096068628,31868.58372668628,60620.64745431372
50594.94547741177,31866.24824341177,60850.64770858823
50602.50551941177,31873.808285411767,60843.08766658823
50576.12794339216,31847.43070939216,60869.46524260784
50551.905248803916,31823.208014803917,61205.68266919609
50557.67181468626,31821.03459368626,61199.91610331374
50572.02112149019,31835.383900490186,61185.56679650982
50554.37510245097,31817.73788145097,61203.212815549035
50548.36197680391,31811.724755803913,61209.22594119609
50549.28396135293,31812.646740352928,61208.303956647076
50547.53260419607,31810.89538319607,61210.05531380393
50514.87970286274,31778.242481862737,61242.70821513727
50527.236858294105,31790.599637294104,61230.3510597059
50494.97591317646,31758.338692176458,61262.612004823546
50418.574537294124,31681.937316294123,60043.06277270588
50355.4233322353,31618.786111235302,60106.2139777647
50300.67322221568,31564.036001215678,60160.96408778433
50077.58267907844,31340.94545807844,60384.054630921564
50071.50992439216,31334.872703392157,60390.12738560785
50048.57832756863,31311.941106568633,60413.05898243137
50049.62359884314,31312.986377843143,60412.01371115686
50052.12128431374,31315.48406331374,60409.516025686265
50036.322460588235,31299.685239588234,60425.31484941177
50037.19654901961,31300.559328019608,60424.4407609804
50051.48528458824,31314.84806358824,60410.152025411764
49958.946836450996,31222.309615450995,60502.69047354901
49956.92404209805,31707.00018109805,60504.713267901956
49938.71416443138,31688.790303431382,60522.923145568624
49956.251194568635,31706.327333568635,60741.96140843137
49952.92528392157,31703.00142292157,60745.28731907844
49886.19662239216,31636.272761392163,60812.015980607845
49891.35139735295,31641.42753635295,60806.86120564706
49898.797111784326,31648.873250784327,60799.41549121568
49912.306235901975,31662.382374901976,60785.90636709803
49919.46142178433,31669.537560784327,61088.309971215676
49929.50451194119,31615.755635941186,61078.266881058815
49883.415253137275,31569.666377137273,61124.35613986273
49873.35588292158,31559.607006921582,61134.41551007842
49852.13258449021,31538.383708490208,61155.63880850979
49850.12586694118,31536.376990941182,61157.64552605882
49859.89601258825,31546.14713658825,61147.87538041175
49860.933259666686,31547.184383666685,61146.83813333332
49861.29689658826,31547.54802058826,61146.47449641174
49858.10570472551,31544.356828725508,61149.665688274494
49829.66995256864,31515.92107656864,61178.10144043136
49829.74741266667,31515.99853666667,61178.02398033333
49834.24689403922,31520.49801803922,61173.52449896078
49627.41175664707,31313.662880647065,59611.84053835293
49627.291179843145,31313.542303843144,59611.96111515685
49643.89512623531,31330.146250235306,59595.35716876469
49643.395785411776,31329.646909411775,59595.85650958822
49648.40065239217,31334.65177639217,59590.85164260783
49648.02541809805,31334.276542098047,59591.22687690195
49670.211597882364,31356.462721882363,59569.040697117634
49672.32407000001,31358.57519400001,59566.92822499999
49678.477871137264,31364.728995137262,59560.774423862735
49629.446460039224,31315.697584039222,59609.805834960775
49615.172975666675,31301.424099666674,59624.07931933332
49614.26715545098,31300.51827945098,59624.98513954902
49620.13190378432,31306.38302778432,59619.12039121568
49619.93835307844,31306.18947707844,59619.31394192156
49626.27387145098,31312.52499545098,59612.978423549015
49626.27387145098,31312.52499545098,59612.978423549015
49621.050152137264,31307.301276137263,59618.202142862734
49479.19701880393,31165.448142803925,59760.05527619607
49477.59835898039,31163.849482980386,59761.65393601961
49478.40196768627,31164.653091686272,59760.850327313725
49463.94617041176,31150.197294411755,59775.30612458824
49461.784847,31148.035971,59777.467447999996
49461.83557668628,31148.08670068628,59777.41671831372
49460.62905496079,31146.880178960786,59778.62324003921
49442.08389139216,31128.33501539216,59856.878598607844
49441.53446386275,31127.78558786275,59857.428026137255
49444.66798633334,31130.91911033334,59854.294503666664
49477.1935132157,31163.4446372157,59821.768976784304
49497.39922349021,31183.65034749021,59801.563266509795
49515.480237529424,31201.731361529422,59783.48225247058
49526.461622921575,31212.712746921574,59772.50086707843
49518.29895068627,31204.55007468627,59780.66353931373
49504.09458180394,31190.34570580394,59794.867908196065
49525.24579280394,31211.496916803935,59773.71669719607
49504.64641986276,31190.897543862757,59794.31607013725
49463.27627723531,31149.527401235307,59835.6862127647
49411.91651598039,31098.167639980387,59887.04597401962
49344.9680437451,31031.2191677451,59953.9944462549
49287.40386313725,30973.65498713725,60011.55862686275
49267.24206335294,30953.49318735294,60031.720426647065
49271.83976764705,30958.090891647047,60027.12272235296
49270.12470258823,30956.37582658823,60028.83778741177
49263.74232601961,30949.993450019607,60035.2201639804
49205.20834329412,30891.45946729412,60093.75414670588
49206.52337745098,30892.774501450982,60092.43911254902
49198.36384670588,30884.614970705876,60100.59864329413
49182.369018078425,30868.620142078424,60116.59347192158
49149.241805000005,30835.492929000004,60149.720685
49159.67546415686,30845.92658815686,60139.28702584314
49168.08783956863,30854.33896356863,60130.874650431375
49176.78763590197,30971.88133790197,60122.17485409803
49151.97787035293,30947.07157235293,60146.984619647075
49146.56876321568,30941.662465215675,60152.39372678433
49131.70014178431,30926.79384378431,60167.26234821569
49108.21726452941,30903.31096652941,60190.74522547059
49119.355734392164,30914.449436392162,60179.60675560784
49119.93371384314,30885.932164843136,60179.02877615687
49092.028403352946,31467.220789352945,60206.93408664706
49079.794398901955,31454.986784901954,60219.16809109805
49070.42463049019,31445.61701649019,60228.537859509815
49073.385404352935,31448.577790352934,60225.57708564707
49070.15919943137,31445.35158543137,60228.803290568634
49073.86583066666,31365.32608966666,60225.09665933334
49072.06429635293,31363.52455535293,60226.898193647074
49077.25469239215,31368.714951392147,60221.70779760786
49078.49283615686,31369.95309515686,60220.469653843145
49085.312312666654,31376.772571666654,60213.65017733335
49086.3468835098,31377.807142509802,60212.6156064902
49085.95001623529,31377.410275235292,60213.01247376471
49114.07893849018,31405.53919749018,60605.20045050982
49116.581341882345,31408.041600882345,60602.69804711766
49118.55984066666,31617.59537766666,60600.71954833334
49125.05422884313,31624.08976584313,60594.22516015687
49123.377706764695,31622.413243764695,60595.90168223531
49030.14323964705,31529.178776647048,60874.62457735295
49033.41891439216,31532.45445139216,60871.34890260784
49001.96932911763,31501.00486611763,60902.79848788237
49004.27932541176,31503.314862411757,60900.48849158824
49004.27932541176,31503.314862411757,60900.48849158824
48989.15534429412,31488.190881294122,60915.61247270588
48990.88335617647,31489.91889317647,60913.88446082353
48995.78901296077,31494.82454996077,60908.97880403923
49015.76380156862,31514.799338568617,61507.542640431384
49025.273749882355,31524.309286882355,61498.032692117646
48984.30635964706,31483.34189664706,61539.00008235294
48968.36897945097,31467.40451645097,61554.93746254903
48955.818722549026,31454.854259549025,61567.487719450975
48887.31988613726,31386.35542313726,61635.98655586274
48913.40946690196,31412.44500390196,61609.89697509804
48902.38829711764,31401.423834117642,61620.91814488236
48893.574969764704,31392.610506764704,61629.7314722353
48893.31552662746,31392.351063627462,61629.99091537254
48896.521594411766,31395.557131411766,61626.784847588235
48864.38387084314,31363.419407843143,61658.92257115686
48707.71236639215,31206.74790339215,61815.59407560785
48731.998888764705,31231.034425764705,61791.307553235296
48658.198932882355,32231.437734882355,61865.107509117646
48639.63809109805,32212.87689309805,61883.66835090195
48636.30814237256,32209.54694437256,61886.99829962744
48665.24691192158,32238.485713921582,61858.05953007842
48432.21139884314,32005.450200843137,62091.09504315686
48415.026825921566,31988.265627921566,62108.279616078435
48412.43811552942,31985.676917529418,62110.86832647058
48385.447730941174,31958.686532941174,62137.85871105883
48346.2120850392,31919.450887039202,62177.0943569608
48360.912857392155,32013.830289392157,62162.393584607846
48350.62516011764,32306.67673111764,62172.68128188236
48350.62516011764,32306.67673111764,62172.68128188236
48369.341976960764,32325.393547960764,62153.96446503924
48242.363468156866,32198.415039156866,62280.942973843135
48243.081132705884,32199.132703705884,62280.22530929412
48168.132078058814,32124.183649058814,62355.17436394119
48161.69573060784,32117.74730160784,62361.61071139216
47980.270623882345,31936.322194882345,62543.035818117656
47945.454552666655,31901.506123666655,62577.851889333346
47942.96299219607,31899.014563196073,62580.34344980393
47921.66783772549,31877.719408725487,62601.638604274514
47571.5973475098,31527.6489185098,62951.7090944902
47567.61809313726,31523.66966413726,62955.68834886274
47551.15722566667,31507.20879666667,62972.14921633333
47550.00821054903,31506.05978154903,62973.29823145097
47539.42683076471,31495.478401764707,62983.879611235294
47545.39441905882,31501.445990058823,62977.91202294118
47287.89208015685,31243.943651156853,63235.41436184315
47305.07984339217,31261.131414392166,63218.226598607835
47281.196154764715,31237.247725764715,63058.17085623528
47286.853602294126,31242.905173294126,63052.51340870587
47269.76103437256,31225.81260537256,63069.605976627434
47248.542495156864,31018.743967156865,63090.82451584313
47232.89456752942,31003.096039529424,63106.47244347057
47221.22063100001,30991.42210300001,63118.146379999984
47221.22063100001,30991.42210300001,63118.146379999984
47213.93922123531,30984.140693235313,63107.52524676469
47222.59011123531,30992.79158323531,63098.874356764696
47228.00343341179,30998.20490541179,63093.46103458822
47215.71330054903,30985.914772549033,63105.75116745097
47233.16383337256,31003.365305372557,63088.30063462745
47235.24353900001,31005.44501100001,63086.220928999996
47252.26143090196,31022.462902901963,63069.20303709804
47254.1071162549,31024.3085882549,63067.35735174511
47266.050102666675,31036.251574666676,63055.41436533333
47270.16917301961,31040.37064501961,63051.295294980395
46786.398973607844,30556.600445607844,63535.06549439216
46789.43118433335,30559.63265633335,63532.03328366666
46776.51575082354,31591.691413823544,63544.94871717646
46782.81134896079,31597.987011960795,63538.65311903921
46783.827609705884,31599.003272705886,63537.63685829412
46786.96585188236,31602.141514882365,63945.97342111763
46658.075626137266,31473.251289137268,64074.86364686273
46639.5685445098,31454.7442075098,64093.3707284902
46624.522205764704,31439.697868764706,64108.41706723529
46617.34999960785,31432.525662607855,64115.58927339214
46608.4327954706,31423.608458470604,64124.506477529394
46629.98479564707,31445.16045864707,64102.95447735293
46632.8389002745,31448.014563274504,64100.100372725494
46623.794969509814,31438.970632509816,64109.14430349018
46624.828757627445,31440.004420627447,64108.11051537255
46624.60296294118,31439.77862594118,64108.33631005882
46634.48361386276,31449.65927686276,64098.45565913724
46633.90867780393,31449.08434080393,64099.03059519607
46626.59042050982,31441.76608350982,63359.536659490186
46622.82561233334,31438.001275333343,63363.301467666664
46592.14687813726,31381.91386913726,61508.770393862746
46546.82944301961,31336.59643401961,61554.087828980395
46561.932912117656,31351.699903117657,61757.452791882344
46439.03681331372,31228.803804313724,61880.34889068628
46442.02913866667,31231.796129666673,61877.35656533333
46420.49435111765,31210.261342117654,61898.89135288235
46420.018040999996,31209.785031999996,61899.367663000005
46424.556094725485,31214.323085725486,61894.829609274515
46360.49888872549,31150.265879725488,61958.88681527451
46302.40206688235,31092.16905788235,62016.98363711765
46298.95725215686,31088.724243156863,62020.42845184314
46282.16663017647,31071.93362117647,62037.21907382353
46283.710406019614,31073.477397019615,62035.675297980386
46290.0077299804,31079.774720980404,62029.3779740196
46274.18941517647,31063.956406176472,62045.19628882353
46035.778223313726,30825.545214313726,62283.607480686274
46047.273237705886,30837.040228705886,62272.112466294115
46074.055114156865,30863.822105156865,62245.330589843135
46053.790845607844,30843.557836607844,62265.594858392156
46058.113603039215,30847.880594039216,62261.272100960785
45915.201345137255,30704.968336137255,62404.184358862745
45891.014234568625,30680.781225568626,62428.371469431375
45789.75163345097,30579.51862445097,62529.63407054903
45789.91037349019,30579.677364490188,62529.47533050981
45817.3539432941,30607.120934294104,62502.0317607059
45815.894441725475,30605.661432725476,62503.491262274525
45843.75534123527,30633.522332235272,62475.63036276473
45839.13047158822,30628.897462588222,62480.25523241178
45849.95140282352,30639.981517823522,62469.43430117648
45849.95140282352,30639.981517823522,62469.43430117648
45851.24087047058,30641.270985470583,62468.14483352942
45853.11915907843,30643.14927407843,62466.26654492157
45853.85732635294,31713.88271435294,62465.52837764706
45853.85732635294,31713.88271435294,62465.52837764706
45834.47127109803,31694.496659098033,62484.91443290197
45841.341353392156,31701.366741392158,62478.044350607845
45834.046442313724,31694.071830313726,62616.87499368628
45850.94460066666,31710.969988666664,63461.782911333336
45870.52966498039,31730.555052980395,63442.197847019605
45865.767017843136,31725.792405843138,63446.96049415686
45702.08729950981,31558.86214150981,63610.64021249019
45690.93892227451,31547.713764274507,63621.78858972549
45686.254934823526,31543.029776823525,63626.47257717647
45609.08141078431,31465.85625278431,63703.64610121569
45569.33408611765,31995.811685117646,63743.39342588235
45507.029644549,31933.507243549,63805.697867450996
45315.774651137246,31742.252250137244,53759.07658386275
45330.754662176456,31757.232261176454,53744.09657282354
45341.18726813725,31767.664867137246,53733.66396686275
45364.49776364706,31790.975362647056,53710.35347135294
45365.201729,31791.679328,53709.649505999994
45333.12193103922,31759.599530039217,53741.729303960776
45336.002636450976,31762.480235450974,53738.84859854902
45345.682822960785,31772.160421960783,53729.16841203921
45348.944329803926,31775.421928803924,53725.90690519607
45367.54600080393,31794.023599803928,53707.305234196065
45370.41818150981,31796.89578050981,53704.43305349018
45363.09089307844,31789.56849207844,53711.76034192155
45331.54468362746,31758.022282627455,53743.30655137254
45315.022798529426,31741.500397529424,53759.82843647057
45280.27851052943,31887.07000052943,53794.57272447056
45205.327839254904,31812.119329254903,53869.52339574509
45168.99507588237,31775.78656588237,53905.856159117626
45172.21136739217,31919.061743392173,53902.639867607824
45174.933185607864,31921.783561607866,53899.91804939213
45148.44724703923,31895.29762303923,53926.403987960766
45132.515585607856,31905.350308607856,53949.63027839215
45066.663679137266,31839.498402137266,54015.48218486274
45033.86187388238,31806.69659688238,54048.28399011763
45032.10705992158,31804.94178292158,54050.038804078424
45035.84981290197,31808.68453590197,54046.296051098034
45006.02215650982,31778.856879509818,54076.12370749019
44965.6166339608,31738.451356960803,54116.5292300392
44963.804536529424,31736.639259529424,54118.34132747058
44955.42154501962,31728.25626801962,54126.724318980385
44915.837959509816,31577.201085509816,54166.30790449019
44865.46247129412,31526.825597294122,54216.68339270588
44875.519407235304,31536.882533235304,54206.6264567647
44870.48756609806,31531.85069209806,54211.658297901944
44872.58506588236,31533.948191882362,54209.56079811764
44876.01395131374,31537.37707731374,54206.131912686265
44704.127010941185,31499.904853941185,54378.01885305882
44704.89133274512,31500.669175745123,54377.25453125488
44657.07016884316,31452.848011843158,54425.07569515685
44653.27311458825,31449.05095758825,54428.872749411756
44662.98715001961,31458.76499301961,54419.158713980396
44592.202111921586,31063.726262921584,54489.94375207842
44571.623648058834,31043.147799058832,54510.52221594117
44573.55310127452,31027.76781027452,54508.592762725486
44430.68474209804,30884.89945109804,54651.461121901964
44431.31245839217,30885.527167392167,54650.83340560784
44398.86302666667,30853.077735666673,54683.28283733333
44398.86302666667,30853.077735666673,54683.28283733333
44400.14545507844,30854.36016407844,54682.000408921565
44398.67085764707,31027.98258564707,54683.475006352935
44376.67005343138,31005.98178143138,54479.07285656862
44342.21708343138,30971.52881143138,54513.52582656862
44335.52553462746,30964.837262627458,54520.217375372544
44337.565118921586,30966.876846921587,54518.177791078415
43919.6136834902,30560.224343490197,44523.917901509805
43915.748323235304,30556.358983235303,44527.7832617647
43916.08557566667,30556.69623566667,44527.44600933333
43898.167713294126,30538.778373294124,44545.36387170588
43828.327839666665,30468.938499666663,44615.20374533334
43825.33989072549,30465.950550725487,44618.191694274516
43649.33920411765,30289.949864117647,44794.192380882356
43598.59774386274,30239.208403862736,44844.93384113727
43601.733086529406,30242.343746529405,44841.7984984706
43594.6952997647,30235.3059597647,44848.8362852353
43607.46597060783,30248.07663060783,44836.06561439217
43617.623772294115,30258.234432294114,44825.90781270589
43615.145694764695,30194.036739764695,44828.38589023531
43619.3711167647,30198.2621617647,44824.160468235306
43616.83995299999,30195.730997999988,44826.69163200002
43648.89086482352,30227.781909823523,44794.64072017648
43652.7587450196,30231.6497900196,44790.772839980404
43644.34671098038,30223.237755980383,44799.18487401962
43511.09209437255,30089.98313937255,44932.439490627454
43486.84444384313,30065.735488843133,44956.68714115687
43450.51083770588,30478.43220170588,44993.020747294126
43422.439519490195,30450.360883490197,45021.09206550981
43339.11194988236,30367.033313882363,45104.41963511764
43261.40304919608,30289.324413196082,45182.128535803924
43281.922664980404,30309.844028980406,45161.6089200196
43279.07113900001,30306.99250300001,45164.460446
43215.51666178433,30243.43802578433,45228.01492321568
43224.456985568635,30252.378349568637,45219.07459943137
43225.83839609804,30253.759760098044,45217.69318890196
43180.80538892157,30208.726752921575,45262.72619607843
43124.1787144706,30152.100078470605,45319.3528705294
43134.814179196095,30162.735543196097,45308.71740580391
43130.75813986276,30158.67950386276,45312.773445137245
43133.223568019625,30161.144932019626,45310.30801698038
43100.633521254924,32038.961558254923,45342.89806374508
43074.77565554904,32013.10369254904,45368.75592945096
43048.64629623531,31986.97433323531,45394.88528876469
43048.95629800001,31987.28433500001,45394.57528699999
43022.34734203924,31960.67537903924,45421.184242960764
42993.04110880394,31931.36914580394,45450.490476196064
42965.48317239218,31903.81120939218,44124.373094607814
42888.581497549036,31826.909534549035,44201.27476945096
42885.683919274525,31824.011956274524,44204.17234772547
42891.28948166668,31829.61751866668,44198.566785333314
42900.24110852942,31838.56914552942,44189.61515847057
42894.02317429413,31832.35121129413,44195.83309270586
42864.83339060785,31803.161427607847,44225.02287639215
42867.70924031373,31806.037277313728,44222.14702668627
42858.33015545099,31796.65819245099,44231.52611154901
42857.16356768628,31795.491604686278,44232.69269931372
42854.64705133335,31792.975088333347,44235.20921566665
42862.69230484315,31807.65979284315,44227.16396215685
42818.36694498041,31763.33443298041,44271.48932201959
42760.247715196085,31816.894965196087,44329.60855180391
42760.247715196085,31816.894965196087,44329.60855180391
42762.65791823531,31819.30516823531,44327.19834876469
42764.89187531374,31821.539125313742,44324.964391686255
42706.13440370589,31762.78165370589,44383.72186329411
42719.08804594119,31775.735295941195,44370.7682210588
42721.779058803935,31778.426308803937,44368.07720819606
42700.1473647255,32002.8614987255,44389.7089022745
42678.567281,31981.281415000005,44411.28898599999
42672.58057135294,31975.294705352942,44417.275695647055
42604.10072215687,31906.814856156874,44485.75554484312
42593.1003812157,31895.8145152157,44496.755885784296
42565.84079847059,31867.85005747059,44524.015468529404
42568.55241127452,31870.561670274517,44521.30385572548
42575.2409302353,31877.250189235296,44514.6153367647
42553.86888607843,31855.87814507843,44535.987380921564
42549.468900921565,31851.478159921564,44540.38736607843
42549.34178039216,31851.35103939216,44540.51448660783
42555.80401478432,31857.81327378432,44534.052252215675
42554.15617331374,31856.16543231374,44535.70009368625
42560.41713056864,31862.426389568638,44529.439136431356
42566.46096960785,31868.470228607846,44523.39529739215
42565.351880352944,31867.361139352943,44524.50438664705
42563.03457329413,31865.043832294126,44521.35339970588
42566.78550635296,31868.794765352955,44517.60246664705
42580.19287892158,31882.20213792158,44504.19509407842
42585.13985266668,31887.14911166668,44499.24812033332
42583.62206688237,31885.631325882372,44500.76590611763
42559.34228600002,31861.35154500002,44525.04568699998
42559.334537411785,31861.343796411784,44525.05343558822
42558.215591352964,31860.224850352963,44526.17238164704
42553.09879654904,31855.10805554904,44531.28917645096
42514.13598511767,31816.145244117666,44570.25198788234
42513.33573641179,31947.89238241179,44571.05223658821
42528.52210511766,31963.07875111766,44555.86586788234
42527.451755392176,32007.897824392174,44560.007238607825
42437.65831892159,31918.104387921587,44649.80067507841
42430.743632980404,31911.189701980402,44656.7153610196
42420.64471990197,31901.090788901965,44666.81427409803
42328.80945503923,31809.255524039225,44758.64953896077
42322.97809094119,31803.42415994119,44764.48090305881
42315.97681207844,31796.42288107844,44771.48218192156
42318.65331254903,31799.09938154903,44768.80568145097
42296.2562424706,31776.702311470595,44791.2027515294
42267.95251313726,31748.398582137255,44819.50648086274
42271.4021947451,31751.848263745094,44816.056799254904
42200.82920790196,31681.275276901957,44886.62978609804
42198.77763958823,31679.22370858823,44888.68135441177
42162.9615727451,31666.7484507451,44924.4974212549
42167.812343803926,31671.599221803925,44919.646650196075
42183.064580058825,31686.851458058823,44904.394413941176
42186.77142892157,31690.55830692157,44900.68756507843
42176.9598545098,31680.746732509797,44910.4991394902
42183.94654533334,31687.73342333334,44903.51244866666
42177.698125764706,31681.485003764705,44909.760868235295
42179.083143941185,31682.870021941184,44908.375850058816
42178.792878862754,31682.579756862753,44908.66611513725
41887.3487967059,31391.135674705896,45200.1101972941
41886.61473858825,31390.40161658825,45200.84425541175
41854.84235654903,31358.62923454903,45232.61663745097
41857.705476686286,31361.492354686285,45229.753517313715
41850.00258778432,31353.78946578432,45237.45640621568
41847.830564705895,31351.617442705894,45239.628429294105
41856.068572901975,31359.855450901974,45631.833549098024
41855.59051476472,31359.37739276472,45632.31160723528
41857.34163386276,31361.128511862757,45630.56048813724
41847.01309901962,31350.79997701962,45640.88902298038
41850.50158615687,31354.288464156867,45637.40053584313
41822.36667578432,31326.153553784316,45665.53544621568
41831.04905570589,31334.835933705886,45656.85306629411
41833.291218019614,31337.078096019613,45654.610903980385
41868.77187582353,31372.558753823527,45619.13024617647
41863.095490568616,31366.882368568615,45624.806631431384
41857.525380725485,31361.312258725484,45630.376741274515
41836.428788078425,31340.215666078424,45651.473333921575
41821.11891029412,31324.90578829412,45666.78321170588
41747.99257858824,31251.779456588236,45739.90954341176
41752.42898705882,31256.215865058817,45735.47313494118
41738.03541964706,31241.822297647057,45749.86670235294
41745.07758760785,31248.864465607847,45742.82453439215
41755.44122135294,31259.228099352942,45732.46090064706
41757.71685601961,31261.503734019607,45730.18526598039
41698.645802607854,31087.387776607855,45789.256319392145
41689.11832954903,31077.860303549027,45798.78379245097
41693.78203101961,31082.52400501961,45794.12009098039
41709.12203068629,31097.86400468629,45778.78009131371
41709.0883187255,31097.830292725503,45778.8138032745
41713.98333321569,31102.725307215693,45773.91878878431
41715.656598274516,31104.398572274516,45772.24552372548
41703.655120313735,31092.397094313736,45784.247001686264
41705.64050331373,31094.382477313728,45782.26161868627
41722.74096647059,31111.482940470592,45765.16115552941
41731.93427192157,31120.67624592157,45755.96785007843
41744.68467066666,31133.426644666662,45743.21745133334
41739.94869298039,31128.69066698039,45747.95342901961
41714.904548078426,31103.646522078427,45585.90496792157
41708.1329147647,31096.874888764698,45592.6766012353
41674.89397662745,31063.63595062745,45625.915539372545
41664.03099043137,31052.77296443137,45636.778525568625
41675.26633574509,31064.008309745088,45625.54318025491
41648.76095013725,31037.50292413725,45652.048565862744
41659.08372698039,31047.82570098039,45641.725789019605
41674.97280062743,31063.71477462743,45625.83671537256
41676.706082960765,31065.448056960766,45624.10343303923
41677.75018170587,31066.492155705873,45623.05933429412
41676.24344088234,31064.98541488234,45624.566075117655
41672.77375466666,31061.51572866666,45628.03576133333
41653.485621137246,31042.227595137247,45647.32389486275
41655.02477337254,31043.76674737254,45573.63891462746
41664.45619970586,31053.198173705863,45564.20748829414
41667.58603129411,31056.328005294108,45561.07765670589
41664.32847758823,31053.070451588228,45564.33521041177
41664.38435531372,31053.12632931372,45564.27933268628
41675.14551982353,31063.887493823528,45553.51816817647
41661.280282960775,31050.022256960776,45567.383405039225
41660.74251064705,31049.484484647048,45765.37878635296
41519.8603127647,30908.6022867647,45890.6472682353
41514.7722490196,30903.514223019603,45895.735331980395
41521.084932333324,30909.826906333325,45889.422648666674
41522.00151154901,30910.74348554901,45888.50606945099
41533.797004294116,30922.538978294117,45876.71057670588
41457.795951313725,30846.537925313725,45745.54120268627
41457.37765952941,30846.11963352941,45745.95949447058
41402.419511705884,30790.884146705885,45800.91764229411
41399.18693203922,30787.651567039222,45804.15022196077
41400.282052431365,30788.746687431365,45803.05510156863
41384.83605843137,30773.30069343137,45165.498616568635
41366.0054182549,30754.4700532549,44217.2528127451
41309.23352290196,30697.69815790196,43552.393555098046
41057.906048843135,30446.370683843135,43803.72102915687
41036.12165341176,30424.586288411763,43825.50542458824
41027.997545274506,30416.462180274506,43833.6295327255
41044.51353101961,30432.978166019613,43817.11354698039
41044.00898443137,30432.47361943137,43817.618093568635
41066.9113835098,30455.376018509804,43909.0564054902
41066.9113835098,30455.376018509804,43909.0564054902
41062.93403196078,30451.39866696078,44080.61873403921
41069.0919747451,30457.556609745097,44074.460791254896
41041.85120909804,30430.315844098037,44101.70155690196
40971.132316392155,30359.596951392155,41915.84392260784
40988.89401343137,30377.358648431367,41898.08222556863
41000.88514050979,30389.34977550979,41886.09109849021
40977.3698882941,30365.834523294103,41909.60635070589
40973.41331356863,30361.87794856863,41913.56292543137
40985.93928117646,30374.403916176463,41901.03695782353
40977.26662460784,30365.731259607837,41909.70961439216
40977.26662460784,30365.731259607837,41909.70961439216
40962.04143186275,30350.506066862752,41924.934807137244
40966.381608176474,30354.846243176475,41920.59463082352
40923.275815,30879.419333,41963.700423999995
40901.25646135294,30857.39997935294,41985.71977764706
40900.68511966667,30856.82863766667,41986.29111933333
40915.257763607835,30871.401281607836,41971.71847539216
40917.7185107647,30873.862028764703,41969.257728235294
40917.08862811765,30873.23214611765,41969.887610882346
40906.83974564706,30862.983263647064,41980.13649335293
40879.345421039216,30835.488939039216,42007.63081796078
40879.345421039216,30835.488939039216,42007.63081796078
40857.63210003922,30895.703533039217,42029.344138960776
40864.97349433333,30903.04492733333,42022.002744666665
40871.50455254902,30909.575985549018,42015.471686450976
40875.19711435294,30913.268547352935,42011.77912464706
40840.21170968627,30878.28314268627,42046.764529313725
40841.88843770588,30879.959870705876,42045.08780129412
40842.2596922549,30880.331125254896,42044.7165467451
40852.982596745096,30891.054029745093,42033.9936422549
40860.39559854901,30898.467031549008,42026.580640450986
40862.66884294116,30900.740275941156,42024.30739605884
40873.34449505882,30911.415928058814,42013.63174394118
40884.78411070588,30922.855543705875,42002.19212829412
40872.2197747647,30910.291207764698,42014.756464235295
40882.63720360784,30920.708636607837,42004.33903539216
40473.10649262744,30511.17792562744,42413.869746372555
40467.245103176465,30505.316536176462,42419.73113582353
40477.60103439215,30515.67246739215,42409.375204607844
40458.54881141175,30496.620244411744,42542.24135658826
40431.18939388234,30469.26082688234,42569.600774117665
40430.94734217646,30469.01877517646,42569.84282582354
40401.72552807842,30477.36672607842,42599.064639921584
40352.91071786274,30428.551915862736,42647.87945013727
40263.71575160784,30339.356949607834,42737.07441639217
40267.14685074509,30342.78804874509,42733.643317254915
40277.19464692156,30352.83584492156,42723.595521078445
40284.151946,30359.793143999996,42716.63822200001
40293.04056545098,30368.68176345098,42707.535662549024
40293.09064992157,30368.73184792157,42707.485578078435
40309.34883143137,30384.99002943137,42691.22739656863
40229.878132450984,30305.51933045098,42770.69809554902
40237.65491292157,30313.29611092157,43278.128572078436
40239.285759098035,30314.926957098032,43276.49772590197
40236.06769492157,30311.708892921568,43281.94771707842
40227.600853156866,30303.242051156863,43290.41455884313
40156.20542747059,30231.846625470585,43361.809984529405
40162.46822068627,30238.10941868627,43355.54719131372
40161.83718778431,30237.478385784307,43356.178224215684
40102.3599152549,30178.001113254897,43415.655496745094
40111.57269549019,30187.21389349019,43406.4427165098
40104.84854264706,30323.95023664706,43413.166869352935
40100.469946215686,30319.571640215687,43417.54546578431
40108.238682196075,30327.340376196076,43409.77672980392
40108.92896594117,30328.030659941174,43409.08644605882
40105.82384466667,30325.149274666674,43412.19156733332
40106.03480670589,30325.36023670589,43411.980605294106
40108.68230368628,30328.007733686278,43409.33310831372
40115.050060117646,30334.375490117647,43482.80960088235
40135.88834943138,30355.21377943138,43461.97131156862
40134.4491334902,30353.7745634902,43463.4105275098
40135.77780484314,30355.103234843144,43462.08185615685
40115.09034131372,30334.41577131372,43482.769319686275
40115.09034131372,30334.41577131372,43482.769319686275
40098.66933337255,30317.99476337255,43499.190327627446
40103.80055243137,30323.12598243137,43494.059108568625
40097.39593341176,30316.72136341176,43500.463727588234
40093.554211352945,30312.879641352945,43504.30544964705
40079.738909666674,30299.064339666675,43518.12075133332
40097.73871094118,30317.06414094118,43500.120950058816
39902.261032333336,30121.586462333336,43695.59862866666
39900.016151588236,30119.341581588236,43697.84350941176
39892.46571025491,30111.79114025491,43705.393950745085
39905.88736309804,30125.21279309804,43691.97229790196
39829.31986921569,30048.64529921569,43768.53979178431
39831.413194725494,30050.738624725494,43766.4464662745
39810.98617480392,30030.31160480392,43786.87348619608
39810.98617480392,30030.31160480392,43786.87348619608
39812.46976370588,30031.79519370588,43785.38989729412
39806.74764452941,30026.07307452941,43791.112016470586
39805.43733847058,30024.762768470584,43792.42232252941
39807.628918607836,30026.954348607836,43790.23074239216
39730.67907619607,30249.306246196073,43867.18058480392
39708.98246686274,30227.60963686274,43888.877194137254
39709.00554584313,30227.63271584313,43888.854115156864
39708.1658454902,30226.7930154902,43912.657498509805
39693.64549278431,30212.272662784308,43927.177851215696
39713.51294443137,30232.14011443137,43761.90185956863
39717.849214588234,30236.476384588233,43994.24337541177
39724.82300131373,30243.45017131373,43987.26958868627
39724.38766607844,30243.014836078437,43987.70492392156
39724.318858647064,30242.946028647064,43987.773731352936
39743.82879400001,30262.455964000008,43968.26379599999
39745.80000288236,30264.42717288236,43966.29258711764
39725.78235519608,30244.409525196083,43986.31023480392
39685.72608441176,30204.353254411762,44026.36650558824
39692.3023957255,30210.9295657255,44019.7901942745
39690.71782494119,30209.344994941188,44021.37476505881
39695.004970686285,30213.632140686284,44017.087619313716
39718.53965025491,30237.16682025491,43993.55293974509
39731.09699619609,30249.724166196087,43980.99559380391
39730.69916811765,30073.94434811765,44415.12539588234
39570.31311337255,29913.558293372545,44575.51145062745
39574.96163939216,29918.20681939216,44570.862924607834
39579.24974029412,29922.49492029412,44566.57482370587
39582.37748790197,29925.622667901967,44563.447076098026
39582.37748790197,29925.622667901967,44563.447076098026
39555.51638403922,29898.761564039218,44590.308179960775
39481.237001529415,29825.646768529412,44664.58756247058
39239.144597431376,29583.554364431373,44906.67996656862
39238.22437301961,29582.63414001961,44907.60019098038
39234.15874943137,29578.56851643137,44911.66581456862
39232.571429490206,29576.981196490204,44913.25313450979
39234.22435843138,29569.287848431377,44911.60020556862
39135.04937256864,29470.11286256864,45010.775191431356
39088.17241576472,29423.23590576472,45057.65214823528
39032.32259527452,29367.38608527452,45113.501968725475
39035.44447309805,29370.507963098047,45110.38009090195
39042.918197862746,29377.981687862746,45102.90636613725
39020.78110594118,29355.844595941184,45125.04345805881
39011.8968564902,29346.960346490203,45133.92770750979
39026.55389664706,29361.617386647064,45344.75149835294
39012.70078333334,29347.76427333334,45358.60461166666
38964.353768372544,29299.417258372545,45406.95162662746
38980.24528088235,29315.30877088235,45391.06011411765
38974.785656764696,29309.849146764696,45396.51973823531
38955.49513766666,29290.558627666658,45415.810257333345
38901.35800403921,29236.421494039212,45469.94739096079
38905.79712188234,29244.329137882334,45465.508273117666
38897.29076015685,29235.82277615685,45474.01463484315
38906.46557635294,29244.997592352935,45464.839818647066
38762.90721701961,28998.310581019607,45608.398177980394
38760.83720327451,28996.240567274508,45610.46819172549
38748.308196882346,28983.711560882344,45622.99719811766
38743.22791572548,28978.63127972548,45628.07747927452
38740.065258803916,28975.468622803914,45631.24013619609
38748.68209347058,28984.08545747058,45622.62330152942
38686.60061372549,28922.003977725486,45684.704781274515
38687.754255098036,28923.157619098034,45683.55113990197
38682.74260519607,28918.14596919607,45688.56278980393
38693.57935303922,28928.982717039216,45677.726041960785
38640.47588839216,28875.87925239216,45730.82950660784
38644.34873378431,28774.93960578431,45726.95666121569
38633.33374060784,28763.924612607843,45737.97165439216
38639.47300784314,28671.10802684314,45731.832387156865
38636.8100227647,28668.445041764702,45734.4953722353
38640.61460303921,28672.249622039213,45730.69079196079
38653.36130845098,28684.99632745098,45717.944086549025
38661.36629372549,28693.001312725493,45709.93910127451
38666.851227921565,28698.486246921566,45704.45416707844
38677.796019196074,28709.431038196075,45693.50937580393
38659.210286176465,28690.845305176466,45712.09510882354
38625.95801615686,28604.78261815686,45745.347378843144
38631.21183203921,28610.03643403921,45740.09356296079
38631.558275647054,28610.382877647055,45739.74711935295
38624.05014909804,28602.87475109804,45747.255245901964
38597.194464941174,28576.019066941175,45774.11093005883
38598.33746996078,28577.16207196078,45772.96792503922
38547.902283039206,28531.910635039207,45823.4031119608
38544.032418039205,28528.040770039206,45827.2729769608
38536.03196896078,28520.04032096078,45835.273426039224
38554.346027725485,28538.354379725486,45816.95936727452
38497.321778666665,28481.330130666665,45873.98361633334
38497.321778666665,28481.330130666665,45873.98361633334
38467.68343962744,29019.51248162744,45903.62195537256
38479.769419215685,29031.598461215683,45891.53597578432
38496.27132570588,29030.569614705877,45875.034069294124
38490.324342137246,29024.622631137245,45880.98105286276
38461.47040866666,28995.76869766666,45909.83498633334
38464.10186619607,29174.383230196072,45907.20352880393
38463.8719355098,29174.153299509802,45907.4334594902
38454.065502705875,29210.966060705876,45917.23989229413
38422.47091160784,29179.37146960784,45948.834483392166
38447.24171878431,29204.14227678431,46112.30791921569
38404.681545980384,29159.184390980387,46154.86809201961
38402.75787211764,29157.260717117642,46156.79176588236
38403.83288686274,29158.335731862746,46155.71675113725
38385.59778592156,29140.100630921566,46173.95185207843
38370.35789992156,29124.860744921563,46189.191738078436
38374.29032586274,29128.793170862744,46185.259312137256
38379.29774174509,29133.800586745092,46180.25189625491
38380.81476729411,29135.317612294115,46178.734870705885
38387.32641696079,29141.82926196079,46172.22322103921
38383.27742194118,29137.780266941183,46176.27221605882
38378.78852303922,29133.291368039223,46180.76111496078
38384.31955154902,29138.822396549025,46175.230086450974
38385.547419156865,29140.050264156867,46174.00221884313
38386.475000078426,29106.680329078426,46173.07463792157
38363.68252882353,29083.887857823527,46195.86710917647
38299.36111460784,29019.56644360784,46260.18852339216
38299.36111460784,29019.56644360784,46260.18852339216
38306.39362939215,29026.59895839215,46253.156008607846
38308.40976498039,29028.61509398039,46251.13987301961
38170.49341492156,28890.698743921563,46389.056223078434
38180.39816870588,28900.603497705877,46379.15146929412
38186.21848256862,28906.42381156862,46373.33115543138
38167.68085241176,28887.88618141176,46391.86878558824
38154.1122067647,28874.3175357647,46405.437431235296
38155.465551117646,28848.254316117644,46404.08408688235
38140.542394803924,28833.33115980392,46419.00724319607
38117.625353215684,28810.41411821568,46441.92428478431
38100.831821882355,28793.620586882353,46458.71781611764
38090.560470568635,28783.349235568632,46468.98916743136
38091.46597117646,28784.25473617646,46637.98643182354
38100.94610919608,28793.734874196074,46628.50629380393
38104.45043825489,28797.23920325489,46625.00196474511
38119.83664478431,28812.625409784305,46609.615758215696
38106.683087470585,28804.929314470584,46622.76931552942
38117.8304660196,28816.0766930196,46611.6219369804
38131.432973862735,28829.679200862734,46598.01942913727
38125.042242450974,28823.288469450974,46604.41016054903
38128.523334058824,28826.769561058823,46600.92906894118
38128.45785745097,28886.97457145097,46600.99454554903
38108.73121792156,28867.247931921556,46620.721185078444
38144.59530952941,28903.112023529407,46584.85709347059
38134.92220256862,28893.438916568615,46594.530200431385
38134.97459221568,28893.491306215677,46594.47781078432
38141.05624845097,28900.24180845097,46588.39615454903
38143.20420070588,28902.389760705875,46586.248202294126
38146.447207254896,28909.475910254896,46583.00519574511
38147.82330888235,28910.852011882347,46581.629094117656
38134.3132092353,28902.757814235298,46595.139193764706
38149.55182584313,28917.996430843134,46579.90057715687
38121.03805639215,28889.48266139215,46608.41434660785
38129.96081127451,28898.405416274512,46599.49159172549
38114.220825392156,28882.665430392157,46615.23157760785
38099.90322356863,28868.347828568632,46629.54917943137
37957.12028958824,28725.543313588238,46772.332113411765
37941.358474137254,28709.781498137254,46788.09392886275
37935.748464352946,28704.171488352946,46793.70393864706
37940.45873096079,28708.88175496079,46788.993672039214
37948.819365568634,28717.242389568633,46780.63303743137
37929.999845058825,28672.072967058826,46799.45255794118
37934.488617058814,28676.561739058816,46794.96378594119
37950.21739235294,28692.290514352942,46779.23501064706
37950.366287666664,28692.439409666666,46779.08611533334
37917.57039176471,28659.643513764713,46811.88201123529
37928.65441264707,28670.72753464707,46800.797990352934
37923.50240619609,28665.57552819609,46805.949996803916
37924.165757882365,28666.238879882367,46805.28664511764
37917.11367394118,28659.186795941183,46571.56334605882
37916.779304392156,28658.852426392157,46571.89771560785
37917.67810833333,28659.751230333335,46575.775889666664
37926.22693958824,28668.30006158824,46567.22705841176
37924.645983529415,28666.719105529417,46568.80801447058
37909.364281941176,28651.437403941178,46584.08971605882
37909.723657352944,28651.796779352946,46583.73034064705
37911.18403217647,28653.25715417647,46582.26996582353
37889.97377276471,28632.04689476471,46603.48022523529
37891.76322439216,28633.836346392163,46601.690773607836
37894.35141584314,28636.424537843144,46599.102582156855
37844.68985721569,28586.762979215695,46648.764140784304
37839.593384647065,28581.666506647067,46653.86061335293
37780.15413609805,28522.22725809805,46713.29986190195
37773.4652279804,28515.5383499804,46719.9887700196
37728.083568666676,28470.156690666678,46765.37042933332
37727.80135045099,28469.87447245099,46765.65264754901
37736.54828064707,28478.62140264707,46756.90571735293
37749.839461960786,28491.912583960788,46743.61453603921
37754.13737535294,28373.41086535294,46739.31662264706
37742.09709550981,28361.37058550981,46259.8284934902
37718.50520213726,28337.77869213726,46283.420386862745
37678.956872784314,28298.230362784314,46322.96871621569
37591.734088,28211.007577999997,46410.19150100001
37594.54057668627,28213.814066686267,46407.38501231374
37566.280514,28185.554003999998,46435.64507500001
37576.151109490194,28195.424599490194,46425.77447950981
37584.66440290196,28203.93789290196,46417.26118609805
37597.71153203921,28216.98502203921,46404.214056960795
37568.283352509796,28187.556842509795,46433.64223649021
37566.151052745096,28185.424542745095,46435.77453625491
37544.15986794117,28163.43335794117,46570.99169305884
37438.571577,28057.845067000002,46676.579984
37438.571577,28057.845067000002,46676.579984
37442.74145462745,28062.01494462745,46672.410106372554
37444.247131803924,28063.520621803924,46670.90442919608
37390.35387209804,28009.627362098043,46724.79768890196
37387.675154568635,28006.948644568634,46727.47640643137
37383.78245341177,28128.43264941177,46731.36910758824
37390.979118725496,28135.6293147255,46724.17244227451
37401.98900560785,28146.639201607853,46713.162555392155
37321.6499297451,28066.300125745103,46793.501631254905
37329.354351921575,28074.004547921577,46785.79720907843
37334.540504196084,28079.190700196086,46780.61105680392
37336.34379545099,28080.99399145099,46778.80776554902
37336.34379545099,28080.99399145099,46778.80776554902
37339.19202588236,28083.84222188236,46775.95953511765
37257.17585460785,28001.82605060785,46857.97570639216
37200.9926032353,27945.642799235306,46914.1589577647
37152.21631315687,27896.86650915687,46962.93524784314
37109.884180470595,27854.534376470598,47005.26738052941
37107.63887258824,28014.38160258824,47007.51268841176
37102.38328539217,28240.92282539217,47012.768275607836
37114.349197156866,28252.888737156863,47000.80236384314
37086.37085896079,28224.91039896079,47028.780702039214
37085.48231843138,28224.021858431377,47029.66924256863
36955.930865137256,28216.811729137255,47159.22069586275
36963.334247019615,28224.215111019614,47151.81731398039
36976.6814712549,28237.5623352549,47138.470089745104
36959.58779419607,28220.46865819607,47155.563766803934
36953.08597705883,28221.06316305883,47162.06558394118
36950.97434966667,28218.95153566667,47164.177211333335
36956.261919392164,28224.239105392164,47158.88964160784
36968.18356254902,28236.16074854902,47146.967998450986
36968.18356254902,28236.16074854902,47146.967998450986
36954.039535647054,28222.016721647055,47161.11202535295
36951.92210362745,28219.899289627447,47163.22945737256
36960.96535413725,28228.942540137254,47154.18620686275
36961.00633160784,28225.617358607837,47154.14522939217
36962.74120337255,28227.352230372548,47152.41035762746
36967.167049,28231.778076000002,47147.984512
36904.822160627446,28169.433187627445,47210.32940037256
36904.80530709803,28169.41633409803,47210.346253901975
36904.11928952941,28168.730316529407,47211.0322714706
36899.57774427451,28164.18877127451,47215.5738167255
36865.85446737255,28130.465494372547,45395.84322462745
36814.94155168627,28079.55257868627,45446.75614031373
36780.62468619608,28045.23571319608,45481.07300580392
36781.66618235294,28046.277209352942,45480.03150964706
36795.3857767451,28059.996803745096,45466.311915254904
36757.34516458824,28021.956191588237,45504.352527411764
36757.31453407844,28021.92556107844,45504.38315792156
36754.05571845099,28018.666745450988,45507.64197354901
36759.885050333345,28018.784666333348,45501.81264166666
36764.18715209804,28023.086768098045,45497.51053990196
36770.00240101962,28028.902017019624,45491.69529098038
36781.995731352945,28040.895347352947,45479.70196064706
36781.560211980395,28040.459827980398,45480.137480019606
36816.02542345098,28074.92503945098,45445.672268549024
36817.97033482353,28076.86995082353,45443.727357176474
36829.80049145097,28088.700107450975,45431.89720054903
36835.76274447058,28094.662360470582,45425.93494752942
36812.39270574509,29274.10654974509,45449.30498625491
36822.51752311765,29284.231367117645,45439.180168882354
36830.53823884314,29292.252082843137,45431.15945315686
36837.69279264705,29299.40663664705,45500.75047135295
36802.3655500196,29264.079394019594,45536.077713980405
36799.45647462744,29261.17031862744,45538.98678937256
36796.82900223529,29258.542846235287,46036.78232776471
36797.99503917646,29259.708883176456,46035.61629082354
36797.80123554901,29259.515079549004,46035.81009445099
36801.05806211764,29262.77190611764,46032.55326788236
36805.66313409803,29267.37697809803,46027.94819590197
36791.3114835294,29253.0253275294,46042.299846470596
36760.687200215674,29222.401044215672,46072.924129784325
36758.641886686266,29220.355730686264,46074.969443313734
36767.612798235285,29229.326642235283,46065.998531764715
36770.657543999994,29232.371387999992,46062.953786000005
36782.35085582352,29244.064699823517,46051.26047417648
36780.19416915685,29241.908013156848,46053.41716084315
36781.73222660783,29259.16189760783,46051.879103392166
36759.05414705882,29236.48381805882,46074.55718294118
36750.67660749019,29292.833753490188,46082.93472250981
36733.900204509795,29276.057350509793,46099.711125490205
36732.73843892156,29274.895584921556,46100.87289107844
36735.071776490186,29277.228922490183,46098.539553509814
36715.55020872548,29283.69987072548,46118.06112127452
36718.976815411756,29287.126477411755,46114.634514588244
36604.25008431371,29172.39974631371,46229.36124568629
36581.48400217646,29149.63366417646,46252.12732782354
36588.42955611764,29156.57921811764,46245.18177388236
36580.81378056861,29148.963442568613,46252.79754943139
36580.513043764695,29148.662705764695,46253.098286235305
36580.56694096077,29148.716602960772,46253.04438903923
36552.7522795098,29120.901941509797,46280.8590504902
36551.05563174509,29119.20529374509,46282.55569825491
36551.15279896078,29119.30246096078,46282.45853103922
36552.64019743137,29120.78985943137,46280.97113256863
36551.58581768627,29116.69012568627,46282.02551231373
36559.64935470588,29124.75366270588,46273.96197529412
36554.4209900196,29119.525298019602,46279.1903399804
36565.83340462744,29130.93771262744,46267.77792537256
36527.62556645097,29092.729874450975,46305.985763549026
36523.233066117646,29088.337374117647,46310.378263882354
36525.95922439215,29091.063532392152,46307.65210560785
36523.132443176466,29088.236751176468,46310.478886823534
36529.359465803915,29094.463773803916,46304.251864196085
36530.51889470588,29095.62320270588,46303.09243529412
36535.93471649019,29101.039024490194,46297.67661350981
36533.0413352549,29098.145643254902,46300.5699947451
36527.85493203921,29092.959240039214,46041.24983396079
36533.12474319608,29098.229051196082,46035.980022803924
36528.86530270588,29093.969610705884,46040.23946329412
36474.811797784314,29039.916105784316,46096.12770021569
36476.69091331373,29041.795221313732,46094.24858468628
36510.42365209805,29075.52796009805,46060.51584590196
36508.50538035295,29073.609688352954,46062.434117647055
36508.473854705895,29073.578162705897,46062.46564329411
36517.38365309805,29082.48796109805,46053.55584490196
36525.14198037256,29090.24628837256,46045.79751762745
36514.1133034902,29079.217611490203,46056.826194509806
36518.20079713726,29083.30510513726,46052.73870086275
36398.1411774902,28963.245485490203,46183.3532405098
36414.05622756863,28979.160535568633,46167.43819043137
36420.36998817648,28985.47429617648,46161.124429823525
36335.113516411766,28900.217824411768,46246.380901588236
36114.19522784314,28679.299535843144,46467.29919015686
36116.793046039216,28681.897354039218,46464.701371960786
36122.98008296078,28688.08439096078,46458.514335039225
36123.74575652941,28688.85006452941,46457.74866147059
36090.851172529416,28649.596004529416,46490.64324547059
36064.07418964706,28622.819021647058,46517.420228352945
36030.39366829411,28589.138500294113,46551.10074970589
36004.39768652941,28563.14251852941,46577.09673147059
36013.636378745105,28572.381210745105,46567.8580392549
35999.5810902353,28558.325922235297,46581.913327764705
35999.203316509804,28557.948148509804,46582.2911014902
35948.70060345098,28507.445435450983,46632.79381454902
35942.8840914902,28501.628923490203,46638.6103265098
35954.04702056863,28512.79185256863,46974.830860431364
35952.09960888236,28510.84444088236,46976.77827211763
35952.09960888236,28510.84444088236,46976.77827211763
35947.36987166668,28506.114703666677,46981.508009333316
35939.122283000004,28497.867115000005,46989.75559799999
35938.420321078425,28497.165153078426,46990.45755992157
35935.10097845098,28669.93883945098,46993.77690254901
35944.557606745104,28679.395467745104,46984.32027425489
35942.569267078434,28677.407128078434,46986.30861392156
35866.12704123529,28600.96490223529,47012.48923676471
35859.654940745095,28594.492801745095,47018.96133725491
35859.679616117646,28594.517477117646,47018.936661882355
35859.40260831373,28594.24046931373,47019.21366968627
35727.52283872549,28462.36069972549,47151.09343927451
35657.133633862744,28391.971494862744,47221.48264413726
35657.133633862744,28391.971494862744,47221.48264413726
35666.48489160785,28401.322752607848,47212.13138639215
35672.78368182353,28407.62154282353,47205.83259617647
35673.91700394118,28408.754864941176,47204.699274058825
35676.90936131373,28411.74722231373,47201.70691668627
35677.194575333335,28412.032436333335,47201.42170266667
35682.56327539216,28417.40113639216,47196.05300260784
35682.69809092157,28417.53595192157,47195.91818707843
35682.69809092157,28417.53595192157,47195.91818707843
35684.46961790197,28419.307478901967,47194.146660098035
35689.927561392156,28424.765422392156,47188.688716607845
35645.3230032549,28380.160864254904,47233.2932747451
35654.59201558825,28389.42987658825,47224.02426241175
35641.07722866667,28375.91508966667,47237.53904933333
35643.08071541176,28377.918576411757,47235.535562588244
35645.43020633333,28380.26806733333,47233.18607166667
35639.44996147058,28374.28782247058,47239.16631652942
35625.128670098034,28359.966531098034,47253.48760790197
35630.75112558823,28365.588986588227,47247.865152411774
35600.15999164706,28334.99785264706,47278.45628635294
34926.4246377255,27544.089006725495,39040.4458252745
34952.942752764706,27570.607121764704,39013.92771023529
34900.32149029411,27517.98585929411,39066.54897270589
34905.55918398039,28062.43180298039,39061.31127901961
34907.99842966666,28064.87104866666,39058.87203333334
34893.40215486274,28050.274773862744,39073.46830813726
34816.4353907451,27973.308009745102,39150.4350722549
34808.5904535098,27965.463072509803,39158.2800094902
34803.75022243137,27960.622841431374,39163.12024056863
34806.657535862745,27963.530154862747,39160.212927137254
34811.640251803925,27968.512870803926,39155.230211196074
34801.16478035294,27958.037399352943,39165.70568264706
34808.67061054902,27965.543229549025,39158.199852450976
34818.59942835294,27975.472047352945,39148.271034647056
34820.40227411765,27977.274893117654,39146.46818888235
34816.9780687451,27973.8506877451,39149.8923942549
34818.78737068629,27975.65998968629,39148.08309231371
34812.300632960796,27969.173251960798,39154.5698300392
34815.42982470589,27972.302443705892,39151.44063829411
34827.1268142157,27983.9994332157,39139.7436487843
34827.2497979804,27984.122416980405,39139.620665019596
34813.63585007844,27970.508469078442,39153.23461292156
34812.04843062745,27968.921049627454,39154.82203237255
34817.59196886275,27974.46458786275,39149.27849413725
34813.9868689804,27970.8594879804,39152.8835940196
34766.04176680392,27922.914385803924,39200.82869619608
34757.9236282549,27914.796247254904,39208.9468347451
34757.322664078434,27914.195283078436,39209.547798921565
34726.8076449804,27883.6802639804,39240.0628180196
34746.357029411774,27903.229648411776,39220.513433588225
34735.62821792157,27892.500836921572,39231.24224507843
34743.83647788236,27900.70909688236,39223.03398511764
34735.62428835295,27892.49690735295,39231.24617464705
34710.12425541177,27866.996874411772,39264.745641588226
34718.42027227452,27875.29289127452,39256.44962472548
34685.006948882365,27841.879567882366,39289.86294811763
34685.006948882365,27841.879567882366,39289.86294811763
34668.29662741177,27825.169246411773,39306.573269588225
34677.54412982354,27834.41674882354,39297.32576717646
34684.474172352944,27841.346791352946,39290.39572464705
34690.57397276471,27841.17097076471,39284.29592423529
34682.20403245098,27832.80103045098,39292.66586454902
34676.04276764706,27826.639765647058,39298.82712935294
34682.549315843135,27833.146313843135,39292.32058115686
34676.87362737255,27827.470625372553,39297.996269627445
34660.96930903922,27811.56630703922,39313.90058796078
34651.387281196075,27801.984279196076,39323.48261580392
34656.781584882345,27809.925220882345,39318.08831211765
34658.118706372545,27811.262342372545,39316.75119062745
34652.51763190195,27805.661267901953,39322.352265098045
34630.21328362745,27783.356919627447,39344.65661337255
34639.65394054902,27792.79757654902,39446.70377845099
34538.219671274506,27691.363307274507,39548.1380477255
34555.67369478432,27708.817330784317,39530.68402421569
34566.37262972549,27719.51626572549,39519.985089274516
34566.79315762745,27753.67591462745,39519.56456137256
34541.669152725495,27728.551909725495,39544.68856627451
34544.79134570588,27731.67410270588,39541.566373294125
34544.8091727451,27731.691929745102,39541.548546254904
34544.785124509806,27731.667881509806,39541.5725944902
34465.03301984314,27639.23220184314,39621.32469915687
34465.712453882355,27639.911635882356,39620.64526511765
34463.2025409804,27637.401722980398,39623.15517801961
34463.789197431375,27637.988379431376,39622.56852156863
34452.64851905882,27626.84770105882,39633.709199941186
34448.96867303922,27623.16785503922,39637.38904596079
34449.012930784316,27623.212112784317,39637.34478821569
34450.484217019606,27624.683399019606,39635.8735019804
34434.647110509795,27574.404645509796,39651.71060849021
34444.44152956862,27584.19906456862,39641.91618943139
34444.99652445097,27584.754059450974,39641.361194549034
34446.621509078424,27586.379044078425,39639.73620992158
34455.77807503921,27595.535610039213,39630.579643960795
34457.926512901955,27597.684047901956,39628.43120609805
34436.492027372544,27576.249562372544,39651.98182162746
34436.492027372544,27576.249562372544,39651.98182162746
34440.87080574509,27618.662455745092,39647.60304325491
34436.21764943137,27614.009299431367,39652.256199568634
34440.62509247058,27618.41674247058,39647.84875652942
34440.62509247058,27618.41674247058,39647.84875652942
34434.2943947647,27612.0860447647,39654.1794542353
34434.2943947647,27612.0860447647,39654.1794542353
34437.47234215686,27615.263992156863,39651.00150684314
34444.725573254895,27622.517223254894,39643.74827574511
34449.97893135294,27627.77058135294,39638.49491764706
34452.25253633333,27630.044186333333,39636.22131266667
34479.97274533334,27657.76439533334,39608.50110366666
34480.938907450975,27658.730557450974,39607.53494154903
34390.68183280392,27568.47348280392,39697.79201619608
34390.62025582352,27568.411905823523,39697.85359317648
34393.938999294114,27571.730649294113,39694.53484970589
34389.25251013726,27567.04416013726,39699.22133886274
34388.50198668627,27566.29363668627,39699.97186231373
34409.68056164706,27587.47221164706,39678.79328735294
34392.821538490185,27570.613188490184,39695.65231050982
34403.726741823535,27581.518391823534,39684.74710717647
34387.17768505882,27564.96933505882,39701.29616394118
34389.5882825098,27567.3799325098,39698.8855664902
34393.70025588236,27571.491905882358,39694.77359311764
34384.31915847059,27562.110808470592,39704.15469052941
34385.254254509804,27563.045904509803,39703.2195944902
34354.498404627455,27532.290054627454,39733.97544437255
34342.58752701961,27520.37917701961,39745.88632198039
34346.70397184315,27524.495621843147,39741.769877156854
34351.32365325491,27529.115303254912,39737.15019574509
34053.25711137256,27231.048761372556,40035.216737627445
34053.262904117655,27231.054554117654,40035.21094488235
34055.56515288236,27233.356802882357,40032.90869611764
34050.532118333336,27228.323768333335,40037.941730666666
34053.58349049019,27231.375140490192,40034.89035850981
34050.81426454902,27228.60591454902,40022.942070450976
34028.46451507844,27206.25616507844,40045.29181992156
34024.94615184314,27202.73780184314,40048.81018315686
34005.65732415687,27183.44897415687,40068.09901084313
34014.453197352945,27192.244847352944,40059.30313764705
34014.680009156866,27192.471659156865,40059.07632584313
34017.82299625491,27195.614646254908,40055.93333874509
34027.34538290196,27268.870611901963,40046.410952098035
33779.23743962745,27166.655980627453,40294.518895372545
33718.235067078436,27105.653608078435,40355.52126792156
33721.70690378431,27109.12544478431,40352.04943121569
33725.19516515686,27112.61370615686,40348.56116984314
33730.344271980386,27117.762812980385,40343.41206301961
33731.34799794117,27118.76653894117,40342.40833705883
33574.91025086274,26962.32879186274,40498.84608413726
33558.069804333325,26945.488345333324,40515.68653066667
33553.60426545098,26941.02280645098,40520.15206954902
33553.60426545098,26941.02280645098,40520.15206954902
33533.806699352936,26921.225240352935,40539.94963564706
33524.30051009804,26911.719051098036,40549.45582490196
33529.654676098035,26917.073217098034,40544.101658901964
33487.57530562745,26874.993846627447,40586.18102937255
33470.86524570588,26858.283786705877,40602.89108929412
33470.549235039216,26857.967776039215,40603.20709996078
33473.35785003921,26860.77639103921,40600.39848496079
33032.63487870589,26322.17854270589,41041.12145629411
33034.53515594118,26324.07881994118,41039.22117905882
33036.47869852941,26326.022362529413,41037.277636470586
33034.09253105883,26323.63619505883,41039.66380394117
33019.66220927452,26309.205873274517,41054.09412572548
33016.622240431374,26306.165904431375,41057.134094568624
32997.501522235296,26287.045186235297,41079.29743476471
32978.19808913725,26267.741753137252,41098.600867862755
32941.5146072549,26231.058271254904,39897.4113927451
32924.96901262745,26214.51267662745,39913.956987372556
32933.4208514902,26425.1631034902,39905.50514850981
32941.01378896078,26432.75604096078,39897.91221103923
32919.699247647055,26411.441499647055,39919.22675235295
32930.949111176466,26422.691363176466,39907.97688882354
32905.41059062745,26397.15284262745,39933.51540937256
32911.98880405882,26403.73105605882,39926.93719594119
32744.52914105882,26401.352616058823,40094.39685894118
32743.51017460784,26400.33364960784,40095.41582539216
32740.449996019604,26397.273471019605,40098.4760039804
32740.871256823524,26397.694731823525,40098.054743176486
32713.478717294114,26370.302192294115,40125.44728270589
32713.980739450977,26370.804214450978,40124.94526054903
32715.57202770588,26372.39550270588,40123.35397229413
32710.95512562745,26367.77860062745,40079.98374637255
32664.779116215686,26321.602591215687,40126.15975578431
32679.59534292157,26336.41881792157,40111.343529078425
32680.5221444902,26337.345619490203,40110.4167275098
32671.55604998039,26328.37952498039,39473.97596301961
32674.52523317647,26331.348708176472,39471.00677982353
32668.660120549022,26325.483595549023,39476.87189245098
32665.678331647065,26322.501806647066,39479.853681352935
32624.78812845099,26281.61160345099,39520.74388454901
32625.01729537256,26281.84077037256,39520.51471762745
32624.62281227452,26281.44628727452,39520.90920072548
32618.458474215695,26275.281949215696,39527.07353878431
32614.063124607856,26270.886599607857,39548.31734739215
32602.879803352953,26259.703278352954,39559.50066864705
32603.167198588246,26259.990673588247,39559.21327341176
32606.205866392167,26263.029341392168,39552.79046160783
32606.064942137265,26262.888417137267,39552.93138586273
32584.04687792158,26240.87035292158,39574.94945007841
32592.21493631374,26249.03841131374,39566.78139168625
32591.9128057255,26248.7362807255,39567.08352227449
32574.73696449021,26231.56043949021,39584.25936350979
32594.405470176487,26251.22894517649,39564.59085782351
32597.57588343139,26254.39935843139,39561.420444568605
32598.400298019624,26255.223773019625,39560.59602998037
32555.732550882363,26212.556025882364,39603.26377711763
32514.40432311766,26171.22779811766,39644.59200488233
32517.057565196093,26173.881040196095,39641.9387628039
32521.369122058837,26178.192597058838,39637.62720594116
32513.371675588245,26170.195150588246,39645.624652411745
32513.138568745115,26169.962043745116,39645.85775925488
32496.096525039233,26152.920000039234,39662.89980296076
32496.096525039233,26152.920000039234,39662.89980296076
32499.67852423531,26156.50199923531,39659.31780376469
32484.13556917648,26140.95904417648,39690.77562782352
32497.18004968628,26154.003524686283,39677.73114731371
32500.09638409805,26156.919859098052,39674.81481290194
32497.62308086275,26154.446555862753,39677.28811613724
32501.938840450985,26158.762315450986,39672.97235654901
32501.826186215687,26158.649661215688,39673.08501078431
32479.275512039214,26136.098987039215,39695.635684960784
32482.07765929413,26138.90113429413,39692.83353770587
32411.018766352943,26159.981918352943,39763.89243064705
32403.79805943138,26152.76121143138,39771.11313756861
32401.34809945098,26150.31125145098,39773.56309754901
32402.55281229412,26151.51596429412,39772.358384705876
32367.467591745102,26116.430743745103,39807.44360525489
32348.091230843143,26097.054382843144,39826.81996615685
32347.02815192157,26095.99130392157,39827.88304507842
32289.535653764702,26038.498805764702,39885.37554323529
32259.20599013725,26008.16914213725,39915.705206862745
32240.075828999994,25989.038980999994,39934.835368
32238.362866803913,25987.326018803913,39936.54833019608
32236.067717588234,25985.030869588234,39938.843479411764
32245.268643176467,25994.231795176467,39929.64255382353
32220.967586000002,25969.930738000003,39953.943610999995
32093.570171823525,25842.533323823525,40081.34102517647
32107.643738588235,25856.606890588235,40067.26745841176
32107.811758333333,25856.774910333334,40067.09943866666
32089.2740297451,25838.2371817451,40085.6371672549
32115.64986464706,25864.61301664706,40059.26133235294
32131.225695666664,25880.188847666665,40043.685501333326
32122.93952164706,25871.90267364706,40051.971675352936
32118.706478960783,25867.669630960783,40056.20471803921
32121.5522737451,25870.5154257451,40053.3589232549
32095.49965958824,25844.46281158824,40079.411537411754
32084.51517833334,25833.47833033334,40090.39601866665
32091.658502294114,25840.621654294115,40083.25269470588
32085.98003305883,25827.92691305883,40088.93116394116
32085.98003305883,25827.92691305883,40088.93116394116
32080.918584529412,25822.865464529412,40093.99261247058
32079.053286627448,25821.000166627447,40095.85791037255
32069.829438450975,25811.776318450975,40105.081758549015
32069.720717549015,25811.667597549014,40105.190479450976
32108.512331372545,25850.459211372545,40066.42109062745
32113.975821196083,25855.922701196083,40060.957600803915
32133.82628960784,25875.77316960784,40041.107132392164
32131.21412621568,25873.16100621568,40043.71929578432
32085.53833896079,25827.48521896079,40104.99916003921
32099.554254215695,25802.111909215695,40090.98324478431
32097.922245901962,25800.479900901963,40092.61525309803
32088.459027490204,25791.016682490204,40102.0784715098
32090.829557411766,25793.387212411766,40099.70794158823
32084.288725156857,25786.846380156858,40106.24877384314
32085.217145294115,25787.774800294115,40105.32035370589
32087.573559764707,25790.131214764708,40102.96393923529
32029.414416823536,25731.972071823537,40161.12308217646
32010.76327966667,25713.32093466667,40179.774219333325
32009.199138078427,25711.756793078428,40181.33836092157
31990.281756686276,25692.839411686276,40200.25574231372
31980.84470564707,25683.40236064707,40209.69279335293
31980.160169294122,25682.717824294123,40210.37732970588
31988.998669000004,25714.843108000005,40201.53882999999
31972.016889568637,25697.861328568637,40218.52060943136
31989.879091372557,25715.723530372557,40200.658407627445
31992.943884058826,25718.788323058827,40197.59361494117
31980.34129500001,25706.18573400001,40210.19620399999
31942.547486686286,25668.391925686286,40247.99001231371
31944.2714689804,25670.115907980402,40246.2660300196
31939.660428450992,25665.504867450993,40250.877070549
31924.497556313734,25650.341995313735,39708.40561368627
31928.569369960795,25584.381484960795,39704.33380003921
31930.42028735295,25586.23240235295,39702.482882647055
31927.552718176477,25583.364833176478,39705.35045182353
31930.38774890197,25586.19986390197,39702.51542109804
31932.243968607847,25588.056083607848,39700.65920139216
31932.525855411764,25588.337970411765,39700.377314588244
31905.51588300001,25561.32799800001,39727.38728699999
31862.279976313734,25518.092091313734,39770.623193686275
31793.307568823537,25449.119683823537,39839.595601176465
31793.90207319608,25449.71418819608,39839.00109680393
31790.54771647059,25446.359831470592,39842.35545352941
31803.571423745103,25343.094574745104,39948.8747722549
31808.042147176468,25347.56529817647,39944.40404882353
31817.25756360785,25356.780714607852,39935.18863239215
31819.068547921575,25358.591698921577,39933.37764807843
31817.374155254907,25356.89730625491,39935.0720407451
31810.008397235306,25673.264993235305,39942.4377987647
31682.245215686282,25545.50181168628,40070.20098031372
31700.000405450985,25563.257001450984,40052.44579054902
31529.23211731373,25392.48871331373,40223.21407868627
31529.67049586275,25392.927091862748,40222.77570013725
31428.590738588242,25291.84733458824,40323.85545741176
31427.999407960786,25291.256003960785,40324.44678803922
31427.32259164707,25311.35213164707,40325.123604352935
31431.606303921573,25315.635843921573,40320.83989207843
31420.596643156867,25304.626183156866,40331.84955284314
31422.075870745102,25306.105410745102,40330.3703252549
31279.937466705895,25163.967006705894,40472.50872929411
31265.485097627457,25149.514637627457,40486.96109837254
31271.093094215692,25155.12263421569,40481.35310178431
31280.672262235297,25164.701802235297,40471.77393376471
31295.760049235294,25179.789589235294,40456.68614676471
31270.33306182353,25154.36260182353,40482.11313417647
31267.722591568632,25151.75213156863,40484.723604431376
31254.43842082354,25138.46796082354,40498.00777517646
31253.397796313733,25137.427336313733,40499.048399686275
31254.067481960792,25138.09702196079,40498.37871403921
31178.247547039224,25062.277087039223,40574.19864896078
31141.829399352948,25025.858939352947,40610.61679664705
31145.9460249804,25029.9755649804,40606.50017101961
31150.582968392162,25034.61250839216,40601.86322760784
31154.725255176476,25038.754795176475,40597.72094082353
31161.78118541176,25045.81072541176,40590.66501058824
31164.147733627447,25048.177273627447,40588.29846237256
31142.099736254906,25026.129276254906,40610.346459745095
31145.39156988235,25029.42110988235,40607.05462611765
31154.01487221569,25038.044412215688,40598.431323784316
31109.329875078434,24993.359415078434,40643.116320921574
31114.079813686283,24998.109353686283,40638.36638231372
31101.502423529422,24985.53196352942,40650.94377247058
31100.546139843147,24984.575679843147,40657.72043515685
31112.19921190197,24996.22875190197,40646.06736309803
31097.660363666673,24981.689903666673,40660.60621133333
31079.77826841177,24963.80780841177,40678.48830658823
31079.269584254904,24963.299124254903,40678.9969907451
31043.719590823537,24927.749130823537,40714.546984176464
31052.05463650981,24936.08417650981,40706.21193849019
31062.29111990197,24946.32065990197,40695.97545509803
31062.420298411773,24946.449838411772,40695.84627658823
31066.97422480393,24951.00376480393,40691.292350196076
31067.35153256863,24951.38107256863,40690.91504243137
31040.257049235304,24924.286589235304,40718.0095257647
31039.78225717648,24920.532454176482,40718.48431782352
31044.524129450987,24925.274326450988,40713.74244554901
31044.663114215695,24925.413311215696,40713.6034607843
31049.455845470595,24930.206042470596,40708.8107295294
31052.436083921577,24933.186280921578,40705.83049107842
31068.05965237255,25063.268412372552,40690.20692262745
31071.108380274512,25066.317140274514,40687.15819472549
31062.855521470592,25058.064281470593,40695.41105352941
31074.388519823522,25069.597279823523,40683.87805517648
31075.377671392154,25070.586431392156,40682.88890360785
31041.04587435294,25036.254634352943,40717.220700647056
31039.338522352937,25034.547282352938,40718.92805264707
31041.79143456862,25037.00019456862,40716.47514043139
31043.319324098033,25038.528084098034,40714.94725090197
31036.449857058815,25031.658617058816,40721.81671794118
31045.51931876471,25040.72807876471,40712.74725623529
31047.637876078436,25042.846636078437,40710.628698921566
31042.629168803927,25037.83792880393,40125.951693196075
30975.850993098047,24971.05975309805,40192.72986890195
30993.596554627456,24988.805314627458,40174.98430737255
30973.40393786275,24968.61269786275,40195.17692413725
30975.960848862753,24971.169608862754,40192.620013137246
30975.960848862753,24971.169608862754,40192.620013137246
30975.388036862747,24970.59679686275,40193.19282513726
30965.198982411766,24960.407742411768,40203.38187958824
30952.029722196086,24947.238482196088,40216.551139803916
30943.462507215692,24938.671267215694,40225.11835478431
30799.937876372558,24795.14663637256,40368.64298562745
30764.31078725491,24759.519547254913,40404.27007474509
30745.580806568636,24740.789566568637,40423.00005543137
30749.002463235298,24744.2112232353,40419.5783987647
30741.47578294118,24736.68454294118,40427.10507905882
30629.415214686276,24624.623974686278,40539.16564731373
30629.29902294118,24624.507782941182,40539.28183905882
30627.628056823538,24622.83681682354,40540.952805176465
30589.919424843138,24587.11926784314,40578.661437156865
30568.416421490205,24565.616264490207,40600.1644405098
30569.61911354903,24566.818956549032,40598.96174845097
30554.20893527452,24551.40877827452,40614.37192672548
30555.977357254906,24553.177200254904,40612.6035047451
30545.221587568627,24542.421430568626,40623.35927443138
30541.950016098046,24539.14985909805,40649.14515090196
30542.328145431376,24539.52798843138,40648.76702156863
30545.551915882355,24542.751758882354,40645.54325111765
30548.077767000002,24545.277610000005,40643.017400000004
30540.782073117647,24537.98191611765,40650.31309388236
30500.596739235298,24497.7965822353,40690.49842776471
30512.937239960786,24510.137082960784,40678.157927039225
30491.489426803924,24488.689269803923,40699.605740196086
30492.12760839216,24489.327451392157,40731.51481960785
30495.44946190196,24492.649304901963,40728.192966098046
30494.20172888236,24491.401571882358,40729.44069911765
30494.20172888236,24491.401571882358,40729.44069911765
30495.081711529416,24492.281554529414,40728.56071647059
30477.104459470593,24474.30430247059,40746.53796852942
30477.104459470593,24474.30430247059,40746.53796852942
30490.238679215687,24487.438522215685,40733.403748784316
30469.794253156866,24384.831675156867,40753.84817484314
30443.53398633334,24358.57140833334,40780.10844166667
30444.52425258824,24359.56167458824,40779.11817541177
30424.42228588236,24339.45970788236,40799.22014211764
30434.776865549025,24349.814287549027,40788.865562450985
30434.089775862758,24377.81304086276,40789.55265213725
30438.223431078433,24381.946696078434,40785.41899692157
30438.154419431376,24381.877684431376,40785.48800856863
30445.725704235298,24389.448969235298,40777.916723764705
30445.842241176477,24389.565506176477,40777.80018682353
30447.25814743138,24390.98141243138,40776.38428056863
30450.562511274515,24397.662507274516,40773.07991672549
30445.743376705886,24392.843372705887,40777.89905129412
30449.239384980396,24396.339380980397,40793.2207910196
30447.39805337256,24394.49804937256,40795.06212262744
30299.49596213726,24246.595958137263,40942.96421386273
30297.663786098045,24244.763782098045,40944.79638990195
30303.790433784317,24250.89042978432,40938.66974221567
30302.972497686278,24250.07249368628,40939.487678313715
30298.28614743137,24245.38614343137,40944.174028568625
30264.42384160784,24211.52383760784,40978.03633439215
30260.283619411766,24207.383615411767,40982.17655658822
30222.054787784316,24169.154783784317,41020.40538821567
30110.40831650981,24057.50831250981,41132.05185949018
30107.986688274515,24055.086684274516,41134.47348772548
30108.107939098045,24055.207935098046,41134.35223690195
29996.055756862756,23943.155752862756,41246.40441913724
30003.546750862748,23950.64674686275,41238.913425137245
29983.98244778432,23931.082443784322,41258.47772821567
29984.391093019614,23931.491089019615,41340.666586980384
29981.844524137265,23928.944520137265,41343.21315586273
29989.175122549026,23936.275118549027,41335.88255745097
29991.670243196088,23938.77023919609,41333.38743680391
29990.9215874706,23930.4590194706,41334.1360925294
30028.724868372563,23968.262300372564,41891.86353962743
30021.907844588248,24211.80073158825,41898.68056341175
30019.29461076472,24209.187497764717,41901.29379723528
30003.484201117662,24193.37708811766,41917.10420688233
29463.300238117663,23653.193125117665,42457.28816988233
29470.456714666685,23660.349601666683,42450.131693333315
29470.589415137267,23660.482302137265,42449.99899286273
29468.363504823545,23658.256391823546,42452.22490317645
29472.50099227452,23662.393879274518,42837.92426672547
29471.27340052942,23661.16628752942,42839.15185847058
29472.812437019616,23662.70532401962,42837.61282198038
29393.216148000007,23583.10903500001,42917.20911099999
29392.835177176472,23582.728064176474,42917.590081823524
29359.497654705883,23549.390541705885,42950.92760429411
29344.61667096078,23534.50955796078,42965.80858803922
29344.804940686274,23534.697827686272,42965.620318313726
29314.332988098042,23504.22587509804,42992.82346290196
29304.869035725493,23494.76192272549,43002.287415274506
29295.152159294117,23485.045046294115,43012.00429170589
29296.41886923529,23486.311756235293,43010.73758176471
29310.652520705888,23500.54540770589,42996.503930294115
29311.89175154902,23501.78463854902,42995.264699450985
29312.9771892549,23421.3927012549,42994.1792617451
29311.03323484314,23419.44874684314,42996.92653515686
29255.031304039218,23363.446816039217,43052.92846596078
29261.61912837255,23370.03464037255,43046.34064162745
29218.022647568632,23326.43815956863,43089.937122431365
29219.639364215687,23328.054876215687,43088.32040578431
29204.262462000002,23312.677974000002,43103.697308
29162.57276756863,23270.988279568628,43145.38700243137
29149.474623588234,23257.890135588234,43158.48514641177
29153.28666837255,23261.70218037255,43154.67310162745
29155.53162535294,23263.94713735294,43152.428144647056
29112.79199182353,23221.20750382353,43195.167778176474
29129.237896450977,23237.653408450977,43178.721873549024
29128.546475235296,23236.961987235296,43179.4132947647
29074.084162431373,23182.499674431372,43233.875607568625
28901.957976117646,23010.373488117646,43406.00179388236
28902.532040607843,23010.947552607842,43405.42772939216
28677.421771941175,22785.837283941175,43746.69088905883
28687.00631719608,22795.42182919608,43737.10634380393
28686.76572552941,22795.18123752941,43737.346935470596
28582.82477770588,22691.24028970588,43841.28788329413
28586.983287352938,22695.398799352937,43837.12937364707
28584.74157329411,22693.15708529411,43839.37108770589
28593.533873745095,22701.949385745094,43830.57878725491
28540.195516588235,22648.611028588235,43883.91714441177
28539.08245219608,22647.497964196078,43885.03020880393
28534.14382768628,22642.55933968628,43889.96883331373
28512.045666098045,22620.461178098045,43912.066994901965
28518.331953196084,22626.747465196084,43905.78070780392
28507.49520256863,22615.91071456863,43916.61745843138
28521.680734980397,22585.040802980395,43902.431926019606
28490.547354156864,22553.907422156866,43933.56530684314
28496.552599823528,22559.912667823526,43927.56006117648
28491.727569215684,22555.087637215685,43932.38509178432
28491.62100849019,22554.981076490192,43932.491652509816
28474.903162372546,22538.263230372548,43949.20949862746
28447.344070921565,22510.704138921566,43976.76859007844
28450.124835117644,22497.117251117645,43973.98782588236
28446.274546823523,22493.266962823523,43977.838114176484
28441.884239313717,22488.876655313717,43982.22842168629
28441.856869784307,22488.84928578431,43982.2557912157
28439.41785064705,22486.41026664705,43984.69481035296
28420.414979627443,22467.407395627444,44003.69768137256
28433.52029717646,22480.51271317646,43990.59236382355
28399.614824941167,22446.607240941168,44024.49783605884
28404.963845450973,22451.956261450974,44019.14881554904
28406.41207074509,22453.40448674509,44017.70059025491
28412.482838058815,22459.475254058816,44195.87559194118
28417.016386294115,22457.203049294116,44191.34204370588
28418.706420627444,22458.893083627445,44189.65200937255
28420.30576911764,22460.49243211764,44188.05266088236
28419.933686941175,22460.120349941175,44188.424743058815
28413.531512156864,22453.718175156864,44194.82691784313
28412.544776117644,22452.731439117644,44195.813653882346
28417.074639666665,22457.261302666666,44191.28379033333
28419.976063843136,22460.162726843137,44188.38236615686
28424.009238980387,22464.195901980387,44184.3491910196
28425.633966823523,22465.820629823524,44182.72446317647
28426.51273029411,22466.69939329411,44181.84569970588
28420.407542745095,22460.594205745096,44187.9508872549
28390.73197382353,22594.23159582353,44217.62645617646
28392.45614639216,22595.95576839216,44215.90228360784
28400.862497411763,22604.362119411762,44207.49593258823
28404.408903960782,22607.908525960782,44203.949526039214
28402.404017000004,22605.903639000004,44205.954412999985
28405.0568724902,22608.5564944902,44203.301557509796
28404.215442803925,22607.715064803924,44204.14298719607
28410.028203392165,22613.527825392164,44198.330226607824
28389.320517764714,22592.820139764714,44219.037912235275
28389.320517764714,22592.820139764714,44219.037912235275
28236.57865817648,22440.07828017648,44371.77977182351
28243.41931478432,22446.91893678432,44364.939115215675
28215.759040176476,22414.826189176478,44392.59938982352
28216.40294027452,22415.470089274517,44391.95548972547
28219.571629196085,22418.638778196088,44388.78680080391
28214.379395137257,22500.103151137257,44393.979034862736
28214.405402098044,22500.129158098043,44393.95302790195
28211.23337913726,22496.957135137258,44397.125050862734
28170.050485764707,22455.774241764706,44438.30794423529
28150.994806568633,22436.718562568632,44457.36362343136
28151.746700411768,22437.470456411767,44456.61172958823
28131.146065549026,22416.869821549026,44477.21236445097
28110.20076627451,22395.92452227451,44498.157663725484
28108.049645392155,22396.417606392155,44542.66909360785
28109.948567019608,22398.316528019608,44540.770171980395
28112.62920237255,22400.99716337255,44538.08953662745
28108.48642829412,22396.85438929412,44542.232310705884
28111.573004549024,22399.940965549024,44539.14573445098
28104.856803000006,22393.224764000006,44545.861936
28107.97083201961,22396.33879301961,44542.747906980396
28120.167547666668,22408.535508666668,44530.55119133333
28128.72688929412,22413.11962229412,44521.99184970588
28129.448943705884,22413.841676705884,44521.26979529412
28085.768734862744,22370.161467862745,44564.95000413726
28082.873785215685,22367.266518215685,44567.84495378432
28103.656302529405,22388.049035529406,44547.0624364706
28085.045677137252,22369.438410137253,44565.67306186275
28084.11608660784,22368.50881960784,44566.60265239216
28078.194241960777,22362.586974960777,44572.52449703922
28089.347714588228,22373.74044758823,44561.371024411776
28094.876280705877,22379.269013705878,44555.84245829412
28085.281272392152,22369.674005392153,44565.43746660785
28088.5587677647,22372.951500764702,44562.159971235305
28101.910696529405,22386.303429529406,44548.8080424706
28077.72117280392,22362.11390580392,44572.997566196085
28077.955654980386,22362.348387980386,44572.76308401962
28079.393606745096,22363.786339745096,44571.325132254904
28054.42475884313,22338.817491843132,43487.21545515687
28024.88115954902,22309.27389254902,43508.94402645098
28027.78629805882,22312.179031058822,43506.03888794118
28019.29278662745,22303.685519627452,43527.137319372545
27986.8395072549,22271.2322402549,43559.5905987451
27986.3593472549,22270.7520802549,43560.0707587451
27974.42015286274,22258.812885862742,43572.009953137254
27975.555406803916,22259.948139803917,43722.13765619608
27976.76947152941,22261.16220452941,43720.92359147059
27979.864679392154,22264.257412392155,43717.82838360785
27936.420194745097,22220.812927745097,43761.272868254906
27939.249393686274,22223.642126686274,43758.443669313725
27948.88784015686,22230.73128915686,43748.80522284313
27922.64258031372,22204.48602931372,43775.050482686274
27894.42185158823,22176.26530058823,43803.27121141177
27904.29008564706,22186.13353464706,43793.40297735294
27866.436689647056,22148.280138647056,42324.92393035295
27866.626046196074,22148.469495196074,42324.73457380393
27803.051398509797,22084.894847509797,42388.30922149021
27798.63404572549,22080.47749472549,42392.72657427452
27785.951050431366,22067.794499431366,42405.40956956864
27786.792556431366,22068.636005431366,42404.568063568644
27753.014229156863,22034.857678156863,42438.346390843144
27731.306010039214,22013.149459039214,42460.05460996079
27733.979715098034,22015.823164098034,42457.38090490198
27736.988747431373,22018.832196431373,42454.371872568634
27728.822751450974,22010.666200450974,42462.53786854903
27725.885246627444,22007.728695627444,42465.47537337257
27705.88802003921,21987.73146903921,42485.4725999608
27705.88802003921,21987.73146903921,42485.4725999608
27710.843967313718,21992.687416313718,42480.51665268629
27709.010936568622,21990.854385568622,42482.349683431385
27707.56361605882,21989.40706505882,42483.79700394119
27708.163350901956,21990.006799901956,42483.19726909805
27689.237611196073,21971.081060196073,42548.690648803924
27678.453144705876,21960.296593705876,42559.475115294124
27669.249040921564,21951.092489921564,42568.67921907843
27672.52552292156,21954.36897192156,42565.40273707844
27680.71419368627,21962.55764268627,42557.214066313725
27663.239708117642,21945.083157117642,42574.688551882355
27651.935055509803,21933.778504509803,42585.993204490194
27653.552270333334,21935.395719333334,42584.37598966667
27650.899780960783,21932.743229960783,42587.02847903922
27637.26413298039,21919.10758198039,42600.66412701961
27648.50059435294,21930.34404335294,42589.42766564706
27545.04472588235,21826.88817488235,42692.883534117645
27536.574559980396,21818.418008980396,42704.51978301961
27540.823408549022,21822.666857549022,42700.27093445098
27471.838014647063,21753.681463647063,42769.256328352945
27431.524369490202,21713.367818490202,42809.5699735098
27434.044421764713,21715.887870764713,42807.04992123529
27411.245720156865,21693.089169156865,42829.84862284314
27417.68896237255,21699.53241137255,42823.40538062745
27419.0024472549,21700.8458962549,42822.09189574511
27418.679188862745,21700.522637862745,42822.415154137256
27418.404695156856,21700.248144156856,42822.689647843144
27401.061911450972,21682.90536045097,42840.03243154903
27399.4907887647,21681.3342377647,42841.603554235306
27400.48544494117,21682.32889394117,42840.60889805884
27393.77864068627,21675.62208968627,42847.31570231373
27394.99028572549,21676.83373472549,42846.10405727451
27369.548912431375,21651.392361431375,42871.54543056863
27310.603482411767,21592.446931411767,42930.49086058824
27310.603482411767,21592.446931411767,42930.49086058824
27306.21493145098,21588.05838045098,42934.879411549024
27282.00662645098,21563.85007545098,42959.087716549024
27276.793683411768,21558.637132411768,42964.30065958823
27275.12083364706,21556.96428264706,42965.973509352945
27272.37439831373,21554.21784731373,42968.71994468628
27269.172722901963,21551.016171901963,42971.921620098045
27240.111161686276,21521.954610686276,43000.98318131373
27245.555877549024,21527.399326549024,42995.53846545098
27217.099592352948,21498.943041352948,43023.994750647056
27226.705135686287,21508.548584686287,43014.38920731372
27228.538435941184,21510.381884941184,43012.47219805882
27227.43679203922,21509.28024103922,43013.57384196078
27223.061468274514,21504.904917274514,43017.94916572549
27229.41954739216,21511.518652392162,43011.59108660785
27226.24576807844,21508.34487307844,43087.60222492156
27226.24576807844,21508.34487307844,43087.60222492156
27228.222748000007,21510.32185300001,43085.625244999996
27229.23056841177,21511.329673411772,43084.61742458823
27228.33259803922,21510.43170303922,43085.391363960785
27225.661350352944,21507.760455352945,43088.06261164706
