515679.844634
121961.366332
9868.161213
8969.085080
6255.870989
5261.360394
3870.411928
3582.747984
3346.195056
2349.180012
1944.991472
1093.084150
699.885265
344.935002
292.905567
156.773962
131.018094
61.299188
37.519433
28.640897
22.803343
13.098173
9.687415
8.451169
7.759674
6.717270
6.971762
6.149288
5.715277
5.678157
5.599098
5.595748
4.820340
4.909738
5.316024
5.253308
5.241908
4.156639
3.859294
3.897197
4.000373
3.980714
3.878535
3.568228
3.417383
3.290252
3.309706
3.164219
2.948190
2.963560
2.925662
2.880788
2.775618
3.033558
2.869009
2.928772
2.938457
2.955510
2.942580
2.942580
2.881093
2.840847
3.094137
3.082835
3.239097
3.228108
3.230545
3.154443
3.246830
3.237979
3.222385
3.162613
3.128089
3.097696
3.089076
3.122558
2.974697
2.966614
2.966614
2.937990
2.937990
2.902280
2.902280
2.930883
2.903947
2.903947
2.892734
2.892734
2.892734
2.882533
3.065348
3.065348
3.004919
3.004919
3.004919
2.969550
2.969550
2.972635
2.972635
3.046276
3.067532
3.010173
3.010173
2.950140
2.949697
2.949697
2.949697
2.980654
2.995166
2.989666
2.932040
2.881307
2.877496
2.860133
2.798198
2.798198
2.798198
2.780860
2.780860
2.811644
2.785910
2.785910
2.785910
2.792136
2.719502
2.719502
2.654539
2.676030
2.676030
2.689678
2.689808
2.694232
2.694232
2.694232
2.694232
2.694058
2.694058
2.713894
2.798785
2.798785
2.798785
2.794021
2.794021
2.794021
2.794021
2.794021
2.794021
2.801198
2.801198
2.782312
2.782312
2.782312
2.782312
2.782312
2.782312
2.782312
2.782312
2.782312
2.776982
2.765208
2.765208
2.765208
2.765208
2.738894
2.711697
2.724213
2.724213
2.724213
2.739382
2.739382
2.739382
2.694951
2.694951
2.694951
2.694951
2.672830
2.672830
2.672830
2.672830
2.672830
2.874961
2.872111
2.872111
2.872111
2.914903
2.914903
3.019534
3.019534
3.019534
3.019534
3.012440
3.012440
3.012440
3.005445
3.005445
3.005445
3.005445
2.989015
3.012457
3.012412
2.856232
2.881724
3.039044
3.072743
3.072743
3.072743
3.093133
3.093133
3.093133
3.093133
3.180801
3.180801
3.180801
3.125514
3.125514
3.125514
3.125514
3.090805
3.125139
3.125139
3.125139
3.125139
3.125139
3.042011
3.030959
3.027147
3.027147
3.027147
3.027147
3.027147
3.026220
3.026220
3.026220
2.999298
2.999298
2.999298
3.002114
3.002114
3.000731
2.985174
2.985558
2.985558
2.985558
2.985558
2.985558
2.985558
2.985558
2.985558
2.985558
2.985558
2.985558
2.985558
2.985717
3.111500
3.111500
3.111500
3.106590
3.106590
3.121652
3.121652
3.664905
3.664905
3.664905
3.664905
3.664905
3.664905
3.664905
3.664905
3.664905
3.654621
3.654621
3.654172
3.654172
3.654172
3.644806
3.644806
3.644806
3.644806
3.763097
3.763097
3.763097
3.805602
3.794446
3.794446
3.765802
3.764353
3.765183
3.779511
3.779511
3.783318
3.783318
3.779437
3.766418
3.834525
3.834217
3.834217
3.834217
3.834217
3.813691
3.776308
3.776308
3.744828
3.744828
3.743701
3.746258
3.746258
3.746258
3.746258
3.740206
3.750641
3.726272
3.709128
3.709128
3.715373
3.705943
3.705943
3.705442
3.704754
3.704754
3.687176
3.687176
3.687176
3.687176
3.687176
3.687176
3.677628
3.677628
3.677628
3.677628
3.684099
3.703447
3.684955
3.664424
3.664424
3.664424
3.665848
3.699345
3.699345
3.674204
3.685769
3.685769
3.685769
3.685769
3.685769
3.687719
3.687719
3.689895
3.689895
3.675741
3.675741
3.675741
3.669379
3.669379
3.665700
3.599598
3.599598
3.675628
3.800434
3.800434
3.810481
3.808357
3.808357
3.827575
3.823453
3.824660
3.827033
3.762285
3.762285
3.706855
3.702938
3.702938
3.702938
3.702938
3.717765
3.717765
3.705701
3.683906
3.681939
3.623888
3.625378
3.625378
3.622438
3.622438
3.666689
3.666689
3.541547
3.532097
3.478454
3.480067
3.480130
3.539966
3.547135
3.547135
3.547135
3.547135
3.547135
3.536313
3.536313
3.536313
3.542693
3.535270
3.569683
3.586579
3.591822
3.749309
3.737682
3.723057
3.734826
3.734826
3.725007
3.734096
3.726771
3.736016
3.719200
3.715609
3.693729
3.693729
3.706725
3.696479
3.696479
3.702199
3.679106
3.654213
3.668707
3.633834
3.717685
3.714951
3.709616
3.709576
3.703930
3.732951
3.727535
3.783661
3.783661
3.783661
3.782548
3.985662
3.994188
3.983381
3.980818
4.080054
4.083290
4.083290
4.066301
4.058185
4.058185
4.063134
4.059306
4.186904
4.186904
4.186904
4.175742
4.175742
4.177084
4.162558
4.160585
4.148283
4.148283
4.153800
4.151670
4.151359
4.152441
4.149833
4.149833
4.147062
4.152711
4.223973
4.214366
4.217308
4.216489
4.189397
4.195506
4.225139
4.212442
4.201887
4.200512
4.192337
4.169765
4.265554
4.265578
4.224927
4.240463
4.207443
4.189608
4.168921
4.165009
4.136687
4.200451
4.199055
4.196223
4.196116
4.188835
4.188835
4.181547
4.193828
4.248040
4.235394
4.223206
4.224325
4.235081
4.211405
4.160573
4.160573
4.159435
4.158171
4.148910
4.144948
4.104036
4.115853
4.123340
4.110272
4.110272
4.110272
4.073688
4.114120
4.079671
4.048354
4.051910
4.058215
4.095001
4.082618
4.208166
4.199276
4.142238
4.143983
4.148430
4.187764
4.182813
4.142591
4.156937
4.036662
4.014819
4.030049
4.132801
4.138869
4.141493
4.127608
4.127874
4.150336
4.109492
4.127090
4.081591
4.078146
4.058047
4.119997
4.120103
4.186924
4.180437
4.138351
4.138351
4.138145
4.118160
4.090293
4.034456
4.001038
3.970396
3.997157
3.997157
3.998082
3.975899
3.980904
3.898752
3.869814
3.899330
3.877370
4.277540
4.277540
4.259963
4.242312
4.184054
4.175276
4.178770
4.186648
4.186648
4.183623
4.195516
4.138025
4.132781
4.190082
4.317157
4.302486
4.303419
4.275488
4.308326
4.308312
4.311272
4.250438
4.317023
4.280250
4.281300
4.281300
4.291784
4.438154
4.407896
4.399045
4.387870
4.393398
4.370242
4.368761
4.364834
4.360045
4.362120
4.362120
4.362120
4.363571
4.359631
4.346118
4.325465
4.326298
4.313914
4.316193
4.323279
4.331015
4.272959
4.281226
4.281226
4.265343
4.265343
4.245967
4.254160
4.259350
4.261447
4.346022
4.345401
4.360344
4.357489
4.364745
4.364745
4.364745
4.363645
4.359255
4.340788
4.340788
4.372324
4.369919
4.257687
4.257341
4.257341
4.257065
4.243982
4.243982
4.187828
4.187828
4.183986
4.182636
4.182685
4.180174
4.197220
4.198918
4.187885
4.157966
4.156834
4.155965
4.131433
4.147732
4.126190
4.140839
4.162179
4.168193
4.157325
4.156765
4.156765
4.156765
4.154468
4.154468
4.154468
4.155505
4.175920
4.178551
4.178553
4.100588
4.100736
4.091642
4.089512
4.110987
4.110178
4.105083
4.105741
4.074301
4.069864
4.071932
4.104926
4.123446
4.123446
4.114212
4.113511
4.126042
4.140931
4.140931
4.164292
4.152803
4.152847
4.151980
4.175040
4.170728
4.173297
4.173297
4.221251
4.218736
4.219122
4.223266
4.232819
4.232819
4.213817
4.213817
4.219887
4.238034
4.247426
4.237294
4.208280
4.208280
4.208380
4.186836
4.186836
4.186836
4.186836
4.186836
4.190554
4.205178
4.205178
4.205400
4.205400
4.203892
4.201938
4.201938
4.211868
4.220814
4.219257
4.215019
4.221090
4.227720
4.225358
4.226505
4.226505
4.214220
4.214560
4.199742
4.209084
4.158247
4.161078
4.155277
4.155048
4.143419
4.122468
4.122468
4.112112
4.112067
4.104556
4.104233
4.105223
4.121488
4.159594
4.160652
4.152830
4.165330
4.175403
4.175403
4.175367
4.182409
4.162178
4.179853
4.210492
4.215588
4.221081
4.220708
4.227966
4.220980
4.220980
4.218050
4.208051
4.203022
4.246317
4.210621
4.210083
4.209106
4.209749
4.213652
4.212400
4.199430
4.181377
4.192197
4.192091
4.171461
4.170916
4.173744
4.172560
4.126613
4.125503
4.071066
4.068889
4.087809
4.085935
4.053735
4.069785
4.069752
4.068987
4.073857
4.071750
4.054044
4.038601
4.046255
4.018880
4.042652
4.039970
4.039412
4.047298
4.042992
4.042992
4.043889
4.043122
4.020169
4.020554
4.024196
4.069044
4.068848
4.070244
4.070244
4.078389
4.078389
4.078241
4.087260
4.087260
4.087925
4.060264
4.198149
4.198403
4.197433
4.203281
4.205925
4.212211
4.275242
4.272712
4.237257
4.318693
4.316749
4.324580
4.328221
4.328221
4.328232
4.328232
4.375694
4.375519
4.366398
4.356059
4.356327
4.360737
4.362869
4.362869
4.335293
4.331963
4.330895
4.328181
4.330186
4.330186
4.325369
4.454291
4.413706
4.388060
4.387720
4.385149
4.385143
4.385917
4.380174
4.370802
4.369807
4.348479
4.348078
4.327148
4.327148
4.320467
4.322088
4.314681
4.314681
4.314681
4.315472
4.314582
4.312896
4.313090
4.356861
4.354137
4.342917
4.339222
4.336718
4.347213
4.348087
4.365519
4.365519
4.378465
4.383900
4.396595
4.433417
4.433417
4.433417
4.458520
4.476702
4.476210
4.476364
4.483229
4.490883
4.490883
4.491181
4.494487
4.477382
4.513650
4.513653
4.516375
4.522626
4.496926
4.489406
4.490618
4.493121
4.487675
4.487675
4.487807
4.485231
4.484495
4.484606
4.565852
4.585206
4.585206
4.585175
4.585175
4.633073
4.633268
4.637146
4.637146
4.643627
4.642961
4.647403
4.643925
4.643925
4.644653
4.641932
4.641932
4.641813
4.642323
4.616941
4.617218
4.592518
4.592518
4.588169
4.577973
4.581749
4.584104
4.584104
4.587684
4.587684
4.587264
4.606396
4.606396
4.606396
4.594435
4.578815
4.570803
4.542521
4.540883
4.540883
4.541966
4.588882
4.588881
4.608921
4.609155
4.608988
4.599618
4.596114
4.596114
4.598586
4.605384
4.676571
4.692519
4.692557
4.713150
4.713150
4.713606
4.767253
4.767253
4.767184
4.767184
4.767610
4.759116
4.762167
4.763757
4.770698
4.799697
4.789440
4.818923
4.820180
4.807417
4.811415
4.811406
4.817733
4.800882
4.800882
4.809338
4.808809
4.808809
4.808809
4.808200
4.807995
4.807995
4.815691
4.800541
4.800255
4.816207
4.816207
4.813469
4.814533
4.815652
4.815606
4.816556
4.812756
4.816244
4.815781
4.815781
4.815781
4.820583
4.826323
4.831650
4.831650
4.831650
4.836957
4.839453
4.841822
4.841264
4.837998
4.831920
4.829182
4.829354
4.827978
4.827978
4.865593
4.917057
4.917057
4.920942
4.921130
4.923347
4.920929
4.926034
4.928820
4.928820
4.932033
4.921186
4.921186
4.930072
4.930256
4.930256
4.931595
4.934968
4.935289
4.932737
4.941905
4.945814
4.945814
4.934982
4.934163
4.934176
4.934246
4.922077
4.922331
4.918338
4.918338
4.912207
4.912170
4.912170
4.914479
4.917320
4.911949
4.910823
4.907835
4.907835
4.905259
4.910962
4.912066
4.910772
4.928143
4.928510
4.928414
4.928517
4.925711
4.925854
4.901768
4.898203
4.895454
4.895454
4.896430
4.896859
4.896859
4.891140
4.890856
4.890856
4.891436
4.891436
4.887067
4.886281
4.909998
4.909819
4.911498
4.911498
4.915400
4.916886
4.916274
4.912231
4.906112
4.903481
4.911806
4.913904
4.913904
4.886747
4.886747
4.886382
4.886220
4.886228
4.886228
4.886228
4.863627
4.865466
4.899528
4.897302
4.897845
4.899069
4.899069
4.907954
4.907026
4.908452
4.910527
4.902170
4.902185
4.902539
4.902385
4.902357
4.903568
4.903571
4.903100
4.907744
4.926744
4.917637
4.917775
4.917661
4.920745
4.925050
4.924732
4.925129
4.917823
4.916450
4.916450
4.951495
4.942515
4.945992
4.945992
4.941329
4.943185
4.959092
4.953699
4.953799
4.952902
4.976548
4.974712
4.974916
4.973932
4.982088
4.981538
4.988473
4.988473
4.988472
4.988288
4.980915
4.978548
4.979407
4.978973
4.986690
4.985394
4.985334
4.986517
4.991411
4.990916
4.987018
4.987018
4.987018
4.984943
4.990295
4.991758
4.989917
4.990698
4.990728
4.990745
4.993086
4.993084
4.998253
4.998442
5.001218
4.993713
4.993070
4.993070
5.000173
5.016511
5.020164
5.020164
5.020610
5.024756
5.025124
5.025255
5.017736
5.013679
5.013037
5.013037
5.050783
5.050783
5.053455
5.053455
5.005366
4.995653
4.995653
4.994677
5.014401
5.044011
5.044922
5.048227
5.045790
5.045701
5.044122
5.061810
5.051116
5.055495
5.055495
5.055495
5.054750
5.057229
5.057229
5.047071
5.047071
5.051916
5.051824
5.051793
5.051659
5.050846
5.050705
5.051074
5.050929
5.050929
5.050929
5.050929
5.050929
5.048105
5.046459
5.037484
5.037297
5.037297
5.049425
5.049425
5.049425
5.042715
5.043656
5.045025
5.045179
5.045179
5.046501
5.046695
5.046515
5.071903
5.073352
5.078263
5.078578
5.078578
5.075522
5.075160
5.073511
5.071655
5.071600
5.072177
5.074460
5.077603
5.082006
5.082006
5.082006
5.080324
5.080173
5.080148
5.080230
5.075479
5.075479
5.075479
5.077457
5.078069
5.078480
5.081574
5.081363
5.079855
5.079855
5.078714
5.078714
5.075979
5.075839
5.074984
5.045465
5.049004
5.049004
5.041721
5.041721
5.041908
5.041201
5.042602
5.019298
5.025453
5.031290
5.031290
5.030785
5.030780
5.029063
5.027048
5.027036
5.027082
5.026400
5.027405
5.027404
5.023848
5.023848
5.022231
5.022277
5.022761
5.025411
5.022666
5.023024
5.022346
4.958450
4.958689
4.958005
4.958697
4.961024
4.961024
4.962913
4.962913
4.963594
4.967003
4.967003
4.965314
4.964694
4.964415
4.964928
4.972859
4.972910
4.975164
4.975103
4.974237
4.973900
4.973943
4.972891
4.974762
4.966940
4.963611
4.963611
4.963611
4.961597
4.961597
4.955710
4.962998
4.962998
4.965394
4.966277
4.966976
4.966767
4.964910
4.966364
4.966746
4.966598
4.963309
4.966144
4.975232
4.975257
4.975144
4.975056
4.966634
4.966634
4.964703
4.964343
4.964343
4.963844
4.963504
4.968972
4.968972
4.970426
4.970173
4.970173
4.966845
4.965778
4.967553
4.967553
4.966269
4.965800
4.967085
4.967085
4.967085
4.966687
4.966225
4.962121
4.962121
4.961971
4.958107
4.963619
4.984375
4.985404
4.984196
4.987753
4.996432
4.991584
4.991251
4.991251
4.990651
4.991773
4.991016
4.991016
4.990959
4.990959
4.990399
4.992189
4.986083
4.987314
4.988738
4.988263
4.987783
4.986748
4.986921
4.986921
4.986595
4.986695
4.986695
4.989302
4.983928
4.984789
4.976553
4.976553
4.977690
4.977690
4.980478
4.981433
4.981409
4.978349
4.984014
4.984014
4.983889
4.983889
4.983889
4.983653
4.983653
4.983653
4.986894
4.986392
4.986307
4.986429
5.013062
5.012751
5.013370
5.011885
5.010966
5.026221
5.026216
5.026216
5.026216
5.025961
5.031769
5.003700
5.003744
5.004292
5.004330
5.004445
5.004176
5.005272
5.005272
5.005222
5.006078
5.006078
5.012634
5.012634
5.020240
5.020240
5.020469
5.020489
5.021273
5.021273
5.021273
5.022924
5.022924
5.026400
5.026507
5.022951
5.022287
5.025615
5.025615
5.025224
5.025224
5.023729
5.024286
5.023742
5.023237
5.023268
5.023268
5.023268
5.023268
5.022617
5.022480
5.022317
5.025949
5.025276
5.025232
5.025232
5.025529
5.025775
5.036606
5.037622
5.037632
5.129673
5.129673
5.129344
5.129348
5.128959
5.121180
5.124574
5.124425
5.117903
5.113631
5.107164
5.110693
5.109880
5.109880
5.109330
5.110368
5.110405
5.110608
5.109729
5.109706
5.109706
5.108334
5.108529
5.109818
5.109818
5.112426
5.123376
5.123120
5.123120
5.123120
5.123053
5.123053
5.123053
5.125558
5.123567
5.123689
5.122268
5.122449
5.122449
5.126211
5.127438
5.127438
5.127932
5.129235
5.129235
5.139560
5.138941
5.138941
5.136884
5.136109
5.086122
5.088570
5.089478
5.089478
5.089985
5.089215
5.089215
5.089486
5.089486
5.089457
5.089394
5.089394
5.089394
5.089394
5.089738
5.089533
5.089632
5.088934
5.091680
5.088294
5.088294
5.094716
5.094598
5.094598
5.094598
5.093387
5.092383
5.133229
5.128491
5.128182
5.132441
5.140510
5.140648
5.143387
5.143387
5.143387
5.143349
5.143389
5.143389
5.142101
5.142349
5.136344
5.136344
5.136460
5.142979
5.145401
5.143685
5.144529
5.145103
5.142212
5.138030
5.137553
5.135293
5.135293
5.134735
5.135149
5.135149
5.136039
5.181332
5.181332
5.178313
5.176317
5.176317
5.163901
5.163464
5.162803
5.154377
5.155924
5.155935
5.155838
5.155838
5.156784
5.159396
5.158673
5.158243
5.158243
5.158423
5.158510
5.158510
5.158590
5.166980
5.166798
5.170516
5.170633
5.157209
5.157129
5.159986
5.159986
5.168154
5.189932
5.189932
5.189814
5.188499
5.188894
5.188977
5.188540
5.190396
5.200349
5.200296
5.198603
5.197999
5.199395
5.198009
5.198005
5.198005
5.198040
5.197271
5.199929
5.199502
5.200340
5.205132
5.207488
5.207488
5.207488
5.207443
5.206473
5.206473
5.206493
5.206633
5.205887
5.205887
5.202014
5.202570
5.202455
5.203916
5.203916
5.206090
5.206122
5.208444
5.206297
5.206297
5.206297
5.206297
5.204004
5.204004
5.204004
5.202334
5.202334
5.201197
5.196854
5.189694
5.189643
5.183013
5.182997
5.182590
5.182590
5.181843
5.182579
5.182578
5.182578
5.182534
5.182534
5.182722
5.181080
5.183085
5.182952
5.292637
5.292637
5.292637
5.293676
5.296423
5.296423
5.303731
5.303738
5.299223
5.299223
5.309062
5.307869
5.307577
5.307328
5.307433
5.307433
5.307163
5.307163
5.307163
5.305484
5.304739
5.307264
5.307264
5.307545
5.307115
5.307742
5.307742
5.306792
5.304739
5.298520
5.298087
5.296866
5.296233
5.296233
5.295772
5.295740
5.295499
5.297087
5.296408
5.299153
5.299153
5.299153
5.298022
5.298048
5.298048
5.298048
5.298046
5.298637
5.298044
5.298044
5.298824
5.299063
5.299063
5.299063
5.300614
5.300964
5.300971
5.296393
5.296393
5.296393
5.296393
5.296432
5.295709
5.297108
5.297104
5.297995
5.298652
5.298637
5.299840
5.299755
5.298772
5.304891
5.304891
5.303917
5.303917
5.303921
5.304528
5.305720
5.305254
5.305537
5.303916
5.296549
5.295520
5.294415
5.294381
5.293848
5.292804
5.290121
5.290140
5.289629
5.289557
5.289557
5.288623
5.288355
5.289722
5.290238
5.308154
5.307505
5.307505
5.307505
5.307732
5.308346
5.314064
5.315808
5.315808
5.315808
5.314571
5.314869
5.315060
5.309998
5.307251
5.307251
5.307728
5.307785
5.307785
5.307785
5.307241
5.303010
5.313447
5.313447
5.313447
5.327082
5.331377
5.349149
5.351401
5.350462
5.350806
5.350832
5.351452
5.351542
5.351791
5.352699
5.349184
5.353481
5.353474
5.353474
5.353474
5.348525
5.348525
5.348784
5.355037
5.354614
5.354601
5.352533
5.357664
5.357286
5.354899
5.354899
5.354401
5.369495
5.368812
5.366491
5.366491
5.363378
5.363378
5.363378
5.360098
5.360098
5.361262
5.361262
5.359147
5.359147
5.358800
5.358800
5.358800
5.354788
5.354787
5.354787
5.354787
5.354787
5.355234
5.355685
5.353965
5.353832
5.353203
5.349780
5.349780
5.349930
5.351023
5.352199
5.348425
5.348794
5.367158
5.367158
5.362015
5.361954
5.361601
5.361601
5.361154
5.360870
5.360252
5.360251
5.360287
5.359970
5.358706
5.361243
5.361028
5.361133
5.361133
5.360635
5.363614
5.362224
5.359870
5.359870
5.359693
5.360113
5.360123
5.360123
5.360123
5.358582
5.357234
5.357234
5.357234
5.358032
5.358039
5.358039
5.357820
5.358036
5.358670
5.358670
5.358904
5.358904
5.360314
5.368037
5.369495
5.377202
5.377202
5.377202
5.377202
5.377118
5.379550
5.379550
5.379588
5.379336
5.379336
5.378143
5.378143
5.378072
5.378095
5.379071
5.397063
5.373373
5.373531
5.373535
5.373535
5.373535
5.373420
5.375257
5.375257
5.375257
5.374561
5.374561
5.375115
5.373047
5.373213
5.372526
5.374410
5.374582
5.372811
5.372811
5.374093
5.372257
5.372185
5.370301
5.372829
5.370379
5.371391
5.373384
5.372316
5.372030
5.372178
5.372178
5.372178
5.371275
5.371278
5.371278
5.371028
5.371028
5.381548
5.381434
5.381292
5.381924
5.381924
5.381623
5.381623
5.381602
5.381005
5.381756
5.380938
5.380938
5.380942
5.381195
5.343479
5.320375
5.319536
5.314771
5.314771
5.314771
5.310078
5.310078
5.312497
5.312483
5.312483
5.312406
5.312422
5.312770
5.342570
5.342570
5.342570
5.340256
5.342892
5.298879
5.298468
5.278941
5.278941
5.278941
5.279234
5.278403
5.278403
5.278132
5.278170
5.274882
5.275000
5.280505
5.275883
5.278985
5.278985
5.279588
5.272228
5.272228
5.272350
5.277088
5.276998
5.276998
5.277121
5.277119
5.273459
5.273311
5.273851
5.273739
5.273739
5.275634
5.283618
5.283618
5.269204
5.268606
5.266745
5.266745
5.279482
5.279673
5.280774
5.280729
5.280487
5.280350
5.281312
5.281264
5.283340
5.273875
5.273331
5.272833
5.272652
5.271231
5.271514
5.271499
5.269813
5.269813
5.269813
5.269813
5.269813
5.269854
5.269744
5.269744
5.269489
5.258685
5.262382
5.264784
5.264784
5.264685
5.264611
5.264939
5.264939
5.263246
5.263162
5.263237
5.261068
5.261068
5.261068
5.261068
5.260384
5.260384
5.260378
5.300172
5.300172
5.300172
5.291136
5.291166
5.289701
5.290871
5.290791
5.290791
5.290791
5.280102
5.252679
5.251876
5.247449
5.245037
5.244745
5.244679
5.244592
5.244681
5.244813
5.231672
5.241195
5.239697
5.239967
5.240046
5.240046
5.240046
5.240046
5.240046
5.239977
5.239977
5.239166
5.239166
5.239166
5.232594
5.232252
5.232252
5.232252
5.232889
5.232889
5.237966
5.237966
5.237966
5.237966
5.238669
5.235162
5.235714
5.235714
5.235714
5.207186
5.206834
5.206656
5.205887
5.205887
5.205887
5.206367
5.203188
5.203181
5.203181
5.202144
5.196978
5.196505
5.196513
5.186552
5.186750
5.186750
5.184659
5.184659
5.184545
5.192795
5.192795
5.192795
5.193830
5.192507
5.192417
5.192358
5.192358
5.192618
5.193162
5.193162
5.193622
5.195284
5.165500
5.165500
5.165598
5.165598
5.165849
5.165849
5.168322
5.168322
5.168503
5.167693
5.167692
5.168991
5.168991
5.168991
5.168991
5.168085
5.168085
5.168085
5.167984
5.166262
5.166190
5.166190
5.167553
5.167544
5.167545
5.165754
5.165754
5.165806
5.163303
5.163303
5.163094
5.163542
5.159169
5.159220
5.159915
5.159915
5.159895
5.159895
5.158346
5.158346
5.163359
5.163359
5.163359
5.162186
5.161695
5.161626
5.161626
5.161615
5.161615
5.163587
5.163587
5.165330
5.163922
5.163276
5.163898
5.164086
5.164102
5.164098
5.164098
5.164097
5.171786
5.171250
5.168779
5.168779
5.168779
5.168337
5.168337
5.170244
5.168715
5.168193
5.168193
5.168191
5.168191
5.168191
5.171226
5.172089
5.172089
5.172089
5.172753
5.172746
5.173882
5.172167
5.172087
5.171238
5.171226
5.171226
5.171226
5.170899
5.170899
5.170456
5.167341
5.167341
5.170032
5.170032
5.169933
5.169842
5.169861
5.170431
5.173565
5.173491
5.173491
5.178671
5.178670
5.178670
5.178670
5.180215
5.180215
5.179702
5.179702
5.180805
5.182094
5.182094
5.181957
5.182948
5.180865
5.177820
5.177820
5.177798
5.177734
5.179239
5.178878
5.178878
5.178878
5.178878
5.178656
5.178656
5.178656
5.181817
5.181817
5.181782
5.181703
5.181662
5.181962
5.181962
5.191722
5.191722
5.191722
5.191408
5.191408
5.191408
5.191408
5.192354
5.192476
5.193871
5.194031
5.194031
5.194031
5.189325
5.189860
5.189796
5.189817
5.189817
5.189817
5.189817
5.188272
5.188272
5.188567
5.188562
5.181270
5.181270
5.186334
5.185589
5.185589
5.185742
5.185310
5.185343
5.185477
5.185868
5.185868
5.185868
5.185868
5.188517
5.193689
5.193847
5.193933
5.197631
5.194812
5.194776
5.194378
5.195558
5.195558
5.197672
5.197672
5.197822
5.197418
5.191500
5.191500
5.190090
5.186129
5.186123
5.186228
5.186228
5.185930
5.189680
5.188903
5.188638
5.188638
5.188122
5.178767
5.174572
5.185782
5.188104
5.188476
5.188650
5.188007
5.187369
5.187369
5.187369
5.187369
5.187650
5.187460
5.187677
5.187677
5.186538
5.186538
5.187265
5.187265
5.187638
5.187729
5.187729
5.187729
5.188077
5.186626
5.186398
5.187165
5.187165
5.187390
5.187390
5.185749
5.185749
5.184534
5.184534
5.184576
5.184570
5.184850
5.184313
5.184161
5.184087
5.183451
5.183360
5.183103
5.183359
5.183654
5.183714
5.183190
5.183165
5.182886
5.182920
5.186206
5.188036
5.192626
5.192626
5.192626
5.192183
5.192184
5.192184
5.191931
5.192274
5.189557
5.188864
5.188842
5.189004
5.189004
5.188591
5.189387
5.189415
5.187897
5.187843
5.187843
5.187843
5.187843
5.188085
5.188085
5.188176
5.184821
5.184821
5.184766
5.185145
5.185142
5.185090
5.185312
5.185344
5.185627
5.185627
5.185627
5.185813
5.185813
5.183071
5.183071
5.183545
5.183545
5.183035
5.183598
5.184113
5.184439
5.184370
5.184280
5.184275
5.198884
5.198535
5.198535
5.199281
5.201868
5.200548
5.200548
5.198267
5.197677
5.198490
5.198597
5.197525
5.197525
5.200530
5.200530
5.200530
5.200530
5.200173
5.200173
5.200173
5.200403
5.199283
5.199283
5.199283
5.199283
5.198836
5.198883
5.199059
5.199252
5.199252
5.199149
5.199721
5.199721
5.200649
5.200649
5.201244
5.201481
5.201481
5.201481
5.201481
5.204117
5.202985
5.202985
5.202992
5.202992
5.203408
5.203408
5.203408
5.205001
5.205799
5.205799
5.205918
5.206028
5.206028
5.206028
5.206475
5.206552
5.205859
5.205859
5.204394
5.202769
5.202066
5.202066
5.203709
5.223267
5.222937
5.222706
5.222900
5.222900
5.222936
5.222936
5.222936
5.222910
5.224433
5.224356
5.223070
5.223070
5.226324
5.226167
5.242345
5.239575
5.239768
5.239852
5.239852
5.239848
5.240157
5.240119
5.240119
5.240360
5.241632
5.241631
5.240527
5.241853
5.242265
5.242322
5.241708
5.241686
5.241686
5.243791
5.243997
5.249488
5.249488
5.249430
5.249430
5.248042
5.248029
5.248029
5.251399
5.251422
5.251422
5.251422
5.250666
5.250666
5.250577
5.250579
5.250579
5.248950
5.248950
5.247630
5.247938
5.248137
5.248137
5.249483
5.249142
5.249268
5.249201
5.249201
5.249028
5.249028
5.241343
5.241030
5.241225
5.241225
5.243461
5.243321
5.245991
5.245991
5.245862
5.245862
5.245862
5.243408
5.243406
5.243406
5.244549
5.244599
5.244572
5.246174
5.246166
5.246166
5.248472
5.248472
5.248472
5.248354
5.248327
5.249299
5.249299
5.249539
5.251475
5.250992
5.250992
5.250992
5.250992
5.251010
5.253698
5.258582
5.258647
5.258647
5.261380
5.261380
5.261380
5.261380
5.262533
5.262533
5.263101
5.264652
5.264509
5.265295
5.265195
5.265130
5.271498
5.272211
5.272884
5.273387
5.273387
5.273384
5.273384
5.274191
5.274191
5.273721
5.273721
5.273721
5.273721
5.273260
5.273260
5.272957
5.272957
5.272679
5.272679
5.272740
5.272705
5.272705
5.272822
5.272572
5.272581
5.272581
5.272193
5.272290
5.272290
5.260337
5.260543
5.260543
5.260653
5.260636
5.263247
5.263247
5.263289
5.259780
5.259901
5.260304
5.260291
5.260517
5.259721
5.259525
5.259525
5.259326
5.259123
5.259123
5.264026
5.264019
5.264019
5.264019
5.263567
5.263511
5.263511
5.270771
5.270619
5.270906
5.270873
5.269277
5.269277
5.269277
5.269277
5.269291
5.269775
5.268381
5.268381
5.268283
5.267360
5.267360
5.271316
5.273187
5.272989
5.273361
5.277751
5.280239
5.280515
5.280515
5.283043
5.283041
5.283041
5.283041
5.283041
5.282744
5.282744
5.282782
5.282782
5.283347
5.284453
5.284453
5.284453
5.284183
5.284183
5.284183
5.284183
5.284183
5.287713
5.287684
5.289408
5.289408
5.288973
5.290693
5.291387
5.290475
5.290475
5.290632
5.290629
5.290629
5.290627
5.294770
5.294770
5.294763
5.297340
5.297358
5.297371
5.297371
5.297335
5.297335
5.296681
5.296681
5.296681
5.295650
5.294889
5.294889
5.296357
5.296377
5.295416
5.296032
5.296032
5.297402
5.297402
5.296800
5.297906
5.297962
5.297962
5.297962
5.297962
5.297962
5.297962
5.297962
5.297962
5.297666
5.297666
5.296574
5.297134
5.298495
5.299159
5.299466
5.299121
5.299117
5.299117
5.301466
5.301466
5.301466
5.302817
5.303112
5.303112
5.303255
5.303232
5.303232
5.303175
5.303175
5.302347
5.299822
5.299822
5.299822
5.300257
5.300257
5.300257
5.300257
5.274499
5.274592
5.274592
5.274562
5.274660
5.274660
5.274660
5.274626
5.274626
5.273596
5.274825
5.274825
5.274388
5.274388
5.274388
5.274388
5.277051
5.277051
5.276899
5.276842
5.276838
5.279805
5.279805
5.279785
5.281410
5.287728
5.287646
5.289515
5.289524
5.289488
5.289465
5.288693
5.292013
5.292003
5.292045
5.292039
5.292272
5.292200
5.293062
5.296642
5.296495
5.296495
5.297580
5.297580
5.297500
5.297666
5.296955
5.297005
5.297005
5.296657
5.296657
5.296620
5.296620
5.294496
5.294496
5.301705
5.301705
5.301705
5.301705
5.301705
5.301648
5.302085
5.302085
5.302085
5.302085
5.302527
5.302692
5.303592
5.303695
5.303562
5.303307
5.303106
5.303106
5.302366
5.302366
5.302366
5.302351
5.302104
5.302104
5.302104
5.302104
5.302143
5.302520
5.301035
5.301431
5.301431
5.302151
5.302033
5.302508
5.302442
5.302977
5.302530
5.302477
5.302477
5.302282
5.302282
5.303538
5.303458
5.303989
5.303989
5.303989
5.304058
5.304058
5.305894
5.305876
5.305876
5.305876
5.306325
5.306307
5.306299
5.306299
5.306222
5.307863
5.307863
5.307863
5.307903
5.307888
5.307888
5.307767
5.307879
5.307851
5.307986
5.307986
5.307986
5.307986
5.308255
5.307520
5.307512
5.308252
5.309590
5.309717
5.309791
5.311307
5.310663
5.310695
5.310695
5.310695
5.310724
5.310748
5.310748
5.312253
5.312253
5.312204
5.311758
5.312567
5.312281
5.312382
5.312382
5.311667
5.312697
5.311238
5.311238
5.311238
5.311238
5.311238
5.311238
5.311249
5.311290
5.311090
5.311091
5.311768
5.311810
5.311725
5.311729
5.311601
5.311675
5.311675
5.311090
5.311089
5.308802
5.308802
5.308802
5.308802
5.308802
5.309200
5.309200
5.309295
5.309615
5.309615
5.309034
5.309056
5.309213
5.309213
5.309097
5.309097
5.308542
5.308064
5.307696
5.308587
5.308587
5.308587
5.308587
5.308587
5.308356
5.308028
5.308028
5.307424
5.306832
5.306512
5.306512
5.306467
5.306467
5.306934
5.307377
5.307377
5.308185
5.306525
5.306755
5.306702
5.310329
5.310613
5.310507
5.309915
5.309860
5.309822
5.309822
5.309822
5.309822
5.309822
5.310618
5.311194
5.310180
5.310260
5.310241
5.311256
5.311256
5.313265
5.313265
5.313265
5.313293
5.313293
5.313293
5.313202
5.313202
5.313392
5.313451
5.313379
5.313379
5.313656
5.313656
5.313390
5.313387
5.313308
5.313339
5.313361
5.313182
5.313182
5.313413
5.313152
5.313152
5.312888
5.313025
5.313750
5.313770
5.313770
5.307933
5.307933
5.307972
5.307728
5.307728
5.308275
5.308750
5.308750
5.308870
5.308930
5.308826
5.308028
5.307988
5.308396
5.308386
5.308386
5.308386
5.308386
5.308355
5.308355
5.308355
5.307825
5.307809
5.307815
5.307787
5.307737
5.307751
5.307751
5.307751
5.307742
5.307742
5.307698
5.307698
5.307659
5.307659
5.307318
5.306914
5.306895
5.306895
5.306895
5.306898
5.306708
5.306708
5.306708
5.306754
5.306754
5.306754
5.306693
5.306483
5.306483
5.301591
5.300258
5.300256
5.300256
5.300256
5.300256
5.300256
5.301666
5.301619
5.301619
5.301505
5.299680
5.299621
5.299621
5.299940
5.299940
5.299940
5.300062
5.300089
5.299722
5.299722
5.299010
5.299763
5.299527
5.301904
5.301904
5.301077
5.300442
5.300442
5.300405
5.300405
5.300405
5.300103
5.299822
5.299822
5.300400
5.300470
5.300470
5.300231
5.300231
5.300231
5.300231
5.300117
5.300117
5.299816
5.299931
5.299960
5.301134
5.301998
5.301998
5.301998
5.301998
5.301998
5.302289
5.303062
5.286502
5.286502
5.286249
5.287570
5.287570
5.288437
5.288437
5.288424
5.290174
5.289535
5.289542
5.289620
5.289616
5.293246
5.292773
5.294514
5.294605
5.294605
5.294605
5.295215
5.295054
5.295113
5.295113
5.294372
5.294284
5.293407
5.293457
5.293457
5.293463
5.293471
5.293638
5.296533
5.295114
5.295114
5.295114
5.294989
5.294989
5.294989
5.294989
5.292572
5.294221
5.294214
5.294370
5.294370
5.286169
5.285699
5.284201
5.284257
5.284219
5.284219
5.282330
5.282280
5.282280
5.282280
5.280946
5.280846
5.280694
5.280694
5.280538
5.280538
5.280535
5.280639
5.280639
5.280726
5.280726
5.280726
5.276368
5.276368
5.275757
5.275757
5.275757
5.275747
5.275747
5.275747
5.275747
5.275695
5.275695
5.275120
5.275120
5.274835
5.274830
5.274751
5.274490
5.273891
5.273891
5.273057
5.273071
5.270804
5.272107
5.271965
5.271965
5.271967
5.271967
5.272274
5.272970
5.273201
5.273201
5.273201
5.273195
5.275867
5.275860
5.276371
5.276401
5.276401
5.276396
5.276935
5.276967
5.277461
5.277461
5.277461
5.277193
5.278890
5.278879
5.278965
5.278682
5.278650
5.278887
5.278987
5.278987
5.279484
5.279484
5.279484
5.279733
5.279728
5.279728
5.279728
5.279288
5.246352
5.246353
5.246539
5.246069
5.246069
5.245792
5.245792
5.245876
5.246020
5.246020
5.246020
5.246020
5.246012
5.246497
5.246497
5.246497
5.246314
5.246314
5.246032
5.245929
5.245390
5.245121
5.245592
5.245592
5.246190
5.246434
5.246604
5.205563
5.205571
5.205571
5.205489
5.205489
5.205489
5.205828
5.205828
5.203871
5.203756
5.203576
5.203131
5.203131
5.203080
5.203080
5.200605
5.200500
5.199736
5.199732
5.199732
5.199418
5.199418
5.200390
5.200144
5.200144
5.200078
5.200078
5.199580
5.199580
5.203468
5.203289
5.203331
5.203331
5.203331
5.203331
5.203355
5.203992
5.204536
5.204549
5.204549
5.204458
5.202284
5.202284
5.202284
5.189202
5.190224
5.191159
5.191159
5.191159
5.191159
5.191159
5.191159
5.192217
5.192204
5.192204
5.192168
5.191788
5.191798
5.191706
5.191706
5.191713
5.191713
5.191596
5.191596
5.191596
5.192137
5.192943
5.192943
5.193395
5.193440
5.193813
5.193618
5.193618
5.193674
5.193824
5.193824
5.193824
5.193876
5.193876
5.194259
5.195062
5.194954
5.194954
5.209111
5.208915
5.208915
5.209056
5.212599
5.212646
5.212388
5.212324
5.212313
5.212313
5.212616
5.212616
5.211294
5.211251
5.211251
5.211251
5.211251
5.212453
5.212453
5.212079
5.212079
5.212079
5.212079
5.212079
5.212079
5.212079
5.212079
5.212079
5.212079
5.213145
5.213145
5.213187
5.213346
5.213333
5.215736
5.215670
5.215670
5.212550
5.212462
5.211919
5.212217
5.212366
5.212366
5.212366
5.212366
5.212366
5.212268
5.212092
5.212267
5.212228
5.212260
5.212260
5.212313
5.212891
5.212891
5.212873
5.212418
5.212941
5.212941
5.216049
5.216049
5.216049
5.215860
5.215860
5.218431
5.218215
5.218215
5.217762
5.216960
5.217275
5.218883
5.218883
5.219303
5.210993
5.210993
5.210993
5.210993
5.210993
5.210582
5.210582
5.210338
5.210338
5.210073
5.210103
5.201887
5.201887
5.201582
5.201584
5.201620
5.201620
5.201620
5.201695
5.195303
5.195300
5.195782
5.196046
5.196941
5.196888
5.196888
5.196878
5.196878
5.196878
5.196712
5.196712
5.194353
5.194129
5.194129
5.194129
5.193880
5.193880
5.193880
5.193791
5.193654
5.193678
5.193678
5.193678
5.193678
5.193678
5.193686
5.193686
5.191281
5.191191
5.190985
5.190978
5.191041
5.190863
5.192670
5.192670
5.191843
5.191122
5.190841
5.190841
5.190841
5.189263
5.188023
5.188023
5.188023
5.188066
5.188070
5.188848
5.188848
5.189167
5.189167
5.186705
5.186669
5.186669
5.187306
5.187306
5.187445
5.187445
5.187374
5.187374
5.190005
5.189531
5.189531
5.189531
5.188116
5.187592
5.187592
5.187887
5.187860
5.188163
5.188252
5.188300
5.187102
5.187136
5.187136
5.187136
5.187138
5.187138
5.187138
5.186823
5.186801
5.195373
5.195174
5.194592
5.194607
5.194743
5.194732
5.194732
5.194738
5.194749
5.194749
5.195234
5.195234
5.195234
5.195234
5.195198
5.195198
5.193867
5.193867
5.193867
5.193513
5.193443
5.193443
5.193835
5.193835
5.193835
5.193858
5.193858
5.193858
5.193920
5.193913
5.193787
5.193787
5.193787
5.193806
5.191782
5.191782
5.191839
5.189892
5.189305
5.189305
5.186324
5.186484
5.186484
5.183121
5.182648
5.182499
5.182499
5.182475
5.182475
5.182475
5.182413
5.182550
5.182555
5.182478
5.182436
5.182665
5.182771
5.182771
5.182771
5.182771
5.182771
5.186619
5.186636
5.186579
5.186579
5.186058
5.186091
5.185958
5.185958
5.186126
5.186126
5.186811
5.186811
5.186697
5.186697
5.186697
5.186513
5.186513
5.186513
5.186940
5.187342
5.187344
5.187000
5.187085
5.187085
5.187060
5.187060
5.187118
5.186808
5.186620
5.186620
5.186899
5.186790
5.186926
5.186845
5.184994
5.185131
5.185131
5.185305
5.186867
5.186638
5.186182
5.187155
5.187148
5.187246
5.187232
5.186829
5.186829
5.186829
5.186829
5.193209
5.192887
5.193395
5.193375
5.193375
5.193098
5.193156
5.193156
5.193042
5.193042
5.192975
5.192658
5.192568
5.192568
5.200027
5.200027
5.199720
5.199720
5.199732
5.199732
5.199732
5.199732
5.199867
5.199941
5.199913
5.199913
5.199913
5.200255
5.200954
5.200954
5.200954
5.200954
5.200954
5.203005
5.203005
5.203005
5.203005
5.203005
5.203005
5.203005
5.203005
5.208441
5.208441
5.208441
5.208441
5.208476
5.204677
5.204677
5.204786
5.204799
5.204738
5.204738
5.189915
5.189915
5.189915
5.189859
5.189753
5.189580
5.189659
5.187942
5.187930
5.187930
5.187930
5.187865
5.187865
5.187865
5.188044
5.188042
5.188042
5.188042
5.188042
5.188042
5.188153
5.188153
5.188153
5.188494
5.188445
5.186755
5.186770
5.186770
5.186749
5.186749
5.187017
5.186995
5.187031
5.186995
5.186240
5.186240
5.186240
5.186240
5.186075
5.186075
5.186075
5.185715
5.185359
5.183723
5.183677
5.183677
5.183677
5.183742
5.183955
5.183955
5.183787
5.183787
5.182768
5.182858
5.181843
5.181345
5.181356
5.181356
5.180989
5.180989
5.180653
5.182906
5.188804
5.188786
5.188722
5.188722
5.188722
5.188539
5.193323
5.192317
5.192317
5.192317
5.190817
5.190817
5.190817
5.190817
5.190872
5.190745
5.190745
5.190746
5.190746
5.190000
5.188766
5.188306
5.188363
5.189012
5.189012
5.188791
5.188277
5.188277
5.189350
5.189350
5.188894
5.188894
5.188895
5.189137
5.189137
5.189138
5.189140
5.189140
5.189140
5.189064
5.189191
5.189191
5.189191
5.189170
5.189170
5.190080
5.190080
5.190103
5.190565
5.190492
5.189128
5.189070
5.189070
5.187488
5.187487
5.187276
5.187276
5.190339
5.189984
5.189984
5.189984
5.189984
5.189984
5.189984
5.189984
5.189984
5.189962
5.189962
5.189945
5.189945
5.190113
5.190099
5.190136
5.190136
5.190142
5.189915
5.189547
5.189397
5.189362
5.189378
5.189378
5.189427
5.189714
5.189714
5.189714
5.189962
5.189994
5.189994
5.189604
5.189944
5.189944
5.189910
5.189909
5.189905
5.189833
5.189879
5.189877
5.189877
5.189835
5.189960
5.190010
5.190656
5.190620
5.190635
5.190573
5.190508
5.190508
5.190502
5.190502
5.190502
5.190502
5.190502
5.190490
5.190490
5.189320
5.189320
5.189309
5.188172
5.188046
5.188046
5.188042
5.188042
5.188693
5.188693
5.188685
5.188383
5.188383
5.187873
5.187861
5.187861
5.189172
5.183124
5.183124
5.176318
5.176318
5.176240
5.176240
5.176240
5.175902
5.175600
5.175600
5.173743
5.173814
5.173909
5.173857
5.170373
5.170373
5.170373
5.170373
5.170349
5.169947
5.168564
5.168564
5.168365
5.168289
5.168332
5.168762
5.168545
5.168026
5.166283
5.166283
5.166287
5.166509
5.166501
5.169192
5.169192
5.169192
5.168842
5.168834
5.169839
5.172667
5.172667
5.172667
5.172667
5.171952
5.171990
5.171994
5.171994
5.171316
5.171316
5.170935
5.170935
5.170935
5.170935
5.170935
5.170935
5.170204
5.170697
5.170697
5.170560
5.170560
5.148975
5.148975
5.149839
5.149779
5.149680
5.149296
5.149296
5.149296
5.149296
5.149296
5.149296
5.149296
5.149584
5.149584
5.149917
5.150024
5.150454
5.150454
5.151029
5.151458
5.151302
5.151302
5.151070
5.151070
5.152683
5.152651
5.152163
5.152200
5.152197
5.152197
5.152235
5.152220
5.152220
5.152220
5.152220
5.152220
5.152242
5.150650
5.150650
5.150650
5.150651
5.150656
5.150672
5.148774
5.148774
5.148774
5.148774
5.148861
5.150478
5.152969
5.152842
5.153108
5.153108
5.153108
5.153108
5.153108
5.153057
5.153057
5.151445
5.151445
5.151355
5.151355
5.150896
5.150535
5.150535
5.150680
5.150646
5.150224
5.150224
5.150235
5.150235
5.150284
5.150284
5.150284
5.150514
5.150818
5.150818
5.152371
5.152417
5.152173
5.152173
5.152173
5.152173
5.152157
5.152309
5.152309
5.152221
5.152312
5.152304
5.152304
5.152304
5.152304
5.152304
5.152282
5.152309
5.152309
5.153158
5.153195
5.153195
5.153290
5.153290
5.154426
5.154426
5.154426
5.154423
5.154423
5.154432
5.154455
5.154455
5.154455
5.154475
5.154482
5.154479
5.154469
5.154666
5.154520
5.154516
5.154516
5.154516
5.154516
5.154516
5.153144
5.153169
5.153169
5.153169
5.154213
5.154190
5.154190
5.154190
5.154380
5.154380
5.154375
5.154375
5.154820
5.154820
5.154798
5.154357
5.154357
5.154311
5.154311
5.154311
5.154260
5.153888
5.151981
5.151981
5.151519
5.151638
5.151133
5.151631
5.151631
5.151498
5.151498
5.151444
5.151521
5.151277
5.151372
5.151366
5.151366
5.151377
5.151377
5.151377
5.151420
5.151534
5.151534
5.151534
5.151519
5.151519
5.151920
5.151579
5.152279
5.152279
5.152279
5.152279
5.152271
5.152311
5.152311
5.152788
5.152771
5.152771
5.152771
5.152771
5.152771
5.153025
5.154637
5.154637
5.154637
5.154637
5.154624
5.154507
5.155126
5.155126
5.155126
5.155098
5.155098
5.155040
5.155040
5.154909
5.154903
5.152910
5.152910
5.152910
5.152910
5.152700
5.152688
5.152688
5.152687
5.152687
5.152687
5.152687
5.152022
5.152022
5.152022
5.152003
5.152033
5.152033
5.151989
5.152007
5.152382
5.152353
5.152109
5.152055
5.152088
5.152088
5.151966
5.151899
5.152859
5.153402
5.153402
5.153243
5.153175
5.153175
5.153175
5.153070
5.153052
5.153052
5.153163
5.153071
5.153091
5.153133
5.153132
5.153132
5.149359
5.149388
5.149127
5.149127
5.149008
5.148974
5.148710
5.147022
5.147022
5.146989
5.147533
5.147413
5.147413
5.147463
5.147427
5.147427
5.147468
5.147468
5.147485
5.147485
5.147485
5.147485
5.148827
5.148553
5.148229
5.146466
5.146524
5.146524
5.146608
5.146608
5.146187
5.146187
5.147643
5.147643
5.148052
5.148052
5.148553
5.148471
5.148449
5.148478
5.149013
5.149013
5.149013
5.150117
5.150258
5.150258
5.150097
5.149591
5.149615
5.149615
5.149466
5.149466
5.149466
5.149580
5.149580
5.149580
5.149674
5.149674
5.149197
5.149317
5.149355
5.149271
5.149134
5.149134
5.149134
5.143215
5.142209
5.142676
5.142676
5.142777
5.142713
5.142713
5.144299
5.144299
5.144296
5.143919
5.144236
5.144314
5.144314
5.143614
5.143614
5.143614
5.143614
5.143908
5.142687
5.142594
5.143241
5.143241
5.143241
5.143241
5.143193
5.143191
5.143379
5.143549
5.143537
5.143544
5.143496
5.143426
5.142922
5.142922
5.142922
5.142268
5.141979
5.141979
5.141979
5.142462
5.142341
5.142296
5.142303
5.142303
5.142750
5.142750
5.142750
5.142750
5.142750
5.142725
5.142725
5.144474
5.143865
5.143865
5.143865
5.145821
5.145825
5.145825
5.145761
5.145060
5.145060
5.145085
5.145085
5.144352
5.144273
5.144331
5.144331
5.144350
5.144350
5.144352
5.144304
5.144304
5.144281
5.143910
5.143910
5.143910
5.144404
5.144528
5.144528
5.144849
5.144733
5.144734
5.141631
5.141631
5.141631
5.141631
5.141631
5.141631
5.141631
5.142438
5.142364
5.142244
5.142217
5.142107
5.142107
5.142107
5.142107
5.142107
5.142107
5.142107
5.142107
5.142095
5.142241
5.143662
5.143624
5.143624
5.143691
5.143599
5.143599
5.143599
5.142383
5.141373
5.141373
5.141421
5.141414
5.141414
5.141324
5.141324
5.141317
5.141317
5.141315
5.141315
5.141315
5.147394
5.147394
5.147400
5.147400
5.147367
5.147426
5.147426
5.147426
5.147459
5.147636
5.149449
5.149449
5.149449
5.149449
5.149449
5.149449
5.149459
5.149459
5.149265
5.149270
5.149026
5.147859
5.147842
5.147866
5.147797
5.147797
5.147797
5.147797
5.147797
5.147797
5.147797
5.147829
5.147820
5.147820
5.147820
5.148162
5.148162
5.148162
5.148250
5.149240
5.149240
5.149240
5.149238
5.149228
5.149228
5.149392
5.149392
5.149589
5.151120
5.151136
5.151243
5.151245
5.151245
5.151537
5.151537
5.151529
5.151532
5.151546
5.151547
5.151546
5.151546
5.152080
5.152079
5.152623
5.152623
5.152618
5.152613
5.152581
5.152572
5.152557
5.152564
5.152564
5.152564
5.152598
5.152377
5.152385
5.152385
5.152385
5.152302
5.152302
5.152302
5.152302
5.152302
5.152166
5.152166
5.150270
5.150456
5.150456
5.150352
5.150352
5.151169
5.151357
5.151399
5.151399
5.151384
5.151379
5.151365
5.151045
5.151060
5.150863
5.150863
5.150863
5.150037
5.150020
5.150013
5.150013
5.150074
5.150074
5.150430
5.150662
5.150655
5.150616
5.150616
5.150611
5.150611
5.151328
5.150278
5.150278
5.150424
5.150391
5.150245
5.150245
5.150245
5.150069
5.150069
5.150079
5.149821
5.149821
5.149021
5.149021
5.149021
5.149021
5.149106
5.149106
5.149106
5.149106
5.149183
5.149534
5.149534
5.149534
5.149400
5.149400
5.149501
5.149216
5.149207
5.148730
5.148730
5.148942
5.148942
5.148942
5.148936
5.148942
5.148368
5.148368
5.148423
5.148448
5.148363
5.149502
5.149502
5.149305
5.149305
5.149301
5.149372
5.149655
5.149655
5.149521
5.149821
5.149821
5.149821
5.149738
5.149738
5.149738
5.148992
5.148992
5.148869
5.148897
5.148728
5.148728
5.148728
5.148728
5.149647
5.149647
5.149647
5.149623
5.149623
5.149646
5.149646
5.149646
5.149646
5.149658
5.149616
5.149616
5.149616
5.149803
5.149803
5.149803
5.149803
5.149773
5.149773
5.149773
5.149765
5.149331
5.149324
5.149346
5.149427
5.149427
5.150383
5.150384
5.150384
5.149907
5.149920
5.149913
5.149913
5.149482
5.149408
5.149747
5.149747
5.149747
5.149747
5.149758
5.149758
5.149758
5.149758
5.149738
5.149733
5.149733
5.149733
5.149691
5.149522
5.149522
5.149522
5.149224
5.149236
5.149655
5.149644
5.149609
5.150269
5.150226
5.150526
5.150523
5.150523
5.150464
5.151715
5.151715
5.151670
5.151710
5.151480
5.151480
5.151480
5.151480
5.151480
5.151480
5.151665
5.151665
5.151665
5.152103
5.152438
5.149418
5.149422
5.149425
5.149425
5.149421
5.149533
5.149533
5.149533
5.149533
5.149533
5.149533
5.149533
5.149533
5.149590
5.149590
5.139851
5.139851
5.140623
5.140623
5.140631
5.139878
5.139878
5.140612
5.140612
5.140691
5.140691
5.140680
5.141639
5.141639
5.142211
5.142211
5.142212
5.142805
5.142805
5.142805
5.142805
5.142767
5.142739
5.142739
5.142739
5.140011
5.139848
5.139885
5.139885
5.140716
5.140716
5.140716
5.140716
5.140699
5.140673
5.140572
5.140572
5.141137
5.141137
5.141137
5.140824
5.140824
5.140927
5.140927
5.140927
5.140932
5.140932
5.140932
5.140750
5.140709
5.147275
5.147275
5.147275
5.147275
5.147269
5.147513
5.147513
5.147510
5.147322
5.147464
5.147705
5.147859
5.147859
5.147859
5.147859
5.147906
5.148031
5.148028
5.147901
5.147976
5.147976
5.147830
5.147830
5.147830
5.147830
5.147830
5.147830
5.147819
5.147820
5.147807
5.147819
5.147819
5.147822
5.147981
5.147981
5.147981
5.147960
5.147960
5.147981
5.147981
5.147970
5.147970
5.147985
5.148956
5.148223
5.148147
5.148143
5.148061
5.148017
5.148109
5.148109
5.148109
5.148356
5.148356
5.148363
5.148830
5.148830
5.148787
5.148639
5.149052
5.149081
5.148377
5.148377
5.148377
5.148377
5.148339
5.148332
5.148332
5.148329
5.148099
5.148356
5.148287
5.148383
5.148383
5.149442
5.149442
5.149442
5.149442
5.149442
5.149442
5.149454
5.149454
5.149154
5.149154
5.149154
5.152138
5.152015
5.152015
5.152015
5.152094
5.152105
5.153296
5.153296
5.151183
5.151168
5.151168
5.151168
5.151160
5.152112
5.152094
5.152094
5.152094
5.152343
5.152343
5.152248
5.151970
5.151677
5.151677
5.151699
5.151699
5.151699
5.151710
5.149772
5.149772
5.149772
5.149772
5.149685
5.143206
5.143213
5.143351
5.143351
5.142440
5.142409
5.142415
5.142440
5.142456
5.142456
5.142456
5.142324
5.142340
5.142335
5.142497
5.124323
5.124299
5.124335
5.124314
5.124314
5.124376
5.124376
5.124971
5.124971
5.124971
5.124971
5.124971
5.124971
5.124971
5.124971
5.124864
5.125012
5.124917
5.124917
5.124493
5.124611
5.124917
5.124917
5.124917
5.124917
5.124917
5.124973
5.124973
5.124973
5.125027
5.125296
5.125296
5.125182
5.125182
5.125366
5.111737
5.112101
5.111958
5.112223
5.112206
5.112206
5.112206
5.112577
5.112477
5.112472
5.112404
5.112419
5.112419
5.111468
5.111468
5.111467
5.111467
5.111467
5.111486
5.111486
5.111486
5.111486
5.111408
5.111408
5.111409
5.111409
5.110234
5.110234
5.110234
5.110240
5.110240
5.109997
5.109976
5.109976
5.109930
5.109930
5.109933
5.109933
5.109933
5.138706
5.138706
5.138706
5.138706
5.138864
5.139405
5.139375
5.139325
5.139275
5.139060
5.138625
5.138794
5.138768
5.138813
5.139720
5.139720
5.137892
5.137893
5.137404
5.137404
5.137404
5.137439
5.137560
5.137601
5.138422
5.138429
5.138381
5.138294
5.138294
5.138294
5.138294
5.138294
5.138294
5.138286
5.138286
5.138287
5.138389
5.138389
5.138390
5.138041
5.138041
5.136595
5.135800
5.135865
5.134723
5.134723
5.134723
5.133416
5.133366
5.133366
5.133366
5.133366
5.133366
5.133366
5.133381
5.133381
5.133381
5.133381
5.133381
5.133381
5.133381
5.133381
5.133381
5.133381
5.133379
5.133379
5.133531
5.133555
5.133397
5.133177
5.133089
5.135428
5.135428
5.135428
5.135428
5.135468
5.132242
5.132168
5.132066
5.132084
5.132084
5.132084
5.131918
5.131918
5.132061
5.131795
5.131795
5.132158
5.131727
5.131848
5.131848
5.131848
5.131848
5.131738
5.131655
5.131655
5.144440
5.144461
5.139481
5.139481
5.139498
5.150428
5.150737
5.150074
5.150050
5.150156
5.150156
5.150133
5.149925
5.149925
5.149925
5.149925
5.149925
5.149894
5.149901
5.149857
5.149857
5.149327
5.149327
5.149369
5.149369
5.149369
5.149369
5.149369
5.149383
5.149254
5.149254
5.149492
5.148980
5.148980
5.148959
5.148959
5.149152
5.149181
5.149308
5.149135
5.149127
5.149353
5.149353
5.149353
5.149100
5.149100
5.149148
5.149148
5.149148
5.149208
5.149208
5.149073
5.149073
5.149073
5.149073
5.149073
5.148901
5.148911
5.148911
5.148797
5.148797
5.148797
5.148737
5.148749
5.148749
5.148749
5.148618
5.148884
5.148884
5.149591
5.149212
5.147889
5.147889
5.147889
5.148051
5.148100
5.148120
5.148120
5.147982
5.148076
5.148076
5.147654
5.147714
5.147714
5.147835
5.147835
5.147835
5.147546
5.147456
5.146674
5.146676
5.146675
5.153298
5.153098
5.153023
5.153023
5.153206
5.153206
5.153134
5.153134
5.153059
5.153059
5.153088
5.153088
5.153088
5.152868
5.152868
5.151862
5.151862
5.151862
5.151862
5.151862
5.151862
5.152622
5.152622
5.152622
5.152024
5.152024
5.152024
5.152147
5.152139
5.152139
5.152139
5.152139
5.152139
5.152139
5.152139
5.152139
5.152157
5.152157
5.154724
5.154725
5.154725
5.154725
5.154711
5.154680
5.157415
5.155824
5.155824
5.155824
5.155824
5.157538
5.156475
5.156474
5.156309
5.156306
5.156306
5.156996
5.156986
5.156986
5.156891
5.156521
5.156521
5.156776
5.156259
5.156259
5.156482
5.156482
5.156482
5.156468
5.156468
5.156530
5.156423
5.156423
5.156423
5.156423
5.156040
5.156040
5.156149
5.156144
5.156143
5.156143
5.156143
5.155486
5.155486
5.155084
5.155084
5.155026
5.155026
5.155002
5.154425
5.154425
5.154431
5.154544
5.154544
5.154544
5.154668
5.154668
5.154643
5.154535
5.154535
5.154595
5.154595
5.154595
5.154403
5.154386
5.150207
5.150249
5.150223
5.150222
5.150222
5.150222
5.150355
5.150764
5.150763
5.150763
5.150763
5.150733
5.150733
5.150911
5.150521
5.150522
5.150529
5.150529
5.150529
5.150529
5.150529
5.150529
5.150529
5.150662
5.150327
5.151260
5.151169
5.151169
5.150837
5.150891
5.150887
5.149624
5.149624
5.149624
5.149633
5.149719
5.149730
5.149623
5.149623
5.149583
5.149583
5.149583
5.149583
5.149583
5.149583
5.149615
5.149615
5.149621
5.148316
5.148414
5.148414
5.148414
5.148414
5.150386
5.150386
5.150386
5.150385
5.150385
5.150385
5.162345
5.162203
5.162203
5.164887
5.164711
5.167452
5.167452
5.167412
5.168609
5.168588
5.168588
5.168588
5.168638
5.168638
5.168638
5.168619
5.168619
5.168619
5.168568
5.168734
5.168734
5.168734
5.168725
5.168624
5.168645
5.168645
5.168645
5.168645
5.168645
5.168645
5.168645
5.168668
5.168668
5.168668
5.168668
5.168668
5.168457
5.168457
5.168714
5.168714
5.168638
5.168638
5.180621
5.180621
5.180462
5.180462
5.180462
5.181413
5.181420
5.181420
5.181210
5.181210
5.181210
5.181210
5.181251
5.181305
5.181305
5.181324
5.181451
5.181267
5.181267
5.181267
5.180801
5.180801
5.180801
5.180901
5.184674
5.184674
5.184503
5.184501
5.184698
5.185101
5.185169
5.185169
5.185245
5.187579
5.187579
5.187700
5.187700
5.187693
5.187969
5.187760
5.187760
5.187760
5.187760
5.187764
5.187801
5.187801
5.187565
5.187417
5.187406
5.187406
5.187465
5.187466
5.187466
5.187394
5.187394
5.187394
5.187394
5.188995
5.189097
5.189097
5.189097
5.188914
5.188914
5.188914
5.188914
5.188914
5.188914
5.189171
5.189206
5.189206
5.189207
5.189207
5.188122
5.188122
5.188263
5.188015
5.188039
5.188039
5.188039
5.188039
5.188241
5.188241
5.188241
5.188241
5.188508
5.188508
5.189084
5.185723
5.185723
5.185779
5.185779
5.185879
5.185879
5.185858
5.185858
5.185858
5.185858
5.185637
5.185637
5.185637
5.185637
5.185637
5.185349
5.184686
5.184686
5.184689
5.184689
5.184367
5.185044
5.185136
5.185136
5.185136
5.185134
5.185071
5.185067
5.185067
5.185067
5.184658
5.184658
5.184692
5.184692
5.184692
5.184675
5.184675
5.184692
5.184696
5.184696
5.184696
5.184696
5.184540
5.184669
5.184669
5.184669
5.184669
5.185133
5.185133
5.185124
5.185073
5.185088
5.185088
5.185088
5.185088
5.185088
5.185088
5.185088
5.185088
5.185088
5.185217
5.185217
5.185208
5.185208
5.185553
5.187814
5.187814
5.187814
5.187814
5.187782
5.187782
5.187789
5.187814
5.187814
5.187814
5.186505
5.186505
5.186505
5.188802
5.188804
5.188805
5.188811
5.188811
5.188811
5.188798
5.188798
5.188863
5.188830
5.189006
5.189006
5.189006
5.189008
5.188700
5.188715
5.188633
5.188513
5.188513
5.188513
5.188513
5.188484
5.188484
5.190940
5.190952
5.190952
5.190952
5.190952
5.190952
5.190952
5.191186
5.191186
5.191186
5.191277
5.191342
5.191389
5.191389
5.191439
5.191439
5.191439
5.191285
5.191359
5.191586
5.191588
5.191932
5.191932
5.191932
5.191931
5.191931
5.191636
5.191636
5.191636
5.191114
5.191114
5.191029
5.191029
5.191029
5.191731
5.191731
5.191728
5.191783
5.191783
5.191783
5.191783
5.184673
5.184673
5.184673
5.184525
5.184525
5.184525
5.184172
5.184172
5.184221
5.184221
5.184182
5.183406
5.183402
5.183402
5.183163
5.183376
5.183400
5.183340
5.183340
5.183361
5.183167
5.183343
5.183343
5.183440
5.183440
5.183426
5.183432
5.183447
5.183447
5.183447
5.183447
5.183448
5.183448
5.183448
5.183343
5.184714
5.184714
5.184714
5.184714
5.184714
5.184958
5.184832
5.184832
5.185118
5.184999
5.184999
5.184999
5.184999
5.184962
5.184964
5.184918
5.184892
5.184016
5.184016
5.184016
5.184016
5.184016
5.184016
5.184010
5.184026
5.184435
5.185843
5.185862
5.185863
5.185839
5.185839
5.185933
5.185933
5.185933
5.185922
5.185922
5.186261
5.186280
5.186280
5.186280
5.186280
5.186280
5.186280
5.186280
5.186368
5.186368
5.186638
5.186638
5.186638
5.186650
5.186650
5.186650
5.186650
5.186650
5.186648
5.186706
5.186706
5.186706
5.186478
5.186478
5.186478
5.186478
5.186478
5.186478
5.186478
5.186478
5.186302
5.186302
5.186302
5.187023
5.187023
5.187023
5.187023
5.187024
5.187032
5.187032
5.187032
5.187032
5.187032
5.187051
5.187051
5.187051
5.187113
5.187125
5.187164
5.187164
5.187278
5.186901
5.186901
5.186901
5.186901
5.186901
5.186684
5.186686
5.186612
5.186612
5.186639
5.186639
5.186639
5.186639
5.186639
5.186638
5.186638
5.186599
5.186569
5.188660
5.188660
5.188660
5.188660
5.188660
5.188660
5.188433
5.188383
5.188383
5.188383
5.188383
5.188370
5.188370
5.188865
5.188894
5.188891
5.188891
5.188891
5.188850
5.188872
5.188872
5.189279
5.189279
5.189279
5.189040
5.189040
5.189037
5.189088
5.189088
5.189088
5.187723
5.187723
5.187723
5.187723
5.187723
5.187653
5.187653
5.187656
5.187656
5.187656
5.187656
5.187685
5.187685
5.187685
5.187692
5.187583
5.187822
5.187822
5.187822
5.187822
5.187624
5.187595
5.187595
5.187460
5.187460
5.187464
5.188546
5.188591
5.188591
5.184755
5.184574
5.184574
5.184534
5.184829
5.184829
5.183523
5.183523
5.183402
5.183049
5.183066
5.183066
5.182129
5.182132
5.182132
5.182132
5.181417
5.181417
5.181417
5.181417
5.181461
5.181461
5.181461
5.181461
5.181461
5.180538
5.180514
5.180553
5.180553
5.180553
5.180553
5.180556
5.180581
5.180711
5.180711
5.180689
5.180413
5.180413
5.180413
5.180718
5.183169
5.183140
5.174446
5.174446
5.174455
5.174455
5.174455
5.174455
5.174543
5.174543
5.174543
5.174543
5.174543
5.174543
5.174543
5.174534
5.174493
5.174494
5.172406
5.172406
5.172248
5.172626
5.172626
5.172648
5.172648
5.172648
5.173555
5.174808
5.174808
5.174877
5.173173
5.172742
5.172742
5.172742
5.172742
5.172743
5.172649
5.172649
5.172649
5.172649
5.172649
5.172649
5.171756
5.169549
5.169549
5.169549
5.169549
5.169549
5.169349
5.169349
5.169629
5.169490
5.169314
5.169314
5.166820
5.166801
5.166801
5.166801
5.166776
5.166441
5.166044
5.165972
5.165969
5.165969
5.165849
5.165849
5.165849
5.165849
5.165849
5.165849
5.165842
5.165842
5.165842
5.165069
5.165069
5.165222
5.165249
5.165249
5.165249
5.165249
5.165249
5.165383
5.165929
5.165942
5.165942
5.165942
5.166320
5.166320
5.166320
5.166489
5.166489
5.166489
5.166489
5.164012
5.163905
5.163905
5.163905
5.163905
5.163905
5.163971
5.164188
5.164209
5.163877
5.165026
5.165026
5.165026
5.164809
5.164800
5.164820
5.164820
5.164820
5.164820
5.164757
5.164757
5.164757
5.164744
5.164516
5.164516
5.164552
5.164552
5.164552
5.164552
5.164658
5.164658
5.164647
5.164647
5.164647
5.164647
5.165020
5.165020
5.165016
5.166051
5.166063
5.166063
5.166063
5.166063
5.166489
5.166470
5.166470
5.166470
5.166470
5.166470
5.166494
5.165514
5.165514
5.165052
5.165052
5.165052
5.165123
5.165123
5.164884
5.164884
5.176881
5.176881
5.176881
5.176881
5.176882
5.176840
5.176706
5.176711
